time	channel1	channel2	channel3	channel4	class
0	2.0	1.941	2.078	1.98	6
1	1.98	1.882	2.059	2.02	6
2	2.02	1.824	2.039	2.0	6
3	2.039	1.843	2.059	1.98	6
4	2.039	1.824	2.039	1.98	6
5	2.0	1.784	2.078	2.0	6
6	1.961	1.804	2.039	2.02	6
7	1.843	1.941	2.059	1.98	6
8	1.941	1.902	2.078	1.941	6
9	1.902	1.902	2.098	1.961	6
10	1.961	1.922	2.078	1.98	6
11	1.961	1.98	2.098	1.98	6
12	2.0	2.0	2.078	2.02	6
13	1.922	1.98	2.039	2.0	6
14	1.902	1.961	2.059	1.922	6
15	1.941	1.941	2.157	1.824	6
16	2.078	1.941	2.157	1.941	6
17	1.98	1.922	2.059	2.039	6
18	2.0	1.863	2.059	2.02	6
19	2.098	1.882	2.0	2.02	6
20	2.098	1.843	2.039	2.0	6
21	2.078	1.863	2.118	2.039	6
22	2.078	1.824	2.118	2.039	6
23	1.98	1.824	2.098	2.039	6
24	1.902	1.922	2.137	2.0	6
25	2.02	1.922	2.059	1.961	6
26	1.98	1.941	2.059	1.941	6
27	2.0	1.941	2.059	1.941	6
28	2.0	1.961	2.059	1.98	6
29	2.02	2.0	2.059	1.98	6
30	1.98	1.98	2.02	1.98	6
31	1.961	1.98	2.039	1.98	6
32	2.02	1.941	2.0	2.0	6
33	1.98	2.02	2.059	2.039	6
34	2.078	2.0	2.039	2.02	6
35	2.078	1.882	2.0	2.02	6
36	2.078	1.922	2.059	2.0	6
37	2.137	1.922	2.039	2.02	6
38	2.098	1.863	2.078	2.039	6
39	2.039	1.882	2.078	2.0	6
40	1.961	1.882	2.078	1.902	6
41	2.0	1.922	2.039	2.02	6
42	1.961	1.863	2.02	1.961	6
43	1.961	1.922	2.039	1.922	6
44	2.059	1.941	2.0	1.961	6
45	1.922	2.0	2.059	1.961	6
46	1.961	2.02	2.078	1.961	6
47	1.902	1.961	2.039	2.0	6
48	1.863	2.0	2.059	1.922	6
49	1.941	2.0	1.961	2.0	6
50	1.882	1.98	2.078	1.961	6
51	1.941	1.941	2.078	2.039	6
52	1.98	1.902	2.039	2.02	6
53	2.02	1.882	2.059	2.0	6
54	2.039	1.902	2.039	2.02	6
55	2.02	1.843	2.059	2.0	6
56	2.039	1.804	2.078	2.0	6
57	1.922	1.824	2.098	2.02	6
58	1.804	1.824	2.078	1.882	6
59	2.02	1.941	2.098	1.922	6
60	1.863	1.902	2.039	1.941	6
61	1.941	1.922	2.039	1.941	6
62	1.922	1.961	2.078	1.922	6
63	1.941	1.98	2.039	1.941	6
64	1.824	1.98	2.039	1.961	6
65	1.863	1.961	2.039	1.922	6
66	1.882	1.922	1.961	2.118	6
67	1.961	1.961	2.118	2.0	6
68	2.0	1.941	2.059	2.02	6
69	2.0	1.902	2.039	1.98	6
70	2.039	1.902	2.039	2.0	6
71	2.039	1.843	2.059	1.961	6
72	2.039	1.843	2.039	1.98	6
73	2.02	1.765	2.098	1.922	6
74	1.922	1.765	2.098	1.941	6
75	2.02	1.627	2.137	1.882	6
76	2.0	1.882	2.078	1.922	6
77	1.863	1.863	2.039	1.941	6
78	1.941	1.902	2.078	1.98	6
79	1.941	1.941	2.059	1.98	6
80	1.961	1.922	2.039	1.941	6
81	1.882	1.922	2.059	1.882	6
82	1.882	1.922	2.078	1.941	6
83	1.922	1.902	2.137	1.824	6
84	2.118	1.902	2.078	1.922	6
85	1.941	1.882	2.059	1.98	6
86	1.98	1.843	2.039	1.961	6
87	1.961	1.843	2.059	1.98	6
88	1.961	1.863	2.098	2.0	6
89	1.98	1.843	2.059	2.039	6
90	2.0	1.784	2.118	2.0	6
91	1.922	1.824	2.078	1.98	6
92	1.843	1.843	2.098	1.882	6
93	2.02	1.941	2.059	1.922	6
94	1.863	1.863	2.02	1.882	6
95	1.922	1.941	2.098	1.941	6
96	1.882	1.961	2.039	1.961	6
97	1.922	1.98	2.078	1.961	6
98	1.824	1.941	2.059	1.922	6
99	1.824	1.941	2.078	1.961	6
100	1.902	2.0	2.0	1.922	6
101	1.882	2.02	2.059	1.98	6
102	1.961	1.941	2.039	2.0	6
103	1.98	1.863	1.961	2.0	6
104	2.02	1.843	2.02	2.0	6
105	2.039	1.863	2.059	2.0	6
106	2.02	1.824	2.078	2.0	6
107	1.961	1.804	2.078	2.02	6
108	1.863	1.824	2.059	1.941	6
109	1.98	1.804	1.941	2.0	6
110	1.902	1.784	2.098	2.0	6
111	1.902	1.863	2.059	1.922	6
112	1.961	1.902	2.059	2.0	6
113	1.922	1.98	2.059	2.0	6
114	1.922	1.98	2.078	1.98	6
115	1.863	1.961	2.098	2.0	6
116	1.863	1.98	2.059	1.98	6
117	1.922	1.961	2.02	2.078	6
118	1.863	2.02	2.059	2.059	6
119	1.941	2.0	2.078	2.0	6
120	1.961	1.863	2.059	2.039	6
121	2.0	1.922	2.059	2.039	6
122	2.02	1.863	2.078	2.02	6
123	2.039	1.843	2.059	2.02	6
124	1.98	1.824	2.118	2.0	6
125	1.941	1.824	2.118	2.039	6
126	1.765	1.863	2.137	1.98	6
127	1.941	1.784	2.059	1.922	6
128	1.882	1.882	2.059	1.961	6
129	2.0	1.961	2.078	1.922	6
130	1.922	1.941	2.059	1.961	6
131	1.941	1.98	2.059	1.961	6
132	1.882	1.961	2.078	1.961	6
133	1.902	1.961	2.02	1.961	6
134	1.941	1.98	2.0	2.0	6
135	1.902	2.039	2.098	2.02	6
136	1.922	2.0	2.098	2.02	6
137	1.961	1.902	2.059	2.0	6
138	1.98	1.863	2.078	2.0	6
139	2.039	1.882	2.059	2.0	6
140	2.059	1.863	2.059	2.059	6
141	2.059	1.824	2.137	2.0	6
142	1.961	1.863	2.078	1.98	6
143	1.961	1.686	2.157	1.902	6
144	2.02	1.882	2.039	1.941	6
145	1.941	1.882	2.02	1.922	6
146	2.0	1.941	2.059	1.941	6
147	1.941	1.961	2.059	1.941	6
148	1.941	2.0	2.039	1.961	6
149	1.863	2.0	2.059	1.98	6
150	1.882	1.961	2.098	1.961	6
151	1.961	2.0	2.059	1.804	6
152	2.0	1.922	2.059	2.039	6
153	1.961	2.02	2.059	2.039	6
154	2.059	1.922	2.02	2.02	6
155	2.059	1.922	2.02	2.039	6
156	2.059	1.863	2.039	1.98	6
157	2.059	1.843	2.059	2.0	6
158	1.98	1.824	2.098	1.98	6
159	1.922	1.843	2.078	1.922	6
160	2.0	1.882	2.078	1.961	6
161	1.941	1.941	2.078	1.902	6
162	1.824	1.882	2.059	1.98	6
163	1.961	1.941	2.078	1.961	6
164	1.902	1.941	2.039	1.922	6
165	1.941	2.0	2.078	1.961	6
166	1.843	2.0	2.098	1.882	6
167	1.863	1.941	2.059	1.941	6
168	1.922	1.98	2.078	1.843	6
169	1.941	1.922	2.039	2.039	6
170	2.078	2.0	2.039	1.941	6
171	1.98	1.902	2.02	1.961	6
172	2.0	1.882	2.02	1.98	6
173	2.059	1.863	2.039	1.961	6
174	2.039	1.863	2.059	1.961	6
175	1.98	1.843	2.059	2.0	6
176	1.941	1.784	2.098	2.02	6
177	1.882	1.824	2.098	1.961	6
178	2.0	1.863	2.118	1.961	6
179	1.882	1.922	2.02	1.922	6
180	1.98	1.902	2.078	1.941	6
181	1.941	1.961	2.059	1.961	6
182	1.941	1.98	2.059	1.922	6
183	1.882	2.0	2.098	2.0	6
184	1.843	2.0	2.02	1.961	6
185	1.902	1.98	2.118	1.843	6
186	1.941	1.941	2.078	1.961	6
187	1.98	1.961	2.078	2.0	6
188	1.98	1.843	2.039	2.02	6
189	2.0	1.863	2.039	1.98	6
190	2.059	1.843	2.059	2.02	6
191	2.039	1.843	2.078	2.0	6
192	2.0	1.824	2.078	2.02	6
193	1.98	1.804	2.098	1.98	6
194	1.98	1.922	2.118	1.98	6
195	1.98	1.824	2.059	1.882	6
196	1.843	1.922	2.059	1.941	6
197	1.98	1.902	2.039	1.922	6
198	1.941	1.941	2.078	1.941	6
199	1.922	1.941	2.059	1.98	6
200	1.843	1.941	2.078	1.961	6
201	1.882	1.922	2.078	1.941	6
202	1.961	1.882	1.98	1.902	6
203	1.98	1.941	2.039	2.059	6
204	2.0	2.039	2.078	2.0	6
205	1.98	1.882	2.078	2.02	6
206	2.0	1.863	2.059	2.02	6
207	2.059	1.863	2.059	1.98	6
208	2.0	1.863	2.059	2.0	6
209	1.961	1.824	2.039	2.039	6
210	1.941	1.804	2.078	1.98	6
211	1.922	1.961	2.059	2.039	6
212	1.98	1.863	2.098	1.98	6
213	1.902	1.902	2.078	1.961	6
214	1.941	1.922	2.059	1.98	6
215	1.922	1.98	2.059	1.98	6
216	1.922	2.0	2.059	1.961	6
217	1.882	1.961	2.078	2.0	6
218	1.784	1.961	2.078	1.98	6
219	1.882	1.922	2.039	2.078	6
220	1.902	2.0	2.118	1.98	6
221	1.961	1.98	2.098	2.039	6
222	2.02	1.941	2.059	2.039	6
223	2.02	1.941	2.078	2.02	6
224	2.059	1.882	2.059	2.0	6
225	2.039	1.882	2.098	2.02	6
226	2.0	1.882	2.078	2.039	6
227	1.961	1.863	2.098	1.98	6
228	1.902	1.961	2.0	1.922	6
229	2.0	1.98	2.137	1.902	6
230	1.882	1.922	2.059	1.922	6
231	1.98	1.941	2.039	1.941	6
232	1.941	1.98	2.078	1.961	6
233	1.961	1.98	2.078	1.941	6
234	1.941	1.98	2.078	1.961	6
235	1.941	1.98	2.078	1.961	6
236	2.0	1.941	2.098	2.02	6
237	1.98	1.961	2.157	1.941	6
238	2.02	1.98	2.098	2.02	6
239	2.098	1.902	2.02	1.98	6
240	2.078	1.902	2.02	1.941	6
241	2.098	1.863	2.059	2.0	6
242	2.098	1.824	2.02	2.0	6
243	2.078	1.745	2.098	1.941	6
244	1.961	1.804	2.059	1.961	6
245	1.922	1.706	2.078	1.98	6
246	2.0	1.784	2.078	1.941	6
247	1.922	1.882	2.039	1.941	6
248	1.98	1.941	2.059	1.941	6
249	1.922	1.941	2.059	1.961	6
250	1.941	1.941	2.039	1.961	6
251	1.961	1.961	2.02	1.941	6
252	1.922	1.98	2.02	1.961	6
253	1.922	1.922	2.098	2.059	6
254	1.98	1.98	2.02	2.039	6
255	1.961	2.0	2.098	2.0	6
256	1.98	1.863	2.02	2.02	6
257	2.039	1.902	2.078	2.039	6
258	2.078	1.882	2.078	2.039	6
259	2.039	1.824	2.098	2.078	6
260	2.078	1.804	2.137	2.0	6
261	1.922	1.804	2.078	2.02	6
262	1.863	1.843	2.196	1.922	6
263	1.961	1.824	2.157	1.961	6
264	1.882	1.863	2.02	1.902	6
265	1.98	1.922	2.059	1.941	6
266	1.941	1.961	2.039	1.961	6
267	1.941	1.98	2.078	1.941	6
268	1.882	1.961	2.078	1.941	6
269	1.902	1.961	2.059	1.941	6
270	1.922	1.922	2.118	1.863	6
271	2.039	1.882	2.02	2.0	6
272	1.941	2.0	2.078	1.98	6
273	1.961	1.843	2.02	2.039	6
274	2.02	1.863	2.059	2.0	6
275	2.039	1.863	2.039	2.0	6
276	2.059	1.843	2.039	2.0	6
277	2.0	1.784	2.078	2.0	6
278	1.941	1.804	2.098	1.98	6
279	1.941	1.686	2.078	1.961	6
280	1.961	1.824	1.98	1.882	6
281	1.843	1.902	2.059	1.961	6
282	1.961	1.922	2.039	1.922	6
283	1.902	1.941	2.059	1.961	6
284	1.902	1.98	2.078	1.941	6
285	1.863	2.0	2.098	1.961	6
286	1.804	1.941	2.098	1.961	6
287	1.922	1.941	2.02	2.098	6
288	1.902	1.941	2.078	1.961	6
289	1.863	1.941	2.039	2.0	6
290	1.961	1.922	2.098	2.0	6
291	1.941	1.863	2.098	2.02	6
292	2.02	1.882	2.078	2.02	6
293	2.02	1.824	2.059	2.02	6
294	2.0	1.824	2.157	2.02	6
295	1.922	1.824	2.118	2.02	6
296	1.843	1.824	2.216	1.98	6
297	1.922	1.902	2.098	1.98	6
298	1.941	1.922	2.059	1.941	6
299	1.98	1.941	2.078	1.98	6
300	1.902	1.961	2.098	1.961	6
301	1.941	2.0	2.059	1.961	6
302	1.882	2.039	2.078	1.961	6
303	1.902	2.0	2.059	1.941	6
304	1.941	1.98	2.0	1.863	6
305	2.098	1.98	2.098	1.98	6
306	1.98	2.02	2.059	2.0	6
307	2.02	1.882	2.059	2.0	6
308	2.0	1.922	2.039	2.0	6
309	2.039	1.922	2.078	2.02	6
310	2.059	1.882	2.059	2.039	6
311	2.039	1.863	2.039	2.02	6
312	1.941	1.882	2.078	1.961	6
313	1.922	1.961	2.059	2.039	6
314	1.941	1.843	2.059	1.922	6
315	1.922	1.882	2.059	1.98	6
316	1.98	1.941	2.059	1.941	6
317	1.961	1.98	2.078	1.98	6
318	1.961	2.02	2.078	1.961	6
319	1.902	2.039	2.098	1.961	6
320	1.902	2.0	2.078	1.98	6
321	1.961	1.98	2.118	2.059	6
322	1.863	2.059	2.078	1.98	6
323	2.0	1.941	2.078	2.02	6
324	2.0	1.922	2.02	1.98	6
325	1.941	1.902	2.039	2.02	6
326	2.059	1.902	2.059	2.0	6
327	2.02	1.902	2.059	2.0	6
328	2.02	1.863	2.059	2.059	6
329	1.922	1.843	2.078	1.98	6
330	1.961	1.863	2.039	1.961	6
331	1.961	1.863	2.098	1.98	6
332	1.922	1.922	2.098	1.941	6
333	1.98	1.922	2.02	1.941	6
334	1.922	1.961	2.059	1.941	6
335	1.961	2.0	2.078	1.941	6
336	1.961	2.02	2.059	1.961	6
337	1.922	1.922	2.039	1.941	6
338	1.941	1.941	2.098	1.863	6
339	2.118	1.863	2.02	1.98	6
340	2.0	2.02	2.059	2.0	6
341	1.98	1.902	2.078	2.02	6
342	1.98	1.863	2.0	2.0	6
343	2.059	1.882	2.039	2.0	6
344	2.059	1.863	2.039	1.98	6
345	2.078	1.765	2.137	2.02	6
346	1.922	1.784	2.098	1.98	6
347	1.961	1.863	2.059	1.98	6
348	1.961	1.843	2.118	1.98	6
349	1.941	1.863	2.078	1.941	6
350	1.98	1.922	2.059	1.941	6
351	1.961	1.941	2.059	1.961	6
352	1.941	1.941	2.059	1.98	6
353	1.902	1.961	2.039	1.98	6
354	1.922	1.922	2.078	1.961	6
355	1.941	1.961	2.0	2.059	6
356	1.961	1.941	2.137	1.98	6
357	1.941	1.98	2.078	1.98	6
358	2.02	1.902	2.039	2.0	6
359	2.0	1.961	2.039	2.0	6
360	2.059	1.902	2.039	2.0	6
361	2.078	1.843	2.02	2.039	6
362	2.098	1.843	2.078	1.98	6
363	1.98	1.843	2.078	1.98	6
364	1.902	1.961	1.922	2.078	6
365	1.922	1.902	2.157	2.02	6
366	1.922	1.961	2.078	2.0	6
367	2.0	1.941	2.078	2.02	6
368	1.961	1.98	2.059	2.02	6
369	1.98	1.98	2.059	2.0	6
370	1.863	2.02	2.078	1.98	6
371	1.804	1.98	2.078	2.0	6
372	1.922	1.941	2.078	2.098	6
373	1.922	2.02	2.02	2.02	6
374	1.98	2.02	2.078	2.039	6
375	1.98	1.863	2.078	2.098	6
376	1.98	1.882	2.039	2.039	6
377	2.02	1.863	2.059	2.02	6
378	2.02	1.843	2.078	1.98	6
379	2.039	1.745	2.098	2.0	6
380	1.902	1.745	2.098	2.0	6
381	1.961	1.706	2.176	2.0	6
382	2.0	1.765	2.059	1.961	6
383	1.922	1.863	2.039	1.941	6
384	1.98	1.882	2.039	1.961	6
385	1.902	1.922	2.059	1.922	6
386	1.961	1.922	2.059	1.941	6
387	1.863	1.961	2.078	1.961	6
388	1.824	1.941	2.059	1.961	6
389	1.98	1.941	2.078	1.902	6
390	2.137	1.882	2.098	1.961	6
391	1.98	2.02	2.078	1.941	6
392	2.0	1.863	2.039	1.98	6
393	2.059	1.843	2.0	2.0	6
394	2.039	1.824	2.059	1.98	6
395	2.039	1.804	2.098	2.0	6
396	2.0	1.784	2.078	1.98	6
397	1.961	1.784	2.098	2.02	6
398	1.922	1.745	2.216	2.0	6
399	2.02	1.843	2.118	1.902	6
400	1.941	1.863	2.059	1.941	6
401	1.98	1.922	2.078	1.961	6
402	1.922	1.922	2.039	1.941	6
403	1.922	1.961	2.059	1.922	6
404	1.882	1.961	2.078	1.922	6
405	1.863	1.922	2.078	1.902	6
406	1.922	1.922	2.098	2.039	6
407	1.863	1.98	2.059	2.098	6
408	1.882	2.039	2.098	2.02	6
409	2.02	1.902	2.059	2.039	6
410	1.98	1.902	2.059	2.02	6
411	2.059	1.902	2.078	2.0	6
412	2.039	1.902	2.039	2.0	6
413	2.059	1.882	2.059	1.98	6
414	1.922	1.843	2.098	2.0	6
415	1.961	1.804	2.039	1.98	6
416	2.0	1.824	2.098	2.039	6
417	1.961	1.902	2.059	1.902	6
418	2.0	1.922	2.059	1.941	6
419	1.941	1.98	2.059	1.941	6
420	1.961	2.0	2.078	1.941	6
421	1.941	2.02	2.078	1.922	6
422	1.941	1.98	2.098	1.922	6
423	1.961	1.961	2.039	1.882	6
424	1.98	2.02	2.098	1.961	6
425	1.961	2.02	2.098	2.039	6
426	2.059	1.902	2.0	2.039	6
427	2.059	1.922	2.059	2.0	6
428	2.118	1.922	2.039	1.98	6
429	2.078	1.863	2.078	2.0	6
430	2.078	1.824	2.059	2.039	6
431	1.98	1.843	2.118	2.0	6
432	1.902	1.882	2.137	1.941	6
433	2.0	1.804	2.078	1.98	6
434	1.941	1.902	2.098	1.941	6
435	1.961	1.902	2.039	1.941	6
436	1.922	1.961	2.098	1.941	6
437	1.922	1.98	2.078	1.941	6
438	1.922	2.0	2.039	1.941	6
439	1.902	1.902	2.078	1.922	6
440	1.902	1.922	2.078	1.882	6
441	2.0	1.882	2.157	1.941	6
442	2.0	1.961	2.118	2.02	6
443	2.0	1.882	2.0	2.0	6
444	1.98	1.902	2.039	2.02	6
445	2.039	1.863	2.039	2.02	6
446	2.059	1.902	2.059	2.0	6
447	2.078	1.843	2.137	2.02	6
448	1.961	1.824	2.078	1.98	6
449	1.941	1.882	2.137	1.961	6
450	1.961	1.922	1.961	1.922	6
451	1.902	1.863	2.078	1.941	6
452	1.961	1.941	2.039	1.941	6
453	1.902	1.961	2.078	2.0	6
454	1.922	1.98	2.059	1.961	6
455	1.941	1.961	2.039	1.941	6
456	1.882	1.941	2.078	1.922	6
457	1.922	1.922	2.039	1.902	6
458	1.961	1.941	2.118	1.961	6
459	2.098	1.961	2.078	2.0	6
460	2.078	1.902	2.039	2.0	6
461	2.0	1.882	2.059	2.0	6
462	2.059	1.863	2.059	2.02	6
463	2.059	1.882	2.039	2.02	6
464	2.078	1.863	2.059	2.059	6
465	1.941	1.863	2.078	2.02	6
466	1.961	1.902	1.902	2.039	6
467	1.98	1.902	2.039	2.0	6
468	2.0	1.863	2.02	1.882	6
469	2.0	1.902	2.059	1.98	6
470	1.941	1.961	2.059	1.961	6
471	1.941	1.961	2.059	1.98	6
472	1.922	1.98	2.039	2.0	6
473	1.863	1.961	2.039	1.98	6
474	1.922	1.961	2.098	2.02	6
475	1.843	1.98	2.078	1.98	6
476	1.961	1.961	2.118	2.059	6
477	2.02	1.863	2.039	2.039	6
478	2.02	1.863	2.02	2.02	6
479	2.059	1.882	2.039	2.0	6
480	2.02	1.824	2.059	2.0	6
481	2.078	1.804	2.02	2.0	6
482	1.941	1.824	2.078	1.961	6
483	1.98	1.765	2.078	2.0	6
484	1.882	1.902	2.039	1.961	6
485	1.922	1.843	2.039	1.922	6
486	1.98	1.922	2.039	1.98	6
487	1.961	1.902	2.039	1.98	6
488	1.961	1.961	2.059	1.941	6
489	1.902	1.941	2.078	1.98	6
490	1.843	1.922	2.059	1.961	6
491	1.882	1.922	2.118	1.961	6
492	1.961	1.961	2.059	1.961	6
493	1.961	2.02	2.078	2.02	6
494	2.039	1.882	2.0	2.02	6
495	1.961	1.922	2.039	2.02	6
496	1.98	1.902	2.098	2.02	6
497	2.02	1.843	2.098	2.039	6
498	1.98	1.843	2.059	2.02	6
499	1.941	1.784	2.078	2.02	6
500	1.882	1.922	2.176	1.98	6
501	1.98	1.824	2.039	1.941	6
502	1.941	1.882	2.059	1.961	6
503	1.922	1.961	2.078	1.98	6
504	1.941	1.961	2.02	1.98	6
505	1.941	1.98	2.039	1.961	6
506	1.922	2.0	2.078	1.961	6
507	1.784	2.02	2.078	1.98	6
508	1.902	1.98	2.118	2.02	6
509	1.804	1.98	2.059	2.02	6
510	2.059	2.039	2.078	2.0	6
511	1.961	1.863	2.039	2.02	6
512	1.941	1.902	2.039	1.98	6
513	1.98	1.902	2.059	2.02	6
514	2.039	1.863	2.078	2.039	6
515	2.059	1.843	2.098	2.02	6
516	1.941	1.824	2.118	2.0	6
517	1.941	1.902	2.0	2.137	6
518	1.824	1.843	2.02	1.922	6
519	1.961	1.922	2.118	1.961	6
520	1.961	1.961	2.039	1.922	6
521	1.941	2.0	2.078	1.961	6
522	1.941	2.02	2.059	1.961	6
523	1.902	2.0	2.078	1.902	6
524	1.863	1.98	2.098	1.882	6
525	1.941	1.961	2.078	1.882	6
526	2.02	1.941	2.157	1.961	6
527	2.039	1.98	2.137	1.98	6
528	2.02	1.882	2.078	1.98	6
529	2.039	1.902	2.078	1.961	6
530	2.078	1.882	2.039	1.98	6
531	2.039	1.843	2.059	1.98	6
532	2.059	1.824	2.157	1.961	6
533	2.0	1.824	2.059	1.941	6
534	1.902	1.824	2.059	1.863	6
535	1.902	1.863	2.059	1.902	6
536	1.941	1.882	2.059	1.941	6
537	1.98	1.922	2.059	1.941	6
538	1.882	1.922	2.059	1.941	6
539	1.961	1.961	2.039	1.922	6
540	1.941	1.941	2.098	1.941	6
541	1.863	1.98	2.039	1.961	6
542	1.902	1.961	2.059	2.0	6
543	1.882	2.078	2.078	1.961	6
544	1.941	2.02	2.118	1.961	6
545	2.02	1.863	2.059	1.98	6
546	1.98	1.863	2.059	2.0	6
547	2.059	1.902	2.059	1.961	6
548	2.0	1.882	2.098	2.02	6
549	2.02	1.824	2.118	2.0	6
550	1.922	1.843	2.137	2.02	6
551	1.882	1.784	2.216	2.078	6
552	1.863	1.902	2.098	1.941	6
553	1.922	1.922	2.118	1.961	6
554	1.961	1.922	2.059	1.922	6
555	1.961	1.961	2.078	1.961	6
556	1.961	2.0	2.039	1.941	6
557	1.922	2.0	2.039	1.922	6
558	1.863	1.961	2.039	1.961	6
559	1.922	1.902	2.078	1.98	6
560	1.843	1.941	2.02	2.0	6
561	1.941	1.843	2.078	1.98	6
562	2.039	1.863	2.039	1.98	6
563	1.961	1.863	2.039	1.98	6
564	2.02	1.863	2.02	2.0	6
565	2.039	1.824	2.039	1.961	6
566	2.118	1.804	2.078	2.02	6
567	1.941	1.804	2.059	1.961	6
568	1.922	1.882	2.235	1.922	6
569	1.902	1.843	2.098	1.922	6
570	2.0	1.863	2.098	1.98	6
571	1.98	1.902	2.039	1.902	6
572	1.941	1.941	2.059	1.922	6
573	1.922	1.961	2.059	1.941	6
574	1.902	1.98	2.059	1.98	6
575	1.824	1.98	2.078	1.941	6
576	1.922	1.98	2.059	1.961	6
577	1.922	2.059	2.098	1.98	6
578	1.941	2.02	2.059	2.02	6
579	2.02	1.961	2.039	2.02	6
580	1.941	1.902	2.039	2.039	6
581	2.059	1.902	2.059	2.0	6
582	2.059	1.863	2.098	2.0	6
583	2.059	1.902	2.098	2.0	6
584	2.02	1.804	2.098	1.98	6
585	1.922	1.882	1.961	2.118	6
586	1.882	1.863	2.039	1.98	6
587	1.941	1.922	2.059	1.922	6
588	1.922	1.941	2.039	1.941	6
589	1.961	1.961	2.039	1.961	6
590	1.941	2.0	2.078	1.941	6
591	1.922	1.941	2.078	1.902	6
592	1.824	2.0	2.078	1.961	6
593	1.882	1.941	2.059	2.02	6
594	1.843	1.961	2.078	1.98	6
595	1.98	1.961	2.059	1.98	6
596	2.039	1.902	2.02	2.0	6
597	1.98	1.863	2.02	1.98	6
598	2.039	1.863	2.039	2.0	6
599	2.02	1.882	2.059	1.98	6
600	2.039	1.843	2.098	2.039	6
601	1.902	1.784	2.059	2.0	6
602	1.902	1.765	2.196	1.98	6
603	1.941	1.784	2.098	2.0	6
604	1.941	1.882	2.059	1.902	6
605	1.961	1.902	2.059	1.961	6
606	1.941	1.922	2.078	1.961	6
607	1.941	1.941	2.059	1.98	6
608	1.902	2.0	2.098	2.0	6
609	1.863	2.02	2.059	1.98	6
610	1.902	1.961	2.078	1.922	6
611	2.02	1.843	2.118	1.98	6
612	2.039	1.98	2.098	2.0	6
613	1.98	1.882	2.039	2.02	6
614	1.922	1.843	2.059	2.039	6
615	2.0	1.902	2.098	2.039	6
616	1.98	1.882	2.078	2.039	6
617	2.02	1.843	2.098	2.059	6
618	1.922	1.765	2.059	2.0	6
619	1.902	1.725	2.098	2.098	6
620	1.843	1.824	2.02	1.941	6
621	1.922	1.882	2.059	1.941	6
622	1.961	1.961	2.059	1.941	6
623	1.922	1.941	2.059	2.0	6
624	1.922	1.961	2.039	2.02	6
625	1.882	1.961	2.039	1.98	6
626	1.843	1.902	2.078	1.941	6
627	1.882	1.961	2.059	1.902	6
628	2.059	1.804	2.078	1.922	6
629	1.98	2.078	2.157	2.039	6
630	2.039	1.902	2.0	2.059	6
631	2.02	1.843	2.0	2.02	6
632	2.059	1.843	2.039	1.98	6
633	2.059	1.824	2.039	2.0	6
634	2.078	1.804	2.059	2.0	6
635	1.941	1.824	2.059	2.0	6
636	1.941	1.843	2.196	2.0	6
637	2.059	1.824	2.078	1.98	6
638	1.941	1.843	2.098	1.98	6
639	1.941	1.902	2.078	1.941	6
640	1.941	1.961	2.059	1.961	6
641	1.941	1.961	2.059	1.961	6
642	1.941	1.922	2.078	2.0	6
643	1.882	1.941	2.059	1.961	6
644	1.902	1.98	2.059	1.882	6
645	2.078	1.863	2.137	1.98	6
646	1.98	2.059	2.137	2.039	6
647	2.02	1.902	2.02	2.078	6
648	1.961	1.922	2.039	2.02	6
649	2.02	1.941	2.059	2.059	6
650	2.039	1.902	2.059	2.059	6
651	2.078	1.902	2.098	2.078	6
652	1.922	1.843	2.078	2.039	6
653	1.902	1.824	2.0	2.137	6
654	1.922	1.902	2.02	1.98	6
655	1.902	1.922	2.078	1.922	6
656	1.941	1.922	2.059	1.961	6
657	1.882	1.961	2.059	1.961	6
658	1.922	2.02	2.02	1.98	6
659	1.882	2.039	2.059	1.941	6
660	1.882	1.98	2.098	1.941	6
661	1.941	1.941	2.039	1.98	6
662	1.882	1.961	2.176	1.941	6
663	1.941	1.941	2.137	2.0	6
664	2.02	1.882	2.039	1.961	6
665	1.941	1.902	2.098	1.98	6
666	1.961	1.902	2.078	2.039	6
667	2.078	1.843	2.059	2.02	6
668	2.118	1.804	2.039	2.02	6
669	1.941	1.824	2.059	1.941	6
670	1.922	1.804	1.961	2.039	6
671	1.941	1.922	2.039	1.824	6
672	1.863	1.863	2.059	1.961	6
673	1.941	1.941	2.059	1.922	6
674	1.961	1.941	2.059	1.961	6
675	1.941	1.961	2.039	1.961	6
676	1.902	2.0	2.118	1.961	6
677	1.843	2.0	2.098	1.98	6
678	1.902	1.941	2.059	1.882	6
679	2.059	1.922	2.078	2.039	6
680	1.882	1.922	2.059	1.961	6
681	2.039	1.922	2.02	2.0	6
682	1.961	1.882	2.039	1.961	6
683	2.039	1.882	2.059	1.98	6
684	2.02	1.843	2.039	1.98	6
685	2.059	1.804	2.078	2.02	6
686	1.961	1.804	2.039	1.98	6
687	1.902	1.843	1.961	2.059	6
688	1.765	1.882	2.059	1.98	6
689	1.961	1.882	2.059	1.922	6
690	1.922	1.902	2.039	1.882	6
691	1.941	1.922	2.039	1.922	6
692	1.961	1.961	2.059	1.922	6
693	1.941	1.98	2.078	1.941	6
694	1.882	1.98	2.039	1.941	6
695	1.922	1.961	2.059	1.941	6
696	1.922	2.078	2.02	2.0	6
697	1.941	1.882	2.039	1.98	6
698	2.02	1.882	2.078	2.0	6
699	1.98	1.843	2.02	2.0	6
700	2.059	1.882	2.059	2.0	6
701	2.059	1.882	2.059	2.02	6
702	2.059	1.843	2.078	1.98	6
703	1.98	1.824	2.118	2.02	6
704	1.941	1.863	2.157	1.98	6
705	1.941	1.863	2.098	1.961	6
706	1.98	1.843	2.078	1.961	6
707	1.941	1.941	2.059	1.98	6
708	1.941	1.922	2.078	1.98	6
709	1.941	1.941	2.059	1.98	6
710	1.902	1.961	2.078	1.98	6
711	1.863	1.902	2.098	1.98	6
712	1.863	1.902	2.039	1.941	6
713	2.039	1.765	2.176	2.02	6
714	1.961	1.941	2.059	2.02	6
715	2.039	1.941	2.039	2.039	6
716	1.961	1.863	2.02	2.02	6
717	2.039	1.882	2.039	2.02	6
718	2.039	1.824	2.059	2.0	6
719	2.039	1.843	2.098	2.0	6
720	1.98	1.804	2.098	2.02	6
721	1.941	1.863	2.059	1.98	6
722	2.0	1.824	2.039	1.98	6
723	2.0	1.882	2.039	1.922	6
724	2.0	1.922	2.059	1.961	6
725	1.961	2.02	2.078	1.941	6
726	1.961	2.02	2.059	1.98	6
727	1.941	2.02	2.059	2.02	6
728	1.941	2.0	2.078	1.98	6
729	1.961	1.941	2.059	2.0	6
730	1.863	2.078	2.118	1.98	6
731	1.961	2.059	2.059	1.98	6
732	2.02	1.922	2.059	2.02	6
733	1.98	1.882	2.039	2.039	6
734	2.02	1.882	2.078	2.0	6
735	2.039	1.882	2.039	2.039	6
736	2.039	1.824	2.098	2.0	6
737	1.98	1.843	2.137	2.0	6
738	1.824	1.863	2.157	1.98	6
739	1.961	1.863	2.098	1.961	6
740	1.98	1.882	2.059	1.98	6
741	1.922	1.902	2.039	1.98	6
742	1.922	1.98	2.078	1.941	6
743	1.902	2.0	2.078	1.98	6
744	1.902	2.0	2.059	1.941	6
745	1.824	2.0	2.059	1.961	6
746	1.863	1.941	2.059	1.961	6
747	1.961	1.882	2.02	1.98	6
748	1.922	1.98	2.098	2.039	6
749	2.059	1.902	1.98	2.02	6
750	2.0	1.824	2.059	2.039	6
751	2.059	1.863	2.059	1.98	6
752	2.039	1.843	2.078	1.961	6
753	2.039	1.843	2.039	2.0	6
754	1.922	1.824	2.078	1.98	6
755	1.882	1.863	2.059	1.863	6
756	1.941	1.863	2.059	2.02	6
757	1.98	1.863	2.078	1.922	6
758	1.941	1.902	2.039	1.961	6
759	1.902	1.902	2.078	1.902	6
760	1.941	1.961	2.078	1.941	6
761	1.941	1.98	2.02	1.922	6
762	1.824	1.961	2.059	1.961	6
763	1.843	1.922	2.039	2.0	6
764	1.843	1.961	1.98	1.941	6
765	1.902	1.941	2.098	1.98	6
766	2.039	1.922	2.02	1.961	6
767	1.961	1.843	2.059	2.039	6
768	2.059	1.824	2.039	1.98	6
769	2.039	1.863	2.02	2.02	6
770	2.059	1.843	2.059	1.98	6
771	1.98	1.804	2.098	1.98	6
772	1.961	1.784	2.098	2.0	6
773	1.902	1.843	2.137	1.902	6
774	1.902	1.843	2.059	1.941	6
775	1.961	1.882	2.059	1.961	6
776	1.922	1.941	2.039	1.961	6
777	1.922	1.941	2.039	1.941	6
778	1.961	1.941	2.059	1.922	6
779	1.882	1.98	2.0	1.941	6
780	1.843	1.941	2.059	1.941	6
781	1.961	1.882	2.078	2.02	6
782	1.902	1.902	2.059	2.039	6
783	2.039	1.882	2.0	2.02	6
784	1.941	1.863	2.039	2.02	6
785	2.02	1.824	2.039	2.0	6
786	2.039	1.843	2.059	2.0	6
787	2.02	1.843	2.078	2.02	6
788	1.902	1.843	2.137	2.059	6
789	1.882	1.824	2.157	1.941	6
790	1.863	1.863	2.157	1.902	6
791	1.902	1.922	2.02	1.941	6
792	1.882	1.922	2.039	1.941	6
793	1.863	2.0	2.039	1.922	6
794	1.882	1.98	2.078	1.961	6
795	1.863	2.02	2.078	1.98	6
796	1.804	1.98	2.098	1.941	6
797	1.902	1.98	2.039	1.98	6
798	1.843	2.118	2.157	1.922	6
799	1.882	1.98	2.078	1.98	6
800	2.0	1.941	2.059	1.98	6
801	1.922	1.882	2.0	2.0	6
802	2.0	1.863	2.039	1.98	6
803	2.0	1.882	2.059	2.02	6
804	2.0	1.784	2.078	1.98	6
805	1.961	1.804	2.098	2.0	6
806	1.922	1.784	2.137	2.098	6
807	1.863	1.863	2.118	1.843	6
808	1.863	1.882	2.098	1.961	6
809	1.922	1.902	2.039	1.941	6
810	1.902	1.922	2.078	1.941	6
811	1.863	1.98	2.078	1.941	6
812	1.882	1.961	2.098	1.961	6
813	1.843	1.961	2.059	1.902	6
814	1.863	1.902	2.078	1.941	6
815	1.941	2.02	2.078	1.98	6
816	1.941	2.02	2.118	2.02	6
817	1.922	1.922	2.078	2.02	6
818	1.922	1.843	2.02	2.039	6
819	1.98	1.902	2.078	2.0	6
820	1.961	1.863	2.078	2.02	6
821	1.98	1.882	2.078	2.059	6
822	1.824	1.824	2.078	2.02	6
823	1.745	1.843	2.118	1.961	6
824	1.902	1.843	2.059	1.922	6
825	1.824	1.824	2.059	1.961	6
826	1.824	1.941	2.078	1.941	6
827	1.824	1.922	2.059	1.98	6
828	1.765	1.941	2.059	1.961	6
829	1.784	1.961	2.059	1.98	6
830	1.686	1.941	2.098	1.922	6
831	1.745	1.922	2.059	1.922	6
832	1.824	1.804	2.098	1.961	6
833	1.804	1.961	2.098	1.98	6
834	1.843	1.902	2.02	2.02	6
835	1.824	1.863	2.02	2.0	6
836	1.843	1.843	2.059	2.039	6
837	1.863	1.863	2.078	2.02	6
838	1.882	1.843	2.078	1.98	6
839	1.765	1.824	2.118	2.0	6
840	1.686	1.843	2.039	2.0	6
841	1.647	1.863	2.02	2.039	6
842	1.804	1.961	2.059	1.941	6
843	1.706	1.902	2.059	1.941	6
844	1.725	1.961	2.078	1.941	6
845	1.686	1.961	2.059	1.98	6
846	1.667	1.98	2.059	2.0	6
847	1.627	1.98	2.078	1.941	6
848	1.686	1.961	2.059	1.961	6
849	1.725	1.843	2.176	2.0	6
850	1.706	1.941	2.098	2.078	6
851	1.745	1.941	2.039	2.0	6
852	1.745	1.902	2.02	1.98	6
853	1.804	1.863	2.039	2.0	6
854	1.824	1.843	2.059	2.02	6
855	1.804	1.804	2.098	2.039	6
856	1.725	1.863	2.059	1.98	6
857	1.686	1.824	2.078	2.059	6
858	1.569	1.922	2.059	1.941	6
859	1.725	1.882	2.118	1.961	6
860	1.745	1.902	2.059	1.941	6
861	1.784	1.941	2.078	1.961	6
862	1.745	2.0	2.059	1.961	6
863	1.745	2.0	2.098	1.941	6
864	1.667	2.0	2.118	1.961	6
865	1.804	1.98	2.078	1.941	6
866	1.902	1.961	2.02	1.98	6
867	1.824	2.039	2.059	1.961	6
868	1.902	1.941	2.059	2.0	6
869	1.902	1.922	2.02	2.02	6
870	1.961	1.882	2.059	2.02	6
871	2.0	1.902	2.039	2.039	6
872	2.039	1.843	2.059	1.98	6
873	1.902	1.863	2.039	2.0	6
874	1.902	1.804	2.137	2.078	6
875	1.765	1.902	2.039	2.02	6
876	1.941	1.882	2.098	1.922	6
877	1.941	1.902	2.059	1.941	6
878	1.961	1.941	2.059	1.941	6
879	2.0	1.961	2.059	1.941	6
880	2.0	1.98	2.059	1.941	6
881	1.902	1.941	2.098	1.902	6
882	1.961	1.941	2.078	1.941	6
883	2.02	1.824	2.118	1.98	6
884	2.02	1.922	2.118	2.059	6
885	2.137	1.882	2.078	2.059	6
886	2.039	1.863	2.059	2.039	6
887	2.176	1.922	2.039	2.0	6
888	2.137	1.863	2.078	2.0	6
889	2.137	1.824	2.059	2.02	6
890	2.059	1.804	2.078	2.02	6
891	2.0	1.824	2.137	1.863	6
892	1.98	1.804	2.059	1.922	6
893	2.039	1.882	2.098	1.98	6
894	2.059	1.922	2.059	1.922	6
895	2.059	1.941	2.039	1.922	6
896	2.078	1.941	2.059	1.941	6
897	2.098	1.922	2.059	1.941	6
898	2.02	1.98	2.098	1.922	6
899	2.118	1.941	2.059	1.922	6
900	2.157	1.902	2.0	1.961	6
901	2.216	1.941	2.137	2.0	6
902	2.196	1.98	2.098	2.0	6
903	2.098	1.843	2.059	2.039	6
904	2.196	1.902	2.039	2.0	6
905	2.235	1.863	2.039	2.02	6
906	2.196	1.824	2.059	2.02	6
907	2.118	1.804	2.078	2.0	6
908	2.098	1.824	2.0	2.059	6
909	1.922	1.824	2.098	1.961	6
910	2.098	1.882	2.02	1.922	6
911	2.059	1.922	2.059	1.961	6
912	2.118	1.961	2.078	1.961	6
913	2.059	2.0	2.059	1.98	6
914	2.098	1.98	2.039	1.922	6
915	2.02	1.961	2.059	1.941	6
916	2.059	1.98	2.039	1.902	6
917	2.118	1.843	2.078	1.98	6
918	2.078	1.882	2.118	2.0	6
919	2.157	1.922	2.02	2.039	6
920	2.118	1.902	2.039	2.02	6
921	2.176	1.882	2.078	2.0	6
922	2.176	1.863	2.039	2.0	6
923	2.157	1.863	2.098	1.98	6
924	2.137	1.843	2.098	2.02	6
925	2.0	1.843	2.039	1.941	6
926	2.0	1.863	2.118	2.059	6
927	2.098	1.922	2.059	1.961	6
928	2.0	1.922	2.059	1.98	6
929	2.059	1.941	2.059	2.0	6
930	2.039	1.98	2.059	2.0	6
931	2.039	2.0	2.078	1.98	6
932	1.98	2.02	2.039	2.0	6
933	1.961	1.961	2.059	1.98	6
934	2.0	2.059	1.961	2.0	6
935	2.059	1.961	2.059	2.0	6
936	2.078	1.922	2.059	2.0	6
937	2.059	1.863	2.059	2.0	6
938	2.118	1.843	2.02	2.0	6
939	2.137	1.824	2.039	1.98	6
940	2.118	1.824	2.039	2.0	6
941	2.02	1.804	2.059	1.961	6
942	1.941	1.784	2.118	2.039	6
943	1.863	1.922	2.0	2.02	6
944	2.0	1.902	2.02	1.882	6
945	1.941	1.863	2.02	1.941	6
946	2.0	1.98	2.059	1.902	6
947	1.98	1.961	2.059	1.961	6
948	2.0	1.961	2.039	1.922	6
949	1.941	2.0	2.059	1.941	6
950	1.961	1.98	2.059	1.941	6
951	2.0	1.98	2.059	2.078	6
952	1.961	1.902	2.118	2.02	6
953	2.118	1.902	2.039	2.02	6
954	2.02	1.863	2.059	2.02	6
955	2.078	1.922	2.059	2.0	6
956	2.098	1.863	2.078	2.0	6
957	2.118	1.863	2.039	1.98	6
958	2.078	1.824	2.098	2.0	6
959	1.98	1.824	2.02	1.98	6
960	2.02	1.843	2.157	1.863	6
961	1.98	1.824	2.118	1.961	6
962	1.941	1.882	2.02	1.922	6
963	2.02	1.922	2.039	1.961	6
964	1.961	1.98	2.02	1.941	6
965	1.98	1.941	2.078	1.941	6
966	1.902	1.922	2.078	1.961	6
967	1.922	1.941	2.059	1.922	6
968	2.02	1.961	2.078	2.02	6
969	2.02	1.922	2.098	2.02	6
970	2.098	1.902	2.039	2.0	6
971	1.941	1.843	2.039	2.039	6
972	2.098	1.843	2.039	2.0	6
973	2.118	1.863	2.059	1.98	6
974	2.118	1.843	2.078	2.0	6
975	2.039	1.784	2.059	1.98	6
976	1.98	1.784	2.137	1.902	6
977	2.039	1.902	2.078	2.039	6
978	2.02	1.843	2.039	1.941	6
979	1.941	1.902	2.078	1.941	6
980	2.039	1.922	2.078	1.961	6
981	2.0	1.922	2.039	1.922	6
982	1.961	1.941	2.059	1.961	6
983	1.824	1.98	2.098	1.941	6
984	1.922	1.941	2.059	1.961	6
985	2.078	1.863	1.98	1.922	6
986	2.118	1.882	2.098	2.0	6
987	2.078	1.941	2.0	1.961	6
988	1.98	1.902	2.02	2.0	6
989	2.039	1.902	2.02	2.0	6
990	2.059	1.882	2.059	1.98	6
991	2.078	1.882	2.098	2.0	6
992	2.039	1.804	2.078	1.961	6
993	1.941	1.824	2.078	1.961	6
994	2.039	1.922	2.176	1.98	6
995	1.922	1.882	2.098	1.922	6
996	1.941	2.0	2.059	1.941	6
997	1.961	2.0	2.078	1.961	6
998	1.941	2.0	2.059	1.961	6
999	1.941	2.02	2.078	1.961	6
1000	1.863	2.039	2.098	1.961	6
1001	1.882	2.0	2.098	1.961	6
1002	1.922	2.0	2.098	1.961	6
1003	1.941	2.098	2.098	1.941	6
1004	2.0	1.961	2.059	2.0	6
1005	1.961	1.922	2.039	2.0	6
1006	2.02	1.922	2.078	2.0	6
1007	2.098	1.882	2.098	1.98	6
1008	2.098	1.863	2.059	1.98	6
1009	2.078	1.824	2.059	1.961	6
1010	1.961	1.863	2.039	1.941	6
1011	2.02	1.824	2.098	1.941	6
1012	1.961	1.882	2.078	1.961	6
1013	1.98	1.922	2.039	1.941	6
1014	2.039	1.941	2.039	1.922	6
1015	2.02	1.98	2.039	1.922	6
1016	2.02	1.98	2.059	1.922	6
1017	1.941	2.0	2.039	1.941	6
1018	1.922	1.961	2.059	1.941	6
1019	1.922	2.039	2.0	1.941	6
1020	2.02	1.98	2.02	1.941	6
1021	2.039	1.902	2.039	2.02	6
1022	2.039	1.843	1.98	2.0	6
1023	2.059	1.863	2.039	2.0	6
1024	2.098	1.882	2.059	2.02	6
1025	2.078	1.804	2.059	2.039	6
1026	2.02	1.804	2.059	2.039	6
1027	1.98	1.784	2.039	1.98	6
1028	1.902	1.804	2.098	1.843	6
1029	1.941	1.882	2.059	1.941	6
1030	1.863	1.882	2.078	1.941	6
1031	1.922	1.941	2.078	1.98	6
1032	1.98	1.98	2.078	2.02	6
1033	1.98	1.961	2.098	2.0	6
1034	1.902	1.922	2.098	1.961	6
1035	1.902	1.941	2.039	1.941	6
1036	1.902	1.941	2.02	1.961	6
1037	1.961	2.059	2.078	1.941	6
1038	1.98	1.922	2.039	2.02	6
1039	1.961	1.843	2.039	2.0	6
1040	2.0	1.843	2.059	2.059	6
1041	2.039	1.863	2.059	2.039	6
1042	2.078	1.804	2.02	2.059	6
1043	2.0	1.804	2.078	1.98	6
1044	1.922	1.824	2.098	1.902	6
1045	1.941	1.882	2.078	2.02	6
1046	1.98	1.863	2.059	1.922	6
1047	1.922	1.902	2.02	1.902	6
1048	1.98	1.882	2.039	1.961	6
1049	1.98	1.941	2.0	1.961	6
1050	1.98	1.98	2.039	1.961	6
1051	1.863	1.98	2.059	1.902	6
1052	1.882	1.941	2.059	1.941	6
1053	2.02	1.863	1.98	1.922	6
1054	1.98	1.941	1.98	2.0	6
1055	2.039	1.882	2.02	2.039	6
1056	2.0	1.882	2.02	2.0	6
1057	2.039	1.882	2.059	2.02	6
1058	2.039	1.902	2.059	2.059	6
1059	2.059	1.843	2.059	2.078	6
1060	2.0	1.824	2.078	2.0	6
1061	1.922	1.824	2.118	1.922	6
1062	1.922	1.824	2.098	1.941	6
1063	1.98	1.902	2.098	2.0	6
1064	1.902	1.902	2.059	1.922	6
1065	1.98	1.941	2.059	1.961	6
1066	1.922	1.98	2.078	1.98	6
1067	1.941	1.98	2.098	1.98	6
1068	1.863	1.961	2.078	1.98	6
1069	1.922	2.0	2.078	1.961	6
1070	1.902	1.902	2.196	1.941	6
1071	1.941	1.922	2.157	2.0	6
1072	2.059	2.0	2.059	2.039	6
1073	2.0	1.882	2.059	2.059	6
1074	2.078	1.882	2.078	2.02	6
1075	2.078	1.882	2.059	2.02	6
1076	2.078	1.863	2.059	2.039	6
1077	2.039	1.784	2.098	1.98	6
1078	1.98	1.863	2.059	1.941	6
1079	2.078	1.784	2.078	1.98	6
1080	2.0	1.941	2.098	1.98	6
1081	1.902	1.922	2.078	1.941	6
1082	1.961	1.922	2.039	2.0	6
1083	1.98	2.0	2.078	1.98	6
1084	2.0	2.0	2.059	1.961	6
1085	1.902	1.922	2.059	1.961	6
1086	1.941	1.98	2.059	1.941	6
1087	1.922	1.961	2.176	1.941	6
1088	2.0	1.98	2.02	1.98	6
1089	2.039	1.98	2.039	2.039	6
1090	2.02	1.902	2.02	2.059	6
1091	2.059	1.882	2.078	2.039	6
1092	2.039	1.922	2.098	2.039	6
1093	2.059	1.863	2.078	2.078	6
1094	2.02	1.863	2.078	2.059	6
1095	1.961	1.804	2.078	2.059	6
1096	1.784	1.843	2.059	1.922	6
1097	1.882	1.863	2.078	1.922	6
1098	1.902	1.882	2.098	1.961	6
1099	1.961	1.941	2.059	1.961	6
1100	1.922	1.98	2.039	1.98	6
1101	1.941	1.98	2.059	1.98	6
1102	1.824	1.961	2.078	1.941	6
1103	1.902	1.902	2.059	1.961	6
1104	1.902	1.98	2.059	1.961	6
1105	2.059	1.922	2.098	2.0	6
1106	2.039	1.98	2.059	1.98	6
1107	1.922	1.882	2.039	2.02	6
1108	2.0	1.882	2.078	1.961	6
1109	2.039	1.882	2.039	2.039	6
1110	2.039	1.824	2.098	2.039	6
1111	1.98	1.843	2.059	1.98	6
1112	1.902	1.824	2.118	1.98	6
1113	1.804	1.961	2.039	1.98	6
1114	2.0	1.882	2.02	1.961	6
1115	1.882	1.863	2.039	1.902	6
1116	1.941	1.941	2.059	1.941	6
1117	1.882	1.922	2.059	1.941	6
1118	1.922	1.961	2.059	1.941	6
1119	1.824	1.941	2.059	1.941	6
1120	1.863	1.922	2.059	1.902	6
1121	1.902	1.863	1.922	2.0	6
1122	1.882	1.922	2.039	1.941	6
1123	1.961	1.902	2.059	2.0	6
1124	1.922	1.824	2.039	2.02	6
1125	2.02	1.843	2.059	1.98	6
1126	2.0	1.863	2.059	2.0	6
1127	2.078	1.863	2.059	1.98	6
1128	1.961	1.804	2.098	2.039	6
1129	1.922	1.784	2.059	2.039	6
1130	1.745	1.843	2.059	2.02	6
1131	1.922	1.843	2.078	1.941	6
1132	1.843	1.882	2.039	1.941	6
1133	2.0	1.941	2.059	1.922	6
1134	1.922	1.922	2.059	1.961	6
1135	1.922	1.961	2.059	1.961	6
1136	1.843	1.941	2.078	1.922	6
1137	1.902	1.902	2.02	1.922	6
1138	1.941	1.882	2.176	1.804	6
1139	1.961	1.941	2.098	2.0	6
1140	2.02	1.941	2.039	2.02	6
1141	1.961	1.902	2.059	2.0	6
1142	2.039	1.843	2.059	2.0	6
1143	2.098	1.843	2.039	2.0	6
1144	2.059	1.843	2.0	2.0	6
1145	2.039	1.784	2.078	1.961	6
1146	1.941	1.804	2.098	1.961	6
1147	1.902	1.902	2.059	1.922	6
1148	2.059	1.922	2.059	1.961	6
1149	1.922	1.902	2.039	1.902	6
1150	1.98	1.882	2.059	1.961	6
1151	1.922	1.961	2.059	1.961	6
1152	1.941	1.961	2.078	1.941	6
1153	1.882	1.941	2.078	1.961	6
1154	1.961	1.882	2.078	1.941	6
1155	1.98	1.882	2.098	1.961	6
1156	1.902	1.922	2.157	1.98	6
1157	2.02	1.98	2.059	2.02	6
1158	1.961	1.863	2.078	2.02	6
1159	2.02	1.863	2.059	2.0	6
1160	2.039	1.882	2.098	2.02	6
1161	2.02	1.824	2.098	1.98	6
1162	1.961	1.824	2.098	2.02	6
1163	1.922	1.843	2.098	2.059	6
1164	1.784	1.922	2.098	1.98	6
1165	1.824	1.902	2.098	1.98	6
1166	1.882	1.902	2.078	1.961	6
1167	1.98	2.0	2.059	1.941	6
1168	1.941	1.98	2.078	1.961	6
1169	1.922	2.02	2.078	1.941	6
1170	1.824	2.0	2.118	1.902	6
1171	1.902	1.961	2.078	1.941	6
1172	1.98	1.941	1.98	1.882	6
1173	1.941	1.98	2.039	2.098	6
1174	2.02	1.98	2.059	2.0	6
1175	1.941	1.922	2.059	2.02	6
1176	2.039	1.902	2.039	1.98	6
1177	2.039	1.882	2.059	2.0	6
1178	2.039	1.843	2.098	2.02	6
1179	2.02	1.843	2.078	2.039	6
1180	1.941	1.863	2.078	2.039	6
1181	1.745	1.902	2.078	2.02	6
1182	1.961	1.922	2.078	1.98	6
1183	1.863	1.922	2.039	1.961	6
1184	1.941	1.922	2.078	1.922	6
1185	1.941	1.98	2.059	1.961	6
1186	1.941	2.0	2.059	1.961	6
1187	1.922	1.98	2.098	1.98	6
1188	1.882	1.941	2.059	1.941	6
1189	1.922	1.98	2.078	1.961	6
1190	1.941	1.922	2.02	1.961	6
1191	1.941	1.941	2.039	1.941	6
1192	1.941	1.863	2.039	2.039	6
1193	2.098	1.863	2.039	2.0	6
1194	2.078	1.863	2.059	1.98	6
1195	2.059	1.824	2.039	2.0	6
1196	2.02	1.824	2.078	2.0	6
1197	1.961	1.784	2.039	2.02	6
1198	1.902	1.804	2.039	1.961	6
1199	1.902	1.784	2.02	1.941	6
1200	1.941	1.902	2.059	1.922	6
1201	1.961	1.922	2.059	1.941	6
1202	1.922	1.961	2.039	1.961	6
1203	1.941	1.98	2.039	1.98	6
1204	1.902	2.02	2.078	1.922	6
1205	1.922	1.941	2.059	1.922	6
1206	1.941	2.0	2.02	1.843	6
1207	1.941	1.961	2.098	1.961	6
1208	2.02	1.98	2.078	2.02	6
1209	2.0	1.882	2.0	1.961	6
1210	2.0	1.902	2.078	2.02	6
1211	2.059	1.863	2.039	2.0	6
1212	2.039	1.843	2.039	1.98	6
1213	2.039	1.824	2.098	2.0	6
1214	1.941	1.843	2.078	2.02	6
1215	1.804	1.961	2.039	1.941	6
1216	1.882	1.902	2.039	1.902	6
1217	1.863	1.922	2.059	1.941	6
1218	1.941	1.882	2.059	1.941	6
1219	1.98	1.941	2.039	1.961	6
1220	1.98	1.961	2.02	1.961	6
1221	1.902	2.0	2.059	1.961	6
1222	1.882	1.98	2.02	1.941	6
1223	1.941	1.961	1.98	2.137	6
1224	1.902	1.98	2.137	2.0	6
1225	1.98	1.961	2.078	2.039	6
1226	2.039	1.922	2.059	2.0	6
1227	2.02	1.863	2.039	2.039	6
1228	2.039	1.843	2.059	2.0	6
1229	2.0	1.824	2.078	2.078	6
1230	2.0	1.804	2.059	2.059	6
1231	1.922	1.843	2.078	1.961	6
1232	2.0	1.765	2.196	1.922	6
1233	2.02	1.961	2.118	2.0	6
1234	1.882	1.882	2.039	2.02	6
1235	1.98	1.961	2.078	1.98	6
1236	1.961	1.98	2.078	1.98	6
1237	1.98	2.0	2.078	1.98	6
1238	1.922	2.0	2.078	1.98	6
1239	1.922	1.941	2.039	1.941	6
1240	2.0	1.922	2.039	1.941	6
1241	1.961	2.078	2.078	2.02	6
1242	2.098	1.98	2.059	2.078	6
1243	2.039	1.941	2.02	2.039	6
1244	2.059	1.902	2.039	2.039	6
1245	2.078	1.902	2.078	2.02	6
1246	2.078	1.863	2.039	2.078	6
1247	2.039	1.804	2.098	2.0	6
1248	2.0	1.824	2.059	2.039	6
1249	1.98	1.843	2.078	1.902	6
1250	2.02	1.902	2.118	1.98	6
1251	1.941	1.922	2.059	1.941	6
1252	1.961	1.922	2.078	1.98	6
1253	1.941	1.941	2.039	1.961	6
1254	1.961	1.98	2.059	1.961	6
1255	1.882	2.0	2.039	1.961	6
1256	1.882	1.961	2.078	1.961	6
1257	1.941	2.0	2.157	1.882	6
1258	1.961	1.922	2.039	1.922	6
1259	1.961	1.941	2.098	2.02	6
1260	2.0	1.843	2.039	1.98	6
1261	1.98	1.863	2.039	2.0	6
1262	2.059	1.863	2.059	2.0	6
1263	2.039	1.843	2.059	2.0	6
1264	2.02	1.804	2.078	2.02	6
1265	1.922	1.824	2.098	1.98	6
1266	1.902	1.882	2.098	1.941	6
1267	1.902	1.863	2.137	1.941	6
1268	1.941	1.902	2.059	1.902	6
1269	1.941	1.922	2.078	1.941	6
1270	1.941	1.961	2.059	1.941	6
1271	1.922	1.961	2.078	1.941	6
1272	1.882	1.98	2.059	1.961	6
1273	1.882	1.98	2.02	1.941	6
1274	1.961	1.941	1.98	1.941	6
1275	1.902	1.941	2.078	1.98	6
1276	2.0	1.941	2.059	2.02	6
1277	2.02	1.843	2.02	2.02	6
1278	2.059	1.941	2.078	2.039	6
1279	2.118	1.882	2.098	2.02	6
1280	2.059	1.843	2.059	1.98	6
1281	2.078	1.843	2.118	1.941	6
1282	1.961	1.824	2.078	1.941	6
1283	1.941	1.902	2.078	1.98	6
1284	1.98	1.882	2.078	1.961	6
1285	1.922	1.922	2.02	1.922	6
1286	1.98	1.843	2.02	1.941	6
1287	1.941	1.941	2.039	1.941	6
1288	1.961	1.961	2.059	1.941	6
1289	1.824	1.98	2.039	2.0	6
1290	1.882	1.941	2.039	1.941	6
1291	1.961	1.961	1.941	1.98	6
1292	2.0	2.02	2.059	1.961	6
1293	2.0	1.922	2.059	2.0	6
1294	2.02	1.824	1.98	2.039	6
1295	2.02	1.882	2.039	2.02	6
1296	2.039	1.882	2.039	2.059	6
1297	2.02	1.843	2.098	2.059	6
1298	2.059	1.824	2.098	2.078	6
1299	1.941	1.824	2.078	2.02	6
1300	1.902	1.824	2.098	2.0	6
1301	1.902	1.922	2.098	1.961	6
1302	1.784	1.863	2.059	1.98	6
1303	1.98	1.941	2.059	2.0	6
1304	1.902	1.961	2.078	1.98	6
1305	1.922	1.961	2.078	1.98	6
1306	1.824	2.0	2.039	2.02	6
1307	1.824	1.961	2.078	1.98	6
1308	1.922	1.961	2.0	2.02	6
1309	1.961	2.039	2.098	2.118	6
1310	2.059	2.039	2.059	2.039	6
1311	2.0	1.941	2.059	2.039	6
1312	2.02	1.902	2.059	2.0	6
1313	2.039	1.863	2.059	2.0	6
1314	2.039	1.843	2.078	2.039	6
1315	2.0	1.843	2.059	2.0	6
1316	1.961	1.824	2.098	1.961	6
1317	1.961	1.745	2.02	2.02	6
1318	2.02	1.863	2.039	1.961	6
1319	1.863	1.882	2.059	1.941	6
1320	1.98	1.941	2.098	1.961	6
1321	1.922	1.961	2.059	1.98	6
1322	1.941	2.0	2.039	1.961	6
1323	1.902	2.02	2.098	1.941	6
1324	1.941	1.961	2.078	1.941	6
1325	1.961	1.902	2.137	1.843	6
1326	2.078	1.922	2.02	2.02	6
1327	1.961	1.98	2.039	1.98	6
1328	2.0	1.902	2.039	2.0	6
1329	2.059	1.882	2.039	1.98	6
1330	2.098	1.902	2.078	2.0	6
1331	2.039	1.824	2.078	2.0	6
1332	2.0	1.804	2.118	2.02	6
1333	1.922	1.843	2.078	1.98	6
1334	1.922	1.765	2.059	1.961	6
1335	2.02	1.863	2.039	1.902	6
1336	1.902	1.882	2.039	1.961	6
1337	2.0	1.922	2.059	1.922	6
1338	1.941	1.961	2.039	1.941	6
1339	1.961	1.961	2.059	1.98	6
1340	1.922	2.0	2.059	1.941	6
1341	1.941	1.961	2.098	1.941	6
1342	1.922	1.941	2.078	1.941	6
1343	1.961	1.882	2.098	2.0	6
1344	2.039	1.902	2.039	2.039	6
1345	2.02	1.824	2.02	2.02	6
1346	2.098	1.882	2.02	1.98	6
1347	2.039	1.882	2.059	1.98	6
1348	2.059	1.843	2.039	1.98	6
1349	2.039	1.863	2.078	2.0	6
1350	1.961	1.804	2.098	1.941	6
1351	1.961	1.804	1.98	2.0	6
1352	1.922	1.902	2.098	1.922	6
1353	1.922	1.882	2.02	1.902	6
1354	1.922	1.941	2.059	1.961	6
1355	1.902	1.961	2.059	1.98	6
1356	1.941	1.961	2.039	1.961	6
1357	1.882	1.941	2.039	1.882	6
1358	1.902	1.902	2.059	1.941	6
1359	1.922	1.922	2.078	1.961	6
1360	1.98	1.882	2.059	2.0	6
1361	2.039	2.0	2.059	1.98	6
1362	2.02	1.863	2.039	2.02	6
1363	2.059	1.882	2.039	2.02	6
1364	2.059	1.882	2.039	2.0	6
1365	2.039	1.824	2.039	1.961	6
1366	1.961	1.843	2.059	2.0	6
1367	1.882	1.824	2.078	2.02	6
1368	1.765	1.745	2.118	1.961	6
1369	2.039	1.922	2.02	1.961	6
1370	1.882	1.941	2.059	1.941	6
1371	1.902	1.961	2.059	1.98	6
1372	1.902	1.961	2.059	1.98	6
1373	1.922	1.961	2.059	1.961	6
1374	1.882	2.0	2.039	2.0	6
1375	1.784	2.0	2.118	1.98	6
1376	1.902	2.0	2.157	1.98	6
1377	2.039	2.0	2.118	2.0	6
1378	1.922	2.02	2.098	2.059	6
1379	1.961	1.941	2.039	2.078	6
1380	2.0	1.922	2.059	2.039	6
1381	2.039	1.902	2.059	2.039	6
1382	2.0	1.882	2.078	2.0	6
1383	2.02	1.843	2.059	2.02	6
1384	1.882	1.824	2.118	2.02	6
1385	1.824	1.902	2.098	1.98	6
1386	1.882	1.863	2.098	2.02	6
1387	1.922	1.902	2.059	1.902	6
1388	2.0	1.941	2.059	1.941	6
1389	1.941	1.961	2.059	1.922	6
1390	1.941	1.98	2.059	1.941	6
1391	1.882	1.98	2.039	1.922	6
1392	1.941	1.98	2.039	1.941	6
1393	1.961	1.941	1.98	2.059	6
1394	1.922	2.02	2.098	1.98	6
1395	1.961	2.02	2.059	2.0	6
1396	1.98	1.902	2.02	1.98	6
1397	2.0	1.863	2.059	2.0	6
1398	2.039	1.863	2.039	1.98	6
1399	2.039	1.863	2.059	1.98	6
1400	2.02	1.824	2.059	2.02	6
1401	1.902	1.804	2.059	1.961	6
1402	1.98	1.686	2.157	1.961	6
1403	1.941	1.824	2.039	1.961	6
1404	1.882	1.902	2.059	1.902	6
1405	1.961	1.882	2.078	1.98	6
1406	1.941	1.941	2.059	1.961	6
1407	1.922	2.0	2.059	1.941	6
1408	1.902	1.941	2.118	1.98	6
1409	1.843	1.961	2.02	1.961	6
1410	1.961	1.922	1.98	2.059	6
1411	1.922	1.941	2.02	2.0	6
1412	2.0	1.98	2.078	2.0	6
1413	2.02	1.922	2.059	2.02	6
1414	2.0	1.882	2.039	2.0	6
1415	2.039	1.882	2.059	2.0	6
1416	2.078	1.804	2.078	2.039	6
1417	2.039	1.784	2.098	1.98	6
1418	1.98	1.804	2.059	1.961	6
1419	1.922	1.941	2.098	1.922	6
1420	1.98	1.941	2.0	1.961	6
1421	1.941	1.922	2.059	1.941	6
1422	1.941	1.922	2.039	1.941	6
1423	1.941	1.941	2.039	1.98	6
1424	1.941	1.961	2.059	1.941	6
1425	1.882	1.941	2.078	1.961	6
1426	1.922	1.902	2.098	1.941	6
1427	1.961	1.922	2.0	2.039	6
1428	1.961	2.039	2.02	1.98	6
1429	2.0	1.98	2.059	2.0	6
1430	1.98	1.824	2.02	2.059	6
1431	2.039	1.863	2.078	2.02	6
1432	2.059	1.843	2.039	2.039	6
1433	2.078	1.824	2.039	2.0	6
1434	2.098	1.745	2.059	1.961	6
1435	1.941	1.784	2.059	1.98	6
1436	1.922	1.863	1.961	1.961	6
1437	2.02	1.922	2.118	1.98	6
1438	1.922	1.863	2.039	1.961	6
1439	2.02	1.882	2.039	1.922	6
1440	1.961	1.922	2.02	1.941	6
1441	1.961	1.941	2.039	1.961	6
1442	1.902	1.941	2.078	1.961	6
1443	1.882	1.922	2.039	1.922	6
1444	1.98	1.922	2.0	2.078	6
1445	1.882	1.98	2.059	2.0	6
1446	2.0	2.0	2.078	2.039	6
1447	2.078	1.863	2.02	2.0	6
1448	2.078	1.882	2.0	2.039	6
1449	2.098	1.882	2.059	2.02	6
1450	2.039	1.843	2.059	2.0	6
1451	2.02	1.824	2.078	2.02	6
1452	1.961	1.863	2.118	1.98	6
1453	1.941	1.784	2.157	1.922	6
1454	2.02	1.882	2.02	1.98	6
1455	1.882	1.902	2.098	2.0	6
1456	1.98	1.98	2.118	1.941	6
1457	1.922	1.961	2.078	1.98	6
1458	1.922	2.02	2.059	1.961	6
1459	1.863	2.0	2.078	1.961	6
1460	1.882	1.98	2.02	1.961	6
1461	1.882	1.922	2.137	1.902	6
1462	1.961	1.941	2.176	1.98	6
1463	1.882	1.98	2.059	2.039	6
1464	2.039	1.902	2.039	2.02	6
1465	2.02	1.902	2.039	2.0	6
1466	2.059	1.863	2.098	2.02	6
1467	2.078	1.843	2.078	2.0	6
1468	2.039	1.804	2.098	1.961	6
1469	1.98	1.804	2.137	2.0	6
1470	1.98	1.706	2.196	1.98	6
1471	1.922	1.843	2.059	1.961	6
1472	1.902	1.882	2.039	1.961	6
1473	2.039	1.902	2.078	1.941	6
1474	1.961	1.98	2.059	1.941	6
1475	1.961	1.922	2.059	1.941	6
1476	1.922	1.961	2.059	1.941	6
1477	1.902	1.922	2.098	1.922	6
1478	1.922	1.902	2.118	1.843	6
1479	2.118	1.941	2.078	1.922	6
1480	2.059	1.922	2.039	2.0	6
1481	2.039	1.902	2.039	1.98	6
1482	2.0	1.882	2.078	2.0	6
1483	2.039	1.863	2.059	2.02	6
1484	2.059	1.824	2.039	1.98	6
1485	2.059	1.804	2.059	2.02	6
1486	1.902	1.804	2.098	1.98	6
1487	1.863	1.941	2.059	1.98	6
1488	1.941	1.863	2.039	2.0	6
1489	1.882	1.922	2.078	1.961	6
1490	1.922	1.902	2.078	1.922	6
1491	1.902	1.941	2.078	1.98	6
1492	1.922	1.961	2.078	1.961	6
1493	1.863	1.961	2.098	1.961	6
1494	1.922	1.961	2.118	1.941	6
1495	1.902	1.98	2.039	1.843	6
1496	1.961	1.922	2.137	1.98	6
1497	1.961	2.02	2.078	2.02	6
1498	2.0	1.922	2.059	2.039	6
1499	1.98	1.863	2.039	2.02	6
