time	channel1	channel2	channel3	channel4	class
0	1.961	1.804	2.098	2.02	6
1	1.941	1.902	2.059	1.882	6
2	2.059	1.922	2.098	2.0	6
3	1.941	1.882	2.02	1.98	6
4	2.02	1.922	2.078	1.961	6
5	1.98	1.961	2.039	1.961	6
6	1.941	2.0	2.059	2.0	6
7	1.843	1.941	2.078	1.98	6
8	1.922	1.98	2.059	1.961	6
9	1.941	1.961	2.078	1.824	6
10	1.961	1.98	2.02	2.059	6
11	1.98	1.941	2.039	2.039	6
12	2.02	1.882	2.02	2.02	6
13	2.059	1.922	2.039	2.039	6
14	2.059	1.882	2.059	2.0	6
15	2.059	1.843	2.078	2.059	6
16	2.02	1.824	2.098	2.0	6
17	1.941	1.804	2.098	1.961	6
18	2.0	1.745	2.02	1.961	6
19	1.902	1.784	2.098	2.0	6
20	1.941	1.902	2.039	1.941	6
21	1.941	1.902	2.059	1.941	6
22	1.961	1.961	2.039	1.941	6
23	1.941	1.941	2.059	1.922	6
24	1.922	1.98	2.078	1.882	6
25	1.882	1.961	2.078	1.922	6
26	1.961	1.941	2.137	1.804	6
27	1.98	1.941	2.0	2.0	6
28	2.02	2.0	2.059	1.98	6
29	1.98	1.882	2.02	2.02	6
30	2.098	1.863	2.059	1.961	6
31	2.059	1.863	2.078	2.0	6
32	2.02	1.882	2.118	2.02	6
33	1.98	1.902	2.118	2.039	6
34	1.941	1.824	2.078	2.059	6
35	1.843	1.804	2.196	1.98	6
36	2.0	1.843	2.039	1.922	6
37	1.863	1.922	2.098	1.941	6
38	1.961	1.98	2.059	1.902	6
39	1.882	1.98	2.078	1.961	6
40	1.902	2.0	2.098	2.0	6
41	1.784	2.0	2.078	1.941	6
42	1.863	1.98	2.078	1.941	6
43	1.863	2.039	2.02	2.02	6
44	1.902	1.961	2.059	1.922	6
45	1.941	1.98	2.098	2.02	6
46	1.941	1.902	2.078	2.0	6
47	1.98	1.863	2.02	2.0	6
48	2.02	1.843	2.078	2.0	6
49	2.039	1.824	2.118	2.0	6
50	1.98	1.843	2.078	2.0	6
51	1.922	1.804	2.098	1.922	6
52	1.941	1.922	2.059	1.941	6
53	1.98	1.804	2.059	1.882	6
54	1.882	1.882	2.059	1.941	6
55	2.0	1.902	2.059	1.941	6
56	1.902	1.922	2.059	1.941	6
57	1.922	1.961	2.059	1.941	6
58	1.824	1.941	2.098	1.882	6
59	1.843	1.941	2.059	1.922	6
60	1.941	1.882	2.137	2.039	6
61	1.98	1.902	2.157	2.0	6
62	1.941	1.941	2.078	2.02	6
63	2.039	1.882	2.059	2.039	6
64	1.98	1.902	2.059	2.02	6
65	2.059	1.882	2.059	2.02	6
66	2.02	1.863	2.078	1.98	6
67	2.02	1.824	2.098	1.961	6
68	1.902	1.843	2.078	2.059	6
69	1.804	1.922	2.098	1.882	6
70	2.0	1.902	2.098	1.922	6
71	1.882	1.863	2.078	1.961	6
72	2.0	1.902	2.078	1.941	6
73	1.902	1.961	2.059	1.961	6
74	1.941	1.961	2.059	1.941	6
75	1.843	1.98	2.059	1.902	6
76	1.922	1.902	2.098	1.922	6
77	1.902	1.922	2.157	1.824	6
78	2.118	1.863	2.098	1.98	6
79	2.02	1.941	2.039	2.0	6
80	2.0	1.882	2.02	1.98	6
81	2.02	1.882	2.059	2.0	6
82	2.059	1.863	2.059	2.0	6
83	2.059	1.843	2.039	1.98	6
84	2.078	1.843	2.059	1.98	6
85	1.882	1.824	2.098	1.941	6
86	2.02	1.686	2.02	1.98	6
87	1.961	1.824	2.078	1.961	6
88	1.902	1.882	2.039	1.98	6
89	2.0	1.941	2.059	1.922	6
90	1.922	1.941	2.098	1.922	6
91	1.922	1.98	2.059	1.961	6
92	1.902	2.0	2.078	1.961	6
93	1.863	1.98	2.059	1.961	6
94	1.941	1.902	2.137	1.863	6
95	2.039	1.902	2.157	1.961	6
96	2.039	1.941	2.02	2.0	6
97	2.02	1.863	2.059	2.0	6
98	2.02	1.863	2.039	1.98	6
99	2.059	1.902	2.059	2.02	6
100	2.0	1.902	2.078	2.0	6
101	2.02	1.824	2.078	2.02	6
102	1.902	1.804	2.098	2.02	6
103	1.804	1.824	2.157	1.961	6
104	1.941	1.804	2.059	1.922	6
105	1.843	1.922	2.039	1.922	6
106	1.98	1.941	2.059	1.941	6
107	1.922	1.98	2.039	1.961	6
108	1.902	2.0	2.078	1.941	6
109	1.863	1.98	2.059	1.98	6
110	1.902	1.961	2.039	1.922	6
111	1.941	2.0	2.118	1.882	6
112	2.02	1.961	2.078	1.882	6
113	1.961	1.98	2.039	2.0	6
114	2.02	1.882	2.039	2.039	6
115	2.059	1.922	2.059	1.98	6
116	2.098	1.902	2.039	2.0	6
117	2.059	1.882	2.02	2.02	6
118	2.039	1.804	2.098	2.02	6
119	1.863	1.843	2.078	2.078	6
120	1.843	1.882	2.039	2.0	6
121	1.98	1.941	2.118	1.98	6
122	1.941	1.922	2.059	1.922	6
123	1.961	1.882	2.039	1.961	6
124	1.922	1.98	2.059	1.961	6
125	1.922	1.98	2.078	1.961	6
126	1.882	1.961	2.059	2.0	6
127	1.863	1.922	2.118	1.961	6
128	1.961	1.902	2.02	2.02	6
129	1.902	1.98	2.059	1.961	6
130	1.922	1.961	2.098	2.059	6
131	2.02	1.882	2.059	2.0	6
132	2.039	1.902	2.059	2.039	6
133	2.078	1.843	2.059	2.02	6
134	2.078	1.804	2.098	2.0	6
135	2.02	1.863	2.059	2.02	6
136	1.922	1.804	2.118	1.941	6
137	1.902	1.941	1.98	1.941	6
138	1.882	1.882	2.078	1.941	6
139	1.882	1.843	2.02	1.961	6
140	1.922	1.922	2.078	1.922	6
141	1.902	1.941	2.078	1.961	6
142	1.961	1.961	2.039	1.98	6
143	1.882	1.941	2.039	1.922	6
144	1.882	1.922	2.078	1.902	6
145	1.902	1.902	2.137	1.882	6
146	1.941	1.941	2.098	1.902	6
147	1.941	1.902	2.039	2.059	6
148	2.039	1.882	2.02	2.0	6
149	2.039	1.882	2.039	2.0	6
150	2.059	1.843	2.039	2.02	6
151	2.039	1.824	2.02	2.039	6
152	2.118	1.765	2.098	2.0	6
153	1.922	1.784	2.078	2.02	6
154	1.843	1.863	2.078	2.0	6
155	2.02	1.804	2.098	2.02	6
156	1.961	1.882	2.039	1.98	6
157	1.98	1.941	2.059	1.961	6
158	1.961	1.941	2.059	1.98	6
159	1.98	1.98	2.039	1.98	6
160	1.902	1.961	2.098	1.98	6
161	1.941	1.941	2.078	1.941	6
162	1.941	1.98	2.0	1.961	6
163	1.941	1.98	2.118	1.922	6
164	1.941	1.922	2.078	2.039	6
165	2.059	1.902	2.098	2.02	6
166	2.02	1.863	2.078	2.059	6
167	2.059	1.882	2.078	2.02	6
168	2.059	1.843	2.059	1.98	6
169	2.02	1.804	2.039	2.039	6
170	1.961	1.843	2.118	1.98	6
171	1.922	1.941	2.02	1.961	6
172	1.98	1.961	2.118	1.961	6
173	1.922	1.902	2.098	1.941	6
174	1.941	1.863	2.02	1.961	6
175	1.922	2.0	2.078	1.961	6
176	1.941	1.98	2.098	1.941	6
177	1.863	1.98	2.059	1.961	6
178	1.804	1.98	2.098	1.941	6
179	1.902	1.98	2.059	2.078	6
180	1.961	1.98	2.059	1.98	6
181	2.0	2.02	2.078	1.98	6
182	1.98	1.882	2.059	2.039	6
183	2.02	1.902	2.02	2.039	6
184	2.02	1.882	2.078	1.98	6
185	2.078	1.843	2.039	1.98	6
186	2.0	1.863	2.039	2.0	6
187	1.98	1.824	2.078	1.941	6
188	1.98	1.804	2.098	2.02	6
189	1.98	1.863	2.039	1.902	6
190	1.882	1.902	2.078	1.941	6
191	2.0	1.941	2.02	1.922	6
192	1.941	1.961	2.059	1.941	6
193	1.961	2.0	2.059	1.941	6
194	1.882	1.98	2.078	1.882	6
195	1.863	1.98	2.078	1.902	6
196	1.941	1.98	2.039	1.902	6
197	1.902	1.961	2.098	1.922	6
198	1.922	1.941	2.059	2.02	6
199	2.039	1.922	2.02	1.941	6
200	1.961	1.902	2.039	2.0	6
201	2.039	1.863	2.059	2.02	6
202	2.039	1.843	2.02	2.039	6
203	2.059	1.843	2.059	2.0	6
204	1.941	1.824	2.078	1.961	6
205	1.961	1.784	2.02	2.02	6
206	2.0	1.863	2.098	1.98	6
207	1.902	1.941	2.059	1.961	6
208	1.98	1.961	2.059	1.961	6
209	1.902	2.0	2.059	2.0	6
210	1.98	1.98	2.059	1.98	6
211	1.882	1.98	2.078	1.941	6
212	1.882	1.922	2.098	1.941	6
213	1.941	1.961	2.118	1.882	6
214	1.902	1.98	2.098	1.922	6
215	1.902	1.961	2.078	2.078	6
216	2.02	1.922	2.02	1.98	6
217	1.98	1.922	2.059	2.059	6
218	2.078	1.902	2.078	2.039	6
219	2.059	1.882	2.059	1.98	6
220	2.039	1.824	2.059	2.02	6
221	1.882	1.843	2.059	2.02	6
222	1.863	1.941	2.039	1.961	6
223	1.941	1.961	2.02	1.882	6
224	1.882	1.863	2.078	1.902	6
225	1.961	1.882	2.039	1.961	6
226	1.941	1.961	2.039	1.941	6
227	1.941	2.0	2.039	1.941	6
228	1.863	1.98	2.078	1.902	6
229	1.843	1.961	2.059	1.961	6
230	1.902	1.922	2.078	1.98	6
231	1.961	1.961	2.039	1.941	6
232	1.941	1.922	2.039	2.0	6
233	2.02	1.882	2.039	1.98	6
234	1.98	1.843	2.02	2.0	6
235	2.039	1.882	2.039	1.961	6
236	2.059	1.863	2.039	2.0	6
237	2.02	1.824	2.059	2.02	6
238	1.941	1.804	2.098	1.961	6
239	1.902	1.863	2.02	1.941	6
240	1.98	1.882	2.098	1.941	6
241	1.922	1.824	2.02	1.922	6
242	1.961	1.902	2.039	1.902	6
243	1.902	1.961	2.078	1.98	6
244	1.902	2.0	2.078	1.98	6
245	1.902	1.98	2.078	2.02	6
246	1.882	1.941	2.02	1.922	6
247	1.922	1.922	2.098	1.882	6
248	2.078	1.902	2.039	2.02	6
249	2.02	2.059	2.059	2.0	6
250	2.02	1.902	2.02	1.98	6
251	1.961	1.882	2.039	2.0	6
252	2.02	1.863	2.098	2.02	6
253	2.039	1.882	2.059	2.0	6
254	2.0	1.843	2.098	2.02	6
255	1.941	1.843	2.098	2.02	6
256	1.863	1.922	2.137	1.941	6
257	1.98	1.961	2.02	1.941	6
258	1.902	1.882	2.02	1.941	6
259	1.922	1.922	2.098	1.941	6
260	1.941	1.98	2.059	1.922	6
261	1.922	2.0	2.059	1.98	6
262	1.882	1.98	2.059	2.0	6
263	1.902	1.941	2.078	1.941	6
264	1.902	1.961	2.039	2.059	6
265	1.922	1.98	2.157	1.98	6
266	1.922	2.0	2.078	1.98	6
267	2.039	1.882	2.039	2.02	6
268	2.039	1.922	2.078	2.02	6
269	2.039	1.882	2.059	2.039	6
270	2.039	1.882	2.059	2.02	6
271	2.078	1.843	2.078	2.02	6
272	1.922	1.804	2.078	1.98	6
273	1.961	1.843	1.961	2.02	6
274	1.941	1.824	2.078	1.98	6
275	1.922	1.922	2.078	1.961	6
276	1.961	1.941	2.059	1.941	6
277	1.941	1.961	2.039	1.98	6
278	1.941	2.02	2.059	2.02	6
279	1.882	2.0	2.059	2.039	6
280	1.902	1.922	2.059	1.961	6
281	1.922	1.902	2.098	1.922	6
282	2.039	1.902	2.078	1.922	6
283	1.941	2.02	2.118	2.039	6
284	2.039	1.882	2.039	2.02	6
285	2.0	1.902	2.059	2.059	6
286	2.078	1.882	2.059	2.02	6
287	2.059	1.843	2.118	2.059	6
288	2.039	1.863	2.059	2.078	6
289	1.98	1.804	2.098	2.02	6
290	1.863	1.863	2.078	1.882	6
291	1.941	1.882	2.059	1.902	6
292	1.843	1.863	2.118	1.961	6
293	1.922	1.882	2.098	1.98	6
294	1.922	1.941	2.078	1.98	6
295	1.941	2.0	2.039	1.98	6
296	1.882	1.961	2.039	1.961	6
297	1.824	1.941	2.078	1.941	6
298	1.902	1.922	2.098	2.039	6
299	1.824	2.059	2.039	1.941	6
300	1.941	1.961	2.098	2.0	6
301	2.0	1.863	2.078	2.039	6
302	1.98	1.882	2.059	2.0	6
303	2.059	1.902	2.078	2.0	6
304	2.02	1.843	2.059	2.02	6
305	2.059	1.765	2.137	1.98	6
306	1.902	1.804	2.078	2.0	6
307	1.882	1.863	2.157	1.961	6
308	1.922	1.863	2.059	1.98	6
309	1.843	1.882	2.059	1.922	6
310	1.98	1.882	2.02	1.961	6
311	1.922	1.941	2.078	1.941	6
312	1.941	1.98	2.059	1.941	6
313	1.882	1.941	2.059	1.961	6
314	1.804	1.941	2.039	1.961	6
315	1.941	1.941	2.039	1.902	6
316	2.157	1.941	2.098	1.961	6
317	2.078	2.02	2.078	2.02	6
318	1.98	1.902	2.02	2.02	6
319	2.02	1.882	2.078	2.0	6
320	2.078	1.902	2.059	2.0	6
321	2.078	1.843	2.059	2.02	6
322	2.059	1.824	2.078	2.02	6
323	1.941	1.863	2.078	2.0	6
324	1.863	1.882	2.078	2.0	6
325	1.98	1.902	2.039	1.941	6
326	1.941	1.863	2.059	1.98	6
327	1.98	1.922	2.059	1.961	6
328	1.941	1.922	2.059	1.961	6
329	1.941	1.98	2.059	1.98	6
330	1.902	1.98	2.078	1.98	6
331	1.882	1.941	2.078	1.961	6
332	1.98	1.941	2.098	1.922	6
333	1.98	2.0	2.039	2.078	6
334	1.922	1.98	2.118	2.02	6
335	2.059	1.863	2.02	2.039	6
336	2.0	1.863	2.039	2.02	6
337	2.059	1.843	2.078	2.0	6
338	2.059	1.843	2.039	1.98	6
339	2.039	1.843	2.078	2.02	6
340	1.922	1.843	2.098	2.0	6
341	1.902	1.784	1.98	2.02	6
342	1.922	1.843	2.118	2.039	6
343	1.98	1.882	2.059	1.961	6
344	1.961	1.882	2.059	1.961	6
345	1.941	1.961	2.078	1.961	6
346	1.941	2.0	2.078	1.961	6
347	1.941	2.0	2.039	1.98	6
348	1.882	1.941	2.078	1.941	6
349	1.941	1.922	2.137	1.922	6
350	2.039	1.961	2.137	1.98	6
351	2.059	2.0	2.098	2.0	6
352	2.078	1.902	2.02	2.039	6
353	2.039	1.902	2.078	2.0	6
354	2.059	1.863	2.059	2.02	6
355	2.078	1.863	2.059	2.02	6
356	2.098	1.843	2.098	2.0	6
357	1.961	1.843	2.078	2.0	6
358	2.02	1.902	2.137	1.882	6
359	1.961	1.863	2.059	1.922	6
360	1.941	1.843	2.078	1.941	6
361	2.0	1.922	2.059	1.922	6
362	1.941	1.961	2.059	1.961	6
363	1.922	2.0	2.059	1.961	6
364	1.902	1.98	2.039	1.961	6
365	1.902	1.98	2.059	1.902	6
366	1.882	1.961	2.039	1.882	6
367	2.157	1.941	2.137	1.941	6
368	1.941	2.078	2.098	2.02	6
369	2.039	1.902	2.039	2.0	6
370	2.02	1.882	2.059	1.98	6
371	2.039	1.882	2.039	1.98	6
372	2.078	1.843	2.039	2.0	6
373	2.118	1.804	2.059	2.02	6
374	2.0	1.863	2.098	1.98	6
375	1.941	1.882	1.961	2.078	6
376	1.902	1.902	2.059	1.902	6
377	1.902	1.882	2.078	1.941	6
378	1.941	1.941	2.059	1.98	6
379	1.961	1.941	2.078	1.961	6
380	1.961	1.961	2.039	1.941	6
381	1.922	1.961	2.098	1.922	6
382	1.765	1.961	2.078	1.922	6
383	1.863	1.902	2.098	2.0	6
384	1.824	1.98	2.098	1.961	6
385	1.902	1.941	2.118	2.0	6
386	2.0	1.882	2.098	2.02	6
387	1.98	1.824	2.078	2.039	6
388	2.02	1.882	2.059	2.02	6
389	2.039	1.902	2.059	2.02	6
390	2.039	1.843	2.059	2.0	6
391	1.902	1.804	2.078	2.0	6
392	1.941	1.765	2.078	2.0	6
393	1.882	1.902	2.059	1.922	6
394	1.902	1.922	2.039	1.941	6
395	1.98	1.941	2.078	1.961	6
396	1.961	1.961	2.059	1.98	6
397	1.922	1.961	2.059	1.941	6
398	1.922	1.961	2.059	1.98	6
399	1.882	1.941	2.078	1.902	6
400	1.922	1.922	2.078	1.882	6
401	2.02	1.941	2.118	1.961	6
402	2.059	2.0	2.039	2.0	6
403	2.059	1.882	2.0	2.02	6
404	2.0	1.882	2.02	1.98	6
405	2.039	1.882	2.059	2.02	6
406	2.059	1.824	2.039	2.0	6
407	2.078	1.804	2.059	2.0	6
408	1.98	1.804	2.078	1.961	6
409	1.902	1.843	2.196	1.902	6
410	1.98	1.804	2.039	1.863	6
411	1.922	1.882	2.039	1.882	6
412	1.98	1.902	2.059	1.98	6
413	1.922	1.961	2.078	1.941	6
414	1.941	2.0	2.059	1.961	6
415	1.922	1.98	2.078	1.941	6
416	1.863	1.941	2.078	1.882	6
417	1.902	1.961	2.098	1.863	6
418	1.961	1.98	2.098	1.941	6
419	2.039	1.98	2.137	1.98	6
420	2.02	1.882	2.059	2.039	6
421	2.059	1.902	2.02	2.0	6
422	2.039	1.882	2.059	2.0	6
423	2.039	1.843	2.078	2.02	6
424	2.059	1.824	2.039	2.02	6
425	1.941	1.843	2.098	1.98	6
426	1.902	1.824	2.02	2.0	6
427	1.882	1.922	2.02	1.941	6
428	1.922	1.922	2.098	1.961	6
429	1.961	1.922	2.039	1.922	6
430	1.941	1.961	2.039	1.902	6
431	1.941	2.02	2.059	1.961	6
432	1.941	2.0	2.078	1.941	6
433	1.824	2.0	2.059	1.902	6
434	1.922	1.961	2.059	1.922	6
435	2.098	1.824	2.157	1.941	6
436	2.0	1.98	2.176	2.0	6
437	2.02	1.902	2.078	1.98	6
438	1.98	1.882	2.02	1.98	6
439	2.02	1.843	2.039	2.0	6
440	2.02	1.843	2.039	2.02	6
441	2.059	1.784	2.078	2.02	6
442	1.941	1.804	2.059	2.0	6
443	1.922	1.882	1.941	1.98	6
444	1.824	1.882	2.039	1.98	6
445	1.941	1.902	2.039	1.961	6
446	1.98	1.882	2.078	1.922	6
447	1.922	1.941	2.039	1.922	6
448	1.922	1.961	2.078	2.0	6
449	1.882	2.0	2.098	1.98	6
450	1.882	1.961	2.078	1.98	6
451	1.941	1.941	2.059	1.941	6
452	1.941	1.882	2.039	1.961	6
453	2.059	2.02	2.118	2.02	6
454	2.059	1.922	2.02	2.0	6
455	1.98	1.882	2.059	2.039	6
456	2.098	1.863	2.059	2.059	6
457	2.078	1.843	2.059	2.039	6
458	2.098	1.804	2.059	2.039	6
459	1.941	1.843	2.078	2.02	6
460	1.882	1.843	2.118	1.961	6
461	1.882	1.804	2.098	1.902	6
462	1.922	1.863	2.059	1.98	6
463	1.961	1.941	2.059	1.961	6
464	1.941	1.961	2.059	1.961	6
465	1.922	1.98	2.059	2.0	6
466	1.902	1.961	2.078	1.98	6
467	1.882	1.922	2.059	1.941	6
468	1.882	1.941	2.039	1.922	6
469	2.059	1.922	2.078	1.961	6
470	2.02	2.039	2.078	2.02	6
471	1.961	1.941	2.078	2.0	6
472	1.922	1.941	2.059	2.02	6
473	1.98	1.863	2.078	2.039	6
474	2.039	1.863	2.039	2.078	6
475	2.039	1.784	2.078	1.98	6
476	1.961	1.824	2.078	2.0	6
477	1.922	1.804	1.961	2.078	6
478	1.863	1.922	2.118	2.0	6
479	1.922	1.941	2.078	2.0	6
480	1.922	1.941	2.039	2.0	6
481	1.961	1.941	2.039	2.0	6
482	1.941	2.0	2.059	1.98	6
483	1.902	1.98	2.098	1.98	6
484	1.863	1.98	2.059	1.941	6
485	1.863	1.961	2.118	1.941	6
486	1.98	1.98	2.137	1.941	6
487	1.922	1.98	2.118	2.039	6
488	1.941	1.902	2.02	2.059	6
489	1.98	1.902	1.98	1.98	6
490	2.02	1.863	2.059	2.0	6
491	2.0	1.882	2.039	2.039	6
492	2.02	1.804	2.137	2.02	6
493	1.941	1.863	2.059	2.02	6
494	1.824	1.784	2.176	1.922	6
495	1.882	1.863	2.039	1.941	6
496	1.824	1.902	2.078	1.941	6
497	1.902	1.922	2.039	1.941	6
498	1.902	1.941	2.059	1.961	6
499	1.922	1.98	2.059	1.961	6
500	1.922	2.0	2.059	1.941	6
501	1.882	1.941	2.02	1.922	6
502	1.922	1.941	2.039	1.922	6
503	2.059	1.804	2.196	1.902	6
504	1.961	1.98	2.098	1.98	6
505	2.039	1.882	2.02	2.02	6
506	2.0	1.843	2.0	2.0	6
507	2.078	1.882	2.059	2.02	6
508	2.039	1.843	2.02	2.0	6
509	2.078	1.824	2.098	2.0	6
510	1.922	1.824	2.059	2.0	6
511	1.922	1.882	2.0	2.059	6
512	2.0	1.941	1.98	1.98	6
513	1.902	1.902	2.098	1.961	6
514	1.961	1.941	2.02	1.882	6
515	1.961	1.902	2.02	1.98	6
516	1.941	1.98	2.02	1.961	6
517	1.922	2.0	2.059	1.961	6
518	1.863	1.922	2.078	1.941	6
519	1.941	1.98	2.059	1.98	6
520	1.922	1.98	1.98	2.0	6
521	1.941	1.902	2.059	2.039	6
522	2.078	1.922	2.02	2.059	6
523	2.059	1.882	2.0	2.0	6
524	2.098	1.863	2.039	2.0	6
525	2.059	1.843	2.059	2.039	6
526	2.078	1.843	2.078	2.039	6
527	1.941	1.804	2.078	2.02	6
528	1.922	1.765	2.039	1.863	6
529	1.941	1.843	2.059	1.922	6
530	1.941	1.804	2.039	1.961	6
531	1.941	1.902	2.059	1.941	6
532	1.922	1.941	2.078	1.961	6
533	1.941	2.0	2.078	1.961	6
534	1.902	1.961	2.098	2.0	6
535	1.882	1.902	2.059	1.961	6
536	1.922	1.961	2.078	1.941	6
537	2.0	1.961	2.078	1.961	6
538	1.922	1.902	2.118	1.98	6
539	2.02	1.941	2.078	2.039	6
540	2.0	1.902	2.059	2.0	6
541	2.059	1.863	2.039	2.039	6
542	2.059	1.882	2.039	2.0	6
543	2.02	1.843	2.078	1.98	6
544	1.941	1.804	2.039	1.98	6
545	1.922	1.882	2.118	1.922	6
546	1.961	1.882	2.059	2.02	6
547	1.922	1.941	2.039	1.922	6
548	1.902	1.902	2.039	1.941	6
549	1.941	1.941	2.059	1.922	6
550	1.98	1.98	2.039	1.941	6
551	1.922	1.98	2.059	1.922	6
552	1.843	1.961	2.02	1.902	6
553	1.902	1.922	2.039	1.882	6
554	1.961	2.0	2.098	2.0	6
555	1.941	1.882	2.118	1.961	6
556	2.02	1.922	2.059	2.0	6
557	1.961	1.843	2.02	2.0	6
558	2.039	1.882	2.059	2.0	6
559	2.039	1.863	2.02	2.02	6
560	2.039	1.804	2.098	1.98	6
561	1.961	1.804	2.02	1.98	6
562	1.941	1.824	2.0	2.059	6
563	1.863	1.804	2.098	1.922	6
564	2.0	1.843	2.078	1.961	6
565	1.922	1.922	2.039	1.922	6
566	1.922	1.941	2.059	1.961	6
567	1.922	1.98	2.039	1.961	6
568	1.922	1.98	2.059	1.922	6
569	1.882	2.0	2.078	1.961	6
570	1.941	1.98	2.059	1.98	6
571	1.922	2.098	2.098	1.941	6
572	2.02	1.98	2.078	1.98	6
573	2.0	1.882	2.039	2.02	6
574	2.0	1.882	2.039	2.02	6
575	2.078	1.863	2.059	2.02	6
576	2.078	1.824	2.039	2.02	6
577	2.059	1.804	2.078	2.02	6
578	1.941	1.843	2.02	2.0	6
579	1.882	1.843	2.039	2.078	6
580	1.961	1.902	2.0	2.02	6
581	1.98	1.941	2.078	1.961	6
582	1.941	1.902	2.059	1.961	6
583	1.902	1.922	2.039	1.941	6
584	1.922	1.98	2.059	1.941	6
585	1.902	1.98	2.059	1.922	6
586	1.804	2.0	2.039	1.961	6
587	1.922	1.922	2.059	1.941	6
588	2.0	2.039	1.98	2.02	6
589	1.902	1.863	2.137	1.98	6
590	2.0	1.922	2.02	2.0	6
591	1.961	1.882	2.059	2.0	6
592	2.039	1.824	2.078	2.0	6
593	2.02	1.824	2.059	2.0	6
594	2.039	1.824	2.078	2.039	6
595	1.961	1.804	2.078	2.02	6
596	1.941	1.784	2.059	2.098	6
597	1.882	1.824	2.059	1.941	6
598	1.98	1.843	2.059	1.941	6
599	1.941	1.922	2.039	1.902	6
600	1.98	1.922	2.059	1.961	6
601	1.961	1.941	2.039	1.961	6
602	1.941	1.922	2.078	1.961	6
603	1.843	1.961	2.118	1.941	6
604	1.98	1.961	2.098	1.941	6
605	2.078	1.882	2.118	2.0	6
606	1.961	1.941	2.059	1.961	6
607	2.039	1.902	2.059	2.02	6
608	2.02	1.843	2.0	2.0	6
609	2.078	1.882	2.02	1.98	6
610	2.078	1.882	2.078	1.98	6
611	2.059	1.882	2.098	1.98	6
612	1.98	1.824	2.059	2.02	6
613	1.922	1.843	2.078	1.961	6
614	1.922	1.882	2.078	1.941	6
615	1.941	1.902	2.098	1.941	6
616	1.882	1.922	2.078	1.961	6
617	1.941	1.961	2.098	1.98	6
618	1.922	2.0	2.078	1.961	6
619	1.941	2.0	2.078	2.0	6
620	1.863	2.0	2.098	1.98	6
621	1.863	1.922	2.078	1.98	6
622	1.961	1.863	2.059	2.0	6
623	2.0	1.98	2.098	1.961	6
624	2.0	1.941	2.059	2.0	6
625	1.941	1.882	2.02	2.02	6
626	2.059	1.882	2.059	2.02	6
627	2.039	1.843	2.078	2.0	6
628	2.02	1.824	2.078	2.02	6
629	1.961	1.824	2.059	2.0	6
630	1.902	1.863	2.039	2.0	6
631	1.843	1.843	2.059	2.059	6
632	1.941	1.843	2.059	1.961	6
633	1.902	1.882	2.0	1.922	6
634	1.922	1.961	2.039	1.941	6
635	1.961	1.961	2.059	1.941	6
636	1.941	1.961	2.078	1.941	6
637	1.843	1.98	2.118	1.882	6
638	1.922	1.961	2.059	1.902	6
639	1.922	2.02	2.196	1.902	6
640	1.922	1.98	2.078	2.0	6
641	2.02	1.941	2.078	1.98	6
642	1.98	1.824	2.039	1.98	6
643	2.059	1.863	2.039	1.98	6
644	2.059	1.863	2.059	2.0	6
645	2.078	1.804	2.098	1.98	6
646	2.02	1.784	2.02	1.98	6
647	1.961	1.804	2.039	1.922	6
648	1.922	1.863	2.098	1.98	6
649	2.02	1.863	2.078	1.902	6
650	1.922	1.882	2.078	1.922	6
651	1.961	1.941	2.078	1.902	6
652	1.941	1.961	2.039	1.922	6
653	1.941	1.98	2.039	1.941	6
654	1.882	1.961	2.02	1.961	6
655	1.882	1.922	2.039	1.922	6
656	1.941	1.922	2.078	2.02	6
657	1.882	2.02	2.098	2.0	6
658	2.02	1.902	2.059	2.02	6
659	2.0	1.882	2.02	1.98	6
660	2.02	1.882	2.078	2.039	6
661	2.039	1.843	2.039	1.961	6
662	2.059	1.882	2.078	2.02	6
663	1.941	1.843	2.059	1.98	6
664	1.902	1.804	2.039	1.941	6
665	1.902	1.863	2.118	2.0	6
666	1.98	1.922	2.059	2.02	6
667	1.941	1.902	2.078	1.961	6
668	1.961	1.922	2.059	1.961	6
669	1.941	1.961	2.039	1.961	6
670	1.941	2.0	2.059	1.961	6
671	1.882	2.0	2.039	1.98	6
672	1.902	1.941	2.078	1.961	6
673	1.941	2.02	2.039	2.039	6
674	1.98	1.961	2.098	1.98	6
675	2.059	1.941	2.0	2.0	6
676	1.98	1.882	2.059	2.0	6
677	2.059	1.863	2.02	2.0	6
678	2.078	1.863	2.059	2.0	6
679	2.098	1.843	2.039	2.0	6
680	2.02	1.804	2.098	1.98	6
681	1.902	1.804	2.118	1.882	6
682	1.98	1.863	2.098	1.941	6
683	1.882	1.843	2.118	1.961	6
684	1.902	1.902	2.059	1.98	6
685	1.941	1.961	2.078	1.98	6
686	1.922	2.0	2.059	1.961	6
687	1.922	2.0	2.098	2.0	6
688	1.824	1.98	2.059	1.961	6
689	1.922	1.961	2.039	1.98	6
690	1.882	1.961	2.118	2.0	6
691	1.902	1.902	2.059	2.059	6
692	2.0	1.941	2.02	2.02	6
693	1.961	1.863	2.078	2.02	6
694	2.02	1.902	2.059	2.039	6
695	2.02	1.882	2.098	2.02	6
696	2.039	1.882	2.059	2.078	6
697	1.941	1.804	2.098	1.98	6
698	1.922	1.824	2.098	1.902	6
699	2.078	1.824	2.098	1.922	6
700	1.882	1.863	2.059	1.98	6
701	1.902	1.922	2.059	1.941	6
702	1.961	1.961	2.059	1.961	6
703	1.902	1.98	2.039	1.98	6
704	1.922	1.961	2.059	2.0	6
705	1.863	1.902	2.059	1.98	6
706	1.882	1.922	2.039	1.922	6
707	2.02	1.922	2.0	1.922	6
708	1.941	2.078	2.137	2.0	6
709	2.0	1.98	2.039	2.02	6
710	1.98	1.902	2.039	2.039	6
711	2.039	1.863	2.039	2.0	6
712	2.078	1.843	2.039	2.02	6
713	2.059	1.824	2.098	1.961	6
714	2.0	1.843	2.059	1.98	6
715	1.922	1.824	2.118	1.882	6
716	2.078	1.863	2.118	1.961	6
717	1.882	1.824	2.059	1.98	6
718	1.922	1.941	2.098	1.961	6
719	1.961	1.922	2.02	1.961	6
720	1.941	1.98	2.078	1.961	6
721	1.961	1.98	2.078	1.98	6
722	1.882	2.0	2.039	1.961	6
723	1.922	1.98	2.078	1.961	6
724	1.882	1.843	2.078	1.941	6
725	1.961	1.961	2.059	2.02	6
726	2.02	1.961	2.039	2.0	6
727	2.02	1.843	2.039	2.039	6
728	2.02	1.902	2.059	2.02	6
729	2.059	1.843	2.059	2.0	6
730	2.039	1.824	2.039	2.02	6
731	2.0	1.784	2.078	2.059	6
732	1.961	1.804	2.098	1.902	6
733	1.941	1.725	2.078	1.961	6
734	1.882	1.843	2.078	1.922	6
735	1.902	1.922	2.039	1.961	6
736	1.961	1.922	2.059	1.941	6
737	1.941	1.922	2.059	1.961	6
738	1.961	1.98	2.059	1.98	6
739	1.902	1.98	2.059	1.941	6
740	1.863	1.961	2.039	1.882	6
741	1.922	1.98	2.02	1.961	6
742	1.961	2.02	2.059	1.922	6
743	2.02	1.882	2.059	2.02	6
744	2.0	1.843	2.0	1.98	6
745	2.039	1.863	2.059	2.02	6
746	2.039	1.882	2.059	2.02	6
747	2.059	1.863	2.098	1.98	6
748	1.98	1.804	2.098	1.961	6
749	1.941	1.804	2.118	1.98	6
750	1.824	1.922	2.059	1.961	6
751	2.02	1.922	2.098	1.961	6
752	1.902	1.922	2.118	1.98	6
753	1.941	1.961	2.059	1.941	6
754	1.941	1.98	2.039	1.941	6
755	1.941	1.98	2.078	1.98	6
756	1.863	1.98	2.02	1.98	6
757	1.882	2.0	2.078	1.961	6
758	1.922	2.02	1.98	1.941	6
759	1.922	1.922	2.098	2.02	6
760	1.961	1.941	2.039	2.02	6
761	1.922	1.922	2.0	2.039	6
762	2.02	1.902	2.078	2.02	6
763	2.059	1.882	2.059	2.02	6
764	2.02	1.843	2.059	2.039	6
765	1.941	1.843	2.059	1.98	6
766	1.882	1.824	2.137	1.922	6
767	1.882	1.824	2.098	1.961	6
768	2.0	1.941	2.098	1.961	6
769	1.922	1.902	2.078	1.961	6
770	1.941	1.961	2.098	1.98	6
771	1.902	1.98	2.078	1.961	6
772	1.922	2.0	2.098	1.922	6
773	1.843	2.0	2.118	1.902	6
774	1.922	1.98	2.078	1.941	6
775	1.922	1.941	1.98	1.98	6
776	1.922	1.922	2.02	1.941	6
777	2.0	1.961	2.078	1.98	6
778	1.922	1.882	2.098	2.0	6
779	2.02	1.882	2.059	2.0	6
780	2.078	1.882	2.059	2.0	6
781	2.098	1.863	2.059	2.02	6
782	1.98	1.843	2.078	2.039	6
783	1.941	1.824	2.059	1.863	6
784	2.02	1.882	2.078	1.941	6
785	1.98	1.882	2.137	1.941	6
786	1.961	1.922	2.039	1.902	6
787	2.039	1.922	2.059	1.922	6
788	1.98	1.961	2.059	1.941	6
789	1.961	1.98	2.078	1.941	6
790	1.902	1.98	2.098	1.961	6
791	1.922	1.98	2.059	1.941	6
792	1.941	1.961	2.098	1.922	6
793	2.02	1.882	2.157	2.078	6
794	2.039	1.922	2.059	1.98	6
795	2.02	1.843	2.02	2.02	6
796	2.098	1.922	2.039	2.0	6
797	2.078	1.863	2.098	2.0	6
798	2.078	1.824	2.059	1.961	6
799	2.059	1.765	2.059	2.02	6
800	1.961	1.804	2.059	2.02	6
801	1.922	1.902	2.098	1.941	6
802	2.02	1.863	2.098	1.961	6
803	1.941	1.882	2.02	1.902	6
804	2.02	1.902	2.039	1.961	6
805	1.961	1.941	2.039	1.961	6
806	1.98	1.941	2.078	1.941	6
807	1.902	1.922	2.059	1.922	6
808	1.941	1.941	2.039	1.941	6
809	1.941	1.922	2.157	1.882	6
810	2.0	2.0	2.078	2.0	6
811	2.02	1.961	2.078	2.039	6
812	2.02	1.843	2.0	2.039	6
813	2.098	1.882	2.059	2.0	6
814	2.078	1.902	2.078	2.02	6
815	2.078	1.843	2.098	2.02	6
816	1.961	1.824	2.098	2.078	6
817	1.922	1.824	2.118	1.941	6
818	2.039	1.863	2.039	2.02	6
819	1.922	1.863	2.039	1.941	6
820	1.922	1.863	2.078	2.0	6
821	1.98	1.98	2.059	1.961	6
822	1.922	1.98	2.098	2.02	6
823	1.922	2.0	2.039	1.98	6
824	1.902	1.98	2.098	1.98	6
825	1.882	1.98	2.078	1.961	6
826	1.922	1.98	2.02	1.843	6
827	1.941	2.039	2.059	2.0	6
828	2.0	1.961	2.039	2.039	6
829	2.02	1.882	2.039	2.039	6
830	2.078	1.882	2.039	2.0	6
831	2.059	1.843	2.078	2.0	6
832	2.078	1.843	2.098	2.0	6
833	1.98	1.863	2.078	1.98	6
834	1.882	1.824	2.118	1.98	6
835	1.902	1.922	2.059	1.941	6
836	2.02	1.863	2.078	1.902	6
837	1.843	1.922	2.059	1.941	6
838	1.98	1.902	2.098	1.961	6
839	1.922	1.961	2.059	1.98	6
840	1.922	2.0	2.078	1.98	6
841	1.824	2.0	2.02	1.961	6
842	1.902	1.941	2.039	1.961	6
843	1.961	1.902	2.118	2.039	6
844	1.941	1.922	2.02	1.961	6
845	1.961	1.98	2.059	2.0	6
846	1.961	1.902	2.059	2.02	6
847	2.02	1.863	2.059	2.0	6
848	2.039	1.863	2.039	2.039	6
849	2.02	1.824	2.059	2.039	6
850	1.98	1.824	2.078	2.02	6
851	1.902	1.843	2.078	1.941	6
852	2.0	1.745	2.098	1.961	6
853	1.882	1.765	2.02	1.922	6
854	1.843	1.882	2.039	1.941	6
855	1.98	1.902	2.059	1.961	6
856	1.902	1.961	2.039	1.961	6
857	1.922	1.98	2.039	1.961	6
858	1.843	1.941	2.078	1.922	6
859	1.902	1.902	2.039	1.941	6
860	1.922	1.902	2.176	1.863	6
861	1.922	1.882	2.137	2.02	6
862	2.0	1.941	2.078	2.039	6
863	1.98	1.843	2.039	2.039	6
864	2.059	1.882	2.02	2.02	6
865	2.039	1.902	2.039	2.02	6
866	2.059	1.902	2.059	2.02	6
867	1.961	1.804	2.098	2.0	6
868	1.922	1.824	2.078	2.0	6
869	1.804	1.863	2.137	1.941	6
870	1.902	1.882	2.118	1.941	6
871	1.863	1.882	2.059	2.0	6
872	1.961	1.941	2.078	1.961	6
873	1.902	1.98	2.078	1.961	6
874	1.961	1.98	2.059	1.941	6
875	1.882	1.98	2.118	1.922	6
876	1.922	1.941	2.059	1.941	6
877	1.941	1.922	2.137	1.882	6
878	1.922	1.922	2.137	1.98	6
879	2.02	1.961	2.039	2.0	6
880	2.02	1.882	2.039	2.0	6
881	2.039	1.863	2.039	2.0	6
882	2.098	1.863	2.039	2.0	6
883	2.039	1.882	2.059	2.0	6
884	2.0	1.804	2.059	2.02	6
885	1.922	1.804	2.078	1.961	6
886	2.0	1.98	2.0	2.02	6
887	2.0	1.824	2.118	1.98	6
888	1.961	1.902	2.039	1.902	6
889	2.0	1.902	2.059	1.941	6
890	1.961	1.922	2.059	1.922	6
891	1.961	1.941	2.02	1.961	6
892	1.922	1.961	2.059	1.961	6
893	1.843	1.961	2.039	1.941	6
894	1.902	1.882	2.176	1.922	6
895	2.039	1.882	2.137	2.039	6
896	2.078	1.941	2.02	2.02	6
897	2.02	1.863	2.039	2.02	6
898	2.0	1.863	2.039	2.02	6
899	2.02	1.843	2.039	2.0	6
900	2.039	1.863	2.039	1.98	6
901	2.059	1.843	2.078	2.078	6
902	1.941	1.824	2.078	2.039	6
903	1.804	1.98	2.059	1.922	6
904	1.863	1.804	2.098	1.961	6
905	1.882	1.902	2.078	1.941	6
906	1.961	1.941	2.059	1.941	6
907	1.922	1.961	2.059	1.98	6
908	1.941	1.98	2.059	1.961	6
909	1.843	1.98	2.078	1.922	6
910	1.902	1.941	2.039	1.941	6
911	1.922	1.941	2.0	2.02	6
912	1.882	1.98	2.098	1.961	6
913	2.0	1.922	2.059	2.0	6
914	2.0	1.843	2.0	2.0	6
915	2.02	1.882	2.039	1.98	6
916	2.02	1.882	2.078	2.0	6
917	2.059	1.882	2.098	2.0	6
918	2.02	1.863	2.098	2.02	6
919	1.902	1.843	2.118	2.059	6
920	1.784	1.961	2.098	1.98	6
921	1.961	1.902	2.098	2.0	6
922	1.843	1.922	2.098	2.0	6
923	2.0	1.941	2.039	1.98	6
924	1.922	1.961	2.059	1.961	6
925	1.922	2.0	2.078	1.98	6
926	1.824	1.98	2.118	1.98	6
927	1.882	1.922	2.098	2.0	6
928	1.941	1.941	2.157	1.941	6
929	1.882	1.941	2.118	2.02	6
930	1.98	2.039	2.039	2.078	6
931	2.0	1.882	2.059	2.02	6
932	2.039	1.882	2.059	2.039	6
933	2.078	1.902	2.098	2.02	6
934	2.059	1.882	2.059	2.02	6
935	2.02	1.863	2.098	2.039	6
936	1.863	1.843	2.098	2.0	6
937	1.961	1.843	2.039	2.039	6
938	1.98	1.863	2.098	2.02	6
939	1.902	1.941	2.059	2.0	6
940	1.961	1.961	2.078	1.961	6
941	1.922	1.98	2.059	2.0	6
942	1.922	1.98	2.078	1.98	6
943	1.902	2.02	2.059	1.941	6
944	1.843	1.98	2.02	1.902	6
945	1.863	1.941	2.157	1.882	6
946	2.0	1.961	2.078	1.902	6
947	2.0	2.0	2.059	2.02	6
948	1.98	1.902	2.059	2.02	6
949	2.0	1.902	2.02	1.98	6
950	2.059	1.902	2.039	2.0	6
951	2.059	1.863	2.059	1.98	6
952	2.02	1.843	2.078	2.0	6
953	1.941	1.863	2.098	1.941	6
954	1.961	2.0	2.02	2.0	6
955	1.941	1.863	2.098	1.941	6
956	1.922	1.902	2.059	1.941	6
957	2.0	1.941	2.059	1.941	6
958	1.922	1.961	2.059	1.941	6
959	1.941	1.961	2.039	1.961	6
960	1.863	1.922	2.039	1.902	6
961	1.843	1.941	2.078	1.902	6
962	1.902	1.902	2.0	2.0	6
963	1.863	1.961	2.059	2.039	6
964	1.941	2.0	2.098	2.039	6
965	2.02	1.824	2.02	2.039	6
966	2.039	1.843	2.0	2.0	6
967	2.039	1.882	2.059	2.0	6
968	2.059	1.824	2.059	2.02	6
969	2.039	1.843	2.098	2.0	6
970	2.0	1.804	2.078	1.941	6
971	2.0	1.784	2.078	1.98	6
972	2.02	1.824	2.039	1.941	6
973	1.882	1.882	2.059	1.961	6
974	1.961	1.941	2.098	1.941	6
975	1.902	1.961	2.059	1.941	6
976	1.961	1.961	2.059	1.902	6
977	1.882	1.98	2.078	1.922	6
978	1.941	1.941	1.98	1.941	6
979	1.961	1.941	2.098	1.804	6
980	2.02	1.922	2.098	1.941	6
981	2.02	1.961	2.078	2.0	6
982	2.059	1.902	2.02	2.02	6
983	2.059	1.902	2.02	1.98	6
984	2.078	1.882	2.059	1.98	6
985	2.078	1.843	2.098	2.0	6
986	2.039	1.804	2.118	2.0	6
987	2.0	1.804	2.078	1.961	6
988	2.039	1.706	2.157	1.98	6
989	1.961	1.843	2.059	1.922	6
990	1.922	1.863	2.039	1.941	6
991	2.02	1.902	2.078	1.941	6
992	1.98	1.961	2.078	1.941	6
993	1.98	1.98	2.039	1.922	6
994	1.922	1.98	2.078	1.882	6
995	1.863	1.902	2.078	1.922	6
996	1.941	1.961	2.098	1.824	6
997	1.98	1.941	2.078	1.98	6
998	2.0	1.98	2.078	2.0	6
999	2.0	1.902	2.039	2.039	6
1000	2.059	1.863	2.039	2.0	6
1001	2.078	1.863	2.059	1.98	6
1002	2.039	1.843	2.059	1.98	6
1003	2.0	1.863	2.059	2.02	6
1004	1.922	1.824	2.098	2.02	6
1005	1.882	1.961	2.196	1.98	6
1006	1.922	1.863	2.059	1.98	6
1007	1.922	1.882	2.059	1.922	6
1008	1.961	1.961	2.098	1.961	6
1009	1.902	1.98	2.098	1.98	6
1010	1.98	1.98	2.039	2.0	6
1011	1.941	2.0	2.078	1.941	6
1012	1.922	1.961	2.078	1.961	6
1013	1.98	1.961	2.0	1.843	6
1014	2.02	1.941	2.118	1.941	6
1015	2.0	1.98	2.078	2.039	6
1016	1.98	1.902	2.039	2.059	6
1017	2.0	1.902	2.02	2.02	6
1018	2.039	1.902	2.078	2.02	6
1019	2.039	1.863	2.078	2.0	6
1020	2.059	1.882	2.078	2.02	6
1021	1.98	1.843	2.098	1.961	6
1022	1.961	1.824	2.078	2.039	6
1023	2.0	1.902	2.078	2.02	6
1024	1.882	1.882	2.059	2.0	6
1025	2.0	1.961	2.059	1.941	6
1026	1.961	1.98	2.059	1.98	6
1027	2.0	2.0	2.078	1.961	6
1028	1.922	1.98	2.078	1.922	6
1029	1.843	1.98	2.098	1.961	6
1030	1.941	1.941	1.98	2.059	6
1031	1.843	2.0	2.098	1.961	6
1032	1.941	1.98	2.059	2.02	6
1033	2.039	1.882	2.059	2.0	6
1034	2.039	1.863	2.039	1.98	6
1035	2.039	1.863	2.039	2.02	6
1036	2.078	1.843	2.078	1.98	6
1037	2.039	1.824	2.078	2.02	6
1038	1.882	1.843	2.078	2.02	6
1039	1.863	1.961	2.118	1.98	6
1040	1.961	1.961	2.137	1.961	6
1041	1.922	1.863	2.059	1.922	6
1042	1.941	1.941	2.059	1.961	6
1043	1.941	1.98	2.078	1.961	6
1044	1.902	2.0	2.059	1.961	6
1045	1.882	1.98	2.039	1.961	6
1046	1.882	1.98	2.059	1.922	6
1047	1.922	1.961	2.098	1.922	6
1048	2.02	1.961	2.02	2.02	6
1049	1.961	2.039	2.098	2.02	6
1050	1.98	1.882	2.059	2.02	6
1051	2.02	1.902	2.059	2.02	6
1052	2.02	1.882	2.039	2.0	6
1053	2.039	1.863	2.098	2.0	6
1054	2.0	1.804	2.078	2.02	6
1055	1.882	1.824	2.098	2.0	6
1056	1.824	1.961	1.961	1.98	6
1057	1.882	1.882	2.118	1.902	6
1058	1.902	1.882	2.059	1.98	6
1059	1.98	1.941	2.078	1.961	6
1060	1.941	1.961	2.078	1.98	6
1061	1.922	1.98	2.078	1.98	6
1062	1.902	1.941	2.078	1.98	6
1063	1.902	1.941	2.059	1.961	6
1064	1.941	1.922	2.098	2.0	6
1065	1.922	1.961	2.078	1.941	6
1066	2.039	1.961	2.078	2.039	6
1067	2.02	1.863	2.039	2.039	6
1068	2.039	1.863	2.078	2.039	6
1069	2.078	1.843	2.039	2.0	6
1070	2.059	1.863	2.02	2.0	6
1071	2.059	1.765	2.078	1.98	6
1072	1.98	1.804	2.078	1.98	6
1073	1.922	1.745	2.176	1.941	6
1074	1.98	1.863	2.098	2.02	6
1075	1.98	1.882	2.059	1.922	6
1076	2.02	1.922	2.059	1.98	6
1077	1.941	1.941	2.059	1.941	6
1078	1.961	1.941	2.059	1.961	6
1079	1.922	1.961	2.059	1.922	6
1080	1.941	1.863	2.078	1.941	6
1081	1.961	1.902	2.0	1.804	6
1082	2.059	1.863	2.118	1.941	6
1083	2.059	2.0	2.078	2.0	6
1084	2.0	1.843	2.0	2.0	6
1085	2.0	1.863	2.039	1.98	6
1086	2.078	1.843	2.039	1.961	6
1087	2.059	1.824	2.059	1.98	6
1088	2.02	1.804	2.098	1.98	6
1089	1.922	1.804	2.078	1.98	6
1090	1.843	1.902	2.118	1.961	6
1091	2.0	1.941	2.059	1.882	6
1092	1.882	1.902	2.118	1.941	6
1093	1.941	1.941	2.078	1.941	6
1094	1.902	1.941	2.078	1.941	6
1095	1.922	1.961	2.059	1.961	6
1096	1.882	1.961	2.078	1.941	6
1097	1.843	2.0	2.098	1.902	6
1098	1.882	1.941	2.059	2.02	6
1099	1.961	1.961	2.118	1.941	6
1100	1.98	1.961	2.118	2.0	6
1101	2.0	1.863	2.039	1.98	6
1102	1.961	1.863	2.098	2.02	6
1103	2.059	1.863	2.059	1.961	6
1104	2.059	1.804	2.118	1.961	6
1105	2.02	1.863	2.059	1.98	6
1106	1.882	1.804	2.098	2.0	6
1107	1.843	1.922	2.137	1.902	6
1108	1.843	1.902	2.098	1.902	6
1109	1.902	1.863	2.039	1.922	6
1110	1.98	1.961	2.059	1.961	6
1111	1.941	1.941	2.059	1.961	6
1112	1.98	2.0	2.078	1.961	6
1113	1.863	2.0	2.059	1.98	6
1114	1.863	1.98	2.078	1.941	6
1115	1.922	1.98	2.059	2.02	6
1116	1.843	1.902	2.176	1.961	6
1117	1.961	2.039	2.098	2.0	6
1118	2.02	1.902	2.039	2.02	6
1119	2.02	1.922	2.02	1.961	6
1120	2.0	1.882	2.078	2.0	6
1121	2.0	1.902	2.039	2.078	6
1122	2.059	1.824	2.078	2.039	6
1123	2.0	1.804	2.078	2.02	6
1124	1.922	1.922	1.941	1.98	6
1125	1.922	1.843	2.078	1.98	6
1126	1.961	1.843	2.02	1.961	6
1127	1.98	1.922	2.059	1.941	6
1128	1.941	1.961	2.078	1.98	6
1129	2.0	1.98	2.098	1.98	6
1130	1.882	1.961	2.098	2.02	6
1131	1.824	1.98	2.059	1.98	6
1132	1.941	1.961	2.078	2.059	6
1133	1.843	1.961	2.078	2.0	6
1134	2.059	1.961	2.118	2.02	6
1135	1.98	1.863	2.02	2.039	6
1136	2.039	1.882	2.02	2.0	6
1137	2.039	1.902	2.078	2.02	6
1138	2.02	1.882	2.098	2.0	6
1139	2.0	1.843	2.078	2.059	6
1140	1.922	1.784	2.078	2.0	6
1141	1.961	1.765	2.157	1.922	6
1142	1.98	1.863	2.137	1.922	6
1143	1.941	1.843	2.078	1.902	6
1144	1.961	1.922	2.039	1.961	6
1145	1.941	1.961	2.039	1.961	6
1146	1.941	1.961	2.039	2.0	6
1147	1.902	1.961	2.059	1.961	6
1148	1.902	1.941	2.059	1.941	6
1149	1.941	1.922	2.098	1.98	6
1150	1.902	1.922	2.02	1.902	6
1151	2.0	1.961	2.078	1.98	6
1152	1.98	1.882	2.039	2.059	6
1153	2.059	1.863	2.02	2.039	6
1154	2.039	1.863	2.039	2.0	6
1155	2.059	1.843	2.078	2.039	6
1156	2.039	1.843	2.137	2.0	6
1157	1.961	1.843	2.098	2.02	6
1158	1.882	1.902	2.176	1.922	6
1159	1.941	1.882	2.059	1.98	6
1160	1.902	1.882	2.039	1.941	6
1161	1.961	1.941	2.078	1.961	6
1162	1.882	1.961	2.039	1.98	6
1163	1.922	2.0	2.039	1.961	6
1164	1.863	2.0	2.098	1.961	6
1165	1.804	2.02	2.059	2.02	6
1166	1.882	1.961	2.078	1.902	6
1167	1.922	1.961	2.039	2.039	6
1168	1.941	2.078	2.078	2.039	6
1169	2.059	1.941	2.02	2.02	6
1170	1.98	1.941	2.059	2.02	6
1171	2.059	1.902	2.039	2.039	6
1172	2.059	1.863	2.039	2.0	6
1173	2.039	1.824	2.078	2.0	6
1174	1.961	1.863	2.078	2.0	6
1175	1.863	1.882	2.196	1.882	6
1176	1.961	1.902	2.039	1.902	6
1177	1.941	1.902	2.078	1.941	6
1178	2.039	1.941	2.039	1.902	6
1179	1.941	1.941	2.039	1.941	6
1180	1.961	1.961	2.039	1.961	6
1181	1.902	2.0	2.078	1.98	6
1182	1.863	1.98	2.039	1.941	6
1183	1.961	1.961	2.078	1.98	6
1184	1.863	1.98	2.098	2.02	6
1185	1.922	2.0	2.098	2.02	6
1186	2.02	1.922	2.078	2.039	6
1187	2.0	1.882	2.039	2.059	6
1188	2.098	1.941	2.059	2.02	6
1189	2.078	1.863	2.059	2.02	6
1190	2.098	1.882	2.078	2.0	6
1191	1.922	1.843	2.098	2.0	6
1192	1.941	1.824	2.098	2.0	6
1193	1.961	1.902	2.059	1.922	6
1194	1.941	1.922	2.098	1.98	6
1195	1.941	1.961	2.059	2.0	6
1196	1.922	1.98	2.059	2.0	6
1197	1.98	2.0	2.039	1.961	6
1198	1.902	1.98	2.098	1.961	6
1199	1.824	2.0	2.039	2.0	6
1200	1.922	1.961	2.039	2.0	6
1201	1.882	2.02	2.098	2.0	6
1202	2.0	2.0	2.118	2.02	6
1203	2.02	1.882	2.059	2.039	6
1204	2.02	1.863	2.02	2.02	6
1205	2.078	1.863	2.059	2.0	6
1206	2.098	1.843	2.078	2.0	6
1207	2.039	1.863	2.059	2.02	6
1208	1.941	1.882	2.118	2.039	6
1209	1.863	1.784	2.196	1.863	6
1210	2.0	1.824	2.118	1.98	6
1211	2.0	1.922	2.059	1.902	6
1212	1.961	1.922	2.078	1.941	6
1213	1.922	1.902	2.059	1.941	6
1214	1.961	1.961	2.039	1.941	6
1215	1.902	1.98	2.098	1.941	6
1216	1.824	1.961	2.059	1.922	6
1217	1.941	1.941	2.098	1.961	6
1218	1.863	1.98	2.059	2.02	6
1219	1.863	1.941	2.078	1.98	6
1220	2.0	1.882	2.02	2.039	6
1221	1.98	1.882	2.02	2.02	6
1222	2.039	1.863	2.059	2.059	6
1223	2.078	1.863	2.039	2.0	6
1224	2.039	1.824	2.078	2.0	6
1225	1.961	1.843	2.078	1.98	6
1226	1.882	1.882	2.196	1.922	6
1227	1.941	1.863	2.02	1.941	6
1228	1.882	1.902	2.078	1.961	6
1229	1.961	1.922	2.039	1.961	6
1230	1.902	1.98	2.059	1.941	6
1231	1.922	1.961	2.059	1.961	6
1232	1.902	2.0	2.059	1.922	6
1233	1.863	1.98	2.02	2.0	6
1234	1.922	1.961	2.02	2.02	6
1235	1.902	2.02	2.078	1.902	6
1236	1.941	2.0	2.039	2.0	6
1237	2.02	1.902	2.039	1.98	6
1238	2.0	1.863	2.0	1.98	6
1239	2.02	1.843	2.039	2.0	6
1240	2.039	1.804	2.039	2.02	6
1241	2.02	1.804	2.059	2.0	6
1242	1.98	1.804	2.078	1.961	6
1243	1.902	1.824	1.98	1.98	6
1244	1.98	1.902	2.02	1.961	6
1245	1.902	1.843	2.098	1.961	6
1246	1.941	1.882	2.02	1.922	6
1247	1.941	1.922	2.059	1.941	6
1248	1.902	2.0	2.078	1.941	6
1249	1.882	1.98	2.098	1.98	6
1250	1.765	1.961	2.059	1.941	6
1251	1.843	1.941	2.078	1.98	6
1252	1.843	2.078	2.059	2.02	6
1253	1.922	2.0	2.098	2.039	6
1254	2.0	1.863	2.078	2.039	6
1255	2.0	1.902	2.078	2.0	6
1256	2.039	1.863	2.039	1.98	6
1257	2.039	1.863	2.039	1.98	6
1258	2.02	1.824	2.059	2.02	6
1259	1.902	1.804	2.098	2.0	6
1260	1.863	1.843	2.137	1.922	6
1261	1.98	1.765	2.0	1.882	6
1262	1.863	1.863	2.098	1.941	6
1263	1.961	1.922	2.078	1.961	6
1264	1.941	1.882	2.059	1.98	6
1265	1.941	1.961	2.039	1.961	6
1266	1.922	1.98	2.078	1.941	6
1267	1.843	1.98	2.02	1.922	6
1268	1.902	1.922	2.059	1.98	6
1269	1.824	2.098	2.02	2.02	6
1270	1.941	2.0	2.078	2.0	6
1271	2.039	1.902	2.059	2.0	6
1272	1.961	1.882	2.0	2.0	6
1273	2.0	1.902	2.059	2.039	6
1274	2.02	1.843	2.059	1.98	6
1275	2.02	1.863	2.098	1.98	6
1276	1.961	1.824	2.098	2.0	6
1277	1.961	1.922	2.059	1.863	6
1278	1.882	1.804	2.098	1.882	6
1279	1.922	1.863	2.039	1.882	6
1280	1.902	1.902	2.059	1.961	6
1281	1.922	1.98	2.059	1.922	6
1282	1.882	1.98	2.078	1.98	6
1283	1.902	2.0	2.078	1.98	6
1284	1.863	1.98	2.078	1.941	6
1285	1.882	1.961	2.078	1.922	6
1286	1.961	1.902	2.098	1.941	6
1287	2.059	1.902	2.118	2.039	6
1288	2.059	1.922	2.039	2.039	6
1289	2.02	1.941	2.039	2.039	6
1290	2.039	1.902	2.059	2.0	6
1291	2.039	1.843	2.098	2.02	6
1292	2.039	1.824	2.059	2.02	6
1293	2.0	1.804	2.098	2.02	6
1294	1.941	1.863	2.196	1.863	6
1295	1.941	1.843	2.098	1.922	6
1296	1.961	1.863	2.059	1.941	6
1297	1.902	1.863	2.059	1.961	6
1298	1.902	1.98	2.059	1.941	6
1299	1.922	2.0	2.078	1.961	6
1300	1.902	1.98	2.078	1.941	6
1301	1.843	1.922	2.039	1.941	6
1302	1.902	1.922	2.059	1.941	6
1303	2.039	1.961	2.118	1.902	6
1304	1.922	2.02	2.078	1.961	6
1305	2.02	1.882	2.039	2.0	6
1306	1.98	1.882	2.02	2.0	6
1307	2.059	1.863	2.02	2.0	6
1308	2.059	1.882	2.059	2.0	6
1309	2.078	1.824	2.098	1.98	6
1310	1.98	1.784	2.098	2.0	6
1311	1.961	1.765	2.098	1.902	6
1312	2.02	1.882	2.02	1.961	6
1313	2.0	1.863	2.059	1.941	6
1314	1.941	1.882	2.078	1.941	6
1315	1.941	1.98	2.078	1.941	6
1316	1.961	1.961	2.039	1.961	6
1317	1.961	1.98	2.039	1.922	6
1318	1.843	1.98	2.039	1.961	6
1319	1.98	1.941	2.039	2.0	6
1320	1.922	2.02	2.078	2.0	6
1321	1.941	2.02	2.137	2.059	6
1322	2.02	1.902	2.02	2.039	6
1323	2.02	1.882	2.059	2.078	6
1324	2.078	1.863	2.039	2.02	6
1325	2.118	1.843	2.039	1.98	6
1326	2.137	1.863	2.02	2.059	6
1327	1.961	1.784	2.059	1.961	6
1328	1.922	1.882	2.157	1.902	6
1329	2.039	1.804	2.02	1.902	6
1330	1.922	1.882	2.059	1.922	6
1331	1.922	1.882	2.059	1.98	6
1332	1.961	1.961	2.078	1.941	6
1333	1.941	1.98	2.078	1.961	6
1334	1.941	2.0	2.078	1.922	6
1335	1.843	1.98	2.059	1.941	6
1336	1.941	1.941	2.039	1.941	6
1337	2.02	1.804	2.176	1.941	6
1338	1.941	2.0	2.157	2.02	6
1339	2.0	1.902	2.039	2.0	6
1340	1.98	1.922	2.039	2.02	6
1341	2.039	1.882	2.059	2.02	6
1342	2.039	1.843	2.059	2.039	6
1343	2.059	1.843	2.059	2.059	6
1344	1.941	1.784	2.098	1.98	6
1345	1.902	1.882	2.02	1.98	6
1346	1.863	1.804	2.137	1.941	6
1347	1.902	1.863	2.078	2.0	6
1348	1.922	1.941	2.078	1.941	6
1349	1.922	1.961	2.059	1.961	6
1350	1.902	1.98	2.059	1.961	6
1351	1.902	1.961	2.078	1.98	6
1352	1.843	1.941	2.098	1.961	6
1353	1.902	1.941	2.078	2.039	6
1354	1.882	2.0	2.118	1.98	6
1355	1.882	2.02	2.157	2.059	6
1356	2.0	1.902	1.98	2.02	6
1357	1.941	1.922	2.0	2.02	6
1358	2.02	1.902	2.059	2.039	6
1359	2.02	1.902	2.059	2.039	6
1360	2.039	1.863	2.098	2.078	6
1361	1.941	1.843	2.059	2.039	6
1362	1.922	1.843	2.078	2.118	6
1363	1.922	1.941	2.098	1.922	6
1364	1.863	1.922	2.098	1.98	6
1365	1.941	1.961	2.059	1.98	6
1366	1.922	1.98	2.078	1.98	6
1367	1.941	2.0	2.078	1.961	6
1368	1.941	2.0	2.098	1.941	6
1369	1.843	1.922	2.098	1.98	6
1370	1.882	1.961	2.059	1.941	6
1371	1.98	2.02	2.098	2.02	6
1372	1.961	1.922	2.118	1.98	6
1373	2.02	1.941	2.02	2.02	6
1374	1.98	1.882	2.02	2.0	6
1375	2.02	1.922	2.039	2.02	6
1376	2.059	1.902	2.059	2.039	6
1377	2.078	1.882	2.039	2.039	6
1378	1.98	1.824	2.137	2.0	6
1379	1.922	1.784	2.157	2.078	6
1380	1.941	1.902	2.02	1.941	6
1381	2.0	1.863	2.059	1.941	6
1382	1.941	1.922	2.059	1.941	6
1383	1.941	1.941	2.039	1.902	6
1384	1.941	1.941	2.059	1.922	6
1385	1.961	1.98	2.078	1.922	6
1386	1.863	1.941	2.078	1.922	6
1387	1.98	1.941	2.059	1.922	6
1388	2.059	1.784	2.098	1.922	6
1389	2.02	2.02	2.137	1.941	6
1390	2.02	1.882	2.059	2.0	6
1391	2.0	1.882	2.02	2.02	6
1392	2.059	1.882	2.039	2.0	6
1393	2.098	1.824	2.039	2.0	6
1394	2.078	1.784	2.059	1.98	6
1395	2.0	1.784	2.039	1.961	6
1396	1.941	1.784	2.137	1.824	6
1397	1.961	1.824	2.059	1.941	6
1398	1.941	1.863	2.059	1.922	6
1399	1.941	1.882	2.059	1.941	6
1400	1.98	1.922	2.059	1.961	6
1401	1.98	1.941	2.02	1.98	6
1402	1.941	1.941	2.059	1.941	6
1403	1.824	1.961	2.039	1.922	6
1404	1.882	1.922	2.039	1.902	6
1405	2.02	1.902	2.098	1.98	6
1406	1.902	1.882	2.078	1.98	6
1407	2.02	1.922	2.039	2.02	6
1408	2.02	1.863	2.02	1.98	6
1409	2.02	1.902	2.039	1.98	6
1410	2.0	1.843	2.078	2.02	6
1411	2.02	1.824	2.078	2.0	6
1412	1.902	1.843	2.098	1.98	6
1413	1.863	1.824	2.059	2.098	6
1414	1.725	1.843	2.098	1.961	6
1415	1.941	1.902	2.098	1.961	6
1416	1.902	1.902	2.02	1.922	6
1417	1.902	1.961	2.078	1.941	6
1418	1.961	2.0	2.039	1.941	6
1419	1.922	1.98	2.059	1.941	6
1420	1.843	2.0	2.098	1.922	6
1421	1.922	1.941	2.039	1.961	6
1422	1.882	2.098	2.137	1.922	6
1423	1.922	2.059	2.157	1.98	6
1424	1.98	1.922	2.039	2.02	6
1425	1.98	1.941	2.02	2.0	6
1426	2.02	1.922	2.039	2.0	6
1427	2.059	1.882	2.098	2.039	6
1428	2.059	1.824	2.059	2.0	6
1429	1.922	1.824	2.098	1.98	6
1430	1.902	1.804	2.059	2.098	6
1431	1.745	1.902	2.059	1.98	6
1432	1.922	1.922	2.118	1.922	6
1433	1.922	1.941	2.059	1.941	6
1434	1.882	1.941	2.098	1.961	6
1435	1.941	1.98	2.039	1.961	6
1436	1.902	2.0	2.098	1.98	6
1437	1.882	2.0	2.059	1.961	6
1438	1.882	1.961	2.078	1.941	6
1439	1.98	1.961	2.039	1.961	6
1440	2.039	1.941	2.078	1.961	6
1441	2.039	1.941	2.039	2.02	6
1442	1.961	1.882	2.039	2.0	6
1443	2.039	1.863	2.078	2.0	6
1444	2.059	1.843	2.039	2.0	6
1445	2.118	1.824	2.078	2.059	6
1446	1.941	1.804	2.098	1.98	6
1447	1.902	1.784	2.078	2.078	6
1448	1.922	1.843	2.078	1.941	6
1449	1.941	1.902	2.098	1.941	6
1450	1.882	1.902	2.039	1.961	6
1451	1.941	1.922	2.039	1.961	6
1452	1.922	1.961	2.078	1.98	6
1453	1.922	1.961	2.078	1.98	6
1454	1.882	1.941	2.059	1.922	6
1455	1.961	1.941	2.039	1.902	6
1456	2.0	1.863	2.02	1.941	6
1457	2.059	1.922	2.059	1.961	6
1458	1.98	1.902	2.02	2.02	6
1459	1.98	1.843	2.0	1.98	6
1460	2.02	1.863	2.0	1.98	6
1461	2.039	1.824	2.02	2.02	6
1462	2.098	1.804	2.059	1.98	6
1463	1.98	1.824	2.059	1.98	6
1464	1.882	1.863	2.0	2.02	6
1465	1.843	1.863	2.118	1.941	6
1466	1.824	1.804	2.137	1.941	6
1467	1.98	1.863	2.078	2.0	6
1468	1.941	1.961	2.059	1.961	6
1469	1.882	2.0	2.059	1.98	6
1470	1.863	1.98	2.059	1.961	6
1471	1.843	1.922	2.098	1.98	6
1472	1.922	2.0	2.098	2.0	6
1473	1.882	2.0	2.216	2.039	6
1474	2.0	1.98	2.098	2.039	6
1475	2.0	1.98	2.059	2.039	6
1476	1.98	1.902	2.059	2.059	6
1477	2.02	1.902	2.098	2.059	6
1478	2.039	1.863	2.078	2.039	6
1479	2.02	1.863	2.098	2.078	6
1480	1.961	1.843	2.098	2.02	6
1481	1.941	1.843	2.02	2.078	6
1482	1.843	1.941	2.059	2.02	6
1483	2.0	1.843	2.078	1.941	6
1484	1.863	1.922	2.059	1.902	6
1485	1.961	1.941	2.078	1.98	6
1486	1.961	2.0	2.059	1.961	6
1487	1.98	1.961	2.059	1.941	6
1488	1.882	1.98	2.059	1.922	6
1489	1.882	1.902	2.078	1.922	6
1490	2.059	1.882	2.0	1.902	6
1491	1.922	2.0	2.059	1.941	6
1492	2.039	1.961	2.039	2.0	6
1493	1.98	1.863	2.039	2.0	6
1494	2.078	1.843	2.059	1.98	6
1495	2.059	1.863	2.039	2.0	6
1496	2.118	1.824	2.059	2.0	6
1497	2.0	1.824	2.078	1.98	6
1498	1.922	1.784	2.02	2.078	6
1499	1.941	1.843	2.078	2.02	6
