time	channel1	channel2	channel3	channel4	class
0	2.039	1.725	1.882	1.745	6
1	2.0	1.667	1.706	1.804	6
2	1.961	1.667	1.588	1.922	6
3	1.922	1.667	1.588	2.039	6
4	1.902	1.706	1.588	2.137	6
5	1.863	1.745	1.647	2.157	6
6	1.863	1.824	1.725	2.196	6
7	1.843	1.922	1.882	2.216	6
8	1.843	1.98	2.118	2.196	6
9	1.882	2.059	2.255	2.157	6
10	1.941	2.078	2.431	2.039	6
11	1.98	2.078	2.51	1.922	6
12	2.02	2.078	2.49	1.824	6
13	2.039	2.059	2.49	1.804	6
14	2.059	1.961	2.412	1.706	6
15	2.098	1.922	2.275	1.725	6
16	2.098	1.824	2.059	1.725	6
17	2.059	1.706	1.863	1.745	6
18	2.02	1.667	1.686	1.804	6
19	1.961	1.667	1.588	1.902	6
20	1.922	1.686	1.588	2.039	6
21	1.902	1.706	1.588	2.118	6
22	1.902	1.745	1.608	2.157	6
23	1.882	1.843	1.706	2.176	6
24	1.882	1.902	1.882	2.176	6
25	1.863	2.02	2.137	2.176	6
26	1.882	2.039	2.294	2.137	6
27	1.922	2.078	2.412	2.059	6
28	1.98	2.078	2.49	1.922	6
29	2.0	2.098	2.51	1.824	6
30	2.02	2.059	2.529	1.843	6
31	2.078	1.961	2.451	1.765	6
32	2.039	1.922	2.294	1.765	6
33	2.059	1.843	2.098	1.706	6
34	2.02	1.745	1.882	1.725	6
35	1.961	1.686	1.725	1.804	6
36	1.941	1.686	1.627	1.922	6
37	1.902	1.725	1.627	2.059	6
38	1.882	1.745	1.627	2.137	6
39	1.804	1.804	1.667	2.176	6
40	1.804	1.843	1.804	2.196	6
41	1.784	1.941	1.882	2.235	6
42	1.824	2.02	2.118	2.176	6
43	1.902	2.078	2.275	2.118	6
44	1.902	2.118	2.431	2.039	6
45	1.941	2.118	2.51	1.922	6
46	1.98	2.098	2.49	1.843	6
47	1.98	2.078	2.49	1.804	6
48	2.02	2.0	2.431	1.745	6
49	2.059	1.922	2.294	1.725	6
50	2.078	1.824	2.098	1.706	6
51	2.039	1.745	1.902	1.745	6
52	1.98	1.667	1.725	1.765	6
53	1.961	1.686	1.608	1.902	6
54	1.941	1.706	1.588	2.02	6
55	1.882	1.686	1.588	2.118	6
56	1.863	1.745	1.647	2.176	6
57	1.824	1.824	1.706	2.196	6
58	1.843	1.882	1.882	2.196	6
59	1.824	1.98	2.118	2.216	6
60	1.882	2.02	2.255	2.157	6
61	1.922	2.078	2.431	2.059	6
62	1.98	2.078	2.49	1.941	6
63	2.039	2.059	2.51	1.843	6
64	2.02	2.02	2.471	1.804	6
65	2.078	1.941	2.431	1.765	6
66	2.118	1.902	2.275	1.725	6
67	2.078	1.804	2.098	1.706	6
68	2.039	1.686	1.882	1.745	6
69	2.0	1.667	1.725	1.804	6
70	1.98	1.667	1.588	1.882	6
71	1.941	1.686	1.569	2.0	6
72	1.902	1.686	1.608	2.098	6
73	1.882	1.725	1.608	2.176	6
74	1.843	1.824	1.745	2.157	6
75	1.882	1.902	1.882	2.157	6
76	1.843	2.02	2.098	2.196	6
77	1.922	2.078	2.275	2.157	6
78	1.922	2.137	2.431	2.059	6
79	1.98	2.078	2.49	1.902	6
80	2.039	2.118	2.49	1.863	6
81	2.039	2.078	2.51	1.765	6
82	2.078	2.0	2.451	1.745	6
83	2.118	1.961	2.294	1.725	6
84	2.118	1.863	2.118	1.706	6
85	2.039	1.765	1.863	1.725	6
86	2.039	1.686	1.725	1.765	6
87	2.0	1.667	1.588	1.863	6
88	1.941	1.706	1.608	1.98	6
89	1.941	1.745	1.588	2.098	6
90	1.902	1.784	1.627	2.137	6
91	1.863	1.804	1.725	2.196	6
92	1.863	1.922	1.863	2.196	6
93	1.824	2.039	2.098	2.196	6
94	1.882	2.078	2.255	2.137	6
95	1.941	2.118	2.431	2.078	6
96	1.98	2.098	2.49	1.961	6
97	2.02	2.098	2.529	1.843	6
98	2.02	2.059	2.51	1.824	6
99	2.02	2.02	2.471	1.745	6
100	2.078	1.961	2.353	1.765	6
101	2.039	1.843	2.137	1.765	6
102	2.02	1.745	1.922	1.745	6
103	2.0	1.686	1.745	1.784	6
104	1.941	1.686	1.608	1.882	6
105	1.902	1.686	1.608	2.02	6
106	1.882	1.706	1.608	2.118	6
107	1.863	1.765	1.667	2.196	6
108	1.804	1.863	1.686	2.176	6
109	1.804	1.882	1.882	2.196	6
110	1.824	2.0	2.078	2.235	6
111	1.863	2.039	2.255	2.157	6
112	1.922	2.098	2.431	2.078	6
113	1.961	2.098	2.49	1.941	6
114	2.0	2.039	2.49	1.843	6
115	2.02	2.02	2.49	1.804	6
116	2.039	1.98	2.471	1.804	6
117	2.078	1.882	2.314	1.745	6
118	2.039	1.843	2.157	1.725	6
119	2.039	1.706	1.882	1.765	6
120	2.0	1.667	1.745	1.784	6
121	2.0	1.647	1.627	1.863	6
122	1.922	1.686	1.588	2.02	6
123	1.902	1.686	1.608	2.098	6
124	1.863	1.725	1.608	2.176	6
125	1.843	1.824	1.745	2.216	6
126	1.843	1.902	1.863	2.235	6
127	1.843	2.0	2.078	2.196	6
128	1.902	2.02	2.255	2.137	6
129	1.902	2.098	2.412	2.078	6
130	2.0	2.098	2.51	1.961	6
131	2.02	2.098	2.471	1.843	6
132	2.02	2.059	2.51	1.804	6
133	2.059	1.98	2.431	1.784	6
134	2.078	1.941	2.294	1.725	6
135	2.098	1.863	2.137	1.706	6
136	2.059	1.745	1.882	1.706	6
137	2.02	1.667	1.745	1.765	6
138	2.0	1.627	1.608	1.882	6
139	1.941	1.647	1.569	1.98	6
140	1.922	1.667	1.588	2.118	6
141	1.922	1.725	1.627	2.118	6
142	1.863	1.784	1.725	2.176	6
143	1.863	1.863	1.824	2.216	6
144	1.902	1.961	2.039	2.176	6
145	1.922	2.02	2.216	2.137	6
146	1.961	2.078	2.412	2.059	6
147	1.961	2.078	2.49	1.961	6
148	1.961	2.078	2.49	1.843	6
149	2.02	2.059	2.49	1.804	6
150	2.059	1.98	2.451	1.745	6
151	2.118	1.902	2.333	1.745	6
152	2.078	1.843	2.157	1.725	6
153	2.02	1.745	1.882	1.706	6
154	2.0	1.686	1.745	1.745	6
155	1.961	1.667	1.627	1.863	6
156	1.922	1.686	1.588	2.02	6
157	1.902	1.706	1.608	2.118	6
158	1.863	1.765	1.627	2.157	6
159	1.784	1.863	1.745	2.216	6
160	1.804	1.902	1.902	2.216	6
161	1.843	2.0	2.059	2.235	6
162	1.882	2.039	2.235	2.137	6
163	1.902	2.098	2.412	2.078	6
164	1.941	2.098	2.51	1.941	6
165	1.98	2.059	2.51	1.843	6
166	2.0	2.059	2.49	1.804	6
167	2.02	2.0	2.451	1.745	6
168	2.098	1.98	2.333	1.745	6
169	2.078	1.863	2.196	1.725	6
170	2.039	1.765	1.922	1.745	6
171	2.0	1.686	1.784	1.765	6
172	1.98	1.667	1.627	1.882	6
173	1.941	1.706	1.588	1.98	6
174	1.902	1.686	1.608	2.098	6
175	1.882	1.765	1.608	2.137	6
176	1.843	1.804	1.706	2.118	6
177	1.843	1.863	1.824	2.176	6
178	1.843	2.0	2.059	2.196	6
179	1.922	2.039	2.235	2.157	6
180	1.922	2.098	2.392	2.078	6
181	1.98	2.098	2.49	1.98	6
182	2.02	2.098	2.471	1.843	6
183	2.02	2.02	2.49	1.784	6
184	2.078	1.98	2.431	1.765	6
185	2.078	1.961	2.314	1.706	6
186	2.137	1.882	2.157	1.706	6
187	2.039	1.745	1.902	1.706	6
188	1.98	1.686	1.784	1.765	6
189	1.98	1.667	1.608	1.863	6
190	1.961	1.686	1.588	1.98	6
191	1.902	1.706	1.588	2.059	6
192	1.863	1.745	1.627	2.137	6
193	1.843	1.804	1.706	2.157	6
194	1.824	1.882	1.824	2.196	6
195	1.843	2.0	2.039	2.196	6
196	1.843	2.059	2.216	2.157	6
197	1.902	2.098	2.412	2.078	6
198	1.941	2.098	2.49	1.961	6
199	2.0	2.098	2.49	1.843	6
200	2.039	2.078	2.49	1.804	6
201	2.039	2.02	2.451	1.745	6
202	2.098	1.922	2.333	1.745	6
203	2.059	1.863	2.157	1.725	6
204	2.059	1.745	1.902	1.706	6
205	2.02	1.725	1.784	1.745	6
206	2.02	1.686	1.647	1.863	6
207	1.941	1.725	1.588	2.0	6
208	1.922	1.725	1.627	2.098	6
209	1.902	1.745	1.608	2.137	6
210	1.843	1.824	1.686	2.176	6
211	1.882	1.902	1.863	2.157	6
212	1.843	1.98	2.02	2.216	6
213	1.863	2.02	2.216	2.137	6
214	1.882	2.098	2.392	2.078	6
215	1.941	2.098	2.49	1.98	6
216	2.02	2.078	2.49	1.863	6
217	2.059	2.059	2.49	1.804	6
218	2.059	2.02	2.431	1.765	6
219	2.02	1.961	2.333	1.745	6
220	2.078	1.863	2.196	1.706	6
221	2.039	1.745	1.922	1.745	6
222	1.98	1.686	1.784	1.765	6
223	1.98	1.667	1.627	1.863	6
224	1.922	1.686	1.588	1.98	6
225	1.882	1.686	1.608	2.098	6
226	1.863	1.725	1.608	2.157	6
227	1.843	1.784	1.686	2.196	6
228	1.863	1.882	1.843	2.196	6
229	1.843	2.0	2.039	2.216	6
230	1.863	2.02	2.216	2.176	6
231	1.922	2.078	2.353	2.078	6
232	1.98	2.098	2.471	1.961	6
233	2.0	2.078	2.471	1.863	6
234	2.02	2.039	2.51	1.804	6
235	2.059	2.02	2.451	1.804	6
236	2.039	1.941	2.373	1.765	6
237	2.098	1.863	2.176	1.725	6
238	2.078	1.745	1.902	1.706	6
239	2.02	1.686	1.784	1.765	6
240	2.0	1.667	1.627	1.843	6
241	1.961	1.686	1.569	2.0	6
242	1.922	1.706	1.569	2.078	6
243	1.902	1.725	1.608	2.157	6
244	1.843	1.843	1.706	2.196	6
245	1.843	1.882	1.843	2.196	6
246	1.902	1.98	2.02	2.235	6
247	1.902	2.059	2.216	2.137	6
248	1.863	2.118	2.392	2.078	6
249	1.922	2.118	2.49	1.98	6
250	2.02	2.078	2.529	1.882	6
251	2.02	2.078	2.49	1.804	6
252	2.02	2.02	2.49	1.745	6
253	2.078	1.922	2.353	1.765	6
254	2.059	1.902	2.196	1.706	6
255	2.059	1.765	1.941	1.725	6
256	1.98	1.725	1.784	1.745	6
257	1.961	1.686	1.667	1.843	6
258	1.922	1.706	1.588	2.0	6
259	1.882	1.706	1.608	2.078	6
260	1.863	1.765	1.627	2.137	6
261	1.843	1.824	1.706	2.157	6
262	1.804	1.882	1.863	2.216	6
263	1.843	2.02	2.059	2.216	6
264	1.882	2.039	2.255	2.176	6
265	1.922	2.118	2.373	2.078	6
266	1.941	2.098	2.51	1.961	6
267	2.02	2.078	2.49	1.882	6
268	2.02	2.078	2.49	1.804	6
269	2.078	2.02	2.471	1.765	6
270	2.039	1.922	2.373	1.725	6
271	2.118	1.863	2.216	1.725	6
272	2.078	1.725	1.941	1.725	6
273	2.0	1.686	1.804	1.745	6
274	2.0	1.667	1.647	1.843	6
275	1.941	1.667	1.569	1.961	6
276	1.902	1.667	1.608	2.098	6
277	1.882	1.706	1.608	2.157	6
278	1.882	1.804	1.667	2.216	6
279	1.824	1.902	1.824	2.157	6
280	1.843	1.941	2.0	2.216	6
281	1.882	2.0	2.196	2.176	6
282	1.902	2.059	2.353	2.098	6
283	1.961	2.078	2.471	1.98	6
284	2.02	2.059	2.471	1.863	6
285	2.02	2.039	2.51	1.804	6
286	2.059	1.98	2.451	1.765	6
287	2.098	1.902	2.333	1.725	6
288	2.098	1.824	2.196	1.706	6
289	2.039	1.725	1.961	1.725	6
290	2.0	1.667	1.804	1.784	6
291	2.02	1.647	1.647	1.824	6
292	1.961	1.686	1.588	2.0	6
293	1.922	1.706	1.608	2.059	6
294	1.863	1.706	1.608	2.157	6
295	1.863	1.765	1.667	2.216	6
296	1.804	1.882	1.863	2.196	6
297	1.863	1.98	1.98	2.216	6
298	1.843	2.059	2.216	2.176	6
299	1.902	2.118	2.373	2.118	6
300	1.922	2.118	2.49	2.02	6
301	1.98	2.098	2.51	1.902	6
302	1.98	2.098	2.49	1.824	6
303	2.02	2.02	2.49	1.784	6
304	2.059	1.941	2.314	1.765	6
305	2.098	1.902	2.196	1.725	6
306	2.078	1.765	1.941	1.725	6
307	2.0	1.706	1.784	1.745	6
308	1.98	1.667	1.647	1.824	6
309	1.941	1.686	1.569	1.98	6
310	1.902	1.686	1.569	2.078	6
311	1.902	1.725	1.588	2.137	6
312	1.843	1.784	1.667	2.157	6
313	1.784	1.882	1.824	2.216	6
314	1.824	1.961	1.98	2.216	6
315	1.882	1.98	2.196	2.157	6
316	1.922	2.078	2.353	2.098	6
317	1.961	2.059	2.49	1.98	6
318	2.02	2.098	2.49	1.863	6
319	2.0	2.078	2.49	1.804	6
320	2.039	2.02	2.471	1.765	6
321	2.039	1.941	2.353	1.765	6
322	2.078	1.843	2.216	1.745	6
323	2.059	1.725	1.941	1.725	6
324	1.98	1.706	1.824	1.745	6
325	1.961	1.686	1.667	1.824	6
326	1.941	1.706	1.627	1.98	6
327	1.902	1.686	1.588	2.098	6
328	1.902	1.706	1.608	2.118	6
329	1.863	1.765	1.667	2.157	6
330	1.824	1.902	1.824	2.196	6
331	1.824	1.961	2.0	2.216	6
332	1.824	2.0	2.196	2.196	6
333	1.882	2.078	2.353	2.098	6
334	1.941	2.098	2.49	1.98	6
335	1.98	2.078	2.49	1.863	6
336	2.02	2.059	2.51	1.804	6
337	2.039	2.0	2.451	1.765	6
338	2.078	1.941	2.353	1.745	6
339	2.078	1.863	2.216	1.706	6
340	2.078	1.745	1.98	1.686	6
341	2.0	1.686	1.804	1.765	6
342	1.98	1.647	1.647	1.804	6
343	1.961	1.667	1.588	1.98	6
344	1.922	1.706	1.588	2.059	6
345	1.902	1.745	1.588	2.118	6
346	1.824	1.784	1.667	2.137	6
347	1.843	1.863	1.804	2.176	6
348	1.863	1.961	1.961	2.196	6
349	1.843	2.02	2.196	2.176	6
350	1.902	2.078	2.333	2.118	6
351	1.941	2.098	2.471	1.98	6
352	2.0	2.078	2.49	1.863	6
353	2.0	2.078	2.49	1.804	6
354	2.039	2.02	2.471	1.765	6
355	2.059	1.922	2.373	1.725	6
356	2.098	1.882	2.235	1.706	6
357	2.078	1.765	1.98	1.706	6
358	2.0	1.725	1.804	1.745	6
359	2.0	1.667	1.667	1.824	6
360	1.961	1.667	1.569	1.961	6
361	1.922	1.686	1.588	2.059	6
362	1.902	1.745	1.608	2.118	6
363	1.863	1.784	1.667	2.196	6
364	1.804	1.863	1.784	2.235	6
365	1.863	1.98	1.98	2.235	6
366	1.882	2.039	2.196	2.216	6
367	1.902	2.118	2.353	2.118	6
368	1.961	2.118	2.49	2.02	6
369	2.02	2.118	2.471	1.902	6
370	2.039	2.078	2.51	1.824	6
371	2.078	2.059	2.471	1.804	6
372	2.118	1.941	2.373	1.706	6
373	2.118	1.902	2.216	1.725	6
374	2.098	1.765	2.02	1.725	6
375	2.059	1.706	1.824	1.765	6
376	2.02	1.667	1.667	1.804	6
377	1.961	1.667	1.588	1.941	6
378	1.902	1.706	1.588	2.059	6
379	1.863	1.725	1.608	2.137	6
380	1.882	1.784	1.667	2.157	6
381	1.843	1.863	1.804	2.196	6
382	1.863	1.922	1.961	2.216	6
383	1.843	1.98	2.176	2.157	6
384	1.902	2.039	2.314	2.078	6
385	1.941	2.098	2.471	1.98	6
386	1.961	2.078	2.529	1.902	6
387	1.98	2.078	2.49	1.863	6
388	2.039	2.0	2.49	1.804	6
389	2.078	1.941	2.392	1.725	6
390	2.059	1.902	2.255	1.745	6
391	2.098	1.784	2.02	1.725	6
392	2.02	1.706	1.843	1.745	6
393	1.98	1.647	1.686	1.804	6
394	1.922	1.686	1.588	1.941	6
395	1.882	1.706	1.608	2.059	6
396	1.882	1.706	1.608	2.137	6
397	1.843	1.784	1.647	2.157	6
398	1.882	1.902	1.784	2.157	6
399	1.804	1.98	1.961	2.216	6
400	1.843	2.02	2.196	2.176	6
401	1.882	2.078	2.333	2.118	6
402	1.902	2.098	2.471	2.0	6
403	1.98	2.078	2.49	1.882	6
404	2.02	2.059	2.49	1.804	6
405	2.078	2.02	2.49	1.745	6
406	2.078	1.941	2.392	1.745	6
407	2.078	1.863	2.235	1.706	6
408	2.078	1.765	1.98	1.706	6
409	2.02	1.686	1.843	1.725	6
410	2.02	1.667	1.667	1.804	6
411	1.941	1.686	1.588	1.922	6
412	1.941	1.667	1.588	2.059	6
413	1.882	1.725	1.588	2.137	6
414	1.863	1.745	1.627	2.176	6
415	1.824	1.824	1.745	2.157	6
416	1.882	1.941	1.922	2.157	6
417	1.863	2.02	2.176	2.176	6
418	1.902	2.098	2.333	2.118	6
419	1.961	2.098	2.471	2.039	6
420	2.02	2.078	2.471	1.902	6
421	2.02	2.078	2.49	1.804	6
422	2.02	2.059	2.471	1.765	6
423	2.059	1.961	2.392	1.725	6
424	2.098	1.882	2.235	1.745	6
425	2.098	1.765	2.02	1.725	6
426	2.02	1.725	1.843	1.784	6
427	1.98	1.686	1.686	1.824	6
428	1.941	1.686	1.588	1.961	6
429	1.902	1.686	1.588	2.098	6
430	1.902	1.706	1.588	2.137	6
431	1.863	1.765	1.647	2.157	6
432	1.863	1.843	1.784	2.216	6
433	1.824	1.98	1.941	2.255	6
434	1.843	2.02	2.157	2.196	6
435	1.922	2.078	2.314	2.118	6
436	1.941	2.137	2.451	2.039	6
437	1.961	2.078	2.51	1.922	6
438	2.0	2.078	2.49	1.863	6
439	2.039	2.039	2.471	1.804	6
440	2.078	1.961	2.412	1.784	6
441	2.078	1.922	2.235	1.745	6
442	2.118	1.804	2.039	1.725	6
443	2.02	1.745	1.843	1.745	6
444	2.0	1.686	1.667	1.804	6
445	1.961	1.686	1.588	1.922	6
446	1.902	1.686	1.588	2.078	6
447	1.863	1.706	1.588	2.137	6
448	1.863	1.784	1.667	2.176	6
449	1.824	1.863	1.745	2.196	6
450	1.843	1.941	1.902	2.216	6
451	1.843	1.98	2.176	2.196	6
452	1.922	2.059	2.294	2.118	6
453	1.961	2.078	2.451	2.0	6
454	2.02	2.078	2.51	1.922	6
455	2.039	2.078	2.49	1.824	6
456	2.039	2.0	2.471	1.804	6
457	2.078	1.922	2.392	1.706	6
458	2.118	1.863	2.216	1.725	6
459	2.098	1.804	2.039	1.706	6
460	2.02	1.725	1.882	1.745	6
461	2.02	1.667	1.686	1.824	6
462	1.98	1.667	1.588	1.941	6
463	1.961	1.686	1.588	2.059	6
464	1.922	1.706	1.588	2.118	6
465	1.922	1.745	1.647	2.137	6
466	1.843	1.843	1.725	2.196	6
467	1.882	1.922	1.902	2.196	6
468	1.882	2.02	2.176	2.216	6
469	1.902	2.059	2.333	2.137	6
470	1.98	2.078	2.471	2.059	6
471	2.02	2.059	2.471	1.902	6
472	2.059	2.02	2.471	1.804	6
473	2.039	2.02	2.49	1.765	6
474	2.02	1.961	2.451	1.745	6
475	2.039	1.902	2.275	1.765	6
476	2.059	1.804	2.059	1.725	6
477	2.039	1.745	1.863	1.784	6
478	2.02	1.686	1.686	1.804	6
479	1.922	1.686	1.608	1.941	6
480	1.863	1.725	1.608	2.078	6
481	1.863	1.745	1.608	2.137	6
482	1.824	1.824	1.647	2.196	6
483	1.745	1.922	1.804	2.196	6
484	1.824	1.98	1.941	2.275	6
485	1.804	2.059	2.176	2.216	6
486	1.863	2.118	2.333	2.196	6
487	1.902	2.157	2.49	2.078	6
488	1.961	2.137	2.529	1.922	6
489	1.98	2.098	2.51	1.863	6
490	2.0	2.039	2.49	1.784	6
491	2.039	1.98	2.412	1.725	6
492	2.059	1.902	2.275	1.725	6
493	2.059	1.804	2.059	1.745	6
494	2.02	1.706	1.843	1.745	6
495	2.02	1.667	1.686	1.804	6
496	1.961	1.667	1.608	1.922	6
497	1.941	1.686	1.608	2.039	6
498	1.882	1.706	1.569	2.137	6
499	1.882	1.745	1.627	2.137	6
500	1.902	1.804	1.745	2.176	6
501	1.824	1.922	1.902	2.196	6
502	1.882	2.0	2.157	2.176	6
503	1.922	2.059	2.314	2.137	6
504	1.941	2.059	2.431	2.0	6
505	1.98	2.078	2.49	1.882	6
506	2.02	2.059	2.49	1.804	6
507	2.059	2.0	2.49	1.784	6
508	2.059	1.961	2.392	1.745	6
509	2.059	1.902	2.294	1.725	6
510	2.059	1.824	2.059	1.706	6
511	2.059	1.706	1.863	1.745	6
512	2.02	1.647	1.686	1.784	6
513	1.961	1.647	1.588	1.882	6
514	1.922	1.686	1.569	2.0	6
515	1.882	1.725	1.569	2.098	6
516	1.863	1.745	1.627	2.157	6
517	1.824	1.882	1.804	2.196	6
518	1.824	1.941	1.902	2.235	6
519	1.824	2.039	2.118	2.196	6
520	1.882	2.078	2.294	2.137	6
521	1.922	2.098	2.431	2.059	6
522	1.98	2.098	2.49	1.902	6
523	2.02	2.078	2.49	1.804	6
524	2.0	2.059	2.49	1.745	6
525	2.039	1.961	2.431	1.745	6
526	2.059	1.902	2.275	1.725	6
527	2.059	1.804	2.059	1.706	6
528	2.039	1.725	1.843	1.745	6
529	1.98	1.667	1.706	1.784	6
530	1.941	1.667	1.588	1.922	6
531	1.922	1.686	1.588	2.02	6
532	1.902	1.706	1.569	2.098	6
533	1.863	1.765	1.627	2.137	6
534	1.843	1.824	1.784	2.157	6
535	1.882	1.941	1.922	2.216	6
536	1.863	2.0	2.137	2.176	6
537	1.922	2.059	2.255	2.137	6
538	1.922	2.098	2.412	2.039	6
539	1.98	2.059	2.49	1.922	6
540	2.02	2.059	2.471	1.824	6
541	2.078	2.02	2.471	1.765	6
542	2.078	1.98	2.412	1.706	6
543	2.137	1.882	2.294	1.725	6
544	2.118	1.784	2.078	1.725	6
545	2.039	1.706	1.843	1.706	6
546	2.02	1.667	1.706	1.784	6
547	1.961	1.667	1.588	1.882	6
548	1.922	1.667	1.588	2.02	6
549	1.902	1.686	1.588	2.118	6
550	1.843	1.725	1.627	2.137	6
551	1.863	1.784	1.745	2.176	6
552	1.824	1.922	1.902	2.196	6
553	1.843	1.98	2.118	2.216	6
554	1.902	2.059	2.294	2.137	6
555	1.941	2.078	2.451	2.078	6
556	1.98	2.078	2.51	1.922	6
557	2.02	2.078	2.51	1.843	6
558	2.02	2.02	2.471	1.804	6
559	2.039	1.961	2.471	1.725	6
560	2.137	1.902	2.275	1.706	6
561	2.078	1.804	2.098	1.706	6
562	2.02	1.686	1.882	1.745	6
563	1.98	1.647	1.706	1.784	6
564	1.961	1.647	1.588	1.902	6
565	1.941	1.667	1.569	2.02	6
566	1.882	1.686	1.608	2.098	6
567	1.863	1.745	1.627	2.176	6
568	1.824	1.824	1.725	2.176	6
569	1.863	1.882	1.902	2.196	6
570	1.843	2.0	2.137	2.196	6
571	1.882	2.039	2.294	2.157	6
572	1.922	2.098	2.431	2.078	6
573	1.961	2.078	2.49	1.922	6
574	2.02	2.059	2.471	1.804	6
575	2.039	2.039	2.471	1.784	6
576	2.078	2.0	2.412	1.765	6
577	2.078	1.941	2.314	1.725	6
578	2.118	1.843	2.078	1.706	6
579	2.059	1.765	1.863	1.725	6
580	2.02	1.686	1.725	1.765	6
581	2.0	1.667	1.569	1.902	6
582	1.922	1.686	1.569	2.0	6
583	1.922	1.706	1.608	2.098	6
584	1.902	1.765	1.627	2.137	6
585	1.843	1.824	1.765	2.157	6
586	1.824	1.961	1.902	2.216	6
587	1.784	2.039	2.118	2.196	6
588	1.882	2.078	2.275	2.137	6
589	1.902	2.098	2.431	2.059	6
590	1.961	2.098	2.51	1.941	6
591	2.0	2.098	2.49	1.843	6
592	2.02	2.098	2.51	1.784	6
593	2.02	2.02	2.451	1.765	6
594	2.098	1.961	2.333	1.784	6
595	2.059	1.882	2.157	1.745	6
596	2.0	1.745	1.882	1.745	6
597	1.98	1.706	1.725	1.784	6
598	1.941	1.706	1.608	1.882	6
599	1.902	1.706	1.608	2.02	6
600	1.882	1.706	1.608	2.118	6
601	1.843	1.745	1.627	2.137	6
602	1.824	1.824	1.745	2.196	6
603	1.804	1.922	1.902	2.216	6
604	1.863	2.059	2.118	2.216	6
605	1.902	2.059	2.255	2.137	6
606	1.922	2.098	2.431	2.039	6
607	1.961	2.098	2.51	1.922	6
608	2.0	2.078	2.51	1.843	6
609	2.02	2.059	2.49	1.804	6
610	2.059	2.0	2.49	1.804	6
611	2.137	1.922	2.314	1.745	6
612	2.078	1.863	2.137	1.706	6
613	2.039	1.745	1.882	1.745	6
614	2.0	1.725	1.745	1.765	6
615	2.0	1.686	1.608	1.863	6
616	1.941	1.706	1.588	2.02	6
617	1.961	1.725	1.608	2.098	6
618	1.882	1.745	1.608	2.157	6
619	1.863	1.843	1.686	2.157	6
620	1.843	1.902	1.863	2.196	6
621	1.843	2.02	2.098	2.196	6
622	1.902	2.039	2.255	2.137	6
623	1.922	2.078	2.392	2.059	6
624	1.961	2.098	2.49	1.902	6
625	2.02	2.078	2.49	1.824	6
626	2.039	2.059	2.51	1.804	6
627	2.039	1.961	2.431	1.804	6
628	2.059	1.922	2.294	1.745	6
629	2.118	1.843	2.118	1.706	6
630	2.039	1.725	1.882	1.725	6
631	2.039	1.667	1.745	1.765	6
632	1.98	1.686	1.647	1.882	6
633	1.922	1.686	1.608	2.0	6
634	1.882	1.686	1.588	2.118	6
635	1.863	1.725	1.608	2.157	6
636	1.843	1.804	1.745	2.216	6
637	1.863	1.902	1.863	2.216	6
638	1.863	1.98	2.078	2.176	6
639	1.882	2.02	2.255	2.137	6
640	1.922	2.098	2.431	2.059	6
641	1.98	2.059	2.49	1.961	6
642	2.02	2.039	2.471	1.843	6
643	2.059	2.02	2.471	1.804	6
644	2.059	1.961	2.431	1.745	6
645	2.098	1.902	2.333	1.765	6
646	2.02	1.843	2.137	1.725	6
647	2.02	1.725	1.922	1.765	6
648	2.039	1.667	1.745	1.784	6
649	2.02	1.667	1.608	1.902	6
650	1.961	1.686	1.569	2.02	6
651	1.882	1.686	1.588	2.098	6
652	1.882	1.745	1.608	2.137	6
653	1.824	1.843	1.706	2.216	6
654	1.824	1.902	1.902	2.216	6
655	1.824	2.0	2.078	2.235	6
656	1.882	2.059	2.275	2.176	6
657	1.922	2.118	2.412	2.098	6
658	1.941	2.118	2.51	1.941	6
659	1.98	2.078	2.51	1.863	6
660	2.0	2.059	2.49	1.804	6
661	2.059	1.98	2.431	1.765	6
662	2.059	1.941	2.294	1.706	6
663	2.059	1.843	2.157	1.706	6
664	2.039	1.725	1.902	1.725	6
665	2.0	1.667	1.745	1.765	6
666	2.0	1.647	1.627	1.863	6
667	1.922	1.686	1.608	2.0	6
668	1.902	1.686	1.608	2.118	6
669	1.863	1.745	1.608	2.157	6
670	1.882	1.824	1.725	2.176	6
671	1.882	1.902	1.863	2.196	6
672	1.882	2.0	2.078	2.196	6
673	1.902	2.0	2.235	2.157	6
674	1.922	2.078	2.392	2.078	6
675	1.98	2.098	2.51	1.961	6
676	2.0	2.098	2.51	1.863	6
677	2.02	2.059	2.529	1.824	6
678	2.078	2.0	2.451	1.784	6
679	2.137	1.882	2.314	1.765	6
680	2.098	1.863	2.157	1.706	6
681	2.059	1.745	1.922	1.725	6
682	2.02	1.667	1.765	1.765	6
683	1.961	1.667	1.608	1.882	6
684	1.902	1.686	1.588	2.0	6
685	1.902	1.706	1.608	2.118	6
686	1.882	1.745	1.627	2.176	6
687	1.882	1.843	1.706	2.196	6
688	1.863	1.902	1.824	2.196	6
689	1.843	2.0	2.059	2.196	6
690	1.863	2.059	2.235	2.157	6
691	1.863	2.098	2.431	2.098	6
692	1.941	2.098	2.49	1.98	6
693	2.02	2.078	2.49	1.863	6
694	2.039	2.078	2.49	1.804	6
695	2.039	2.02	2.471	1.745	6
696	2.098	1.902	2.333	1.706	6
697	2.078	1.863	2.157	1.725	6
698	2.039	1.765	1.922	1.725	6
699	2.02	1.686	1.765	1.765	6
700	1.961	1.667	1.627	1.882	6
701	1.902	1.686	1.588	2.02	6
702	1.902	1.706	1.588	2.078	6
703	1.882	1.745	1.627	2.137	6
704	1.843	1.804	1.706	2.157	6
705	1.804	1.882	1.863	2.196	6
706	1.843	1.98	2.039	2.216	6
707	1.902	2.059	2.255	2.137	6
708	1.922	2.118	2.412	2.078	6
709	1.98	2.118	2.49	1.961	6
710	2.02	2.078	2.49	1.843	6
711	2.059	2.039	2.49	1.804	6
712	2.059	2.0	2.451	1.745	6
713	2.118	1.961	2.353	1.745	6
714	2.078	1.863	2.196	1.725	6
715	2.059	1.745	1.902	1.725	6
716	2.039	1.686	1.765	1.765	6
717	2.02	1.686	1.627	1.863	6
718	1.941	1.686	1.588	2.0	6
719	1.902	1.686	1.588	2.098	6
720	1.902	1.745	1.608	2.157	6
721	1.863	1.843	1.686	2.196	6
722	1.902	1.882	1.843	2.176	6
723	1.843	1.98	2.039	2.216	6
724	1.863	2.02	2.235	2.157	6
725	1.902	2.098	2.373	2.078	6
726	1.98	2.118	2.471	1.961	6
727	2.02	2.098	2.471	1.863	6
728	2.039	2.059	2.51	1.804	6
729	2.059	2.02	2.471	1.765	6
730	2.039	1.941	2.314	1.706	6
731	2.098	1.882	2.176	1.725	6
732	2.039	1.784	1.922	1.706	6
733	1.961	1.706	1.784	1.765	6
734	1.98	1.667	1.608	1.882	6
735	1.922	1.667	1.588	1.98	6
736	1.882	1.706	1.608	2.078	6
737	1.843	1.725	1.627	2.137	6
738	1.824	1.804	1.667	2.176	6
739	1.804	1.902	1.843	2.157	6
740	1.843	1.98	2.039	2.216	6
741	1.843	2.039	2.216	2.157	6
742	1.882	2.078	2.392	2.078	6
743	1.941	2.078	2.471	1.961	6
744	1.98	2.059	2.49	1.843	6
745	2.02	2.039	2.49	1.765	6
746	2.02	2.0	2.451	1.745	6
747	2.078	1.922	2.353	1.765	6
748	2.098	1.863	2.176	1.725	6
749	2.078	1.745	1.922	1.706	6
750	2.0	1.706	1.784	1.745	6
751	1.98	1.667	1.627	1.824	6
752	1.922	1.667	1.569	1.98	6
753	1.902	1.706	1.588	2.059	6
754	1.882	1.745	1.608	2.118	6
755	1.843	1.824	1.686	2.176	6
756	1.784	1.902	1.863	2.176	6
757	1.843	1.98	2.02	2.196	6
758	1.902	2.039	2.255	2.176	6
759	1.902	2.118	2.412	2.098	6
760	1.961	2.137	2.49	1.941	6
761	2.0	2.078	2.471	1.863	6
762	2.02	2.059	2.471	1.784	6
763	2.059	2.0	2.451	1.745	6
764	2.059	1.941	2.333	1.745	6
765	2.039	1.843	2.216	1.706	6
766	2.039	1.745	1.941	1.725	6
767	1.98	1.706	1.784	1.745	6
768	2.0	1.667	1.627	1.824	6
769	1.922	1.686	1.588	1.961	6
770	1.882	1.686	1.588	2.098	6
771	1.882	1.765	1.647	2.137	6
772	1.863	1.804	1.706	2.216	6
773	1.863	1.902	1.863	2.216	6
774	1.863	2.02	2.039	2.216	6
775	1.824	2.059	2.235	2.196	6
776	1.902	2.098	2.412	2.098	6
777	1.98	2.098	2.49	2.0	6
778	2.02	2.098	2.49	1.863	6
779	2.039	2.059	2.529	1.804	6
780	2.039	2.0	2.471	1.784	6
781	2.059	1.922	2.373	1.765	6
782	2.059	1.843	2.196	1.725	6
783	2.039	1.745	1.961	1.745	6
784	2.0	1.686	1.804	1.784	6
785	1.98	1.667	1.647	1.843	6
786	1.941	1.667	1.588	1.98	6
787	1.882	1.667	1.588	2.078	6
788	1.882	1.706	1.627	2.157	6
789	1.863	1.745	1.686	2.176	6
790	1.863	1.824	1.804	2.196	6
791	1.882	1.922	2.0	2.216	6
792	1.863	2.0	2.216	2.176	6
793	1.902	2.039	2.373	2.118	6
794	1.961	2.078	2.51	2.0	6
795	2.02	2.039	2.49	1.863	6
796	2.02	2.059	2.49	1.804	6
797	2.059	1.98	2.471	1.765	6
798	2.118	1.863	2.314	1.745	6
799	2.078	1.863	2.176	1.706	6
800	2.078	1.745	1.961	1.725	6
801	2.0	1.686	1.784	1.745	6
802	1.98	1.647	1.647	1.843	6
803	1.961	1.686	1.569	2.0	6
804	1.922	1.706	1.608	2.118	6
805	1.902	1.725	1.588	2.118	6
806	1.843	1.804	1.686	2.176	6
807	1.843	1.882	1.824	2.216	6
808	1.843	2.0	2.02	2.235	6
809	1.882	2.02	2.216	2.176	6
810	1.902	2.118	2.373	2.098	6
811	1.941	2.098	2.51	1.98	6
812	2.0	2.078	2.471	1.882	6
813	2.0	2.078	2.471	1.804	6
814	2.059	2.0	2.471	1.765	6
815	2.059	1.961	2.373	1.745	6
816	2.118	1.882	2.235	1.745	6
817	2.059	1.745	1.961	1.725	6
818	2.02	1.706	1.804	1.745	6
819	1.961	1.686	1.647	1.843	6
820	1.902	1.667	1.588	1.961	6
821	1.902	1.667	1.608	2.078	6
822	1.882	1.725	1.608	2.137	6
823	1.882	1.804	1.667	2.157	6
824	1.863	1.882	1.824	2.196	6
825	1.824	1.941	2.0	2.196	6
826	1.863	2.0	2.196	2.176	6
827	1.882	2.078	2.353	2.098	6
828	1.961	2.078	2.471	1.98	6
829	2.0	2.078	2.49	1.882	6
830	2.059	2.078	2.51	1.824	6
831	2.059	2.02	2.49	1.784	6
832	2.078	1.941	2.353	1.804	6
833	2.059	1.863	2.196	1.725	6
834	2.039	1.725	1.98	1.745	6
835	2.02	1.667	1.784	1.765	6
836	2.0	1.647	1.667	1.824	6
837	1.961	1.667	1.588	1.961	6
838	1.902	1.686	1.608	2.059	6
839	1.882	1.686	1.608	2.137	6
840	1.863	1.745	1.647	2.216	6
841	1.824	1.843	1.804	2.196	6
842	1.863	1.922	1.98	2.216	6
843	1.882	1.98	2.196	2.157	6
844	1.941	2.078	2.333	2.098	6
845	1.941	2.078	2.471	1.98	6
846	2.039	2.039	2.49	1.863	6
847	2.039	2.039	2.49	1.804	6
848	2.078	1.98	2.471	1.765	6
849	2.118	1.882	2.373	1.745	6
850	2.118	1.863	2.216	1.706	6
851	2.059	1.745	1.961	1.706	6
852	1.98	1.725	1.804	1.765	6
853	2.039	1.706	1.667	1.843	6
854	1.98	1.686	1.569	1.98	6
855	1.922	1.686	1.588	2.078	6
856	1.882	1.765	1.608	2.118	6
857	1.863	1.824	1.667	2.176	6
858	1.824	1.922	1.804	2.216	6
859	1.765	2.02	1.98	2.235	6
860	1.843	2.059	2.216	2.196	6
861	1.863	2.137	2.373	2.137	6
862	1.902	2.137	2.51	2.02	6
863	1.961	2.118	2.51	1.922	6
864	2.0	2.098	2.49	1.843	6
865	2.02	2.039	2.471	1.784	6
866	2.02	1.98	2.353	1.745	6
867	2.059	1.902	2.235	1.725	6
868	2.059	1.765	1.98	1.725	6
869	2.02	1.725	1.804	1.745	6
870	1.98	1.686	1.667	1.824	6
871	1.941	1.686	1.588	1.961	6
872	1.902	1.686	1.588	2.078	6
873	1.882	1.725	1.588	2.118	6
874	1.882	1.765	1.647	2.118	6
875	1.863	1.882	1.784	2.176	6
876	1.863	1.961	1.98	2.196	6
877	1.863	2.02	2.176	2.176	6
878	1.882	2.078	2.333	2.098	6
879	1.961	2.098	2.471	2.0	6
880	2.0	2.078	2.51	1.882	6
881	2.039	2.059	2.49	1.824	6
882	2.059	2.0	2.471	1.745	6
883	2.078	1.922	2.373	1.686	6
884	2.078	1.902	2.216	1.706	6
885	2.078	1.745	2.0	1.686	6
886	2.02	1.706	1.824	1.765	6
887	2.0	1.686	1.667	1.804	6
888	1.941	1.706	1.588	1.941	6
889	1.882	1.725	1.588	2.078	6
890	1.882	1.725	1.608	2.118	6
891	1.863	1.784	1.627	2.176	6
892	1.824	1.863	1.804	2.196	6
893	1.843	1.961	1.961	2.196	6
894	1.882	2.039	2.216	2.157	6
895	1.902	2.118	2.333	2.118	6
896	1.941	2.118	2.51	2.0	6
897	2.0	2.098	2.51	1.902	6
898	2.02	2.118	2.49	1.824	6
899	2.059	2.039	2.49	1.765	6
900	2.078	1.961	2.373	1.745	6
901	2.118	1.922	2.255	1.745	6
902	2.078	1.784	2.0	1.725	6
903	2.02	1.706	1.843	1.745	6
904	2.02	1.667	1.667	1.824	6
905	1.961	1.667	1.588	1.941	6
906	1.922	1.667	1.608	2.039	6
907	1.882	1.706	1.588	2.118	6
908	1.863	1.745	1.647	2.137	6
909	1.863	1.843	1.784	2.196	6
910	1.882	1.941	1.941	2.196	6
911	1.863	2.0	2.176	2.157	6
912	1.863	2.098	2.333	2.118	6
913	1.922	2.078	2.49	2.02	6
914	2.02	2.059	2.471	1.882	6
915	2.039	2.059	2.51	1.824	6
916	2.059	2.039	2.49	1.765	6
917	2.098	1.941	2.412	1.745	6
918	2.059	1.882	2.255	1.745	6
919	2.059	1.804	2.0	1.725	6
920	2.0	1.725	1.843	1.765	6
921	1.961	1.686	1.686	1.824	6
922	1.941	1.686	1.627	1.961	6
923	1.882	1.706	1.608	2.098	6
924	1.863	1.725	1.608	2.137	6
925	1.843	1.784	1.667	2.157	6
926	1.843	1.863	1.804	2.176	6
927	1.784	1.941	1.961	2.216	6
928	1.843	2.02	2.176	2.196	6
929	1.902	2.078	2.314	2.118	6
930	1.941	2.118	2.471	2.02	6
931	1.98	2.078	2.51	1.902	6
932	2.02	2.098	2.49	1.824	6
933	2.039	2.059	2.51	1.784	6
934	2.078	1.961	2.392	1.725	6
935	2.098	1.922	2.235	1.725	6
936	2.078	1.745	2.0	1.686	6
937	2.02	1.686	1.804	1.745	6
938	1.98	1.667	1.667	1.804	6
939	1.902	1.725	1.608	1.961	6
940	1.902	1.725	1.608	2.098	6
941	1.902	1.706	1.588	2.157	6
942	1.863	1.765	1.627	2.176	6
943	1.843	1.863	1.784	2.176	6
944	1.843	1.961	1.941	2.196	6
945	1.824	2.02	2.196	2.176	6
946	1.863	2.078	2.314	2.157	6
947	1.922	2.137	2.51	2.039	6
948	1.98	2.098	2.51	1.961	6
949	2.0	2.078	2.51	1.843	6
950	2.039	2.039	2.49	1.824	6
951	2.039	1.961	2.431	1.745	6
952	2.098	1.902	2.255	1.725	6
953	2.078	1.804	2.02	1.725	6
954	2.02	1.725	1.843	1.745	6
955	2.02	1.667	1.667	1.824	6
956	1.961	1.686	1.608	1.941	6
957	1.922	1.686	1.588	2.059	6
958	1.882	1.725	1.588	2.137	6
959	1.843	1.765	1.667	2.157	6
960	1.863	1.863	1.784	2.216	6
961	1.863	1.941	1.922	2.216	6
962	1.882	2.0	2.157	2.176	6
963	1.902	2.059	2.294	2.118	6
964	1.941	2.098	2.451	2.02	6
965	2.0	2.078	2.49	1.882	6
966	2.039	2.078	2.49	1.804	6
967	2.059	2.039	2.49	1.784	6
968	2.059	1.941	2.392	1.765	6
969	2.078	1.863	2.255	1.765	6
970	2.098	1.784	2.059	1.745	6
971	2.039	1.725	1.863	1.765	6
972	2.0	1.686	1.686	1.784	6
973	1.941	1.667	1.588	1.922	6
974	1.902	1.686	1.588	2.078	6
975	1.882	1.686	1.588	2.137	6
976	1.882	1.765	1.647	2.196	6
977	1.843	1.863	1.784	2.176	6
978	1.824	1.902	1.922	2.196	6
979	1.843	2.0	2.176	2.157	6
980	1.922	2.059	2.294	2.118	6
981	1.922	2.078	2.471	2.039	6
982	1.98	2.059	2.51	1.902	6
983	2.039	2.039	2.471	1.843	6
984	2.059	2.0	2.471	1.784	6
985	2.098	1.902	2.412	1.765	6
986	2.078	1.863	2.255	1.745	6
987	2.098	1.745	2.039	1.725	6
988	2.02	1.706	1.863	1.745	6
989	2.02	1.627	1.686	1.784	6
990	1.961	1.667	1.588	1.941	6
991	1.922	1.667	1.608	2.039	6
992	1.902	1.686	1.588	2.137	6
993	1.863	1.765	1.627	2.157	6
994	1.824	1.843	1.765	2.157	6
995	1.843	1.941	1.941	2.235	6
996	1.843	2.0	2.176	2.196	6
997	1.882	2.039	2.294	2.137	6
998	1.941	2.098	2.471	2.02	6
999	1.98	2.059	2.51	1.902	6
1000	2.0	2.059	2.51	1.843	6
1001	2.02	2.02	2.51	1.804	6
1002	2.039	1.961	2.471	1.765	6
1003	2.157	1.902	2.275	1.765	6
1004	2.078	1.804	2.039	1.725	6
1005	2.0	1.706	1.863	1.765	6
1006	1.98	1.667	1.706	1.843	6
1007	1.961	1.647	1.588	1.941	6
1008	1.941	1.667	1.588	2.059	6
1009	1.882	1.686	1.608	2.157	6
1010	1.863	1.725	1.627	2.157	6
1011	1.863	1.843	1.804	2.176	6
1012	1.843	1.922	1.941	2.216	6
1013	1.824	2.02	2.157	2.196	6
1014	1.863	2.059	2.333	2.176	6
1015	1.902	2.098	2.451	2.078	6
1016	1.961	2.078	2.49	1.922	6
1017	2.02	2.078	2.49	1.863	6
1018	2.039	2.039	2.49	1.784	6
1019	2.059	1.941	2.451	1.725	6
1020	2.118	1.902	2.255	1.765	6
1021	2.059	1.804	2.059	1.725	6
1022	2.02	1.725	1.843	1.745	6
1023	1.98	1.667	1.706	1.784	6
1024	1.941	1.667	1.588	1.922	6
1025	1.922	1.706	1.569	2.039	6
1026	1.902	1.725	1.588	2.118	6
1027	1.863	1.784	1.647	2.157	6
1028	1.824	1.843	1.765	2.176	6
1029	1.882	1.941	1.922	2.216	6
1030	1.882	2.02	2.137	2.176	6
1031	1.902	2.078	2.294	2.157	6
1032	1.902	2.118	2.451	2.02	6
1033	2.0	2.078	2.51	1.902	6
1034	2.02	2.059	2.451	1.824	6
1035	2.059	2.02	2.451	1.765	6
1036	2.078	1.961	2.392	1.706	6
1037	2.098	1.922	2.294	1.706	6
1038	2.078	1.804	2.059	1.725	6
1039	2.059	1.706	1.843	1.725	6
1040	2.039	1.667	1.706	1.804	6
1041	2.0	1.667	1.569	1.882	6
1042	1.882	1.686	1.588	2.02	6
1043	1.863	1.706	1.588	2.137	6
1044	1.863	1.765	1.647	2.196	6
1045	1.843	1.824	1.725	2.196	6
1046	1.824	1.961	1.922	2.196	6
1047	1.804	2.02	2.137	2.196	6
1048	1.902	2.098	2.294	2.137	6
1049	1.941	2.118	2.451	2.02	6
1050	1.961	2.118	2.51	1.922	6
1051	2.02	2.098	2.51	1.843	6
1052	2.02	2.039	2.49	1.804	6
1053	2.039	2.0	2.412	1.765	6
1054	2.039	1.941	2.294	1.745	6
1055	2.059	1.824	2.098	1.706	6
1056	2.02	1.725	1.882	1.745	6
1057	2.0	1.686	1.706	1.804	6
1058	1.98	1.706	1.608	1.902	6
1059	1.922	1.706	1.608	2.059	6
1060	1.902	1.745	1.627	2.118	6
1061	1.863	1.745	1.627	2.176	6
1062	1.863	1.824	1.706	2.176	6
1063	1.863	1.902	1.902	2.157	6
1064	1.843	2.02	2.118	2.176	6
1065	1.902	2.059	2.294	2.118	6
1066	1.922	2.098	2.431	2.039	6
1067	1.98	2.098	2.471	1.902	6
1068	2.0	2.098	2.49	1.863	6
1069	2.039	2.078	2.51	1.804	6
1070	2.078	2.0	2.451	1.725	6
1071	2.098	1.961	2.275	1.765	6
1072	2.039	1.843	2.078	1.706	6
1073	2.02	1.725	1.882	1.725	6
1074	1.98	1.706	1.725	1.784	6
1075	1.961	1.706	1.608	1.922	6
1076	1.922	1.725	1.608	2.02	6
1077	1.882	1.745	1.608	2.118	6
1078	1.843	1.784	1.647	2.157	6
1079	1.863	1.824	1.765	2.216	6
1080	1.843	1.941	1.902	2.216	6
1081	1.863	2.059	2.137	2.196	6
1082	1.902	2.078	2.294	2.137	6
1083	1.902	2.118	2.431	2.059	6
1084	1.98	2.078	2.49	1.922	6
1085	2.02	2.078	2.471	1.824	6
1086	2.039	2.059	2.471	1.765	6
1087	2.059	1.98	2.451	1.706	6
1088	2.118	1.902	2.314	1.725	6
1089	2.098	1.804	2.078	1.725	6
1090	2.039	1.725	1.863	1.725	6
1091	2.039	1.667	1.706	1.765	6
1092	1.961	1.667	1.588	1.882	6
1093	1.902	1.667	1.588	2.0	6
1094	1.882	1.686	1.588	2.098	6
1095	1.843	1.745	1.608	2.157	6
1096	1.824	1.843	1.725	2.196	6
1097	1.863	1.922	1.882	2.216	6
1098	1.843	1.98	2.118	2.216	6
1099	1.902	2.039	2.255	2.137	6
1100	1.941	2.098	2.412	2.02	6
1101	1.98	2.078	2.49	1.941	6
1102	2.039	2.059	2.49	1.863	6
1103	2.059	2.059	2.51	1.804	6
1104	2.059	1.98	2.412	1.765	6
1105	2.078	1.902	2.275	1.725	6
1106	2.059	1.824	2.098	1.706	6
1107	2.02	1.686	1.843	1.725	6
1108	2.0	1.667	1.725	1.804	6
1109	1.98	1.667	1.588	1.902	6
1110	1.922	1.686	1.569	2.039	6
1111	1.902	1.686	1.608	2.118	6
1112	1.863	1.725	1.608	2.157	6
1113	1.824	1.804	1.725	2.176	6
1114	1.843	1.902	1.882	2.196	6
1115	1.843	2.0	2.098	2.196	6
1116	1.882	2.039	2.275	2.157	6
1117	1.902	2.098	2.412	2.078	6
1118	1.98	2.098	2.529	1.961	6
1119	2.02	2.078	2.49	1.863	6
1120	2.059	2.059	2.49	1.804	6
1121	2.078	2.0	2.451	1.765	6
1122	2.118	1.941	2.314	1.745	6
1123	2.078	1.843	2.118	1.745	6
1124	2.039	1.745	1.882	1.745	6
1125	2.0	1.686	1.725	1.784	6
1126	1.961	1.667	1.588	1.902	6
1127	1.922	1.686	1.588	2.02	6
1128	1.902	1.725	1.588	2.098	6
1129	1.863	1.765	1.608	2.157	6
1130	1.863	1.882	1.745	2.176	6
1131	1.843	1.922	1.863	2.176	6
1132	1.863	2.02	2.098	2.176	6
1133	1.882	2.078	2.255	2.118	6
1134	1.902	2.118	2.431	2.039	6
1135	1.961	2.078	2.49	1.941	6
1136	2.0	2.098	2.471	1.824	6
1137	2.059	2.059	2.471	1.784	6
1138	2.039	2.02	2.431	1.765	6
1139	2.02	1.961	2.333	1.725	6
1140	2.059	1.863	2.118	1.725	6
1141	2.059	1.745	1.863	1.706	6
1142	2.039	1.686	1.725	1.745	6
1143	1.98	1.686	1.608	1.863	6
1144	1.941	1.725	1.588	2.02	6
1145	1.902	1.725	1.608	2.118	6
1146	1.863	1.765	1.627	2.157	6
1147	1.863	1.843	1.745	2.216	6
1148	1.863	1.882	1.882	2.176	6
1149	1.882	1.98	2.078	2.196	6
1150	1.902	2.039	2.255	2.118	6
1151	1.902	2.118	2.431	2.039	6
1152	1.922	2.118	2.51	1.922	6
1153	1.98	2.059	2.51	1.843	6
1154	2.039	2.02	2.49	1.804	6
1155	2.059	1.98	2.431	1.765	6
1156	2.039	1.922	2.333	1.745	6
1157	2.078	1.863	2.157	1.725	6
1158	2.0	1.725	1.922	1.745	6
1159	1.961	1.667	1.765	1.784	6
1160	1.961	1.667	1.627	1.882	6
1161	1.902	1.706	1.588	2.02	6
1162	1.863	1.667	1.608	2.098	6
1163	1.882	1.765	1.627	2.157	6
1164	1.843	1.824	1.725	2.137	6
1165	1.863	1.902	1.843	2.176	6
1166	1.843	1.98	2.078	2.196	6
1167	1.882	2.0	2.255	2.157	6
1168	1.922	2.078	2.392	2.059	6
1169	2.02	2.078	2.51	1.961	6
1170	2.039	2.078	2.49	1.843	6
1171	2.0	2.059	2.529	1.804	6
1172	2.0	1.98	2.451	1.804	6
1173	2.098	1.922	2.314	1.745	6
1174	2.118	1.824	2.118	1.725	6
1175	2.059	1.745	1.882	1.745	6
1176	2.02	1.725	1.765	1.765	6
1177	1.961	1.686	1.608	1.902	6
1178	1.902	1.667	1.588	2.02	6
1179	1.882	1.725	1.608	2.118	6
1180	1.843	1.765	1.647	2.176	6
1181	1.804	1.824	1.745	2.216	6
1182	1.804	1.902	1.863	2.235	6
1183	1.824	2.039	2.078	2.235	6
1184	1.863	2.078	2.255	2.176	6
1185	1.882	2.098	2.431	2.098	6
1186	1.941	2.098	2.49	1.98	6
1187	1.98	2.078	2.49	1.863	6
1188	2.039	2.02	2.49	1.824	6
1189	2.039	1.98	2.451	1.784	6
1190	2.118	1.882	2.333	1.765	6
1191	2.078	1.863	2.176	1.745	6
1192	2.059	1.706	1.902	1.725	6
1193	2.0	1.686	1.745	1.765	6
1194	1.98	1.667	1.627	1.882	6
1195	1.922	1.667	1.588	2.02	6
1196	1.902	1.667	1.588	2.098	6
1197	1.902	1.725	1.608	2.137	6
1198	1.863	1.804	1.725	2.196	6
1199	1.843	1.863	1.863	2.216	6
1200	1.863	2.0	2.059	2.216	6
1201	1.902	2.0	2.235	2.137	6
1202	1.922	2.059	2.392	2.059	6
1203	1.98	2.098	2.51	1.941	6
1204	2.059	2.078	2.49	1.843	6
1205	2.039	2.039	2.49	1.784	6
1206	2.078	1.961	2.431	1.745	6
1207	2.118	1.882	2.314	1.745	6
1208	2.098	1.843	2.157	1.706	6
1209	2.078	1.706	1.882	1.725	6
1210	2.039	1.667	1.745	1.745	6
1211	2.02	1.647	1.608	1.843	6
1212	1.941	1.667	1.588	1.98	6
1213	1.902	1.686	1.588	2.078	6
1214	1.882	1.706	1.588	2.157	6
1215	1.843	1.784	1.667	2.137	6
1216	1.843	1.882	1.863	2.196	6
1217	1.902	1.98	2.078	2.196	6
1218	1.902	2.0	2.235	2.157	6
1219	1.902	2.078	2.392	2.078	6
1220	1.961	2.078	2.51	1.941	6
1221	1.98	2.098	2.51	1.843	6
1222	2.02	2.039	2.51	1.804	6
1223	2.059	1.98	2.451	1.765	6
1224	2.078	1.882	2.333	1.725	6
1225	2.078	1.843	2.176	1.745	6
1226	2.059	1.745	1.922	1.745	6
1227	2.02	1.725	1.804	1.784	6
1228	1.961	1.667	1.627	1.863	6
1229	1.941	1.686	1.588	1.98	6
1230	1.882	1.706	1.608	2.098	6
1231	1.863	1.745	1.627	2.137	6
1232	1.824	1.804	1.706	2.176	6
1233	1.824	1.902	1.843	2.196	6
1234	1.863	2.0	2.059	2.196	6
1235	1.843	2.039	2.235	2.137	6
1236	1.882	2.078	2.412	2.078	6
1237	1.941	2.078	2.49	1.961	6
1238	2.0	2.078	2.471	1.843	6
1239	2.039	2.059	2.49	1.784	6
1240	2.039	2.0	2.451	1.725	6
1241	2.078	1.941	2.333	1.725	6
1242	2.059	1.863	2.176	1.725	6
1243	2.078	1.745	1.922	1.765	6
1244	2.02	1.706	1.765	1.784	6
1245	2.0	1.667	1.608	1.863	6
1246	1.922	1.686	1.569	2.0	6
1247	1.902	1.706	1.588	2.078	6
1248	1.882	1.745	1.608	2.157	6
1249	1.882	1.824	1.686	2.176	6
1250	1.863	1.902	1.863	2.176	6
1251	1.843	1.98	2.02	2.216	6
1252	1.863	2.039	2.216	2.157	6
1253	1.902	2.118	2.373	2.078	6
1254	1.961	2.098	2.51	1.961	6
1255	1.98	2.059	2.49	1.882	6
1256	2.02	2.039	2.471	1.784	6
1257	2.059	2.0	2.471	1.784	6
1258	2.078	1.902	2.353	1.725	6
1259	2.078	1.824	2.196	1.725	6
1260	2.078	1.706	1.902	1.725	6
1261	2.0	1.667	1.784	1.745	6
1262	2.0	1.647	1.608	1.843	6
1263	1.922	1.667	1.569	2.0	6
1264	1.922	1.706	1.588	2.098	6
1265	1.863	1.725	1.588	2.137	6
1266	1.863	1.784	1.667	2.137	6
1267	1.824	1.902	1.843	2.176	6
1268	1.843	1.98	2.039	2.196	6
1269	1.882	2.02	2.196	2.157	6
1270	1.922	2.098	2.373	2.078	6
1271	1.98	2.098	2.471	1.941	6
1272	2.0	2.098	2.49	1.824	6
1273	2.02	2.078	2.49	1.784	6
1274	2.039	2.0	2.431	1.765	6
1275	2.059	1.922	2.314	1.725	6
1276	2.078	1.863	2.157	1.686	6
1277	2.059	1.745	1.922	1.686	6
1278	2.039	1.725	1.765	1.745	6
1279	2.0	1.686	1.647	1.843	6
1280	1.98	1.686	1.569	1.98	6
1281	1.941	1.706	1.569	2.078	6
1282	1.902	1.706	1.608	2.118	6
1283	1.882	1.784	1.667	2.157	6
1284	1.863	1.882	1.824	2.176	6
1285	1.843	2.0	2.02	2.196	6
1286	1.863	2.039	2.196	2.157	6
1287	1.922	2.059	2.392	2.078	6
1288	1.98	2.059	2.471	1.961	6
1289	2.0	2.078	2.471	1.824	6
1290	1.98	2.078	2.51	1.804	6
1291	2.039	2.02	2.471	1.784	6
1292	2.059	1.941	2.333	1.784	6
1293	2.059	1.882	2.216	1.745	6
1294	2.039	1.745	1.961	1.765	6
1295	1.98	1.706	1.804	1.765	6
1296	1.941	1.667	1.647	1.843	6
1297	1.882	1.725	1.588	2.0	6
1298	1.863	1.686	1.588	2.098	6
1299	1.863	1.725	1.608	2.137	6
1300	1.824	1.804	1.667	2.196	6
1301	1.804	1.882	1.843	2.235	6
1302	1.804	2.0	2.059	2.235	6
1303	1.863	2.02	2.216	2.157	6
1304	1.882	2.118	2.392	2.098	6
1305	1.922	2.098	2.529	1.98	6
1306	1.98	2.078	2.51	1.863	6
1307	2.0	2.059	2.51	1.804	6
1308	2.039	2.0	2.451	1.745	6
1309	2.078	1.922	2.333	1.725	6
1310	2.098	1.863	2.216	1.725	6
1311	2.059	1.745	1.941	1.725	6
1312	2.0	1.706	1.824	1.784	6
1313	2.0	1.686	1.647	1.843	6
1314	1.941	1.706	1.608	1.961	6
1315	1.902	1.686	1.588	2.098	6
1316	1.882	1.706	1.588	2.118	6
1317	1.882	1.804	1.647	2.157	6
1318	1.824	1.882	1.804	2.176	6
1319	1.882	1.98	2.02	2.196	6
1320	1.863	2.039	2.216	2.176	6
1321	1.882	2.098	2.373	2.098	6
1322	1.961	2.098	2.49	2.02	6
1323	2.02	2.098	2.471	1.863	6
1324	2.039	2.059	2.49	1.804	6
1325	2.059	2.0	2.451	1.765	6
1326	2.078	1.941	2.373	1.745	6
1327	2.078	1.882	2.216	1.745	6
1328	2.098	1.765	1.961	1.725	6
1329	2.0	1.686	1.784	1.784	6
1330	2.0	1.667	1.627	1.843	6
1331	1.961	1.667	1.588	1.961	6
1332	1.902	1.686	1.588	2.078	6
1333	1.882	1.686	1.608	2.157	6
1334	1.863	1.765	1.667	2.216	6
1335	1.882	1.843	1.804	2.216	6
1336	1.882	1.961	2.0	2.235	6
1337	1.922	2.02	2.216	2.176	6
1338	1.922	2.059	2.353	2.118	6
1339	1.961	2.059	2.471	1.98	6
1340	2.02	2.039	2.49	1.882	6
1341	2.0	2.098	2.51	1.843	6
1342	2.039	2.0	2.49	1.824	6
1343	2.078	1.882	2.333	1.765	6
1344	2.098	1.863	2.196	1.725	6
1345	2.098	1.765	1.961	1.745	6
1346	2.059	1.725	1.804	1.765	6
1347	2.02	1.706	1.667	1.843	6
1348	1.922	1.706	1.588	2.0	6
1349	1.902	1.706	1.608	2.078	6
1350	1.863	1.765	1.627	2.176	6
1351	1.843	1.824	1.686	2.216	6
1352	1.784	1.922	1.843	2.196	6
1353	1.843	2.0	1.98	2.196	6
1354	1.863	2.039	2.216	2.157	6
1355	1.882	2.118	2.373	2.098	6
1356	1.961	2.137	2.51	1.98	6
1357	1.98	2.098	2.49	1.882	6
1358	2.02	2.078	2.49	1.804	6
1359	2.02	2.02	2.471	1.765	6
1360	2.059	1.941	2.412	1.725	6
1361	2.078	1.902	2.235	1.745	6
1362	2.059	1.765	1.98	1.725	6
1363	2.02	1.725	1.824	1.745	6
1364	1.98	1.706	1.647	1.824	6
1365	1.961	1.706	1.608	1.961	6
1366	1.902	1.686	1.588	2.078	6
1367	1.882	1.725	1.588	2.118	6
1368	1.863	1.804	1.667	2.118	6
1369	1.863	1.882	1.804	2.157	6
1370	1.863	1.961	2.0	2.176	6
1371	1.843	2.02	2.196	2.157	6
1372	1.902	2.098	2.353	2.078	6
1373	1.941	2.098	2.471	1.98	6
1374	1.98	2.078	2.49	1.863	6
1375	2.02	2.059	2.51	1.824	6
1376	2.059	2.0	2.471	1.765	6
1377	2.098	1.922	2.353	1.725	6
1378	2.059	1.882	2.216	1.725	6
1379	2.078	1.765	1.98	1.725	6
1380	2.02	1.706	1.804	1.745	6
1381	2.0	1.647	1.647	1.804	6
1382	1.961	1.686	1.569	1.941	6
1383	1.902	1.686	1.608	2.059	6
1384	1.902	1.706	1.588	2.137	6
1385	1.863	1.765	1.647	2.137	6
1386	1.863	1.863	1.804	2.216	6
1387	1.882	1.961	1.961	2.176	6
1388	1.863	2.02	2.196	2.157	6
1389	1.922	2.059	2.333	2.098	6
1390	1.941	2.098	2.471	1.98	6
1391	2.0	2.078	2.49	1.863	6
1392	2.02	2.078	2.49	1.804	6
1393	2.078	2.02	2.49	1.765	6
1394	2.059	1.941	2.373	1.725	6
1395	2.098	1.882	2.196	1.706	6
1396	2.078	1.745	1.961	1.686	6
1397	2.02	1.706	1.824	1.745	6
1398	2.02	1.667	1.647	1.824	6
1399	1.961	1.667	1.569	1.941	6
1400	1.922	1.706	1.588	2.039	6
1401	1.882	1.745	1.627	2.137	6
1402	1.843	1.843	1.647	2.196	6
1403	1.804	1.882	1.804	2.216	6
1404	1.843	1.941	1.961	2.196	6
1405	1.882	2.039	2.176	2.157	6
1406	1.902	2.098	2.353	2.098	6
1407	1.922	2.098	2.51	2.0	6
1408	1.961	2.098	2.51	1.902	6
1409	2.02	2.098	2.529	1.863	6
1410	2.039	2.059	2.471	1.784	6
1411	2.039	1.941	2.412	1.745	6
1412	2.059	1.882	2.255	1.745	6
1413	2.078	1.765	2.0	1.725	6
1414	2.02	1.706	1.843	1.765	6
1415	1.961	1.686	1.686	1.824	6
1416	1.922	1.667	1.608	1.961	6
1417	1.882	1.706	1.608	2.078	6
1418	1.882	1.725	1.608	2.157	6
1419	1.863	1.784	1.667	2.157	6
1420	1.863	1.882	1.824	2.216	6
1421	1.843	1.941	1.98	2.235	6
1422	1.843	2.0	2.176	2.196	6
1423	1.902	2.078	2.333	2.118	6
1424	1.941	2.098	2.49	2.02	6
1425	1.98	2.078	2.51	1.882	6
1426	2.02	2.059	2.49	1.863	6
1427	2.059	2.02	2.471	1.784	6
1428	2.078	1.941	2.373	1.725	6
1429	2.059	1.922	2.255	1.765	6
1430	2.059	1.765	2.02	1.725	6
1431	2.039	1.745	1.863	1.765	6
1432	2.0	1.667	1.647	1.824	6
1433	1.961	1.686	1.569	1.941	6
1434	1.902	1.706	1.608	2.059	6
1435	1.902	1.706	1.588	2.157	6
1436	1.863	1.784	1.627	2.196	6
1437	1.824	1.863	1.784	2.157	6
1438	1.882	1.98	1.961	2.216	6
1439	1.843	2.02	2.196	2.176	6
1440	1.922	2.098	2.333	2.137	6
1441	1.941	2.098	2.471	2.0	6
1442	2.02	2.098	2.49	1.882	6
1443	2.02	2.098	2.49	1.804	6
1444	2.039	2.02	2.49	1.784	6
1445	2.098	1.941	2.392	1.745	6
1446	2.098	1.902	2.235	1.706	6
1447	2.098	1.784	2.02	1.725	6
1448	2.0	1.706	1.824	1.765	6
1449	2.0	1.667	1.667	1.843	6
1450	1.98	1.667	1.569	1.922	6
1451	1.922	1.686	1.588	2.039	6
1452	1.863	1.725	1.608	2.098	6
1453	1.863	1.745	1.627	2.176	6
1454	1.824	1.824	1.765	2.196	6
1455	1.843	1.961	1.961	2.196	6
1456	1.863	2.02	2.196	2.196	6
1457	1.882	2.059	2.294	2.137	6
1458	1.941	2.078	2.471	2.02	6
1459	2.02	2.078	2.471	1.902	6
1460	2.039	2.098	2.49	1.804	6
1461	2.059	2.039	2.49	1.765	6
1462	2.039	1.961	2.431	1.765	6
1463	2.118	1.902	2.235	1.745	6
1464	2.098	1.765	2.02	1.706	6
1465	2.039	1.725	1.824	1.745	6
1466	2.0	1.686	1.667	1.824	6
1467	1.98	1.667	1.588	1.941	6
1468	1.941	1.706	1.569	2.078	6
1469	1.922	1.725	1.608	2.118	6
1470	1.863	1.765	1.627	2.137	6
1471	1.843	1.882	1.804	2.196	6
1472	1.902	1.98	1.941	2.235	6
1473	1.863	2.02	2.196	2.196	6
1474	1.922	2.059	2.314	2.118	6
1475	1.922	2.098	2.451	2.02	6
1476	1.961	2.078	2.51	1.902	6
1477	1.98	2.059	2.471	1.843	6
1478	2.039	2.0	2.471	1.784	6
1479	2.059	1.922	2.412	1.706	6
1480	2.059	1.902	2.255	1.745	6
1481	2.059	1.765	2.039	1.725	6
1482	2.0	1.706	1.824	1.765	6
1483	1.961	1.667	1.667	1.804	6
1484	1.922	1.686	1.588	1.941	6
1485	1.882	1.686	1.608	2.039	6
1486	1.863	1.706	1.588	2.157	6
1487	1.843	1.765	1.627	2.176	6
1488	1.804	1.843	1.784	2.216	6
1489	1.863	1.941	1.941	2.235	6
1490	1.843	2.02	2.176	2.176	6
1491	1.882	2.039	2.314	2.137	6
1492	1.922	2.098	2.51	2.059	6
1493	1.98	2.059	2.51	1.922	6
1494	2.02	2.059	2.51	1.804	6
1495	2.02	2.02	2.49	1.804	6
1496	2.059	1.941	2.412	1.784	6
1497	2.137	1.882	2.275	1.725	6
1498	2.078	1.765	2.039	1.725	6
1499	2.039	1.686	1.863	1.725	6
1500	1.98	1.647	1.667	1.804	6
1501	1.961	1.647	1.569	1.902	6
1502	1.922	1.686	1.569	2.02	6
1503	1.882	1.706	1.588	2.118	6
1504	1.863	1.725	1.627	2.176	6
1505	1.824	1.784	1.784	2.196	6
1506	1.882	1.902	1.902	2.176	6
1507	1.882	2.0	2.137	2.157	6
1508	1.902	2.039	2.294	2.118	6
1509	1.941	2.059	2.451	2.02	6
1510	2.0	2.039	2.471	1.863	6
1511	2.039	2.059	2.471	1.824	6
1512	2.059	2.0	2.471	1.784	6
1513	2.157	1.941	2.412	1.686	6
1514	2.118	1.863	2.216	1.725	6
1515	2.078	1.765	2.02	1.686	6
1516	2.039	1.706	1.824	1.706	6
1517	2.0	1.647	1.667	1.784	6
1518	1.961	1.647	1.588	1.902	6
1519	1.922	1.667	1.588	2.039	6
1520	1.902	1.725	1.588	2.098	6
1521	1.824	1.784	1.647	2.157	6
1522	1.784	1.843	1.804	2.196	6
1523	1.804	1.922	1.922	2.235	6
1524	1.863	2.0	2.157	2.196	6
1525	1.882	2.078	2.314	2.137	6
1526	1.882	2.137	2.471	2.039	6
1527	1.941	2.098	2.529	1.922	6
1528	1.961	2.078	2.51	1.863	6
1529	1.98	2.059	2.51	1.804	6
1530	2.0	1.98	2.412	1.804	6
1531	2.02	1.922	2.275	1.765	6
1532	2.039	1.804	2.098	1.765	6
1533	2.02	1.725	1.863	1.765	6
1534	2.0	1.686	1.706	1.804	6
1535	1.922	1.706	1.608	1.922	6
1536	1.882	1.686	1.627	2.039	6
1537	1.863	1.706	1.588	2.137	6
1538	1.843	1.745	1.627	2.157	6
1539	1.824	1.863	1.745	2.176	6
1540	1.804	1.922	1.922	2.196	6
1541	1.824	2.0	2.157	2.176	6
1542	1.882	2.039	2.275	2.137	6
1543	1.941	2.098	2.471	2.059	6
1544	2.0	2.098	2.51	1.922	6
1545	2.039	2.078	2.529	1.824	6
1546	2.059	2.059	2.49	1.804	6
1547	2.078	1.961	2.412	1.765	6
1548	2.137	1.902	2.275	1.745	6
1549	2.098	1.804	2.078	1.706	6
1550	2.078	1.725	1.863	1.725	6
1551	2.039	1.686	1.686	1.784	6
1552	1.98	1.667	1.608	1.902	6
1553	1.922	1.686	1.588	2.059	6
1554	1.922	1.686	1.588	2.098	6
1555	1.882	1.725	1.627	2.157	6
1556	1.882	1.843	1.725	2.137	6
1557	1.902	1.922	1.902	2.176	6
1558	1.882	2.039	2.118	2.176	6
1559	1.902	2.059	2.294	2.137	6
1560	1.941	2.098	2.431	2.039	6
1561	1.98	2.078	2.471	1.902	6
1562	2.039	2.078	2.471	1.824	6
1563	2.039	2.059	2.471	1.765	6
1564	2.059	1.961	2.431	1.725	6
1565	2.137	1.902	2.255	1.725	6
1566	2.078	1.824	2.078	1.706	6
1567	2.039	1.745	1.863	1.745	6
1568	2.039	1.686	1.706	1.784	6
1569	2.0	1.706	1.588	1.902	6
1570	1.922	1.686	1.569	2.0	6
1571	1.922	1.706	1.588	2.078	6
1572	1.863	1.784	1.627	2.157	6
1573	1.882	1.843	1.745	2.196	6
1574	1.863	1.902	1.882	2.216	6
1575	1.863	2.0	2.118	2.157	6
1576	1.882	2.078	2.275	2.118	6
1577	1.902	2.098	2.431	2.039	6
1578	1.961	2.078	2.51	1.922	6
1579	2.02	2.078	2.471	1.843	6
1580	2.059	2.039	2.51	1.824	6
1581	2.078	1.98	2.412	1.765	6
1582	2.059	1.922	2.294	1.706	6
1583	2.118	1.824	2.078	1.706	6
1584	2.039	1.725	1.843	1.725	6
1585	2.02	1.667	1.706	1.804	6
1586	1.961	1.667	1.608	1.922	6
1587	1.902	1.667	1.608	2.039	6
1588	1.882	1.706	1.588	2.137	6
1589	1.824	1.765	1.627	2.157	6
1590	1.804	1.863	1.725	2.196	6
1591	1.843	1.902	1.882	2.216	6
1592	1.843	1.98	2.137	2.216	6
1593	1.902	2.039	2.255	2.137	6
1594	1.922	2.118	2.451	2.078	6
1595	1.941	2.118	2.51	1.941	6
1596	2.02	2.098	2.51	1.863	6
1597	2.02	2.039	2.49	1.824	6
1598	2.059	1.961	2.431	1.745	6
1599	2.059	1.922	2.255	1.725	6
1600	2.059	1.824	2.078	1.725	6
1601	2.059	1.765	1.882	1.765	6
1602	1.98	1.706	1.706	1.804	6
1603	1.961	1.667	1.588	1.902	6
1604	1.922	1.706	1.608	2.059	6
1605	1.882	1.706	1.627	2.118	6
1606	1.824	1.745	1.608	2.196	6
1607	1.824	1.863	1.745	2.196	6
1608	1.843	1.922	1.863	2.216	6
1609	1.843	2.02	2.118	2.196	6
1610	1.882	2.039	2.275	2.157	6
1611	1.902	2.078	2.412	2.078	6
1612	1.98	2.078	2.49	1.941	6
1613	2.02	2.078	2.49	1.843	6
1614	2.0	2.059	2.471	1.824	6
1615	2.059	1.961	2.451	1.765	6
1616	2.118	1.922	2.314	1.765	6
1617	2.098	1.843	2.118	1.725	6
1618	2.0	1.745	1.863	1.765	6
1619	1.98	1.667	1.725	1.804	6
1620	1.98	1.667	1.588	1.922	6
1621	1.922	1.706	1.569	2.02	6
1622	1.902	1.725	1.588	2.118	6
1623	1.843	1.784	1.627	2.157	6
1624	1.804	1.843	1.745	2.216	6
1625	1.843	1.922	1.863	2.255	6
1626	1.824	2.02	2.137	2.235	6
1627	1.882	2.039	2.255	2.137	6
1628	1.902	2.118	2.451	2.039	6
1629	1.961	2.098	2.51	1.941	6
1630	2.0	2.098	2.529	1.863	6
1631	2.059	2.039	2.49	1.784	6
1632	2.039	1.98	2.431	1.725	6
1633	2.039	1.902	2.314	1.725	6
1634	2.059	1.843	2.118	1.725	6
1635	2.059	1.706	1.863	1.725	6
1636	2.02	1.647	1.706	1.765	6
1637	1.961	1.647	1.588	1.882	6
1638	1.922	1.667	1.588	2.02	6
1639	1.902	1.667	1.588	2.078	6
1640	1.902	1.725	1.608	2.118	6
1641	1.863	1.824	1.725	2.176	6
1642	1.843	1.922	1.882	2.176	6
1643	1.843	1.98	2.098	2.216	6
1644	1.902	2.02	2.255	2.137	6
1645	1.941	2.078	2.431	2.039	6
1646	1.98	2.078	2.51	1.902	6
1647	2.02	2.059	2.49	1.824	6
1648	2.02	2.039	2.51	1.784	6
1649	2.039	1.98	2.431	1.784	6
1650	2.078	1.961	2.353	1.765	6
1651	2.078	1.843	2.157	1.706	6
1652	2.039	1.706	1.882	1.745	6
1653	1.98	1.667	1.745	1.765	6
1654	1.98	1.667	1.608	1.863	6
1655	1.902	1.706	1.608	2.02	6
1656	1.863	1.706	1.627	2.137	6
1657	1.843	1.784	1.667	2.196	6
1658	1.824	1.843	1.725	2.216	6
1659	1.863	1.922	1.882	2.196	6
1660	1.824	2.0	2.098	2.176	6
1661	1.863	2.02	2.275	2.157	6
1662	1.882	2.078	2.412	2.059	6
1663	1.961	2.078	2.51	1.922	6
1664	2.0	2.078	2.51	1.843	6
1665	2.0	2.039	2.51	1.784	6
1666	2.02	1.961	2.451	1.765	6
1667	2.118	1.882	2.314	1.725	6
1668	2.118	1.843	2.137	1.706	6
1669	2.02	1.745	1.902	1.706	6
1670	1.98	1.667	1.745	1.765	6
1671	1.961	1.667	1.627	1.882	6
1672	1.941	1.667	1.588	1.98	6
1673	1.902	1.686	1.588	2.078	6
1674	1.863	1.745	1.647	2.137	6
1675	1.882	1.804	1.706	2.216	6
1676	1.843	1.882	1.863	2.176	6
1677	1.863	2.0	2.118	2.216	6
1678	1.882	2.059	2.255	2.137	6
1679	1.922	2.098	2.431	2.059	6
1680	1.961	2.078	2.49	1.941	6
1681	2.02	2.078	2.471	1.804	6
1682	2.039	2.059	2.49	1.784	6
1683	2.059	1.98	2.431	1.725	6
1684	2.059	1.941	2.314	1.745	6
1685	2.098	1.863	2.137	1.725	6
1686	2.059	1.725	1.922	1.745	6
1687	2.02	1.686	1.725	1.745	6
1688	1.98	1.667	1.608	1.863	6
1689	1.941	1.667	1.569	2.02	6
1690	1.922	1.686	1.569	2.078	6
1691	1.922	1.725	1.608	2.137	6
1692	1.843	1.843	1.725	2.137	6
1693	1.863	1.902	1.882	2.196	6
1694	1.863	1.98	2.059	2.196	6
1695	1.902	2.039	2.235	2.137	6
1696	1.941	2.118	2.412	2.059	6
1697	1.961	2.118	2.51	1.961	6
1698	2.039	2.078	2.471	1.824	6
1699	2.059	2.059	2.471	1.804	6
1700	2.078	1.98	2.49	1.804	6
1701	2.098	1.941	2.294	1.725	6
1702	2.078	1.843	2.157	1.725	6
1703	2.059	1.725	1.882	1.745	6
1704	2.0	1.686	1.745	1.745	6
1705	2.02	1.686	1.627	1.863	6
1706	1.922	1.706	1.588	2.0	6
1707	1.902	1.706	1.588	2.118	6
1708	1.882	1.745	1.608	2.157	6
1709	1.843	1.824	1.745	2.176	6
1710	1.843	1.882	1.843	2.216	6
1711	1.824	2.02	2.078	2.196	6
1712	1.863	2.039	2.255	2.157	6
1713	1.902	2.118	2.412	2.078	6
1714	1.98	2.098	2.51	1.922	6
1715	2.0	2.098	2.49	1.843	6
1716	2.059	2.059	2.51	1.784	6
1717	2.039	1.98	2.451	1.745	6
1718	2.098	1.902	2.314	1.725	6
1719	2.098	1.863	2.157	1.725	6
1720	2.039	1.745	1.902	1.725	6
1721	2.0	1.667	1.765	1.745	6
1722	1.98	1.667	1.608	1.863	6
1723	1.941	1.706	1.588	1.98	6
1724	1.902	1.706	1.588	2.078	6
1725	1.882	1.725	1.608	2.157	6
1726	1.863	1.804	1.667	2.196	6
1727	1.863	1.882	1.824	2.176	6
1728	1.863	2.0	2.039	2.176	6
1729	1.882	2.039	2.235	2.137	6
1730	1.902	2.078	2.412	2.078	6
1731	1.98	2.098	2.471	1.961	6
1732	2.039	2.059	2.471	1.843	6
1733	2.059	2.039	2.471	1.765	6
1734	2.039	2.0	2.451	1.725	6
1735	2.118	1.922	2.314	1.725	6
1736	2.078	1.863	2.157	1.725	6
1737	2.02	1.765	1.902	1.745	6
1738	1.961	1.725	1.784	1.784	6
1739	1.98	1.686	1.627	1.882	6
1740	1.941	1.725	1.588	2.02	6
1741	1.902	1.745	1.608	2.118	6
1742	1.863	1.784	1.608	2.157	6
1743	1.804	1.882	1.686	2.176	6
1744	1.804	1.941	1.882	2.216	6
1745	1.824	2.078	2.059	2.255	6
1746	1.843	2.059	2.235	2.176	6
1747	1.882	2.137	2.412	2.098	6
1748	1.902	2.137	2.529	1.98	6
1749	1.98	2.098	2.51	1.902	6
1750	2.02	2.059	2.49	1.804	6
1751	2.078	2.0	2.451	1.745	6
1752	2.059	1.941	2.333	1.725	6
1753	2.078	1.843	2.176	1.725	6
1754	2.059	1.725	1.902	1.725	6
1755	2.0	1.706	1.765	1.765	6
1756	1.941	1.706	1.667	1.882	6
1757	1.882	1.686	1.588	2.02	6
1758	1.922	1.706	1.608	2.098	6
1759	1.863	1.725	1.608	2.137	6
1760	1.863	1.784	1.725	2.137	6
1761	1.882	1.922	1.863	2.196	6
1762	1.843	2.0	2.059	2.196	6
1763	1.843	2.039	2.235	2.176	6
1764	1.882	2.098	2.392	2.078	6
1765	1.961	2.118	2.51	1.961	6
1766	1.98	2.098	2.51	1.863	6
1767	2.02	2.078	2.529	1.824	6
1768	2.039	2.0	2.471	1.784	6
1769	2.078	1.941	2.353	1.745	6
1770	2.078	1.843	2.176	1.725	6
1771	2.039	1.725	1.941	1.745	6
1772	2.02	1.686	1.784	1.784	6
1773	1.98	1.647	1.627	1.863	6
1774	1.922	1.667	1.588	1.98	6
1775	1.902	1.686	1.588	2.098	6
1776	1.882	1.706	1.627	2.157	6
1777	1.863	1.765	1.686	2.176	6
1778	1.863	1.863	1.863	2.235	6
1779	1.863	1.98	2.039	2.216	6
1780	1.863	2.02	2.235	2.157	6
1781	1.882	2.059	2.392	2.118	6
1782	1.961	2.078	2.471	1.98	6
1783	2.02	2.039	2.51	1.882	6
1784	2.039	2.039	2.49	1.784	6
1785	2.059	1.961	2.471	1.765	6
1786	2.098	1.863	2.314	1.765	6
1787	2.059	1.843	2.176	1.725	6
1788	2.078	1.725	1.941	1.725	6
1789	2.0	1.667	1.784	1.765	6
1790	2.0	1.627	1.627	1.863	6
1791	1.941	1.647	1.569	2.0	6
1792	1.922	1.667	1.608	2.098	6
1793	1.882	1.725	1.608	2.137	6
1794	1.843	1.804	1.686	2.157	6
1795	1.843	1.863	1.843	2.196	6
1796	1.863	1.941	2.02	2.216	6
1797	1.902	2.02	2.216	2.157	6
1798	1.902	2.098	2.373	2.078	6
1799	1.941	2.098	2.51	1.98	6
1800	2.0	2.078	2.49	1.882	6
1801	2.02	2.059	2.49	1.784	6
1802	2.059	2.02	2.451	1.765	6
1803	2.098	1.961	2.373	1.765	6
1804	2.078	1.863	2.176	1.725	6
1805	2.078	1.745	1.922	1.706	6
1806	1.98	1.725	1.824	1.765	6
1807	2.0	1.706	1.647	1.843	6
1808	1.922	1.686	1.588	1.98	6
1809	1.902	1.686	1.608	2.118	6
1810	1.902	1.725	1.608	2.137	6
1811	1.882	1.804	1.686	2.176	6
1812	1.843	1.902	1.843	2.196	6
1813	1.863	1.98	2.039	2.216	6
1814	1.863	2.02	2.216	2.176	6
1815	1.902	2.098	2.392	2.098	6
1816	1.961	2.098	2.51	2.0	6
1817	2.0	2.098	2.49	1.863	6
1818	2.02	2.059	2.51	1.804	6
1819	2.059	2.02	2.51	1.765	6
1820	2.098	1.941	2.373	1.725	6
1821	2.078	1.863	2.216	1.706	6
1822	2.059	1.745	1.98	1.706	6
1823	2.0	1.686	1.784	1.745	6
1824	2.0	1.647	1.647	1.824	6
1825	1.941	1.667	1.588	1.941	6
1826	1.882	1.686	1.588	2.059	6
1827	1.882	1.706	1.627	2.118	6
1828	1.843	1.765	1.667	2.157	6
1829	1.804	1.863	1.824	2.137	6
1830	1.863	1.961	2.02	2.176	6
1831	1.824	2.039	2.235	2.157	6
1832	1.863	2.078	2.392	2.098	6
1833	1.941	2.078	2.49	2.0	6
1834	2.02	2.078	2.49	1.863	6
1835	2.02	2.078	2.49	1.784	6
1836	2.039	2.0	2.49	1.745	6
1837	2.059	1.902	2.373	1.745	6
1838	2.098	1.902	2.216	1.706	6
1839	2.059	1.745	1.941	1.725	6
1840	2.0	1.725	1.804	1.765	6
1841	1.98	1.686	1.647	1.824	6
1842	1.922	1.686	1.588	1.961	6
1843	1.882	1.706	1.588	2.059	6
1844	1.882	1.765	1.608	2.157	6
1845	1.882	1.804	1.667	2.176	6
1846	1.824	1.922	1.824	2.196	6
1847	1.784	2.0	2.0	2.216	6
1848	1.902	2.059	2.196	2.157	6
1849	1.922	2.118	2.353	2.098	6
1850	1.922	2.098	2.49	1.961	6
1851	1.98	2.078	2.49	1.863	6
1852	2.02	2.059	2.471	1.784	6
1853	2.059	2.02	2.471	1.765	6
1854	2.02	1.961	2.373	1.765	6
1855	2.039	1.902	2.235	1.765	6
1856	2.039	1.765	1.98	1.784	6
1857	2.0	1.706	1.804	1.765	6
1858	1.98	1.667	1.667	1.824	6
1859	1.902	1.686	1.608	1.961	6
1860	1.863	1.706	1.588	2.098	6
1861	1.863	1.725	1.608	2.137	6
1862	1.824	1.784	1.686	2.196	6
1863	1.804	1.902	1.843	2.235	6
1864	1.824	1.961	2.02	2.235	6
1865	1.843	2.02	2.216	2.196	6
1866	1.882	2.078	2.373	2.118	6
1867	1.941	2.078	2.51	1.98	6
1868	2.0	2.078	2.529	1.882	6
1869	2.039	2.098	2.51	1.824	6
1870	2.039	2.02	2.51	1.784	6
1871	2.078	1.941	2.353	1.784	6
1872	2.078	1.863	2.235	1.745	6
1873	2.118	1.745	1.98	1.725	6
1874	2.02	1.706	1.824	1.765	6
1875	2.0	1.667	1.667	1.824	6
1876	1.961	1.667	1.588	1.98	6
1877	1.941	1.686	1.588	2.078	6
1878	1.922	1.706	1.627	2.118	6
1879	1.843	1.765	1.647	2.196	6
1880	1.882	1.863	1.804	2.157	6
1881	1.863	1.961	1.961	2.196	6
1882	1.843	2.0	2.196	2.157	6
1883	1.902	2.059	2.353	2.118	6
1884	1.961	2.078	2.471	1.98	6
1885	2.02	2.078	2.471	1.863	6
1886	2.02	2.059	2.49	1.804	6
1887	2.039	1.98	2.471	1.765	6
1888	2.059	1.922	2.333	1.725	6
1889	2.078	1.843	2.176	1.725	6
1890	2.098	1.725	1.961	1.686	6
1891	2.02	1.706	1.824	1.745	6
1892	2.02	1.686	1.647	1.824	6
1893	1.961	1.686	1.608	1.941	6
1894	1.941	1.667	1.588	2.039	6
1895	1.902	1.725	1.608	2.118	6
1896	1.863	1.784	1.667	2.137	6
1897	1.863	1.863	1.784	2.176	6
1898	1.863	1.961	1.98	2.176	6
1899	1.882	2.02	2.196	2.137	6
1900	1.902	2.078	2.353	2.078	6
1901	1.961	2.078	2.49	1.98	6
1902	2.02	2.118	2.49	1.882	6
1903	2.039	2.059	2.49	1.804	6
1904	2.078	2.02	2.471	1.765	6
1905	2.078	1.961	2.392	1.706	6
1906	2.098	1.863	2.196	1.706	6
1907	2.078	1.745	1.961	1.706	6
1908	2.059	1.686	1.824	1.725	6
1909	2.02	1.686	1.647	1.804	6
1910	1.961	1.667	1.588	1.961	6
1911	1.941	1.725	1.627	2.078	6
1912	1.922	1.725	1.608	2.137	6
1913	1.882	1.765	1.647	2.137	6
1914	1.882	1.882	1.784	2.196	6
1915	1.863	1.941	1.961	2.216	6
1916	1.882	2.0	2.176	2.176	6
1917	1.922	2.078	2.333	2.098	6
1918	1.941	2.118	2.471	2.0	6
1919	2.0	2.098	2.51	1.902	6
1920	2.02	2.098	2.51	1.843	6
1921	2.039	2.0	2.471	1.784	6
1922	2.098	1.922	2.353	1.765	6
1923	2.078	1.902	2.255	1.745	6
1924	2.078	1.765	2.0	1.706	6
1925	2.0	1.706	1.824	1.745	6
1926	2.0	1.686	1.706	1.843	6
1927	1.961	1.686	1.588	1.961	6
1928	1.882	1.706	1.608	2.059	6
1929	1.863	1.725	1.627	2.157	6
1930	1.843	1.804	1.686	2.196	6
1931	1.824	1.863	1.804	2.196	6
1932	1.824	1.98	1.98	2.216	6
1933	1.824	2.02	2.235	2.176	6
1934	1.882	2.098	2.353	2.137	6
1935	1.922	2.118	2.49	2.02	6
1936	1.98	2.098	2.529	1.882	6
1937	2.0	2.118	2.549	1.843	6
1938	2.059	2.039	2.529	1.804	6
1939	2.039	1.961	2.412	1.765	6
1940	2.078	1.922	2.275	1.725	6
1941	2.078	1.804	2.039	1.725	6
1942	2.0	1.725	1.882	1.745	6
1943	1.98	1.667	1.706	1.824	6
1944	1.941	1.686	1.627	1.922	6
1945	1.922	1.686	1.627	2.059	6
1946	1.863	1.745	1.647	2.118	6
1947	1.843	1.784	1.725	2.176	6
1948	1.843	1.863	1.843	2.235	6
1949	1.863	1.941	1.98	2.196	6
1950	1.882	2.0	2.235	2.176	6
1951	1.922	2.078	2.353	2.098	6
1952	1.98	2.118	2.51	1.98	6
1953	2.0	2.098	2.569	1.882	6
1954	2.02	2.059	2.529	1.804	6
1955	2.039	2.039	2.51	1.765	6
1956	2.059	1.922	2.471	1.725	6
1957	2.098	1.863	2.255	1.745	6
1958	2.078	1.784	2.039	1.706	6
1959	2.039	1.706	1.863	1.725	6
1960	2.02	1.686	1.706	1.804	6
1961	1.941	1.667	1.627	1.922	6
1962	1.882	1.686	1.627	2.078	6
1963	1.824	1.725	1.627	2.137	6
1964	1.843	1.784	1.686	2.157	6
1965	1.824	1.863	1.804	2.196	6
1966	1.824	1.941	1.961	2.235	6
1967	1.843	2.02	2.176	2.196	6
1968	1.882	2.078	2.314	2.118	6
1969	1.902	2.118	2.471	2.039	6
1970	1.98	2.098	2.49	1.902	6
1971	2.02	2.118	2.49	1.824	6
1972	2.02	2.039	2.431	1.784	6
1973	2.059	1.961	2.333	1.745	6
1974	2.098	1.902	2.176	1.745	6
1975	2.078	1.765	1.941	1.706	6
1976	2.02	1.706	1.725	1.745	6
1977	2.0	1.667	1.588	1.824	6
1978	1.961	1.686	1.471	1.922	6
1979	1.922	1.686	1.49	2.039	6
1980	1.882	1.686	1.471	2.118	6
1981	1.882	1.765	1.51	2.157	6
1982	1.863	1.863	1.647	2.157	6
1983	1.863	1.922	1.804	2.176	6
1984	1.863	1.98	2.02	2.157	6
1985	1.882	2.059	2.157	2.118	6
1986	1.902	2.059	2.294	2.0	6
1987	2.02	2.039	2.314	1.882	6
1988	2.059	2.059	2.333	1.804	6
1989	2.078	2.0	2.333	1.765	6
1990	2.078	1.922	2.235	1.725	6
1991	2.118	1.882	2.098	1.725	6
1992	2.078	1.784	1.882	1.706	6
1993	2.039	1.706	1.725	1.725	6
1994	1.941	1.667	1.549	1.824	6
1995	1.922	1.686	1.49	1.941	6
1996	1.902	1.686	1.471	2.059	6
1997	1.882	1.725	1.49	2.157	6
1998	1.902	1.765	1.549	2.176	6
1999	1.843	1.824	1.686	2.196	6
