time	channel1	channel2	channel3	channel4	class
0	1.961	2.118	2.039	2.098	7
1	2.118	2.098	2.0	2.02	7
2	2.137	1.961	1.941	1.902	7
3	2.157	2.275	2.235	1.941	7
4	2.333	2.49	2.51	2.098	7
5	2.0	2.235	2.333	2.216	7
6	1.784	1.98	2.176	2.216	7
7	1.588	2.02	2.157	2.176	7
8	1.608	1.843	2.02	2.157	7
9	1.922	1.941	2.176	2.176	7
10	2.373	2.255	2.294	2.216	7
11	2.588	2.529	2.451	2.275	7
12	2.392	2.627	2.569	2.333	7
13	2.02	2.431	2.431	2.353	7
14	2.02	2.196	2.294	2.235	7
15	2.137	2.314	2.392	2.176	7
16	1.843	2.255	2.333	2.216	7
17	1.667	2.176	2.275	2.333	7
18	1.941	2.275	2.392	2.412	7
19	2.314	2.392	2.588	2.353	7
20	2.529	2.588	2.863	2.294	7
21	2.725	2.686	2.843	2.275	7
22	2.333	1.98	2.471	2.196	7
23	2.235	2.039	2.529	2.216	7
24	2.235	2.176	2.51	2.235	7
25	1.98	1.863	2.353	2.157	7
26	1.863	1.667	2.235	2.039	7
27	2.196	1.863	2.314	1.863	7
28	2.235	2.216	2.451	1.804	7
29	2.059	2.451	2.588	1.922	7
30	1.902	2.314	2.529	2.078	7
31	2.314	2.196	2.392	2.137	7
32	2.373	2.02	2.176	2.02	7
33	2.255	2.078	2.294	1.902	7
34	2.314	2.333	2.451	1.804	7
35	2.059	2.314	2.392	1.824	7
36	1.804	2.039	2.137	1.784	7
37	1.824	2.137	2.216	1.765	7
38	1.98	2.216	2.137	1.745	7
39	1.784	1.804	1.882	1.647	7
40	1.863	1.882	1.922	1.608	7
41	2.098	2.078	2.098	1.667	7
42	2.098	2.059	2.078	1.804	7
43	1.902	1.922	2.118	1.902	7
44	1.941	1.882	2.02	1.863	7
45	1.843	1.804	1.863	1.706	7
46	1.863	1.941	2.0	1.608	7
47	2.078	2.059	2.0	1.667	7
48	1.98	1.882	1.824	1.706	7
49	1.627	1.784	1.745	1.725	7
50	1.549	1.784	1.765	1.686	7
51	1.549	1.706	1.686	1.667	7
52	1.725	1.686	1.706	1.608	7
53	2.078	1.706	1.843	1.647	7
54	2.314	1.882	2.196	1.824	7
55	2.549	2.02	2.176	1.98	7
56	2.039	1.353	1.667	1.941	7
57	1.902	1.216	1.706	1.784	7
58	1.882	1.392	1.843	1.647	7
59	1.941	1.431	1.824	1.647	7
60	2.098	1.471	1.863	1.784	7
61	2.059	1.627	1.961	1.98	7
62	2.039	1.569	1.902	2.078	7
63	2.059	1.333	1.882	2.098	7
64	2.039	1.294	1.804	2.059	7
65	1.902	1.471	1.922	2.059	7
66	1.725	1.569	2.039	2.118	7
67	1.471	1.412	1.941	2.137	7
68	1.608	1.235	1.706	2.098	7
69	1.863	1.196	1.725	2.059	7
70	1.902	1.333	1.863	2.137	7
71	1.451	1.333	2.059	2.275	7
72	1.314	1.275	1.804	2.275	7
73	1.078	0.902	1.627	2.098	7
74	1.118	1.098	1.902	2.039	7
75	1.549	1.373	2.039	2.118	7
76	1.765	1.275	1.824	2.196	7
77	1.667	1.137	1.765	2.176	7
78	1.627	1.431	1.941	2.039	7
79	1.627	1.725	2.235	1.961	7
80	1.784	1.941	2.392	2.059	7
81	1.725	1.941	2.255	2.196	7
82	1.647	1.706	1.961	2.157	7
83	1.667	1.706	1.922	2.02	7
84	1.804	1.745	1.961	1.902	7
85	2.059	1.902	2.059	1.824	7
86	2.196	1.882	2.078	1.765	7
87	2.098	1.804	2.137	1.863	7
88	2.157	1.843	2.255	2.02	7
89	2.529	2.02	2.294	2.078	7
90	2.314	1.706	2.078	1.922	7
91	2.255	1.667	2.02	1.725	7
92	2.294	1.784	2.098	1.667	7
93	2.235	1.843	2.059	1.765	7
94	2.196	1.745	1.902	1.784	7
95	2.196	1.608	1.725	1.745	7
96	2.216	1.569	1.667	1.627	7
97	2.373	1.706	1.725	1.569	7
98	2.353	1.863	1.765	1.549	7
99	2.235	1.98	1.902	1.627	7
100	2.333	2.098	1.961	1.745	7
101	2.392	1.98	1.843	1.824	7
102	2.333	2.039	1.843	1.882	7
103	2.235	2.176	1.922	1.922	7
104	2.0	2.098	1.902	1.902	7
105	1.961	2.059	1.941	1.824	7
106	2.353	1.98	1.902	1.706	7
107	2.255	1.706	1.725	1.608	7
108	2.314	1.824	1.902	1.667	7
109	2.431	2.0	2.02	1.863	7
110	2.294	2.078	2.059	2.039	7
111	2.118	2.059	2.059	2.118	7
112	2.118	2.039	1.922	2.0	7
113	2.118	2.0	1.843	1.863	7
114	2.118	2.176	2.02	1.824	7
115	2.039	2.196	1.98	1.882	7
116	1.98	2.157	1.961	1.98	7
117	2.078	2.118	1.902	1.98	7
118	2.137	2.216	2.02	2.02	7
119	2.157	2.157	1.961	2.039	7
120	2.196	1.98	1.941	2.078	7
121	2.078	1.941	1.961	2.118	7
122	1.961	1.882	1.961	2.098	7
123	2.098	2.078	2.118	2.098	7
124	1.745	1.784	2.0	2.039	7
125	1.725	1.667	1.98	1.98	7
126	2.078	1.804	2.059	1.961	7
127	2.255	1.843	2.039	2.059	7
128	1.941	1.686	1.941	2.255	7
129	2.078	1.765	1.98	2.314	7
130	2.059	1.882	2.196	2.333	7
131	2.02	1.922	2.176	2.373	7
132	1.863	1.824	2.078	2.314	7
133	1.686	1.824	2.118	2.216	7
134	1.686	1.941	2.157	2.196	7
135	1.824	1.961	2.176	2.235	7
136	2.0	1.961	2.157	2.255	7
137	1.902	1.863	2.02	2.176	7
138	1.647	1.745	1.941	2.098	7
139	1.647	1.706	2.098	2.137	7
140	1.902	1.902	2.255	2.294	7
141	1.824	1.588	2.196	2.353	7
142	1.843	1.647	2.314	2.275	7
143	1.824	1.725	2.275	2.137	7
144	1.667	1.706	2.196	2.02	7
145	1.667	1.627	2.039	1.961	7
146	1.471	1.588	2.039	1.961	7
147	1.431	1.725	2.216	2.02	7
148	1.529	1.882	2.235	2.098	7
149	1.353	1.824	2.137	2.137	7
150	1.51	1.824	2.176	2.078	7
151	1.686	2.02	2.235	1.98	7
152	1.569	1.922	2.255	1.902	7
153	1.549	1.941	2.216	1.922	7
154	1.549	1.882	2.176	1.902	7
155	1.471	1.824	2.176	1.961	7
156	1.373	1.804	2.216	1.98	7
157	1.529	1.922	2.235	1.98	7
158	1.373	1.588	1.98	1.863	7
159	1.451	1.569	2.02	1.745	7
160	1.706	1.706	2.098	1.745	7
161	1.745	1.627	2.02	1.725	7
162	1.667	1.608	1.902	1.706	7
163	1.627	1.686	1.843	1.627	7
164	1.549	1.882	1.98	1.667	7
165	1.608	2.118	2.137	1.863	7
166	1.706	1.98	1.961	1.98	7
167	1.804	1.804	1.863	1.863	7
168	1.902	2.02	2.039	1.725	7
169	1.804	2.0	1.961	1.745	7
170	1.804	2.02	1.882	1.745	7
171	1.922	2.137	1.941	1.843	7
172	2.039	2.059	1.922	1.882	7
173	2.275	2.157	2.157	1.941	7
174	2.471	2.431	2.294	2.02	7
175	2.098	1.902	1.902	1.961	7
176	1.941	1.725	1.784	1.863	7
177	2.118	1.843	1.882	1.824	7
178	2.255	1.98	2.02	1.882	7
179	2.294	1.961	2.02	1.961	7
180	2.314	2.039	2.0	1.961	7
181	2.255	2.118	1.941	1.922	7
182	2.275	2.118	1.941	1.882	7
183	2.353	2.078	1.922	1.882	7
184	2.333	2.059	1.941	1.922	7
185	2.294	2.196	2.0	1.961	7
186	2.314	2.216	1.961	2.0	7
187	2.294	2.137	1.882	2.02	7
188	2.216	2.098	1.843	2.0	7
189	2.059	2.0	1.882	1.961	7
190	2.137	2.0	2.0	1.941	7
191	2.451	2.255	2.098	1.961	7
192	2.314	1.882	1.902	1.902	7
193	2.216	1.863	1.98	1.824	7
194	2.196	1.98	2.059	1.843	7
195	2.098	1.902	1.922	1.902	7
196	2.157	1.882	1.961	1.98	7
197	2.137	1.882	1.882	1.961	7
198	1.98	1.824	1.902	1.961	7
199	2.118	2.02	2.137	2.098	7
200	2.314	2.216	2.196	2.118	7
201	2.275	2.0	2.02	1.98	7
202	2.098	1.961	1.902	1.804	7
203	1.941	1.922	1.863	1.745	7
204	1.941	1.902	1.882	1.725	7
205	2.098	2.039	2.02	1.804	7
206	2.078	1.922	2.0	1.882	7
207	2.02	1.765	1.961	1.961	7
208	2.294	2.0	2.078	2.039	7
209	2.098	1.686	1.824	1.902	7
210	1.922	1.647	1.922	1.745	7
211	2.098	1.804	2.02	1.667	7
212	2.176	1.843	2.059	1.686	7
213	2.098	1.804	2.078	1.804	7
214	2.0	1.784	1.961	1.863	7
215	1.902	1.843	1.922	1.843	7
216	1.804	1.902	1.961	1.765	7
217	1.843	1.922	1.941	1.725	7
218	1.98	1.922	1.961	1.725	7
219	2.039	2.039	2.059	1.725	7
220	1.961	2.137	2.196	1.804	7
221	1.902	2.098	2.098	1.882	7
222	1.922	1.98	2.0	1.902	7
223	1.882	1.922	2.039	1.863	7
224	1.824	1.922	2.118	1.882	7
225	1.922	2.098	2.137	1.902	7
226	1.745	1.667	1.824	1.824	7
227	1.765	1.549	1.882	1.706	7
228	2.157	1.804	2.098	1.667	7
229	2.196	1.843	2.078	1.706	7
230	1.882	1.725	2.039	1.843	7
231	1.804	1.745	1.941	1.941	7
232	1.784	1.784	1.922	1.882	7
233	1.882	2.0	2.118	1.843	7
234	1.902	2.118	2.216	1.863	7
235	1.922	2.0	2.059	1.843	7
236	1.902	2.0	2.02	1.843	7
237	2.078	2.0	2.039	1.824	7
238	2.059	2.02	2.059	1.863	7
239	1.961	2.059	2.137	1.902	7
240	2.02	2.118	2.255	1.961	7
241	2.0	2.059	2.255	2.02	7
242	2.118	2.176	2.314	2.078	7
243	1.902	1.882	2.216	2.098	7
244	1.863	1.824	2.216	2.059	7
245	2.039	1.961	2.294	2.02	7
246	2.137	2.02	2.333	1.961	7
247	2.039	1.922	2.255	1.98	7
248	1.98	1.941	2.196	2.098	7
249	1.961	1.941	2.216	2.137	7
250	1.98	2.02	2.314	2.098	7
251	1.882	1.98	2.294	2.098	7
252	1.863	1.98	2.255	2.137	7
253	1.922	2.02	2.235	2.157	7
254	1.902	1.941	2.157	2.118	7
255	1.922	1.804	2.039	2.039	7
256	1.98	1.863	2.118	2.02	7
257	1.863	1.922	2.255	2.098	7
258	1.882	1.922	2.294	2.235	7
259	2.098	1.98	2.275	2.314	7
260	1.941	1.706	2.098	2.176	7
261	1.784	1.588	2.137	2.059	7
262	1.902	1.745	2.216	2.02	7
263	2.0	1.706	2.157	2.098	7
264	2.02	1.647	2.196	2.196	7
265	2.039	1.843	2.216	2.235	7
266	1.902	1.824	2.118	2.196	7
267	1.902	1.902	2.216	2.157	7
268	1.922	1.922	2.216	2.176	7
269	1.98	1.961	2.255	2.176	7
270	1.961	2.059	2.353	2.255	7
271	1.922	2.078	2.294	2.275	7
272	1.922	1.941	2.235	2.216	7
273	2.0	1.941	2.176	2.098	7
274	2.078	1.843	2.157	2.039	7
275	2.0	1.745	2.196	2.176	7
276	2.078	1.961	2.333	2.333	7
277	1.882	1.686	2.157	2.314	7
278	1.725	1.451	2.078	2.118	7
279	2.059	1.667	2.176	1.961	7
280	2.137	1.784	2.176	1.961	7
281	2.039	1.706	2.216	2.059	7
282	1.961	1.725	2.157	2.176	7
283	1.765	1.667	2.078	2.196	7
284	1.843	1.765	2.275	2.235	7
285	1.922	1.882	2.275	2.196	7
286	1.863	1.784	2.137	2.098	7
287	1.941	1.843	2.02	1.961	7
288	2.02	1.824	2.02	1.882	7
289	1.941	1.843	2.098	1.961	7
290	1.98	1.961	2.176	2.078	7
291	1.961	1.863	2.216	2.176	7
292	1.902	1.765	2.157	2.157	7
293	2.137	1.922	2.196	2.078	7
294	1.98	1.608	2.0	1.882	7
295	1.863	1.49	1.98	1.725	7
296	2.02	1.608	2.039	1.725	7
297	2.059	1.686	2.078	1.843	7
298	2.0	1.647	2.039	1.941	7
299	1.98	1.745	2.039	1.902	7
300	1.961	1.667	1.941	1.824	7
301	1.941	1.608	1.843	1.765	7
302	1.824	1.686	1.902	1.765	7
303	1.725	1.686	1.843	1.765	7
304	1.706	1.725	1.843	1.725	7
305	1.824	1.824	1.902	1.725	7
306	1.882	1.941	2.0	1.824	7
307	1.922	1.941	2.118	1.922	7
308	1.941	1.824	2.02	1.922	7
309	2.02	1.843	2.059	1.843	7
310	2.216	2.157	2.078	1.804	7
311	1.784	1.627	1.745	1.706	7
312	1.529	1.569	1.863	1.686	7
313	1.843	1.922	2.157	1.804	7
314	2.098	2.059	2.196	1.922	7
315	2.078	2.0	2.137	2.02	7
316	1.98	1.98	2.078	2.039	7
317	1.961	2.0	2.098	1.98	7
318	2.0	2.157	2.176	1.98	7
319	1.961	2.157	2.098	1.941	7
320	1.98	2.137	2.059	1.882	7
321	2.039	2.118	2.02	1.843	7
322	2.02	2.118	2.02	1.824	7
323	2.039	2.216	2.118	1.882	7
324	2.02	2.176	2.0	1.941	7
325	1.863	1.922	1.863	1.961	7
326	1.843	1.882	1.902	1.961	7
327	2.176	2.235	2.157	2.157	7
328	2.059	1.824	1.804	2.157	7
329	1.824	1.686	1.863	2.0	7
330	2.0	1.902	2.02	1.922	7
331	2.176	2.0	2.02	1.922	7
332	2.02	1.824	1.863	1.961	7
333	1.843	1.765	1.765	1.961	7
334	1.784	1.784	1.804	1.98	7
335	1.824	2.0	1.922	2.059	7
336	1.882	2.059	1.961	2.137	7
337	1.824	2.059	1.961	2.137	7
338	1.784	2.0	1.863	2.098	7
339	1.902	1.98	1.824	2.02	7
340	1.902	1.922	1.843	2.0	7
341	2.137	2.196	2.059	2.039	7
342	2.02	2.059	1.961	2.059	7
343	1.843	1.824	1.843	2.098	7
344	2.02	2.078	2.0	2.196	7
345	1.941	1.784	1.725	2.118	7
346	1.725	1.549	1.686	1.961	7
347	1.882	1.667	1.843	1.922	7
348	2.02	1.863	2.0	1.922	7
349	2.039	1.843	1.98	2.0	7
350	1.961	1.765	1.843	2.039	7
351	2.078	1.804	1.863	2.039	7
352	1.961	1.725	1.882	2.039	7
353	2.02	1.922	1.902	2.039	7
354	2.02	2.039	1.941	2.039	7
355	1.843	1.941	1.882	2.039	7
356	1.843	1.922	1.922	2.059	7
357	1.922	1.922	1.941	2.0	7
358	2.0	2.039	2.0	1.961	7
359	2.059	1.961	1.863	1.941	7
360	2.039	1.784	2.039	1.941	7
361	2.216	2.098	2.098	2.039	7
362	1.98	1.765	1.843	2.02	7
363	1.647	1.588	1.804	1.922	7
364	1.784	1.765	2.02	1.882	7
365	1.98	1.863	2.098	1.902	7
366	2.235	1.804	2.078	1.922	7
367	2.255	1.745	1.922	1.902	7
368	1.98	1.667	1.784	1.843	7
369	1.863	1.784	1.843	1.784	7
370	1.784	1.824	1.902	1.784	7
371	2.157	1.784	1.922	1.765	7
372	2.294	1.882	2.02	1.765	7
373	2.0	1.745	1.843	1.784	7
374	1.882	1.745	1.882	1.843	7
375	1.941	2.02	2.039	1.902	7
376	2.078	1.922	1.941	1.882	7
377	2.118	1.784	2.0	1.863	7
378	2.294	1.941	2.137	1.843	7
379	2.235	1.765	1.882	1.824	7
380	2.0	1.549	1.824	1.745	7
381	2.078	1.667	2.02	1.725	7
382	2.137	1.843	2.137	1.804	7
383	2.02	1.784	2.078	1.922	7
384	1.98	1.922	2.118	1.98	7
385	1.961	1.922	2.098	1.922	7
386	2.02	2.078	2.216	1.882	7
387	2.0	2.039	2.176	1.922	7
388	1.941	1.941	2.0	1.922	7
389	2.059	2.098	2.118	1.902	7
390	2.059	2.098	2.157	1.922	7
391	1.843	2.059	2.176	1.922	7
392	1.882	2.059	2.078	1.882	7
393	1.902	1.882	2.02	1.843	7
394	1.941	1.961	2.137	1.902	7
395	2.275	2.196	2.255	2.0	7
396	2.137	1.882	1.98	1.98	7
397	1.863	1.627	1.98	1.902	7
398	1.98	1.784	2.098	1.882	7
399	2.02	1.941	2.216	1.902	7
400	1.961	1.882	2.137	1.941	7
401	1.941	1.882	2.078	1.961	7
402	1.882	1.882	2.059	1.98	7
403	1.902	2.0	2.235	2.0	7
404	2.0	2.039	2.176	2.059	7
405	2.02	2.039	2.118	2.02	7
406	2.118	2.157	2.196	1.98	7
407	1.882	2.098	2.118	2.0	7
408	1.784	1.961	2.039	2.02	7
409	1.863	1.98	2.039	2.078	7
410	1.843	1.902	2.039	2.098	7
411	1.804	1.843	2.0	2.098	7
412	2.078	2.157	2.196	2.078	7
413	2.098	1.804	1.902	1.961	7
414	1.804	1.569	1.941	1.824	7
415	1.961	1.784	2.176	1.843	7
416	1.961	1.745	2.078	1.961	7
417	2.02	1.706	2.078	2.039	7
418	1.961	1.667	1.961	2.039	7
419	1.863	1.608	1.804	1.941	7
420	1.863	1.706	1.941	1.843	7
421	1.824	1.843	1.98	1.824	7
422	1.863	1.863	1.98	1.843	7
423	1.882	1.882	1.98	1.922	7
424	2.0	1.824	1.961	1.941	7
425	2.098	2.02	2.196	1.98	7
426	2.078	2.196	2.275	2.078	7
427	2.039	2.098	2.275	2.137	7
428	1.961	1.961	2.353	2.118	7
429	1.98	2.176	2.353	2.098	7
430	2.059	2.02	2.176	2.0	7
431	1.765	1.667	1.961	1.882	7
432	1.902	1.765	2.098	1.824	7
433	2.176	1.98	2.294	1.941	7
434	2.137	2.039	2.451	2.157	7
435	1.961	2.059	2.373	2.294	7
436	1.902	1.98	2.255	2.235	7
437	1.941	1.98	2.235	2.059	7
438	1.98	1.961	2.157	1.863	7
439	1.902	2.039	2.196	1.824	7
440	1.882	2.059	2.196	1.941	7
441	1.922	1.961	2.118	2.098	7
442	1.941	1.961	2.02	2.196	7
443	1.902	1.98	1.98	2.137	7
444	1.863	1.922	2.0	1.98	7
445	1.784	1.745	1.961	1.824	7
446	2.02	1.98	2.137	1.784	7
447	2.196	1.941	2.078	1.843	7
448	1.902	1.569	1.882	1.863	7
449	1.941	1.686	1.98	1.941	7
450	2.039	1.784	1.941	2.02	7
451	1.98	1.804	1.98	2.039	7
452	1.98	1.824	1.961	1.941	7
453	1.882	1.843	1.961	1.863	7
454	1.882	1.922	2.059	1.824	7
455	1.882	1.882	1.961	1.824	7
456	1.941	2.078	2.0	1.902	7
457	2.059	2.118	2.059	1.941	7
458	2.118	1.961	1.98	1.961	7
459	1.98	1.98	2.039	2.0	7
460	1.882	2.059	2.059	2.02	7
461	1.863	2.0	2.078	2.0	7
462	1.922	1.882	2.0	1.98	7
463	2.118	1.961	1.98	1.961	7
464	2.157	1.686	1.804	1.902	7
465	1.824	1.588	1.922	1.824	7
466	2.02	1.765	2.059	1.843	7
467	2.078	1.706	1.98	1.902	7
468	1.941	1.647	1.961	1.961	7
469	1.922	1.667	1.902	1.98	7
470	1.882	1.627	1.765	1.863	7
471	1.922	1.667	1.804	1.765	7
472	1.961	1.784	1.961	1.745	7
473	2.0	1.843	1.824	1.765	7
474	1.824	1.922	1.902	1.863	7
475	1.686	1.863	1.843	2.02	7
476	1.588	1.745	1.725	2.039	7
477	1.843	1.902	1.902	1.863	7
478	1.961	1.863	1.961	1.706	7
479	1.961	1.863	1.922	1.725	7
480	2.118	2.02	2.118	1.922	7
481	2.235	1.941	2.059	2.039	7
482	1.824	1.706	2.039	1.98	7
483	1.961	1.882	2.078	1.882	7
484	1.902	1.824	1.961	1.961	7
485	1.843	1.765	2.02	2.059	7
486	1.98	1.902	2.118	2.098	7
487	2.039	2.0	2.255	2.078	7
488	2.02	2.039	2.314	2.059	7
489	2.098	2.0	2.255	2.039	7
490	2.118	2.0	2.176	2.059	7
491	2.078	2.078	2.255	2.059	7
492	2.118	2.176	2.333	2.098	7
493	2.059	2.137	2.255	2.196	7
494	2.137	2.235	2.235	2.176	7
495	2.118	2.059	2.235	2.098	7
496	1.961	1.902	2.216	2.02	7
497	2.157	2.078	2.235	1.98	7
498	2.196	2.02	2.196	1.882	7
499	1.804	1.745	2.118	1.843	7
500	1.804	1.824	2.235	1.941	7
501	2.0	1.941	2.216	2.078	7
502	1.902	1.765	2.02	2.059	7
503	1.843	1.784	2.118	1.961	7
504	1.941	1.824	2.118	1.882	7
505	1.941	1.941	2.157	1.863	7
506	2.059	2.02	2.098	1.882	7
507	1.902	1.863	1.98	1.843	7
508	1.784	1.941	2.098	1.843	7
509	1.902	1.902	2.02	1.843	7
510	1.941	1.902	1.961	1.843	7
511	1.882	2.02	2.059	1.922	7
512	1.804	1.863	2.02	1.961	7
513	1.941	1.706	1.863	1.941	7
514	2.176	1.961	2.02	1.902	7
515	2.176	1.922	2.0	1.863	7
516	1.745	1.529	1.882	1.804	7
517	1.922	1.627	2.0	1.784	7
518	2.118	1.745	1.98	1.784	7
519	2.098	1.725	1.961	1.843	7
520	1.961	1.706	1.922	1.941	7
521	1.941	1.745	1.961	1.941	7
522	1.98	1.902	2.039	1.922	7
523	2.039	2.0	2.137	1.902	7
524	1.98	2.039	2.078	1.922	7
525	1.843	2.0	2.02	1.941	7
526	1.882	1.922	1.941	1.922	7
527	1.882	1.824	1.902	1.882	7
528	1.961	1.902	1.98	1.824	7
529	1.961	1.961	2.176	1.882	7
530	1.941	2.02	2.275	2.118	7
531	2.039	2.059	2.157	2.294	7
532	2.098	1.98	1.98	2.196	7
533	1.745	1.588	1.843	1.902	7
534	1.843	1.608	1.961	1.745	7
535	1.804	1.706	2.078	1.745	7
536	1.902	1.725	1.922	1.804	7
537	2.078	1.706	1.863	1.824	7
538	2.196	1.745	1.941	1.902	7
539	2.02	1.686	1.902	1.961	7
540	1.824	1.745	1.922	2.098	7
541	1.667	1.843	1.902	2.098	7
542	1.725	1.941	1.941	1.941	7
543	1.961	2.078	2.02	1.843	7
544	2.098	2.157	2.078	1.804	7
545	2.157	2.098	1.98	1.804	7
546	1.863	1.882	2.039	1.843	7
547	1.784	1.902	2.02	1.98	7
548	1.98	2.216	2.216	2.157	7
549	2.137	2.196	2.157	2.196	7
550	1.941	1.922	2.078	2.078	7
551	2.078	2.02	2.275	1.941	7
552	2.039	2.078	2.314	1.902	7
553	1.922	2.0	2.314	1.961	7
554	1.863	2.118	2.333	2.059	7
555	1.922	2.098	2.196	2.059	7
556	1.882	2.039	2.157	2.0	7
557	1.922	2.02	2.176	2.0	7
558	2.02	2.137	2.255	2.059	7
559	2.0	2.157	2.275	2.118	7
560	2.0	2.157	2.294	2.157	7
561	1.902	2.137	2.196	2.137	7
562	1.863	2.078	2.118	2.059	7
563	2.0	1.882	2.078	1.961	7
564	2.137	1.843	2.02	1.922	7
565	2.373	2.176	2.314	1.902	7
566	2.294	2.02	2.098	1.922	7
567	1.667	1.49	1.824	1.902	7
568	1.863	1.588	1.961	1.922	7
569	2.02	1.765	2.059	2.0	7
570	2.078	1.784	2.078	2.02	7
571	2.118	1.784	2.02	1.98	7
572	2.098	1.745	1.941	1.882	7
573	2.078	1.765	1.922	1.804	7
574	1.98	1.784	1.941	1.765	7
575	2.02	1.941	2.059	1.863	7
576	2.0	2.059	2.039	1.961	7
577	1.941	1.902	1.941	2.0	7
578	1.902	1.882	1.98	2.02	7
579	1.98	1.941	1.922	1.941	7
580	1.882	1.824	1.882	1.843	7
581	1.922	1.804	1.882	1.804	7
582	1.882	1.941	2.039	1.941	7
583	1.902	2.0	2.02	2.02	7
584	1.667	1.51	1.745	1.902	7
585	1.961	1.569	1.843	1.725	7
586	2.196	1.686	1.961	1.725	7
587	2.255	1.804	2.059	1.961	7
588	2.02	1.804	2.039	2.118	7
589	1.863	1.706	1.784	2.02	7
590	1.765	1.667	1.765	1.882	7
591	1.882	1.824	1.961	1.863	7
592	1.941	1.902	2.0	1.882	7
593	1.961	1.922	1.98	1.902	7
594	2.039	2.02	2.0	1.922	7
595	2.02	1.922	1.941	1.922	7
596	2.02	1.882	1.882	1.902	7
597	1.961	1.922	2.0	1.882	7
598	1.941	1.941	2.039	1.843	7
599	2.059	2.196	2.235	1.922	7
600	2.118	2.118	2.196	2.0	7
601	1.725	1.647	1.922	2.039	7
602	1.902	1.667	1.961	2.0	7
603	2.0	1.765	2.059	1.922	7
604	1.98	1.824	2.157	1.863	7
605	1.804	1.725	2.02	1.882	7
606	1.863	1.745	2.0	1.863	7
607	1.941	1.824	2.078	1.902	7
608	1.863	1.863	2.039	1.98	7
609	1.824	1.784	1.922	1.922	7
610	1.824	1.843	1.98	1.882	7
611	1.863	1.784	1.863	1.863	7
612	1.804	1.667	1.843	1.882	7
613	1.941	1.882	1.941	1.922	7
614	2.02	1.725	1.922	1.902	7
615	2.059	1.667	1.961	1.941	7
616	2.0	1.863	2.059	2.0	7
617	1.98	1.843	2.02	2.098	7
618	1.588	1.431	1.922	2.157	7
619	1.784	1.588	1.902	2.078	7
620	2.255	1.824	2.0	1.843	7
621	2.294	1.882	2.157	1.765	7
622	2.059	1.902	2.137	1.882	7
623	1.882	1.941	2.157	2.078	7
624	1.863	1.98	2.137	2.235	7
625	1.98	2.118	2.275	2.353	7
626	2.0	2.235	2.333	2.353	7
627	1.941	2.235	2.314	2.255	7
628	2.02	2.235	2.294	2.118	7
629	2.0	2.235	2.255	2.039	7
630	2.02	2.294	2.294	2.059	7
631	2.02	2.275	2.373	2.196	7
632	1.941	2.196	2.412	2.333	7
633	2.02	2.431	2.588	2.412	7
634	2.118	2.333	2.431	2.353	7
635	1.725	1.784	2.098	2.137	7
636	1.725	1.725	2.078	2.0	7
637	1.706	1.843	2.216	1.98	7
638	1.804	1.902	2.176	2.078	7
639	2.118	2.039	2.314	2.176	7
640	2.294	1.941	2.137	2.176	7
641	2.078	1.843	2.098	2.078	7
642	1.98	1.922	2.157	1.98	7
643	1.902	2.098	2.098	1.941	7
644	1.863	1.941	1.922	1.922	7
645	1.765	1.882	1.941	1.922	7
646	1.902	2.0	2.039	2.0	7
647	2.078	2.039	2.039	2.039	7
648	2.137	1.902	2.02	2.0	7
649	2.118	1.882	1.941	1.922	7
650	2.059	2.059	2.137	1.941	7
651	2.255	2.078	2.059	1.922	7
652	1.961	1.627	1.804	1.843	7
653	2.039	1.706	1.98	1.824	7
654	2.137	1.784	1.98	1.843	7
655	2.098	1.765	1.98	1.882	7
656	2.059	1.765	1.961	1.902	7
657	2.039	1.765	1.922	1.843	7
658	1.98	1.843	1.961	1.843	7
659	1.961	1.863	2.02	1.902	7
660	1.961	2.0	2.0	1.961	7
661	1.922	1.902	1.882	1.961	7
662	1.882	1.843	1.843	1.902	7
663	1.863	1.745	1.824	1.863	7
664	1.922	1.824	1.843	1.843	7
665	2.02	1.824	1.98	1.824	7
666	1.882	1.706	1.922	1.804	7
667	1.961	1.922	2.039	1.941	7
668	2.039	2.0	2.02	2.02	7
669	1.647	1.49	1.745	1.941	7
670	1.706	1.549	1.863	1.863	7
671	2.0	1.686	1.922	1.824	7
672	2.039	1.627	2.039	1.882	7
673	1.98	1.765	2.176	1.98	7
674	1.922	1.706	1.882	1.98	7
675	1.863	1.824	1.922	1.961	7
676	1.922	1.882	1.941	1.882	7
677	1.941	1.98	2.0	1.804	7
678	1.843	1.98	2.059	1.824	7
679	1.784	1.941	2.0	1.98	7
680	1.804	1.902	1.98	2.098	7
681	1.922	1.961	2.0	2.137	7
682	1.98	2.0	2.157	2.059	7
683	2.078	1.941	2.098	1.98	7
684	2.137	1.863	2.02	1.902	7
685	2.137	1.902	2.0	1.784	7
686	1.843	1.667	1.922	1.725	7
687	1.863	1.549	1.902	1.725	7
688	1.824	1.549	1.902	1.804	7
689	1.98	1.706	2.02	1.902	7
690	2.059	1.765	2.02	1.98	7
691	2.039	1.745	1.922	1.961	7
692	1.98	1.745	1.922	1.882	7
693	1.882	1.922	2.059	1.882	7
694	1.961	1.941	1.98	1.863	7
695	1.98	1.843	1.902	1.824	7
696	2.039	1.961	1.98	1.804	7
697	1.902	1.941	2.039	1.824	7
698	1.961	2.078	2.078	1.882	7
699	2.098	2.039	2.059	1.882	7
700	1.98	1.941	2.039	1.941	7
701	1.765	2.059	2.235	2.098	7
702	1.941	2.078	2.255	2.176	7
703	1.824	1.745	2.02	2.078	7
704	1.824	1.667	1.961	1.902	7
705	1.941	1.784	1.961	1.784	7
706	1.961	1.843	2.078	1.804	7
707	1.941	1.804	2.118	1.941	7
708	2.157	1.824	2.059	1.941	7
709	2.157	1.902	2.078	1.941	7
710	1.98	1.922	2.059	1.961	7
711	1.882	1.784	1.902	2.0	7
712	1.804	1.725	1.843	1.922	7
713	1.902	1.765	1.745	1.765	7
714	1.98	1.765	1.784	1.706	7
715	2.059	1.843	1.902	1.745	7
716	2.118	1.745	1.863	1.824	7
717	2.137	1.784	1.902	1.922	7
718	2.235	1.902	2.059	2.078	7
719	2.314	1.902	2.0	2.078	7
720	1.882	1.275	1.667	1.843	7
721	1.961	1.392	1.784	1.686	7
722	2.137	1.627	1.882	1.706	7
723	2.118	1.725	1.941	1.863	7
724	2.039	1.804	2.039	2.039	7
725	1.961	1.98	2.157	2.196	7
726	1.765	2.039	2.176	2.314	7
727	1.882	2.0	2.137	2.275	7
728	1.882	2.0	2.098	2.196	7
729	1.863	2.0	2.176	2.098	7
730	1.941	2.137	2.275	2.098	7
731	1.922	2.275	2.373	2.137	7
732	1.882	2.412	2.353	2.275	7
733	1.863	2.176	2.235	2.333	7
734	1.824	2.157	2.275	2.333	7
735	2.02	2.333	2.451	2.294	7
736	2.059	2.353	2.471	2.255	7
737	1.725	1.922	2.255	2.176	7
738	1.784	1.843	2.235	2.157	7
739	2.0	1.961	2.275	2.157	7
740	2.059	1.941	2.255	2.078	7
741	2.02	1.902	2.176	2.039	7
742	2.02	2.0	2.157	2.02	7
743	1.98	2.02	2.176	2.039	7
744	1.98	2.039	2.216	2.059	7
745	1.922	2.039	2.157	2.059	7
746	1.863	2.0	2.157	2.059	7
747	1.804	2.02	2.118	2.039	7
748	1.765	2.039	2.157	2.02	7
749	1.804	2.039	2.098	2.02	7
750	2.098	2.039	2.039	1.941	7
751	2.196	1.922	2.059	1.882	7
752	2.02	2.118	2.333	2.0	7
753	2.039	2.137	2.255	2.098	7
754	1.686	1.627	1.922	2.02	7
755	1.725	1.627	2.0	1.922	7
756	1.882	1.784	2.098	1.843	7
757	1.961	1.843	2.098	1.882	7
758	1.941	1.824	2.078	1.961	7
759	1.98	1.765	1.961	1.922	7
760	1.98	1.863	2.02	1.843	7
761	2.02	1.941	2.059	1.804	7
762	2.0	1.941	2.02	1.824	7
763	1.941	1.863	1.98	1.824	7
764	1.902	1.882	1.941	1.843	7
765	1.863	1.843	1.843	1.843	7
766	1.882	1.804	1.843	1.804	7
767	1.863	1.882	1.941	1.765	7
768	1.863	1.686	1.784	1.686	7
769	1.961	1.765	1.961	1.706	7
770	2.196	2.078	2.137	1.824	7
771	1.902	1.608	1.863	1.824	7
772	1.863	1.471	1.804	1.784	7
773	2.02	1.706	2.039	1.765	7
774	1.941	1.765	2.02	1.784	7
775	1.863	1.706	1.863	1.784	7
776	1.922	1.706	1.804	1.745	7
777	1.98	1.804	1.922	1.686	7
778	2.078	1.902	1.98	1.804	7
779	2.02	1.98	2.039	1.882	7
780	1.902	1.902	2.0	1.863	7
781	1.863	1.882	1.863	1.824	7
782	1.843	1.902	1.882	1.784	7
783	1.804	1.941	1.961	1.784	7
784	1.824	1.941	2.02	1.824	7
785	1.863	1.765	1.882	1.902	7
786	2.137	1.902	2.039	1.98	7
787	2.49	2.078	2.02	1.961	7
788	1.843	1.412	1.706	1.745	7
789	1.706	1.431	1.902	1.49	7
790	1.922	1.588	1.961	1.412	7
791	2.02	1.588	1.824	1.529	7
792	2.0	1.608	1.824	1.843	7
793	2.098	1.784	1.902	2.137	7
794	2.078	1.804	1.941	2.157	7
795	1.941	1.804	1.863	1.922	7
796	1.902	1.922	1.922	1.725	7
797	1.941	1.882	1.922	1.667	7
798	1.922	2.0	2.039	1.765	7
799	2.0	1.98	2.039	1.922	7
800	2.078	2.02	2.0	1.98	7
801	2.078	2.118	2.157	2.039	7
802	2.118	2.118	2.176	2.098	7
803	2.078	2.059	2.235	2.118	7
804	2.098	2.235	2.294	2.176	7
805	1.804	1.804	2.0	2.098	7
806	1.804	1.765	2.0	2.02	7
807	1.961	1.902	2.157	2.039	7
808	2.0	1.961	2.216	2.118	7
809	2.02	1.902	2.176	2.157	7
810	2.059	1.863	2.078	2.137	7
811	2.02	1.863	2.059	2.098	7
812	1.922	1.843	2.157	2.059	7
813	2.0	1.863	2.078	1.98	7
814	2.039	2.0	2.157	1.941	7
815	1.902	2.0	2.059	1.98	7
816	1.922	1.941	1.922	2.02	7
817	1.961	2.0	2.039	2.02	7
818	2.02	1.922	2.059	2.0	7
819	2.059	1.804	2.02	1.98	7
820	2.039	1.863	2.216	2.039	7
821	2.235	2.118	2.235	2.118	7
822	1.882	1.706	1.941	2.039	7
823	1.843	1.725	1.98	1.902	7
824	2.02	1.902	2.176	1.902	7
825	1.98	1.961	2.235	2.0	7
826	1.863	1.863	2.176	2.098	7
827	1.922	1.922	2.098	2.118	7
828	2.078	2.02	2.157	1.98	7
829	2.137	2.039	2.235	1.902	7
830	1.961	2.098	2.196	1.941	7
831	1.902	1.98	2.059	2.039	7
832	1.922	2.059	2.118	2.118	7
833	1.902	2.059	2.216	2.078	7
834	1.882	2.078	2.157	2.0	7
835	1.922	2.02	2.098	1.922	7
836	1.902	1.804	2.0	1.941	7
837	1.922	1.922	2.196	2.02	7
838	2.196	2.157	2.333	2.157	7
839	1.922	1.745	2.0	2.118	7
840	1.784	1.627	2.02	1.98	7
841	1.961	1.765	2.078	1.902	7
842	2.059	1.745	2.059	1.843	7
843	2.039	1.765	2.118	1.882	7
844	2.02	1.843	2.098	1.961	7
845	2.02	1.843	2.078	2.039	7
846	1.922	1.941	2.157	2.059	7
847	1.922	1.961	2.078	2.039	7
848	1.882	1.941	2.098	2.059	7
849	1.902	2.059	2.235	2.078	7
850	1.922	2.0	2.137	2.059	7
851	1.961	2.0	2.118	1.961	7
852	2.02	2.02	2.118	1.941	7
853	1.882	1.961	2.118	1.941	7
854	1.961	1.941	2.294	1.961	7
855	2.157	2.02	2.235	2.0	7
856	1.843	1.608	1.922	1.941	7
857	1.745	1.569	1.922	1.922	7
858	1.725	1.647	2.02	1.961	7
859	1.902	1.765	2.137	1.98	7
860	2.176	1.765	2.118	1.98	7
861	2.078	1.725	2.0	1.882	7
862	1.922	1.882	2.078	1.824	7
863	1.961	1.961	2.098	1.902	7
864	1.843	1.882	2.0	1.941	7
865	1.706	1.725	1.824	1.882	7
866	1.804	1.902	1.961	1.824	7
867	1.902	1.902	2.0	1.843	7
868	2.0	1.98	2.039	1.941	7
869	2.118	2.039	2.039	2.0	7
870	2.078	1.961	2.118	2.0	7
871	2.0	1.902	2.078	1.941	7
872	2.176	2.039	2.176	1.902	7
873	1.863	1.627	1.922	1.784	7
874	1.804	1.667	1.941	1.686	7
875	2.098	1.961	2.098	1.745	7
876	2.039	1.863	2.059	1.863	7
877	1.922	1.706	2.02	2.02	7
878	1.922	1.725	1.902	2.059	7
879	1.843	1.784	1.902	1.961	7
880	2.0	1.98	1.98	1.824	7
881	2.039	1.902	1.843	1.706	7
882	2.059	1.843	1.922	1.686	7
883	2.0	1.824	1.863	1.784	7
884	1.843	1.784	1.843	1.882	7
885	1.765	1.902	1.902	1.961	7
886	1.902	1.98	1.98	1.941	7
887	1.961	1.843	1.902	1.922	7
888	1.922	1.765	1.98	1.882	7
889	2.078	1.98	2.02	1.882	7
890	1.765	1.588	1.765	1.804	7
891	1.745	1.471	1.725	1.804	7
892	1.961	1.686	1.941	1.902	7
893	2.294	1.961	2.118	2.0	7
894	2.333	1.902	2.137	2.0	7
895	2.098	1.804	2.059	1.961	7
896	1.804	1.824	2.02	1.922	7
897	1.824	1.961	2.137	1.922	7
898	1.941	2.039	2.02	1.961	7
899	1.941	2.0	1.98	1.922	7
900	2.0	1.98	2.02	1.902	7
901	2.039	1.941	2.0	2.0	7
902	2.059	2.059	2.078	2.137	7
903	2.039	2.0	2.078	2.176	7
904	2.0	1.902	2.0	2.0	7
905	2.0	1.824	2.0	1.843	7
906	2.216	2.02	2.078	1.843	7
907	1.941	1.549	1.804	1.863	7
908	1.804	1.431	1.882	1.902	7
909	2.0	1.608	1.961	1.941	7
910	2.059	1.569	1.784	1.941	7
911	1.922	1.549	1.863	1.98	7
912	1.784	1.804	1.882	2.0	7
913	1.627	1.725	1.784	2.0	7
914	1.725	1.882	2.059	2.02	7
915	1.941	2.02	2.02	2.039	7
916	1.902	1.882	1.98	1.961	7
917	1.863	2.039	2.059	2.0	7
918	1.922	2.098	2.137	2.098	7
919	1.863	2.196	2.157	2.137	7
920	1.745	2.098	2.039	2.059	7
921	1.922	2.059	2.118	2.039	7
922	2.157	2.137	2.353	2.118	7
923	2.275	2.392	2.471	2.216	7
924	1.902	2.0	2.196	2.196	7
925	1.784	1.941	2.157	2.059	7
926	1.941	2.098	2.235	2.039	7
927	2.137	2.078	2.275	2.078	7
928	2.176	1.98	2.353	2.137	7
929	2.176	2.0	2.235	2.137	7
930	2.137	1.961	2.235	2.039	7
931	2.176	2.039	2.275	1.961	7
932	2.118	2.0	2.118	1.902	7
933	2.118	1.98	2.059	1.902	7
934	2.157	2.02	2.098	1.922	7
935	1.98	1.922	2.098	2.0	7
936	1.902	1.902	2.02	2.059	7
937	1.941	1.804	1.98	2.059	7
938	1.961	1.784	2.0	2.02	7
939	1.961	1.725	1.98	1.961	7
940	2.0	1.922	2.157	1.98	7
941	1.745	1.686	1.98	1.941	7
942	1.863	1.608	1.961	1.882	7
943	2.078	1.686	1.98	1.843	7
944	1.961	1.725	2.039	1.824	7
945	1.706	1.725	2.098	1.941	7
946	1.843	1.902	2.157	2.078	7
947	2.0	1.882	2.137	2.157	7
948	1.98	2.02	2.157	2.078	7
949	1.902	2.059	2.137	1.941	7
950	1.745	1.98	2.059	1.882	7
951	1.725	1.941	2.078	1.922	7
952	1.824	2.02	2.118	2.02	7
953	1.941	2.118	2.118	2.059	7
954	1.922	2.059	2.157	2.0	7
955	1.922	1.941	2.118	1.961	7
956	1.98	1.922	2.176	1.98	7
957	2.196	2.118	2.275	2.02	7
958	2.0	1.765	2.02	2.0	7
959	1.824	1.608	1.941	1.941	7
960	1.922	1.667	2.02	1.941	7
961	1.902	1.686	2.02	1.98	7
962	1.804	1.686	1.961	1.961	7
963	1.941	1.804	2.02	1.961	7
964	1.882	1.667	1.922	1.902	7
965	1.843	1.706	1.902	1.863	7
966	1.882	1.843	1.941	1.843	7
967	1.843	1.863	1.98	1.902	7
968	1.902	1.843	1.902	1.941	7
969	1.922	1.902	1.961	1.941	7
970	1.902	2.0	2.0	1.922	7
971	2.078	1.922	1.961	1.824	7
972	1.941	1.706	1.961	1.784	7
973	1.863	1.824	2.02	1.882	7
974	2.137	2.059	2.157	2.0	7
975	2.0	1.627	1.804	1.922	7
976	1.765	1.431	1.745	1.745	7
977	2.02	1.686	1.882	1.667	7
978	2.157	1.765	2.0	1.686	7
979	2.235	1.804	2.176	1.784	7
980	2.176	1.863	2.078	1.902	7
981	2.078	1.784	1.902	1.941	7
982	1.98	1.765	1.882	1.98	7
983	2.039	1.843	1.961	1.941	7
984	2.059	1.882	1.98	1.824	7
985	2.039	1.961	2.0	1.686	7
986	2.0	1.902	1.961	1.706	7
987	1.863	1.941	1.961	1.882	7
988	1.765	1.941	1.961	2.098	7
989	1.706	1.882	1.961	2.137	7
990	1.902	1.725	1.922	1.98	7
991	2.235	2.0	2.059	1.824	7
992	2.02	1.765	2.0	1.765	7
993	1.784	1.745	2.059	1.784	7
994	1.843	1.647	1.902	1.922	7
995	1.745	1.686	1.902	2.02	7
996	1.98	1.98	2.196	2.098	7
997	2.235	1.961	2.118	2.098	7
998	1.941	1.765	1.941	2.039	7
999	1.922	1.902	1.98	1.882	7
1000	1.941	1.98	1.98	1.784	7
1001	1.843	1.922	1.961	1.784	7
1002	1.922	2.02	2.098	1.941	7
1003	2.02	1.961	2.039	2.157	7
1004	2.078	1.922	1.902	2.157	7
1005	2.196	1.961	1.941	2.0	7
1006	2.137	1.922	1.98	1.863	7
1007	2.098	1.824	1.902	1.824	7
1008	2.255	1.961	2.059	1.941	7
1009	2.137	1.765	2.0	2.039	7
1010	1.843	1.608	1.922	2.039	7
1011	2.039	1.725	2.02	2.0	7
1012	2.02	1.804	2.02	1.961	7
1013	1.902	1.765	1.941	1.922	7
1014	2.0	1.863	2.0	1.961	7
1015	1.863	1.882	2.098	2.039	7
1016	1.804	1.922	2.059	2.118	7
1017	1.863	2.039	2.176	2.118	7
1018	1.941	2.059	2.118	2.078	7
1019	1.843	2.078	2.118	2.02	7
1020	1.941	2.196	2.216	2.02	7
1021	1.882	2.196	2.157	2.098	7
1022	1.843	2.118	2.137	2.196	7
1023	1.745	2.039	2.196	2.235	7
1024	1.804	1.98	2.137	2.137	7
1025	2.098	2.098	2.255	1.98	7
1026	1.902	1.765	2.039	1.882	7
1027	1.627	1.706	2.098	2.0	7
1028	1.804	1.824	2.196	2.196	7
1029	2.216	1.902	2.176	2.255	7
1030	2.235	1.843	2.196	2.118	7
1031	2.137	1.882	2.078	1.882	7
1032	1.824	1.863	2.02	1.804	7
1033	1.784	1.98	2.137	1.863	7
1034	1.961	1.941	2.137	1.98	7
1035	1.941	1.882	2.0	2.059	7
1036	2.0	1.941	1.922	2.0	7
1037	2.0	2.0	2.039	1.961	7
1038	2.02	2.039	2.078	1.941	7
1039	2.059	2.118	2.176	1.922	7
1040	2.098	2.059	2.137	1.902	7
1041	2.078	1.961	2.137	1.922	7
1042	2.196	2.157	2.255	2.039	7
1043	2.039	1.843	2.059	2.039	7
1044	1.843	1.745	2.098	1.941	7
1045	1.98	1.941	2.176	1.863	7
1046	1.98	1.863	2.098	1.843	7
1047	1.98	1.882	2.216	1.961	7
1048	1.961	1.902	2.176	2.0	7
1049	1.863	1.824	2.02	2.0	7
1050	1.765	1.824	2.059	1.961	7
1051	1.745	1.902	2.118	1.941	7
1052	1.843	1.941	2.059	1.843	7
1053	1.745	2.039	2.118	1.765	7
1054	1.706	2.039	2.137	1.765	7
1055	1.765	1.98	2.098	2.039	7
1056	1.667	1.824	2.039	2.275	7
1057	1.588	1.686	1.902	2.314	7
1058	1.686	1.627	1.902	2.078	7
1059	2.216	1.922	2.176	1.725	7
1060	2.353	1.804	2.0	1.569	7
1061	2.078	1.686	1.922	1.627	7
1062	1.706	1.608	1.941	1.843	7
1063	1.725	1.706	2.118	2.039	7
1064	1.941	1.686	2.039	2.078	7
1065	2.0	1.745	2.0	2.02	7
1066	2.039	1.843	2.137	1.922	7
1067	2.157	1.961	2.196	1.882	7
1068	2.176	1.922	2.098	1.902	7
1069	2.118	1.941	2.098	1.961	7
1070	2.137	2.098	2.118	2.02	7
1071	2.118	2.0	2.059	1.98	7
1072	2.118	2.0	2.118	1.922	7
1073	2.176	1.922	2.02	1.843	7
1074	2.059	1.941	2.078	1.863	7
1075	1.961	1.941	2.118	1.941	7
1076	2.039	2.0	2.118	2.059	7
1077	2.0	1.725	1.882	1.961	7
1078	1.941	1.529	1.784	1.804	7
1079	1.765	1.686	1.902	1.784	7
1080	1.627	1.706	1.882	1.863	7
1081	1.784	1.529	1.725	1.922	7
1082	2.216	1.51	1.706	1.824	7
1083	2.51	1.784	2.02	1.765	7
1084	2.157	1.98	2.137	1.804	7
1085	1.49	1.706	1.765	1.824	7
1086	1.471	1.627	1.471	1.725	7
1087	1.863	1.686	1.608	1.608	7
1088	2.118	1.765	1.784	1.588	7
1089	2.255	1.902	1.902	1.725	7
1090	2.098	1.941	1.902	1.863	7
1091	1.804	1.863	1.902	1.922	7
1092	1.882	1.784	2.02	1.961	7
1093	2.451	2.118	2.098	2.0	7
1094	2.275	1.824	1.882	1.961	7
1095	1.882	1.667	1.941	1.882	7
1096	1.98	1.784	2.059	1.804	7
1097	2.118	1.882	2.02	1.843	7
1098	1.784	1.863	2.059	1.922	7
1099	1.392	1.804	2.0	2.02	7
1100	1.608	1.765	1.961	2.059	7
1101	2.078	1.922	2.02	2.098	7
1102	2.275	2.137	2.098	2.059	7
1103	2.0	1.961	1.902	1.941	7
1104	1.588	1.824	1.843	1.843	7
1105	1.902	1.961	2.0	1.863	7
1106	2.314	2.118	2.137	2.0	7
1107	2.235	2.157	2.176	2.196	7
1108	1.765	1.922	2.059	2.275	7
1109	1.784	1.824	2.02	2.196	7
1110	2.157	2.02	2.059	2.098	7
1111	2.196	1.804	1.902	1.902	7
1112	2.059	1.647	1.902	1.765	7
1113	2.294	1.706	1.98	1.804	7
1114	2.373	1.784	2.059	1.902	7
1115	2.392	1.882	2.157	2.059	7
1116	2.294	2.0	2.216	2.216	7
1117	2.235	2.02	2.255	2.275	7
1118	2.176	2.137	2.314	2.294	7
1119	2.0	2.275	2.412	2.314	7
1120	1.843	2.314	2.373	2.333	7
1121	1.863	2.196	2.235	2.275	7
1122	2.0	2.078	2.157	2.118	7
1123	2.118	2.157	2.176	2.0	7
1124	1.941	2.216	2.235	2.039	7
1125	1.824	2.196	2.275	2.176	7
1126	1.725	2.059	2.196	2.294	7
1127	1.98	2.294	2.333	2.392	7
1128	2.0	2.137	2.235	2.333	7
1129	1.667	1.824	2.157	2.118	7
1130	1.686	1.745	2.098	1.882	7
1131	1.745	1.725	2.039	1.745	7
1132	1.784	1.804	2.098	1.863	7
1133	1.882	1.882	2.118	2.02	7
1134	2.0	1.902	2.137	2.098	7
1135	1.765	1.882	2.098	2.157	7
1136	1.725	1.882	2.039	2.157	7
1137	1.824	1.804	1.961	2.0	7
1138	1.863	1.725	1.824	1.784	7
1139	1.824	1.706	1.902	1.686	7
1140	1.843	1.961	2.137	1.784	7
1141	1.98	2.039	2.059	1.922	7
1142	1.922	1.902	2.039	2.039	7
1143	1.882	1.843	2.137	2.098	7
1144	2.078	2.059	2.176	2.118	7
1145	1.961	1.784	2.0	1.98	7
1146	1.725	1.588	1.902	1.804	7
1147	1.922	1.765	2.059	1.706	7
1148	2.098	1.922	2.157	1.765	7
1149	2.118	1.784	2.118	1.902	7
1150	1.922	1.725	2.02	2.039	7
1151	1.882	1.725	1.98	2.0	7
1152	1.902	1.863	2.098	1.941	7
1153	1.941	1.98	2.157	1.863	7
1154	1.961	2.0	2.118	1.843	7
1155	1.922	1.922	2.02	1.824	7
1156	1.765	1.863	2.0	1.824	7
1157	1.647	1.784	1.863	1.804	7
1158	1.804	1.824	1.882	1.765	7
1159	2.039	1.922	1.961	1.725	7
1160	2.078	1.98	2.078	1.824	7
1161	1.922	1.922	2.0	1.961	7
1162	1.784	1.529	1.902	1.961	7
1163	2.059	1.451	1.922	1.824	7
1164	2.373	1.922	2.333	1.745	7
1165	2.0	1.941	2.118	1.725	7
1166	1.843	1.765	1.941	1.784	7
1167	1.922	1.725	1.922	1.824	7
1168	1.961	1.804	1.961	1.824	7
1169	2.078	1.882	2.0	1.824	7
1170	2.118	1.941	2.059	1.882	7
1171	2.216	2.039	2.078	1.863	7
1172	2.059	2.059	2.157	1.882	7
1173	2.078	2.059	2.078	1.902	7
1174	2.078	2.02	2.098	1.882	7
1175	2.157	2.137	2.196	1.902	7
1176	2.078	2.02	2.078	1.922	7
1177	2.02	1.863	1.941	1.882	7
1178	2.137	2.078	2.157	1.922	7
1179	2.137	2.039	2.157	1.941	7
1180	1.784	1.569	1.882	1.863	7
1181	1.941	1.608	1.902	1.804	7
1182	2.078	1.765	2.0	1.804	7
1183	1.98	1.706	2.02	1.922	7
1184	2.02	1.765	2.098	1.98	7
1185	1.941	1.627	1.784	1.902	7
1186	1.804	1.706	1.863	1.843	7
1187	1.961	1.961	1.941	1.961	7
1188	1.706	1.725	1.765	1.941	7
1189	1.725	1.647	1.765	1.843	7
1190	1.843	1.824	1.843	1.765	7
1191	2.235	2.098	2.0	1.824	7
1192	1.98	1.922	1.843	1.941	7
1193	1.765	1.706	1.765	1.961	7
1194	2.039	1.804	1.922	1.902	7
1195	2.412	2.137	2.118	1.882	7
1196	2.314	1.843	1.882	1.843	7
1197	1.902	1.529	1.706	1.765	7
1198	1.902	1.706	1.882	1.843	7
1199	1.941	1.882	2.02	1.961	7
1200	2.039	1.863	2.02	2.039	7
1201	2.118	1.882	1.98	2.02	7
1202	2.137	1.941	2.02	1.961	7
1203	2.176	2.039	2.098	1.941	7
1204	2.137	2.039	2.118	1.98	7
1205	2.118	2.078	2.157	2.039	7
1206	2.039	2.059	2.118	2.078	7
1207	1.98	1.98	2.039	2.118	7
1208	1.961	2.039	2.078	2.157	7
1209	2.0	2.098	2.098	2.137	7
1210	1.961	2.039	2.137	2.137	7
1211	1.98	2.0	2.157	2.157	7
1212	2.059	2.157	2.275	2.255	7
1213	2.039	1.863	2.078	2.255	7
1214	1.784	1.451	1.882	2.098	7
1215	1.922	1.667	2.059	2.039	7
1216	2.02	1.902	2.157	2.137	7
1217	1.902	1.824	2.098	2.255	7
1218	1.922	1.824	2.098	2.294	7
1219	2.059	2.078	2.235	2.294	7
1220	1.882	2.078	2.216	2.275	7
1221	1.784	2.02	2.157	2.255	7
1222	1.843	1.824	1.941	2.118	7
1223	1.882	1.902	2.02	2.039	7
1224	1.961	2.078	2.098	2.078	7
1225	1.843	2.098	2.118	2.196	7
1226	1.922	2.216	2.137	2.275	7
1227	1.882	2.118	2.098	2.294	7
1228	1.863	2.02	2.098	2.235	7
1229	2.098	2.275	2.314	2.255	7
1230	2.098	2.0	2.118	2.176	7
1231	1.824	1.725	2.02	2.039	7
1232	1.863	1.804	2.098	1.98	7
1233	1.922	1.843	2.098	2.0	7
1234	1.941	1.843	2.098	2.0	7
1235	1.961	1.863	2.078	2.02	7
1236	1.922	1.863	2.059	2.0	7
1237	1.843	1.843	2.098	1.961	7
1238	1.843	1.863	2.078	1.941	7
1239	1.882	1.941	2.059	1.902	7
1240	1.882	1.941	2.098	1.941	7
1241	1.765	1.961	2.176	2.02	7
1242	1.667	1.961	2.039	1.98	7
1243	1.745	1.745	1.725	1.765	7
1244	1.941	1.941	2.0	1.667	7
1245	1.961	1.902	2.078	1.686	7
1246	2.118	2.039	2.255	1.882	7
1247	2.196	2.059	2.157	2.0	7
1248	1.549	1.588	1.941	1.941	7
1249	1.824	1.627	2.02	1.843	7
1250	2.196	1.824	2.059	1.745	7
1251	2.216	1.863	2.098	1.706	7
1252	1.882	1.804	2.059	1.765	7
1253	1.922	1.902	2.118	1.843	7
1254	2.059	1.922	2.039	1.941	7
1255	2.078	1.98	2.059	1.922	7
1256	2.059	2.039	2.059	1.843	7
1257	2.098	2.078	2.118	1.804	7
1258	2.176	2.098	2.118	1.824	7
1259	2.098	2.02	2.078	1.882	7
1260	2.039	1.961	2.078	1.902	7
1261	2.0	1.98	2.098	1.922	7
1262	2.039	1.961	2.059	1.863	7
1263	2.176	2.098	2.216	1.902	7
1264	2.157	1.98	2.098	1.882	7
1265	1.863	1.608	1.902	1.784	7
1266	1.804	1.588	1.941	1.745	7
1267	2.039	1.824	2.039	1.765	7
1268	1.98	1.667	1.98	1.804	7
1269	1.882	1.725	2.039	1.863	7
1270	1.882	1.667	1.922	1.882	7
1271	1.882	1.863	2.0	1.824	7
1272	1.824	1.863	2.0	1.784	7
1273	2.039	2.078	2.118	1.745	7
1274	2.059	2.02	2.0	1.745	7
1275	1.902	1.824	1.941	1.784	7
1276	1.706	1.804	1.882	1.863	7
1277	1.706	1.765	1.824	1.863	7
1278	2.196	2.039	2.098	1.843	7
1279	2.196	1.98	2.059	1.784	7
1280	2.078	2.02	2.118	1.824	7
1281	2.039	1.941	2.059	1.882	7
1282	1.863	1.686	2.0	1.882	7
1283	2.118	1.725	2.02	1.882	7
1284	2.216	1.725	1.961	1.882	7
1285	2.137	1.647	2.0	1.882	7
1286	2.0	1.745	2.078	1.902	7
1287	2.0	1.745	1.961	1.843	7
1288	2.059	1.745	2.039	1.824	7
1289	2.078	1.843	2.0	1.843	7
1290	2.059	2.0	2.078	1.882	7
1291	2.02	2.0	2.02	1.922	7
1292	1.882	1.863	1.922	1.961	7
1293	1.706	1.804	2.0	2.02	7
1294	1.706	2.039	2.157	2.118	7
1295	1.686	1.941	1.98	2.118	7
1296	1.686	1.647	1.725	1.961	7
1297	2.098	1.784	1.824	1.824	7
1298	2.667	2.02	2.039	1.784	7
1299	2.059	1.765	2.098	1.804	7
1300	1.902	1.824	2.216	1.961	7
1301	1.824	1.863	2.098	2.118	7
1302	1.706	1.725	1.882	2.176	7
1303	1.765	1.667	1.784	2.078	7
1304	1.902	1.706	1.843	1.922	7
1305	2.0	1.843	2.0	1.784	7
1306	2.078	1.902	2.118	1.784	7
1307	2.157	2.02	2.098	1.922	7
1308	2.098	1.941	1.98	1.98	7
1309	2.078	1.804	1.843	2.0	7
1310	2.02	1.804	1.882	1.98	7
1311	2.078	2.0	2.02	1.941	7
1312	2.059	1.922	1.961	1.863	7
1313	1.922	1.824	2.059	1.843	7
1314	1.804	2.02	2.176	1.941	7
1315	1.588	1.843	1.922	2.0	7
1316	1.353	1.353	1.725	1.922	7
1317	1.882	1.765	2.098	1.961	7
1318	2.137	1.843	2.137	2.02	7
1319	2.098	2.078	2.235	2.059	7
1320	1.784	1.961	2.078	2.059	7
1321	1.549	1.765	1.922	2.02	7
1322	2.039	1.882	2.078	1.961	7
1323	2.157	2.078	2.235	2.02	7
1324	1.941	2.314	2.333	2.176	7
1325	1.784	2.255	2.392	2.294	7
1326	1.824	2.216	2.196	2.275	7
1327	1.902	2.176	2.157	2.157	7
1328	2.059	2.255	2.216	2.098	7
1329	2.176	2.176	2.255	2.02	7
1330	2.196	2.059	2.275	2.02	7
1331	2.392	2.353	2.51	2.118	7
1332	2.49	2.353	2.431	2.255	7
1333	2.02	1.804	2.098	2.255	7
1334	2.098	1.706	2.137	2.157	7
1335	2.176	1.824	2.216	2.039	7
1336	2.059	1.843	2.216	1.961	7
1337	2.0	1.804	2.118	1.941	7
1338	2.118	1.784	2.098	1.922	7
1339	2.216	1.863	2.137	1.922	7
1340	2.059	1.902	2.137	1.941	7
1341	1.824	1.961	2.078	2.0	7
1342	1.843	1.941	2.0	2.059	7
1343	1.843	1.902	1.98	2.098	7
1344	1.824	2.02	2.176	2.118	7
1345	1.863	2.098	2.176	2.059	7
1346	1.765	1.765	1.961	1.961	7
1347	1.824	1.804	2.0	1.863	7
1348	1.784	2.02	2.196	1.902	7
1349	1.784	2.0	2.0	1.98	7
1350	1.451	1.549	1.824	1.863	7
1351	1.706	1.667	1.902	1.804	7
1352	1.706	1.725	1.961	1.843	7
1353	1.922	1.745	2.039	1.961	7
1354	1.824	1.804	2.118	2.059	7
1355	1.804	1.765	1.941	2.078	7
1356	2.039	1.824	2.039	2.02	7
1357	2.039	1.98	2.176	1.961	7
1358	1.961	1.961	2.0	1.882	7
1359	1.824	1.843	1.863	1.784	7
1360	1.843	1.843	1.902	1.765	7
1361	1.863	1.98	2.039	1.922	7
1362	2.039	2.078	2.118	2.059	7
1363	2.216	1.98	2.098	2.059	7
1364	2.275	1.902	2.078	1.98	7
1365	2.373	2.078	2.275	1.922	7
1366	2.392	2.059	2.176	1.941	7
1367	1.941	1.608	1.941	1.902	7
1368	2.0	1.627	2.0	1.863	7
1369	2.196	1.745	2.059	1.882	7
1370	2.216	1.725	2.039	1.922	7
1371	1.98	1.725	2.098	1.961	7
1372	1.706	1.784	2.059	1.98	7
1373	1.686	1.784	1.961	1.843	7
1374	1.922	2.0	2.078	1.784	7
1375	1.882	1.922	1.98	1.784	7
1376	1.961	1.843	1.902	1.824	7
1377	2.0	1.784	1.902	1.863	7
1378	1.941	1.882	2.039	1.863	7
1379	2.039	2.078	2.216	1.882	7
1380	1.882	1.941	2.098	1.922	7
1381	1.843	1.784	1.765	1.902	7
1382	1.902	1.902	1.941	1.843	7
1383	2.098	2.098	2.157	1.902	7
1384	1.824	1.706	2.0	1.922	7
1385	2.039	1.667	2.02	1.941	7
1386	2.235	1.784	2.059	1.941	7
1387	2.294	1.804	2.02	1.922	7
1388	2.137	1.804	2.078	1.902	7
1389	2.098	1.863	2.059	1.902	7
1390	2.039	1.863	2.02	1.961	7
1391	2.02	1.922	2.039	2.039	7
1392	1.961	1.961	2.02	2.078	7
1393	1.902	1.941	2.02	2.098	7
1394	1.941	1.941	2.02	2.059	7
1395	1.843	1.902	2.0	2.039	7
1396	1.98	2.02	2.039	2.0	7
1397	2.02	2.098	2.059	1.98	7
1398	1.706	1.902	1.941	1.98	7
1399	1.373	2.0	2.098	2.078	7
1400	1.686	1.863	1.98	2.098	7
1401	1.706	1.588	1.882	2.02	7
1402	1.667	1.725	1.98	1.882	7
1403	1.98	1.686	1.882	1.667	7
1404	1.961	1.667	1.961	1.667	7
1405	2.235	1.922	2.216	1.843	7
1406	2.255	2.078	2.255	2.098	7
1407	1.902	1.902	2.039	2.118	7
1408	1.725	1.843	1.98	2.098	7
1409	1.784	1.784	1.843	1.98	7
1410	1.882	1.824	1.902	1.843	7
1411	2.059	1.961	1.98	1.765	7
1412	2.078	2.02	2.02	1.784	7
1413	2.098	2.078	2.039	1.843	7
1414	2.118	1.922	2.02	1.922	7
1415	2.176	1.843	2.078	2.02	7
1416	2.294	1.98	2.255	2.098	7
1417	2.49	1.902	2.059	2.039	7
1418	2.078	1.451	1.824	1.882	7
1419	2.216	1.686	1.98	1.784	7
1420	2.118	1.725	2.0	1.824	7
1421	1.902	1.98	2.039	1.961	7
1422	1.784	1.902	2.078	2.118	7
1423	1.882	1.961	2.176	2.196	7
1424	1.922	1.902	2.0	2.059	7
1425	2.039	1.843	1.961	1.902	7
1426	1.98	1.922	1.882	1.804	7
1427	1.725	1.922	1.922	1.843	7
1428	1.804	2.118	2.0	2.0	7
1429	1.941	2.059	2.02	2.137	7
1430	2.0	2.216	2.176	2.196	7
1431	1.765	2.137	2.118	2.118	7
1432	1.667	2.039	1.98	1.98	7
1433	1.922	2.039	2.078	1.961	7
1434	2.529	2.216	2.255	2.039	7
1435	2.098	1.843	2.078	2.078	7
1436	1.765	1.765	2.078	2.059	7
1437	1.686	1.667	1.941	2.02	7
1438	1.843	1.686	1.922	1.961	7
1439	1.961	1.745	1.98	1.922	7
1440	2.02	1.784	2.039	1.941	7
1441	2.02	1.843	2.078	1.922	7
1442	2.098	1.902	2.137	1.941	7
1443	2.157	2.059	2.216	1.98	7
1444	2.059	2.039	2.176	2.098	7
1445	1.961	1.863	2.02	2.118	7
1446	1.902	1.765	1.98	2.039	7
1447	1.863	1.902	2.059	1.941	7
1448	1.902	1.941	2.118	1.902	7
1449	1.922	1.804	2.039	1.922	7
1450	1.922	1.961	2.196	2.02	7
1451	2.0	2.098	2.216	2.118	7
1452	1.51	1.647	1.98	2.098	7
1453	1.647	1.608	2.059	2.098	7
1454	2.059	1.706	2.157	2.098	7
1455	2.333	1.843	2.294	2.059	7
1456	2.059	1.804	2.176	1.98	7
1457	1.843	1.882	2.039	1.941	7
1458	1.569	1.824	1.98	1.941	7
1459	1.667	1.804	2.02	1.961	7
1460	1.882	1.902	2.059	1.961	7
1461	2.0	1.961	2.098	2.0	7
1462	2.039	1.98	2.078	2.02	7
1463	2.0	1.98	2.118	2.0	7
1464	1.627	2.039	2.098	2.039	7
1465	1.549	2.0	2.059	2.137	7
1466	1.686	1.863	2.098	2.157	7
1467	2.137	2.137	2.333	2.078	7
1468	2.627	2.157	2.216	1.922	7
1469	2.176	1.647	1.941	1.725	7
1470	1.843	1.686	2.098	1.765	7
1471	2.0	1.961	2.235	1.941	7
1472	2.098	1.941	2.078	2.137	7
1473	1.804	1.706	2.0	2.137	7
1474	1.98	1.863	2.059	1.98	7
1475	2.118	1.98	2.196	1.804	7
1476	2.098	2.059	2.216	1.863	7
1477	2.02	2.02	2.039	1.961	7
1478	2.02	1.961	2.0	2.02	7
1479	2.078	1.961	2.039	1.922	7
1480	2.137	2.039	2.176	1.882	7
1481	2.235	2.078	2.078	1.902	7
1482	2.118	1.941	2.039	1.922	7
1483	1.98	1.843	1.98	1.902	7
1484	2.137	1.922	2.137	1.922	7
1485	2.137	1.961	2.137	1.98	7
1486	1.667	1.529	1.765	1.902	7
1487	1.569	1.471	1.667	1.804	7
1488	1.686	1.549	1.725	1.745	7
1489	1.784	1.667	1.98	1.804	7
1490	2.02	1.765	2.059	1.922	7
1491	2.118	1.706	2.02	2.02	7
1492	1.863	1.824	2.0	2.02	7
1493	2.078	2.0	2.039	1.941	7
1494	1.98	1.941	1.941	1.863	7
1495	1.922	1.765	1.824	1.824	7
1496	1.941	1.98	2.078	1.902	7
1497	1.843	2.02	2.02	2.0	7
1498	1.843	1.882	1.824	2.0	7
1499	1.882	1.804	1.902	1.922	7
1500	2.039	1.941	2.098	1.902	7
1501	2.176	2.078	2.275	2.0	7
1502	2.373	2.157	2.216	2.059	7
1503	1.961	1.706	1.941	2.02	7
1504	1.902	1.725	2.0	1.941	7
1505	1.98	1.824	2.098	1.98	7
1506	2.059	1.902	2.176	2.02	7
1507	2.137	1.745	2.039	1.98	7
1508	2.294	1.804	2.098	1.902	7
1509	2.176	1.941	2.078	1.902	7
1510	1.784	1.824	1.941	1.922	7
1511	1.569	1.627	1.686	1.902	7
1512	1.804	1.784	1.824	1.843	7
1513	2.118	2.039	2.02	1.882	7
1514	2.176	2.059	2.098	2.02	7
1515	2.098	2.137	2.059	2.137	7
1516	1.863	1.882	1.941	2.02	7
1517	1.784	1.745	1.961	1.863	7
1518	1.98	1.902	2.02	1.725	7
1519	2.255	2.039	2.02	1.706	7
1520	1.941	1.667	1.882	1.784	7
1521	1.961	1.706	1.98	1.98	7
1522	2.02	1.784	2.0	2.118	7
1523	2.0	1.922	2.039	2.098	7
1524	1.961	1.902	2.078	2.039	7
1525	1.902	1.922	2.098	2.0	7
1526	1.922	2.039	2.157	2.0	7
1527	1.843	2.039	2.098	1.98	7
1528	1.863	2.02	2.02	1.961	7
1529	2.02	2.137	2.196	1.961	7
1530	2.157	2.275	2.275	2.0	7
1531	1.882	2.255	2.235	2.078	7
1532	1.608	2.137	2.118	2.118	7
1533	1.647	2.039	2.137	2.157	7
1534	1.902	1.98	2.098	2.137	7
1535	1.961	2.039	2.275	2.078	7
1536	2.118	2.118	2.216	1.98	7
1537	1.843	1.804	2.118	1.922	7
1538	1.863	1.804	2.157	1.961	7
1539	2.0	1.902	2.176	1.98	7
1540	1.98	1.784	2.078	2.0	7
1541	1.922	1.784	2.118	2.02	7
1542	2.0	1.941	2.196	2.059	7
1543	1.902	1.961	2.137	2.078	7
1544	1.745	1.843	2.078	2.02	7
1545	1.843	1.843	1.961	1.941	7
1546	1.922	1.824	1.941	1.902	7
1547	2.098	2.02	2.098	1.941	7
1548	2.078	2.0	2.137	1.98	7
1549	2.02	2.039	2.059	2.02	7
1550	1.902	1.98	2.059	2.039	7
1551	1.745	1.882	2.118	2.02	7
1552	1.824	1.843	2.118	2.059	7
1553	2.176	2.039	2.176	2.039	7
1554	2.02	1.725	2.02	1.941	7
1555	1.961	1.667	2.0	1.824	7
1556	2.118	1.784	2.059	1.804	7
1557	2.039	1.765	2.039	1.882	7
1558	2.0	1.725	2.0	1.961	7
1559	1.961	1.784	2.0	2.0	7
1560	1.961	1.824	2.02	1.98	7
1561	2.02	1.98	2.137	1.941	7
1562	2.0	2.098	2.196	1.961	7
1563	1.824	1.902	2.02	1.922	7
1564	1.725	1.902	1.98	1.922	7
1565	1.902	1.902	2.0	1.882	7
1566	2.039	1.941	1.98	1.843	7
1567	2.275	2.0	2.059	1.824	7
1568	2.039	1.843	2.0	1.863	7
1569	1.863	1.882	2.059	1.902	7
1570	2.039	1.863	1.961	1.922	7
1571	1.765	1.51	1.843	1.863	7
1572	1.902	1.569	1.961	1.804	7
1573	1.961	1.725	1.961	1.745	7
1574	2.118	1.725	2.0	1.745	7
1575	2.157	1.667	1.961	1.843	7
1576	1.98	1.627	1.824	1.843	7
1577	1.922	1.725	1.902	1.804	7
1578	2.118	1.882	1.98	1.686	7
1579	2.118	1.882	2.0	1.647	7
1580	2.059	1.843	2.0	1.882	7
1581	2.02	1.922	2.039	2.176	7
1582	1.961	1.922	2.0	2.176	7
1583	1.941	1.922	1.863	1.941	7
1584	1.902	1.941	1.961	1.706	7
1585	1.961	1.941	2.078	1.667	7
1586	1.98	1.98	2.196	1.804	7
1587	2.059	2.137	2.333	2.098	7
1588	1.804	1.804	2.118	2.235	7
1589	1.824	1.725	2.098	2.176	7
1590	2.216	1.961	2.255	2.039	7
1591	2.196	2.137	2.275	2.0	7
1592	1.824	1.784	2.059	2.0	7
1593	1.745	1.824	2.078	2.0	7
1594	1.902	1.941	2.137	1.98	7
1595	1.941	2.078	2.196	2.039	7
1596	1.863	2.02	2.078	2.039	7
1597	1.804	1.902	2.039	2.039	7
1598	1.608	1.863	1.922	2.02	7
1599	1.627	1.941	2.137	2.02	7
1600	2.078	2.02	2.118	2.02	7
1601	2.431	2.0	2.098	2.0	7
1602	2.51	2.137	2.196	2.02	7
1603	1.882	1.98	2.118	2.059	7
1604	1.765	1.902	2.0	2.059	7
1605	1.647	1.431	1.745	1.941	7
1606	1.804	1.49	1.902	1.843	7
1607	2.118	1.745	2.059	1.824	7
1608	2.255	1.882	2.039	1.863	7
1609	2.137	1.843	2.039	1.961	7
1610	2.137	2.02	2.098	2.059	7
1611	2.039	1.902	2.059	2.098	7
1612	2.039	1.961	2.098	2.059	7
1613	2.078	2.078	2.078	1.941	7
1614	2.0	2.0	2.02	1.843	7
1615	1.98	2.118	2.098	1.784	7
1616	1.941	2.02	2.039	1.882	7
1617	1.941	1.98	1.98	1.98	7
1618	1.98	1.98	2.0	2.02	7
1619	2.0	1.961	2.039	2.02	7
1620	1.824	1.882	2.039	2.02	7
1621	2.0	2.039	2.137	2.0	7
1622	1.824	1.667	1.882	1.843	7
1623	1.843	1.588	1.902	1.784	7
1624	1.98	1.569	1.863	1.784	7
1625	2.039	1.569	1.882	1.863	7
1626	1.843	1.549	1.863	1.98	7
1627	1.745	1.765	2.02	2.02	7
1628	1.902	1.824	1.922	2.02	7
1629	2.039	1.843	1.863	1.882	7
1630	1.98	1.863	1.824	1.843	7
1631	1.667	1.804	1.863	1.902	7
1632	1.647	1.804	1.784	2.0	7
1633	1.784	1.804	1.843	2.02	7
1634	2.176	1.961	2.059	1.98	7
1635	2.098	2.078	2.137	1.98	7
1636	1.941	1.98	2.059	2.0	7
1637	1.863	1.98	2.294	2.039	7
1638	2.392	2.392	2.51	2.137	7
1639	2.137	1.843	1.98	2.137	7
1640	1.765	1.667	2.0	2.02	7
1641	1.922	1.863	2.137	1.902	7
1642	2.118	1.961	2.157	1.922	7
1643	2.118	1.98	2.235	2.078	7
1644	2.059	2.02	2.275	2.235	7
1645	2.059	2.059	2.275	2.176	7
1646	2.118	2.078	2.255	2.039	7
1647	2.078	2.039	2.137	1.922	7
1648	2.0	1.961	2.137	1.922	7
1649	1.98	1.941	2.137	1.98	7
1650	1.961	1.902	2.098	2.039	7
1651	1.961	1.961	2.118	2.059	7
1652	2.0	1.98	2.118	2.059	7
1653	1.98	1.941	2.059	2.039	7
1654	1.902	1.824	2.098	2.059	7
1655	2.137	2.059	2.196	2.078	7
1656	1.882	1.608	1.843	1.941	7
1657	1.765	1.529	1.882	1.765	7
1658	1.784	1.647	1.961	1.784	7
1659	2.039	1.882	2.157	1.902	7
1660	2.176	1.804	2.078	2.0	7
1661	1.882	1.784	1.941	2.0	7
1662	1.667	1.843	2.02	1.961	7
1663	1.804	1.961	2.078	1.941	7
1664	1.98	2.039	2.059	1.863	7
1665	1.922	2.039	2.078	1.843	7
1666	1.843	2.039	2.078	1.882	7
1667	2.0	2.02	2.059	1.961	7
1668	2.02	2.039	2.02	2.0	7
1669	1.961	2.137	2.157	2.098	7
1670	2.0	2.02	2.098	2.078	7
1671	1.843	1.745	2.02	1.98	7
1672	2.118	2.02	2.078	1.882	7
1673	2.176	1.784	2.039	1.784	7
1674	2.0	1.667	2.0	1.765	7
1675	1.98	1.745	2.039	1.824	7
1676	2.02	1.706	2.039	1.941	7
1677	2.0	1.627	1.98	2.039	7
1678	2.039	1.725	1.941	2.059	7
1679	1.961	1.804	2.0	2.0	7
1680	1.882	1.784	2.02	1.882	7
1681	2.059	1.863	1.941	1.725	7
1682	2.176	1.902	1.98	1.667	7
1683	2.118	2.02	2.02	1.725	7
1684	1.882	1.863	1.922	1.941	7
1685	1.843	1.824	1.98	2.157	7
1686	1.902	1.843	1.882	2.157	7
1687	1.882	1.804	1.902	1.961	7
1688	1.882	1.902	2.137	1.863	7
1689	2.059	2.137	2.255	1.902	7
1690	1.804	1.706	1.902	1.882	7
1691	1.588	1.529	1.745	1.843	7
1692	1.745	1.647	1.863	1.863	7
1693	2.02	1.902	2.118	1.941	7
1694	2.078	2.0	2.275	2.059	7
1695	1.961	1.922	2.137	2.118	7
1696	1.745	1.706	1.941	2.098	7
1697	1.902	1.902	2.039	2.078	7
1698	2.118	2.02	2.039	1.941	7
1699	1.725	1.941	2.098	1.882	7
1700	1.647	2.078	2.137	1.961	7
1701	1.941	1.961	2.0	2.0	7
1702	2.137	1.98	2.039	1.98	7
1703	2.059	2.02	2.098	1.941	7
1704	1.882	1.922	2.078	1.98	7
1705	1.961	1.961	2.255	2.118	7
1706	2.294	2.235	2.412	2.235	7
1707	2.137	1.686	1.941	2.078	7
1708	1.98	1.49	1.922	1.824	7
1709	2.314	1.765	2.078	1.706	7
1710	2.157	1.706	2.02	1.745	7
1711	2.02	1.765	2.039	1.941	7
1712	2.02	1.863	2.098	2.098	7
1713	1.922	1.863	2.098	2.118	7
1714	1.922	1.941	2.118	2.059	7
1715	1.765	1.804	2.0	2.0	7
1716	1.706	1.804	2.0	1.902	7
1717	1.863	1.941	1.922	1.843	7
1718	2.02	1.902	1.922	1.824	7
1719	2.294	2.176	2.157	1.902	7
1720	2.157	2.137	2.118	2.059	7
1721	1.784	1.961	2.098	2.196	7
1722	1.725	1.765	2.039	2.118	7
1723	1.961	2.059	2.196	2.078	7
1724	1.843	1.843	1.98	1.961	7
1725	1.784	1.706	1.98	1.863	7
1726	2.0	1.941	2.137	1.863	7
1727	1.941	1.941	2.078	1.922	7
1728	1.882	1.863	2.098	2.02	7
1729	1.941	1.98	2.098	2.078	7
1730	2.02	1.922	2.059	2.0	7
1731	2.118	2.0	2.196	1.961	7
1732	2.078	2.098	2.137	1.98	7
1733	1.647	2.02	2.098	2.039	7
1734	1.588	1.882	1.941	2.039	7
1735	1.941	1.863	1.902	1.902	7
1736	2.196	2.157	2.039	1.804	7
1737	1.922	2.0	1.922	1.824	7
1738	1.627	1.804	1.98	1.863	7
1739	2.059	1.824	2.118	1.902	7
1740	2.569	2.098	2.294	1.98	7
1741	2.196	1.745	1.98	1.922	7
1742	1.686	1.588	1.902	1.784	7
1743	1.824	1.667	1.902	1.745	7
1744	2.0	1.745	1.98	1.784	7
1745	2.059	1.765	2.059	1.882	7
1746	2.118	1.863	2.0	1.941	7
1747	2.039	1.882	2.039	1.922	7
1748	2.0	1.941	2.078	1.863	7
1749	1.961	1.98	2.078	1.824	7
1750	2.039	1.882	1.922	1.863	7
1751	2.137	1.98	2.02	1.922	7
1752	2.196	2.176	2.157	1.98	7
1753	1.804	1.902	2.0	1.98	7
1754	1.843	1.902	2.02	1.941	7
1755	1.922	1.882	2.0	1.922	7
1756	2.02	1.824	2.118	1.922	7
1757	2.294	2.098	2.235	1.98	7
1758	2.039	1.706	1.922	1.961	7
1759	1.765	1.51	1.863	1.882	7
1760	1.922	1.667	1.961	1.902	7
1761	2.059	1.765	1.961	1.941	7
1762	2.02	1.725	2.0	1.961	7
1763	1.98	1.804	1.98	1.941	7
1764	1.941	1.765	1.961	1.922	7
1765	1.902	1.843	2.059	1.941	7
1766	1.863	1.882	1.98	1.941	7
1767	1.882	1.784	1.863	1.922	7
1768	1.941	1.824	1.863	1.863	7
1769	1.961	1.922	1.922	1.863	7
1770	1.843	1.941	1.961	1.902	7
1771	1.961	2.0	2.039	1.98	7
1772	1.961	1.882	1.98	2.039	7
1773	1.863	1.725	2.0	2.039	7
1774	2.078	2.137	2.255	2.098	7
1775	1.961	1.784	1.98	2.059	7
1776	1.784	1.627	1.941	1.98	7
1777	2.039	1.843	2.157	1.961	7
1778	2.137	1.902	2.118	1.941	7
1779	1.98	1.863	2.118	1.961	7
1780	1.961	1.922	2.118	2.039	7
1781	1.804	1.843	2.039	2.078	7
1782	1.843	1.922	2.059	2.118	7
1783	1.902	1.902	2.02	2.118	7
1784	2.02	1.941	2.098	2.0	7
1785	2.078	1.98	2.118	1.902	7
1786	2.176	2.118	2.235	1.902	7
1787	2.235	2.039	2.098	2.02	7
1788	2.02	1.98	2.02	2.157	7
1789	1.843	1.922	2.0	2.196	7
1790	1.765	1.745	1.98	2.098	7
1791	2.157	1.941	2.137	1.961	7
1792	2.196	1.804	2.059	1.824	7
1793	1.922	1.647	2.0	1.784	7
1794	1.882	1.706	2.039	1.922	7
1795	1.922	1.725	2.02	2.078	7
1796	1.98	1.725	2.098	2.137	7
1797	2.137	1.784	2.0	2.059	7
1798	1.961	1.784	2.02	1.882	7
1799	1.843	2.0	2.176	1.863	7
1800	1.902	2.098	2.196	1.902	7
1801	1.824	2.039	2.196	2.02	7
1802	2.0	2.118	2.275	2.098	7
1803	2.039	2.176	2.294	2.157	7
1804	2.02	2.216	2.196	2.157	7
1805	1.804	2.098	2.137	2.059	7
1806	1.843	2.02	2.157	1.98	7
1807	2.039	2.02	2.255	2.0	7
1808	2.196	2.255	2.353	2.078	7
1809	1.98	1.961	2.157	2.078	7
1810	1.784	1.804	2.137	2.02	7
1811	1.961	1.863	2.137	1.98	7
1812	2.059	1.882	2.157	1.98	7
1813	2.039	1.843	2.157	2.02	7
1814	1.941	1.902	2.196	2.039	7
1815	2.039	1.941	2.157	2.02	7
1816	1.961	1.882	2.118	2.02	7
1817	1.98	1.941	2.118	2.0	7
1818	2.098	2.02	2.078	1.961	7
1819	1.922	1.941	1.961	1.941	7
1820	1.765	1.843	1.941	1.961	7
1821	1.922	1.941	2.039	1.98	7
1822	2.0	1.941	2.059	1.961	7
1823	1.922	1.784	1.941	1.941	7
1824	1.882	1.745	1.922	1.922	7
1825	2.02	2.0	2.118	2.02	7
1826	2.039	1.824	1.961	1.98	7
1827	1.98	1.569	1.843	1.843	7
1828	2.02	1.706	1.941	1.784	7
1829	1.922	1.706	1.961	1.843	7
1830	1.784	1.667	2.0	1.98	7
1831	1.725	1.863	2.059	2.098	7
1832	1.824	1.863	1.961	2.059	7
1833	1.922	1.725	1.824	1.902	7
1834	1.824	1.784	1.882	1.765	7
1835	1.961	1.941	1.98	1.725	7
1836	1.961	2.039	2.02	1.843	7
1837	2.078	1.922	2.0	1.961	7
1838	1.961	1.922	2.039	2.039	7
1839	1.902	1.922	1.98	1.98	7
1840	1.98	1.863	1.941	1.882	7
1841	1.843	1.784	1.922	1.804	7
1842	2.02	1.941	2.039	1.882	7
1843	2.157	1.824	1.98	1.922	7
1844	2.059	1.588	1.824	1.863	7
1845	2.176	1.667	1.902	1.784	7
1846	2.176	1.804	2.078	1.824	7
1847	2.137	1.784	2.157	1.922	7
1848	2.098	1.843	2.039	1.98	7
1849	1.98	1.745	1.902	1.961	7
1850	1.961	1.745	1.863	1.843	7
1851	2.039	1.824	2.0	1.745	7
1852	2.314	2.039	2.098	1.745	7
1853	2.216	2.059	2.098	1.843	7
1854	1.882	1.98	2.02	2.0	7
1855	1.745	1.902	1.941	2.078	7
1856	1.882	1.922	2.0	2.039	7
1857	1.902	1.902	2.0	1.961	7
1858	1.863	1.941	2.078	1.902	7
1859	2.157	2.196	2.294	1.961	7
1860	2.137	1.941	2.176	1.98	7
1861	1.843	1.745	2.0	1.961	7
1862	1.765	1.725	1.941	1.902	7
1863	1.725	1.784	2.02	1.922	7
1864	1.863	1.804	2.059	1.961	7
1865	2.098	1.882	2.118	2.02	7
1866	2.196	1.941	2.157	2.039	7
1867	1.902	1.863	2.098	2.0	7
1868	1.647	1.804	1.941	1.941	7
1869	1.745	1.902	1.961	1.922	7
1870	1.863	1.882	1.902	1.902	7
1871	1.824	1.863	1.922	1.922	7
1872	1.961	1.922	2.02	1.961	7
1873	2.078	1.98	2.039	1.98	7
1874	1.961	1.804	1.98	1.961	7
1875	1.961	1.745	1.98	1.922	7
1876	2.235	1.961	2.078	1.902	7
1877	2.137	1.686	1.824	1.804	7
1878	1.745	1.471	1.765	1.765	7
1879	1.882	1.647	1.902	1.863	7
1880	2.078	1.804	2.118	1.961	7
1881	2.196	1.882	2.078	1.961	7
1882	2.039	1.765	1.961	1.922	7
1883	1.961	1.843	2.02	1.941	7
1884	1.902	1.961	2.157	2.039	7
1885	2.02	2.059	2.157	2.098	7
1886	2.039	1.98	2.059	2.039	7
1887	1.941	1.98	2.059	1.922	7
1888	1.922	2.059	2.098	1.922	7
1889	1.922	2.059	2.118	2.0	7
1890	1.98	2.118	2.176	2.039	7
1891	1.98	2.118	2.176	2.137	7
1892	1.745	1.725	2.059	2.0	7
1893	1.941	1.804	2.176	1.98	7
1894	2.157	1.902	2.176	2.0	7
1895	2.176	1.882	2.137	2.039	7
1896	2.039	1.961	2.255	2.039	7
1897	1.941	1.843	2.137	2.0	7
1898	1.824	1.863	2.176	2.0	7
1899	1.98	1.98	2.137	2.02	7
1900	1.98	2.02	2.039	2.039	7
1901	1.843	1.961	1.941	2.039	7
1902	1.824	1.902	1.863	2.0	7
1903	1.922	1.98	2.078	1.98	7
1904	2.059	2.059	2.098	2.039	7
1905	1.882	1.882	2.02	2.039	7
1906	1.706	1.863	2.0	2.039	7
1907	2.02	2.098	2.176	2.0	7
1908	2.392	2.0	2.078	1.941	7
1909	1.922	1.569	1.941	1.804	7
1910	1.882	1.686	1.98	1.804	7
1911	1.882	1.784	1.863	1.902	7
1912	1.922	1.745	1.843	1.941	7
1913	1.902	1.725	1.863	1.922	7
1914	1.961	1.804	1.98	1.843	7
1915	2.039	1.941	2.098	1.863	7
1916	2.118	1.961	2.039	1.922	7
1917	2.0	1.882	1.941	1.961	7
1918	1.98	1.902	1.961	1.941	7
1919	2.059	1.98	1.961	1.843	7
1920	1.922	1.824	1.902	1.765	7
1921	1.941	1.902	2.0	1.784	7
1922	2.098	2.0	2.118	1.922	7
1923	2.02	1.941	2.098	2.02	7
1924	1.98	2.039	2.176	2.039	7
1925	2.118	1.961	2.118	1.98	7
1926	1.863	1.51	1.863	1.804	7
1927	1.922	1.569	1.961	1.745	7
1928	2.0	1.843	2.059	1.882	7
1929	2.059	1.882	2.118	2.039	7
1930	2.02	1.804	2.176	2.118	7
1931	2.0	1.882	2.216	2.078	7
1932	1.902	1.941	2.157	1.98	7
1933	1.824	1.902	2.059	1.941	7
1934	1.745	1.98	2.0	1.922	7
1935	1.667	2.039	2.098	1.961	7
1936	1.882	2.039	2.098	1.98	7
1937	2.255	2.078	2.118	1.961	7
1938	2.157	2.118	2.118	1.961	7
1939	1.902	2.02	2.098	2.059	7
1940	1.765	1.843	2.0	2.059	7
1941	1.784	2.02	2.098	2.059	7
1942	1.98	2.118	2.118	1.98	7
1943	1.824	1.725	2.0	1.902	7
1944	1.98	1.706	2.02	1.863	7
1945	2.098	1.824	2.02	1.961	7
1946	1.98	1.784	1.941	2.02	7
1947	1.882	1.745	2.02	2.0	7
1948	2.078	1.902	2.118	1.922	7
1949	2.176	2.0	2.078	1.941	7
1950	2.039	1.882	1.804	1.941	7
1951	1.961	1.902	1.882	1.941	7
1952	1.843	1.863	2.059	1.941	7
1953	1.902	1.902	2.059	1.922	7
1954	2.176	2.0	2.078	1.902	7
1955	2.235	2.02	2.0	1.902	7
1956	1.98	1.843	1.98	1.902	7
1957	1.922	1.765	1.922	1.941	7
1958	1.98	1.941	2.098	2.0	7
1959	2.216	2.039	2.02	1.961	7
1960	1.941	1.647	1.922	1.863	7
1961	1.98	1.725	2.137	1.863	7
1962	2.02	1.745	2.098	1.941	7
1963	2.02	1.745	2.098	2.0	7
1964	2.059	1.745	2.059	2.0	7
1965	2.0	1.745	1.961	1.863	7
1966	1.902	1.745	1.882	1.765	7
1967	1.804	1.882	1.98	1.824	7
1968	1.824	1.961	2.02	1.98	7
1969	1.863	2.02	2.098	2.118	7
1970	2.039	2.0	2.078	2.098	7
1971	1.961	1.922	2.118	1.961	7
1972	1.647	1.804	1.922	1.863	7
1973	1.784	1.961	1.922	1.882	7
1974	1.922	1.941	1.804	1.941	7
1975	1.863	1.902	1.961	2.0	7
1976	2.137	2.0	2.196	2.02	7
1977	1.784	1.608	2.02	1.922	7
1978	1.922	1.706	2.059	1.863	7
1979	2.098	1.804	2.02	1.824	7
1980	1.843	1.706	2.02	1.902	7
1981	1.863	1.745	1.961	2.039	7
1982	2.02	1.824	1.882	2.02	7
1983	2.0	1.882	2.02	1.902	7
1984	2.059	1.941	2.098	1.824	7
1985	1.98	1.961	2.039	1.804	7
1986	1.941	2.098	2.196	1.922	7
1987	2.0	2.157	2.176	2.157	7
1988	1.922	2.059	2.157	2.294	7
1989	1.902	2.059	2.137	2.255	7
1990	2.118	2.039	2.196	2.098	7
1991	2.157	1.961	2.216	1.922	7
1992	2.02	2.098	2.353	1.882	7
1993	2.157	2.137	2.373	1.98	7
1994	1.902	1.765	2.078	2.0	7
1995	1.824	1.765	2.059	2.02	7
1996	1.863	1.804	2.137	2.059	7
1997	2.0	1.882	2.216	2.098	7
1998	2.0	1.824	2.176	2.078	7
1999	1.98	1.922	2.235	2.039	7
