time	channel1	channel2	channel3	channel4	class
0	1.961	1.275	3.098	1.882	7
1	2.196	1.255	2.941	1.451	7
2	1.824	0.745	2.765	1.255	7
3	1.882	0.941	2.98	1.549	7
4	1.98	1.078	3.039	1.98	7
5	1.902	1.098	3.078	2.196	7
6	2.0	1.275	3.196	2.078	7
7	2.078	1.333	3.02	1.843	7
8	2.02	1.314	2.843	1.745	7
9	1.98	1.353	2.843	1.922	7
10	1.843	1.431	2.804	2.216	7
11	1.843	1.51	2.863	2.235	7
12	1.922	1.353	2.725	1.98	7
13	1.902	1.314	2.667	1.863	7
14	1.98	1.627	2.804	2.039	7
15	2.176	1.686	2.784	2.235	7
16	2.216	1.451	2.588	2.255	7
17	2.157	1.412	2.627	2.118	7
18	2.294	1.569	2.51	2.02	7
19	1.824	1.0	1.941	2.0	7
20	1.804	0.941	1.941	2.02	7
21	2.039	1.098	2.118	2.059	7
22	2.137	1.039	2.02	2.059	7
23	2.078	1.059	1.922	1.922	7
24	2.196	1.137	1.784	1.725	7
25	2.157	1.039	1.647	1.647	7
26	1.98	1.137	1.686	1.784	7
27	1.882	1.255	1.745	2.039	7
28	1.941	1.294	1.647	2.059	7
29	2.059	1.275	1.529	1.784	7
30	2.078	1.255	1.549	1.451	7
31	1.98	1.314	1.686	1.275	7
32	1.902	1.373	1.471	1.373	7
33	1.824	1.353	1.157	1.608	7
34	1.824	1.51	1.706	1.784	7
35	2.216	1.745	2.353	1.784	7
36	1.961	1.431	1.941	1.667	7
37	1.784	1.647	1.922	1.686	7
38	1.784	1.784	1.824	1.745	7
39	1.745	1.784	1.902	1.765	7
40	1.882	1.784	2.02	1.686	7
41	1.902	1.941	2.0	1.686	7
42	1.745	1.922	1.922	1.745	7
43	1.784	2.059	2.353	1.922	7
44	1.784	2.118	2.627	2.02	7
45	1.784	2.176	2.549	2.02	7
46	1.765	2.176	2.275	1.961	7
47	1.725	2.098	2.176	1.824	7
48	1.686	2.078	2.392	1.784	7
49	1.706	2.0	2.451	1.961	7
50	1.627	2.059	2.451	2.373	7
51	1.706	2.039	2.529	2.529	7
52	2.039	2.255	2.765	2.333	7
53	1.686	1.843	2.49	1.922	7
54	1.647	1.706	2.49	1.667	7
55	1.824	1.784	2.608	1.843	7
56	1.941	1.843	2.627	2.176	7
57	1.98	1.804	2.569	2.255	7
58	1.922	1.902	2.588	2.216	7
59	1.765	1.922	2.608	2.059	7
60	1.882	1.98	2.647	1.941	7
61	1.98	2.039	2.627	1.961	7
62	1.98	2.02	2.529	2.059	7
63	1.961	2.078	2.471	2.137	7
64	1.941	1.922	2.333	2.118	7
65	2.02	1.882	2.333	2.059	7
66	2.294	2.118	2.451	1.941	7
67	2.353	1.922	2.373	1.784	7
68	2.314	1.98	2.569	2.0	7
69	2.569	2.235	2.608	2.235	7
70	2.294	1.725	2.059	2.039	7
71	2.235	1.608	2.0	1.647	7
72	2.373	1.706	2.039	1.451	7
73	2.412	1.804	2.157	1.529	7
74	2.451	1.804	2.157	1.706	7
75	2.49	1.882	2.176	1.961	7
76	2.529	1.961	2.216	2.098	7
77	2.49	1.843	2.039	2.02	7
78	2.412	1.824	1.824	1.784	7
79	2.373	1.765	1.647	1.608	7
80	2.294	1.725	1.686	1.51	7
81	2.373	1.784	1.784	1.627	7
82	2.373	1.804	1.725	1.745	7
83	2.333	1.725	1.686	1.843	7
84	2.216	1.608	1.588	1.804	7
85	2.098	1.569	1.529	1.667	7
86	2.353	1.863	1.588	1.51	7
87	2.039	1.373	1.137	1.314	7
88	1.804	1.216	1.235	1.275	7
89	1.941	1.51	1.647	1.569	7
90	2.098	1.686	1.529	1.922	7
91	1.902	1.627	1.078	2.02	7
92	1.902	1.765	1.098	1.882	7
93	1.882	1.863	1.51	1.627	7
94	1.902	1.902	1.608	1.333	7
95	1.824	1.922	1.51	1.275	7
96	1.667	1.902	1.431	1.451	7
97	1.549	1.98	1.569	1.784	7
98	1.627	2.078	1.627	2.098	7
99	1.686	2.255	1.412	2.216	7
100	1.725	2.314	1.49	2.196	7
101	1.667	2.275	1.882	2.137	7
102	1.745	2.314	2.216	2.176	7
103	1.961	2.431	2.255	2.255	7
104	1.667	1.98	1.961	2.157	7
105	1.627	2.059	2.039	1.941	7
106	1.784	2.137	2.02	1.961	7
107	1.804	2.176	2.275	2.451	7
108	1.863	2.412	2.549	3.098	7
109	1.941	2.451	2.569	3.294	7
110	1.824	2.275	2.49	2.941	7
111	1.824	2.333	2.529	2.471	7
112	1.765	2.314	2.431	2.216	7
113	1.745	2.275	2.314	2.216	7
114	1.784	2.353	2.353	2.451	7
115	1.843	2.392	2.471	2.824	7
116	1.882	2.314	2.49	3.02	7
117	1.922	2.235	2.451	2.863	7
118	1.824	2.0	2.235	2.529	7
119	1.824	1.902	2.275	2.333	7
120	2.216	2.255	2.471	2.49	7
121	2.0	1.863	2.137	2.51	7
122	1.882	1.725	2.098	2.373	7
123	1.902	1.843	2.196	2.216	7
124	2.059	1.941	2.294	2.216	7
125	2.157	1.882	2.196	2.333	7
126	1.98	1.824	2.02	2.373	7
127	1.902	1.784	1.863	2.255	7
128	1.922	1.902	1.98	2.118	7
129	1.961	2.039	2.078	1.98	7
130	1.941	1.941	1.824	1.941	7
131	1.863	1.902	1.627	2.0	7
132	2.0	1.961	1.843	2.118	7
133	2.02	2.0	2.059	2.176	7
134	2.02	1.961	1.941	2.098	7
135	1.941	1.843	1.725	1.863	7
136	2.0	1.824	1.608	1.686	7
137	2.275	2.059	1.725	1.647	7
138	1.961	1.608	1.569	1.725	7
139	1.745	1.412	1.51	1.824	7
140	2.02	1.588	1.431	1.824	7
141	2.078	1.588	1.373	1.765	7
142	2.0	1.588	1.706	1.706	7
143	2.02	1.647	1.706	1.667	7
144	1.98	1.647	1.431	1.667	7
145	2.078	1.765	1.314	1.686	7
146	1.941	1.882	1.569	1.667	7
147	1.922	1.882	1.804	1.647	7
148	1.961	2.039	1.843	1.725	7
149	1.882	1.98	1.745	1.882	7
150	1.863	2.0	1.765	1.98	7
151	2.02	2.098	1.863	1.922	7
152	2.0	1.961	1.863	1.706	7
153	1.902	1.941	1.961	1.627	7
154	2.098	2.137	2.098	1.667	7
155	1.863	1.882	1.961	1.784	7
156	1.765	1.902	2.137	1.902	7
157	1.902	2.078	2.294	1.902	7
158	1.961	2.059	2.255	1.765	7
159	1.98	1.98	2.216	1.588	7
160	2.02	1.941	2.216	1.647	7
161	1.98	1.902	2.255	1.98	7
162	1.922	1.902	2.255	2.255	7
163	1.863	1.961	2.255	2.137	7
164	1.961	1.941	2.098	1.706	7
165	2.0	1.922	2.02	1.392	7
166	1.863	1.824	2.078	1.431	7
167	1.863	1.863	2.235	1.784	7
168	2.0	1.824	2.235	2.118	7
169	1.941	1.667	2.137	2.255	7
170	1.961	1.667	2.176	2.118	7
171	2.235	1.922	2.255	1.804	7
172	2.02	1.549	1.961	1.451	7
173	1.784	1.353	1.922	1.431	7
174	2.0	1.569	2.118	1.706	7
175	2.078	1.667	2.216	2.02	7
176	2.039	1.647	2.294	2.078	7
177	2.0	1.569	2.118	1.882	7
178	2.0	1.647	2.137	1.745	7
179	1.941	1.922	2.235	1.784	7
180	1.843	1.941	2.157	1.922	7
181	1.863	1.882	2.059	1.961	7
182	1.882	1.961	2.039	1.941	7
183	1.863	2.0	2.078	1.961	7
184	1.882	2.02	2.118	1.98	7
185	1.961	2.078	2.196	2.0	7
186	2.059	2.078	2.255	1.961	7
187	2.176	2.137	2.353	1.922	7
188	2.373	2.471	2.471	1.98	7
189	2.118	1.961	1.961	1.902	7
190	1.765	1.647	1.667	1.882	7
191	1.882	1.882	1.804	1.961	7
192	2.078	2.039	2.02	2.02	7
193	2.059	1.922	2.039	2.078	7
194	2.098	2.0	2.039	2.039	7
195	2.098	1.941	2.039	1.863	7
196	2.216	2.078	1.824	1.843	7
197	2.196	2.118	1.373	1.902	7
198	2.059	1.922	1.373	1.863	7
199	1.902	1.863	1.725	1.765	7
200	2.078	1.922	1.706	1.667	7
201	2.137	1.902	1.588	1.588	7
202	2.137	1.882	1.765	1.667	7
203	2.02	1.922	1.863	2.02	7
204	1.98	1.922	1.804	2.314	7
205	2.294	2.137	1.922	2.275	7
206	2.157	1.922	1.765	1.98	7
207	1.961	1.843	1.941	1.725	7
208	2.098	1.882	2.0	1.627	7
209	2.098	1.745	2.02	1.667	7
210	2.078	1.863	2.02	1.902	7
211	2.078	2.118	1.961	2.078	7
212	2.02	2.157	2.039	2.059	7
213	1.922	2.176	2.373	2.0	7
214	1.961	2.196	2.51	2.059	7
215	1.961	2.235	2.471	2.294	7
216	1.98	2.373	2.49	2.49	7
217	1.98	2.333	2.49	2.431	7
218	1.941	2.176	2.314	2.176	7
219	1.961	2.196	2.275	1.961	7
220	1.882	2.137	2.275	1.98	7
221	1.784	2.098	2.431	2.157	7
222	2.059	2.412	2.647	2.412	7
223	1.902	2.02	2.294	2.471	7
224	1.686	1.824	2.275	2.373	7
225	1.902	1.98	2.412	2.275	7
226	2.0	1.98	2.353	2.216	7
227	1.863	1.843	2.275	2.157	7
228	1.784	1.922	2.294	2.118	7
229	1.725	1.882	2.216	2.059	7
230	1.745	1.941	2.275	2.098	7
231	1.745	1.98	2.255	2.216	7
232	1.667	1.882	2.157	2.314	7
233	1.667	1.843	2.078	2.255	7
234	1.647	1.843	2.02	2.039	7
235	1.647	1.843	1.961	1.902	7
236	1.725	1.882	2.02	1.902	7
237	1.765	1.882	2.098	2.02	7
238	1.824	1.804	2.039	2.098	7
239	2.0	1.961	2.157	2.118	7
240	1.843	1.667	1.784	1.922	7
241	1.627	1.451	1.686	1.686	7
242	1.765	1.667	1.843	1.686	7
243	1.941	1.804	1.902	1.882	7
244	1.98	1.745	1.843	2.02	7
245	1.98	1.765	1.745	1.902	7
246	1.941	1.725	1.627	1.667	7
247	1.902	1.824	1.765	1.686	7
248	1.941	1.902	1.843	1.765	7
249	1.98	1.745	1.706	1.745	7
250	2.02	1.765	1.647	1.667	7
251	2.059	1.765	1.569	1.549	7
252	2.02	1.765	1.667	1.373	7
253	2.059	1.804	1.706	1.235	7
254	2.059	1.784	1.353	1.275	7
255	2.059	1.843	1.235	1.608	7
256	2.451	2.176	1.922	2.02	7
257	2.216	1.667	1.784	1.922	7
258	1.863	1.333	1.569	1.569	7
259	2.02	1.647	1.765	1.373	7
260	2.137	1.961	2.0	1.412	7
261	2.157	2.02	1.922	1.647	7
262	2.157	2.098	1.863	1.863	7
263	2.098	2.02	1.922	1.98	7
264	2.118	2.0	1.961	1.961	7
265	2.098	2.02	2.0	1.843	7
266	2.02	2.039	2.098	1.745	7
267	1.941	2.137	2.176	1.745	7
268	1.922	2.118	2.078	1.922	7
269	2.0	2.275	2.0	2.216	7
270	2.216	2.333	2.118	2.373	7
271	2.118	2.157	2.471	2.196	7
272	2.059	2.098	2.647	1.941	7
273	2.255	2.176	2.588	1.804	7
274	2.039	1.706	1.98	1.725	7
275	1.765	1.569	1.902	1.843	7
276	1.902	1.745	2.02	2.02	7
277	2.02	1.941	2.157	2.078	7
278	2.098	1.98	2.255	2.078	7
279	2.157	1.882	2.353	2.02	7
280	2.059	1.784	2.431	1.941	7
281	1.98	1.824	2.294	1.882	7
282	2.0	1.882	2.02	1.922	7
283	1.961	1.843	1.824	1.961	7
284	1.784	1.824	2.0	2.02	7
285	1.784	1.863	2.176	2.118	7
286	1.863	1.98	2.294	2.235	7
287	2.0	1.961	2.275	2.275	7
288	2.0	1.902	2.294	2.216	7
289	2.0	1.784	2.216	2.039	7
290	2.216	1.961	2.373	2.02	7
291	2.02	1.824	2.294	2.098	7
292	1.706	1.686	2.137	2.235	7
293	1.843	1.824	2.216	2.275	7
294	2.02	1.843	2.373	2.196	7
295	1.961	1.706	2.373	2.137	7
296	1.902	1.843	2.235	2.118	7
297	1.922	1.882	2.176	2.137	7
298	1.98	2.0	2.529	2.157	7
299	2.0	1.961	2.431	2.059	7
300	1.902	1.941	2.431	2.078	7
301	1.882	2.078	2.431	2.235	7
302	1.902	2.078	2.314	2.314	7
303	1.882	2.118	2.294	2.333	7
304	2.0	2.118	2.333	2.235	7
305	2.02	1.98	2.294	2.196	7
306	2.02	1.902	2.275	2.176	7
307	2.235	2.176	2.451	2.235	7
308	2.098	1.961	2.294	2.216	7
309	1.882	1.725	2.176	2.059	7
310	2.137	1.843	2.176	1.902	7
311	2.255	1.941	2.196	1.804	7
312	2.216	1.804	2.176	1.922	7
313	2.118	1.765	2.137	2.118	7
314	2.137	1.824	2.216	2.314	7
315	2.176	1.882	2.157	2.275	7
316	2.137	1.902	2.02	2.0	7
317	2.098	1.804	1.863	1.706	7
318	2.059	1.745	1.784	1.529	7
319	2.098	1.765	1.765	1.529	7
320	2.118	1.843	1.843	1.608	7
321	2.157	1.843	1.863	1.804	7
322	2.098	1.804	1.863	2.0	7
323	2.0	1.804	1.902	2.039	7
324	2.216	2.039	2.02	2.039	7
325	2.098	1.667	1.784	1.902	7
326	1.804	1.451	1.569	1.765	7
327	2.0	1.686	1.451	1.647	7
328	2.137	1.784	1.902	1.569	7
329	2.176	1.765	2.294	1.529	7
330	2.059	1.667	1.922	1.588	7
331	1.902	1.529	0.843	1.608	7
332	1.784	1.608	0.275	1.706	7
333	1.941	1.804	1.059	1.706	7
334	1.882	1.745	1.98	1.627	7
335	1.824	1.549	1.98	1.627	7
336	1.843	1.412	1.49	1.667	7
337	1.863	1.353	1.196	1.706	7
338	2.02	1.451	1.176	1.569	7
339	1.941	1.412	1.078	1.294	7
340	1.863	1.529	1.137	1.176	7
341	1.98	1.804	1.392	1.373	7
342	1.941	1.627	1.49	1.706	7
343	1.667	1.333	1.706	1.98	7
344	1.882	1.608	2.118	2.196	7
345	1.922	1.843	2.196	2.255	7
346	1.824	1.882	2.235	2.216	7
347	1.843	2.098	2.353	2.216	7
348	1.804	2.275	2.549	2.275	7
349	1.765	2.392	2.627	2.373	7
350	1.784	2.471	2.608	2.431	7
351	1.765	2.51	2.686	2.529	7
352	1.706	2.608	2.902	2.627	7
353	1.706	2.725	2.98	2.667	7
354	1.843	2.804	3.118	2.706	7
355	1.902	2.686	3.137	2.725	7
356	1.784	2.569	3.098	2.902	7
357	1.804	2.569	2.902	3.078	7
358	2.02	2.627	2.961	2.98	7
359	1.961	2.314	2.804	2.588	7
360	1.745	2.059	2.608	2.196	7
361	1.922	2.039	2.588	2.02	7
362	2.02	1.98	2.51	2.137	7
363	1.98	1.922	2.373	2.314	7
364	1.922	1.843	2.314	2.412	7
365	2.0	1.843	2.196	2.353	7
366	1.98	1.765	2.039	2.157	7
367	1.941	1.706	1.941	2.02	7
368	1.902	1.686	1.882	1.882	7
369	1.863	1.627	1.843	1.843	7
370	1.941	1.627	1.765	1.882	7
371	1.961	1.608	1.647	1.882	7
372	2.078	1.588	1.627	1.804	7
373	2.059	1.569	1.667	1.725	7
374	2.0	1.549	1.725	1.745	7
375	2.235	1.843	1.98	1.922	7
376	2.275	1.529	1.667	1.941	7
377	1.922	1.137	1.412	1.725	7
378	2.039	1.373	1.647	1.549	7
379	2.255	1.647	1.725	1.49	7
380	2.216	1.549	1.588	1.431	7
381	2.157	1.529	1.608	1.471	7
382	2.157	1.627	1.667	1.569	7
383	2.137	1.784	1.784	1.765	7
384	2.235	1.902	1.863	1.882	7
385	2.176	1.745	1.725	1.725	7
386	2.059	1.608	1.392	1.431	7
387	2.098	1.588	1.216	1.314	7
388	2.137	1.706	1.608	1.471	7
389	2.196	1.745	1.961	1.588	7
390	2.118	1.549	1.706	1.627	7
391	2.059	1.588	1.51	1.569	7
392	2.255	1.863	1.608	1.49	7
393	2.235	1.667	1.373	1.333	7
394	1.902	1.392	1.314	1.216	7
395	1.941	1.529	1.608	1.373	7
396	1.941	1.627	1.725	1.706	7
397	1.882	1.647	1.784	1.961	7
398	1.863	1.745	1.824	1.941	7
399	1.882	1.784	1.824	1.804	7
400	1.784	1.941	2.039	1.882	7
401	1.725	2.078	2.098	2.039	7
402	1.725	2.216	2.078	2.078	7
403	1.843	2.333	2.118	2.039	7
404	1.784	2.255	2.157	2.02	7
405	1.686	2.373	2.255	2.098	7
406	1.608	2.392	2.392	2.314	7
407	1.608	2.333	2.471	2.471	7
408	1.647	2.294	2.51	2.549	7
409	1.961	2.569	2.706	2.569	7
410	1.922	2.373	2.569	2.451	7
411	1.549	2.02	2.412	2.294	7
412	1.706	2.078	2.353	2.255	7
413	1.745	2.0	2.49	2.196	7
414	1.824	1.922	2.667	2.098	7
415	1.863	2.078	2.451	2.078	7
416	1.961	2.098	2.353	2.137	7
417	2.02	1.961	2.353	2.176	7
418	1.902	1.745	2.176	2.196	7
419	1.902	1.765	1.922	2.137	7
420	1.843	1.843	1.843	2.02	7
421	1.941	1.882	2.176	1.941	7
422	1.902	1.765	2.176	1.863	7
423	1.941	1.627	2.059	1.824	7
424	1.961	1.431	1.745	1.784	7
425	2.0	1.412	1.255	1.745	7
426	2.235	1.765	1.49	1.804	7
427	2.294	1.627	2.0	1.863	7
428	1.843	1.275	2.02	1.784	7
429	1.98	1.333	1.863	1.686	7
430	2.098	1.51	1.725	1.627	7
431	2.216	1.608	1.706	1.588	7
432	2.098	1.647	1.824	1.706	7
433	1.961	1.627	1.941	1.843	7
434	1.882	1.706	1.98	1.941	7
435	2.0	1.902	2.0	1.98	7
436	2.0	1.902	1.941	1.922	7
437	1.863	1.98	2.196	1.922	7
438	1.961	2.157	2.412	1.961	7
439	1.941	2.275	2.431	2.0	7
440	2.0	2.314	2.451	2.0	7
441	2.02	2.255	2.49	2.02	7
442	1.961	2.255	2.529	2.118	7
443	2.118	2.431	2.647	2.235	7
444	2.118	2.196	2.471	2.294	7
445	1.784	1.941	2.392	2.235	7
446	1.922	2.059	2.49	2.176	7
447	2.059	2.059	2.471	2.137	7
448	1.98	1.961	2.294	2.137	7
449	1.98	1.961	2.373	2.137	7
450	2.059	1.961	2.373	2.176	7
451	2.078	2.02	2.412	2.176	7
452	2.02	2.02	2.314	2.098	7
453	1.922	1.961	2.137	1.98	7
454	1.824	1.941	2.078	1.922	7
455	1.902	1.863	2.02	2.0	7
456	1.922	1.804	1.961	2.078	7
457	2.059	1.882	2.098	2.118	7
458	2.078	1.882	2.216	2.137	7
459	2.039	1.961	2.196	2.176	7
460	2.137	2.196	2.176	2.255	7
461	2.098	1.961	2.0	2.157	7
462	1.745	1.667	1.922	1.941	7
463	1.922	1.902	2.157	1.863	7
464	2.039	2.039	2.255	1.902	7
465	2.098	1.941	2.176	1.941	7
466	2.039	1.902	2.176	2.0	7
467	2.137	2.0	2.118	2.137	7
468	2.137	1.98	2.118	2.275	7
469	1.961	2.02	2.137	2.216	7
470	2.02	2.098	2.078	2.039	7
471	1.98	1.941	1.941	1.882	7
472	1.98	1.882	1.824	1.843	7
473	1.941	1.863	1.961	1.843	7
474	1.961	1.902	1.98	1.804	7
475	2.0	1.824	1.804	1.706	7
476	2.059	1.706	1.706	1.863	7
477	2.196	2.0	2.059	2.157	7
478	2.373	1.961	1.98	2.216	7
479	2.0	1.569	1.686	1.902	7
480	2.0	1.627	1.706	1.667	7
481	2.0	1.647	1.745	1.529	7
482	1.941	1.608	1.804	1.49	7
483	1.902	1.608	1.686	1.569	7
484	1.961	1.667	1.627	1.725	7
485	1.98	1.706	1.706	1.902	7
486	2.0	1.882	1.902	1.941	7
487	1.863	1.863	1.98	1.843	7
488	1.686	1.824	2.059	1.725	7
489	1.882	1.941	1.98	1.686	7
490	1.843	1.902	1.804	1.725	7
491	1.745	1.863	1.745	1.569	7
492	1.706	1.843	1.804	1.451	7
493	1.667	1.824	2.059	1.51	7
494	1.882	2.137	2.412	2.02	7
495	2.137	2.02	1.902	2.49	7
496	1.725	1.569	1.412	2.412	7
497	1.686	1.647	1.706	1.922	7
498	1.745	1.608	1.686	1.51	7
499	1.725	1.667	2.039	1.431	7
500	1.824	1.863	2.137	1.588	7
501	1.824	1.784	1.843	1.882	7
502	1.725	1.647	1.451	2.176	7
503	1.765	1.725	1.451	2.373	7
504	1.941	1.902	1.686	2.314	7
505	1.725	1.863	1.784	2.078	7
506	1.804	1.843	1.725	1.824	7
507	1.882	1.902	1.745	1.725	7
508	1.961	1.922	1.765	1.824	7
509	1.941	1.902	1.882	2.0	7
510	1.922	1.961	1.961	2.235	7
511	2.098	2.255	2.196	2.294	7
512	2.137	2.157	2.176	2.176	7
513	1.765	1.902	2.157	2.078	7
514	1.922	2.078	2.431	2.098	7
515	2.02	2.216	2.549	2.118	7
516	1.961	2.196	2.471	2.039	7
517	1.902	2.176	2.451	2.02	7
518	1.961	2.137	2.51	2.235	7
519	2.0	2.255	2.667	2.529	7
520	2.059	2.392	2.647	2.569	7
521	2.078	2.412	2.608	2.392	7
522	1.941	2.255	2.588	2.196	7
523	1.961	2.235	2.608	2.098	7
524	1.98	2.196	2.431	2.137	7
525	1.961	2.059	2.255	2.196	7
526	1.961	1.902	2.275	2.216	7
527	2.0	1.804	2.118	2.196	7
528	2.137	1.961	2.078	2.137	7
529	2.314	1.882	1.627	2.039	7
530	1.941	1.471	1.686	1.863	7
531	2.098	1.51	2.137	1.765	7
532	2.314	1.569	2.039	1.627	7
533	2.275	1.412	1.686	1.569	7
534	2.176	1.333	1.431	1.647	7
535	2.137	1.392	1.431	1.745	7
536	2.176	1.51	1.451	1.745	7
537	2.196	1.686	1.451	1.686	7
538	2.157	1.784	1.549	1.627	7
539	2.137	1.765	1.804	1.725	7
540	2.137	1.667	1.824	1.863	7
541	2.137	1.765	1.941	2.02	7
542	2.275	2.039	2.118	2.02	7
543	2.176	1.98	2.02	1.902	7
544	2.098	2.02	1.922	1.804	7
545	2.235	2.314	2.255	1.882	7
546	2.275	2.255	2.333	2.059	7
547	1.882	1.863	2.216	2.118	7
548	2.059	2.137	2.49	2.196	7
549	2.216	2.235	2.431	2.216	7
550	2.137	2.216	2.216	2.196	7
551	2.078	2.196	2.412	2.078	7
552	2.078	2.196	2.549	1.98	7
553	1.961	2.216	2.549	1.961	7
554	1.902	2.196	2.49	2.059	7
555	1.961	2.255	2.412	2.137	7
556	1.941	2.137	2.255	2.137	7
557	1.843	2.039	2.176	2.02	7
558	1.882	2.059	2.255	1.824	7
559	2.02	2.059	2.216	1.627	7
560	1.961	1.824	2.098	1.608	7
561	1.882	1.725	2.039	1.765	7
562	1.922	2.0	2.333	2.098	7
563	2.039	1.98	2.333	2.078	7
564	1.647	1.549	1.98	1.667	7
565	1.686	1.549	2.039	1.294	7
566	1.98	1.706	2.137	1.275	7
567	2.098	1.843	2.176	1.627	7
568	1.863	1.765	2.176	1.98	7
569	1.725	1.647	2.216	2.039	7
570	1.843	1.784	2.353	1.882	7
571	1.902	1.863	2.235	1.706	7
572	1.784	1.765	1.863	1.549	7
573	1.784	1.804	1.902	1.49	7
574	1.804	1.804	1.941	1.471	7
575	1.745	1.627	1.902	1.471	7
576	1.824	1.745	2.098	1.647	7
577	1.824	1.686	2.059	1.804	7
578	1.824	1.588	1.961	1.804	7
579	1.922	1.824	2.039	1.667	7
580	2.059	1.765	1.824	1.608	7
581	1.686	1.392	1.549	1.647	7
582	1.902	1.549	1.725	1.725	7
583	2.039	1.686	1.843	1.784	7
584	1.941	1.549	1.667	1.784	7
585	1.824	1.569	1.667	1.725	7
586	1.863	1.608	1.706	1.667	7
587	1.961	1.745	1.784	1.647	7
588	1.98	1.941	1.824	1.784	7
589	1.961	2.039	1.882	2.039	7
590	1.882	1.98	2.0	2.314	7
591	1.843	2.039	1.784	2.412	7
592	1.902	2.02	1.451	2.235	7
593	1.961	2.078	1.588	1.922	7
594	1.922	2.059	1.882	1.843	7
595	1.922	2.0	1.98	1.98	7
596	1.98	2.176	2.176	2.255	7
597	2.176	2.118	1.863	2.373	7
598	1.725	1.627	1.275	2.255	7
599	1.765	1.706	1.549	2.157	7
600	1.941	1.902	2.0	2.118	7
601	1.902	1.902	2.098	2.176	7
602	1.824	1.902	1.863	2.294	7
603	1.98	1.902	1.549	2.353	7
604	2.098	1.863	1.627	2.333	7
605	1.863	1.784	2.039	2.196	7
606	1.863	2.039	2.353	2.039	7
607	1.765	1.961	2.078	2.098	7
608	1.784	1.941	1.882	2.275	7
609	1.863	1.961	2.02	2.392	7
610	1.902	2.078	2.137	2.431	7
611	1.922	2.118	2.275	2.373	7
612	1.922	2.078	2.353	2.255	7
613	2.059	2.294	2.667	2.275	7
614	2.235	2.275	2.725	2.373	7
615	1.843	1.843	2.549	2.373	7
616	1.922	2.02	2.706	2.373	7
617	2.118	2.294	2.843	2.373	7
618	2.157	2.196	2.745	2.353	7
619	2.02	2.059	2.608	2.314	7
620	2.118	2.078	2.569	2.235	7
621	2.235	2.157	2.647	2.235	7
622	2.137	2.216	2.745	2.294	7
623	2.059	2.275	2.686	2.392	7
624	2.059	2.157	2.471	2.353	7
625	2.078	2.078	2.353	2.216	7
626	2.118	2.098	2.353	2.157	7
627	2.196	2.118	2.392	2.196	7
628	2.216	2.059	2.353	2.255	7
629	2.255	1.922	2.235	2.157	7
630	2.294	2.0	2.353	2.137	7
631	2.529	2.039	2.275	2.02	7
632	2.176	1.588	1.941	1.882	7
633	2.137	1.431	1.725	1.765	7
634	2.235	1.569	1.804	1.745	7
635	2.333	1.627	1.922	1.765	7
636	2.196	1.588	1.902	1.765	7
637	2.137	1.529	1.706	1.667	7
638	2.118	1.569	1.667	1.627	7
639	2.118	1.647	1.647	1.647	7
640	2.078	1.686	1.647	1.667	7
641	2.02	1.608	1.647	1.647	7
642	1.941	1.627	1.627	1.588	7
643	1.882	1.667	1.686	1.608	7
644	1.902	1.745	1.784	1.745	7
645	1.824	1.667	1.706	1.863	7
646	1.824	1.647	1.725	1.843	7
647	1.902	1.882	1.961	1.804	7
648	2.039	1.882	1.843	1.706	7
649	1.588	1.471	1.706	1.588	7
650	1.725	1.667	1.98	1.569	7
651	1.843	1.922	2.0	1.686	7
652	1.784	1.804	1.804	1.843	7
653	1.608	1.686	1.824	2.02	7
654	1.745	1.804	2.02	2.118	7
655	1.765	1.824	2.0	2.0	7
656	1.745	1.765	1.706	1.725	7
657	1.725	1.804	1.51	1.549	7
658	1.667	1.863	1.784	1.647	7
659	1.706	1.922	2.059	1.843	7
660	1.667	1.745	1.882	1.902	7
661	1.745	1.647	1.588	1.804	7
662	1.745	1.569	1.49	1.765	7
663	1.667	1.549	1.51	1.725	7
664	1.725	1.706	1.745	1.725	7
665	1.941	1.765	1.725	1.706	7
666	1.627	1.333	1.451	1.588	7
667	1.725	1.51	1.706	1.667	7
668	1.824	1.667	1.961	1.784	7
669	1.804	1.725	1.863	1.941	7
670	1.804	1.843	1.824	2.098	7
671	1.843	1.843	1.863	2.118	7
672	1.765	1.922	1.941	2.059	7
673	1.784	2.0	2.0	2.02	7
674	1.765	2.02	2.098	1.961	7
675	1.784	2.137	2.118	2.0	7
676	1.765	2.216	2.059	2.098	7
677	1.765	2.275	1.98	2.196	7
678	1.882	2.314	1.941	2.255	7
679	1.902	2.235	2.275	2.216	7
680	1.922	2.255	2.451	2.196	7
681	2.02	2.333	2.51	2.216	7
682	2.216	2.314	2.314	2.216	7
683	1.824	1.843	2.039	2.098	7
684	1.882	1.824	1.863	1.98	7
685	2.02	1.863	1.804	2.0	7
686	2.137	1.902	2.0	2.098	7
687	2.039	1.804	2.157	2.098	7
688	2.078	1.765	2.196	1.98	7
689	2.098	1.765	2.176	1.863	7
690	2.157	1.843	2.176	1.824	7
691	2.176	1.902	2.059	1.745	7
692	2.118	1.745	1.961	1.686	7
693	2.039	1.804	2.098	1.745	7
694	2.02	1.922	2.294	1.961	7
695	2.157	2.02	2.333	2.157	7
696	2.196	2.02	2.51	2.392	7
697	2.137	1.922	2.529	2.412	7
698	2.157	2.039	2.667	2.176	7
699	2.314	2.157	2.706	1.882	7
700	1.922	1.804	2.51	1.706	7
701	1.98	1.902	2.667	1.804	7
702	2.176	2.118	2.784	2.137	7
703	2.294	2.196	2.804	2.431	7
704	2.157	2.157	2.745	2.588	7
705	2.157	2.216	2.765	2.49	7
706	2.137	2.196	2.804	2.255	7
707	2.118	2.255	2.745	2.157	7
708	2.098	2.294	2.627	2.137	7
709	2.02	2.196	2.608	2.176	7
710	2.098	2.216	2.588	2.235	7
711	2.098	2.176	2.529	2.235	7
712	2.157	2.216	2.373	2.137	7
713	2.196	2.078	2.137	1.98	7
714	2.137	1.961	2.137	1.902	7
715	2.098	2.039	2.392	1.98	7
716	2.314	2.039	2.275	2.0	7
717	1.961	1.588	1.882	1.922	7
718	1.922	1.51	1.824	1.765	7
719	2.039	1.588	1.745	1.647	7
720	2.118	1.608	1.784	1.627	7
721	2.0	1.608	1.804	1.706	7
722	1.98	1.667	1.686	1.725	7
723	1.941	1.667	1.647	1.647	7
724	1.961	1.725	1.824	1.647	7
725	2.0	1.824	1.843	1.627	7
726	1.824	1.804	1.784	1.686	7
727	1.863	1.843	1.765	1.824	7
728	1.706	1.784	1.784	2.02	7
729	1.686	1.784	1.745	1.98	7
730	1.765	1.882	1.843	1.863	7
731	1.843	1.922	1.922	1.804	7
732	1.843	1.961	2.118	1.804	7
733	1.961	2.137	2.137	1.882	7
734	1.667	1.706	1.745	1.902	7
735	1.647	1.725	1.843	1.922	7
736	1.804	1.784	1.922	2.0	7
737	1.765	1.804	2.157	2.118	7
738	1.804	1.882	2.098	2.157	7
739	1.922	1.882	1.843	2.02	7
740	1.824	1.706	1.588	1.784	7
741	1.765	1.725	1.627	1.686	7
742	1.725	1.843	1.804	1.745	7
743	1.725	1.784	1.902	1.863	7
744	1.804	1.784	1.863	1.98	7
745	1.725	1.725	1.647	2.02	7
746	1.784	1.784	1.471	1.98	7
747	1.686	1.627	1.51	1.863	7
748	1.647	1.51	1.549	1.686	7
749	2.039	1.824	1.804	1.627	7
750	2.137	1.98	1.824	1.706	7
751	1.863	1.647	1.569	1.784	7
752	1.804	1.627	1.745	1.863	7
753	1.902	1.784	1.765	2.0	7
754	1.882	1.843	1.922	2.078	7
755	1.784	1.843	2.02	2.059	7
756	1.882	1.941	1.863	2.02	7
757	1.922	2.02	1.784	2.0	7
758	1.902	2.059	1.941	2.02	7
759	1.902	2.078	2.02	1.98	7
760	1.961	2.118	1.804	1.941	7
761	1.902	2.157	1.706	1.98	7
762	1.804	2.059	1.98	2.078	7
763	1.824	2.059	2.235	2.098	7
764	1.98	1.882	2.02	2.059	7
765	1.961	1.784	1.725	1.941	7
766	1.961	1.882	1.902	1.902	7
767	2.235	1.98	2.157	1.804	7
768	1.961	1.49	1.843	1.686	7
769	2.0	1.451	1.843	1.706	7
770	2.118	1.627	2.0	1.882	7
771	2.118	1.627	2.059	1.941	7
772	2.02	1.608	2.039	1.804	7
773	2.078	1.667	2.059	1.667	7
774	2.098	1.784	2.275	1.784	7
775	2.176	1.922	2.412	2.02	7
776	2.137	1.98	2.471	2.176	7
777	2.0	1.922	2.353	2.118	7
778	2.059	1.941	2.373	1.922	7
779	2.157	2.098	2.451	1.765	7
780	2.098	2.196	2.51	1.863	7
781	2.118	2.196	2.588	2.118	7
782	2.098	2.255	2.725	2.412	7
783	2.137	2.333	2.882	2.49	7
784	2.333	2.431	2.882	2.294	7
785	1.98	1.961	2.569	2.039	7
786	2.0	1.98	2.608	1.941	7
787	2.157	2.078	2.627	2.118	7
788	2.137	2.039	2.569	2.255	7
789	2.039	1.902	2.431	2.196	7
790	2.039	1.882	2.275	1.98	7
791	2.059	1.961	2.255	1.882	7
792	2.059	1.961	2.255	1.941	7
793	2.02	2.0	2.275	2.137	7
794	2.02	1.863	2.137	2.176	7
795	2.0	1.804	2.02	2.02	7
796	1.941	1.804	2.0	1.863	7
797	2.02	1.922	1.961	1.765	7
798	1.961	1.824	1.863	1.784	7
799	1.882	1.784	1.922	1.922	7
800	1.961	1.922	2.275	2.118	7
801	2.314	2.176	2.373	2.216	7
802	1.98	1.784	2.0	2.098	7
803	1.863	1.784	2.02	1.922	7
804	1.961	1.922	2.098	1.843	7
805	2.02	1.961	2.059	1.843	7
806	1.98	1.961	2.0	1.98	7
807	2.0	2.0	1.98	2.098	7
808	1.922	2.039	2.176	2.176	7
809	1.941	2.176	2.333	2.137	7
810	1.98	2.196	2.275	2.078	7
811	1.922	2.118	2.059	2.078	7
812	1.863	2.059	2.039	2.118	7
813	1.882	2.157	2.196	2.137	7
814	1.941	2.157	2.157	2.059	7
815	1.98	2.039	2.078	2.02	7
816	1.902	1.882	1.961	1.98	7
817	1.922	1.863	2.098	2.0	7
818	2.176	1.961	2.098	2.039	7
819	1.882	1.51	1.745	1.941	7
820	1.863	1.49	1.784	1.863	7
821	2.0	1.667	1.882	1.882	7
822	2.059	1.745	1.922	1.941	7
823	2.0	1.686	1.882	1.941	7
824	2.02	1.667	1.765	1.922	7
825	1.863	1.686	1.745	1.843	7
826	1.824	1.765	1.804	1.804	7
827	1.922	1.745	1.745	1.725	7
828	1.902	1.686	1.745	1.706	7
829	1.98	1.843	1.863	1.784	7
830	2.0	1.941	1.882	1.902	7
831	1.941	1.941	1.922	2.0	7
832	1.863	1.882	1.902	1.961	7
833	1.843	1.784	1.863	1.824	7
834	1.922	1.882	1.98	1.784	7
835	2.216	2.098	2.176	1.902	7
836	1.824	1.667	1.961	1.98	7
837	1.706	1.647	1.902	1.863	7
838	1.922	1.784	1.706	1.667	7
839	2.0	1.765	1.686	1.608	7
840	1.961	1.667	1.882	1.667	7
841	1.98	1.784	2.176	1.765	7
842	2.039	1.824	2.02	1.843	7
843	2.039	1.784	1.804	1.882	7
844	1.98	1.824	1.824	1.765	7
845	2.0	1.922	1.784	1.765	7
846	2.059	1.863	1.725	1.784	7
847	1.98	1.745	1.745	1.784	7
848	1.98	1.745	1.824	1.784	7
849	2.255	2.157	2.157	1.941	7
850	2.137	2.039	2.176	2.059	7
851	1.961	1.765	2.02	2.039	7
852	2.118	1.882	2.0	1.902	7
853	2.196	2.0	2.0	1.824	7
854	2.176	1.961	2.039	1.804	7
855	2.059	2.0	2.157	1.882	7
856	2.078	2.059	2.176	1.98	7
857	2.078	2.059	2.196	2.039	7
858	2.059	2.059	2.235	2.137	7
859	2.02	2.039	2.235	2.157	7
860	1.98	2.039	2.118	2.039	7
861	1.98	1.961	1.843	1.863	7
862	1.961	1.961	1.843	1.804	7
863	2.039	1.98	2.176	1.863	7
864	1.961	1.863	2.255	2.039	7
865	1.922	1.784	2.118	2.216	7
866	2.157	2.0	2.235	2.235	7
867	2.137	1.745	2.039	2.059	7
868	1.843	1.471	1.902	1.843	7
869	1.961	1.529	1.843	1.725	7
870	2.098	1.686	1.863	1.745	7
871	2.176	1.765	2.137	1.941	7
872	2.0	1.804	2.255	2.157	7
873	1.941	1.804	2.118	2.196	7
874	1.922	1.902	2.157	2.137	7
875	1.843	1.98	2.235	2.078	7
876	1.941	2.0	2.216	2.0	7
877	2.0	2.078	2.235	2.0	7
878	1.941	2.039	2.157	2.039	7
879	1.902	2.078	2.176	2.118	7
880	1.98	2.216	2.294	2.157	7
881	1.902	2.176	2.294	2.157	7
882	1.863	2.137	2.294	2.137	7
883	2.118	2.471	2.51	2.176	7
884	2.02	2.255	2.353	2.157	7
885	1.706	1.98	2.235	2.078	7
886	1.824	2.098	2.275	2.039	7
887	1.922	2.137	2.333	2.078	7
888	1.902	2.059	2.314	2.137	7
889	1.863	2.059	2.314	2.176	7
890	1.882	2.02	2.216	2.078	7
891	1.882	2.098	2.235	2.039	7
892	1.863	2.059	2.196	2.02	7
893	1.863	2.02	2.098	1.961	7
894	1.804	2.02	2.118	1.922	7
895	1.843	1.98	2.118	1.961	7
896	1.784	1.941	2.157	2.098	7
897	1.863	1.902	2.059	2.118	7
898	1.902	1.784	1.902	2.0	7
899	1.843	1.647	1.863	1.882	7
900	1.98	1.902	2.02	1.863	7
901	1.98	1.647	1.765	1.843	7
902	1.725	1.471	1.608	1.804	7
903	1.863	1.569	1.647	1.804	7
904	1.98	1.608	1.961	1.824	7
905	1.941	1.549	2.039	1.824	7
906	1.863	1.51	1.882	1.784	7
907	1.882	1.529	1.745	1.725	7
908	1.902	1.686	1.784	1.706	7
909	1.843	1.706	1.765	1.706	7
910	1.882	1.627	1.706	1.725	7
911	1.824	1.706	1.745	1.804	7
912	1.863	1.765	1.882	1.863	7
913	1.902	1.804	2.039	1.922	7
914	2.02	2.02	2.157	1.961	7
915	1.961	1.882	2.078	1.922	7
916	1.961	1.824	2.137	1.824	7
917	2.176	2.078	2.294	1.843	7
918	2.137	1.941	2.176	1.843	7
919	1.784	1.725	2.078	1.882	7
920	2.0	1.863	2.176	1.961	7
921	2.137	1.941	2.235	2.0	7
922	2.137	1.98	2.314	2.02	7
923	2.078	2.0	2.275	2.02	7
924	2.078	1.922	2.176	2.0	7
925	2.059	2.02	2.294	2.039	7
926	2.02	2.078	2.255	2.0	7
927	2.039	2.098	2.255	1.961	7
928	2.02	2.118	2.275	1.98	7
929	2.059	2.0	2.137	2.059	7
930	2.039	1.922	1.98	2.078	7
931	2.157	1.961	2.0	2.02	7
932	2.157	1.882	1.922	1.882	7
933	2.078	1.804	1.961	1.765	7
934	2.294	2.059	2.275	1.824	7
935	2.314	1.941	2.196	2.02	7
936	1.902	1.647	1.882	2.098	7
937	2.137	1.725	1.706	2.059	7
938	2.216	1.784	1.824	1.961	7
939	2.137	1.745	1.98	1.882	7
940	2.039	1.686	1.922	1.863	7
941	2.157	1.667	1.941	1.843	7
942	2.235	1.863	2.02	1.922	7
943	2.157	2.0	2.039	2.078	7
944	1.98	2.02	1.961	2.196	7
945	1.882	2.039	1.922	2.216	7
946	1.98	2.059	1.98	2.137	7
947	2.02	2.0	2.0	2.02	7
948	2.039	1.961	1.961	2.039	7
949	1.98	1.922	1.961	2.039	7
950	1.98	1.961	2.0	2.098	7
951	2.176	2.275	2.216	2.137	7
952	2.157	2.078	2.118	2.078	7
953	1.882	1.843	1.941	1.98	7
954	1.961	1.863	2.0	1.941	7
955	1.922	1.882	2.157	2.0	7
956	1.882	1.863	2.157	2.098	7
957	1.882	1.902	2.059	2.176	7
958	1.961	1.882	2.039	2.098	7
959	1.98	1.922	2.098	2.02	7
960	1.882	2.039	2.118	2.0	7
961	1.882	2.078	2.078	2.0	7
962	1.784	1.98	2.02	2.02	7
963	1.804	1.98	2.059	2.0	7
964	1.784	2.02	2.078	2.0	7
965	1.765	2.039	2.098	2.02	7
966	1.784	1.961	2.059	2.059	7
967	1.824	1.902	2.0	2.078	7
968	1.961	2.157	2.157	2.059	7
969	2.0	2.039	2.059	2.0	7
970	1.627	1.725	2.0	1.941	7
971	1.765	1.922	2.157	1.941	7
972	1.863	1.98	2.098	2.0	7
973	1.824	1.824	1.961	2.098	7
974	1.745	1.765	1.961	2.039	7
975	1.745	1.706	1.961	1.882	7
976	1.784	1.804	2.157	1.843	7
977	1.882	1.863	2.078	1.843	7
978	1.882	1.824	1.824	1.922	7
979	1.804	1.745	1.667	1.941	7
980	1.804	1.667	1.745	1.882	7
981	1.804	1.627	1.843	1.784	7
982	1.902	1.725	1.902	1.745	7
983	1.882	1.647	1.824	1.725	7
984	1.941	1.569	1.863	1.706	7
985	2.039	1.804	2.118	1.784	7
986	2.118	1.784	2.02	1.863	7
987	1.843	1.49	1.804	1.941	7
988	1.922	1.51	1.824	1.843	7
989	2.039	1.686	2.078	1.686	7
990	2.118	1.765	2.176	1.725	7
991	2.02	1.706	2.039	1.863	7
992	1.961	1.765	2.098	1.961	7
993	2.039	2.039	2.392	1.961	7
994	2.039	2.157	2.529	1.922	7
995	2.02	2.176	2.431	1.961	7
996	1.922	2.176	2.353	2.059	7
997	1.902	2.157	2.392	2.118	7
998	2.0	2.392	2.569	2.216	7
999	2.137	2.471	2.529	2.235	7
1000	2.02	2.235	2.431	2.157	7
1001	2.0	2.137	2.451	2.078	7
1002	2.255	2.471	2.725	2.157	7
1003	2.373	2.314	2.549	2.176	7
1004	1.902	1.922	2.412	2.059	7
1005	1.98	2.02	2.431	2.039	7
1006	2.059	2.157	2.471	2.118	7
1007	2.176	2.118	2.294	2.216	7
1008	2.176	2.02	2.137	2.216	7
1009	2.118	1.941	2.157	2.078	7
1010	2.137	1.902	2.196	1.961	7
1011	2.157	1.863	2.098	1.843	7
1012	2.059	1.745	2.0	1.882	7
1013	2.0	1.824	2.039	1.941	7
1014	2.02	1.902	1.961	1.98	7
1015	2.02	1.824	1.843	1.961	7
1016	2.039	1.824	1.824	1.882	7
1017	2.039	1.765	1.804	1.824	7
1018	2.137	1.824	1.843	1.824	7
1019	2.275	1.961	2.0	1.922	7
1020	2.196	1.725	1.922	1.961	7
1021	1.824	1.392	1.784	1.863	7
1022	1.941	1.588	1.804	1.804	7
1023	2.059	1.725	1.824	1.804	7
1024	2.098	1.765	1.922	1.863	7
1025	1.98	1.765	1.922	1.922	7
1026	2.059	1.882	1.863	1.882	7
1027	2.078	1.941	1.902	1.843	7
1028	1.98	1.98	1.902	1.902	7
1029	1.941	2.0	1.902	2.0	7
1030	1.863	1.902	1.922	2.039	7
1031	1.863	1.882	1.941	2.039	7
1032	1.863	1.882	1.961	1.98	7
1033	1.98	1.961	1.706	1.882	7
1034	1.98	1.902	1.176	1.706	7
1035	1.922	1.686	1.078	1.608	7
1036	2.039	1.863	1.882	1.725	7
1037	2.098	1.725	1.98	1.863	7
1038	1.784	1.353	1.569	1.863	7
1039	1.902	1.373	1.392	1.745	7
1040	2.0	1.392	1.373	1.569	7
1041	2.059	1.471	1.333	1.471	7
1042	1.98	1.529	1.176	1.569	7
1043	1.824	1.529	1.392	1.843	7
1044	1.843	1.569	1.784	2.059	7
1045	1.941	1.627	1.784	2.078	7
1046	1.941	1.686	1.804	1.941	7
1047	1.863	1.765	1.765	1.725	7
1048	1.902	1.902	1.745	1.706	7
1049	1.843	1.98	1.941	1.882	7
1050	1.824	2.118	2.137	2.176	7
1051	1.863	2.098	2.294	2.431	7
1052	1.804	2.098	2.333	2.569	7
1053	1.941	2.353	2.588	2.549	7
1054	2.02	2.373	2.667	2.431	7
1055	1.667	2.137	2.51	2.255	7
1056	1.824	2.333	2.608	2.196	7
1057	1.961	2.451	2.686	2.235	7
1058	2.0	2.314	2.647	2.314	7
1059	1.824	2.118	2.608	2.373	7
1060	1.824	2.098	2.569	2.412	7
1061	1.824	2.235	2.549	2.431	7
1062	1.922	2.294	2.529	2.392	7
1063	1.843	2.216	2.412	2.255	7
1064	1.804	2.137	2.353	2.078	7
1065	1.843	2.0	2.216	1.961	7
1066	1.902	2.0	2.255	1.941	7
1067	1.961	2.059	2.255	2.0	7
1068	1.941	1.98	2.078	2.0	7
1069	1.902	1.824	1.941	1.941	7
1070	2.039	1.922	2.118	1.941	7
1071	2.118	1.863	2.078	1.882	7
1072	1.784	1.49	1.843	1.725	7
1073	1.863	1.647	1.902	1.627	7
1074	2.078	1.784	1.961	1.647	7
1075	2.078	1.725	1.961	1.745	7
1076	1.941	1.686	1.922	1.843	7
1077	1.902	1.667	1.863	1.863	7
1078	1.961	1.824	2.039	1.824	7
1079	2.02	1.922	2.039	1.784	7
1080	1.902	1.863	1.922	1.706	7
1081	1.843	1.863	2.039	1.686	7
1082	1.922	1.961	2.078	1.745	7
1083	1.961	2.039	2.137	1.863	7
1084	2.059	2.039	2.118	1.922	7
1085	2.039	1.824	2.098	1.902	7
1086	1.922	1.667	1.961	1.882	7
1087	2.098	2.059	2.0	1.902	7
1088	2.235	2.039	2.0	1.902	7
1089	1.843	1.667	2.118	1.863	7
1090	1.941	1.667	2.216	1.843	7
1091	2.059	1.804	2.157	1.882	7
1092	2.098	1.745	2.0	1.863	7
1093	2.039	1.686	1.961	1.843	7
1094	2.039	1.725	1.961	1.804	7
1095	2.078	1.843	1.98	1.804	7
1096	2.176	1.961	1.961	1.843	7
1097	2.059	1.902	1.961	1.902	7
1098	1.961	1.902	2.039	1.961	7
1099	2.039	1.902	1.961	2.039	7
1100	1.98	1.863	1.961	2.039	7
1101	2.098	1.902	1.843	1.882	7
1102	2.098	1.804	1.804	1.725	7
1103	2.039	1.863	1.98	1.667	7
1104	2.157	2.078	2.255	1.765	7
1105	2.294	2.0	2.059	1.882	7
1106	1.922	1.549	1.667	1.843	7
1107	2.02	1.588	1.745	1.765	7
1108	2.059	1.745	1.882	1.745	7
1109	2.078	1.745	2.02	1.824	7
1110	2.098	1.843	2.078	1.961	7
1111	2.196	1.902	2.039	2.059	7
1112	2.098	1.843	2.039	2.118	7
1113	2.039	1.824	2.059	2.02	7
1114	2.078	1.882	1.961	1.922	7
1115	2.0	1.882	1.882	1.902	7
1116	1.98	1.941	1.902	1.98	7
1117	2.0	2.039	2.078	2.118	7
1118	2.02	2.059	2.118	2.176	7
1119	2.059	2.078	2.157	2.196	7
1120	2.02	2.039	2.196	2.255	7
1121	1.961	2.216	2.373	2.353	7
1122	2.137	2.118	2.275	2.333	7
1123	1.667	1.647	1.961	2.196	7
1124	1.765	1.765	1.961	2.098	7
1125	1.882	1.941	2.157	2.118	7
1126	1.843	1.902	2.451	2.196	7
1127	1.824	1.922	2.353	2.235	7
1128	1.882	1.922	1.941	2.235	7
1129	1.804	1.843	1.902	2.137	7
1130	1.804	1.941	2.294	2.078	7
1131	1.725	2.02	2.294	1.961	7
1132	1.588	1.961	2.235	1.941	7
1133	1.608	1.961	2.078	2.0	7
1134	1.647	1.98	2.118	2.078	7
1135	1.784	2.137	2.216	2.118	7
1136	1.804	2.02	2.157	2.098	7
1137	1.706	1.902	2.176	2.059	7
1138	1.863	2.176	2.431	2.02	7
1139	2.059	2.196	2.333	2.0	7
1140	1.686	1.804	2.098	1.922	7
1141	1.784	1.863	2.255	1.863	7
1142	1.922	2.0	2.255	1.902	7
1143	1.902	1.941	2.216	1.941	7
1144	1.882	1.941	2.196	1.98	7
1145	1.863	1.922	2.137	1.98	7
1146	1.824	1.824	2.118	1.922	7
1147	1.824	1.882	2.176	1.961	7
1148	1.843	1.98	2.176	1.922	7
1149	1.863	2.0	2.118	1.922	7
1150	1.941	2.02	1.98	1.902	7
1151	1.863	1.941	1.784	1.863	7
1152	1.922	1.922	1.804	1.824	7
1153	1.941	1.804	2.0	1.863	7
1154	1.922	1.725	2.02	1.882	7
1155	1.98	1.882	2.098	1.922	7
1156	2.176	1.902	1.863	1.882	7
1157	1.824	1.392	1.471	1.627	7
1158	1.961	1.569	1.667	1.49	7
1159	2.137	1.765	1.784	1.549	7
1160	2.039	1.765	1.824	1.745	7
1161	1.98	1.647	1.608	1.863	7
1162	2.039	1.49	1.49	1.765	7
1163	2.02	1.667	1.667	1.608	7
1164	2.039	1.902	1.902	1.549	7
1165	2.039	1.922	1.824	1.647	7
1166	1.941	1.863	1.922	1.863	7
1167	1.98	1.902	1.98	2.118	7
1168	1.961	1.98	2.0	2.275	7
1169	2.098	2.118	2.039	2.176	7
1170	2.098	2.078	2.02	1.98	7
1171	2.059	2.039	2.098	1.843	7
1172	2.02	2.196	2.294	1.902	7
1173	2.157	2.157	2.275	2.098	7
1174	1.863	1.843	2.196	2.216	7
1175	1.922	1.98	2.314	2.294	7
1176	2.118	2.059	2.294	2.294	7
1177	2.137	2.039	2.333	2.255	7
1178	2.078	1.941	2.353	2.255	7
1179	2.02	1.882	2.235	2.235	7
1180	2.0	1.922	2.275	2.176	7
1181	2.039	2.0	2.333	2.118	7
1182	2.059	2.059	2.255	2.02	7
1183	2.039	1.941	2.098	2.0	7
1184	2.0	1.824	1.98	2.039	7
1185	1.941	1.706	2.039	2.059	7
1186	1.98	1.863	2.216	2.059	7
1187	2.078	1.882	2.118	2.039	7
1188	2.02	1.745	1.922	1.98	7
1189	2.0	1.863	2.137	2.0	7
1190	2.235	2.0	2.196	1.961	7
1191	1.922	1.667	1.98	1.882	7
1192	1.98	1.725	2.059	1.824	7
1193	2.02	1.784	2.118	1.863	7
1194	2.02	1.804	2.176	1.98	7
1195	1.98	1.824	2.176	2.078	7
1196	2.0	1.902	2.196	2.059	7
1197	2.0	1.941	2.157	1.98	7
1198	1.902	1.902	2.039	1.882	7
1199	1.902	1.961	2.0	1.882	7
1200	1.824	1.941	2.059	1.922	7
1201	1.843	1.961	2.118	1.98	7
1202	1.863	1.843	1.98	2.02	7
1203	1.863	1.882	2.059	1.941	7
1204	1.98	2.02	2.176	1.922	7
1205	1.98	2.039	2.137	1.922	7
1206	2.0	2.078	2.157	1.941	7
1207	2.059	1.941	1.98	1.922	7
1208	1.706	1.412	1.706	1.824	7
1209	1.765	1.49	1.843	1.765	7
1210	1.961	1.725	2.0	1.784	7
1211	2.059	1.784	1.961	1.863	7
1212	2.039	1.706	1.725	1.843	7
1213	2.118	1.686	1.431	1.804	7
1214	2.02	1.667	1.451	1.745	7
1215	2.0	1.765	1.922	1.725	7
1216	1.98	1.824	1.98	1.706	7
1217	1.941	1.765	1.843	1.706	7
1218	2.0	1.804	1.686	1.725	7
1219	2.059	1.725	1.647	1.745	7
1220	2.078	1.725	1.647	1.745	7
1221	2.059	1.725	1.667	1.686	7
1222	2.059	1.725	1.706	1.647	7
1223	2.02	1.961	1.961	1.745	7
1224	2.235	2.078	2.098	1.98	7
1225	1.902	1.706	1.961	2.098	7
1226	1.902	1.804	2.098	2.059	7
1227	2.0	1.804	2.0	1.941	7
1228	2.02	1.804	1.98	1.804	7
1229	1.98	1.882	2.098	1.784	7
1230	2.039	2.02	2.176	1.843	7
1231	2.02	2.059	2.157	1.961	7
1232	2.0	2.059	2.118	2.098	7
1233	1.902	2.078	2.0	2.196	7
1234	1.882	2.078	2.078	2.216	7
1235	1.882	2.176	2.294	2.255	7
1236	1.784	2.176	2.373	2.294	7
1237	1.843	2.137	2.216	2.216	7
1238	1.961	2.02	2.02	2.059	7
1239	1.882	1.922	2.059	1.941	7
1240	1.902	2.059	2.353	1.98	7
1241	2.176	2.235	2.412	2.078	7
1242	1.824	1.725	2.039	2.059	7
1243	1.804	1.745	2.039	2.039	7
1244	1.941	1.922	2.176	2.059	7
1245	1.941	1.902	2.196	2.118	7
1246	1.882	1.941	2.314	2.137	7
1247	1.882	2.0	2.392	2.137	7
1248	1.804	2.039	2.412	2.118	7
1249	1.824	2.039	2.373	2.059	7
1250	1.863	2.118	2.333	2.02	7
1251	1.804	2.078	2.275	2.059	7
1252	1.804	2.059	2.353	2.078	7
1253	1.804	2.078	2.353	2.118	7
1254	1.902	2.176	2.353	2.078	7
1255	1.902	2.137	2.333	2.078	7
1256	1.804	2.0	2.275	2.098	7
1257	1.824	1.98	2.431	2.137	7
1258	2.059	2.098	2.412	2.098	7
1259	1.784	1.686	2.137	1.941	7
1260	1.824	1.647	2.078	1.784	7
1261	1.98	1.647	1.98	1.706	7
1262	2.039	1.667	1.765	1.765	7
1263	1.941	1.569	1.588	1.784	7
1264	1.941	1.49	1.706	1.765	7
1265	1.922	1.529	2.078	1.765	7
1266	2.039	1.706	2.137	1.745	7
1267	1.98	1.667	1.843	1.686	7
1268	1.882	1.549	1.569	1.588	7
1269	1.902	1.608	1.529	1.529	7
1270	1.902	1.686	1.725	1.588	7
1271	2.0	1.843	1.922	1.725	7
1272	2.059	1.863	2.059	1.843	7
1273	2.078	1.824	2.078	2.0	7
1274	1.98	1.843	2.235	2.118	7
1275	2.196	2.078	2.235	2.118	7
1276	1.863	1.765	1.863	1.922	7
1277	1.882	1.922	2.157	1.765	7
1278	2.078	2.078	2.275	1.765	7
1279	2.157	2.176	2.392	1.902	7
1280	2.098	2.157	2.392	2.157	7
1281	2.098	2.137	2.294	2.353	7
1282	2.039	2.118	2.196	2.431	7
1283	2.039	2.176	2.333	2.412	7
1284	2.02	2.216	2.294	2.235	7
1285	1.98	2.176	2.196	2.039	7
1286	1.98	2.176	2.157	1.961	7
1287	2.0	2.157	2.078	2.02	7
1288	2.059	2.255	2.098	2.137	7
1289	2.118	2.118	2.02	2.255	7
1290	2.02	1.902	1.902	2.275	7
1291	2.0	1.902	2.039	2.216	7
1292	2.216	2.078	2.059	2.176	7
1293	1.941	1.706	1.706	2.02	7
1294	1.98	1.725	1.667	1.843	7
1295	2.078	1.824	1.725	1.765	7
1296	2.157	1.902	1.843	1.863	7
1297	2.059	1.765	1.804	2.0	7
1298	1.961	1.824	1.863	2.098	7
1299	1.941	1.922	1.882	2.118	7
1300	2.0	1.902	1.902	2.137	7
1301	2.078	1.922	1.863	2.078	7
1302	1.98	1.902	1.765	2.039	7
1303	1.98	1.922	1.804	2.0	7
1304	1.961	1.863	1.863	1.98	7
1305	2.0	1.922	1.941	1.98	7
1306	2.02	1.961	1.941	1.98	7
1307	2.02	1.843	1.902	1.941	7
1308	1.961	1.725	1.961	1.961	7
1309	2.157	1.882	2.039	1.98	7
1310	1.922	1.529	1.745	1.882	7
1311	1.902	1.549	1.804	1.804	7
1312	2.059	1.608	1.843	1.784	7
1313	2.118	1.49	1.745	1.784	7
1314	1.961	1.431	1.647	1.725	7
1315	2.0	1.451	1.549	1.686	7
1316	1.941	1.451	1.627	1.647	7
1317	1.922	1.51	1.667	1.647	7
1318	1.941	1.608	1.706	1.667	7
1319	1.902	1.588	1.765	1.784	7
1320	1.882	1.627	1.804	1.902	7
1321	1.882	1.569	1.667	1.882	7
1322	1.882	1.569	1.549	1.745	7
1323	1.843	1.647	1.784	1.647	7
1324	1.784	1.686	1.922	1.745	7
1325	1.784	1.784	2.078	1.961	7
1326	2.039	2.0	2.275	2.137	7
1327	1.725	1.706	2.039	2.118	7
1328	1.686	1.745	2.137	2.039	7
1329	1.804	1.922	2.255	2.0	7
1330	1.804	2.078	2.451	2.078	7
1331	1.765	2.137	2.451	2.176	7
1332	1.784	2.118	2.373	2.216	7
1333	1.765	2.137	2.451	2.098	7
1334	1.804	2.353	2.706	2.118	7
1335	1.843	2.451	2.706	2.216	7
1336	1.804	2.255	2.549	2.294	7
1337	1.725	2.235	2.471	2.235	7
1338	1.725	2.216	2.431	2.118	7
1339	1.784	2.235	2.471	1.961	7
1340	1.863	2.098	2.431	1.882	7
1341	1.863	2.0	2.157	1.902	7
1342	1.922	1.98	2.078	2.0	7
1343	2.137	2.137	2.333	2.078	7
1344	1.922	1.706	2.216	1.98	7
1345	1.863	1.667	2.157	1.784	7
1346	2.02	1.765	2.078	1.667	7
1347	2.078	1.745	2.0	1.725	7
1348	1.98	1.725	1.961	1.882	7
1349	2.0	1.745	1.902	2.0	7
1350	2.039	1.765	1.961	2.0	7
1351	2.059	1.902	2.0	1.863	7
1352	2.039	1.922	1.941	1.745	7
1353	1.961	1.843	1.902	1.745	7
1354	1.98	1.882	2.02	1.824	7
1355	2.0	2.0	2.118	1.863	7
1356	2.078	2.157	2.196	1.863	7
1357	2.137	2.098	2.078	1.882	7
1358	2.059	2.0	2.0	1.902	7
1359	2.039	1.961	2.137	2.02	7
1360	2.216	2.196	2.353	2.196	7
1361	2.02	1.902	2.137	2.157	7
1362	2.039	1.843	2.078	1.98	7
1363	2.176	1.902	2.059	1.863	7
1364	2.196	1.843	2.039	1.824	7
1365	2.098	1.824	2.039	1.882	7
1366	2.137	1.843	1.98	1.902	7
1367	2.039	1.745	2.059	1.902	7
1368	2.098	1.902	2.0	1.961	7
1369	2.137	1.941	1.961	2.039	7
1370	2.098	1.804	1.902	2.118	7
1371	2.059	1.725	1.824	2.098	7
1372	2.0	1.686	1.863	2.02	7
1373	2.02	1.725	1.922	1.941	7
1374	2.118	1.784	1.941	1.863	7
1375	2.039	1.745	1.922	1.902	7
1376	1.922	1.765	2.078	2.039	7
1377	2.098	1.961	2.176	2.157	7
1378	1.863	1.569	1.863	2.078	7
1379	1.863	1.627	1.902	1.941	7
1380	2.059	1.922	2.176	1.922	7
1381	2.059	1.98	2.314	2.0	7
1382	1.941	1.961	2.275	2.157	7
1383	2.0	1.98	2.176	2.176	7
1384	2.02	1.961	2.157	2.118	7
1385	1.824	2.078	2.235	2.078	7
1386	1.725	2.176	2.275	2.098	7
1387	1.804	2.137	2.235	2.118	7
1388	1.804	2.157	2.275	2.098	7
1389	1.804	2.157	2.294	2.118	7
1390	1.863	2.196	2.333	2.118	7
1391	1.98	2.235	2.255	2.098	7
1392	1.902	1.98	2.059	2.039	7
1393	1.922	1.941	2.176	2.02	7
1394	2.176	2.137	2.255	1.98	7
1395	1.863	1.686	2.0	1.824	7
1396	1.765	1.588	1.922	1.706	7
1397	1.882	1.686	1.765	1.686	7
1398	1.98	1.686	1.706	1.745	7
1399	1.961	1.647	1.863	1.745	7
1400	2.039	1.647	1.882	1.706	7
1401	1.922	1.588	1.804	1.706	7
1402	1.882	1.725	1.804	1.863	7
1403	1.941	1.765	1.784	1.941	7
1404	1.941	1.706	1.824	1.882	7
1405	1.902	1.765	1.784	1.725	7
1406	1.882	1.725	1.706	1.569	7
1407	1.882	1.686	1.647	1.549	7
1408	1.98	1.745	1.765	1.667	7
1409	1.941	1.804	1.941	1.863	7
1410	1.941	1.961	2.137	2.078	7
1411	2.176	2.137	2.275	2.196	7
1412	1.922	1.824	2.0	2.118	7
1413	1.843	1.745	2.02	1.941	7
1414	2.0	1.941	2.176	1.882	7
1415	2.078	2.02	2.176	1.922	7
1416	2.0	2.0	2.196	2.0	7
1417	1.941	2.118	2.255	2.078	7
1418	1.922	2.216	2.353	2.137	7
1419	2.0	2.235	2.373	2.137	7
1420	2.059	2.294	2.333	2.118	7
1421	2.0	2.196	2.255	2.039	7
1422	1.922	2.118	2.235	1.961	7
1423	1.882	2.118	2.216	1.941	7
1424	1.941	2.098	2.176	2.059	7
1425	2.039	2.078	2.176	2.196	7
1426	2.0	2.059	2.118	2.216	7
1427	2.0	2.078	2.078	2.176	7
1428	2.196	2.118	2.216	2.098	7
1429	1.961	1.706	2.059	1.902	7
1430	1.863	1.549	1.922	1.804	7
1431	1.98	1.627	1.922	1.804	7
1432	2.039	1.627	1.922	1.882	7
1433	1.98	1.588	1.843	1.98	7
1434	2.039	1.686	1.863	2.02	7
1435	2.0	1.706	1.804	1.98	7
1436	1.941	1.784	1.863	1.961	7
1437	1.961	1.843	1.863	1.922	7
1438	1.98	1.765	1.843	1.843	7
1439	1.98	1.843	1.98	1.804	7
1440	1.961	1.941	2.078	1.863	7
1441	1.961	1.902	2.02	1.941	7
1442	2.02	1.843	1.98	1.98	7
1443	1.922	1.784	1.961	2.0	7
1444	1.902	1.882	2.078	2.039	7
1445	2.255	2.176	2.333	2.118	7
1446	2.059	1.804	2.039	1.961	7
1447	1.902	1.745	1.961	1.824	7
1448	2.02	1.922	2.137	1.824	7
1449	2.039	1.941	2.216	1.882	7
1450	1.98	1.922	2.216	1.98	7
1451	2.039	1.961	2.176	2.059	7
1452	1.941	1.863	2.118	2.059	7
1453	1.941	1.922	2.196	2.078	7
1454	1.941	1.98	2.059	2.02	7
1455	1.961	1.98	1.902	1.922	7
1456	1.922	1.922	1.882	1.863	7
1457	1.902	1.882	2.039	1.824	7
1458	1.902	1.863	2.098	1.863	7
1459	1.941	1.863	1.98	1.902	7
1460	1.902	1.745	1.882	1.922	7
1461	1.882	1.706	1.863	1.902	7
1462	2.137	1.941	1.961	1.902	7
1463	1.902	1.647	1.745	1.804	7
1464	1.706	1.529	1.824	1.745	7
1465	1.882	1.686	2.059	1.784	7
1466	2.02	1.882	2.216	1.902	7
1467	1.961	1.902	2.196	2.039	7
1468	1.98	1.961	2.176	2.059	7
1469	1.941	1.843	2.078	2.0	7
1470	1.902	1.941	2.157	1.941	7
1471	1.922	2.02	2.176	1.98	7
1472	1.784	1.922	2.157	2.039	7
1473	1.784	2.078	2.294	2.118	7
1474	1.804	2.176	2.314	2.176	7
1475	1.902	2.255	2.353	2.235	7
1476	1.98	2.216	2.373	2.235	7
1477	1.902	2.02	2.314	2.176	7
1478	1.922	1.98	2.353	2.118	7
1479	2.157	2.275	2.529	2.118	7
1480	1.98	1.922	2.235	2.078	7
1481	1.824	1.765	2.176	2.039	7
1482	1.961	1.843	2.216	2.02	7
1483	2.02	1.804	2.196	2.02	7
1484	1.98	1.745	2.196	2.039	7
1485	2.0	1.725	1.98	1.961	7
1486	1.98	1.706	1.902	1.882	7
1487	1.98	1.824	2.0	1.863	7
1488	1.961	1.843	2.0	1.902	7
1489	1.941	1.765	1.902	1.902	7
1490	1.961	1.784	1.882	1.863	7
1491	2.0	1.804	1.882	1.804	7
1492	2.039	1.804	1.843	1.765	7
1493	2.098	1.863	1.824	1.824	7
1494	1.961	1.824	1.863	1.98	7
1495	1.98	1.765	1.941	2.118	7
1496	2.275	2.039	2.059	2.137	7
1497	2.098	1.725	1.824	1.961	7
1498	1.961	1.706	1.784	1.784	7
1499	2.059	1.882	1.882	1.706	7
1500	2.137	2.0	2.0	1.804	7
1501	2.078	1.902	2.02	1.98	7
1502	2.078	1.98	2.02	2.137	7
1503	2.098	2.039	1.961	2.118	7
1504	2.059	2.059	2.0	2.078	7
1505	1.922	2.118	2.039	2.02	7
1506	1.922	2.02	2.02	2.0	7
1507	2.02	2.059	2.039	2.0	7
1508	2.02	1.98	1.98	2.059	7
1509	2.078	2.02	1.882	2.098	7
1510	2.098	1.941	1.882	2.039	7
1511	1.98	1.725	1.745	1.98	7
1512	1.961	1.686	1.608	1.922	7
1513	2.196	1.902	1.824	1.922	7
1514	1.98	1.588	1.784	1.882	7
1515	1.941	1.412	1.804	1.784	7
1516	2.039	1.471	1.725	1.804	7
1517	2.0	1.451	1.608	1.843	7
1518	1.922	1.373	1.549	1.922	7
1519	1.941	1.51	1.627	1.941	7
1520	1.98	1.647	1.745	1.882	7
1521	1.98	1.902	2.039	1.863	7
1522	2.0	2.0	2.157	1.922	7
1523	1.922	1.941	2.118	2.078	7
1524	1.843	1.843	2.0	2.196	7
1525	1.804	1.843	1.98	2.176	7
1526	1.804	2.039	2.196	2.098	7
1527	1.902	2.157	2.275	2.039	7
1528	1.922	2.176	2.333	2.059	7
1529	1.961	2.235	2.51	2.137	7
1530	2.157	2.49	2.725	2.294	7
1531	2.0	2.235	2.569	2.314	7
1532	1.784	2.02	2.471	2.255	7
1533	1.902	2.098	2.569	2.176	7
1534	1.961	2.137	2.529	2.157	7
1535	1.902	2.059	2.49	2.157	7
1536	1.941	2.137	2.49	2.118	7
1537	1.922	2.098	2.392	2.059	7
1538	1.902	2.039	2.373	2.0	7
1539	1.922	2.039	2.314	1.941	7
1540	1.922	1.98	2.235	1.941	7
1541	1.922	1.941	2.196	1.98	7
1542	1.922	1.824	2.098	1.98	7
1543	1.941	1.863	2.118	1.98	7
1544	1.922	1.804	1.98	1.941	7
1545	1.804	1.765	1.863	1.843	7
1546	1.863	1.765	1.961	1.745	7
1547	2.078	2.0	2.216	1.745	7
1548	1.902	1.706	1.863	1.725	7
1549	1.745	1.529	1.765	1.686	7
1550	1.961	1.667	1.98	1.765	7
1551	2.02	1.784	1.98	1.882	7
1552	2.02	1.784	1.961	1.902	7
1553	2.059	1.843	1.863	1.843	7
1554	1.941	1.784	1.843	1.745	7
1555	1.882	1.922	2.059	1.804	7
1556	1.863	2.02	2.078	1.882	7
1557	1.98	2.02	1.843	1.922	7
1558	1.882	1.922	1.784	1.824	7
1559	1.941	1.941	1.882	1.784	7
1560	2.0	2.039	1.902	1.843	7
1561	2.059	1.98	1.922	1.922	7
1562	2.02	1.941	2.0	2.02	7
1563	2.039	1.922	2.0	2.059	7
1564	2.235	2.098	2.118	2.098	7
1565	2.098	1.784	1.863	2.0	7
1566	1.882	1.608	1.824	1.843	7
1567	2.02	1.706	1.824	1.804	7
1568	2.02	1.784	1.922	1.882	7
1569	2.039	1.725	1.941	1.98	7
1570	2.059	1.804	1.941	2.059	7
1571	2.059	1.706	1.824	2.039	7
1572	1.98	1.745	1.765	1.941	7
1573	1.98	1.824	1.706	1.843	7
1574	1.941	1.784	1.804	1.804	7
1575	1.882	1.784	1.941	1.922	7
1576	1.882	1.784	1.902	2.0	7
1577	1.902	1.765	1.863	1.902	7
1578	2.039	1.882	1.922	1.804	7
1579	1.961	1.824	1.863	1.804	7
1580	1.941	1.745	1.882	1.941	7
1581	2.137	1.98	2.02	2.039	7
1582	1.98	1.686	1.804	1.941	7
1583	1.784	1.529	1.824	1.804	7
1584	1.961	1.667	2.078	1.725	7
1585	2.039	1.843	2.255	1.804	7
1586	2.0	1.902	2.235	1.961	7
1587	1.98	1.863	2.157	2.059	7
1588	1.961	1.843	2.118	2.059	7
1589	1.961	1.922	2.235	2.059	7
1590	1.98	2.078	2.255	2.0	7
1591	1.98	2.098	2.275	1.98	7
1592	1.902	2.118	2.333	2.0	7
1593	1.882	2.118	2.333	2.059	7
1594	1.863	2.078	2.255	2.098	7
1595	1.961	2.098	2.333	2.098	7
1596	1.961	2.098	2.353	2.059	7
1597	1.922	1.98	2.353	2.059	7
1598	2.137	2.216	2.549	2.078	7
1599	2.098	1.98	2.294	2.02	7
1600	1.824	1.686	2.098	1.941	7
1601	1.941	1.784	2.196	1.98	7
1602	2.078	1.922	2.196	1.941	7
1603	2.0	1.824	2.157	1.902	7
1604	1.961	1.863	2.137	1.863	7
1605	1.922	1.863	2.118	1.863	7
1606	1.961	1.863	2.137	1.902	7
1607	1.941	1.863	2.118	1.941	7
1608	1.961	1.824	2.02	1.922	7
1609	1.902	1.824	1.961	1.824	7
1610	1.902	1.902	1.98	1.804	7
1611	1.843	1.98	2.0	1.863	7
1612	1.941	2.02	2.059	1.961	7
1613	2.0	1.902	1.98	2.02	7
1614	2.02	1.765	1.902	2.0	7
1615	2.176	2.02	2.098	1.98	7
1616	2.039	1.902	1.941	1.902	7
1617	1.765	1.686	1.863	1.824	7
1618	1.961	1.824	1.961	1.784	7
1619	2.039	1.843	1.941	1.804	7
1620	2.039	1.843	1.922	1.902	7
1621	1.961	1.804	1.941	2.02	7
1622	1.98	1.824	1.961	2.078	7
1623	2.02	1.922	2.078	2.039	7
1624	1.98	1.902	1.941	1.98	7
1625	1.941	1.882	1.843	1.902	7
1626	1.863	1.824	1.784	1.863	7
1627	1.882	1.843	1.784	1.863	7
1628	1.882	1.961	1.882	1.961	7
1629	1.961	2.0	1.902	2.118	7
1630	1.941	1.804	1.941	2.137	7
1631	1.882	1.608	1.941	2.039	7
1632	2.255	1.941	2.098	1.961	7
1633	2.196	1.745	1.863	1.882	7
1634	1.804	1.549	1.725	1.843	7
1635	1.922	1.745	1.922	1.863	7
1636	1.961	1.843	2.02	1.98	7
1637	1.961	1.824	2.059	2.078	7
1638	1.98	1.882	2.098	2.157	7
1639	1.98	1.882	2.098	2.118	7
1640	1.961	1.922	2.157	2.059	7
1641	1.961	2.059	2.275	2.02	7
1642	1.961	2.196	2.333	2.059	7
1643	1.902	2.137	2.314	2.118	7
1644	1.941	2.078	2.275	2.157	7
1645	1.941	2.118	2.255	2.137	7
1646	2.039	2.235	2.333	2.078	7
1647	2.0	2.235	2.353	2.059	7
1648	1.941	2.118	2.294	2.059	7
1649	2.118	2.275	2.451	2.137	7
1650	2.098	2.0	2.275	2.098	7
1651	1.843	1.863	2.157	1.98	7
1652	1.98	1.941	2.196	1.98	7
1653	2.039	1.902	2.216	2.02	7
1654	2.02	1.784	2.196	2.039	7
1655	1.98	1.765	2.039	1.941	7
1656	2.02	1.745	1.902	1.784	7
1657	1.961	1.784	1.882	1.725	7
1658	1.98	1.804	1.882	1.784	7
1659	1.98	1.745	1.784	1.824	7
1660	1.902	1.706	1.745	1.843	7
1661	1.941	1.745	1.725	1.804	7
1662	1.922	1.725	1.706	1.765	7
1663	1.941	1.686	1.706	1.745	7
1664	1.922	1.667	1.667	1.804	7
1665	1.941	1.706	1.706	1.843	7
1666	2.157	2.059	2.039	1.922	7
1667	2.098	1.902	1.961	1.941	7
1668	1.765	1.608	1.765	1.882	7
1669	1.824	1.765	1.922	1.902	7
1670	2.039	2.118	2.118	2.0	7
1671	2.098	2.098	2.02	2.098	7
1672	1.98	1.98	2.0	2.078	7
1673	1.902	2.0	2.02	2.02	7
1674	1.922	2.118	2.176	2.0	7
1675	1.941	2.216	2.216	2.039	7
1676	1.941	2.255	2.216	2.216	7
1677	1.882	2.216	2.216	2.353	7
1678	1.882	2.216	2.176	2.373	7
1679	1.902	2.157	2.059	2.235	7
1680	2.0	2.078	2.02	2.059	7
1681	1.922	1.941	1.961	1.961	7
1682	1.902	1.882	1.961	1.941	7
1683	2.157	2.098	2.176	2.02	7
1684	2.176	1.882	1.922	2.059	7
1685	1.863	1.51	1.667	2.0	7
1686	1.98	1.608	1.843	1.922	7
1687	2.02	1.667	1.922	1.882	7
1688	2.0	1.608	1.843	1.882	7
1689	1.98	1.588	1.784	1.882	7
1690	2.0	1.588	1.745	1.843	7
1691	1.961	1.627	1.804	1.824	7
1692	1.961	1.725	1.882	1.843	7
1693	1.961	1.804	1.961	1.882	7
1694	1.882	1.902	2.078	1.961	7
1695	1.961	1.902	2.078	1.941	7
1696	1.902	1.804	2.02	1.922	7
1697	1.941	1.941	2.02	1.902	7
1698	1.922	1.843	2.059	1.922	7
1699	1.882	1.922	2.255	1.98	7
1700	2.118	2.275	2.549	2.078	7
1701	2.137	2.176	2.431	2.118	7
1702	1.784	1.804	2.176	2.02	7
1703	1.902	1.804	2.255	1.941	7
1704	2.0	1.961	2.412	1.941	7
1705	2.0	1.98	2.392	1.98	7
1706	1.961	1.902	2.333	2.02	7
1707	1.902	1.961	2.333	2.02	7
1708	1.922	2.02	2.412	2.0	7
1709	2.0	2.059	2.392	2.02	7
1710	1.98	1.922	2.157	1.98	7
1711	1.941	1.843	2.098	1.922	7
1712	1.941	1.824	2.098	1.863	7
1713	1.863	1.824	2.118	1.843	7
1714	1.941	1.922	2.098	1.843	7
1715	1.941	1.824	1.98	1.863	7
1716	1.902	1.745	2.0	1.922	7
1717	2.118	2.02	2.216	1.961	7
1718	2.216	1.824	2.0	1.902	7
1719	1.784	1.51	1.882	1.765	7
1720	1.902	1.667	1.961	1.706	7
1721	2.02	1.686	1.98	1.765	7
1722	1.961	1.686	1.98	1.863	7
1723	1.922	1.804	2.02	1.902	7
1724	1.941	1.843	1.98	1.882	7
1725	1.941	1.961	2.059	1.882	7
1726	1.941	2.0	2.02	1.902	7
1727	1.922	2.02	2.039	1.902	7
1728	1.882	2.059	2.157	1.902	7
1729	1.961	2.118	2.176	1.922	7
1730	2.02	2.118	2.098	1.98	7
1731	2.0	2.078	2.059	2.02	7
1732	1.882	1.961	2.039	2.039	7
1733	1.863	1.98	2.059	2.02	7
1734	2.157	2.333	2.333	2.02	7
1735	2.275	2.176	2.216	1.98	7
1736	1.882	1.725	1.961	1.941	7
1737	2.0	1.745	1.961	1.98	7
1738	2.059	1.765	1.922	1.98	7
1739	2.039	1.745	2.0	1.98	7
1740	2.039	1.843	2.039	2.0	7
1741	2.039	1.784	1.922	1.98	7
1742	2.0	1.765	1.843	1.941	7
1743	2.02	1.843	1.863	1.941	7
1744	2.039	1.882	1.882	1.961	7
1745	1.941	1.765	1.882	2.02	7
1746	1.961	1.725	1.824	2.039	7
1747	1.961	1.784	1.824	2.02	7
1748	2.039	1.902	1.941	1.961	7
1749	2.039	1.863	1.902	1.941	7
1750	1.98	1.745	1.843	1.922	7
1751	2.02	1.961	2.118	2.0	7
1752	2.196	2.0	2.118	2.039	7
1753	1.824	1.686	1.882	1.98	7
1754	1.922	1.824	2.02	1.922	7
1755	2.118	1.922	2.157	1.882	7
1756	2.118	1.941	2.176	1.941	7
1757	2.0	1.922	2.137	2.02	7
1758	1.961	1.804	2.039	2.039	7
1759	1.941	1.922	2.196	2.039	7
1760	2.0	2.039	2.255	2.02	7
1761	2.02	2.039	2.196	1.98	7
1762	1.941	1.98	2.118	1.941	7
1763	1.902	1.941	2.059	1.941	7
1764	1.902	2.0	2.098	2.0	7
1765	1.98	1.98	2.039	2.02	7
1766	2.02	1.902	1.98	1.961	7
1767	1.98	1.824	1.941	1.882	7
1768	2.059	1.98	2.157	1.902	7
1769	2.118	1.922	2.059	1.863	7
1770	1.765	1.549	1.804	1.784	7
1771	1.902	1.588	1.824	1.784	7
1772	2.059	1.725	1.882	1.843	7
1773	2.0	1.725	1.922	1.902	7
1774	1.863	1.686	1.882	1.922	7
1775	1.902	1.765	1.902	1.882	7
1776	1.922	1.824	1.961	1.843	7
1777	1.863	1.843	1.98	1.863	7
1778	1.902	1.882	1.98	1.902	7
1779	1.824	1.882	1.961	1.98	7
1780	1.824	1.961	2.0	2.0	7
1781	1.843	2.02	2.059	2.0	7
1782	1.882	2.118	2.137	2.0	7
1783	1.843	1.98	2.118	2.0	7
1784	1.843	1.941	2.157	2.02	7
1785	2.0	2.176	2.373	2.098	7
1786	2.078	2.118	2.275	2.098	7
1787	1.706	1.765	2.098	2.039	7
1788	1.863	1.863	2.176	2.02	7
1789	1.961	1.902	2.157	2.0	7
1790	1.961	1.902	2.255	2.059	7
1791	1.922	1.922	2.255	2.098	7
1792	1.922	1.824	2.137	2.059	7
1793	1.882	1.882	2.137	1.98	7
1794	1.922	1.98	2.176	1.922	7
1795	1.941	1.961	2.039	1.863	7
1796	1.843	1.843	2.0	1.843	7
1797	1.902	1.804	2.0	1.902	7
1798	1.902	1.784	1.843	2.039	7
1799	1.98	1.765	1.725	2.039	7
1800	1.961	1.706	1.804	1.882	7
1801	1.961	1.725	1.941	1.765	7
1802	2.059	1.922	2.157	1.784	7
1803	2.118	1.784	2.02	1.882	7
1804	1.804	1.471	1.765	1.882	7
1805	1.941	1.647	1.824	1.863	7
1806	2.118	1.686	1.784	1.824	7
1807	2.059	1.667	1.804	1.824	7
1808	1.941	1.725	1.922	1.824	7
1809	2.0	1.824	2.059	1.863	7
1810	1.98	1.98	2.118	1.961	7
1811	2.039	2.039	2.137	2.098	7
1812	1.961	2.078	2.176	2.196	7
1813	1.882	2.078	2.157	2.196	7
1814	1.922	2.098	2.137	2.098	7
1815	1.902	2.098	2.216	2.02	7
1816	1.922	2.157	2.255	2.039	7
1817	1.961	2.137	2.235	2.078	7
1818	2.0	2.118	2.235	2.216	7
1819	2.118	2.333	2.451	2.333	7
1820	2.196	2.275	2.412	2.294	7
1821	1.824	1.843	2.157	2.118	7
1822	1.941	1.882	2.176	2.0	7
1823	2.0	1.882	2.137	1.961	7
1824	1.98	1.961	2.275	2.039	7
1825	1.961	2.02	2.294	2.157	7
1826	1.98	1.863	2.098	2.157	7
1827	1.98	1.804	2.059	2.039	7
1828	2.0	1.941	2.176	1.882	7
1829	2.039	2.078	2.176	1.843	7
1830	1.961	1.941	2.059	1.902	7
1831	1.961	1.824	2.0	2.0	7
1832	2.0	1.882	2.098	2.078	7
1833	2.059	2.059	2.118	2.078	7
1834	1.98	1.941	2.078	2.02	7
1835	1.941	1.863	2.098	1.902	7
1836	2.098	2.137	2.373	1.922	7
1837	2.275	2.255	2.373	1.941	7
1838	1.824	1.784	2.078	1.98	7
1839	1.882	1.784	2.059	2.02	7
1840	2.059	1.882	2.118	2.039	7
1841	2.098	1.863	2.176	2.02	7
1842	2.039	1.922	2.216	2.0	7
1843	2.0	1.902	2.137	1.98	7
1844	1.941	1.98	2.196	1.98	7
1845	1.961	2.02	2.196	1.98	7
1846	1.922	1.98	2.098	1.98	7
1847	1.882	1.961	2.098	1.98	7
1848	1.922	1.922	2.059	2.0	7
1849	1.922	1.882	2.039	1.961	7
1850	1.98	1.961	2.098	1.882	7
1851	2.02	1.941	2.039	1.843	7
1852	1.961	1.765	1.941	1.863	7
1853	1.941	1.922	2.098	1.941	7
1854	2.196	2.02	2.078	1.902	7
1855	1.882	1.608	1.804	1.804	7
1856	1.922	1.647	1.882	1.804	7
1857	1.98	1.686	1.882	1.843	7
1858	1.98	1.686	1.843	1.902	7
1859	1.941	1.667	1.824	1.902	7
1860	1.961	1.667	1.804	1.784	7
1861	1.961	1.824	1.863	1.706	7
1862	1.961	1.882	1.725	1.706	7
1863	1.882	1.765	1.608	1.725	7
1864	1.882	1.804	1.725	1.922	7
1865	2.059	1.941	1.745	2.059	7
1866	2.039	1.706	1.588	2.039	7
1867	1.941	1.725	1.608	1.902	7
1868	1.922	1.745	1.588	1.725	7
1869	1.922	1.745	1.529	1.627	7
1870	2.078	2.0	1.765	1.765	7
1871	2.275	1.98	1.863	1.961	7
1872	1.902	1.608	1.608	2.039	7
1873	1.98	1.627	1.667	2.0	7
1874	2.118	1.784	1.824	1.902	7
1875	2.137	1.843	1.902	1.882	7
1876	2.118	1.882	1.902	1.902	7
1877	2.118	1.961	1.922	1.941	7
1878	2.078	2.02	2.02	2.0	7
1879	2.039	2.078	2.098	2.098	7
1880	2.039	2.137	2.078	2.157	7
1881	1.961	2.078	2.059	2.157	7
1882	1.941	2.078	2.078	2.098	7
1883	1.902	2.078	2.216	2.059	7
1884	2.0	2.176	2.294	2.039	7
1885	1.961	2.137	2.235	2.059	7
1886	1.902	2.078	2.255	2.098	7
1887	1.961	2.255	2.392	2.157	7
1888	2.118	2.314	2.451	2.176	7
1889	1.784	1.902	2.216	2.078	7
1890	1.824	1.882	2.216	2.0	7
1891	1.902	1.902	2.216	1.98	7
1892	1.902	1.922	2.255	2.0	7
1893	1.863	1.941	2.216	2.039	7
1894	1.863	1.922	2.118	2.039	7
1895	1.824	1.922	2.216	2.02	7
1896	1.843	2.02	2.255	1.961	7
1897	1.843	2.02	2.176	1.961	7
1898	1.765	1.941	2.176	1.961	7
1899	1.824	1.941	2.098	1.98	7
1900	1.824	1.902	2.078	1.941	7
1901	1.882	1.98	2.157	1.941	7
1902	1.843	1.902	2.157	1.961	7
1903	1.784	1.745	2.078	1.922	7
1904	1.882	1.941	2.255	1.961	7
1905	2.078	1.98	2.275	1.961	7
1906	1.804	1.51	2.02	1.902	7
1907	1.863	1.569	2.059	1.843	7
1908	1.98	1.686	2.098	1.824	7
1909	2.02	1.686	2.078	1.843	7
1910	1.98	1.765	2.078	1.863	7
1911	1.941	1.843	2.078	1.863	7
1912	1.902	1.824	2.098	1.863	7
1913	1.922	1.863	2.157	1.863	7
1914	1.961	1.843	2.137	1.843	7
1915	1.941	1.804	2.039	1.843	7
1916	1.961	1.843	1.961	1.882	7
1917	1.961	1.902	2.039	1.922	7
1918	2.039	2.02	2.098	1.941	7
1919	2.039	1.941	2.078	1.902	7
1920	1.961	1.882	2.098	1.863	7
1921	2.078	2.078	2.314	1.863	7
1922	2.216	2.039	2.118	1.922	7
1923	1.941	1.529	1.804	1.843	7
1924	1.961	1.51	1.843	1.804	7
1925	2.039	1.647	1.961	1.784	7
1926	2.118	1.667	2.02	1.882	7
1927	2.059	1.647	2.0	1.98	7
1928	2.118	1.686	1.941	1.961	7
1929	2.137	1.725	1.902	1.941	7
1930	2.078	1.765	1.882	1.922	7
1931	2.02	1.804	1.882	1.902	7
1932	2.039	1.98	1.941	1.922	7
1933	2.078	2.02	1.961	1.941	7
1934	2.039	1.941	1.922	1.941	7
1935	2.02	1.824	1.804	1.922	7
1936	2.118	1.745	1.824	1.863	7
1937	2.157	1.784	1.902	1.824	7
1938	2.176	2.0	2.098	1.902	7
1939	2.275	2.196	2.137	2.039	7
1940	1.961	1.922	1.961	2.098	7
1941	2.0	2.0	2.02	2.118	7
1942	2.098	2.039	2.039	2.098	7
1943	2.078	1.98	2.176	2.098	7
1944	2.02	1.961	2.216	2.078	7
1945	2.137	2.157	2.235	2.0	7
1946	2.118	2.059	2.137	1.98	7
1947	1.941	1.922	2.059	2.02	7
1948	1.882	2.0	2.098	2.039	7
1949	1.863	2.059	2.137	2.098	7
1950	1.941	2.039	2.039	2.196	7
1951	1.961	1.961	2.039	2.235	7
1952	1.961	1.98	2.137	2.196	7
1953	1.922	1.922	2.196	2.098	7
1954	1.882	1.863	2.118	2.0	7
1955	1.902	2.0	2.196	2.0	7
1956	2.02	2.02	2.137	2.039	7
1957	1.706	1.549	1.843	1.98	7
1958	1.784	1.471	1.843	1.922	7
1959	1.902	1.686	2.02	1.98	7
1960	1.961	1.804	2.137	2.039	7
1961	1.863	1.725	2.078	2.098	7
1962	1.843	1.686	1.961	2.059	7
1963	1.843	1.804	2.039	1.961	7
1964	1.882	1.902	2.098	1.961	7
1965	1.843	1.922	2.157	1.961	7
1966	1.784	1.863	2.078	1.961	7
1967	1.725	1.882	2.078	1.961	7
1968	1.765	1.922	2.078	1.98	7
1969	1.824	2.039	2.137	2.0	7
1970	1.843	2.039	2.157	2.0	7
1971	1.765	1.961	2.176	2.0	7
1972	1.784	2.098	2.451	2.078	7
1973	2.02	2.216	2.471	2.157	7
1974	1.706	1.765	2.176	2.059	7
1975	1.745	1.824	2.255	1.961	7
1976	1.863	2.039	2.392	1.922	7
1977	1.902	2.0	2.333	1.922	7
1978	1.843	1.922	2.196	1.961	7
1979	1.863	1.98	2.216	1.98	7
1980	1.863	2.0	2.235	1.961	7
1981	1.863	2.02	2.294	2.0	7
1982	1.843	2.039	2.255	2.039	7
1983	1.824	2.059	2.275	2.078	7
1984	1.902	2.098	2.255	2.02	7
1985	1.882	2.039	2.235	2.0	7
1986	1.902	2.039	2.157	1.941	7
1987	1.961	1.961	1.961	1.922	7
1988	1.882	1.784	1.882	1.922	7
1989	1.902	1.882	2.216	1.98	7
1990	2.137	2.02	2.333	2.02	7
1991	1.882	1.608	1.961	1.961	7
1992	1.922	1.549	1.863	1.922	7
1993	2.078	1.647	1.882	1.863	7
1994	2.118	1.745	1.922	1.824	7
1995	2.02	1.706	1.863	1.824	7
1996	2.059	1.725	1.765	1.804	7
1997	2.039	1.745	1.804	1.784	7
1998	1.961	1.824	1.922	1.922	7
1999	2.0	1.922	1.922	2.039	7
