time	channel1	channel2	channel3	channel4	class
0	1.98	2.059	1.98	1.961	7
1	1.902	2.039	1.961	2.059	7
2	2.118	2.216	2.0	2.118	7
3	2.039	2.118	2.02	1.863	7
4	1.667	1.98	1.98	1.922	7
5	1.686	2.039	1.941	2.0	7
6	1.784	2.098	1.941	2.0	7
7	1.765	2.078	1.961	1.961	7
8	1.784	2.098	2.0	1.98	7
9	1.824	2.059	1.98	1.961	7
10	1.882	2.039	1.941	1.98	7
11	1.941	2.078	1.961	1.941	7
12	1.98	2.02	1.961	1.922	7
13	1.98	2.02	1.941	1.922	7
14	2.039	2.02	1.961	1.902	7
15	2.02	2.039	2.0	1.941	7
16	2.02	2.039	1.98	1.961	7
17	1.941	2.02	1.941	1.941	7
18	1.882	2.0	1.941	1.98	7
19	1.392	1.843	1.569	1.98	7
20	1.608	1.941	1.471	2.02	7
21	1.765	2.078	1.608	1.961	7
22	1.804	2.157	1.902	2.0	7
23	1.765	2.098	2.059	1.941	7
24	1.647	1.98	1.941	1.98	7
25	1.804	1.961	1.804	2.059	7
26	1.961	1.941	1.745	2.02	7
27	2.0	1.804	1.824	1.882	7
28	1.922	2.0	1.922	1.843	7
29	2.0	2.216	2.0	1.784	7
30	2.059	2.059	1.922	1.667	7
31	1.882	1.608	1.784	1.667	7
32	1.647	1.451	1.627	1.686	7
33	1.667	1.804	1.549	1.98	7
34	1.824	2.098	1.608	2.098	7
35	1.49	1.824	1.686	2.0	7
36	1.333	1.627	1.706	2.098	7
37	1.51	1.804	1.686	2.196	7
38	1.549	1.686	1.627	1.824	7
39	1.373	1.431	1.588	1.549	7
40	1.392	1.431	1.549	1.863	7
41	1.569	1.745	1.588	2.02	7
42	1.706	2.02	1.863	2.098	7
43	1.804	2.098	2.078	1.98	7
44	1.725	1.784	2.059	1.961	7
45	1.922	1.824	1.863	2.039	7
46	2.078	2.059	1.725	2.078	7
47	2.235	2.157	1.725	2.118	7
48	2.255	2.176	1.902	1.98	7
49	2.137	2.412	2.235	1.961	7
50	2.137	2.647	2.588	2.216	7
51	2.314	2.588	2.706	1.961	7
52	1.922	2.059	2.529	1.882	7
53	1.863	1.941	2.216	1.961	7
54	2.059	2.49	2.039	1.922	7
55	2.118	2.686	2.039	1.784	7
56	1.902	2.49	2.196	1.941	7
57	2.137	2.294	2.275	2.039	7
58	2.118	2.176	2.294	1.765	7
59	1.882	2.078	2.255	1.745	7
60	1.902	2.176	2.078	1.843	7
61	1.902	2.098	1.98	1.863	7
62	1.902	2.137	1.902	2.02	7
63	2.039	2.157	1.961	2.0	7
64	2.078	1.765	2.0	1.843	7
65	1.941	1.588	2.0	1.745	7
66	1.706	1.824	1.98	1.882	7
67	1.49	2.0	1.922	2.294	7
68	1.804	2.098	1.804	2.137	7
69	1.549	1.725	1.627	1.843	7
70	1.431	1.667	1.569	1.882	7
71	1.471	1.647	1.627	1.98	7
72	1.588	1.745	1.745	2.039	7
73	1.706	1.902	1.902	2.118	7
74	1.784	1.961	1.98	2.157	7
75	1.824	2.0	1.961	2.0	7
76	1.902	2.078	1.922	1.902	7
77	2.059	2.137	1.824	1.882	7
78	1.961	1.98	1.745	1.882	7
79	1.941	2.059	1.824	2.059	7
80	2.059	2.0	1.941	2.0	7
81	2.157	1.882	1.941	1.922	7
82	2.137	1.98	1.922	1.843	7
83	1.961	2.255	1.922	1.902	7
84	1.882	2.529	1.98	2.255	7
85	2.216	2.255	2.02	2.059	7
86	1.863	1.314	1.882	1.725	7
87	1.529	1.784	1.706	1.902	7
88	1.706	2.529	1.725	2.02	7
89	1.902	2.627	1.863	1.98	7
90	1.725	2.255	1.922	2.0	7
91	1.725	2.098	1.863	2.118	7
92	1.725	2.02	1.863	2.098	7
93	1.804	2.118	2.0	1.941	7
94	1.98	2.137	2.098	1.882	7
95	2.059	2.235	2.098	1.863	7
96	2.137	2.294	2.078	2.02	7
97	2.196	2.392	2.039	2.098	7
98	2.235	2.431	1.922	1.961	7
99	2.235	2.49	1.882	1.922	7
100	2.176	2.412	2.039	1.882	7
101	2.176	2.529	2.294	2.078	7
102	2.333	2.725	2.49	2.039	7
103	2.039	2.353	2.471	1.765	7
104	1.882	2.078	2.294	1.843	7
105	1.902	2.059	2.176	2.0	7
106	1.941	2.431	2.157	2.098	7
107	2.059	2.725	2.255	2.059	7
108	2.196	2.588	2.314	1.804	7
109	1.863	2.059	2.235	1.804	7
110	1.784	1.882	2.078	2.059	7
111	1.902	1.863	1.961	1.98	7
112	1.961	1.922	1.961	1.745	7
113	1.961	1.882	2.039	1.784	7
114	1.922	1.706	2.078	2.039	7
115	1.843	1.667	1.98	2.137	7
116	1.824	1.765	1.784	2.02	7
117	1.784	1.804	1.725	2.0	7
118	1.745	1.725	1.804	2.078	7
119	1.98	1.843	2.039	1.941	7
120	1.765	1.824	2.235	1.882	7
121	1.608	1.804	2.157	2.098	7
122	1.686	1.765	1.863	2.196	7
123	1.686	1.745	1.627	2.255	7
124	1.824	1.882	1.647	2.176	7
125	1.941	1.902	1.784	1.961	7
126	1.863	1.882	1.961	1.922	7
127	1.961	1.961	2.078	1.941	7
128	2.02	1.922	2.118	1.961	7
129	2.039	1.882	2.118	1.98	7
130	2.098	1.902	2.078	2.039	7
131	2.255	2.137	2.078	1.98	7
132	2.137	2.059	1.98	2.059	7
133	2.098	1.961	1.882	2.059	7
134	2.039	2.02	1.922	2.059	7
135	1.843	2.0	2.0	2.216	7
136	1.98	1.882	2.0	1.98	7
137	1.627	1.686	1.882	1.608	7
138	1.451	1.804	1.706	1.745	7
139	1.549	1.706	1.706	1.922	7
140	1.627	1.843	1.882	2.098	7
141	1.686	2.059	2.059	2.275	7
142	1.804	1.98	2.059	1.941	7
143	1.647	1.765	1.843	1.686	7
144	1.549	1.725	1.647	1.824	7
145	1.765	1.725	1.569	1.98	7
146	1.863	1.765	1.667	1.765	7
147	1.843	1.686	1.902	1.529	7
148	1.784	1.451	2.059	1.588	7
149	1.804	1.667	2.039	1.922	7
150	1.882	2.039	1.863	2.275	7
151	2.098	2.353	1.745	2.451	7
152	2.235	2.294	1.824	2.137	7
153	2.196	2.098	2.02	1.784	7
154	1.824	1.784	2.118	1.706	7
155	1.627	1.725	1.98	1.941	7
156	1.667	1.902	1.863	1.98	7
157	1.725	2.059	1.902	1.98	7
158	1.706	1.902	2.0	2.0	7
159	1.765	1.843	2.0	2.059	7
160	1.843	1.961	1.941	2.118	7
161	2.02	2.176	1.941	2.039	7
162	1.922	2.118	2.0	1.941	7
163	1.784	2.0	2.059	2.078	7
164	1.863	2.02	2.059	2.176	7
165	1.922	1.882	2.039	2.02	7
166	2.0	1.941	2.0	1.961	7
167	1.98	1.961	1.941	1.804	7
168	1.745	1.882	1.863	1.784	7
169	1.608	1.745	1.804	2.0	7
170	1.922	1.725	1.863	1.686	7
171	1.765	1.745	1.98	1.471	7
172	1.549	2.0	2.039	2.02	7
173	1.686	2.235	2.0	2.373	7
174	1.882	2.471	1.941	2.333	7
175	1.941	2.431	1.98	2.059	7
176	1.922	2.137	2.02	1.49	7
177	1.882	1.824	2.0	1.647	7
178	1.961	1.98	2.0	1.922	7
179	1.902	2.118	1.941	2.137	7
180	2.02	2.235	1.882	2.157	7
181	2.216	2.333	1.941	2.137	7
182	2.216	2.314	1.922	1.98	7
183	1.882	2.196	1.745	1.961	7
184	1.863	2.0	1.608	1.902	7
185	1.922	1.706	1.765	1.686	7
186	2.078	2.039	2.235	1.902	7
187	2.353	2.588	2.608	2.353	7
188	2.098	2.569	2.549	2.627	7
189	1.725	2.333	2.02	2.569	7
190	1.667	2.157	1.471	2.02	7
191	1.784	1.961	1.294	1.843	7
192	1.804	1.941	1.569	1.725	7
193	1.863	2.039	2.02	1.863	7
194	2.118	2.196	2.353	2.039	7
195	2.235	2.275	2.49	1.922	7
196	2.255	2.373	2.412	1.863	7
197	2.196	2.176	2.235	1.961	7
198	2.275	2.333	2.039	1.961	7
199	2.314	2.216	1.961	1.824	7
200	2.275	2.02	1.961	2.02	7
201	2.353	2.157	1.961	2.137	7
202	2.353	2.49	2.0	2.0	7
203	2.078	2.255	2.078	2.059	7
204	2.294	2.451	2.333	2.059	7
205	2.157	2.176	2.51	1.765	7
206	1.725	2.02	2.392	1.706	7
207	1.745	1.98	2.098	1.725	7
208	1.725	1.824	1.725	1.706	7
209	1.647	1.725	1.588	2.039	7
210	1.725	1.98	1.725	2.196	7
211	1.765	2.196	1.922	2.255	7
212	1.784	2.118	2.039	2.118	7
213	1.745	1.824	2.02	1.804	7
214	1.706	1.667	1.902	1.725	7
215	1.627	1.647	1.725	1.765	7
216	1.608	1.667	1.686	1.902	7
217	1.667	1.706	1.745	2.0	7
218	1.784	1.824	1.784	1.902	7
219	1.686	1.922	1.784	1.765	7
220	1.51	1.863	1.784	2.039	7
221	1.627	1.922	1.765	2.275	7
222	1.647	1.98	1.882	2.137	7
223	1.627	2.098	1.961	2.118	7
224	1.647	2.157	1.922	1.843	7
225	1.49	1.98	1.784	1.902	7
226	1.51	1.843	1.706	2.02	7
227	1.706	2.059	1.765	2.039	7
228	1.824	2.333	1.882	1.941	7
229	1.882	2.451	2.098	2.098	7
230	1.902	2.412	2.176	2.0	7
231	1.863	2.118	2.078	1.882	7
232	1.882	1.745	1.941	1.882	7
233	1.824	1.922	1.863	1.961	7
234	1.882	2.216	1.784	2.157	7
235	1.824	2.059	1.667	2.059	7
236	1.667	1.784	1.627	2.059	7
237	1.549	1.882	1.627	2.235	7
238	1.922	2.392	1.804	2.216	7
239	1.804	1.922	1.961	1.922	7
240	1.451	1.765	1.922	1.863	7
241	1.49	1.961	1.824	1.882	7
242	1.608	1.98	1.784	1.941	7
243	1.667	2.078	1.843	1.824	7
244	1.725	2.078	1.922	1.745	7
245	1.784	2.0	1.843	1.882	7
246	1.98	2.157	1.765	1.98	7
247	2.039	2.176	1.824	2.059	7
248	2.196	2.373	2.02	1.902	7
249	2.216	2.373	2.176	1.627	7
250	2.098	1.922	2.275	1.588	7
251	2.157	1.608	2.216	1.961	7
252	2.216	1.961	2.059	2.0	7
253	2.137	2.451	1.961	1.882	7
254	1.882	2.49	1.922	2.098	7
255	1.961	2.392	1.961	2.059	7
256	1.804	1.804	2.059	1.725	7
257	1.49	1.431	2.0	1.863	7
258	1.471	1.745	1.824	2.078	7
259	1.608	1.922	1.627	2.078	7
260	1.569	1.863	1.588	2.098	7
261	1.569	1.922	1.667	2.059	7
262	1.608	1.882	1.863	1.765	7
263	1.627	1.647	2.0	1.706	7
264	1.686	1.725	2.098	1.824	7
265	1.725	1.863	1.941	2.078	7
266	1.804	2.059	1.745	2.431	7
267	2.118	2.176	1.706	2.275	7
268	2.275	2.176	1.922	1.922	7
269	2.353	2.176	2.196	1.725	7
270	2.235	2.294	2.353	1.824	7
271	2.196	2.333	2.333	1.98	7
272	2.49	2.569	2.275	2.039	7
273	2.373	2.529	2.216	1.725	7
274	2.118	2.431	2.118	1.941	7
275	2.118	2.471	2.137	2.0	7
276	2.216	2.431	2.333	1.98	7
277	2.294	2.373	2.51	1.98	7
278	2.196	2.627	2.49	2.0	7
279	2.196	2.627	2.275	1.961	7
280	2.059	1.961	2.059	1.804	7
281	2.059	1.706	2.02	1.765	7
282	2.059	2.216	2.059	1.863	7
283	2.098	2.451	2.0	2.059	7
284	2.118	2.176	1.824	2.02	7
285	2.078	1.961	1.725	2.02	7
286	1.882	1.725	1.784	1.882	7
287	1.745	1.686	2.059	1.725	7
288	1.667	1.627	2.235	1.941	7
289	1.843	1.882	2.157	2.118	7
290	1.804	1.882	1.882	2.02	7
291	1.588	1.922	1.608	2.078	7
292	1.882	2.235	1.569	1.882	7
293	1.784	2.098	1.824	1.863	7
294	1.784	2.118	2.118	1.922	7
295	1.765	1.941	2.196	1.98	7
296	1.765	1.882	2.137	2.039	7
297	1.961	2.078	1.98	1.941	7
298	2.118	2.255	1.922	2.0	7
299	2.137	2.118	1.98	2.02	7
300	2.137	2.176	2.059	1.961	7
301	2.137	2.196	2.078	1.804	7
302	2.157	2.216	2.098	1.882	7
303	2.059	2.039	2.059	1.941	7
304	1.922	1.922	1.98	1.941	7
305	1.824	1.922	1.902	2.235	7
306	2.137	2.216	1.922	2.294	7
307	1.98	2.118	1.961	1.843	7
308	1.51	1.745	1.922	1.686	7
309	1.333	1.706	1.765	1.961	7
310	1.569	1.922	1.686	2.353	7
311	1.686	1.961	1.745	2.275	7
312	1.667	1.902	1.804	2.0	7
313	1.608	1.706	1.765	1.882	7
314	1.608	1.667	1.667	1.902	7
315	1.549	1.706	1.627	2.098	7
316	1.784	1.843	1.647	2.216	7
317	1.922	1.98	1.706	2.176	7
318	2.02	2.059	1.804	1.902	7
319	1.882	1.902	1.843	1.824	7
320	1.824	1.804	1.824	1.627	7
321	1.824	1.922	1.843	1.765	7
322	1.824	2.118	1.882	2.333	7
323	2.235	2.353	1.902	2.529	7
324	2.098	2.255	1.804	2.196	7
325	1.588	2.039	1.647	1.98	7
326	1.627	2.059	1.706	1.863	7
327	1.843	1.941	1.902	1.863	7
328	1.686	1.98	2.039	1.686	7
329	1.569	2.137	2.02	1.765	7
330	1.627	1.745	1.863	2.02	7
331	1.863	1.431	1.784	2.137	7
332	1.941	1.647	1.725	2.0	7
333	1.804	2.118	1.725	1.804	7
334	1.608	1.961	1.725	1.902	7
335	1.647	1.863	1.725	2.039	7
336	1.706	1.686	1.745	2.02	7
337	1.627	1.549	1.784	1.98	7
338	1.667	1.549	1.922	1.902	7
339	1.667	1.667	1.98	1.98	7
340	1.961	2.0	2.078	2.078	7
341	2.078	2.098	2.098	1.725	7
342	1.667	2.059	2.098	1.863	7
343	1.725	2.118	2.098	2.02	7
344	1.725	2.059	2.039	2.039	7
345	1.824	2.255	2.059	2.059	7
346	2.059	2.471	2.118	2.039	7
347	2.196	2.451	2.216	1.882	7
348	2.255	2.431	2.333	1.686	7
349	2.353	2.49	2.431	1.647	7
350	2.569	2.549	2.529	1.549	7
351	2.51	2.471	2.588	1.667	7
352	2.373	2.392	2.529	1.922	7
353	2.255	2.373	2.255	2.078	7
354	2.255	2.451	2.0	1.686	7
355	2.098	2.333	2.0	1.549	7
356	1.961	2.039	2.294	2.0	7
357	2.255	1.922	2.451	2.294	7
358	2.098	1.98	2.392	2.02	7
359	1.627	2.02	2.0	2.039	7
360	1.588	2.078	1.608	1.98	7
361	1.627	1.961	1.431	1.961	7
362	1.569	1.667	1.549	1.98	7
363	1.412	1.49	1.745	2.039	7
364	1.51	1.569	1.882	2.118	7
365	1.824	1.784	2.0	2.176	7
366	1.961	1.922	2.098	2.137	7
367	1.882	1.843	2.078	2.118	7
368	1.882	1.863	1.882	2.157	7
369	2.0	1.843	1.627	2.118	7
370	2.02	1.902	1.588	2.235	7
371	2.294	2.157	1.784	2.118	7
372	2.235	2.235	2.078	1.922	7
373	2.039	2.078	2.314	1.804	7
374	2.176	2.373	2.373	2.118	7
375	2.255	2.412	2.294	2.02	7
376	1.941	2.373	2.157	2.098	7
377	2.078	2.569	2.078	2.039	7
378	2.059	2.353	2.039	1.784	7
379	1.843	2.176	2.059	1.784	7
380	2.0	2.275	2.157	1.882	7
381	1.98	2.294	2.255	1.843	7
382	1.882	2.431	2.275	1.941	7
383	2.059	2.588	2.275	1.941	7
384	2.059	2.412	2.255	1.941	7
385	1.961	2.078	2.098	1.863	7
386	1.725	1.784	1.843	1.784	7
387	1.765	1.882	1.725	1.941	7
388	1.941	1.98	1.745	1.882	7
389	1.725	1.941	1.784	1.882	7
390	1.608	2.039	1.882	2.0	7
391	1.961	2.255	2.039	2.118	7
392	1.961	2.039	2.059	1.725	7
393	1.275	1.627	1.882	1.843	7
394	1.412	1.902	1.784	2.157	7
395	1.608	2.02	1.784	1.863	7
396	1.588	2.0	1.745	1.725	7
397	1.706	1.902	1.745	1.941	7
398	1.725	1.902	1.784	1.98	7
399	1.686	1.941	1.824	2.078	7
400	1.843	2.039	1.824	2.137	7
401	2.039	2.196	1.824	2.02	7
402	2.039	2.216	1.863	1.902	7
403	2.0	2.118	1.98	1.824	7
404	1.882	1.922	2.098	1.824	7
405	1.765	1.843	2.059	1.98	7
406	1.686	1.804	1.843	2.137	7
407	1.824	1.843	1.549	2.275	7
408	1.941	2.137	1.451	2.275	7
409	1.745	2.0	1.588	1.902	7
410	1.314	1.608	1.765	1.902	7
411	1.314	1.745	1.843	2.02	7
412	1.451	2.0	1.863	2.157	7
413	1.529	1.804	1.804	1.941	7
414	1.431	1.667	1.667	1.784	7
415	1.353	1.725	1.529	2.059	7
416	1.804	1.902	1.588	2.157	7
417	1.824	1.922	1.725	2.0	7
418	1.863	2.098	1.882	1.882	7
419	1.863	1.902	1.941	1.686	7
420	1.941	1.882	1.882	1.765	7
421	2.078	2.098	1.902	1.725	7
422	2.196	2.176	2.02	1.471	7
423	2.0	1.882	2.118	1.235	7
424	1.922	2.137	2.196	1.608	7
425	2.255	2.627	2.216	2.118	7
426	2.294	2.471	2.118	2.255	7
427	2.039	2.216	1.98	2.569	7
428	2.098	2.451	1.902	2.275	7
429	2.314	2.725	1.961	1.725	7
430	2.098	2.392	2.176	1.627	7
431	1.804	1.706	2.275	1.745	7
432	1.627	1.569	2.176	1.882	7
433	1.627	1.98	1.98	2.157	7
434	1.706	2.157	1.765	2.255	7
435	1.922	2.078	1.706	2.235	7
436	2.039	1.824	1.824	2.294	7
437	1.961	1.647	1.922	2.275	7
438	1.804	1.706	1.98	2.078	7
439	1.961	1.941	2.02	1.922	7
440	2.0	2.157	2.059	2.118	7
441	1.745	1.941	2.078	2.373	7
442	1.902	1.98	2.0	2.51	7
443	1.961	1.961	1.824	1.804	7
444	1.51	1.725	1.745	1.627	7
445	1.647	1.902	1.824	1.824	7
446	2.157	2.431	2.098	2.216	7
447	2.569	2.824	2.49	2.275	7
448	2.392	2.569	2.588	1.961	7
449	2.314	2.471	2.373	1.686	7
450	2.353	2.49	2.137	1.686	7
451	2.431	2.549	2.137	1.804	7
452	2.549	2.706	2.294	1.843	7
453	2.549	2.588	2.392	1.745	7
454	2.569	2.275	2.333	1.686	7
455	2.392	2.235	2.176	1.882	7
456	2.353	2.627	2.118	2.333	7
457	2.471	2.667	2.039	2.314	7
458	2.196	2.196	1.941	1.941	7
459	2.02	2.078	1.824	1.804	7
460	1.98	2.137	1.824	1.333	7
461	1.549	1.725	1.922	1.294	7
462	1.49	1.706	2.118	1.667	7
463	1.549	1.784	2.275	1.941	7
464	1.451	1.784	2.216	2.275	7
465	1.627	1.902	1.961	2.196	7
466	1.843	2.02	1.725	1.765	7
467	1.706	1.804	1.627	1.824	7
468	1.765	1.765	1.765	2.078	7
469	1.745	1.569	1.863	2.078	7
470	1.824	1.745	2.0	1.941	7
471	1.922	1.804	2.098	1.882	7
472	1.902	1.824	2.098	1.98	7
473	2.02	2.039	2.039	2.059	7
474	2.059	2.059	2.02	2.137	7
475	1.98	1.941	1.961	2.235	7
476	2.039	2.137	1.98	2.431	7
477	2.098	2.176	2.078	2.157	7
478	1.667	1.98	2.078	2.098	7
479	1.569	1.98	1.98	2.078	7
480	1.667	2.078	1.863	2.078	7
481	1.588	1.882	1.784	2.059	7
482	1.549	1.922	1.765	2.255	7
483	1.686	2.118	1.765	2.176	7
484	1.745	2.118	1.843	1.922	7
485	1.608	1.922	1.902	1.882	7
486	1.725	1.98	1.961	1.961	7
487	1.745	2.0	1.902	1.961	7
488	1.745	2.02	1.824	1.98	7
489	1.765	2.02	1.765	1.98	7
490	1.784	2.0	1.706	1.882	7
491	1.706	1.941	1.765	1.784	7
492	1.627	2.059	1.804	1.882	7
493	1.863	2.353	1.882	1.843	7
494	1.902	2.333	1.824	1.784	7
495	1.333	1.961	1.667	2.0	7
496	1.294	1.941	1.49	2.196	7
497	1.608	2.059	1.529	2.059	7
498	1.529	1.961	1.824	1.882	7
499	1.431	2.098	1.961	1.882	7
500	1.627	2.157	1.98	1.784	7
501	1.569	1.804	1.824	1.569	7
502	1.529	1.627	1.706	1.49	7
503	1.412	1.745	1.608	1.706	7
504	1.471	1.745	1.569	2.275	7
505	1.725	1.686	1.569	2.647	7
506	1.863	1.843	1.667	2.157	7
507	2.0	2.0	1.882	1.627	7
508	1.725	1.745	2.118	1.608	7
509	1.588	1.824	2.314	1.961	7
510	1.902	2.157	2.333	2.255	7
511	2.0	1.941	2.196	2.039	7
512	1.706	1.725	1.824	2.059	7
513	1.843	2.176	1.647	2.118	7
514	1.941	2.353	1.686	2.137	7
515	2.039	2.255	1.961	2.0	7
516	2.137	2.039	2.353	2.0	7
517	2.333	2.235	2.549	2.098	7
518	2.451	2.529	2.51	2.059	7
519	2.471	2.51	2.333	1.804	7
520	2.314	2.333	2.098	1.706	7
521	2.314	2.196	2.02	1.745	7
522	2.353	2.176	2.078	1.902	7
523	2.51	2.451	2.216	2.196	7
524	2.667	2.745	2.294	2.137	7
525	2.392	2.373	2.196	1.706	7
526	1.922	1.725	1.922	1.627	7
527	1.961	1.882	1.765	1.941	7
528	1.98	2.118	1.765	1.784	7
529	1.49	1.706	1.863	1.882	7
530	1.588	1.647	1.922	1.882	7
531	1.647	1.608	1.882	1.686	7
532	1.51	1.667	1.725	1.725	7
533	1.471	1.804	1.569	2.216	7
534	1.667	1.686	1.471	2.294	7
535	1.706	1.608	1.569	1.98	7
536	1.686	1.627	1.725	1.745	7
537	1.863	1.667	1.843	1.686	7
538	1.745	1.49	1.804	1.804	7
539	1.922	1.667	1.804	1.902	7
540	2.02	1.824	1.882	2.078	7
541	2.078	2.059	2.078	2.157	7
542	2.412	2.294	2.294	1.961	7
543	2.196	2.059	2.275	1.922	7
544	2.471	2.451	2.157	2.216	7
545	2.686	2.549	2.157	1.902	7
546	2.216	2.353	2.196	1.922	7
547	2.196	2.314	2.255	1.961	7
548	2.216	2.392	2.373	1.922	7
549	2.235	2.49	2.451	1.941	7
550	2.294	2.569	2.451	2.137	7
551	2.353	2.588	2.392	2.275	7
552	2.471	2.608	2.373	2.039	7
553	2.255	2.314	2.392	1.765	7
554	2.137	2.255	2.392	1.902	7
555	2.196	2.255	2.314	2.039	7
556	2.196	2.157	2.118	2.0	7
557	2.098	2.098	2.0	1.941	7
558	2.078	2.039	2.0	1.784	7
559	1.843	1.784	2.02	1.706	7
560	1.569	1.686	1.941	1.882	7
561	1.667	1.941	1.922	2.294	7
562	1.863	2.0	2.0	1.961	7
563	1.392	1.706	1.941	1.824	7
564	1.196	1.627	1.804	1.824	7
565	1.333	1.765	1.667	1.941	7
566	1.529	1.98	1.647	2.118	7
567	1.471	1.882	1.725	2.098	7
568	1.549	1.98	1.843	1.941	7
569	1.667	2.02	1.961	1.765	7
570	1.51	1.922	1.961	1.745	7
571	1.549	1.902	1.804	1.725	7
572	1.529	1.98	1.627	1.804	7
573	1.98	2.275	1.569	1.667	7
574	1.882	2.176	1.627	1.98	7
575	1.863	2.314	1.804	2.235	7
576	1.784	2.314	1.941	2.275	7
577	1.745	2.353	2.0	2.176	7
578	1.98	2.863	2.059	1.922	7
579	2.078	2.569	2.02	1.569	7
580	1.392	1.804	1.804	1.941	7
581	1.569	2.118	1.647	2.353	7
582	1.882	2.588	1.627	2.333	7
583	1.667	2.588	1.667	2.02	7
584	1.686	2.451	1.824	2.02	7
585	1.725	2.137	1.922	2.137	7
586	1.784	2.098	1.863	2.078	7
587	1.784	2.176	1.804	2.196	7
588	2.02	2.294	1.843	2.333	7
589	2.137	2.353	1.922	2.235	7
590	2.098	2.137	1.902	2.137	7
591	1.804	1.784	1.765	2.098	7
592	1.765	1.647	1.608	2.0	7
593	1.765	1.824	1.549	1.98	7
594	1.725	1.784	1.549	1.863	7
595	1.706	1.608	1.667	1.843	7
596	1.745	1.843	1.784	1.627	7
597	1.549	1.863	1.843	1.745	7
598	1.569	1.804	1.882	2.098	7
599	1.392	1.549	1.745	2.137	7
600	1.49	1.667	1.667	2.059	7
601	1.706	1.765	1.784	1.98	7
602	1.824	1.824	1.902	1.804	7
603	1.784	1.824	1.863	1.627	7
604	2.039	2.02	1.922	1.647	7
605	1.961	1.725	1.98	1.725	7
606	1.961	1.745	2.078	1.961	7
607	2.118	2.039	2.137	2.02	7
608	2.431	2.294	2.196	1.784	7
609	2.471	2.275	2.235	1.843	7
610	2.235	2.059	2.294	1.882	7
611	2.137	2.137	2.333	1.98	7
612	2.196	2.373	2.294	2.275	7
613	2.431	2.235	2.176	2.098	7
614	2.02	1.804	2.059	1.922	7
615	2.235	2.353	2.059	1.961	7
616	2.196	2.588	2.275	1.922	7
617	2.098	2.412	2.529	2.0	7
618	1.961	2.059	2.667	1.863	7
619	1.902	2.078	2.51	1.784	7
620	2.059	2.176	2.176	1.98	7
621	1.98	1.941	1.882	2.098	7
622	2.098	1.765	1.824	2.059	7
623	2.196	1.608	1.941	1.941	7
624	2.196	1.882	2.157	1.647	7
625	1.98	2.157	2.275	1.608	7
626	1.941	1.98	2.176	1.745	7
627	1.784	1.647	1.961	2.216	7
628	1.941	1.784	1.804	2.49	7
629	2.02	1.882	1.765	2.255	7
630	2.137	2.078	1.922	1.784	7
631	1.627	1.686	2.039	1.627	7
632	1.471	1.706	2.078	1.843	7
633	1.706	1.941	2.059	2.0	7
634	1.882	2.0	1.98	1.941	7
635	1.804	1.98	1.961	1.941	7
636	1.902	2.0	2.02	2.0	7
637	1.863	1.922	2.059	1.98	7
638	1.804	1.98	2.039	2.039	7
639	2.039	2.02	2.02	2.039	7
640	2.078	2.039	1.98	2.02	7
641	2.157	2.098	1.98	2.078	7
642	2.255	2.157	2.0	2.039	7
643	2.098	2.039	2.039	1.941	7
644	1.941	1.941	2.137	1.843	7
645	1.882	1.961	2.216	1.882	7
646	1.824	2.098	2.176	2.02	7
647	1.824	2.02	2.059	1.784	7
648	1.569	1.98	1.941	2.0	7
649	1.549	2.02	1.863	2.157	7
650	1.647	1.961	1.784	1.745	7
651	1.392	1.608	1.706	1.667	7
652	1.412	1.725	1.706	2.118	7
653	1.686	2.118	1.725	2.333	7
654	1.686	1.922	1.745	1.941	7
655	1.588	1.961	1.863	1.725	7
656	1.725	2.098	1.98	1.765	7
657	1.706	1.922	1.922	1.98	7
658	1.882	2.039	1.745	2.078	7
659	2.0	2.294	1.647	2.02	7
660	1.961	2.235	1.647	1.98	7
661	1.784	2.118	1.725	2.078	7
662	1.863	2.235	1.765	2.196	7
663	1.961	2.49	1.725	2.216	7
664	2.02	2.549	1.725	1.784	7
665	1.627	2.235	1.745	1.529	7
666	1.51	2.353	1.843	1.863	7
667	1.745	2.49	1.922	2.118	7
668	1.784	2.471	1.902	2.118	7
669	1.667	2.412	1.882	2.275	7
670	1.941	2.529	1.804	2.137	7
671	2.0	2.451	1.706	1.863	7
672	1.863	2.412	1.686	2.078	7
673	1.941	2.451	1.745	1.98	7
674	1.98	2.314	1.843	1.745	7
675	1.941	2.137	1.863	1.706	7
676	1.843	1.941	1.843	2.02	7
677	2.137	2.157	1.882	2.255	7
678	2.176	2.353	1.922	2.176	7
679	1.961	2.333	1.961	2.039	7
680	1.941	2.255	2.118	2.176	7
681	2.118	2.235	2.196	2.137	7
682	1.804	2.02	2.059	2.196	7
683	1.824	2.118	1.863	2.059	7
684	1.667	1.961	1.745	1.902	7
685	1.725	1.922	1.824	1.882	7
686	1.706	1.804	2.0	1.882	7
687	1.627	1.784	2.098	1.784	7
688	1.549	1.569	2.039	1.824	7
689	1.941	1.667	2.039	2.039	7
690	2.157	1.863	2.078	2.196	7
691	2.078	1.941	2.02	2.157	7
692	2.078	2.059	1.961	1.882	7
693	2.039	2.059	2.0	1.745	7
694	1.902	1.667	2.098	1.706	7
695	1.725	1.275	2.078	1.725	7
696	1.745	1.608	1.98	1.882	7
697	1.882	2.039	1.863	2.314	7
698	2.176	2.157	1.784	2.098	7
699	1.902	1.941	1.745	1.902	7
700	1.588	1.647	1.765	2.02	7
701	1.588	1.588	1.863	2.02	7
702	1.843	1.745	1.961	1.882	7
703	1.922	1.706	2.0	1.804	7
704	1.902	1.98	1.961	1.706	7
705	1.824	2.118	1.922	1.843	7
706	1.922	2.078	1.941	1.922	7
707	2.235	2.078	2.098	1.804	7
708	2.216	1.667	2.176	1.667	7
709	2.059	1.667	2.118	1.902	7
710	2.176	1.961	2.118	1.961	7
711	2.235	1.98	2.176	1.765	7
712	2.118	1.608	2.196	1.588	7
713	2.137	1.588	2.235	1.647	7
714	2.196	2.078	2.333	2.0	7
715	2.51	2.471	2.412	1.98	7
716	2.255	2.176	2.412	1.804	7
717	1.922	1.922	2.333	1.824	7
718	2.039	2.02	2.275	2.039	7
719	2.176	1.902	2.255	2.02	7
720	2.02	1.843	2.333	2.078	7
721	2.098	1.941	2.471	1.98	7
722	2.0	1.784	2.412	1.941	7
723	2.02	1.863	2.216	1.961	7
724	2.235	2.0	2.118	2.059	7
725	2.157	1.863	2.059	2.0	7
726	1.98	1.686	2.078	1.98	7
727	1.941	1.647	2.098	2.02	7
728	1.961	1.549	2.059	1.745	7
729	1.824	1.451	1.941	1.725	7
730	1.706	1.451	1.863	2.0	7
731	1.627	1.608	1.941	2.333	7
732	1.863	1.922	2.078	2.353	7
733	1.549	1.529	2.0	1.863	7
734	1.098	1.235	1.804	1.627	7
735	1.275	1.412	1.706	1.667	7
736	1.314	1.549	1.667	1.941	7
737	1.255	1.627	1.627	2.549	7
738	1.471	1.784	1.588	2.392	7
739	1.569	1.98	1.627	1.784	7
740	1.49	1.843	1.824	1.569	7
741	1.392	1.843	2.0	2.02	7
742	1.627	2.02	2.02	2.235	7
743	1.569	1.922	1.843	2.196	7
744	1.49	1.98	1.627	2.157	7
745	1.745	2.137	1.569	2.098	7
746	1.725	2.059	1.627	1.941	7
747	1.451	2.216	1.706	1.941	7
748	1.49	2.627	1.706	2.373	7
749	1.784	2.686	1.667	2.314	7
750	1.314	2.059	1.608	1.941	7
751	1.118	2.059	1.608	1.961	7
752	1.412	2.431	1.745	2.137	7
753	1.627	2.549	1.863	2.176	7
754	1.588	2.608	1.863	2.039	7
755	1.725	2.647	1.706	1.824	7
756	1.569	2.471	1.51	1.902	7
757	1.647	2.529	1.412	2.255	7
758	1.902	2.725	1.529	2.412	7
759	2.118	2.922	1.784	2.02	7
760	2.118	2.941	1.98	1.647	7
761	2.059	2.784	2.02	1.725	7
762	2.059	2.765	1.941	1.882	7
763	2.059	2.745	1.824	1.882	7
764	1.98	2.902	1.745	1.843	7
765	2.0	3.176	1.863	2.0	7
766	2.392	3.412	2.098	1.961	7
767	1.941	2.686	2.118	1.765	7
768	1.627	2.804	1.922	2.059	7
769	1.627	2.922	1.804	2.0	7
770	1.667	2.608	1.863	2.0	7
771	1.922	2.627	1.941	1.961	7
772	1.98	2.922	1.941	1.51	7
773	1.863	2.902	1.882	1.412	7
774	1.941	2.647	1.961	1.667	7
775	2.0	2.216	2.157	1.902	7
776	1.882	1.863	2.176	2.157	7
777	1.902	2.196	2.02	2.196	7
778	2.157	2.706	1.882	1.98	7
779	2.392	2.627	1.882	1.922	7
780	2.333	2.255	1.843	1.725	7
781	2.078	1.922	1.863	1.863	7
782	2.098	2.039	1.922	2.216	7
783	2.392	2.275	2.059	2.118	7
784	2.216	2.255	2.196	1.922	7
785	2.059	2.235	2.216	1.98	7
786	2.02	2.157	2.176	2.137	7
787	2.235	2.255	2.078	2.275	7
788	2.333	2.412	1.98	2.118	7
789	2.529	2.49	1.98	1.843	7
790	2.49	2.157	2.176	1.706	7
791	2.412	2.0	2.373	1.647	7
792	2.235	2.078	2.353	1.843	7
793	2.118	2.078	2.137	2.176	7
794	2.294	2.157	2.0	2.275	7
795	2.392	2.0	1.941	1.902	7
796	2.294	1.765	1.98	1.725	7
797	2.216	1.588	2.039	1.843	7
798	2.098	1.627	2.098	1.941	7
799	2.02	1.725	2.176	2.333	7
800	2.157	1.765	2.216	2.118	7
801	1.882	1.608	2.235	1.706	7
802	1.647	1.451	2.196	1.902	7
803	1.686	1.49	2.039	2.118	7
804	1.745	1.451	1.863	2.098	7
805	1.549	1.275	1.784	2.039	7
806	1.627	1.314	1.824	2.098	7
807	1.804	1.471	1.941	2.078	7
808	1.824	1.353	2.059	1.902	7
809	1.569	1.157	2.118	1.824	7
810	1.686	1.373	2.137	1.922	7
811	1.902	1.471	2.098	1.863	7
812	1.725	1.333	1.922	1.98	7
813	1.706	1.51	1.804	2.196	7
814	1.941	1.647	1.824	2.137	7
815	1.627	1.49	1.902	2.039	7
816	1.51	1.588	1.961	1.941	7
817	1.725	1.765	1.941	1.824	7
818	1.51	1.608	1.961	1.863	7
819	1.373	1.608	1.941	1.922	7
820	1.392	1.745	1.863	1.98	7
821	1.373	1.667	1.706	2.039	7
822	1.431	1.667	1.647	1.98	7
823	1.471	1.784	1.706	1.961	7
824	1.627	2.02	1.882	2.059	7
825	1.784	2.137	2.059	2.02	7
826	1.882	2.118	1.98	1.98	7
827	1.882	1.98	1.784	1.863	7
828	1.745	1.843	1.627	1.902	7
829	1.765	2.0	1.686	1.902	7
830	2.0	2.196	1.922	1.941	7
831	2.039	2.235	2.0	1.882	7
832	1.863	2.157	1.922	1.627	7
833	1.686	2.118	1.824	1.824	7
834	1.961	2.294	1.863	2.078	7
835	1.882	2.294	1.863	2.059	7
836	1.804	2.294	1.804	1.863	7
837	1.745	2.353	1.843	1.627	7
838	1.608	2.078	1.863	1.725	7
839	1.412	1.569	1.745	2.176	7
840	1.745	1.745	1.608	2.392	7
841	1.824	2.176	1.588	2.137	7
842	1.863	2.451	1.765	1.745	7
843	1.765	2.255	1.882	1.843	7
844	1.765	2.039	1.922	1.941	7
845	1.686	1.843	1.784	1.961	7
846	1.922	1.725	1.745	1.961	7
847	2.059	1.608	1.784	2.157	7
848	2.098	2.098	1.922	2.314	7
849	2.039	2.451	2.02	2.176	7
850	1.863	2.431	2.02	2.216	7
851	2.098	2.392	2.02	2.02	7
852	1.882	2.176	2.02	1.843	7
853	1.784	2.235	2.098	2.02	7
854	1.98	2.373	2.137	2.098	7
855	2.078	2.431	2.157	2.137	7
856	2.216	2.569	2.196	2.216	7
857	2.294	2.569	2.196	2.0	7
858	2.176	2.451	2.137	1.882	7
859	2.353	2.608	2.118	1.863	7
860	2.49	2.588	2.196	1.863	7
861	2.412	2.431	2.314	1.843	7
862	2.412	2.49	2.451	1.863	7
863	2.49	2.569	2.49	1.824	7
864	2.333	2.294	2.412	1.824	7
865	2.157	2.039	2.216	1.824	7
866	2.078	1.902	1.98	1.961	7
867	2.118	2.137	1.863	2.314	7
868	2.471	2.49	1.941	2.157	7
869	2.0	2.039	2.098	1.588	7
870	1.49	1.569	2.196	1.431	7
871	1.667	1.686	2.275	1.529	7
872	1.98	1.843	2.314	1.804	7
873	1.863	1.765	2.196	2.137	7
874	1.706	1.627	1.922	2.255	7
875	1.882	1.824	1.784	1.843	7
876	1.98	1.784	1.902	1.569	7
877	1.98	1.686	2.059	1.647	7
878	1.941	1.451	2.118	1.608	7
879	1.922	1.353	2.039	1.667	7
880	1.863	1.627	1.941	2.059	7
881	2.137	1.902	2.0	2.157	7
882	2.157	1.843	2.059	2.0	7
883	2.0	1.373	2.176	2.098	7
884	1.922	1.216	2.098	2.255	7
885	2.0	1.706	2.0	2.078	7
886	1.725	1.804	1.882	1.667	7
887	1.353	1.529	1.765	1.784	7
888	1.412	1.49	1.804	2.059	7
889	1.627	1.647	1.863	2.255	7
890	1.765	1.706	1.941	2.157	7
891	1.843	1.784	2.039	2.0	7
892	1.725	1.608	2.078	2.039	7
893	1.549	1.529	2.02	2.137	7
894	1.608	1.745	1.902	2.039	7
895	1.784	1.863	1.804	2.0	7
896	1.863	1.882	1.784	2.0	7
897	1.902	1.922	1.824	1.824	7
898	1.902	2.0	1.941	2.02	7
899	2.02	2.02	2.02	2.0	7
900	1.843	2.059	2.02	2.0	7
901	1.863	2.118	1.941	2.176	7
902	2.157	2.471	2.0	2.255	7
903	2.098	2.431	2.039	1.882	7
904	1.667	2.137	2.0	1.627	7
905	1.686	2.216	1.922	1.765	7
906	1.706	2.294	1.922	1.824	7
907	1.686	2.431	1.922	1.804	7
908	1.804	2.255	1.902	1.922	7
909	1.941	2.294	1.902	1.824	7
910	1.882	2.314	1.902	2.118	7
911	1.882	2.431	1.941	2.333	7
912	2.137	2.686	2.02	2.157	7
913	2.235	2.706	2.059	1.745	7
914	2.02	2.333	2.0	1.706	7
915	1.902	2.176	1.863	1.961	7
916	1.922	2.157	1.745	1.863	7
917	1.824	2.255	1.725	2.0	7
918	1.824	2.255	1.824	2.275	7
919	2.098	2.451	1.902	2.314	7
920	1.902	2.333	1.882	2.039	7
921	1.647	2.235	1.804	2.098	7
922	1.686	2.216	1.784	2.235	7
923	1.922	2.412	1.843	2.176	7
924	1.882	2.353	1.98	2.02	7
925	1.941	2.333	2.059	2.0	7
926	1.98	2.333	1.98	1.882	7
927	1.824	1.941	1.765	1.882	7
928	1.765	1.686	1.51	1.902	7
929	1.941	1.843	1.471	2.059	7
930	2.157	2.157	1.667	2.0	7
931	2.039	2.275	1.941	1.922	7
932	1.863	1.804	2.0	1.902	7
933	1.804	1.176	1.902	1.706	7
934	1.804	1.431	1.725	1.745	7
935	1.706	1.863	1.627	2.216	7
936	1.98	2.157	1.647	2.333	7
937	1.725	1.843	1.765	1.961	7
938	1.471	1.667	1.843	1.961	7
939	1.392	1.49	1.725	1.824	7
940	1.412	1.627	1.667	1.843	7
941	1.667	1.843	1.784	2.0	7
942	1.922	1.922	1.941	2.039	7
943	1.882	1.922	2.098	2.039	7
944	2.098	2.235	2.235	2.137	7
945	2.314	2.353	2.353	1.98	7
946	2.137	2.098	2.275	1.804	7
947	2.078	2.078	2.059	1.824	7
948	2.255	2.314	1.98	1.804	7
949	2.471	2.392	2.137	1.882	7
950	2.627	2.529	2.412	1.902	7
951	2.588	2.569	2.627	1.882	7
952	2.549	2.686	2.647	2.118	7
953	2.784	2.824	2.627	2.098	7
954	2.353	2.451	2.49	1.784	7
955	2.0	2.333	2.353	1.784	7
956	2.0	2.392	2.255	1.843	7
957	2.0	2.176	2.196	1.824	7
958	1.804	1.941	2.196	1.863	7
959	1.824	1.961	2.275	2.039	7
960	1.745	2.059	2.255	2.0	7
961	1.725	2.118	2.157	1.784	7
962	1.569	1.745	1.98	1.902	7
963	1.51	1.588	1.902	1.961	7
964	1.529	1.471	1.961	1.843	7
965	1.51	1.431	2.0	1.902	7
966	1.608	1.588	2.059	2.0	7
967	1.647	1.529	1.98	1.961	7
968	1.373	1.451	1.843	1.922	7
969	1.235	1.49	1.725	2.196	7
970	1.471	1.706	1.765	2.176	7
971	1.392	1.549	1.824	1.804	7
972	1.098	1.412	1.843	1.941	7
973	1.294	1.549	1.863	2.039	7
974	1.471	1.745	1.922	2.02	7
975	1.569	1.922	1.98	1.941	7
976	1.588	1.863	2.0	1.922	7
977	1.549	1.824	1.941	2.039	7
978	1.608	1.882	1.882	2.118	7
979	1.882	2.078	1.902	2.078	7
980	2.059	2.078	2.0	1.824	7
981	1.882	1.98	2.059	1.765	7
982	1.765	2.0	2.02	1.824	7
983	1.804	2.0	1.922	1.804	7
984	1.882	2.039	1.941	1.627	7
985	1.941	2.137	2.059	1.627	7
986	1.765	2.059	2.039	2.373	7
987	2.078	2.333	1.98	2.804	7
988	1.961	2.333	1.882	1.98	7
989	1.569	2.157	1.824	1.549	7
990	1.471	2.039	1.824	1.647	7
991	1.627	2.216	1.863	1.98	7
992	1.725	2.255	1.863	2.098	7
993	1.863	2.451	1.882	2.0	7
994	1.941	2.392	1.922	1.863	7
995	1.706	2.255	1.961	2.137	7
996	1.902	2.471	1.961	2.412	7
997	2.255	2.667	1.922	2.176	7
998	2.118	2.392	1.863	1.98	7
999	2.078	2.373	1.804	2.0	7
1000	2.059	2.412	1.784	2.118	7
1001	2.059	2.529	1.765	2.118	7
1002	2.039	2.51	1.765	2.098	7
1003	2.059	2.49	1.824	2.275	7
1004	2.333	2.706	1.961	2.392	7
1005	2.333	2.745	2.02	2.0	7
1006	1.843	2.412	1.902	1.941	7
1007	1.627	2.098	1.765	2.039	7
1008	1.843	2.255	1.745	2.157	7
1009	2.078	2.373	1.784	2.039	7
1010	2.078	2.353	1.784	1.98	7
1011	2.118	2.294	1.725	1.902	7
1012	2.098	2.137	1.706	1.804	7
1013	2.059	1.961	1.745	1.706	7
1014	2.098	1.882	1.784	1.686	7
1015	2.137	1.824	1.843	1.745	7
1016	2.314	1.961	1.902	1.961	7
1017	2.569	2.196	1.941	1.961	7
1018	2.608	2.118	1.941	1.569	7
1019	2.333	1.863	1.882	1.51	7
1020	2.235	1.941	1.843	2.098	7
1021	2.667	2.294	1.863	2.608	7
1022	2.627	2.216	1.961	2.039	7
1023	2.235	2.098	2.039	1.51	7
1024	2.157	1.922	2.039	1.431	7
1025	2.02	1.588	1.922	1.843	7
1026	2.118	1.667	1.922	2.118	7
1027	2.392	2.157	2.02	2.176	7
1028	2.471	2.529	2.118	2.176	7
1029	2.333	2.333	2.098	2.137	7
1030	2.235	1.922	1.961	1.961	7
1031	2.098	1.529	1.824	1.902	7
1032	2.059	1.667	1.706	2.078	7
1033	2.176	2.0	1.706	2.078	7
1034	1.941	1.824	1.882	2.02	7
1035	1.784	1.569	2.078	1.961	7
1036	1.686	1.569	2.059	1.902	7
1037	1.627	1.49	1.882	2.039	7
1038	1.725	1.333	1.706	2.137	7
1039	1.549	1.333	1.647	2.039	7
1040	1.353	1.725	1.725	2.235	7
1041	1.412	1.765	1.863	2.118	7
1042	1.392	1.647	1.941	1.902	7
1043	1.412	1.608	1.961	1.804	7
1044	1.431	1.51	1.961	1.784	7
1045	1.608	1.49	2.02	1.765	7
1046	1.706	1.667	2.078	1.941	7
1047	1.745	1.902	2.157	2.098	7
1048	1.922	2.039	2.235	1.882	7
1049	1.98	2.078	2.314	1.784	7
1050	2.098	2.137	2.392	1.745	7
1051	2.118	2.216	2.451	1.824	7
1052	1.98	2.176	2.431	1.902	7
1053	1.843	2.137	2.275	1.98	7
1054	1.745	2.078	2.098	2.078	7
1055	2.059	2.314	2.078	1.98	7
1056	1.922	2.235	2.294	1.627	7
1057	1.451	2.216	2.49	1.706	7
1058	1.333	2.176	2.549	1.824	7
1059	1.373	2.216	2.353	1.882	7
1060	1.333	2.216	2.137	1.98	7
1061	1.314	2.137	1.941	2.039	7
1062	1.255	2.059	1.922	2.02	7
1063	1.353	2.02	1.98	1.843	7
1064	1.431	2.078	2.176	1.765	7
1065	1.314	1.902	2.235	2.059	7
1066	1.333	1.882	2.118	2.216	7
1067	1.392	1.863	1.922	1.882	7
1068	1.431	1.863	1.804	1.784	7
1069	1.451	1.843	1.804	1.784	7
1070	1.373	1.765	1.882	1.882	7
1071	1.333	1.843	1.922	2.235	7
1072	1.863	2.275	1.98	2.294	7
1073	1.745	2.098	2.039	1.882	7
1074	1.216	1.804	1.922	1.961	7
1075	1.431	1.902	1.784	2.059	7
1076	1.51	1.922	1.725	2.059	7
1077	1.529	2.0	1.725	2.039	7
1078	1.627	1.98	1.725	1.961	7
1079	1.647	2.0	1.725	1.765	7
1080	1.627	1.941	1.824	1.725	7
1081	1.745	2.02	2.078	1.98	7
1082	2.0	2.235	2.176	2.412	7
1083	2.216	2.392	2.02	2.196	7
1084	2.078	2.196	1.745	1.784	7
1085	1.863	2.137	1.529	1.98	7
1086	2.098	2.275	1.608	1.961	7
1087	2.098	2.314	1.882	1.961	7
1088	2.039	2.451	2.098	2.216	7
1089	2.275	2.608	2.196	2.314	7
1090	2.216	2.51	2.137	1.882	7
1091	1.765	2.333	1.941	1.941	7
1092	1.98	2.627	1.843	2.137	7
1093	2.098	2.647	1.843	2.118	7
1094	2.078	2.667	1.922	1.961	7
1095	2.078	2.686	2.078	1.824	7
1096	2.098	2.569	2.098	1.843	7
1097	2.118	2.49	2.098	2.098	7
1098	2.196	2.471	2.02	2.333	7
1099	2.353	2.627	1.882	2.314	7
1100	2.569	2.686	1.863	1.902	7
1101	2.373	2.392	1.922	1.765	7
1102	2.255	2.235	2.0	1.863	7
1103	2.451	2.255	1.98	1.902	7
1104	2.294	2.098	1.882	1.843	7
1105	2.118	2.176	1.882	1.902	7
1106	2.294	2.412	1.882	2.059	7
1107	2.333	2.02	1.804	1.824	7
1108	1.941	1.353	1.608	1.843	7
1109	1.843	1.667	1.49	2.098	7
1110	1.98	2.235	1.569	2.333	7
1111	2.078	2.216	1.745	2.333	7
1112	2.059	1.941	1.843	1.922	7
1113	2.098	1.745	1.804	1.686	7
1114	2.118	1.745	1.706	1.784	7
1115	2.098	1.706	1.627	1.843	7
1116	2.157	1.706	1.529	1.961	7
1117	2.412	1.941	1.588	1.941	7
1118	2.51	2.078	1.843	1.882	7
1119	2.51	2.118	2.118	2.0	7
1120	2.451	2.118	2.118	2.059	7
1121	2.451	2.216	2.0	1.863	7
1122	2.451	2.235	1.922	1.725	7
1123	2.49	2.373	2.0	1.941	7
1124	2.51	2.471	2.118	1.765	7
1125	2.02	2.078	2.078	1.784	7
1126	1.902	1.745	1.961	2.157	7
1127	2.098	1.765	1.922	2.157	7
1128	1.902	2.118	1.941	1.824	7
1129	1.784	2.176	1.863	1.706	7
1130	1.824	1.804	1.745	1.686	7
1131	1.706	1.627	1.765	1.863	7
1132	1.745	1.725	1.902	2.039	7
1133	1.706	1.725	1.843	2.176	7
1134	1.627	1.608	1.706	2.059	7
1135	1.431	1.0	1.667	1.804	7
1136	1.255	0.804	1.686	1.863	7
1137	1.294	1.039	1.608	2.02	7
1138	1.314	1.216	1.471	2.02	7
1139	1.392	1.431	1.471	2.078	7
1140	1.451	1.588	1.647	2.235	7
1141	1.412	1.569	1.882	1.922	7
1142	1.02	1.373	1.922	1.98	7
1143	1.078	1.49	1.902	2.0	7
1144	1.157	1.725	1.98	2.02	7
1145	1.314	1.902	2.157	2.0	7
1146	1.471	1.902	2.255	1.922	7
1147	1.529	1.863	2.235	1.824	7
1148	1.569	2.157	2.216	1.902	7
1149	1.667	2.373	2.314	1.922	7
1150	1.784	2.451	2.431	1.98	7
1151	1.706	2.373	2.471	1.98	7
1152	1.824	2.451	2.49	1.784	7
1153	1.804	2.412	2.51	1.765	7
1154	1.784	2.392	2.471	1.941	7
1155	1.804	2.431	2.412	2.02	7
1156	2.0	2.647	2.373	2.039	7
1157	2.098	2.725	2.392	2.02	7
1158	1.922	2.431	2.431	1.686	7
1159	1.451	2.118	2.353	1.784	7
1160	1.549	2.255	2.216	1.843	7
1161	1.824	2.471	2.157	1.843	7
1162	1.804	2.333	2.157	1.961	7
1163	1.745	2.196	2.176	2.255	7
1164	1.902	2.235	2.157	2.118	7
1165	1.902	2.255	2.078	1.941	7
1166	2.059	2.235	2.039	1.98	7
1167	2.176	2.137	1.98	1.882	7
1168	1.941	2.02	1.941	1.941	7
1169	2.059	2.059	1.882	1.804	7
1170	2.02	2.118	1.902	1.902	7
1171	2.098	2.235	1.98	2.059	7
1172	2.118	2.176	2.039	2.098	7
1173	2.118	2.255	2.039	2.196	7
1174	2.235	2.529	2.02	2.235	7
1175	2.235	2.451	1.98	2.0	7
1176	1.843	2.176	1.882	1.98	7
1177	1.784	2.098	1.804	2.0	7
1178	1.843	2.118	1.784	2.039	7
1179	1.902	2.235	1.824	2.0	7
1180	1.941	2.333	1.902	2.0	7
1181	2.098	2.314	2.0	2.039	7
1182	2.176	2.333	2.0	2.02	7
1183	2.176	2.275	2.0	1.941	7
1184	2.196	2.235	1.922	1.961	7
1185	2.294	2.275	1.882	1.98	7
1186	2.353	2.255	1.902	1.922	7
1187	2.314	2.196	1.922	1.98	7
1188	2.431	2.098	1.882	1.98	7
1189	2.412	2.118	1.824	1.98	7
1190	2.333	1.961	1.784	1.922	7
1191	2.353	2.196	1.824	2.0	7
1192	2.373	2.216	1.902	1.588	7
1193	2.0	2.059	1.902	1.824	7
1194	2.235	2.098	1.843	2.02	7
1195	2.353	2.039	1.745	2.216	7
1196	2.176	1.765	1.745	1.98	7
1197	1.961	1.667	1.804	1.863	7
1198	2.255	2.039	1.902	1.902	7
1199	2.373	2.196	1.941	1.706	7
1200	2.196	1.706	1.824	1.647	7
1201	2.275	1.098	1.686	1.745	7
1202	2.196	1.137	1.627	2.02	7
1203	2.157	1.941	1.608	2.157	7
1204	2.235	2.235	1.686	2.255	7
1205	2.451	2.118	1.824	2.0	7
1206	2.098	1.51	1.843	1.765	7
1207	1.804	1.255	1.804	1.863	7
1208	2.078	1.686	1.824	2.098	7
1209	2.255	1.804	1.863	1.824	7
1210	1.843	1.706	1.804	1.902	7
1211	1.863	1.765	1.804	2.039	7
1212	1.784	1.824	1.804	2.196	7
1213	1.745	1.863	1.824	2.098	7
1214	1.647	1.863	1.804	2.176	7
1215	1.941	1.941	1.824	2.02	7
1216	1.922	1.824	1.824	1.941	7
1217	2.0	1.902	1.863	1.922	7
1218	2.157	2.0	1.941	1.784	7
1219	2.02	1.804	1.961	1.882	7
1220	1.922	1.745	1.961	1.843	7
1221	1.882	1.784	2.118	1.941	7
1222	1.882	1.824	2.235	1.941	7
1223	1.745	1.765	2.216	1.941	7
1224	1.725	1.804	2.059	1.941	7
1225	1.804	1.922	1.922	2.0	7
1226	1.667	1.902	1.863	1.765	7
1227	1.216	1.588	1.863	1.922	7
1228	1.235	1.471	1.882	1.98	7
1229	1.255	1.373	1.941	1.961	7
1230	1.216	1.569	1.98	1.784	7
1231	1.196	1.765	2.02	1.745	7
1232	1.255	1.588	2.0	1.804	7
1233	1.275	1.412	1.922	1.961	7
1234	1.412	1.569	1.961	2.098	7
1235	1.569	1.843	2.0	2.039	7
1236	1.549	1.843	2.078	1.882	7
1237	1.49	1.686	2.098	1.843	7
1238	1.549	1.627	2.098	1.961	7
1239	1.647	1.706	2.0	2.0	7
1240	1.667	1.941	1.902	1.922	7
1241	1.627	1.863	1.922	2.02	7
1242	1.804	1.902	2.118	2.255	7
1243	1.922	1.804	2.373	2.0	7
1244	1.49	2.078	2.392	2.0	7
1245	1.529	2.314	2.275	2.02	7
1246	1.569	2.255	2.137	2.059	7
1247	1.569	2.098	2.02	2.039	7
1248	1.471	1.843	1.98	1.961	7
1249	1.549	1.98	2.059	2.0	7
1250	1.804	2.118	2.216	2.078	7
1251	1.627	2.098	2.275	2.039	7
1252	1.647	2.157	2.275	1.902	7
1253	1.627	2.157	2.196	2.0	7
1254	1.765	2.353	2.118	1.98	7
1255	1.725	2.294	2.078	2.098	7
1256	1.608	2.255	2.059	2.216	7
1257	1.51	2.275	2.078	1.882	7
1258	1.471	2.392	2.078	2.0	7
1259	1.451	2.373	2.137	2.196	7
1260	1.451	2.314	2.157	1.941	7
1261	1.176	2.176	2.098	1.941	7
1262	1.235	2.451	2.0	2.078	7
1263	1.392	2.706	1.941	2.294	7
1264	1.529	2.569	1.941	2.098	7
1265	1.216	2.314	1.98	1.941	7
1266	1.235	2.373	2.02	1.941	7
1267	1.392	2.392	2.039	2.02	7
1268	1.588	2.588	2.078	2.078	7
1269	1.745	2.608	2.059	1.98	7
1270	1.667	2.431	1.941	1.882	7
1271	1.824	2.471	1.863	1.725	7
1272	1.765	2.412	1.863	1.725	7
1273	1.804	2.353	1.882	1.843	7
1274	1.804	2.333	1.902	1.98	7
1275	1.961	2.471	1.98	2.02	7
1276	2.157	2.765	2.078	2.216	7
1277	2.353	2.824	2.157	1.843	7
1278	1.882	2.392	2.02	1.686	7
1279	1.882	2.373	1.843	1.843	7
1280	2.098	2.451	1.804	2.02	7
1281	2.157	2.451	1.863	2.078	7
1282	2.255	2.608	1.961	2.02	7
1283	2.333	2.549	2.039	1.941	7
1284	2.333	2.431	2.039	1.941	7
1285	2.275	2.137	1.98	1.961	7
1286	2.529	2.137	1.902	2.059	7
1287	2.51	2.314	1.902	1.941	7
1288	2.49	2.412	1.882	1.941	7
1289	2.412	2.235	1.824	1.98	7
1290	2.412	2.059	1.686	1.98	7
1291	2.353	2.039	1.588	1.824	7
1292	2.294	2.02	1.627	1.667	7
1293	2.314	2.118	1.843	2.02	7
1294	2.392	2.098	2.059	2.059	7
1295	1.961	1.902	1.922	2.078	7
1296	1.922	2.137	1.667	1.98	7
1297	2.098	2.235	1.549	1.686	7
1298	2.098	2.0	1.569	1.647	7
1299	2.02	1.863	1.627	1.98	7
1300	2.275	2.0	1.667	2.0	7
1301	2.157	1.902	1.725	1.843	7
1302	2.216	2.02	1.784	1.882	7
1303	2.353	2.176	1.863	1.961	7
1304	2.51	2.196	1.961	1.902	7
1305	2.608	2.235	2.059	1.882	7
1306	2.529	2.235	1.961	1.902	7
1307	2.49	2.137	1.725	2.039	7
1308	2.392	2.039	1.686	2.039	7
1309	2.275	2.235	1.824	2.118	7
1310	2.235	2.314	1.922	2.176	7
1311	2.294	1.882	1.882	1.902	7
1312	1.941	1.392	1.784	1.863	7
1313	1.784	1.686	1.784	1.922	7
1314	1.824	2.098	1.863	1.961	7
1315	1.804	1.941	1.922	2.039	7
1316	1.863	1.961	1.922	2.0	7
1317	1.922	1.922	1.863	1.863	7
1318	1.745	1.529	1.725	1.902	7
1319	1.725	1.392	1.725	1.863	7
1320	1.745	1.392	1.765	1.804	7
1321	1.647	1.549	1.784	1.843	7
1322	1.784	1.725	1.824	1.824	7
1323	1.804	1.608	1.765	1.824	7
1324	1.725	1.51	1.686	2.157	7
1325	2.039	1.882	1.706	2.216	7
1326	2.176	2.118	1.941	1.824	7
1327	2.0	2.137	2.255	1.922	7
1328	2.02	2.137	2.392	1.745	7
1329	1.549	1.667	2.137	1.725	7
1330	1.569	1.941	1.745	2.039	7
1331	1.961	2.294	1.588	2.118	7
1332	1.98	2.275	1.784	2.059	7
1333	1.863	2.216	2.196	1.961	7
1334	1.882	2.137	2.49	1.882	7
1335	2.0	2.216	2.549	1.941	7
1336	2.098	2.216	2.392	2.0	7
1337	1.98	2.137	2.137	2.118	7
1338	2.0	2.118	1.98	1.843	7
1339	1.902	2.02	1.98	1.647	7
1340	1.725	1.882	2.118	1.745	7
1341	1.804	1.941	2.255	2.0	7
1342	1.765	1.941	2.314	2.137	7
1343	1.686	2.039	2.333	2.118	7
1344	1.412	1.941	2.294	2.078	7
1345	1.431	1.922	2.235	1.725	7
1346	1.02	1.529	2.118	1.686	7
1347	1.0	1.51	1.961	2.02	7
1348	1.275	1.686	1.902	2.176	7
1349	1.216	1.725	1.863	2.078	7
1350	1.059	1.804	1.98	2.157	7
1351	1.216	1.902	2.157	2.039	7
1352	1.216	1.941	2.216	1.961	7
1353	1.314	1.824	2.137	1.98	7
1354	1.353	1.706	2.0	1.902	7
1355	1.353	1.824	1.863	1.98	7
1356	1.588	1.98	1.843	1.941	7
1357	1.588	2.0	1.961	1.863	7
1358	1.49	1.961	2.039	2.157	7
1359	1.588	2.02	2.02	2.118	7
1360	1.667	2.157	2.0	1.863	7
1361	1.804	2.373	2.0	2.275	7
1362	2.0	2.471	2.059	2.216	7
1363	1.686	2.255	2.039	1.882	7
1364	1.51	2.216	1.98	1.784	7
1365	1.667	2.49	1.961	2.039	7
1366	1.98	2.529	2.0	1.98	7
1367	1.98	2.49	2.059	1.98	7
1368	2.02	2.49	2.078	2.02	7
1369	2.059	2.549	2.078	2.118	7
1370	2.235	2.588	2.078	2.039	7
1371	2.294	2.549	2.0	2.0	7
1372	2.373	2.549	1.961	1.941	7
1373	2.431	2.529	1.941	1.902	7
1374	2.451	2.608	2.039	1.98	7
1375	2.529	2.588	2.157	2.0	7
1376	2.49	2.588	2.196	1.98	7
1377	2.49	2.569	2.176	1.98	7
1378	2.392	2.471	2.118	2.039	7
1379	2.451	2.569	2.078	1.922	7
1380	2.314	2.431	1.98	1.824	7
1381	2.098	2.059	1.843	1.941	7
1382	2.039	1.863	1.725	1.902	7
1383	2.0	2.02	1.667	1.863	7
1384	2.157	2.235	1.765	2.059	7
1385	2.137	2.02	1.765	2.02	7
1386	2.137	1.961	1.745	1.882	7
1387	2.176	1.941	1.686	1.863	7
1388	2.235	1.843	1.686	1.843	7
1389	2.235	1.392	1.725	1.863	7
1390	2.255	1.353	1.667	1.941	7
1391	2.196	1.863	1.627	1.882	7
1392	2.333	2.216	1.667	1.98	7
1393	2.412	2.039	1.725	1.961	7
1394	2.275	1.804	1.765	1.902	7
1395	2.216	1.843	1.804	2.039	7
1396	2.373	1.882	1.824	1.922	7
1397	2.02	1.784	1.824	1.902	7
1398	2.098	1.961	1.882	2.078	7
1399	2.275	2.039	1.902	2.137	7
1400	2.333	2.078	1.863	1.98	7
1401	2.314	2.059	1.922	1.824	7
1402	2.333	2.078	2.078	1.745	7
1403	2.255	2.216	2.176	1.804	7
1404	2.196	2.059	2.098	1.863	7
1405	2.255	1.745	1.98	1.863	7
1406	2.216	1.569	1.863	1.882	7
1407	2.02	1.902	1.804	2.157	7
1408	2.059	2.157	1.784	2.157	7
1409	1.882	1.902	1.765	2.098	7
1410	1.706	1.412	1.627	1.863	7
1411	1.431	0.882	1.51	1.804	7
1412	1.588	0.902	1.549	2.039	7
1413	1.784	1.569	1.647	1.882	7
1414	1.353	1.667	1.725	1.804	7
1415	0.98	1.49	1.627	2.078	7
1416	1.0	1.294	1.471	2.157	7
1417	1.02	1.078	1.294	2.059	7
1418	0.961	0.98	1.235	2.039	7
1419	1.196	1.176	1.333	1.961	7
1420	1.333	1.373	1.588	1.863	7
1421	1.529	1.627	1.863	1.902	7
1422	1.784	2.02	2.098	1.961	7
1423	1.725	2.0	2.157	1.902	7
1424	1.725	1.961	2.098	1.824	7
1425	1.824	2.02	2.059	1.725	7
1426	1.804	1.98	2.039	1.627	7
1427	1.765	1.961	2.137	1.706	7
1428	1.745	2.196	2.294	1.863	7
1429	1.922	2.765	2.49	2.275	7
1430	2.137	2.961	2.667	2.275	7
1431	1.725	2.686	2.647	2.137	7
1432	1.588	2.569	2.51	1.863	7
1433	1.706	2.686	2.431	1.706	7
1434	1.686	2.608	2.451	1.765	7
1435	1.569	2.549	2.49	2.0	7
1436	1.588	2.588	2.49	2.098	7
1437	1.51	2.471	2.471	2.176	7
1438	1.471	2.373	2.373	2.176	7
1439	1.608	2.451	2.235	2.098	7
1440	1.588	2.353	2.157	2.098	7
1441	1.569	2.098	2.078	1.941	7
1442	1.471	1.961	2.078	2.039	7
1443	1.608	2.059	2.118	2.137	7
1444	1.647	2.059	2.059	2.118	7
1445	1.569	2.098	2.0	2.078	7
1446	1.431	2.059	2.02	2.235	7
1447	1.588	1.941	2.02	1.961	7
1448	1.235	1.725	1.98	1.824	7
1449	1.314	1.941	2.059	1.941	7
1450	1.471	2.02	2.098	2.0	7
1451	1.49	1.902	2.02	2.059	7
1452	1.549	1.961	1.922	2.235	7
1453	1.745	2.118	1.882	1.961	7
1454	1.686	2.098	1.922	1.882	7
1455	1.824	2.157	2.039	1.941	7
1456	1.902	2.137	2.118	1.941	7
1457	1.98	2.235	2.157	1.784	7
1458	2.039	2.196	2.196	1.608	7
1459	1.882	2.02	2.157	1.49	7
1460	1.882	2.039	2.02	1.745	7
1461	2.098	2.216	1.882	2.098	7
1462	2.078	2.255	1.882	2.157	7
1463	2.039	2.471	2.078	2.412	7
1464	2.373	2.725	2.235	1.745	7
1465	1.941	2.373	2.176	1.49	7
1466	1.725	2.118	1.941	1.863	7
1467	1.941	2.235	1.765	2.196	7
1468	2.098	2.255	1.765	1.98	7
1469	1.882	2.294	1.882	1.922	7
1470	2.078	2.373	1.961	1.882	7
1471	2.118	2.275	1.922	2.0	7
1472	2.294	2.333	1.843	2.059	7
1473	2.275	2.314	1.725	2.176	7
1474	2.392	2.294	1.647	2.137	7
1475	2.451	2.196	1.647	2.02	7
1476	2.353	1.902	1.667	2.0	7
1477	2.333	1.863	1.667	2.118	7
1478	2.412	2.039	1.667	2.078	7
1479	2.353	1.941	1.647	1.902	7
1480	2.157	1.824	1.549	2.157	7
1481	2.51	2.275	1.569	2.176	7
1482	2.275	1.98	1.529	2.039	7
1483	2.039	1.765	1.373	2.176	7
1484	2.255	1.961	1.392	1.941	7
1485	2.118	1.765	1.529	1.824	7
1486	2.078	1.529	1.667	1.98	7
1487	2.235	1.569	1.667	1.961	7
1488	2.373	1.824	1.608	1.863	7
1489	2.451	2.118	1.608	1.784	7
1490	2.451	2.216	1.647	1.902	7
1491	2.549	2.118	1.706	1.961	7
1492	2.412	1.804	1.725	1.549	7
1493	2.451	1.784	1.843	1.294	7
1494	2.392	1.824	1.98	1.529	7
1495	2.216	1.765	2.02	2.118	7
1496	2.059	1.745	1.882	2.667	7
1497	2.275	1.608	1.686	2.608	7
1498	2.569	1.412	1.725	1.686	7
1499	1.922	1.529	1.863	1.373	7
1500	1.431	1.941	1.902	1.647	7
1501	1.471	2.0	1.824	1.824	7
1502	1.686	1.804	1.843	1.922	7
1503	1.627	1.549	1.863	2.157	7
1504	1.686	1.412	1.863	2.196	7
1505	1.588	1.353	1.824	2.157	7
1506	1.51	1.392	1.745	2.078	7
1507	1.608	1.647	1.765	2.078	7
1508	1.667	1.843	1.902	2.0	7
1509	1.706	1.961	2.059	1.882	7
1510	1.686	2.059	2.176	1.882	7
1511	1.627	2.137	2.255	2.0	7
1512	1.549	2.039	2.294	1.784	7
1513	1.51	2.098	2.275	1.765	7
1514	1.627	2.314	2.275	2.118	7
1515	1.961	2.725	2.353	2.255	7
1516	1.725	2.569	2.451	1.804	7
1517	1.412	2.51	2.451	1.529	7
1518	1.451	2.51	2.529	1.471	7
1519	1.412	2.51	2.588	1.765	7
1520	1.51	2.627	2.647	2.176	7
1521	1.686	2.706	2.647	2.137	7
1522	1.627	2.627	2.549	1.941	7
1523	1.667	2.49	2.451	1.941	7
1524	1.686	2.412	2.353	1.941	7
1525	1.686	2.235	2.333	1.843	7
1526	1.725	2.275	2.353	1.922	7
1527	1.686	2.157	2.314	1.922	7
1528	1.588	2.078	2.157	2.059	7
1529	1.745	2.176	2.02	2.118	7
1530	1.686	2.078	1.922	2.098	7
1531	1.569	2.0	1.961	2.353	7
1532	1.804	2.039	2.098	2.294	7
1533	1.549	1.882	2.137	2.0	7
1534	1.412	1.922	2.098	1.961	7
1535	1.471	1.961	1.98	2.137	7
1536	1.608	2.0	1.863	2.118	7
1537	1.529	1.98	1.804	1.922	7
1538	1.549	2.039	1.824	1.98	7
1539	1.745	2.118	1.941	2.039	7
1540	1.745	2.039	1.98	2.078	7
1541	1.902	2.196	2.039	2.098	7
1542	1.98	2.196	2.098	1.941	7
1543	2.02	2.275	2.137	1.863	7
1544	2.078	2.314	2.176	1.706	7
1545	1.98	2.196	2.157	1.941	7
1546	2.118	2.392	2.059	2.137	7
1547	2.098	2.431	1.961	2.118	7
1548	2.059	2.431	1.882	2.255	7
1549	2.196	2.647	1.941	2.02	7
1550	2.0	2.392	2.02	1.784	7
1551	1.843	2.373	2.059	1.922	7
1552	2.039	2.549	2.118	2.059	7
1553	2.157	2.588	2.098	2.059	7
1554	2.235	2.608	2.039	1.961	7
1555	2.314	2.471	2.0	1.843	7
1556	2.275	2.294	1.902	1.608	7
1557	2.255	2.275	1.843	1.588	7
1558	2.451	2.412	1.804	1.98	7
1559	2.569	2.412	1.745	2.314	7
1560	2.686	2.373	1.725	2.392	7
1561	2.765	2.49	1.804	1.922	7
1562	2.824	2.51	1.941	1.549	7
1563	2.784	2.275	2.0	1.549	7
1564	2.529	1.961	1.824	1.647	7
1565	2.294	1.784	1.569	2.0	7
1566	2.569	2.059	1.373	2.196	7
1567	2.431	2.059	1.392	2.059	7
1568	2.333	2.0	1.608	2.314	7
1569	2.392	2.02	1.804	2.314	7
1570	2.51	2.137	1.824	1.882	7
1571	2.235	1.843	1.667	1.804	7
1572	2.137	1.49	1.51	1.98	7
1573	2.078	1.549	1.373	2.039	7
1574	2.255	1.922	1.412	2.098	7
1575	2.353	1.843	1.627	2.137	7
1576	2.275	1.569	1.706	2.078	7
1577	2.196	1.392	1.627	2.078	7
1578	2.137	1.157	1.569	2.039	7
1579	2.118	1.412	1.627	2.02	7
1580	2.157	1.745	1.784	1.922	7
1581	2.02	1.686	1.902	1.922	7
1582	1.902	1.569	1.863	2.078	7
1583	2.137	1.647	1.725	1.98	7
1584	1.902	1.431	1.627	1.706	7
1585	1.627	1.412	1.725	1.725	7
1586	1.529	1.529	1.98	1.941	7
1587	1.431	1.392	2.118	1.922	7
1588	1.431	1.196	2.098	1.804	7
1589	1.51	1.216	2.02	2.0	7
1590	1.765	1.804	2.0	2.078	7
1591	1.745	1.843	2.0	1.725	7
1592	1.647	1.647	2.039	1.608	7
1593	1.529	1.333	2.118	1.647	7
1594	1.549	1.255	2.216	1.765	7
1595	1.431	1.137	2.216	1.882	7
1596	1.392	1.235	2.02	2.0	7
1597	1.529	1.529	1.824	1.941	7
1598	1.51	1.627	1.922	1.863	7
1599	1.529	1.745	2.275	2.059	7
1600	1.765	1.902	2.549	1.961	7
1601	1.529	1.549	2.51	1.745	7
1602	1.157	1.412	2.196	1.902	7
1603	1.275	1.686	2.02	1.961	7
1604	1.451	1.922	2.098	1.902	7
1605	1.451	1.941	2.255	1.922	7
1606	1.49	1.882	2.275	1.902	7
1607	1.451	1.843	2.255	1.882	7
1608	1.549	1.863	2.216	1.824	7
1609	1.725	2.137	2.275	1.745	7
1610	1.667	2.118	2.353	1.529	7
1611	1.51	2.0	2.373	1.471	7
1612	1.431	2.0	2.392	1.725	7
1613	1.49	2.176	2.353	2.176	7
1614	1.353	2.216	2.275	2.275	7
1615	1.118	2.294	2.235	2.176	7
1616	1.118	2.314	2.176	1.941	7
1617	1.235	2.157	2.078	1.824	7
1618	0.941	1.941	2.039	1.706	7
1619	0.51	1.784	1.98	2.0	7
1620	0.745	2.118	1.98	2.235	7
1621	0.961	2.255	2.0	2.157	7
1622	0.804	2.196	2.039	2.137	7
1623	0.804	2.216	2.098	2.216	7
1624	0.902	2.176	2.02	2.314	7
1625	1.078	2.176	1.902	2.294	7
1626	1.039	2.098	1.843	2.098	7
1627	1.098	2.039	1.843	2.176	7
1628	1.373	2.176	1.843	2.235	7
1629	1.529	2.235	1.843	2.157	7
1630	1.647	2.353	1.902	2.196	7
1631	1.706	2.294	1.902	2.059	7
1632	1.608	2.176	1.843	2.0	7
1633	1.549	2.118	1.765	2.275	7
1634	1.922	2.431	1.784	2.412	7
1635	1.784	2.412	1.863	2.196	7
1636	1.686	2.51	1.922	2.176	7
1637	1.863	2.451	1.902	2.039	7
1638	1.765	2.333	1.804	1.98	7
1639	1.843	2.49	1.745	1.941	7
1640	2.0	2.49	1.765	1.941	7
1641	2.118	2.471	1.784	2.0	7
1642	2.176	2.549	1.843	2.078	7
1643	2.294	2.569	1.863	2.078	7
1644	2.392	2.549	1.863	1.922	7
1645	2.49	2.608	1.961	1.863	7
1646	2.549	2.608	2.098	1.882	7
1647	2.529	2.588	2.118	2.078	7
1648	2.725	2.686	1.98	2.196	7
1649	2.765	2.647	1.902	2.0	7
1650	2.667	2.451	1.902	2.039	7
1651	2.824	2.627	2.0	1.98	7
1652	2.608	2.471	2.078	1.627	7
1653	2.314	2.314	2.02	1.706	7
1654	2.471	2.431	2.0	2.039	7
1655	2.725	2.588	2.0	2.196	7
1656	2.706	2.549	2.02	2.039	7
1657	2.627	2.412	2.0	1.863	7
1658	2.686	2.333	1.902	1.843	7
1659	2.804	2.373	1.843	1.941	7
1660	2.765	2.353	1.882	1.902	7
1661	2.647	2.118	1.922	1.686	7
1662	2.412	1.765	1.902	1.627	7
1663	2.373	1.431	1.784	1.706	7
1664	2.529	1.549	1.667	2.078	7
1665	2.765	2.51	1.706	2.353	7
1666	2.627	2.451	1.784	2.098	7
1667	2.216	1.98	1.765	2.118	7
1668	2.451	1.961	1.725	1.941	7
1669	2.176	1.569	1.627	1.627	7
1670	1.725	1.373	1.471	1.765	7
1671	1.882	1.667	1.49	1.922	7
1672	1.961	1.686	1.706	1.902	7
1673	2.157	1.686	1.961	2.039	7
1674	2.294	1.745	2.118	2.216	7
1675	2.196	2.0	1.961	2.137	7
1676	2.098	2.02	1.686	1.922	7
1677	2.216	1.941	1.608	1.706	7
1678	2.392	2.02	1.784	1.804	7
1679	2.51	2.0	2.0	1.902	7
1680	2.294	1.725	2.078	1.922	7
1681	2.216	1.745	2.078	2.02	7
1682	2.294	1.922	2.098	1.961	7
1683	2.235	2.02	2.137	1.863	7
1684	2.137	1.961	2.118	1.98	7
1685	2.235	2.039	2.098	2.0	7
1686	2.0	1.941	2.0	1.804	7
1687	1.784	1.902	1.922	1.863	7
1688	1.745	1.922	1.98	1.941	7
1689	1.686	2.0	2.137	1.961	7
1690	1.647	1.882	2.255	1.941	7
1691	1.51	1.745	2.137	1.902	7
1692	1.353	1.667	1.843	1.824	7
1693	1.471	1.647	1.647	1.804	7
1694	1.647	1.314	1.667	1.902	7
1695	1.588	1.412	1.784	1.843	7
1696	1.353	1.725	1.843	1.98	7
1697	1.392	1.784	1.804	1.902	7
1698	1.314	1.569	1.725	1.882	7
1699	1.353	1.412	1.588	1.882	7
1700	1.196	1.294	1.49	1.902	7
1701	1.176	1.353	1.49	1.804	7
1702	1.235	2.137	2.118	1.961	7
1703	1.275	2.294	2.255	1.98	7
1704	1.216	2.294	2.451	1.863	7
1705	1.176	2.412	2.529	1.922	7
1706	1.255	2.412	2.431	1.804	7
1707	1.353	2.49	2.314	1.686	7
1708	1.353	2.588	2.294	1.686	7
1709	1.333	2.529	2.392	1.961	7
1710	1.314	2.451	2.451	2.176	7
1711	1.333	2.431	2.392	2.098	7
1712	1.196	2.529	2.255	1.902	7
1713	1.176	2.471	2.196	1.804	7
1714	1.098	2.314	2.137	1.824	7
1715	1.039	2.353	2.196	1.922	7
1716	1.176	2.51	2.255	2.196	7
1717	1.196	2.314	2.235	1.922	7
1718	0.765	2.02	2.137	1.961	7
1719	0.941	2.157	2.0	2.098	7
1720	1.098	2.196	1.941	2.157	7
1721	1.216	2.176	1.882	2.078	7
1722	1.196	2.059	1.922	2.078	7
1723	1.373	2.118	2.0	2.059	7
1724	1.471	2.098	2.059	2.078	7
1725	1.686	2.275	2.118	2.118	7
1726	1.824	2.216	2.098	2.078	7
1727	1.902	2.137	2.039	2.078	7
1728	1.941	2.118	2.0	1.902	7
1729	1.902	2.118	2.0	2.02	7
1730	2.157	2.235	2.059	2.196	7
1731	2.294	2.235	2.098	2.098	7
1732	2.196	2.235	2.137	2.059	7
1733	2.275	2.471	2.176	2.157	7
1734	2.412	2.451	2.235	1.961	7
1735	2.078	2.216	2.176	1.98	7
1736	2.078	2.196	2.078	2.098	7
1737	2.137	2.157	1.961	2.157	7
1738	2.196	2.157	1.922	2.118	7
1739	2.255	2.216	2.0	2.02	7
1740	2.235	2.216	2.098	1.941	7
1741	2.216	2.196	2.157	1.961	7
1742	2.353	2.137	2.137	1.922	7
1743	2.431	2.059	2.039	1.902	7
1744	2.471	2.0	1.941	1.922	7
1745	2.51	2.0	1.922	1.863	7
1746	2.412	1.882	1.922	1.941	7
1747	2.627	2.098	2.0	2.02	7
1748	2.765	2.196	2.098	1.98	7
1749	2.667	1.961	2.137	1.784	7
1750	2.608	1.961	2.059	2.039	7
1751	2.667	2.059	1.902	2.0	7
1752	2.549	2.039	1.784	1.765	7
1753	2.471	1.98	1.804	1.765	7
1754	2.569	1.98	1.882	1.804	7
1755	2.569	1.922	1.902	1.961	7
1756	2.529	1.843	1.902	2.176	7
1757	2.588	1.902	1.843	2.137	7
1758	2.725	2.118	1.765	2.02	7
1759	2.863	2.078	1.706	1.922	7
1760	2.588	1.667	1.627	1.804	7
1761	2.412	1.549	1.569	1.882	7
1762	2.549	1.706	1.588	1.922	7
1763	2.608	1.902	1.745	1.882	7
1764	2.588	1.667	1.843	2.0	7
1765	2.51	1.51	1.863	1.98	7
1766	2.294	1.863	1.745	2.039	7
1767	2.392	2.333	1.647	2.333	7
1768	2.471	2.157	1.647	2.039	7
1769	1.961	1.784	1.647	1.941	7
1770	1.941	1.745	1.706	1.843	7
1771	1.98	1.804	1.765	1.863	7
1772	1.98	1.902	1.824	1.804	7
1773	1.941	1.98	1.882	1.882	7
1774	2.0	2.059	1.882	1.922	7
1775	2.078	2.157	1.902	1.824	7
1776	2.176	2.255	1.961	1.843	7
1777	2.157	2.294	1.98	1.824	7
1778	2.118	2.353	1.98	1.961	7
1779	2.098	2.294	1.941	1.961	7
1780	2.02	2.294	1.902	1.843	7
1781	1.941	2.196	1.863	1.686	7
1782	1.784	2.098	1.902	1.725	7
1783	1.686	2.137	1.941	1.843	7
1784	1.725	2.333	1.961	2.02	7
1785	1.863	2.373	2.02	1.843	7
1786	1.451	2.118	2.02	1.843	7
1787	1.392	2.157	2.02	2.02	7
1788	1.51	2.275	1.961	2.0	7
1789	1.412	2.078	1.922	1.843	7
1790	1.255	1.863	1.941	1.863	7
1791	1.255	1.882	1.98	1.922	7
1792	1.235	2.078	1.961	1.941	7
1793	1.235	1.902	1.902	1.941	7
1794	1.157	1.725	1.882	1.863	7
1795	1.098	1.745	1.882	1.824	7
1796	1.02	1.765	1.902	1.824	7
1797	1.078	1.784	1.941	1.863	7
1798	1.157	1.804	2.0	1.922	7
1799	1.098	1.765	1.961	2.02	7
1800	1.059	1.922	1.922	2.02	7
1801	1.02	2.02	2.0	1.98	7
1802	0.941	1.941	2.157	1.765	7
1803	0.569	1.667	2.098	1.863	7
1804	0.667	1.824	1.922	2.059	7
1805	0.863	1.902	1.784	1.98	7
1806	0.941	1.98	1.784	1.941	7
1807	1.078	2.059	1.941	2.039	7
1808	1.196	2.078	2.157	2.0	7
1809	1.216	2.059	2.314	1.922	7
1810	1.333	2.078	2.412	1.941	7
1811	1.51	2.196	2.294	2.059	7
1812	1.667	2.216	2.137	2.059	7
1813	1.725	2.137	2.039	2.02	7
1814	1.667	2.059	2.059	2.059	7
1815	1.706	2.176	2.118	2.078	7
1816	1.824	2.216	2.176	2.02	7
1817	1.824	2.157	2.176	1.98	7
1818	1.804	2.275	2.196	2.275	7
1819	2.078	2.392	2.235	2.118	7
1820	1.686	2.118	2.176	2.02	7
1821	1.706	2.176	2.059	2.137	7
1822	1.922	2.216	1.98	2.196	7
1823	1.902	2.137	1.961	2.118	7
1824	1.902	2.176	2.02	2.137	7
1825	2.02	2.275	2.02	2.098	7
1826	2.157	2.275	2.039	2.118	7
1827	2.255	2.294	2.059	2.098	7
1828	2.294	2.294	2.118	2.039	7
1829	2.294	2.216	2.098	2.039	7
1830	2.353	2.157	2.02	1.961	7
1831	2.314	2.196	1.961	1.941	7
1832	2.412	2.314	1.98	1.961	7
1833	2.51	2.373	2.078	1.941	7
1834	2.412	2.333	2.118	2.098	7
1835	2.471	2.471	2.157	2.412	7
1836	2.627	2.51	2.196	2.098	7
1837	2.176	2.235	2.098	1.863	7
1838	2.078	2.176	1.98	1.902	7
1839	2.314	2.275	1.922	1.98	7
1840	2.431	2.294	1.98	1.961	7
1841	2.451	2.314	2.098	1.98	7
1842	2.627	2.294	2.176	1.941	7
1843	2.647	2.235	2.137	1.922	7
1844	2.745	2.235	2.098	1.98	7
1845	2.843	2.196	2.039	1.98	7
1846	2.882	2.137	1.961	1.922	7
1847	2.902	2.02	1.922	1.765	7
1848	2.824	1.941	1.863	1.843	7
1849	3.0	2.039	1.882	1.961	7
1850	2.941	1.941	1.902	1.922	7
1851	2.784	2.0	1.882	1.941	7
1852	2.804	2.137	1.843	2.02	7
1853	2.882	1.941	1.784	1.804	7
1854	2.51	1.588	1.765	1.725	7
1855	2.353	1.706	1.765	1.961	7
1856	2.392	1.784	1.706	1.922	7
1857	2.275	1.745	1.569	1.941	7
1858	2.294	1.804	1.451	2.0	7
1859	2.275	1.706	1.412	1.902	7
1860	2.118	1.608	1.471	1.902	7
1861	2.137	1.608	1.569	1.902	7
1862	2.196	1.765	1.667	1.961	7
1863	2.275	1.882	1.725	2.02	7
1864	2.333	1.922	1.765	1.824	7
1865	2.216	1.824	1.706	1.765	7
1866	2.235	1.824	1.647	1.902	7
1867	2.02	1.725	1.588	1.98	7
1868	1.882	1.824	1.608	2.0	7
1869	2.02	2.098	1.745	2.039	7
1870	2.157	2.118	1.922	1.824	7
1871	1.784	1.882	2.039	1.725	7
1872	1.647	1.824	2.02	1.765	7
1873	1.549	1.765	1.882	1.824	7
1874	1.627	1.941	1.824	1.98	7
1875	1.843	2.157	1.863	1.961	7
1876	1.725	1.98	1.902	1.824	7
1877	1.569	1.824	1.902	1.843	7
1878	1.608	2.02	1.941	1.725	7
1879	1.706	1.98	2.02	1.686	7
1880	1.588	1.706	2.059	1.706	7
1881	1.51	1.627	2.078	1.725	7
1882	1.353	1.686	1.98	1.784	7
1883	1.275	1.765	1.765	1.882	7
1884	1.314	1.706	1.588	2.0	7
1885	1.333	1.686	1.569	1.98	7
1886	1.235	1.784	1.765	1.961	7
1887	1.314	1.961	2.0	1.765	7
1888	0.882	1.667	2.059	1.706	7
1889	0.784	1.647	1.961	1.922	7
1890	1.0	1.765	1.863	1.961	7
1891	0.98	1.725	1.784	1.922	7
1892	1.02	1.941	1.745	1.941	7
1893	1.137	1.98	1.765	1.922	7
1894	1.216	2.039	1.902	1.941	7
1895	1.216	2.098	2.137	1.863	7
1896	1.314	2.137	2.255	1.882	7
1897	1.353	2.118	2.235	1.882	7
1898	1.314	2.118	2.118	1.922	7
1899	1.431	2.275	2.0	1.941	7
1900	1.451	2.333	2.02	2.02	7
1901	1.373	2.294	2.098	2.02	7
1902	1.196	2.255	2.216	1.941	7
1903	1.098	2.392	2.235	2.137	7
1904	1.176	2.51	2.275	1.882	7
1905	0.824	2.294	2.235	1.882	7
1906	0.843	2.373	2.176	2.078	7
1907	0.941	2.412	2.176	2.216	7
1908	1.039	2.451	2.176	2.059	7
1909	0.843	2.275	2.216	1.882	7
1910	0.765	2.137	2.118	1.922	7
1911	0.745	2.118	2.039	2.137	7
1912	1.02	2.235	2.059	2.137	7
1913	1.098	2.176	2.098	2.098	7
1914	1.078	2.078	2.137	2.176	7
1915	1.235	2.0	2.078	2.098	7
1916	1.275	1.922	2.02	2.059	7
1917	1.471	2.02	1.961	2.118	7
1918	1.569	1.961	1.941	2.039	7
1919	1.549	1.941	1.98	2.078	7
1920	1.627	2.098	2.02	2.392	7
1921	1.941	2.176	2.137	2.216	7
1922	1.608	1.863	2.157	2.078	7
1923	1.608	1.882	2.039	2.216	7
1924	1.882	2.02	1.941	2.196	7
1925	1.961	1.922	1.902	2.118	7
1926	2.0	1.98	1.922	2.157	7
1927	2.098	1.961	1.98	2.157	7
1928	2.118	1.902	1.98	2.157	7
1929	2.235	1.98	2.0	2.118	7
1930	2.333	2.0	1.98	2.02	7
1931	2.373	1.961	1.941	2.078	7
1932	2.529	2.039	1.961	1.961	7
1933	2.588	2.118	2.039	1.882	7
1934	2.627	2.078	2.098	2.0	7
1935	2.588	1.961	2.059	2.078	7
1936	2.549	2.0	1.941	2.255	7
1937	2.647	2.157	1.863	2.431	7
1938	2.843	2.314	1.941	1.941	7
1939	2.451	2.02	2.02	1.725	7
1940	2.412	2.02	2.02	1.902	7
1941	2.529	2.098	2.0	2.02	7
1942	2.667	2.196	1.941	2.118	7
1943	2.804	2.275	1.902	2.137	7
1944	2.804	2.157	1.824	2.02	7
1945	2.706	2.0	1.765	1.922	7
1946	2.725	2.078	1.804	1.922	7
1947	2.941	2.294	1.941	1.961	7
1948	2.961	2.176	2.059	1.922	7
1949	2.922	2.098	2.098	1.922	7
1950	2.824	2.0	1.961	2.02	7
1951	2.804	1.98	1.765	2.078	7
1952	2.804	2.02	1.667	2.0	7
1953	2.627	2.118	1.667	1.882	7
1954	2.471	2.255	1.745	2.0	7
1955	2.549	2.275	1.961	1.882	7
1956	2.412	2.176	2.137	1.706	7
1957	2.353	2.216	2.098	1.804	7
1958	2.451	2.216	1.98	1.843	7
1959	2.451	2.294	1.863	1.902	7
1960	2.294	2.255	1.804	1.98	7
1961	2.235	2.275	1.824	1.98	7
1962	2.275	2.333	1.863	1.902	7
1963	2.353	2.353	1.941	1.686	7
1964	2.373	2.275	2.059	1.627	7
1965	2.353	2.216	2.039	1.588	7
1966	2.216	2.333	1.98	1.765	7
1967	2.353	2.314	1.922	2.0	7
1968	2.431	2.255	1.863	1.98	7
1969	2.412	2.314	1.902	1.745	7
1970	2.255	2.255	1.922	1.667	7
1971	1.882	2.098	1.941	1.961	7
1972	1.961	2.235	1.922	1.902	7
1973	1.588	2.02	1.784	1.706	7
1974	1.51	2.02	1.706	1.922	7
1975	1.588	1.98	1.706	1.863	7
1976	1.471	1.824	1.725	1.882	7
1977	1.51	1.902	1.725	2.02	7
1978	1.588	1.922	1.784	1.863	7
1979	1.49	1.882	1.843	1.843	7
1980	1.549	1.961	1.922	1.804	7
1981	1.51	1.882	1.882	1.765	7
1982	1.353	1.706	1.745	1.863	7
1983	1.431	1.667	1.627	1.941	7
1984	1.588	1.765	1.667	1.922	7
1985	1.686	1.941	1.804	1.902	7
1986	1.725	1.98	1.941	1.824	7
1987	1.608	1.98	2.02	1.784	7
1988	1.471	1.98	2.078	2.02	7
1989	1.627	2.098	2.157	2.02	7
1990	1.451	1.961	2.216	1.882	7
1991	1.314	1.902	2.118	1.98	7
1992	1.49	1.961	2.0	1.922	7
1993	1.569	1.902	2.0	1.824	7
1994	1.49	1.98	2.118	1.902	7
1995	1.588	2.176	2.196	2.0	7
1996	1.569	2.196	2.275	2.098	7
1997	1.549	2.137	2.255	2.0	7
1998	1.608	2.118	2.314	1.922	7
1999	1.549	1.941	2.392	1.824	7
