time	channel1	channel2	channel3	channel4	class
0	2.412	2.588	2.059	2.059	4
1	2.216	2.294	2.196	2.059	4
2	2.373	2.02	2.451	2.059	4
3	2.49	2.627	2.49	2.157	4
4	2.373	2.647	2.333	2.098	4
5	2.412	2.157	2.451	2.098	4
6	2.529	2.235	2.412	2.098	4
7	2.412	2.412	2.255	2.137	4
8	2.51	2.137	2.176	2.098	4
9	2.706	2.471	2.471	2.216	4
10	2.549	3.137	2.667	2.157	4
11	2.471	3.451	2.333	2.137	4
12	2.176	2.569	1.941	2.118	4
13	2.314	2.471	1.941	2.059	4
14	2.059	1.353	2.255	2.039	4
15	2.392	1.294	2.784	2.039	4
16	2.549	2.294	2.745	2.059	4
17	2.333	2.02	2.529	2.059	4
18	2.294	2.118	2.451	2.039	4
19	2.51	3.294	2.137	2.118	4
20	2.176	2.941	1.745	2.137	4
21	2.176	0.725	2.333	2.118	4
22	2.0	0.667	2.882	2.078	4
23	2.392	2.059	2.451	2.059	4
24	2.392	3.039	2.0	2.059	4
25	2.176	2.843	2.039	2.078	4
26	1.941	2.529	2.353	2.078	4
27	1.824	2.294	2.392	2.02	4
28	2.235	2.608	2.216	2.118	4
29	2.451	2.353	2.314	2.157	4
30	2.078	1.961	2.392	2.216	4
31	2.373	2.137	2.353	2.157	4
32	2.667	2.667	2.451	2.176	4
33	2.51	3.039	2.353	2.137	4
34	2.353	2.961	2.333	2.118	4
35	2.059	2.275	2.392	2.118	4
36	2.216	1.745	2.275	2.059	4
37	2.176	2.216	2.255	2.059	4
38	2.608	2.157	2.294	2.059	4
39	3.118	2.373	2.51	2.059	4
40	2.608	2.373	2.353	2.059	4
41	2.412	1.843	2.275	2.02	4
42	2.118	1.588	2.431	2.039	4
43	2.353	2.02	2.706	2.039	4
44	2.627	1.667	2.686	2.039	4
45	2.922	1.961	2.686	2.157	4
46	2.686	3.451	2.176	2.235	4
47	2.451	4.0	1.824	2.176	4
48	2.275	2.49	2.118	2.137	4
49	2.431	1.51	2.569	2.118	4
50	2.49	2.157	2.588	2.059	4
51	2.49	2.373	2.51	2.059	4
52	2.294	2.373	2.588	2.059	4
53	2.412	2.941	2.333	2.039	4
54	2.353	3.118	2.059	2.039	4
55	2.529	2.569	2.059	2.02	4
56	2.118	3.314	2.02	2.02	4
57	1.922	3.118	1.98	2.02	4
58	1.98	3.0	2.157	2.02	4
59	1.961	2.333	2.216	2.0	4
60	2.137	2.471	2.353	2.118	4
61	2.275	3.078	2.431	2.157	4
62	2.412	3.549	2.294	2.176	4
63	2.235	3.49	2.039	2.137	4
64	2.569	2.333	2.255	2.157	4
65	2.549	1.686	2.392	2.118	4
66	2.412	2.118	2.471	2.098	4
67	2.451	2.529	2.471	2.098	4
68	2.627	2.196	2.647	2.078	4
69	2.451	1.784	2.706	2.059	4
70	2.255	1.549	2.588	2.039	4
71	2.549	2.039	2.49	2.039	4
72	2.373	2.157	2.216	2.039	4
73	1.98	2.373	2.196	2.02	4
74	1.941	2.902	2.078	2.02	4
75	1.471	3.51	1.804	2.039	4
76	1.922	0.961	2.392	2.059	4
77	1.961	0.02	3.176	2.157	4
78	2.667	0.608	3.176	2.216	4
79	2.588	2.157	2.608	2.157	4
80	2.353	2.529	2.196	2.118	4
81	2.392	2.627	2.098	2.098	4
82	2.275	2.471	2.157	2.059	4
83	2.078	1.745	2.216	2.059	4
84	2.098	2.176	2.216	2.059	4
85	2.137	2.157	2.196	2.078	4
86	2.196	1.922	2.157	2.059	4
87	2.216	1.549	2.255	2.02	4
88	2.314	1.647	2.275	2.02	4
89	2.294	1.922	2.176	2.039	4
90	2.255	2.392	2.137	2.039	4
91	2.412	2.255	2.039	2.039	4
92	2.725	2.725	2.255	2.157	4
93	2.667	3.588	2.392	2.196	4
94	2.412	3.039	2.471	2.196	4
95	2.51	2.078	2.51	2.157	4
96	2.294	1.608	2.51	2.098	4
97	2.451	1.745	2.549	2.157	4
98	2.549	2.137	2.608	2.137	4
99	2.588	2.098	2.725	2.118	4
100	2.529	1.725	2.863	2.098	4
101	2.235	1.98	2.784	2.039	4
102	2.216	3.412	2.196	2.059	4
103	2.451	4.078	1.608	2.059	4
104	2.333	2.078	1.882	2.059	4
105	2.353	2.098	2.451	2.039	4
106	2.353	1.745	2.51	2.02	4
107	2.569	2.137	2.608	2.02	4
108	2.51	2.078	2.471	2.039	4
109	2.627	2.824	2.235	2.039	4
110	2.706	3.353	2.176	2.137	4
111	2.608	2.902	2.176	2.216	4
112	2.373	2.059	2.373	2.176	4
113	2.294	2.686	2.392	2.157	4
114	2.412	2.137	2.176	2.098	4
115	2.451	1.941	2.235	2.059	4
116	2.471	2.255	2.294	2.059	4
117	2.49	2.667	2.275	2.059	4
118	2.255	2.608	2.235	2.059	4
119	2.216	2.471	2.294	2.02	4
120	2.373	2.157	2.49	2.02	4
121	2.451	2.02	2.667	2.02	4
122	2.294	2.02	2.529	2.02	4
123	2.255	1.529	2.392	2.02	4
124	2.863	2.294	2.51	2.137	4
125	2.941	1.235	2.529	2.196	4
126	2.863	1.667	2.667	2.176	4
127	2.431	2.373	2.569	2.157	4
128	2.451	2.882	2.471	2.098	4
129	2.294	2.863	2.392	2.137	4
130	2.255	2.176	2.353	2.098	4
131	2.157	2.059	2.275	2.098	4
132	2.137	1.902	2.333	2.098	4
133	2.49	2.176	2.412	2.059	4
134	2.333	2.059	2.373	2.059	4
135	2.373	2.647	2.176	2.039	4
136	2.353	2.569	1.961	2.059	4
137	2.137	1.961	1.98	2.039	4
138	2.157	1.941	2.078	2.02	4
139	2.353	2.431	2.137	2.02	4
140	2.333	2.333	2.157	2.039	4
141	3.255	2.333	2.392	2.039	4
142	3.02	2.412	2.529	2.157	4
143	2.667	2.451	2.373	2.235	4
144	2.51	2.294	2.216	2.176	4
145	2.784	2.824	2.137	2.137	4
146	2.49	2.627	2.275	2.118	4
147	2.294	2.824	2.275	2.078	4
148	2.157	2.0	2.314	2.059	4
149	2.216	1.392	2.49	2.078	4
150	2.235	2.118	2.49	2.059	4
151	2.176	2.863	2.392	2.039	4
152	2.176	3.216	2.294	2.02	4
153	2.0	2.647	2.157	2.02	4
154	2.02	1.961	2.333	2.02	4
155	1.784	1.686	2.412	2.02	4
156	2.118	1.373	2.647	2.0	4
157	2.373	1.725	2.824	2.098	4
158	2.118	2.863	2.686	2.137	4
159	1.824	3.353	2.294	2.176	4
160	2.02	3.569	1.725	2.137	4
161	2.333	2.49	1.922	2.059	4
162	2.216	1.863	2.51	2.157	4
163	1.804	1.137	2.745	2.098	4
164	1.961	1.745	2.667	2.078	4
165	2.078	1.882	2.333	2.039	4
166	2.078	2.137	2.275	2.02	4
167	2.157	2.275	2.373	2.02	4
168	2.196	2.686	2.333	2.02	4
169	2.176	3.49	2.157	2.039	4
170	2.216	2.824	2.02	2.0	4
171	2.118	1.333	2.216	2.0	4
172	2.235	0.843	2.667	2.0	4
173	2.353	1.471	2.725	2.02	4
174	1.98	2.235	2.392	2.02	4
175	1.176	2.745	1.941	1.98	4
176	1.314	3.098	1.824	2.0	4
177	1.863	2.275	2.157	1.98	4
178	2.039	2.706	2.314	1.98	4
179	2.059	2.49	2.255	1.98	4
180	2.275	1.647	2.412	1.98	4
181	2.255	2.255	2.314	2.0	4
182	1.882	2.412	2.098	2.02	4
183	2.118	2.49	2.098	2.02	4
184	2.275	2.569	2.196	1.98	4
185	2.255	2.51	2.235	2.0	4
186	2.294	2.686	2.196	2.02	4
187	2.275	2.686	2.118	2.0	4
188	2.294	2.255	2.098	2.02	4
189	2.569	2.333	2.176	2.118	4
190	2.529	3.137	2.216	2.157	4
191	2.471	3.275	2.235	2.196	4
192	2.745	3.647	2.333	2.275	4
193	2.647	2.784	2.529	2.294	4
194	2.255	2.275	2.569	2.196	4
195	2.078	2.275	2.49	2.157	4
196	2.235	2.569	2.412	2.137	4
197	2.471	2.275	2.373	2.176	4
198	2.353	2.255	2.412	2.098	4
199	2.157	1.275	2.588	2.098	4
200	2.471	1.412	2.843	2.078	4
201	2.294	1.98	2.627	2.078	4
202	2.275	2.647	2.137	2.059	4
203	2.157	3.137	1.667	2.02	4
204	2.0	2.157	1.902	2.039	4
205	2.176	1.216	2.353	2.039	4
206	2.255	2.098	2.608	2.039	4
207	2.098	2.373	2.431	2.0	4
208	1.98	1.804	2.294	2.02	4
209	1.569	1.667	2.373	2.039	4
210	1.686	1.784	2.392	2.02	4
211	1.902	2.02	2.275	2.02	4
212	2.098	2.294	2.216	2.0	4
213	2.275	2.98	2.039	2.0	4
214	2.255	2.922	1.941	2.02	4
215	2.137	2.667	2.078	2.02	4
216	2.059	2.157	2.235	2.0	4
217	2.196	2.078	2.294	2.0	4
218	2.039	2.118	2.294	2.0	4
219	2.098	2.255	2.294	2.02	4
220	2.137	2.392	2.412	2.137	4
221	2.078	2.647	2.529	2.196	4
222	2.275	2.588	2.569	2.255	4
223	2.196	2.039	2.627	2.216	4
224	2.333	2.235	2.549	2.157	4
225	2.353	2.51	2.392	2.118	4
226	2.725	2.49	2.373	2.078	4
227	2.529	1.686	2.392	2.059	4
228	2.686	1.765	2.431	2.059	4
229	2.431	1.863	2.49	2.059	4
230	2.686	2.549	2.392	2.02	4
231	2.353	2.392	2.294	2.02	4
232	2.588	1.902	2.392	2.02	4
233	2.627	1.941	2.608	2.039	4
234	2.373	2.608	2.588	2.137	4
235	2.216	2.235	2.451	2.196	4
236	2.02	2.157	2.333	2.157	4
237	2.353	2.49	2.353	2.137	4
238	2.275	2.412	2.569	2.157	4
239	2.118	2.098	2.569	2.118	4
240	2.294	2.118	2.471	2.078	4
241	2.294	2.922	2.275	2.059	4
242	2.392	2.843	2.137	2.059	4
243	2.843	2.804	2.275	2.059	4
244	2.627	2.176	2.275	2.02	4
245	2.451	2.098	2.216	2.02	4
246	2.314	2.471	2.216	2.02	4
247	2.275	2.529	2.196	2.039	4
248	2.314	2.647	2.196	2.02	4
249	2.294	2.588	2.235	2.0	4
250	2.353	2.314	2.235	2.078	4
251	2.216	2.137	2.353	2.137	4
252	2.333	2.255	2.588	2.216	4
253	2.216	2.667	2.549	2.137	4
254	2.431	2.902	2.333	2.098	4
255	2.471	1.765	2.333	2.078	4
256	2.353	1.059	2.745	2.059	4
257	2.039	0.98	2.824	2.039	4
258	2.137	1.961	2.49	2.0	4
259	1.922	2.882	1.922	2.0	4
260	2.196	3.255	1.941	2.02	4
261	2.412	2.157	2.235	2.02	4
262	2.235	1.784	2.353	2.02	4
263	2.196	1.569	2.588	2.0	4
264	2.0	2.098	2.451	2.0	4
265	1.961	2.216	2.196	2.039	4
266	2.255	2.608	2.333	2.157	4
267	2.275	2.686	2.392	2.196	4
268	2.235	3.059	2.176	2.137	4
269	2.863	2.824	2.137	2.157	4
270	2.725	2.627	2.255	2.157	4
271	2.686	2.451	2.353	2.176	4
272	2.588	3.176	2.275	2.098	4
273	2.431	3.137	2.137	2.078	4
274	2.392	2.706	2.098	2.059	4
275	2.333	2.745	2.059	2.059	4
276	2.137	2.824	2.059	2.02	4
277	2.039	2.686	2.196	2.0	4
278	1.843	2.137	2.255	2.02	4
279	2.235	2.412	2.255	2.039	4
280	2.412	2.706	2.157	2.039	4
281	2.294	2.431	2.157	2.0	4
282	2.039	2.176	2.275	2.0	4
283	2.059	1.961	2.333	2.02	4
284	2.255	1.941	2.373	2.02	4
285	1.902	1.569	2.294	1.98	4
286	2.157	1.373	2.294	1.961	4
287	2.235	1.51	2.275	1.98	4
288	2.137	1.412	2.333	1.98	4
289	2.373	2.196	2.353	1.961	4
290	2.471	2.314	2.333	1.941	4
291	2.314	1.608	2.412	1.961	4
292	2.255	1.725	2.373	1.98	4
293	2.02	1.412	2.333	1.98	4
294	2.059	2.059	2.333	2.0	4
295	1.882	1.863	2.275	1.98	4
296	1.902	2.392	2.314	1.98	4
297	1.941	2.216	2.294	2.0	4
298	2.039	2.059	2.333	2.0	4
299	2.059	1.98	2.333	2.0	4
300	2.098	2.255	2.353	1.98	4
301	2.059	2.588	2.314	2.0	4
302	2.157	2.412	2.373	1.98	4
303	2.275	2.569	2.294	1.98	4
304	2.451	2.647	2.235	1.922	4
305	2.333	2.176	2.216	1.941	4
306	2.471	2.333	2.275	2.0	4
307	2.627	2.961	2.294	2.098	4
308	2.784	2.608	2.392	2.176	4
309	2.392	2.02	2.392	2.098	4
310	2.176	2.176	2.431	2.059	4
311	2.373	2.686	2.627	2.059	4
312	2.686	1.843	2.569	2.039	4
313	2.51	1.765	2.431	2.02	4
314	2.863	2.784	2.294	2.0	4
315	2.824	3.471	2.078	2.0	4
316	3.0	2.706	2.098	2.02	4
317	2.686	2.059	2.314	1.98	4
318	2.412	1.569	2.431	2.118	4
319	2.667	2.49	2.373	2.176	4
320	2.667	2.51	2.471	2.176	4
321	2.529	2.216	2.608	2.255	4
322	2.784	3.078	2.529	2.275	4
323	2.588	2.882	2.314	2.176	4
324	2.529	2.373	2.373	2.137	4
325	2.078	2.294	2.353	2.118	4
326	2.059	1.961	2.235	2.118	4
327	2.353	2.216	2.137	2.059	4
328	2.765	2.843	2.118	2.059	4
329	2.608	2.961	2.098	2.039	4
330	2.373	2.745	1.98	2.059	4
331	2.333	2.196	2.059	2.059	4
332	2.353	2.235	2.176	2.02	4
333	2.275	2.196	2.137	2.02	4
334	2.235	2.157	2.176	2.02	4
335	2.294	2.373	2.118	2.02	4
336	2.314	2.412	2.078	2.0	4
337	2.098	2.196	2.196	1.98	4
338	2.275	2.725	2.235	1.98	4
339	2.0	2.745	2.235	2.02	4
340	2.196	2.392	2.353	2.137	4
341	2.725	2.216	2.49	2.196	4
342	2.706	2.294	2.51	2.235	4
343	2.588	2.353	2.588	2.255	4
344	2.529	2.137	2.647	2.235	4
345	2.902	2.902	2.667	2.235	4
346	2.706	2.529	2.51	2.157	4
347	2.686	2.588	2.451	2.118	4
348	2.588	1.922	2.392	2.098	4
349	2.294	1.902	2.608	2.098	4
350	2.471	2.353	2.686	2.059	4
351	2.431	2.137	2.549	2.039	4
352	2.137	1.902	2.431	2.059	4
353	2.02	2.02	2.235	2.039	4
354	1.941	2.275	2.176	2.039	4
355	2.196	2.431	2.392	2.0	4
356	2.353	2.569	2.431	2.0	4
357	2.51	2.235	2.471	2.039	4
358	2.451	2.294	2.569	2.118	4
359	2.549	2.431	2.588	2.216	4
360	2.431	2.412	2.373	2.137	4
361	2.451	2.706	2.314	2.118	4
362	2.922	3.216	2.176	2.118	4
363	2.627	2.471	2.235	2.157	4
364	2.686	2.098	2.333	2.078	4
365	2.608	2.02	2.412	2.078	4
366	2.686	2.235	2.392	2.078	4
367	2.588	2.235	2.294	2.078	4
368	2.412	2.686	2.196	2.059	4
369	2.216	1.941	2.176	2.02	4
370	2.059	2.118	2.255	2.039	4
371	2.255	2.157	2.255	2.039	4
372	2.196	2.333	2.275	2.039	4
373	2.176	2.176	2.294	2.02	4
374	2.196	2.333	2.353	2.0	4
375	2.255	2.02	2.451	2.059	4
376	2.412	1.765	2.569	2.137	4
377	2.451	1.922	2.471	2.216	4
378	2.549	1.922	2.314	2.118	4
379	2.667	2.608	2.392	2.098	4
380	2.0	2.235	2.51	2.098	4
381	1.922	2.216	2.588	2.078	4
382	1.882	2.392	2.431	2.039	4
383	1.961	2.294	2.294	2.02	4
384	1.902	2.333	2.294	2.02	4
385	2.098	2.686	2.333	2.039	4
386	2.157	2.275	2.431	2.137	4
387	2.235	2.353	2.353	2.078	4
388	2.176	2.431	2.314	2.059	4
389	1.941	2.039	2.314	2.059	4
390	2.078	2.176	2.294	2.059	4
391	2.196	2.431	2.196	2.039	4
392	2.176	2.569	2.275	2.02	4
393	2.02	2.549	2.196	2.02	4
394	2.157	2.471	2.196	2.039	4
395	2.118	2.137	2.412	2.137	4
396	2.196	2.353	2.549	2.098	4
397	1.412	2.255	2.569	2.059	4
398	1.431	2.314	2.451	2.118	4
399	1.529	2.0	2.373	2.118	4
400	1.725	2.392	2.216	2.098	4
401	2.098	2.216	2.333	2.176	4
402	2.333	2.765	2.392	2.137	4
403	2.176	2.431	2.314	2.118	4
404	2.353	2.353	2.353	2.118	4
405	2.51	1.863	2.451	2.078	4
406	2.431	2.176	2.529	2.059	4
407	2.255	2.216	2.49	2.059	4
408	2.275	2.0	2.451	2.039	4
409	2.588	2.412	2.471	2.059	4
410	2.529	2.608	2.294	2.02	4
411	2.373	2.294	2.176	2.02	4
412	2.235	2.078	2.176	2.02	4
413	2.098	2.0	2.216	2.039	4
414	2.098	3.431	2.02	2.02	4
415	2.275	3.255	2.059	2.118	4
416	2.255	2.118	2.392	2.176	4
417	2.353	2.255	2.608	2.157	4
418	2.373	2.588	2.471	2.137	4
419	2.216	2.745	2.314	2.098	4
420	1.941	2.529	2.098	2.059	4
421	2.02	2.588	2.078	2.059	4
422	1.98	2.392	2.196	2.059	4
423	1.902	2.275	2.216	2.059	4
424	2.02	2.51	2.216	2.02	4
425	2.216	2.608	2.235	2.137	4
426	2.098	2.078	2.353	2.118	4
427	2.02	1.863	2.353	2.118	4
428	2.02	1.922	2.275	2.078	4
429	2.039	2.824	2.353	2.118	4
430	2.549	2.784	2.353	2.098	4
431	3.216	2.157	2.373	2.098	4
432	3.098	1.706	2.647	2.176	4
433	2.961	2.745	2.608	2.118	4
434	2.765	2.686	2.294	2.078	4
435	2.353	1.725	2.314	2.078	4
436	2.431	1.471	2.529	2.059	4
437	2.451	1.725	2.471	2.059	4
438	2.608	2.49	2.373	2.02	4
439	2.255	2.333	2.216	2.02	4
440	2.137	2.608	2.373	2.039	4
441	2.118	2.471	2.412	2.02	4
442	1.98	2.039	2.451	2.02	4
443	2.078	2.216	2.431	2.0	4
444	1.784	2.235	2.314	2.0	4
445	1.804	2.471	2.196	2.039	4
446	2.0	2.667	2.216	2.137	4
447	2.353	3.02	2.353	2.196	4
448	2.392	2.647	2.451	2.137	4
449	2.353	2.333	2.529	2.118	4
450	2.118	2.333	2.451	2.098	4
451	2.098	2.314	2.314	2.059	4
452	1.882	2.196	2.353	2.039	4
453	2.02	2.333	2.353	2.039	4
454	2.098	2.333	2.314	2.039	4
455	2.059	2.471	2.216	2.039	4
456	2.098	2.078	2.235	2.02	4
457	2.02	1.961	2.373	2.0	4
458	1.882	1.882	2.431	2.0	4
459	2.02	2.255	2.333	2.02	4
460	2.216	2.157	2.235	2.02	4
461	2.431	1.941	2.431	2.098	4
462	2.451	1.765	2.569	2.176	4
463	2.588	2.314	2.588	2.137	4
464	2.98	2.843	2.451	2.118	4
465	2.961	2.471	2.392	2.157	4
466	2.784	2.431	2.353	2.098	4
467	2.725	2.431	2.235	2.078	4
468	2.667	2.196	2.333	2.078	4
469	2.49	2.157	2.373	2.078	4
470	2.412	1.843	2.333	2.039	4
471	2.255	2.0	2.235	2.02	4
472	2.51	2.471	2.196	2.039	4
473	2.431	2.588	2.196	2.039	4
474	2.314	2.412	2.118	2.039	4
475	2.275	2.314	2.176	2.0	4
476	2.078	2.294	2.216	2.0	4
477	2.255	2.588	2.275	2.039	4
478	2.176	2.686	2.353	2.137	4
479	2.275	2.118	2.373	2.196	4
480	2.216	2.235	2.373	2.137	4
481	2.725	2.588	2.373	2.098	4
482	2.137	2.353	2.294	2.078	4
483	2.216	2.51	2.255	2.078	4
484	2.235	2.451	2.275	2.039	4
485	2.333	2.569	2.314	2.039	4
486	2.451	2.51	2.314	2.039	4
487	2.431	2.157	2.353	2.059	4
488	2.255	2.0	2.314	2.039	4
489	2.314	2.157	2.353	2.0	4
490	2.176	2.196	2.353	2.0	4
491	2.118	2.02	2.314	2.02	4
492	2.137	2.333	2.353	2.02	4
493	2.471	2.706	2.431	2.118	4
494	2.431	2.157	2.549	2.216	4
495	2.431	2.078	2.647	2.157	4
496	2.353	2.118	2.588	2.137	4
497	2.392	2.216	2.588	2.176	4
498	2.176	2.118	2.549	2.098	4
499	1.667	2.431	2.471	2.098	4
500	1.706	2.608	2.314	2.078	4
501	1.765	2.176	2.196	2.078	4
502	1.941	2.157	2.333	2.059	4
503	2.137	2.255	2.392	2.02	4
504	2.412	2.412	2.333	2.039	4
505	2.275	2.373	2.255	2.039	4
506	2.235	2.49	2.216	2.039	4
507	2.373	2.392	2.235	2.0	4
508	2.176	2.412	2.235	2.0	4
509	2.549	2.941	2.176	2.059	4
510	2.431	2.902	2.255	2.137	4
511	2.471	2.686	2.451	2.216	4
512	2.412	2.275	2.392	2.137	4
513	2.471	2.529	2.314	2.098	4
514	2.373	2.667	2.275	2.078	4
515	2.235	2.353	2.373	2.078	4
516	1.647	2.0	2.51	2.059	4
517	1.784	2.157	2.471	2.039	4
518	1.804	2.765	2.294	2.039	4
519	2.098	2.765	2.196	2.039	4
520	2.333	1.863	2.294	2.059	4
521	2.451	1.765	2.412	2.0	4
522	2.176	1.824	2.333	2.0	4
523	2.51	2.059	2.314	2.02	4
524	2.49	2.275	2.333	2.02	4
525	2.745	2.314	2.451	2.118	4
526	2.588	2.0	2.529	2.176	4
527	2.588	2.627	2.412	2.137	4
528	2.627	2.49	2.294	2.137	4
529	2.353	2.137	2.431	2.157	4
530	2.275	2.333	2.353	2.098	4
531	2.176	2.471	2.235	2.059	4
532	1.824	2.431	2.196	2.059	4
533	2.255	2.255	2.176	2.059	4
534	2.333	2.431	2.137	2.059	4
535	2.49	2.529	2.118	2.0	4
536	2.314	2.608	2.196	2.02	4
537	2.137	2.549	2.196	2.02	4
538	2.216	2.314	2.196	2.02	4
539	2.078	2.118	2.176	2.02	4
540	2.314	2.549	2.176	2.0	4
541	2.294	2.529	2.235	2.078	4
542	2.49	2.667	2.431	2.137	4
543	2.549	2.549	2.51	2.216	4
544	2.529	2.569	2.431	2.118	4
545	2.529	2.431	2.412	2.098	4
546	2.216	2.216	2.392	2.098	4
547	2.196	2.294	2.353	2.078	4
548	2.255	2.314	2.314	2.059	4
549	2.686	2.471	2.373	2.039	4
550	2.784	2.216	2.353	2.039	4
551	2.745	2.118	2.353	2.02	4
552	2.667	2.137	2.353	2.02	4
553	2.549	2.078	2.353	2.0	4
554	2.569	2.235	2.412	2.118	4
555	2.588	2.196	2.451	2.157	4
556	2.373	2.294	2.49	2.176	4
557	2.294	2.49	2.392	2.137	4
558	2.333	1.98	2.51	2.137	4
559	2.196	2.0	2.549	2.118	4
560	2.294	1.961	2.471	2.098	4
561	2.373	2.176	2.431	2.078	4
562	2.373	2.157	2.412	2.059	4
563	2.392	1.882	2.412	2.02	4
564	2.451	1.765	2.431	2.02	4
565	2.373	2.235	2.392	2.039	4
566	2.529	2.549	2.314	2.039	4
567	2.549	2.431	2.216	2.02	4
568	2.333	2.078	2.235	2.0	4
569	2.196	1.902	2.275	2.02	4
570	2.275	2.275	2.373	2.039	4
571	2.529	2.451	2.471	2.137	4
572	2.216	2.392	2.471	2.196	4
573	2.157	2.431	2.412	2.157	4
574	2.235	2.51	2.412	2.118	4
575	2.176	2.255	2.392	2.098	4
576	2.216	2.471	2.373	2.059	4
577	2.196	2.431	2.294	2.02	4
578	2.216	2.392	2.255	2.039	4
579	2.451	2.451	2.255	2.039	4
580	2.353	2.451	2.235	2.039	4
581	2.392	2.392	2.235	2.02	4
582	2.196	2.333	2.216	2.0	4
583	2.843	2.431	2.235	2.0	4
584	2.333	2.627	2.235	2.0	4
585	2.176	2.412	2.216	2.02	4
586	2.49	2.51	2.353	2.137	4
587	2.667	2.588	2.412	2.176	4
588	2.51	2.51	2.49	2.157	4
589	2.451	2.451	2.392	2.137	4
590	2.51	2.431	2.431	2.137	4
591	2.588	2.49	2.373	2.098	4
592	2.49	2.275	2.373	2.098	4
593	2.588	2.353	2.392	2.078	4
594	2.529	2.333	2.333	2.078	4
595	2.549	2.392	2.333	2.039	4
596	2.412	2.275	2.333	2.02	4
597	2.255	2.0	2.353	2.039	4
598	2.176	2.059	2.333	2.02	4
599	2.059	2.392	2.275	2.02	4
600	2.255	2.314	2.255	2.0	4
601	1.843	2.314	2.275	2.0	4
602	1.686	2.353	2.314	2.02	4
603	1.902	2.392	2.431	2.137	4
604	2.098	2.353	2.549	2.196	4
605	2.157	2.373	2.471	2.137	4
606	1.922	2.294	2.431	2.118	4
607	2.118	2.216	2.353	2.078	4
608	2.02	2.333	2.275	2.039	4
609	2.039	2.137	2.294	2.0	4
610	2.098	2.078	2.333	2.02	4
611	2.216	2.118	2.353	2.02	4
612	2.216	2.235	2.314	2.02	4
613	2.255	2.235	2.294	2.0	4
614	2.196	2.098	2.275	2.0	4
615	2.176	2.02	2.275	2.0	4
616	2.235	2.196	2.275	2.02	4
617	2.059	2.333	2.275	2.02	4
618	1.667	2.51	2.392	2.118	4
619	1.765	2.392	2.431	2.196	4
620	1.784	2.333	2.49	2.157	4
621	2.02	2.392	2.431	2.137	4
622	2.118	2.294	2.471	2.157	4
623	2.196	2.333	2.412	2.098	4
624	2.137	2.294	2.353	2.098	4
625	2.294	2.51	2.314	2.078	4
626	2.373	2.373	2.294	2.078	4
627	2.275	2.314	2.314	2.039	4
628	2.353	2.392	2.314	2.02	4
629	2.412	2.373	2.333	2.039	4
630	2.549	2.373	2.333	2.039	4
631	2.451	2.255	2.275	2.039	4
632	2.431	2.294	2.255	2.0	4
633	2.176	2.392	2.235	2.0	4
634	2.196	2.51	2.275	2.039	4
635	2.451	2.569	2.412	2.137	4
636	2.647	2.471	2.51	2.216	4
637	2.588	2.431	2.451	2.137	4
638	2.471	2.431	2.412	2.118	4
639	2.255	2.314	2.392	2.098	4
640	2.392	2.255	2.333	2.078	4
641	2.157	2.216	2.294	2.039	4
642	2.275	2.314	2.275	2.02	4
643	2.471	2.196	2.294	2.02	4
644	2.333	2.196	2.314	2.039	4
645	2.176	2.137	2.294	2.039	4
646	2.294	2.196	2.294	2.0	4
647	2.196	2.255	2.294	2.0	4
648	2.118	2.078	2.314	2.0	4
649	2.098	2.118	2.294	2.02	4
650	2.157	2.353	2.235	2.0	4
651	1.882	2.333	2.196	2.0	4
652	2.059	2.196	2.255	2.0	4
653	2.118	2.059	2.314	2.02	4
654	2.196	2.176	2.255	2.0	4
655	2.353	2.333	2.235	1.941	4
656	2.275	2.157	2.235	1.961	4
657	2.157	2.059	2.235	1.961	4
658	2.098	2.176	2.176	1.961	4
659	2.137	2.451	2.176	1.961	4
660	2.235	2.196	2.235	1.961	4
661	2.255	2.078	2.275	1.98	4
662	2.392	2.314	2.255	2.039	4
663	2.373	2.431	2.255	2.02	4
664	2.314	2.373	2.294	2.039	4
665	2.235	2.216	2.353	2.059	4
666	2.333	2.275	2.392	2.098	4
667	2.333	2.451	2.353	2.098	4
668	2.49	2.373	2.333	2.098	4
669	2.784	2.549	2.353	2.078	4
670	2.706	2.471	2.373	2.098	4
671	2.49	2.412	2.373	2.137	4
672	2.451	2.412	2.373	2.098	4
673	2.451	2.431	2.51	2.196	4
674	2.431	2.529	2.529	2.255	4
675	2.196	2.392	2.51	2.216	4
676	2.235	2.49	2.431	2.196	4
677	2.157	2.431	2.412	2.157	4
678	2.157	2.451	2.431	2.118	4
679	2.157	2.412	2.431	2.137	4
680	2.314	2.353	2.431	2.137	4
681	2.392	2.392	2.412	2.118	4
682	2.235	2.275	2.392	2.098	4
683	2.294	2.275	2.412	2.098	4
684	2.314	2.412	2.412	2.118	4
685	2.784	2.333	2.392	2.137	4
686	3.059	2.431	2.373	2.098	4
687	3.059	2.314	2.373	2.098	4
688	2.863	2.333	2.392	2.098	4
689	2.529	2.235	2.412	2.098	4
690	2.588	2.314	2.431	2.118	4
691	2.392	2.235	2.392	2.098	4
692	2.373	2.196	2.373	2.078	4
693	2.118	2.314	2.392	2.098	4
694	2.235	2.294	2.412	2.118	4
695	2.235	2.373	2.412	2.098	4
696	2.294	2.255	2.392	2.098	4
697	2.392	2.529	2.471	2.176	4
698	2.686	2.49	2.471	2.196	4
699	2.784	2.412	2.588	2.235	4
700	2.569	2.412	2.588	2.275	4
701	2.451	2.569	2.608	2.314	4
702	2.529	2.549	2.588	2.333	4
703	2.333	2.647	2.608	2.235	4
704	2.137	2.549	2.49	2.196	4
705	2.059	2.49	2.49	2.196	4
706	1.961	2.392	2.431	2.118	4
707	2.039	2.412	2.412	2.098	4
708	2.176	2.275	2.392	2.078	4
709	2.235	2.255	2.333	2.078	4
710	2.196	2.412	2.294	2.039	4
711	2.216	2.392	2.333	2.078	4
712	2.157	2.275	2.373	2.059	4
713	2.176	2.353	2.373	2.078	4
714	2.333	2.353	2.353	2.078	4
715	2.373	2.373	2.314	2.02	4
716	2.314	2.353	2.314	2.02	4
717	2.51	2.392	2.314	2.059	4
718	2.49	2.392	2.412	2.157	4
719	2.196	2.353	2.333	2.098	4
720	1.98	2.549	2.353	2.059	4
721	1.843	2.353	2.353	2.059	4
722	1.882	2.373	2.353	2.059	4
723	1.882	2.471	2.314	2.059	4
724	2.039	2.569	2.431	2.157	4
725	2.353	2.353	2.392	2.098	4
726	2.373	2.196	2.353	2.098	4
727	2.49	2.353	2.333	2.078	4
728	2.51	2.294	2.294	2.059	4
729	2.275	2.255	2.333	2.02	4
730	2.333	2.412	2.373	2.098	4
731	2.333	2.471	2.451	2.118	4
732	2.294	2.451	2.392	2.118	4
733	2.294	2.196	2.451	2.137	4
734	2.157	2.078	2.412	2.078	4
735	2.373	2.529	2.373	2.137	4
736	1.98	2.216	2.471	2.176	4
737	2.49	2.412	2.451	2.137	4
738	2.333	2.333	2.392	2.078	4
739	2.314	2.451	2.373	2.059	4
740	2.392	2.294	2.353	2.059	4
741	2.451	2.373	2.333	2.059	4
742	2.627	2.176	2.275	2.059	4
743	2.392	2.059	2.275	2.02	4
744	2.588	2.392	2.333	2.098	4
745	2.667	2.314	2.431	2.118	4
746	2.373	2.412	2.412	2.098	4
747	2.392	2.373	2.353	2.059	4
748	2.255	2.314	2.333	2.039	4
749	2.314	2.412	2.314	2.039	4
750	2.196	2.333	2.314	2.059	4
751	2.176	2.157	2.255	2.059	4
752	2.137	2.255	2.275	2.0	4
753	2.51	2.333	2.314	2.098	4
754	2.294	2.784	2.431	2.137	4
755	2.333	2.451	2.471	2.196	4
756	2.216	2.431	2.392	2.137	4
757	2.176	2.431	2.373	2.078	4
758	2.373	2.627	2.392	2.137	4
759	2.608	2.412	2.431	2.118	4
760	2.431	2.255	2.333	2.118	4
761	2.314	2.333	2.294	2.059	4
762	2.255	2.314	2.314	2.059	4
763	2.176	2.353	2.333	2.059	4
764	2.235	2.275	2.333	2.039	4
765	2.196	2.314	2.294	2.02	4
766	2.373	2.314	2.294	2.0	4
767	2.255	2.275	2.314	2.0	4
768	2.255	2.059	2.294	2.02	4
769	2.078	2.157	2.275	2.0	4
770	2.294	2.137	2.235	2.0	4
771	2.882	2.667	2.353	2.118	4
772	2.922	2.471	2.431	2.157	4
773	2.843	2.333	2.529	2.176	4
774	2.706	2.373	2.412	2.137	4
775	2.353	2.353	2.373	2.059	4
776	2.157	2.137	2.373	2.059	4
777	2.137	2.078	2.353	2.059	4
778	2.176	2.314	2.314	2.039	4
779	2.294	2.235	2.275	2.02	4
780	2.176	2.235	2.314	2.0	4
781	2.176	2.196	2.333	2.0	4
782	2.373	2.294	2.333	2.02	4
783	2.314	2.333	2.431	2.118	4
784	2.373	2.333	2.529	2.176	4
785	2.412	2.275	2.451	2.118	4
786	2.392	2.314	2.373	2.098	4
787	3.039	2.294	2.353	2.098	4
788	3.235	2.49	2.412	2.137	4
789	3.02	2.333	2.373	2.078	4
790	2.961	2.314	2.373	2.059	4
791	2.804	2.235	2.373	2.059	4
792	2.627	2.353	2.353	2.059	4
793	2.333	2.255	2.314	2.039	4
794	2.078	2.196	2.275	2.02	4
795	2.196	2.392	2.294	2.078	4
796	2.176	2.314	2.412	2.137	4
797	2.51	2.333	2.373	2.098	4
798	2.333	2.294	2.353	2.039	4
799	2.275	2.314	2.353	2.039	4
800	2.353	2.294	2.353	2.039	4
801	2.314	2.137	2.353	2.039	4
802	2.137	2.118	2.314	2.039	4
803	2.216	2.333	2.275	2.0	4
804	2.902	2.314	2.294	2.078	4
805	2.569	2.392	2.471	2.098	4
806	2.608	2.157	2.431	2.098	4
807	2.529	2.255	2.392	2.039	4
808	2.314	2.294	2.392	2.039	4
809	2.333	2.314	2.373	2.039	4
810	2.314	2.451	2.353	2.059	4
811	2.373	2.235	2.392	2.157	4
812	2.176	2.235	2.353	2.078	4
813	2.0	2.235	2.392	2.078	4
814	2.333	2.412	2.392	2.078	4
815	2.412	2.431	2.314	2.059	4
816	2.412	2.608	2.294	2.039	4
817	2.255	2.353	2.294	2.0	4
818	2.216	2.176	2.255	2.0	4
819	2.118	2.176	2.235	2.0	4
820	2.059	2.255	2.176	2.02	4
821	2.647	2.392	2.176	1.98	4
822	2.549	2.765	2.216	1.98	4
823	2.529	2.49	2.196	2.0	4
824	2.353	2.451	2.176	2.02	4
825	2.275	2.373	2.157	2.02	4
826	2.333	2.392	2.196	1.98	4
827	2.373	2.373	2.235	2.0	4
828	2.314	2.255	2.216	2.0	4
829	2.157	2.314	2.176	2.0	4
830	2.039	2.314	2.157	1.98	4
831	1.98	2.235	2.216	1.961	4
832	1.843	2.137	2.235	1.961	4
833	1.941	2.137	2.216	1.98	4
834	2.098	2.196	2.196	1.98	4
835	2.02	2.235	2.216	1.961	4
836	2.098	2.098	2.235	1.98	4
837	1.98	2.059	2.235	1.98	4
838	2.235	2.039	2.235	2.0	4
839	2.02	2.333	2.255	2.0	4
840	1.98	2.157	2.255	1.98	4
841	2.176	2.235	2.275	1.98	4
842	2.373	2.471	2.294	2.02	4
843	2.588	2.529	2.392	2.118	4
844	2.804	2.216	2.49	2.196	4
845	2.686	2.333	2.51	2.255	4
846	2.667	2.471	2.529	2.235	4
847	2.745	2.588	2.608	2.275	4
848	2.784	2.608	2.647	2.314	4
849	2.608	2.451	2.549	2.176	4
850	2.686	2.549	2.51	2.235	4
851	2.51	2.392	2.51	2.157	4
852	2.608	2.216	2.451	2.137	4
853	2.451	2.157	2.392	2.078	4
854	2.314	2.431	2.353	2.059	4
855	1.941	2.373	2.314	2.059	4
856	2.255	2.49	2.333	2.059	4
857	2.353	2.196	2.294	2.059	4
858	2.412	2.314	2.314	2.02	4
859	2.314	2.216	2.314	2.0	4
860	2.157	2.314	2.333	2.02	4
861	2.196	2.176	2.314	2.02	4
862	2.098	2.137	2.255	2.02	4
863	2.078	2.353	2.255	2.0	4
864	2.275	2.353	2.255	2.0	4
865	2.137	2.196	2.294	2.0	4
866	2.118	2.176	2.294	2.0	4
867	2.235	2.275	2.275	1.98	4
868	2.431	2.294	2.275	1.98	4
869	2.314	2.157	2.275	1.98	4
870	2.392	2.137	2.294	2.0	4
871	2.294	2.275	2.235	2.02	4
872	2.275	2.196	2.216	1.961	4
873	2.392	2.569	2.333	2.078	4
874	2.627	2.392	2.412	2.137	4
875	2.529	2.49	2.49	2.196	4
876	2.471	2.51	2.588	2.255	4
877	2.392	2.569	2.588	2.294	4
878	2.353	2.333	2.549	2.216	4
879	2.157	2.235	2.471	2.157	4
880	2.314	2.353	2.373	2.137	4
881	2.588	2.392	2.431	2.157	4
882	2.51	2.333	2.412	2.098	4
883	2.451	2.196	2.412	2.078	4
884	2.49	2.275	2.373	2.059	4
885	2.412	2.137	2.314	2.059	4
886	2.549	2.157	2.353	2.02	4
887	2.588	2.176	2.333	2.02	4
888	2.451	2.196	2.294	2.02	4
889	2.588	2.118	2.275	2.039	4
890	2.765	2.529	2.314	2.02	4
891	2.196	2.137	2.294	2.02	4
892	2.373	2.275	2.314	2.078	4
893	2.471	2.373	2.451	2.137	4
894	2.529	2.412	2.529	2.196	4
895	2.412	2.451	2.431	2.118	4
896	2.176	2.333	2.392	2.078	4
897	1.98	2.196	2.353	2.078	4
898	2.039	2.353	2.333	2.078	4
899	2.255	2.314	2.314	2.039	4
900	2.235	2.157	2.333	2.02	4
901	2.392	2.275	2.333	2.02	4
902	2.333	2.471	2.314	2.02	4
903	2.431	2.431	2.275	2.02	4
904	2.51	2.235	2.275	2.0	4
905	2.314	2.275	2.275	1.98	4
906	2.353	2.157	2.275	2.0	4
907	3.0	2.706	2.314	2.02	4
908	2.745	2.471	2.412	2.137	4
909	2.569	2.608	2.49	2.196	4
910	2.294	2.549	2.471	2.137	4
911	2.353	2.588	2.431	2.098	4
912	2.373	2.373	2.392	2.078	4
913	2.451	2.353	2.412	2.118	4
914	2.294	2.294	2.353	2.059	4
915	2.137	2.333	2.353	2.059	4
916	2.176	2.353	2.392	2.059	4
917	2.078	2.216	2.333	2.059	4
918	2.157	2.176	2.353	2.02	4
919	2.157	2.275	2.353	2.0	4
920	2.137	2.176	2.373	2.02	4
921	2.196	2.0	2.373	2.02	4
922	2.216	2.157	2.314	2.02	4
923	2.275	2.098	2.255	1.98	4
924	2.059	2.627	2.216	2.0	4
925	1.961	2.392	2.176	2.02	4
926	1.922	2.373	2.353	2.118	4
927	2.078	2.235	2.529	2.196	4
928	2.137	2.392	2.529	2.137	4
929	2.451	2.373	2.431	2.098	4
930	2.569	2.353	2.333	2.078	4
931	2.51	2.294	2.216	2.078	4
932	2.373	2.216	2.216	2.02	4
933	2.686	2.333	2.275	2.039	4
934	2.529	2.471	2.275	2.02	4
935	2.451	2.49	2.255	2.039	4
936	2.353	2.255	2.235	2.02	4
937	2.392	2.196	2.275	2.0	4
938	2.255	2.176	2.275	2.0	4
939	2.176	2.333	2.255	2.0	4
940	2.196	2.333	2.196	2.02	4
941	1.647	2.882	2.353	2.118	4
942	1.843	2.569	2.392	2.196	4
943	1.941	2.51	2.431	2.137	4
944	2.098	2.431	2.392	2.118	4
945	2.275	2.412	2.333	2.059	4
946	2.353	2.235	2.431	2.098	4
947	2.255	2.314	2.412	2.078	4
948	2.196	2.314	2.333	2.059	4
949	2.216	2.353	2.314	2.059	4
950	2.353	2.176	2.314	2.039	4
951	2.392	2.137	2.353	2.02	4
952	2.314	2.294	2.353	2.02	4
953	2.49	2.412	2.333	2.02	4
954	2.392	2.353	2.294	2.039	4
955	2.255	1.863	2.294	2.0	4
956	2.157	1.902	2.314	2.0	4
957	2.039	2.059	2.294	2.0	4
958	2.216	2.902	2.314	2.02	4
959	2.373	2.333	2.412	2.137	4
960	2.588	2.275	2.49	2.196	4
961	2.431	2.431	2.471	2.137	4
962	2.333	2.353	2.431	2.118	4
963	2.412	2.255	2.392	2.098	4
964	2.118	2.216	2.333	2.039	4
965	2.078	2.176	2.294	2.02	4
966	2.294	2.333	2.314	2.039	4
967	2.353	2.294	2.333	2.059	4
968	2.294	2.294	2.314	2.039	4
969	2.451	2.431	2.431	2.118	4
970	2.333	2.451	2.412	2.078	4
971	2.392	2.294	2.392	2.078	4
972	2.275	2.078	2.353	2.078	4
973	2.373	2.255	2.314	2.039	4
974	2.314	2.176	2.294	2.02	4
975	2.451	2.745	2.353	2.078	4
976	2.588	2.451	2.412	2.098	4
977	2.569	2.294	2.353	2.098	4
978	2.569	2.333	2.353	2.039	4
979	2.49	2.392	2.412	2.118	4
980	2.647	2.157	2.431	2.118	4
981	2.333	2.275	2.392	2.098	4
982	2.314	2.412	2.294	2.078	4
983	2.216	2.627	2.275	2.039	4
984	2.078	2.216	2.314	2.039	4
985	2.196	2.157	2.373	2.078	4
986	2.098	2.235	2.373	2.059	4
987	2.216	2.353	2.333	2.039	4
988	2.235	2.196	2.373	2.059	4
989	2.314	2.059	2.431	2.078	4
990	2.314	2.216	2.392	2.098	4
991	2.471	2.235	2.353	2.098	4
992	3.549	2.863	2.51	2.196	4
993	3.216	2.392	2.451	2.176	4
994	2.863	2.275	2.412	2.157	4
995	2.706	2.353	2.392	2.157	4
996	2.745	2.294	2.373	2.118	4
997	2.353	2.02	2.412	2.059	4
998	2.627	2.51	2.431	2.137	4
999	2.412	2.51	2.431	2.157	4
