time	channel1	channel2	channel3	channel4	class
0	2.216	2.176	2.157	2.157	0
1	2.373	2.255	2.118	2.157	0
2	2.294	2.157	2.098	2.118	0
3	2.137	2.333	2.098	2.098	0
4	1.98	2.039	2.157	2.078	0
5	1.863	1.667	2.255	2.02	0
6	2.02	1.98	2.333	1.98	0
7	2.118	1.902	2.255	2.0	0
8	2.137	2.118	2.137	2.098	0
9	2.157	2.216	2.098	2.098	0
10	2.196	2.118	2.098	2.059	0
11	2.157	2.02	2.118	2.039	0
12	2.196	2.02	2.176	2.039	0
13	2.118	2.098	2.196	2.0	0
14	2.118	2.294	2.176	1.98	0
15	2.078	2.098	2.157	2.0	0
16	2.118	1.882	2.098	2.0	0
17	2.039	2.059	2.059	1.941	0
18	2.098	2.078	2.118	1.922	0
19	2.216	1.667	2.118	2.0	0
20	2.078	2.294	2.098	2.059	0
21	1.863	2.471	2.078	2.02	0
22	1.902	2.412	2.118	1.961	0
23	2.059	1.804	2.118	1.961	0
24	2.098	2.078	2.118	1.98	0
25	1.98	2.235	2.176	2.02	0
26	2.157	1.784	2.176	2.039	0
27	2.196	1.902	2.157	2.02	0
28	2.039	2.098	2.098	2.039	0
29	2.02	2.176	2.098	2.078	0
30	2.235	2.294	2.137	2.098	0
31	2.176	2.176	2.176	2.098	0
32	2.059	2.0	2.216	2.098	0
33	1.98	2.196	2.137	2.118	0
34	1.863	2.294	2.098	2.118	0
35	1.745	2.137	2.118	2.078	0
36	1.725	1.843	2.137	2.078	0
37	1.745	2.49	2.098	2.118	0
38	1.922	2.431	2.078	2.078	0
39	2.039	2.098	2.118	2.02	0
40	2.275	1.843	2.176	2.0	0
41	1.98	2.098	2.157	2.02	0
42	1.902	2.255	2.118	2.059	0
43	1.941	1.961	2.078	2.02	0
44	2.02	1.824	2.098	1.98	0
45	2.078	1.765	2.157	2.02	0
46	2.137	2.059	2.216	2.039	0
47	2.118	2.725	2.196	2.078	0
48	2.157	1.882	2.137	2.039	0
49	2.039	2.373	2.098	2.02	0
50	2.039	2.02	2.059	1.941	0
51	2.157	1.647	2.059	1.961	0
52	2.294	2.275	2.118	2.059	0
53	2.137	2.176	2.176	2.059	0
54	2.0	2.02	2.196	2.059	0
55	2.0	2.02	2.176	2.039	0
56	2.02	2.176	2.137	2.0	0
57	1.863	2.431	2.098	1.98	0
58	1.863	2.078	2.078	2.02	0
59	2.02	2.0	2.059	2.078	0
60	2.02	2.627	2.098	2.098	0
61	1.882	2.765	2.196	2.098	0
62	1.902	1.804	2.255	2.078	0
63	2.039	1.588	2.196	2.098	0
64	2.255	1.745	2.137	2.137	0
65	2.353	2.49	2.059	2.157	0
66	1.961	2.863	2.039	2.137	0
67	2.02	2.294	2.059	2.118	0
68	2.176	1.961	2.078	2.098	0
69	2.373	1.98	2.176	2.078	0
70	2.549	1.922	2.196	2.098	0
71	2.392	2.353	2.137	2.078	0
72	2.216	2.294	2.098	2.078	0
73	2.157	2.098	2.078	2.059	0
74	2.039	2.098	2.059	2.059	0
75	2.059	2.216	2.118	2.0	0
76	2.0	2.078	2.098	1.961	0
77	1.902	1.745	2.176	1.98	0
78	2.059	1.784	2.294	2.078	0
79	2.176	2.098	2.235	2.098	0
80	2.235	2.255	2.118	2.039	0
81	2.0	2.118	2.098	1.98	0
82	2.118	1.922	2.078	1.98	0
83	2.039	2.235	2.059	2.039	0
84	2.078	2.059	2.078	2.078	0
85	2.294	2.118	2.137	2.078	0
86	1.961	2.118	2.196	2.039	0
87	2.255	1.569	2.216	2.059	0
88	2.294	2.216	2.098	2.078	0
89	1.98	2.333	2.039	2.059	0
90	1.882	2.137	2.078	2.039	0
91	2.039	2.078	2.137	2.078	0
92	2.216	2.118	2.098	2.098	0
93	2.118	2.216	2.118	2.02	0
94	2.039	1.863	2.137	1.922	0
95	2.0	1.843	2.176	1.941	0
96	1.922	1.471	2.157	2.039	0
97	2.059	1.529	2.137	2.137	0
98	2.039	2.882	2.078	2.118	0
99	2.02	3.02	2.137	2.039	0
100	1.902	1.451	2.255	2.02	0
101	1.961	1.333	2.235	2.02	0
102	2.098	2.02	2.059	2.039	0
103	2.059	2.529	2.098	2.039	0
104	2.176	2.157	2.157	2.078	0
105	2.059	2.0	2.216	2.098	0
106	2.0	2.02	2.196	2.039	0
107	1.922	2.314	2.078	2.02	0
108	2.02	2.333	2.059	2.039	0
109	1.902	2.392	2.078	2.078	0
110	1.922	2.176	2.118	2.059	0
111	2.0	1.843	2.118	1.98	0
112	2.059	1.922	2.157	2.0	0
113	2.059	2.373	2.157	2.059	0
114	2.0	2.275	2.078	2.098	0
115	2.039	2.216	2.059	2.059	0
116	2.157	2.02	2.098	2.0	0
117	2.196	1.686	2.118	2.02	0
118	2.176	2.255	2.078	2.098	0
119	2.196	2.725	2.059	2.098	0
120	2.314	2.471	2.118	2.059	0
121	2.255	1.667	2.157	2.039	0
122	2.235	1.941	2.118	2.039	0
123	2.235	2.02	2.137	2.059	0
124	2.196	2.294	2.118	2.059	0
125	2.255	2.353	2.118	2.039	0
126	2.176	2.118	2.137	2.039	0
127	2.118	2.255	2.137	2.078	0
128	2.059	2.275	2.118	2.078	0
129	2.039	2.098	2.137	2.059	0
130	1.863	1.843	2.196	2.059	0
131	2.0	1.902	2.176	2.039	0
132	2.059	2.412	2.157	2.078	0
133	2.176	2.235	2.157	2.098	0
134	2.118	2.078	2.196	2.118	0
135	2.059	2.0	2.176	2.118	0
136	1.961	2.02	2.118	2.078	0
137	1.902	2.235	2.137	2.039	0
138	2.176	1.843	2.196	2.059	0
139	2.294	2.216	2.157	2.059	0
140	2.216	2.176	2.137	2.059	0
141	2.216	1.824	2.196	2.078	0
142	2.216	2.039	2.196	2.059	0
143	1.98	2.235	2.196	2.02	0
144	1.98	2.02	2.137	2.0	0
145	2.039	2.059	2.098	2.02	0
146	1.863	2.216	2.157	2.059	0
147	1.961	1.98	2.196	2.059	0
148	2.02	1.843	2.196	2.059	0
149	2.078	1.98	2.216	2.02	0
150	2.196	1.98	2.176	2.039	0
151	2.157	2.275	2.176	2.098	0
152	2.118	2.039	2.118	2.098	0
153	2.098	2.333	1.98	2.098	0
154	2.275	2.392	2.059	2.078	0
155	2.373	1.765	2.176	2.078	0
156	2.353	2.059	2.176	2.02	0
157	2.294	2.569	2.157	2.0	0
158	2.098	2.235	2.098	1.98	0
159	2.039	1.843	2.137	1.98	0
160	2.157	2.118	2.137	2.0	0
161	2.118	2.039	2.118	2.098	0
162	2.176	2.0	2.078	2.137	0
163	2.157	2.451	2.137	2.02	0
164	2.137	2.451	2.137	1.961	0
165	1.961	2.02	2.118	1.961	0
166	2.039	1.706	2.137	2.039	0
167	2.118	2.059	2.118	2.059	0
168	2.196	2.608	2.196	2.059	0
169	2.137	2.137	2.196	2.098	0
170	2.275	2.157	2.078	2.118	0
171	1.98	2.333	2.039	2.098	0
172	2.157	1.804	2.137	2.059	0
173	2.039	2.039	2.118	2.059	0
174	1.98	2.333	2.078	2.078	0
175	1.98	2.098	2.137	2.078	0
176	1.863	2.098	2.176	2.059	0
177	1.824	2.373	2.176	2.039	0
178	1.882	2.078	2.118	2.02	0
179	1.98	1.843	2.078	2.02	0
180	2.157	1.922	2.137	2.039	0
181	2.235	1.922	2.216	2.098	0
182	2.157	2.294	2.196	2.098	0
183	2.059	2.333	2.235	2.078	0
184	2.039	2.059	2.255	2.059	0
185	2.098	1.863	2.196	2.078	0
186	2.137	1.824	2.157	2.078	0
187	2.157	2.176	1.98	2.098	0
188	2.157	2.588	2.0	2.059	0
189	1.902	2.098	2.137	2.059	0
190	1.922	1.98	2.216	2.059	0
191	2.02	2.176	2.216	2.098	0
192	2.098	2.157	2.157	2.078	0
193	2.157	2.157	2.118	2.02	0
194	2.157	2.275	2.078	2.02	0
195	2.02	2.216	2.059	2.059	0
196	2.059	1.98	2.039	2.039	0
197	2.196	2.137	2.039	2.0	0
198	2.235	2.196	2.02	2.02	0
199	2.059	2.039	2.078	2.078	0
200	2.078	1.941	2.098	2.059	0
201	2.039	2.235	2.078	2.059	0
202	1.922	2.392	2.078	2.059	0
203	1.922	2.137	2.098	2.059	0
204	2.0	2.157	2.078	2.059	0
205	2.255	2.176	2.078	2.039	0
206	2.275	1.843	2.098	2.039	0
207	2.255	2.039	2.098	1.98	0
208	2.235	1.941	2.118	2.0	0
209	2.098	2.176	2.118	2.059	0
210	2.176	2.196	2.157	2.078	0
211	2.157	2.157	2.137	2.078	0
212	1.98	2.314	2.078	2.059	0
213	2.0	2.294	2.078	2.02	0
214	1.941	1.824	2.176	1.98	0
215	1.98	1.843	2.176	2.02	0
216	2.078	1.804	2.157	2.059	0
217	2.118	2.059	2.157	2.078	0
218	2.157	2.294	2.157	2.078	0
219	2.059	2.294	2.157	2.078	0
220	2.118	1.902	2.137	2.098	0
221	2.176	1.961	2.098	2.098	0
222	2.373	2.314	2.137	2.059	0
223	2.49	2.235	2.157	2.059	0
224	2.353	2.157	2.157	2.059	0
225	2.373	2.039	2.157	2.059	0
226	2.353	1.98	2.176	2.039	0
227	2.294	2.137	2.176	2.02	0
228	2.137	2.137	2.176	1.98	0
229	1.922	2.157	2.098	2.02	0
230	1.882	2.176	2.039	2.039	0
231	1.882	2.157	2.157	2.059	0
232	2.02	1.843	2.275	2.039	0
233	2.157	1.922	2.235	2.059	0
234	2.098	2.216	2.137	2.078	0
235	2.176	2.137	2.118	2.078	0
236	2.157	2.235	2.118	2.078	0
237	2.078	2.176	2.157	2.078	0
238	2.176	1.882	2.176	2.059	0
239	2.137	1.902	2.216	2.118	0
240	2.373	1.902	2.196	2.137	0
241	2.157	2.608	2.118	2.078	0
242	2.098	2.157	2.118	2.039	0
243	2.137	2.02	2.118	2.039	0
244	2.216	2.02	2.157	2.02	0
245	1.941	2.137	2.176	2.039	0
246	1.961	1.941	2.196	2.039	0
247	1.941	1.941	2.176	2.078	0
248	2.0	2.255	2.137	2.078	0
249	2.039	2.137	2.098	2.059	0
250	2.157	2.059	2.118	2.02	0
251	2.176	2.118	2.196	2.02	0
252	2.098	2.039	2.216	2.059	0
253	2.137	2.059	2.157	2.098	0
254	2.118	2.196	2.02	2.098	0
255	2.137	2.275	2.02	2.078	0
256	1.98	2.412	2.137	2.078	0
257	2.039	2.098	2.176	2.078	0
258	2.118	2.157	2.098	2.078	0
259	2.137	2.314	2.039	2.078	0
260	2.137	2.196	2.039	2.039	0
261	1.902	2.333	2.098	2.039	0
262	2.039	2.176	2.137	2.059	0
263	2.098	2.118	2.078	2.078	0
264	1.941	2.314	2.039	2.098	0
265	2.078	2.314	2.098	2.078	0
266	2.098	2.118	2.137	2.059	0
267	2.098	1.941	2.118	2.059	0
268	2.0	1.922	2.078	2.059	0
269	2.098	2.216	2.078	2.059	0
270	2.039	2.549	2.098	2.078	0
271	2.098	2.294	2.098	2.098	0
272	2.098	2.137	2.078	2.059	0
273	2.039	1.98	2.078	2.059	0
274	1.902	2.196	2.137	2.059	0
275	1.882	2.118	2.118	2.039	0
276	1.922	2.098	2.137	2.039	0
277	2.098	2.02	2.137	2.059	0
278	2.176	1.98	2.157	2.039	0
279	2.157	1.922	2.157	2.02	0
280	2.176	1.863	2.176	2.02	0
281	2.059	2.098	2.176	2.02	0
282	1.961	2.255	2.176	2.078	0
283	2.059	1.647	2.216	2.039	0
284	2.098	1.902	2.196	2.039	0
285	2.039	2.098	2.176	2.078	0
286	2.098	2.059	2.176	2.098	0
287	2.039	2.059	2.157	2.078	0
288	2.078	2.078	2.196	2.059	0
289	2.059	2.137	2.137	2.02	0
290	2.314	1.824	2.137	2.02	0
291	2.392	2.039	2.216	2.098	0
292	2.412	2.392	2.157	2.098	0
293	2.431	2.353	2.098	2.059	0
294	2.353	2.078	2.078	2.039	0
295	2.333	2.157	2.098	2.02	0
296	2.353	2.176	2.157	2.039	0
297	2.039	2.078	2.137	2.02	0
298	1.98	2.059	2.078	2.02	0
299	1.863	2.078	2.098	2.039	0
300	2.078	2.333	2.137	2.078	0
301	2.137	2.235	2.137	2.098	0
302	2.176	2.059	2.137	2.078	0
303	2.078	2.275	2.118	2.039	0
304	2.137	2.118	2.098	2.059	0
305	2.235	2.02	2.137	2.078	0
306	2.255	2.176	2.118	2.078	0
307	2.333	2.0	2.118	2.039	0
308	2.529	2.196	2.137	2.059	0
309	2.314	2.569	2.118	2.078	0
310	2.098	2.137	2.118	2.078	0
311	2.059	1.765	2.216	2.039	0
312	2.118	1.804	2.255	2.0	0
313	2.118	2.196	2.196	2.039	0
314	2.02	2.412	2.078	2.078	0
315	2.02	2.137	2.059	2.078	0
316	2.176	1.941	2.137	2.039	0
317	2.176	1.863	2.196	2.039	0
318	2.137	1.922	2.196	2.059	0
319	2.196	2.235	2.176	2.098	0
320	2.176	2.118	2.157	2.118	0
321	2.137	2.176	2.157	2.098	0
322	2.235	2.275	2.118	2.078	0
323	2.078	2.157	2.059	2.059	0
324	1.902	1.686	2.098	2.039	0
325	2.118	1.961	2.157	2.039	0
326	2.059	2.471	2.118	2.059	0
327	2.0	2.118	2.078	2.078	0
328	1.98	1.725	2.078	2.059	0
329	2.255	2.49	2.137	2.02	0
330	2.333	2.667	2.118	2.02	0
331	2.255	1.961	2.098	2.039	0
332	2.078	1.863	2.078	2.039	0
333	2.196	2.059	2.137	2.02	0
334	2.275	2.275	2.157	2.039	0
335	2.059	2.157	2.157	2.059	0
336	1.98	2.059	2.118	2.078	0
337	2.157	2.157	2.137	2.098	0
338	2.235	2.216	2.157	2.118	0
339	2.196	2.137	2.118	2.098	0
340	2.059	2.373	2.059	2.078	0
341	2.0	2.176	2.059	2.098	0
342	1.843	2.118	2.137	2.118	0
343	1.843	2.137	2.176	2.078	0
344	1.784	1.98	2.176	2.039	0
345	1.804	2.118	2.157	2.0	0
346	2.039	2.235	2.137	2.059	0
347	2.137	1.941	2.157	2.098	0
348	2.137	1.902	2.157	2.059	0
349	2.059	1.98	2.078	2.039	0
350	2.059	2.078	2.098	2.039	0
351	2.0	2.275	2.157	2.02	0
352	1.98	2.118	2.176	2.039	0
353	2.02	1.863	2.157	2.078	0
354	2.196	1.902	2.157	2.078	0
355	2.216	2.137	2.176	2.078	0
356	2.078	2.078	2.157	2.078	0
357	2.059	2.216	2.098	2.059	0
358	2.196	1.961	2.078	2.059	0
359	2.0	2.039	2.118	2.078	0
360	2.039	2.157	2.137	2.078	0
361	2.059	2.275	2.137	2.039	0
362	2.176	2.02	2.098	2.02	0
363	2.118	2.078	2.098	2.02	0
364	2.235	2.275	2.098	2.02	0
365	2.098	2.098	2.137	2.039	0
366	1.922	2.039	2.137	2.039	0
367	1.824	2.137	2.157	2.02	0
368	1.804	2.0	2.176	2.02	0
369	2.02	1.824	2.137	2.02	0
370	2.255	2.216	2.118	2.039	0
371	2.314	2.745	2.098	2.098	0
372	2.294	2.647	2.137	2.137	0
373	2.176	2.118	2.157	2.118	0
374	2.078	1.961	2.157	2.059	0
375	2.412	1.98	2.157	2.059	0
376	2.412	2.353	2.176	2.098	0
377	2.216	2.569	2.098	2.118	0
378	2.275	2.333	2.059	2.098	0
379	2.314	2.314	2.098	2.078	0
380	2.373	1.98	2.157	2.059	0
381	2.471	2.118	2.196	2.078	0
382	2.373	2.294	2.137	2.078	0
383	2.333	2.294	2.098	2.059	0
384	2.196	2.098	2.118	2.078	0
385	2.118	1.922	2.137	2.078	0
386	2.078	1.863	2.137	2.059	0
387	2.02	1.824	2.137	2.059	0
388	2.137	2.412	2.176	2.078	0
389	2.157	2.294	2.157	2.098	0
390	2.039	1.922	2.118	2.078	0
391	2.02	2.078	2.059	2.059	0
392	2.078	1.863	2.059	2.059	0
393	2.314	1.922	2.157	2.059	0
394	2.078	2.314	2.157	2.039	0
395	1.863	2.059	2.157	2.039	0
396	1.902	1.863	2.196	2.02	0
397	2.0	2.039	2.196	2.039	0
398	1.863	2.137	2.157	2.039	0
399	1.941	2.157	2.098	2.059	0
400	2.0	2.039	2.059	2.039	0
401	2.039	1.941	2.137	2.039	0
402	2.118	1.902	2.216	2.02	0
403	2.118	1.98	2.216	2.059	0
404	2.098	2.176	2.176	2.078	0
405	2.137	2.235	2.118	2.078	0
406	2.255	2.216	2.078	2.078	0
407	2.098	1.961	2.098	2.098	0
408	2.196	2.176	2.118	2.098	0
409	2.02	2.039	2.137	2.059	0
410	2.137	1.804	2.176	2.059	0
411	2.078	2.039	2.157	2.059	0
412	2.0	2.451	2.118	2.078	0
413	1.922	2.137	2.078	2.078	0
414	2.039	1.941	2.137	2.039	0
415	2.039	1.961	2.157	2.0	0
416	2.118	2.059	2.118	1.98	0
417	2.118	2.137	2.059	2.039	0
418	2.157	2.137	2.137	2.059	0
419	2.02	1.98	2.176	2.059	0
420	2.0	2.039	2.176	2.039	0
421	2.02	2.098	2.137	2.059	0
422	2.176	2.176	2.137	2.078	0
423	2.216	2.275	2.137	2.098	0
424	2.196	2.137	2.098	2.098	0
425	2.176	2.235	2.078	2.098	0
426	2.039	2.176	2.059	2.078	0
427	1.824	2.176	2.118	2.098	0
428	1.863	2.373	2.157	2.118	0
429	1.824	2.235	2.118	2.098	0
430	1.725	2.059	2.118	2.078	0
431	1.922	2.098	2.137	2.059	0
432	2.216	2.196	2.137	2.059	0
433	2.157	2.157	2.118	2.059	0
434	2.078	2.059	2.098	2.059	0
435	2.078	1.98	2.118	2.059	0
436	2.078	2.137	2.157	2.078	0
437	2.0	2.098	2.176	2.059	0
438	1.941	1.98	2.157	2.039	0
439	1.98	2.196	2.137	2.0	0
440	2.0	2.078	2.137	2.039	0
441	2.059	1.941	2.137	2.098	0
442	2.059	2.196	2.137	2.118	0
443	2.216	2.216	2.118	2.078	0
444	2.216	2.02	2.137	2.059	0
445	2.176	2.235	2.157	2.059	0
446	2.137	2.157	2.157	2.039	0
447	2.078	1.98	2.176	2.039	0
448	2.196	2.02	2.176	2.039	0
449	2.098	2.078	2.137	2.039	0
450	2.02	2.118	2.098	2.02	0
451	2.078	2.294	2.078	2.02	0
452	2.078	2.02	2.137	2.059	0
453	2.078	1.961	2.255	2.078	0
454	2.196	1.961	2.216	2.078	0
455	2.157	1.98	2.176	2.078	0
456	2.255	2.255	2.118	2.078	0
457	2.176	2.157	2.098	2.059	0
458	2.216	2.216	2.118	2.078	0
459	2.137	2.255	2.098	2.098	0
460	2.118	2.078	2.118	2.078	0
461	2.333	2.0	2.118	2.078	0
462	2.02	2.176	2.137	2.078	0
463	2.078	2.196	2.137	2.059	0
464	2.118	2.157	2.137	2.059	0
465	2.078	2.157	2.118	2.059	0
466	2.02	2.216	2.098	2.039	0
467	2.118	2.157	2.078	2.039	0
468	2.157	2.098	2.098	2.039	0
469	2.137	2.294	2.137	2.078	0
470	2.098	2.235	2.157	2.078	0
471	2.039	1.902	2.137	2.059	0
472	2.039	1.922	2.098	2.02	0
473	2.039	2.02	2.118	2.02	0
474	2.118	2.235	2.176	2.059	0
475	2.0	2.216	2.176	2.118	0
476	2.118	2.157	2.157	2.098	0
477	1.98	2.059	2.098	2.078	0
478	2.118	1.882	2.098	2.059	0
479	1.961	2.255	2.098	2.02	0
480	1.843	2.176	2.137	2.02	0
481	1.745	1.941	2.157	2.02	0
482	1.882	2.02	2.176	2.039	0
483	1.961	2.118	2.196	2.039	0
484	2.098	2.118	2.176	2.039	0
485	2.157	2.118	2.118	2.039	0
486	2.216	2.118	2.098	2.02	0
487	1.941	1.961	2.118	2.02	0
488	1.843	1.941	2.157	2.039	0
489	1.863	2.059	2.176	2.078	0
490	1.98	2.039	2.176	2.078	0
491	1.961	2.0	2.137	2.078	0
492	2.059	1.843	2.137	2.078	0
493	2.216	2.549	2.137	2.078	0
494	2.137	2.569	2.098	2.078	0
495	2.118	1.843	2.137	2.078	0
496	2.118	2.059	2.235	2.078	0
497	1.98	2.098	2.176	2.078	0
498	1.941	1.98	2.157	2.078	0
499	2.059	2.098	2.137	2.059	0
500	2.118	2.392	2.118	2.059	0
501	2.255	2.353	2.078	2.059	0
502	2.118	2.216	2.078	2.059	0
503	2.118	2.02	2.118	2.059	0
504	2.078	2.078	2.157	2.059	0
505	2.0	2.157	2.157	2.078	0
506	1.941	2.235	2.118	2.078	0
507	2.039	2.314	2.118	2.078	0
508	2.098	2.255	2.098	2.098	0
509	2.098	2.098	2.078	2.098	0
510	2.078	2.196	2.039	2.078	0
511	2.294	2.255	2.0	2.078	0
512	2.176	2.0	2.078	2.078	0
513	2.157	2.314	2.098	2.078	0
514	2.059	2.196	2.078	2.059	0
515	2.0	2.118	2.078	2.059	0
516	2.02	2.078	2.059	2.059	0
517	2.0	2.0	2.098	2.039	0
518	1.863	2.078	2.118	2.02	0
519	1.941	2.098	2.078	2.059	0
520	1.922	2.157	2.098	2.059	0
521	1.824	2.078	2.157	2.039	0
522	1.941	1.804	2.157	2.02	0
523	2.059	1.922	2.137	2.02	0
524	2.196	2.078	2.137	2.078	0
525	2.196	2.02	2.137	2.098	0
526	2.137	2.02	2.137	2.098	0
527	2.118	2.451	2.118	2.078	0
528	2.275	2.157	2.098	2.059	0
529	2.392	1.725	2.157	2.059	0
530	2.314	1.98	2.216	2.078	0
531	2.216	2.039	2.216	2.059	0
532	2.098	1.941	2.196	2.059	0
533	2.039	2.059	2.176	2.039	0
534	2.157	2.235	2.118	2.039	0
535	2.098	1.98	2.118	2.039	0
536	2.059	1.941	2.118	2.059	0
537	2.098	2.118	2.157	2.059	0
538	1.961	2.196	2.235	2.059	0
539	1.98	2.039	2.196	2.039	0
540	1.98	1.902	2.157	2.059	0
541	1.941	2.0	2.176	2.059	0
542	1.98	2.196	2.176	2.078	0
543	1.922	2.039	2.157	2.078	0
544	1.961	2.275	2.098	2.098	0
545	2.137	2.431	2.059	2.098	0
546	2.255	1.98	2.098	2.078	0
547	2.333	2.118	2.157	2.078	0
548	2.294	2.196	2.157	2.059	0
549	2.294	2.176	2.157	2.059	0
550	2.176	2.137	2.137	2.059	0
551	2.216	2.235	2.137	2.059	0
552	2.0	2.275	2.137	2.059	0
553	1.882	2.137	2.098	2.059	0
554	1.804	2.176	2.098	2.078	0
555	1.961	1.98	2.157	2.078	0
556	2.0	2.02	2.176	2.059	0
557	2.02	2.137	2.157	2.059	0
558	1.941	2.176	2.137	2.078	0
559	2.039	2.314	2.157	2.098	0
560	2.039	2.176	2.176	2.098	0
561	2.039	2.137	2.137	2.098	0
562	1.902	2.157	2.118	2.078	0
563	2.118	1.882	2.157	2.059	0
564	1.922	2.255	2.137	2.059	0
565	1.863	2.235	2.118	2.059	0
566	1.882	2.157	2.098	2.039	0
567	1.804	1.98	2.118	2.039	0
568	1.961	2.098	2.157	2.039	0
569	2.176	2.157	2.176	2.039	0
570	2.098	2.02	2.137	2.02	0
571	2.118	2.039	2.137	2.02	0
572	2.176	2.0	2.157	2.039	0
573	2.196	2.02	2.137	2.059	0
574	2.118	2.039	2.118	2.059	0
575	2.118	1.961	2.137	2.078	0
576	2.176	2.157	2.137	2.078	0
577	2.176	2.157	2.118	2.078	0
578	2.216	2.196	2.098	2.098	0
579	2.02	2.176	2.137	2.078	0
580	2.569	1.843	2.118	2.059	0
581	2.275	2.118	2.137	2.078	0
582	2.118	2.176	2.137	2.078	0
583	2.098	2.176	2.118	2.059	0
584	2.137	2.039	2.118	2.039	0
585	2.275	2.118	2.137	2.059	0
586	2.137	2.157	2.137	2.039	0
587	1.961	2.078	2.098	2.039	0
588	2.039	2.118	2.118	2.039	0
589	1.98	1.961	2.157	2.059	0
590	1.882	1.961	2.157	2.039	0
591	1.922	2.118	2.157	2.059	0
592	2.078	2.235	2.118	2.059	0
593	2.078	2.235	2.118	2.059	0
594	2.02	2.02	2.157	2.078	0
595	2.059	2.098	2.137	2.098	0
596	2.176	2.255	2.118	2.078	0
597	2.392	1.902	2.137	2.078	0
598	2.255	2.196	2.157	2.078	0
599	2.275	2.176	2.157	2.059	0
600	2.216	2.137	2.157	2.059	0
601	2.196	2.137	2.157	2.039	0
602	2.216	2.137	2.176	2.059	0
603	2.118	2.078	2.157	2.059	0
604	2.078	2.157	2.078	2.059	0
605	2.039	2.294	2.078	2.078	0
606	1.98	1.824	2.157	2.059	0
607	2.02	1.745	2.216	2.059	0
608	2.118	2.216	2.176	2.078	0
609	2.02	2.314	2.118	2.078	0
610	2.059	2.078	2.137	2.078	0
611	2.118	2.157	2.098	2.098	0
612	2.118	2.294	2.02	2.098	0
613	2.196	2.255	2.02	2.078	0
614	2.216	1.725	2.118	2.059	0
615	2.216	2.098	2.137	2.078	0
616	2.216	2.275	2.137	2.078	0
617	2.137	2.216	2.098	2.059	0
618	2.314	2.078	2.098	2.039	0
619	2.275	2.157	2.137	2.02	0
620	2.098	2.02	2.098	2.02	0
621	2.059	1.961	2.098	2.02	0
622	2.059	2.275	2.098	2.059	0
623	1.902	2.333	2.137	2.078	0
624	1.961	1.902	2.157	2.059	0
625	1.98	1.941	2.157	2.059	0
626	2.059	2.157	2.137	2.059	0
627	2.137	2.196	2.176	2.078	0
628	2.137	2.078	2.137	2.098	0
629	2.157	2.137	2.137	2.098	0
630	2.255	2.216	2.118	2.078	0
631	2.078	1.961	2.118	2.059	0
632	2.275	2.314	2.157	2.078	0
633	2.196	2.373	2.118	2.078	0
634	2.118	2.176	2.098	2.078	0
635	2.059	2.02	2.118	2.039	0
636	2.039	2.118	2.137	2.039	0
637	2.02	2.059	2.157	2.039	0
638	2.078	2.0	2.157	2.039	0
639	2.0	2.216	2.118	2.059	0
640	2.137	2.216	2.098	2.059	0
641	2.098	2.02	2.157	2.039	0
642	2.078	1.98	2.157	2.059	0
643	2.059	2.098	2.137	2.078	0
644	2.157	2.157	2.118	2.098	0
645	2.118	2.078	2.118	2.098	0
646	2.118	2.059	2.118	2.098	0
647	2.176	2.176	2.118	2.078	0
648	2.137	1.843	2.137	2.059	0
649	2.078	2.176	2.157	2.078	0
650	2.02	2.137	2.137	2.078	0
651	2.02	2.098	2.118	2.059	0
652	1.961	2.02	2.137	2.039	0
653	2.02	2.137	2.157	2.02	0
654	2.0	2.059	2.137	2.02	0
655	1.961	1.98	2.157	2.039	0
656	2.039	2.078	2.137	2.039	0
657	1.922	2.0	2.176	2.039	0
658	1.882	1.941	2.176	2.039	0
659	1.922	2.098	2.157	2.059	0
660	2.0	2.118	2.098	2.059	0
661	2.137	2.137	2.157	2.059	0
662	2.039	2.039	2.157	2.078	0
663	2.039	2.137	2.118	2.078	0
664	2.059	2.333	2.078	2.059	0
665	2.118	2.0	2.118	2.059	0
666	2.059	2.196	2.157	2.078	0
667	2.078	2.157	2.137	2.078	0
668	2.137	2.157	2.118	2.078	0
669	2.118	2.157	2.118	2.059	0
670	2.176	2.137	2.118	2.039	0
671	2.176	2.176	2.118	2.02	0
672	2.02	2.157	2.118	2.039	0
673	2.059	2.216	2.098	2.059	0
674	1.902	2.059	2.137	2.059	0
675	1.941	2.0	2.157	2.059	0
676	1.961	2.059	2.157	2.059	0
677	2.078	2.039	2.137	2.059	0
678	2.176	2.157	2.157	2.059	0
679	2.078	2.176	2.157	2.078	0
680	2.078	2.255	2.137	2.098	0
681	2.039	2.176	2.098	2.078	0
682	2.216	1.824	2.118	2.059	0
683	2.373	2.216	2.157	2.059	0
684	2.373	2.255	2.137	2.059	0
685	2.235	2.059	2.137	2.059	0
686	2.275	1.941	2.137	2.039	0
687	2.157	2.196	2.176	2.039	0
688	1.882	2.137	2.176	2.039	0
689	1.922	2.059	2.137	2.059	0
690	2.078	2.078	2.137	2.059	0
691	2.098	1.98	2.176	2.059	0
692	2.098	2.0	2.176	2.059	0
693	2.039	2.157	2.098	2.059	0
694	2.059	2.078	2.078	2.078	0
695	1.98	2.157	2.137	2.078	0
696	1.961	2.098	2.176	2.098	0
697	2.02	2.157	2.157	2.078	0
698	2.157	2.216	2.118	2.078	0
699	2.118	1.882	2.118	2.059	0
700	2.412	2.275	2.137	2.078	0
701	2.235	2.275	2.098	2.078	0
702	2.157	2.176	2.098	2.059	0
703	2.118	2.078	2.098	2.039	0
704	2.118	2.118	2.118	2.02	0
705	2.039	2.137	2.137	2.02	0
706	2.02	2.118	2.118	2.039	0
707	2.078	2.157	2.098	2.039	0
708	2.157	2.098	2.157	2.039	0
709	2.196	2.039	2.216	2.059	0
710	2.137	2.059	2.176	2.059	0
711	2.078	2.118	2.137	2.059	0
712	2.02	2.216	2.118	2.078	0
713	2.059	2.137	2.137	2.078	0
714	2.098	2.176	2.137	2.078	0
715	2.059	2.275	2.098	2.078	0
716	1.902	1.882	2.098	2.059	0
717	2.02	2.196	2.157	2.078	0
718	1.843	2.255	2.176	2.078	0
719	1.882	2.196	2.118	2.078	0
720	1.784	2.0	2.118	2.059	0
721	1.902	2.059	2.176	2.059	0
722	1.941	2.118	2.157	2.059	0
723	2.0	2.373	2.118	2.059	0
724	2.039	2.176	2.059	2.039	0
725	2.0	1.961	2.078	2.039	0
726	1.98	1.941	2.137	2.059	0
727	1.922	2.02	2.157	2.078	0
728	2.02	2.118	2.157	2.078	0
729	2.059	2.196	2.137	2.078	0
730	2.118	2.078	2.137	2.078	0
731	2.078	2.098	2.137	2.078	0
732	2.059	2.176	2.098	2.059	0
733	1.843	1.804	2.118	2.039	0
734	1.98	2.118	2.157	2.059	0
735	2.0	2.216	2.157	2.039	0
736	2.039	2.235	2.157	2.039	0
737	2.078	2.118	2.118	2.039	0
738	2.157	2.098	2.098	2.039	0
739	2.294	2.176	2.137	2.039	0
740	2.157	2.137	2.118	2.039	0
741	2.02	2.078	2.098	2.039	0
742	1.941	2.0	2.157	2.039	0
743	1.941	2.02	2.196	2.039	0
744	2.0	2.157	2.157	2.059	0
745	1.961	2.176	2.098	2.078	0
746	2.078	2.255	2.118	2.078	0
747	1.941	2.216	2.118	2.098	0
748	1.902	2.235	2.118	2.098	0
749	2.039	2.275	2.078	2.098	0
750	2.255	1.961	2.118	2.078	0
751	2.353	2.314	2.118	2.098	0
752	2.353	2.294	2.098	2.078	0
753	2.314	2.098	2.098	2.059	0
754	2.216	2.0	2.137	2.059	0
755	2.137	2.118	2.157	2.039	0
756	1.961	2.118	2.157	2.039	0
757	1.882	2.118	2.118	2.039	0
758	1.941	2.157	2.098	2.039	0
759	2.02	2.059	2.137	2.059	0
760	2.039	2.0	2.157	2.059	0
761	2.098	1.961	2.137	2.059	0
762	2.039	2.02	2.157	2.059	0
763	2.078	2.118	2.176	2.059	0
764	2.118	2.098	2.176	2.078	0
765	2.078	2.039	2.157	2.078	0
766	2.196	2.118	2.118	2.059	0
767	2.431	1.804	2.137	2.059	0
768	2.549	2.118	2.157	2.059	0
769	2.373	2.255	2.137	2.059	0
770	2.235	2.118	2.118	2.039	0
771	2.235	1.941	2.137	2.02	0
772	2.235	2.059	2.196	2.02	0
773	2.059	2.137	2.176	2.02	0
774	2.059	2.196	2.118	2.02	0
775	2.098	2.255	2.098	2.039	0
776	2.039	2.098	2.118	2.059	0
777	2.02	1.98	2.118	2.059	0
778	2.098	2.078	2.118	2.059	0
779	2.098	2.137	2.118	2.059	0
780	2.078	2.255	2.137	2.078	0
781	2.039	2.255	2.137	2.098	0
782	2.157	2.333	2.118	2.098	0
783	2.216	2.431	2.078	2.098	0
784	2.078	2.02	2.098	2.098	0
785	2.216	2.157	2.157	2.078	0
786	2.098	2.275	2.118	2.078	0
787	1.941	2.176	2.098	2.059	0
788	1.98	2.039	2.098	2.059	0
789	1.922	2.078	2.157	2.039	0
790	2.137	2.157	2.176	2.02	0
791	2.098	2.039	2.157	2.039	0
792	2.02	2.039	2.137	2.039	0
793	2.137	1.941	2.176	2.039	0
794	2.137	1.882	2.235	2.039	0
795	2.059	2.059	2.216	2.039	0
796	1.98	2.039	2.137	2.059	0
797	2.098	2.059	2.137	2.078	0
798	2.255	2.157	2.157	2.078	0
799	2.333	2.333	2.137	2.078	0
800	2.098	2.235	2.059	2.078	0
801	1.882	1.804	2.098	2.059	0
802	2.118	2.118	2.176	2.078	0
803	2.059	2.255	2.176	2.078	0
804	2.059	2.294	2.137	2.078	0
805	1.902	2.078	2.098	2.059	0
806	1.98	2.137	2.098	2.039	0
807	2.098	2.216	2.098	2.039	0
808	1.941	2.098	2.078	2.039	0
809	1.98	2.078	2.078	2.039	0
810	2.078	2.098	2.118	2.059	0
811	2.078	2.02	2.137	2.059	0
812	2.078	2.078	2.137	2.059	0
813	1.961	2.078	2.137	2.078	0
814	2.02	2.059	2.137	2.078	0
815	2.0	1.941	2.137	2.059	0
816	2.02	1.941	2.157	2.059	0
817	2.0	2.098	2.137	2.039	0
818	2.098	1.765	2.157	2.039	0
819	2.0	1.902	2.235	2.039	0
820	2.059	2.059	2.235	2.039	0
821	2.157	2.098	2.157	2.02	0
822	2.255	2.235	2.137	2.02	0
823	2.314	2.373	2.118	2.039	0
824	2.275	2.314	2.098	2.059	0
825	2.02	2.039	2.059	2.039	0
826	1.961	1.902	2.118	2.039	0
827	2.059	2.02	2.196	2.039	0
828	2.196	2.216	2.196	2.059	0
829	2.255	2.333	2.137	2.078	0
830	2.157	2.333	2.098	2.098	0
831	2.333	2.451	2.098	2.098	0
832	2.118	2.471	2.098	2.118	0
833	1.98	2.314	2.059	2.137	0
834	2.039	2.412	2.02	2.118	0
835	2.275	2.157	2.059	2.098	0
836	2.333	2.216	2.118	2.098	0
837	2.373	2.333	2.118	2.098	0
838	2.373	2.294	2.118	2.078	0
839	2.275	2.196	2.098	2.078	0
840	2.275	2.275	2.118	2.059	0
841	2.118	2.059	2.118	2.059	0
842	1.941	1.922	2.118	2.059	0
843	1.961	1.961	2.157	2.039	0
844	1.941	2.118	2.176	2.039	0
845	2.02	2.078	2.196	2.059	0
846	2.078	2.0	2.176	2.059	0
847	2.059	1.961	2.157	2.078	0
848	2.137	2.059	2.137	2.078	0
849	2.078	2.098	2.137	2.078	0
850	2.039	2.078	2.137	2.078	0
851	2.039	2.176	2.118	2.078	0
852	2.235	1.961	2.118	2.059	0
853	2.294	2.059	2.157	2.078	0
854	2.216	2.098	2.157	2.078	0
855	2.078	2.157	2.118	2.059	0
856	1.941	2.039	2.098	2.059	0
857	2.02	2.078	2.137	2.039	0
858	2.0	2.098	2.157	2.039	0
859	2.137	1.98	2.118	2.039	0
860	2.314	2.098	2.098	2.039	0
861	2.235	2.137	2.118	2.039	0
862	2.059	2.039	2.137	2.059	0
863	2.078	1.941	2.137	2.078	0
864	2.039	1.961	2.137	2.059	0
865	2.039	2.02	2.137	2.059	0
866	2.157	2.039	2.176	2.078	0
867	2.216	2.098	2.196	2.078	0
868	2.078	2.118	2.157	2.078	0
869	1.843	1.882	2.137	2.059	0
870	2.176	2.098	2.157	2.059	0
871	2.196	2.275	2.098	2.078	0
872	2.137	2.137	2.098	2.059	0
873	2.039	1.98	2.157	2.059	0
874	2.078	1.941	2.176	2.039	0
875	2.098	2.02	2.196	2.02	0
876	1.922	2.039	2.157	2.02	0
877	1.902	1.961	2.157	2.02	0
878	2.118	2.0	2.235	2.039	0
879	2.118	2.078	2.255	2.039	0
880	2.078	2.02	2.137	2.039	0
881	2.059	1.961	2.118	2.039	0
882	2.157	2.118	2.216	2.039	0
883	2.235	2.176	2.176	2.059	0
884	2.196	2.176	2.098	2.059	0
885	2.078	2.333	2.039	2.059	0
886	1.922	2.078	2.078	2.039	0
887	1.961	2.176	2.137	2.059	0
888	1.824	2.176	2.157	2.059	0
889	1.941	2.176	2.176	2.039	0
890	1.961	2.216	2.157	2.039	0
891	2.118	2.333	2.118	2.039	0
892	2.294	2.333	2.059	2.039	0
893	2.255	2.333	2.039	2.039	0
894	2.157	2.275	2.0	2.039	0
895	2.118	2.157	2.078	2.059	0
896	2.118	2.118	2.137	2.078	0
897	2.059	2.176	2.137	2.078	0
898	2.118	2.275	2.118	2.098	0
899	2.059	2.255	2.078	2.098	0
900	2.235	2.294	2.078	2.118	0
901	2.098	2.353	2.059	2.118	0
902	2.078	2.373	2.039	2.098	0
903	2.235	2.0	2.059	2.098	0
904	2.431	1.98	2.118	2.078	0
905	2.471	2.216	2.137	2.078	0
906	2.353	2.176	2.118	2.078	0
907	2.294	2.02	2.118	2.059	0
908	2.275	2.078	2.137	2.039	0
909	2.314	2.137	2.157	2.039	0
910	2.118	2.078	2.098	2.039	0
911	2.039	2.118	2.059	2.039	0
912	2.02	2.118	2.118	2.059	0
913	2.02	1.961	2.157	2.059	0
914	2.02	1.784	2.137	2.059	0
915	2.039	1.882	2.137	2.059	0
916	2.176	2.078	2.176	2.078	0
917	2.176	2.137	2.255	2.078	0
918	2.0	1.941	2.275	2.078	0
919	2.0	2.0	2.196	2.078	0
920	2.431	1.863	2.157	2.078	0
921	2.706	2.294	2.176	2.078	0
922	2.412	2.451	2.118	2.098	0
923	2.02	2.02	2.059	2.098	0
924	1.863	1.902	2.098	2.059	0
925	2.02	2.098	2.196	2.039	0
926	1.98	2.235	2.216	2.039	0
927	1.941	2.039	2.176	2.059	0
928	2.176	1.941	2.157	2.039	0
929	2.235	2.02	2.176	2.039	0
930	2.078	2.098	2.137	2.039	0
931	2.02	2.118	2.118	2.059	0
932	2.039	2.216	2.118	2.059	0
933	1.98	2.255	2.098	2.078	0
934	2.02	2.275	2.078	2.078	0
935	2.118	2.059	2.059	2.078	0
936	2.196	2.118	2.118	2.078	0
937	2.314	2.02	2.137	2.059	0
938	2.255	1.941	2.157	2.078	0
939	2.157	2.216	2.137	2.059	0
940	2.176	2.255	2.098	2.059	0
941	2.157	2.157	2.078	2.059	0
942	2.078	2.02	2.157	2.039	0
943	1.902	2.039	2.176	2.039	0
944	2.059	2.196	2.137	2.039	0
945	2.059	2.216	2.078	2.039	0
946	1.98	2.098	2.137	2.059	0
947	2.02	2.039	2.196	2.059	0
948	2.059	2.02	2.157	2.078	0
949	2.039	2.118	2.118	2.078	0
950	2.078	2.157	2.137	2.078	0
951	2.137	2.196	2.176	2.078	0
952	2.118	2.078	2.098	2.098	0
953	2.235	2.176	2.118	2.098	0
954	2.137	2.078	2.157	2.078	0
955	2.078	2.059	2.196	2.078	0
956	2.059	2.255	2.118	2.078	0
957	2.0	2.255	2.098	2.078	0
958	1.745	2.078	2.118	2.078	0
959	1.961	2.059	2.098	2.059	0
960	1.961	2.078	2.118	2.039	0
961	1.961	2.02	2.137	2.039	0
962	2.0	2.176	2.118	2.039	0
963	2.02	2.118	2.118	2.059	0
964	2.118	1.902	2.137	2.059	0
965	2.098	2.039	2.176	2.039	0
966	2.157	2.176	2.137	2.059	0
967	1.961	2.157	2.118	2.078	0
968	1.941	2.098	2.196	2.078	0
969	1.922	2.039	2.196	2.078	0
970	1.961	2.176	2.118	2.078	0
971	2.0	1.98	2.098	2.059	0
972	2.039	1.922	2.157	2.059	0
973	2.078	2.373	2.098	2.078	0
974	2.039	2.294	2.039	2.059	0
975	2.059	2.078	2.078	2.059	0
976	2.118	2.0	2.176	2.039	0
977	2.157	2.078	2.235	2.039	0
978	2.02	2.196	2.235	2.059	0
979	2.02	2.196	2.196	2.059	0
980	2.059	2.059	2.137	2.059	0
981	2.098	1.961	2.157	2.059	0
982	2.078	2.039	2.157	2.059	0
983	2.02	2.196	2.098	2.078	0
984	2.098	2.255	2.039	2.078	0
985	2.196	2.314	2.098	2.078	0
986	2.157	2.196	2.118	2.098	0
987	1.98	1.941	2.118	2.078	0
988	2.039	1.882	2.176	2.059	0
989	2.471	2.137	2.196	2.059	0
990	2.471	2.353	2.235	2.078	0
991	2.412	2.176	2.176	2.078	0
992	2.216	2.0	2.118	2.039	0
993	2.078	2.098	2.059	2.02	0
994	1.902	2.118	2.078	2.02	0
995	1.706	2.176	2.098	2.039	0
996	1.824	2.02	2.039	2.039	0
997	1.98	2.0	2.137	2.039	0
998	2.059	1.941	2.157	2.059	0
999	2.098	1.941	2.216	2.059	0
