time	channel1	channel2	channel3	channel4	class
0	2.039	2.157	2.157	2.02	5
1	2.157	2.039	2.196	2.0	5
2	2.333	2.196	2.176	2.0	5
3	2.333	2.235	2.137	2.0	5
4	1.961	2.098	2.118	1.98	5
5	1.902	2.02	2.216	1.98	5
6	2.039	2.0	2.216	2.0	5
7	1.98	2.098	2.157	2.02	5
8	2.0	1.902	2.157	1.98	5
9	2.0	2.0	2.157	2.0	5
10	2.02	2.255	2.157	2.02	5
11	2.059	2.255	2.157	2.02	5
12	1.922	2.275	2.098	2.0	5
13	2.392	2.294	2.216	2.039	5
14	2.275	1.863	2.294	2.059	5
15	2.059	2.157	2.235	2.059	5
16	2.176	2.235	2.176	2.02	5
17	2.157	2.137	2.157	1.98	5
18	2.157	2.098	2.216	2.02	5
19	2.137	2.255	2.216	2.0	5
20	1.961	2.196	2.176	1.98	5
21	2.059	2.02	2.118	1.98	5
22	1.863	2.039	2.196	1.961	5
23	2.0	1.941	2.216	1.961	5
24	2.098	1.902	2.176	1.961	5
25	2.235	1.784	2.176	1.961	5
26	2.255	2.039	2.255	2.039	5
27	2.176	2.373	2.196	2.02	5
28	2.02	2.314	2.176	2.02	5
29	2.059	2.157	2.176	2.02	5
30	2.196	2.176	2.196	2.0	5
31	2.314	1.922	2.216	1.98	5
32	2.078	2.216	2.176	2.0	5
33	2.137	2.353	2.137	2.0	5
34	2.412	2.314	2.137	2.02	5
35	2.373	2.294	2.235	2.059	5
36	2.235	2.412	2.216	2.0	5
37	2.039	2.275	2.157	2.02	5
38	2.118	2.275	2.137	2.02	5
39	2.196	2.333	2.176	2.039	5
40	2.235	2.392	2.275	2.098	5
41	2.275	2.255	2.196	2.039	5
42	2.216	2.196	2.176	2.039	5
43	2.353	2.196	2.176	2.039	5
44	2.275	2.314	2.157	2.059	5
45	2.157	2.333	2.137	2.02	5
46	2.078	2.196	2.137	2.078	5
47	2.078	2.353	2.235	2.039	5
48	2.588	2.039	2.255	2.059	5
49	2.412	2.196	2.157	2.039	5
50	2.235	2.392	2.176	2.059	5
51	2.02	2.157	2.176	2.02	5
52	2.157	2.039	2.196	2.0	5
53	2.392	2.176	2.176	2.0	5
54	2.294	2.118	2.137	1.98	5
55	2.235	2.078	2.118	1.98	5
56	2.392	2.039	2.196	1.961	5
57	2.353	1.98	2.216	2.0	5
58	2.333	1.961	2.157	1.98	5
59	2.294	2.039	2.137	1.961	5
60	2.235	2.039	2.157	1.961	5
61	2.255	2.118	2.176	1.98	5
62	2.098	2.137	2.157	2.0	5
63	2.059	2.255	2.196	2.059	5
64	2.078	2.314	2.235	2.078	5
65	2.333	2.059	2.294	2.02	5
66	2.196	2.196	2.216	2.02	5
67	2.176	2.157	2.157	2.02	5
68	1.98	2.098	2.157	1.98	5
69	2.098	2.216	2.176	1.98	5
70	2.49	2.294	2.196	2.0	5
71	2.569	2.216	2.157	2.0	5
72	2.588	2.098	2.137	2.0	5
73	2.353	2.059	2.235	2.078	5
74	2.294	2.02	2.275	2.02	5
75	2.176	1.882	2.255	2.0	5
76	2.157	1.843	2.176	2.02	5
77	2.176	1.902	2.157	1.98	5
78	2.196	2.216	2.196	2.059	5
79	2.157	2.51	2.196	2.02	5
80	2.176	2.196	2.196	2.02	5
81	2.294	2.196	2.157	2.0	5
82	2.039	1.843	2.275	2.0	5
83	1.882	1.922	2.216	1.98	5
84	1.961	2.294	2.176	1.98	5
85	2.039	2.314	2.157	2.0	5
86	2.078	2.196	2.176	1.98	5
87	2.176	2.137	2.196	1.98	5
88	2.098	2.216	2.176	2.02	5
89	1.941	2.392	2.118	2.02	5
90	2.0	2.373	2.275	2.039	5
91	2.157	2.275	2.235	2.0	5
92	2.098	2.176	2.216	2.0	5
93	2.157	1.922	2.196	2.0	5
94	2.294	1.882	2.235	2.0	5
95	2.275	1.941	2.216	2.0	5
96	2.412	2.137	2.294	2.059	5
97	2.275	2.353	2.196	2.039	5
98	2.49	2.275	2.235	2.0	5
99	2.686	2.039	2.294	2.02	5
100	2.412	2.373	2.176	2.039	5
101	2.196	2.529	2.176	2.02	5
102	2.196	2.02	2.294	2.02	5
103	2.255	1.706	2.412	2.02	5
104	2.137	2.039	2.216	2.0	5
105	1.961	2.294	2.176	1.98	5
106	1.804	2.137	2.196	2.0	5
107	1.902	2.137	2.314	2.02	5
108	1.882	2.157	2.275	2.039	5
109	2.078	2.216	2.118	2.039	5
110	2.078	2.373	2.118	2.059	5
111	2.275	2.196	2.216	2.098	5
112	2.314	2.275	2.333	2.118	5
113	2.078	2.49	2.176	2.118	5
114	2.078	2.451	1.961	2.039	5
115	2.216	2.118	2.176	2.02	5
116	2.647	1.49	2.569	2.0	5
117	2.451	1.647	2.431	2.039	5
118	2.137	2.0	2.196	2.039	5
119	1.941	2.02	2.059	2.02	5
120	2.02	1.941	2.216	2.039	5
121	2.235	2.059	2.118	2.059	5
122	2.314	2.392	2.02	2.098	5
123	2.216	2.392	2.0	2.059	5
124	2.098	2.549	2.078	2.039	5
125	2.118	2.294	2.157	2.039	5
126	2.294	2.059	2.216	2.039	5
127	2.255	1.961	2.059	2.039	5
128	2.275	2.216	1.98	2.02	5
129	2.216	2.314	2.02	2.039	5
130	2.373	2.176	2.039	2.059	5
131	2.333	2.176	2.118	2.078	5
132	2.0	2.412	2.137	2.02	5
133	2.059	2.157	2.235	1.98	5
134	2.078	2.196	2.118	1.98	5
135	2.059	2.431	2.039	1.961	5
136	2.078	2.157	2.235	1.941	5
137	2.118	2.098	2.333	1.902	5
138	2.294	2.196	2.235	1.902	5
139	2.451	1.902	2.196	1.922	5
140	2.157	1.588	2.353	1.961	5
141	2.078	1.549	2.216	1.941	5
142	1.98	1.98	2.059	1.922	5
143	1.824	1.725	2.137	1.922	5
144	2.078	1.412	2.353	1.941	5
145	2.235	1.804	2.529	2.039	5
146	2.275	2.216	2.51	2.02	5
147	2.275	1.647	2.549	2.0	5
148	2.529	1.745	2.373	2.078	5
149	2.353	2.882	2.118	2.059	5
150	2.49	2.608	2.098	2.059	5
151	2.784	2.412	2.176	2.137	5
152	2.275	2.843	1.941	2.098	5
153	1.843	2.451	1.902	2.059	5
154	2.216	1.941	2.039	2.0	5
155	2.157	2.471	2.098	1.961	5
156	2.118	2.588	2.451	1.922	5
157	1.98	2.02	2.725	1.961	5
158	2.216	1.98	2.373	2.0	5
159	2.765	2.255	2.118	1.98	5
160	2.373	2.529	2.02	2.0	5
161	1.98	2.745	1.882	1.98	5
162	1.765	2.49	1.902	1.98	5
163	2.275	2.353	1.961	1.98	5
164	2.569	2.275	2.098	1.98	5
165	2.118	3.157	2.0	2.02	5
166	2.275	2.176	2.0	1.922	5
167	2.667	0.863	2.392	1.882	5
168	2.647	1.118	2.588	1.961	5
169	2.51	2.196	2.471	1.98	5
170	3.02	1.941	2.412	2.0	5
171	2.333	1.961	2.118	2.039	5
172	1.725	3.0	1.863	2.078	5
173	1.608	2.725	1.863	2.0	5
174	1.745	2.157	2.0	1.98	5
175	1.686	2.471	2.216	2.02	5
176	1.471	2.098	2.235	1.98	5
177	2.059	1.882	2.216	2.02	5
178	2.373	2.118	2.255	2.059	5
179	1.882	2.922	2.059	2.02	5
180	2.0	2.784	2.039	2.02	5
181	2.235	2.118	2.176	1.98	5
182	2.02	2.039	2.02	1.941	5
183	2.314	2.608	1.941	1.902	5
184	2.118	2.647	2.078	1.941	5
185	2.412	2.451	2.137	1.961	5
186	2.235	2.843	2.059	2.02	5
187	2.216	2.118	2.02	1.98	5
188	2.176	1.902	2.216	1.941	5
189	1.98	2.216	2.353	1.961	5
190	2.216	2.471	2.176	1.961	5
191	2.333	2.588	2.137	1.98	5
192	2.51	2.059	2.098	1.98	5
193	2.02	2.196	2.098	1.98	5
194	2.078	1.882	2.176	1.941	5
195	2.294	1.706	2.235	1.922	5
196	2.353	2.098	2.118	1.922	5
197	2.667	2.157	2.216	1.98	5
198	2.373	1.686	2.373	1.922	5
199	2.647	0.941	2.569	1.882	5
200	2.588	1.176	2.51	1.902	5
201	2.588	2.549	2.176	1.98	5
202	2.373	3.098	2.0	1.98	5
203	2.451	2.843	2.02	1.98	5
204	2.176	1.51	2.196	1.882	5
205	2.039	0.941	2.49	1.843	5
206	2.196	1.333	2.471	1.882	5
207	2.294	1.902	2.392	1.922	5
208	2.098	2.314	2.294	1.98	5
209	1.686	2.02	2.353	2.0	5
210	1.941	1.529	2.49	1.98	5
211	2.353	0.843	2.471	1.941	5
212	2.686	0.804	2.255	1.98	5
213	2.392	1.882	1.961	2.02	5
214	1.863	3.235	1.882	2.02	5
215	2.176	3.275	2.0	2.0	5
216	2.118	2.118	2.451	1.922	5
217	2.137	1.294	2.549	1.98	5
218	2.157	1.824	2.137	2.0	5
219	2.412	1.804	2.059	2.039	5
220	2.392	3.078	1.961	2.039	5
221	1.98	3.941	1.922	1.961	5
222	2.02	2.863	1.941	1.941	5
223	2.333	2.02	2.02	1.922	5
224	2.176	2.255	2.039	1.961	5
225	2.078	2.647	1.98	1.922	5
226	2.02	2.922	2.0	1.941	5
227	2.118	2.863	2.02	1.961	5
228	2.49	2.706	2.196	2.0	5
229	2.49	2.941	2.118	2.02	5
230	2.412	2.863	2.059	2.0	5
231	2.216	2.529	2.098	2.02	5
232	2.137	2.294	2.078	1.98	5
233	2.157	1.961	2.118	2.039	5
234	2.196	2.157	2.157	2.0	5
235	2.314	1.725	2.412	2.0	5
236	2.392	1.569	2.451	2.039	5
237	2.314	2.0	2.451	2.059	5
238	2.039	2.255	2.078	2.02	5
239	2.176	2.059	2.039	1.922	5
240	2.137	2.49	2.098	1.941	5
241	1.961	1.863	2.137	1.961	5
242	1.627	1.941	2.137	2.039	5
243	1.765	2.02	2.098	1.98	5
244	2.176	1.961	2.137	1.961	5
245	2.333	1.902	2.235	1.961	5
246	2.412	1.667	2.294	1.98	5
247	1.98	2.255	2.157	2.02	5
248	2.039	2.294	2.373	1.98	5
249	1.784	1.686	2.333	2.0	5
250	2.275	1.451	2.118	1.98	5
251	2.51	2.216	2.137	2.0	5
252	2.49	2.314	2.137	1.961	5
253	2.314	1.824	2.137	1.922	5
254	2.314	2.314	2.353	1.961	5
255	2.314	1.941	2.333	1.961	5
256	2.196	1.667	2.275	2.02	5
257	1.863	1.804	2.333	1.961	5
258	1.725	1.51	2.235	1.902	5
259	2.0	0.725	2.137	1.882	5
260	2.02	2.275	2.078	1.941	5
261	2.588	3.706	2.157	2.0	5
262	2.333	3.039	2.235	1.961	5
263	1.824	2.157	2.118	1.941	5
264	2.098	1.922	2.098	1.902	5
265	2.392	2.157	2.176	1.882	5
266	1.745	2.314	2.196	1.902	5
267	1.765	2.059	2.098	1.882	5
268	2.02	2.235	2.078	1.863	5
269	2.706	2.725	2.118	1.941	5
270	2.353	3.059	2.176	2.039	5
271	2.0	3.118	2.235	2.02	5
272	2.275	2.333	2.235	1.902	5
273	2.51	2.451	2.176	1.882	5
274	1.863	2.784	2.137	1.902	5
275	1.863	2.549	2.137	1.882	5
276	2.137	1.784	2.235	1.902	5
277	2.275	1.941	2.353	1.961	5
278	2.373	1.941	2.157	1.98	5
279	2.176	1.647	2.235	2.059	5
280	2.235	2.098	2.275	2.0	5
281	2.412	2.725	2.157	2.02	5
282	2.51	3.275	2.176	2.039	5
283	2.235	2.373	2.333	2.02	5
284	1.667	1.588	2.412	1.922	5
285	2.235	1.549	2.471	1.902	5
286	3.059	1.647	2.294	1.922	5
287	2.686	1.902	2.118	1.98	5
288	2.255	2.333	2.039	2.0	5
289	1.961	2.667	2.039	1.961	5
290	1.863	2.667	2.157	1.941	5
291	1.765	2.0	2.412	1.922	5
292	2.412	2.255	2.451	1.961	5
293	2.431	2.745	2.157	1.98	5
294	2.157	2.039	2.118	1.961	5
295	2.137	1.627	2.176	1.941	5
296	2.118	1.804	2.059	1.922	5
297	2.392	2.373	2.02	1.941	5
298	2.196	2.51	2.137	1.961	5
299	1.922	2.549	2.118	1.98	5
300	2.176	2.235	2.059	1.98	5
301	2.353	2.157	2.137	1.922	5
302	2.373	1.961	2.255	1.922	5
303	2.471	1.608	2.235	1.922	5
304	2.353	2.059	2.176	1.941	5
305	2.157	1.902	2.255	1.961	5
306	2.0	1.588	2.314	1.961	5
307	1.941	1.667	2.137	1.922	5
308	1.804	2.157	2.157	1.922	5
309	1.902	2.02	2.0	1.922	5
310	1.941	2.49	1.98	1.922	5
311	1.98	2.549	2.078	1.941	5
312	2.353	2.451	2.235	2.0	5
313	2.216	2.02	2.176	2.039	5
314	2.275	1.471	2.333	2.02	5
315	2.098	1.784	2.333	2.0	5
316	2.294	2.196	2.118	1.98	5
317	2.235	2.608	1.98	1.941	5
318	2.216	2.765	1.98	1.902	5
319	2.255	2.725	2.078	1.882	5
320	2.431	1.922	2.059	1.922	5
321	2.569	2.902	2.0	1.922	5
322	2.49	2.569	2.059	1.922	5
323	2.275	1.824	2.157	1.882	5
324	2.137	1.608	2.137	1.882	5
325	2.176	2.137	2.078	1.882	5
326	1.922	2.078	2.216	1.843	5
327	2.0	2.176	2.255	1.863	5
328	2.039	2.078	2.137	1.902	5
329	1.902	1.667	2.039	1.922	5
330	1.745	1.471	2.137	1.941	5
331	1.647	2.176	2.294	2.059	5
332	2.314	2.373	2.412	2.039	5
333	2.824	1.922	2.667	2.02	5
334	2.51	1.706	2.431	2.02	5
335	2.157	1.627	2.078	2.02	5
336	2.02	2.118	2.196	2.0	5
337	2.725	2.314	2.471	2.0	5
338	2.157	2.412	2.294	2.0	5
339	2.157	1.804	2.098	1.961	5
340	2.412	2.373	1.98	1.902	5
341	2.098	2.118	2.02	1.882	5
342	1.882	1.941	2.098	1.882	5
343	1.686	1.961	2.02	1.902	5
344	2.235	2.608	2.0	1.902	5
345	2.118	2.765	2.176	1.902	5
346	2.294	2.157	2.137	1.922	5
347	2.314	2.02	2.02	1.922	5
348	2.353	2.314	2.0	1.922	5
349	2.157	2.49	2.137	2.0	5
350	2.333	2.608	2.196	2.0	5
351	2.216	2.137	2.196	2.039	5
352	2.235	2.255	2.098	2.02	5
353	1.961	2.588	2.216	1.98	5
354	1.843	1.843	2.353	1.961	5
355	2.02	1.922	2.255	1.98	5
356	2.176	2.235	2.137	1.961	5
357	2.275	1.804	2.059	1.961	5
358	2.059	2.373	2.059	1.922	5
359	2.098	2.412	2.118	1.902	5
360	1.98	2.706	2.294	1.922	5
361	1.765	2.255	2.216	1.941	5
362	2.118	1.961	2.176	1.922	5
363	2.314	1.02	2.431	1.902	5
364	2.745	1.627	2.294	1.922	5
365	2.608	2.431	2.098	1.961	5
366	2.451	2.353	2.235	2.039	5
367	2.118	2.49	2.294	2.059	5
368	2.118	2.176	2.235	1.98	5
369	2.431	2.235	2.137	1.98	5
370	2.255	2.765	2.078	1.98	5
371	2.118	2.235	2.078	1.98	5
372	2.078	2.137	2.196	1.941	5
373	2.176	2.353	2.235	2.02	5
374	2.412	2.451	2.333	2.02	5
375	2.255	2.098	2.294	1.98	5
376	2.294	2.098	2.157	1.961	5
377	2.529	1.725	2.255	2.0	5
378	2.627	1.549	2.255	1.98	5
379	2.451	1.627	2.196	2.0	5
380	1.902	2.392	2.137	2.078	5
381	1.745	2.235	2.255	2.02	5
382	2.118	2.51	2.235	2.02	5
383	2.314	2.549	2.392	2.02	5
384	2.706	1.804	2.314	2.02	5
385	2.765	1.941	2.02	1.98	5
386	2.118	1.51	2.118	1.922	5
387	2.118	1.588	2.373	1.922	5
388	2.667	1.569	2.294	1.98	5
389	2.294	2.549	2.098	2.0	5
390	2.059	2.333	2.078	1.941	5
391	2.216	2.255	2.196	1.902	5
392	2.098	2.118	2.157	1.882	5
393	2.333	2.176	2.078	1.902	5
394	2.196	1.765	2.176	1.961	5
395	2.137	2.176	2.078	2.0	5
396	1.765	2.549	2.216	1.941	5
397	2.137	2.471	2.451	1.961	5
398	2.216	1.745	2.176	1.941	5
399	2.216	1.49	2.02	1.922	5
400	2.157	2.235	2.0	1.961	5
401	2.176	2.627	2.235	1.961	5
402	2.314	1.902	2.49	1.941	5
403	2.353	1.745	2.196	1.941	5
404	2.686	2.804	2.039	2.02	5
405	2.569	2.765	2.02	2.0	5
406	2.196	2.922	2.255	2.0	5
407	1.961	2.255	2.412	2.0	5
408	2.216	1.784	2.137	2.0	5
409	2.392	2.216	2.02	1.98	5
410	2.353	2.765	2.039	2.039	5
411	2.235	2.882	2.059	2.02	5
412	2.216	2.627	2.118	2.039	5
413	1.843	2.353	2.098	1.98	5
414	2.137	2.451	2.118	1.961	5
415	2.235	2.569	2.098	1.98	5
416	2.275	2.451	2.098	2.0	5
417	2.333	2.549	2.059	2.039	5
418	2.275	2.471	2.118	2.0	5
419	2.078	1.922	2.196	1.98	5
420	2.275	2.157	2.118	1.98	5
421	2.216	2.078	2.118	1.941	5
422	1.804	1.725	2.118	1.941	5
423	2.0	2.098	2.098	1.922	5
424	2.078	2.275	2.137	1.902	5
425	1.843	1.863	2.294	1.902	5
426	1.98	2.137	2.255	1.961	5
427	2.314	1.941	2.255	1.961	5
428	2.725	1.588	2.216	1.922	5
429	2.333	1.745	2.275	1.98	5
430	2.373	2.039	2.294	1.98	5
431	2.392	2.02	2.275	1.941	5
432	2.098	1.922	2.118	1.902	5
433	1.784	2.333	2.098	1.902	5
434	1.765	1.784	2.235	1.922	5
435	2.275	1.804	2.373	1.941	5
436	2.333	2.02	2.412	2.02	5
437	2.196	2.118	2.216	1.961	5
438	2.02	2.373	2.216	1.941	5
439	1.784	1.941	2.314	1.961	5
440	2.216	2.333	2.235	2.02	5
441	1.863	2.373	2.078	1.941	5
442	2.098	2.353	2.098	1.941	5
443	2.02	2.02	2.235	1.902	5
444	2.098	1.902	2.157	1.902	5
445	2.098	2.157	2.137	1.922	5
446	1.961	1.804	2.235	1.902	5
447	2.098	1.647	2.353	1.922	5
448	2.059	1.725	2.451	1.941	5
449	2.059	1.451	2.373	1.941	5
450	2.255	2.02	2.039	1.922	5
451	2.137	2.333	2.0	1.902	5
452	2.176	2.608	2.039	1.941	5
453	2.235	2.0	2.176	1.941	5
454	2.373	1.157	2.549	1.922	5
455	2.196	1.49	2.49	1.863	5
456	2.0	1.549	2.255	1.882	5
457	2.118	2.039	2.098	1.941	5
458	2.157	2.412	2.02	1.941	5
459	2.196	2.235	2.118	1.922	5
460	2.098	1.588	2.216	1.882	5
461	2.0	1.745	2.078	1.902	5
462	2.235	2.569	1.941	1.902	5
463	2.137	2.529	2.0	1.902	5
464	2.098	2.157	2.039	1.902	5
465	1.902	2.549	2.059	1.941	5
466	1.98	2.451	2.176	1.961	5
467	1.843	2.196	2.098	1.961	5
468	1.804	2.588	1.98	1.98	5
469	1.765	2.706	2.0	2.0	5
470	2.059	2.49	2.02	2.039	5
471	2.431	2.706	2.039	2.039	5
472	2.451	3.118	2.176	2.039	5
473	2.686	2.392	2.235	2.059	5
474	2.824	3.059	2.118	2.098	5
475	2.529	2.725	2.137	2.078	5
476	2.333	2.745	2.176	2.098	5
477	2.216	2.745	2.157	2.059	5
478	2.333	2.471	2.275	2.02	5
479	2.549	2.02	2.333	1.98	5
480	2.294	2.255	2.176	1.98	5
481	1.961	1.725	2.275	2.0	5
482	2.294	1.451	2.216	2.0	5
483	2.392	1.922	2.137	2.0	5
484	2.02	2.275	2.176	2.02	5
485	1.725	1.804	2.216	1.961	5
486	2.157	2.176	2.333	1.98	5
487	2.451	2.137	2.373	2.0	5
488	2.157	1.569	2.176	1.98	5
489	1.922	1.647	2.314	1.961	5
490	2.118	1.431	2.196	1.941	5
491	2.431	2.451	2.118	2.02	5
492	2.392	2.451	2.255	1.961	5
493	1.961	1.843	2.353	1.922	5
494	1.765	1.725	2.314	1.902	5
495	1.863	2.157	2.078	1.902	5
496	1.902	2.667	2.0	1.941	5
497	1.882	2.51	2.039	1.941	5
498	2.039	2.059	2.137	1.961	5
499	2.412	2.294	2.216	1.961	5
500	2.333	2.412	2.353	2.039	5
501	2.294	2.255	2.176	2.0	5
502	2.333	2.647	2.059	2.0	5
503	2.157	2.824	2.078	2.02	5
504	2.216	2.686	2.098	2.02	5
505	2.314	2.49	2.196	2.059	5
506	2.471	2.529	2.216	2.0	5
507	2.137	2.137	2.196	2.0	5
508	2.471	2.353	2.157	2.039	5
509	2.275	2.255	2.137	2.039	5
510	2.314	2.412	2.137	1.98	5
511	2.235	2.451	2.176	2.02	5
512	2.118	2.353	2.216	1.941	5
513	2.176	2.176	2.157	1.922	5
514	2.039	2.118	2.098	1.941	5
515	2.157	1.902	2.196	1.961	5
516	2.039	1.667	2.333	1.961	5
517	1.941	1.647	2.392	1.941	5
518	1.902	1.706	2.333	1.941	5
519	2.216	2.176	2.176	1.98	5
520	2.176	2.216	2.137	2.02	5
521	1.784	1.529	2.196	1.98	5
522	1.863	1.392	2.412	1.961	5
523	1.902	1.941	2.392	1.961	5
524	2.333	2.176	2.235	1.941	5
525	2.294	2.275	2.235	1.961	5
526	2.02	1.686	2.137	1.941	5
527	1.882	1.51	2.137	1.922	5
528	1.98	1.765	2.196	1.941	5
529	2.157	2.137	2.294	1.961	5
530	2.392	2.275	2.235	1.961	5
531	2.078	2.176	2.137	1.941	5
532	2.0	1.941	2.137	1.941	5
533	2.078	1.863	2.176	1.882	5
534	2.216	1.902	2.216	1.902	5
535	2.0	2.176	2.157	1.922	5
536	2.118	2.373	2.157	1.98	5
537	2.176	2.373	2.157	2.0	5
538	2.333	2.412	2.176	2.039	5
539	2.314	2.471	2.157	2.059	5
540	2.196	2.333	2.392	2.0	5
541	2.431	1.922	2.333	2.0	5
542	2.471	1.98	2.176	2.02	5
543	2.392	2.51	2.059	1.98	5
544	2.216	2.549	2.118	1.98	5
545	2.196	2.431	2.255	1.961	5
546	2.294	2.255	2.216	2.0	5
547	2.157	2.314	2.157	1.98	5
548	1.863	2.235	2.118	2.0	5
549	1.784	1.784	2.216	1.961	5
550	1.725	1.843	2.196	1.961	5
551	2.02	1.882	2.176	1.98	5
552	2.392	2.098	2.255	2.0	5
553	2.451	2.294	2.137	2.0	5
554	2.412	2.216	2.118	2.0	5
555	2.196	2.412	2.255	2.039	5
556	2.059	2.333	2.333	1.98	5
557	2.333	2.137	2.314	1.961	5
558	2.137	2.235	2.255	1.961	5
559	2.412	2.294	2.078	1.961	5
560	2.255	2.765	2.02	2.0	5
561	2.118	2.353	2.078	1.922	5
562	2.235	2.02	2.353	1.941	5
563	2.235	2.098	2.392	1.98	5
564	2.255	2.667	2.176	2.039	5
565	2.196	2.667	2.02	2.0	5
566	2.118	2.706	2.098	1.961	5
567	1.98	2.471	2.098	1.98	5
568	2.314	2.314	2.118	2.0	5
569	2.392	2.314	2.098	2.02	5
570	2.157	2.412	2.059	2.0	5
571	2.294	2.353	2.137	2.02	5
572	2.275	2.196	2.157	2.059	5
573	2.255	2.549	2.157	2.078	5
574	2.118	2.627	2.216	2.078	5
575	1.765	2.118	2.235	2.02	5
576	2.373	2.118	2.196	2.059	5
577	2.412	2.118	2.275	2.02	5
578	2.294	2.137	2.216	2.0	5
579	2.039	2.059	2.137	1.961	5
580	2.333	2.529	2.098	1.961	5
581	2.314	2.333	2.098	1.98	5
582	2.157	1.686	2.314	2.0	5
583	2.039	1.569	2.471	2.0	5
584	2.235	1.686	2.373	1.961	5
585	2.157	2.02	2.157	2.0	5
586	1.98	2.255	2.078	2.02	5
587	1.922	2.255	2.176	1.98	5
588	2.176	1.902	2.333	1.961	5
589	2.275	1.608	2.51	2.02	5
590	2.392	1.843	2.216	1.98	5
591	2.157	1.922	2.118	1.941	5
592	2.098	2.039	2.118	1.941	5
593	2.314	2.078	2.078	1.941	5
594	2.137	2.275	2.157	1.922	5
595	1.922	1.882	2.745	1.961	5
596	2.098	1.51	3.0	1.941	5
597	1.961	1.196	2.314	1.922	5
598	2.353	1.667	1.941	1.902	5
599	1.961	2.765	1.941	1.922	5
600	2.02	2.863	2.039	1.941	5
601	2.549	2.804	2.333	1.961	5
602	2.235	2.078	2.294	1.961	5
603	2.039	1.725	2.176	1.98	5
604	1.843	1.941	2.059	2.02	5
605	2.0	2.137	2.059	1.98	5
606	1.922	2.176	2.0	2.0	5
607	1.98	2.588	1.961	1.961	5
608	2.02	2.843	2.039	2.059	5
609	2.549	2.745	2.118	2.039	5
610	2.118	2.51	2.059	2.02	5
611	2.157	2.647	2.0	1.98	5
612	2.098	2.725	2.039	1.941	5
613	1.843	2.176	2.098	1.922	5
614	1.961	1.98	2.098	1.922	5
615	2.392	1.941	2.078	1.941	5
616	2.392	2.098	2.078	1.961	5
617	2.392	2.196	2.176	2.039	5
618	2.216	2.118	2.196	1.98	5
619	2.176	2.235	2.176	2.0	5
620	2.333	2.118	2.157	2.0	5
621	2.118	2.059	2.176	1.961	5
622	2.137	1.98	2.216	1.961	5
623	2.059	1.784	2.196	1.98	5
624	2.157	1.863	2.176	2.0	5
625	2.196	2.333	2.157	2.0	5
626	2.275	1.745	2.333	2.039	5
627	2.314	1.843	2.235	2.02	5
628	2.255	2.471	2.196	2.02	5
629	2.098	2.0	2.333	2.02	5
630	2.098	2.059	2.275	1.98	5
631	2.059	2.216	2.216	1.961	5
632	2.078	2.451	2.118	2.0	5
633	1.922	2.176	2.118	2.02	5
634	2.118	2.039	2.275	2.0	5
635	2.059	2.118	2.333	2.039	5
636	2.176	2.059	2.373	2.078	5
637	2.471	2.176	2.275	2.039	5
638	2.098	2.294	2.157	2.039	5
639	2.451	2.333	2.235	2.059	5
640	2.608	2.431	2.431	2.059	5
641	2.275	2.196	2.353	2.039	5
642	2.118	2.314	2.314	2.0	5
643	1.882	2.02	2.235	1.98	5
644	2.49	2.255	2.02	1.941	5
645	2.098	2.451	2.118	1.961	5
646	2.059	1.961	2.157	1.961	5
647	2.216	1.922	2.078	1.961	5
648	2.196	2.294	2.235	1.941	5
649	2.157	2.235	2.333	1.941	5
650	2.431	2.373	2.216	1.98	5
651	2.373	2.333	2.137	1.98	5
652	2.451	2.196	2.137	2.02	5
653	2.275	2.314	2.059	1.98	5
654	2.255	2.235	2.098	1.961	5
655	2.412	2.294	2.118	1.961	5
656	2.235	2.216	2.137	2.0	5
657	2.373	2.314	2.078	2.02	5
658	2.255	2.216	2.039	1.98	5
659	2.176	2.157	2.098	1.98	5
660	1.843	2.059	2.176	2.0	5
661	2.176	2.235	2.098	2.0	5
662	2.118	2.765	2.078	2.0	5
663	1.902	2.627	2.118	1.961	5
664	1.804	2.216	2.118	1.941	5
665	1.882	1.804	2.216	1.941	5
666	2.216	1.824	2.137	1.98	5
667	2.235	2.0	2.118	1.941	5
668	2.098	2.02	2.235	1.941	5
669	2.098	2.059	2.255	1.941	5
670	2.137	2.039	2.157	1.941	5
671	2.098	2.059	2.059	1.941	5
672	1.98	2.098	2.078	1.922	5
673	1.882	2.078	2.235	1.922	5
674	1.941	1.863	2.275	1.941	5
675	2.059	1.902	2.137	1.941	5
676	2.039	2.216	2.098	1.922	5
677	2.176	2.059	2.157	1.902	5
678	2.039	2.02	2.137	1.922	5
679	1.941	2.196	2.137	1.941	5
680	1.961	1.941	2.137	1.922	5
681	2.039	1.824	2.235	1.882	5
682	2.196	1.922	2.255	1.902	5
683	2.235	1.98	2.196	1.922	5
684	2.216	2.294	2.137	2.0	5
685	2.314	2.588	2.176	2.039	5
686	2.294	2.137	2.176	1.98	5
687	2.314	2.157	2.255	1.98	5
688	1.882	1.902	2.235	1.98	5
689	2.039	1.902	2.314	2.0	5
690	2.176	2.157	2.196	2.02	5
691	2.216	2.314	2.157	2.0	5
692	2.137	2.137	2.137	2.0	5
693	2.0	2.196	2.157	1.98	5
694	2.49	2.02	2.196	1.961	5
695	2.725	1.863	2.176	1.941	5
696	2.549	2.353	2.059	1.961	5
697	2.0	2.49	2.039	1.961	5
698	1.863	2.078	2.216	1.922	5
699	2.078	2.118	2.412	1.902	5
700	2.196	1.804	2.353	1.882	5
701	2.059	1.863	2.078	1.882	5
702	2.373	2.353	2.02	1.902	5
703	2.275	2.412	2.059	1.922	5
704	1.902	1.843	2.196	1.882	5
705	2.0	1.882	2.255	1.902	5
706	2.078	2.059	2.196	1.922	5
707	2.078	1.961	2.216	1.961	5
708	2.216	2.353	2.098	1.98	5
709	2.157	2.098	2.059	2.02	5
710	2.196	1.843	2.235	2.0	5
711	2.804	2.098	2.314	2.02	5
712	2.706	2.588	2.176	2.078	5
713	2.431	3.0	2.137	2.098	5
714	2.176	2.392	2.137	2.098	5
715	2.176	1.804	2.235	2.039	5
716	2.235	1.922	2.431	2.039	5
717	2.098	2.471	2.314	2.078	5
718	2.216	2.353	2.118	2.0	5
719	2.078	2.275	2.157	1.98	5
720	2.059	2.196	2.176	2.0	5
721	2.078	2.235	2.118	2.0	5
722	2.078	2.529	2.059	2.02	5
723	2.137	2.235	2.098	1.98	5
724	2.216	2.255	2.137	2.0	5
725	2.51	2.333	2.137	2.02	5
726	2.392	2.157	2.078	2.02	5
727	2.294	2.431	2.059	1.98	5
728	2.039	2.431	2.196	1.961	5
729	2.176	2.176	2.196	1.98	5
730	1.98	2.333	2.157	1.98	5
731	1.824	2.216	2.098	2.0	5
732	1.686	2.196	2.098	1.961	5
733	1.843	2.039	2.157	1.98	5
734	2.235	2.137	2.235	1.98	5
735	2.275	2.176	2.235	1.98	5
736	2.431	1.98	2.216	1.98	5
737	2.294	2.059	2.235	1.961	5
738	2.235	1.922	2.216	1.941	5
739	2.0	1.765	2.157	1.961	5
740	1.941	1.745	2.078	2.0	5
741	2.02	2.098	2.137	2.118	5
742	2.0	2.51	2.176	2.02	5
743	2.039	2.216	2.275	2.02	5
744	2.196	2.529	2.353	2.059	5
745	2.118	2.157	2.353	2.078	5
746	2.137	1.667	2.176	2.02	5
747	1.922	2.098	2.098	2.02	5
748	1.98	2.333	2.118	2.0	5
749	1.706	2.255	2.098	1.98	5
750	1.922	2.314	2.098	1.941	5
751	2.118	2.412	2.118	1.961	5
752	2.196	2.333	2.098	1.941	5
753	2.353	2.255	2.137	1.961	5
754	2.373	2.176	2.157	1.961	5
755	2.255	2.059	2.137	1.922	5
756	2.196	2.118	2.137	1.941	5
757	2.196	2.275	2.137	1.961	5
758	2.0	2.118	2.157	1.98	5
759	1.882	2.098	2.255	2.039	5
760	2.0	1.922	2.255	2.039	5
761	2.157	2.157	2.196	2.0	5
762	2.098	2.118	2.294	1.98	5
763	2.275	1.784	2.275	2.039	5
764	2.569	2.176	2.176	1.98	5
765	2.569	2.235	2.235	1.961	5
766	2.314	1.961	2.314	1.961	5
767	2.373	1.902	2.333	1.961	5
768	2.157	2.137	2.118	1.961	5
769	2.078	2.0	2.059	1.941	5
770	2.078	2.02	2.176	1.961	5
771	2.078	2.0	2.333	1.98	5
772	2.118	2.02	2.373	2.039	5
773	2.098	2.039	2.255	2.0	5
774	2.118	2.0	2.216	1.98	5
775	2.078	2.098	2.157	2.0	5
776	2.02	2.216	2.137	2.02	5
777	2.0	2.255	2.059	2.02	5
778	2.137	2.235	2.059	1.961	5
779	2.294	2.412	2.176	1.961	5
780	2.176	2.0	2.176	1.98	5
781	2.294	2.157	2.157	2.02	5
782	2.333	2.294	2.118	1.98	5
783	2.529	2.216	2.137	1.961	5
784	2.392	2.216	2.137	1.961	5
785	2.196	2.137	2.157	1.941	5
786	2.078	1.961	2.098	1.961	5
787	2.078	2.118	2.137	1.941	5
788	2.02	2.098	2.255	1.941	5
789	2.02	2.059	2.392	1.961	5
790	1.922	2.039	2.235	1.961	5
791	1.784	1.824	2.059	1.961	5
792	1.98	2.275	2.059	1.922	5
793	2.137	2.255	2.078	1.961	5
794	2.314	2.098	2.216	2.02	5
795	2.255	2.098	2.373	2.059	5
796	1.941	2.216	2.353	2.059	5
797	2.353	1.98	2.235	2.0	5
798	2.235	2.275	2.137	2.02	5
799	2.098	2.118	2.137	1.98	5
800	2.157	2.059	2.157	1.98	5
801	2.333	2.373	2.137	1.961	5
802	2.392	2.373	2.176	1.98	5
803	1.98	2.02	2.176	1.98	5
804	2.098	2.078	2.157	1.961	5
805	2.176	2.118	2.176	1.98	5
806	2.176	2.353	2.196	1.961	5
807	2.216	2.294	2.137	1.961	5
808	2.176	2.196	2.098	1.98	5
809	2.157	2.196	2.176	1.98	5
810	2.0	2.098	2.176	1.98	5
811	1.843	1.882	2.235	2.02	5
812	1.843	2.176	2.176	2.02	5
813	1.98	2.392	2.216	2.02	5
814	2.157	2.373	2.137	2.02	5
815	2.02	2.725	2.137	2.0	5
816	2.078	2.333	2.176	1.98	5
817	2.059	2.078	2.216	1.961	5
818	2.157	2.078	2.235	1.961	5
819	2.216	2.196	2.157	1.961	5
820	2.235	2.333	2.078	1.961	5
821	2.176	2.333	2.118	2.0	5
822	2.235	2.039	2.196	1.961	5
823	2.196	1.922	2.157	1.98	5
824	2.039	2.235	2.098	1.98	5
825	2.118	2.333	2.157	2.039	5
826	2.02	2.176	2.275	2.02	5
827	1.961	2.137	2.275	2.02	5
828	2.196	2.02	2.118	2.02	5
829	2.373	2.216	2.118	2.02	5
830	2.392	2.255	2.196	1.98	5
831	2.314	1.804	2.216	2.0	5
832	2.235	2.137	2.137	2.0	5
833	2.059	2.314	2.098	1.961	5
834	2.039	2.196	2.137	1.961	5
835	2.02	2.059	2.157	1.961	5
836	2.0	2.02	2.196	1.98	5
837	2.039	1.922	2.137	1.98	5
838	1.98	2.039	2.157	1.961	5
839	2.176	2.039	2.235	1.961	5
840	2.078	2.157	2.216	1.961	5
841	2.235	1.961	2.196	1.98	5
842	2.373	2.216	2.235	2.059	5
843	2.392	2.275	2.255	2.078	5
844	2.157	2.451	2.196	2.039	5
845	2.02	2.196	2.157	2.02	5
846	2.392	2.039	2.118	2.02	5
847	2.275	2.333	2.196	1.98	5
848	2.196	1.98	2.235	1.98	5
849	2.235	2.255	2.176	1.98	5
850	2.098	2.294	2.137	1.98	5
851	2.0	2.314	2.118	1.98	5
852	2.157	2.294	2.196	2.02	5
853	1.922	2.275	2.176	1.98	5
854	1.941	2.294	2.137	1.98	5
855	2.039	2.255	2.157	1.98	5
856	2.157	2.176	2.196	1.98	5
857	2.098	2.216	2.176	1.961	5
858	2.255	2.176	2.157	2.02	5
859	2.176	2.118	2.216	2.02	5
860	2.569	2.157	2.196	2.02	5
861	2.549	2.255	2.176	2.0	5
862	2.412	2.118	2.176	2.039	5
863	2.235	2.196	2.157	2.02	5
864	2.627	2.118	2.255	1.98	5
865	2.608	1.863	2.196	2.0	5
866	2.392	2.275	2.157	1.98	5
867	2.137	2.176	2.157	1.98	5
868	2.098	2.118	2.176	1.961	5
869	1.961	1.98	2.176	1.961	5
870	1.922	2.078	2.157	1.941	5
871	1.961	2.039	2.137	1.941	5
872	2.059	2.157	2.176	1.941	5
873	2.216	2.039	2.216	1.961	5
874	2.255	1.961	2.196	1.961	5
875	2.255	1.961	2.157	1.941	5
876	2.235	1.961	2.157	1.941	5
877	2.373	2.098	2.176	1.98	5
878	2.255	2.235	2.255	2.039	5
879	2.196	2.078	2.255	2.059	5
880	2.176	2.196	2.157	2.0	5
881	2.451	2.333	2.216	1.98	5
882	2.216	1.882	2.235	1.98	5
883	2.216	2.235	2.157	2.0	5
884	2.118	2.216	2.157	1.98	5
885	2.196	2.118	2.196	2.02	5
886	2.49	2.118	2.235	2.0	5
887	2.431	2.275	2.216	1.98	5
888	2.353	2.235	2.137	2.0	5
889	2.255	2.196	2.176	1.961	5
890	2.118	2.235	2.216	1.98	5
891	2.059	2.078	2.216	2.0	5
892	2.137	2.078	2.235	2.039	5
893	2.137	2.157	2.196	2.02	5
894	2.314	2.235	2.176	2.0	5
895	2.412	2.314	2.216	2.059	5
896	2.157	2.137	2.216	2.039	5
897	2.02	2.176	2.118	2.02	5
898	2.216	2.353	2.216	1.961	5
899	2.314	1.882	2.255	1.98	5
900	2.235	2.235	2.196	2.02	5
901	2.235	2.314	2.157	2.0	5
902	2.098	2.196	2.118	1.98	5
903	2.392	2.098	2.196	2.039	5
904	2.392	2.196	2.235	1.98	5
905	2.216	2.118	2.235	1.98	5
906	2.333	2.137	2.216	1.98	5
907	2.392	2.078	2.216	1.98	5
908	2.098	2.137	2.235	1.98	5
909	1.941	2.157	2.176	1.98	5
910	2.059	2.078	2.157	2.0	5
911	2.275	2.137	2.137	2.0	5
912	2.255	2.255	2.216	2.059	5
913	2.353	2.02	2.216	2.078	5
914	2.235	2.157	2.235	2.039	5
915	2.373	2.373	2.235	2.02	5
916	2.216	1.922	2.196	2.02	5
917	2.118	2.196	2.176	2.0	5
918	2.078	2.157	2.176	1.98	5
919	2.235	2.137	2.176	1.961	5
920	2.118	2.02	2.137	1.961	5
921	1.922	2.255	2.157	1.961	5
922	1.98	2.059	2.118	1.961	5
923	1.98	2.137	2.118	1.961	5
924	2.118	2.216	2.157	1.961	5
925	2.216	2.157	2.196	1.961	5
926	2.196	2.039	2.216	1.961	5
927	2.196	2.059	2.196	2.02	5
928	2.196	2.255	2.196	2.02	5
929	2.02	2.137	2.176	2.02	5
930	1.941	1.98	2.137	2.0	5
931	2.176	2.255	2.098	2.02	5
932	2.235	2.569	2.157	2.02	5
933	2.725	2.137	2.294	2.039	5
934	2.529	2.314	2.196	2.02	5
935	2.373	2.176	2.157	1.961	5
936	2.176	2.157	2.157	1.961	5
937	1.98	2.157	2.176	1.961	5
938	1.941	2.255	2.157	1.98	5
939	1.824	2.157	2.098	1.961	5
940	1.902	2.118	2.098	1.941	5
941	1.902	2.235	2.157	1.961	5
942	1.863	2.176	2.196	1.961	5
943	2.098	2.098	2.176	1.98	5
944	2.078	2.059	2.137	1.961	5
945	2.137	2.098	2.157	1.961	5
946	2.176	2.216	2.176	2.02	5
947	2.0	2.235	2.216	2.039	5
948	2.157	2.235	2.196	2.078	5
949	2.02	2.294	2.196	1.98	5
950	2.412	1.961	2.216	1.98	5
951	2.412	2.255	2.176	2.0	5
952	2.314	2.314	2.157	2.0	5
953	2.176	2.118	2.137	1.961	5
954	2.314	2.0	2.176	1.941	5
955	2.431	2.137	2.176	1.941	5
956	2.412	2.078	2.137	1.961	5
957	2.392	2.098	2.196	2.02	5
958	2.314	2.118	2.216	1.961	5
959	2.118	2.098	2.216	1.961	5
960	2.196	2.078	2.216	2.0	5
961	2.176	2.059	2.216	2.02	5
962	2.255	2.157	2.176	2.0	5
963	2.314	2.196	2.176	1.98	5
964	2.275	2.098	2.157	2.0	5
965	2.294	2.059	2.137	1.98	5
966	2.02	2.176	2.176	1.98	5
967	1.961	1.863	2.176	1.961	5
968	1.961	2.235	2.176	2.059	5
969	1.882	2.353	2.196	2.02	5
970	1.824	2.255	2.196	2.0	5
971	2.0	2.137	2.176	1.98	5
972	2.039	2.196	2.176	1.941	5
973	2.196	2.157	2.157	1.961	5
974	2.235	2.078	2.157	2.0	5
975	2.275	2.235	2.255	2.039	5
976	2.275	2.216	2.216	2.02	5
977	2.294	2.118	2.176	1.98	5
978	2.216	2.098	2.157	2.0	5
979	2.235	2.157	2.176	2.0	5
980	2.118	2.196	2.176	2.02	5
981	2.255	2.216	2.216	2.078	5
982	2.157	2.275	2.157	2.02	5
983	2.196	2.373	2.196	2.0	5
984	2.235	1.882	2.235	2.0	5
985	2.157	2.196	2.118	2.0	5
986	2.118	2.235	2.118	1.961	5
987	1.882	2.196	2.137	1.961	5
988	1.961	2.078	2.157	1.961	5
989	2.098	2.157	2.216	2.0	5
990	2.157	2.176	2.137	1.98	5
991	2.235	2.098	2.137	1.961	5
992	2.216	2.196	2.216	2.0	5
993	2.137	2.118	2.255	2.0	5
994	2.039	2.059	2.196	2.0	5
995	2.02	2.059	2.157	1.98	5
996	2.02	2.157	2.176	2.0	5
997	2.078	2.255	2.176	2.0	5
998	2.098	2.098	2.157	2.0	5
999	2.098	2.118	2.098	1.98	5
