time	channel1	channel2	channel3	channel4	class
0	1.922	1.961	2.039	2.098	1
1	1.882	2.314	2.02	2.098	1
2	1.863	2.098	2.059	2.078	1
3	2.137	1.804	2.137	2.039	1
4	2.314	1.863	2.196	2.059	1
5	2.216	2.216	2.157	2.078	1
6	2.098	2.373	2.039	2.098	1
7	2.039	2.059	2.098	2.098	1
8	2.078	1.706	2.255	2.078	1
9	2.275	1.667	2.275	2.078	1
10	2.039	2.275	2.078	2.137	1
11	1.824	2.725	2.02	2.157	1
12	1.804	2.118	2.157	2.157	1
13	1.941	2.0	2.216	2.157	1
14	2.176	1.98	2.235	2.176	1
15	2.216	2.392	2.157	2.157	1
16	1.784	2.471	2.137	2.176	1
17	1.745	2.255	2.235	2.196	1
18	1.922	2.255	2.196	2.196	1
19	2.0	2.412	2.098	2.176	1
20	1.922	2.314	2.118	2.157	1
21	1.804	2.353	2.02	2.137	1
22	1.843	2.294	1.961	2.157	1
23	1.745	2.275	1.98	2.176	1
24	1.882	2.118	2.373	2.196	1
25	2.216	1.882	2.529	2.176	1
26	2.216	1.98	2.373	2.157	1
27	2.275	2.118	2.118	2.157	1
28	2.314	2.294	1.98	2.157	1
29	2.216	2.333	1.882	2.137	1
30	1.98	1.961	2.078	2.118	1
31	2.02	1.706	2.353	2.137	1
32	2.667	1.882	2.412	2.118	1
33	2.667	2.078	2.255	2.137	1
34	2.078	2.51	1.941	2.157	1
35	1.51	2.745	1.843	2.157	1
36	1.863	2.059	2.0	2.157	1
37	2.196	1.667	2.216	2.098	1
38	1.941	1.941	2.235	2.078	1
39	1.902	2.176	2.137	2.098	1
40	1.98	1.882	2.176	2.098	1
41	2.235	1.98	2.196	2.118	1
42	2.078	2.255	2.235	2.137	1
43	1.98	2.078	2.078	2.098	1
44	2.098	2.0	1.98	2.118	1
45	2.157	2.294	1.941	2.118	1
46	2.255	2.373	2.059	2.137	1
47	2.02	2.314	2.137	2.118	1
48	1.98	1.882	2.216	2.098	1
49	2.353	1.804	2.216	2.098	1
50	2.196	2.118	2.118	2.098	1
51	2.098	2.078	2.078	2.157	1
52	2.137	2.157	2.157	2.176	1
53	2.235	2.059	2.235	2.118	1
54	2.314	2.098	2.176	2.098	1
55	2.314	2.49	2.059	2.118	1
56	2.157	2.333	2.118	2.118	1
57	2.118	1.902	2.196	2.098	1
58	1.902	2.039	2.176	2.098	1
59	1.627	2.137	2.137	2.098	1
60	1.745	1.725	2.294	2.098	1
61	2.235	1.49	2.451	2.098	1
62	2.216	2.157	2.275	2.137	1
63	2.039	2.431	2.118	2.157	1
64	1.804	2.353	1.922	2.157	1
65	1.922	2.196	1.843	2.118	1
66	2.333	1.98	2.078	2.098	1
67	2.039	2.098	2.314	2.118	1
68	2.02	2.078	2.275	2.157	1
69	2.098	2.157	2.118	2.157	1
70	2.157	2.118	2.02	2.118	1
71	2.314	2.137	2.039	2.098	1
72	2.176	2.235	2.0	2.098	1
73	2.118	2.412	2.02	2.098	1
74	2.157	2.137	2.02	2.098	1
75	2.078	1.922	2.118	2.118	1
76	2.176	1.882	2.176	2.118	1
77	1.98	1.882	2.137	2.118	1
78	2.216	1.98	2.157	2.118	1
79	2.49	1.922	2.314	2.137	1
80	2.176	2.627	2.137	2.137	1
81	2.118	2.529	2.0	2.137	1
82	2.059	1.882	2.02	2.137	1
83	2.078	1.824	2.137	2.137	1
84	2.804	1.49	2.333	2.176	1
85	2.471	2.0	2.49	2.176	1
86	2.392	2.275	2.431	2.176	1
87	2.216	2.157	2.196	2.157	1
88	2.49	2.098	2.098	2.078	1
89	2.216	2.235	2.039	2.078	1
90	2.333	2.471	2.039	2.098	1
91	2.039	2.471	1.961	2.118	1
92	1.843	2.157	2.02	2.098	1
93	1.725	1.392	2.373	2.078	1
94	1.941	1.529	2.627	2.098	1
95	2.118	1.627	2.608	2.118	1
96	2.118	2.059	2.431	2.118	1
97	2.549	2.412	2.0	2.137	1
98	2.196	3.078	1.686	2.137	1
99	2.196	2.804	1.686	2.118	1
100	2.216	2.176	1.922	2.059	1
101	2.784	1.412	2.451	2.098	1
102	2.627	1.725	2.51	2.157	1
103	2.118	2.294	2.235	2.137	1
104	1.902	2.235	2.216	2.118	1
105	2.059	2.235	2.059	2.118	1
106	1.784	2.471	1.98	2.118	1
107	1.961	2.02	2.039	2.118	1
108	1.941	2.078	1.902	2.118	1
109	1.941	2.529	1.784	2.098	1
110	1.863	2.353	2.039	2.098	1
111	2.196	1.745	2.333	2.118	1
112	2.431	1.647	2.353	2.118	1
113	2.451	1.843	2.314	2.157	1
114	2.569	2.412	2.078	2.176	1
115	2.137	2.627	1.784	2.157	1
116	1.686	2.627	1.784	2.137	1
117	2.176	2.059	1.941	2.118	1
118	2.686	1.588	2.294	2.098	1
119	2.569	1.843	2.294	2.137	1
120	2.392	2.333	2.118	2.176	1
121	1.922	2.353	2.0	2.157	1
122	1.725	2.588	1.882	2.137	1
123	2.02	2.431	1.882	2.098	1
124	2.216	2.255	1.941	2.078	1
125	1.98	1.922	2.078	2.078	1
126	2.216	1.824	2.176	2.098	1
127	2.02	2.235	2.157	2.118	1
128	2.059	2.039	2.176	2.118	1
129	2.02	1.863	2.216	2.118	1
130	1.922	2.0	2.275	2.137	1
131	2.039	1.863	2.255	2.137	1
132	2.333	1.941	2.196	2.157	1
133	2.569	2.216	2.078	2.196	1
134	2.529	2.412	1.961	2.137	1
135	2.039	2.627	2.216	2.137	1
136	1.961	1.627	2.333	2.118	1
137	2.196	1.078	2.471	2.098	1
138	2.118	1.706	2.471	2.118	1
139	2.49	2.176	2.353	2.137	1
140	2.824	2.216	2.255	2.157	1
141	2.549	2.647	1.863	2.157	1
142	2.039	2.686	1.784	2.137	1
143	2.118	2.137	2.02	2.098	1
144	2.333	1.529	2.353	2.078	1
145	2.216	1.882	2.314	2.118	1
146	2.098	2.294	2.176	2.137	1
147	2.078	2.196	2.157	2.157	1
148	2.294	2.255	2.098	2.157	1
149	2.196	2.549	2.0	2.137	1
150	1.961	2.137	2.078	2.118	1
151	2.059	1.922	2.157	2.118	1
152	2.118	2.137	2.078	2.078	1
153	1.98	2.235	1.961	2.118	1
154	1.922	2.647	1.882	2.118	1
155	1.686	2.059	2.0	2.098	1
156	2.0	1.275	2.51	2.098	1
157	2.412	1.765	2.529	2.137	1
158	2.608	2.333	2.333	2.137	1
159	1.647	2.373	2.176	2.137	1
160	1.98	2.216	2.118	2.137	1
161	2.137	2.059	2.137	2.157	1
162	2.314	1.608	2.137	2.118	1
163	2.431	1.902	1.98	2.157	1
164	1.765	2.51	2.176	2.196	1
165	1.784	2.196	2.373	2.216	1
166	2.176	2.059	2.235	2.157	1
167	2.275	1.902	1.98	2.137	1
168	2.098	2.275	2.059	2.118	1
169	2.02	2.039	2.196	2.098	1
170	1.902	1.824	2.196	2.118	1
171	2.118	2.176	2.137	2.118	1
172	2.078	2.314	1.98	2.118	1
173	2.118	2.529	1.843	2.078	1
174	2.216	2.333	1.882	2.059	1
175	1.706	2.137	2.137	2.059	1
176	1.98	2.078	2.02	2.078	1
177	1.824	2.157	2.059	2.078	1
178	1.882	1.882	2.216	2.098	1
179	2.02	1.882	2.255	2.137	1
180	2.157	2.039	2.294	2.176	1
181	2.706	2.333	2.216	2.137	1
182	1.843	2.294	2.216	2.176	1
183	1.745	2.353	2.039	2.137	1
184	1.922	2.333	1.882	2.157	1
185	1.902	2.294	1.843	2.118	1
186	2.275	2.059	2.196	2.118	1
187	2.235	1.765	2.431	2.157	1
188	2.039	2.137	2.451	2.176	1
189	2.196	1.961	2.255	2.157	1
190	2.412	2.216	2.039	2.137	1
191	2.176	2.529	2.039	2.137	1
192	1.824	2.059	1.863	2.118	1
193	2.627	1.549	2.235	2.098	1
194	2.118	1.922	2.431	2.098	1
195	1.725	2.824	2.353	2.137	1
196	1.843	2.294	2.078	2.118	1
197	2.235	1.549	1.824	2.137	1
198	2.118	2.059	2.02	2.137	1
199	2.078	2.235	2.255	2.137	1
200	2.098	1.941	2.275	2.118	1
201	2.0	2.098	2.098	2.137	1
202	1.863	2.255	1.961	2.118	1
203	2.549	1.98	2.039	2.098	1
204	2.804	1.824	2.176	2.118	1
205	2.824	2.255	2.216	2.137	1
206	1.98	2.608	2.098	2.098	1
207	2.49	2.078	1.824	2.059	1
208	2.02	1.961	1.922	2.098	1
209	1.471	2.118	2.137	2.098	1
210	2.431	1.784	2.235	2.098	1
211	2.569	2.078	2.157	2.118	1
212	1.941	2.49	2.176	2.157	1
213	2.02	1.941	2.235	2.137	1
214	2.0	1.882	2.157	2.176	1
215	1.961	2.255	2.157	2.137	1
216	2.235	2.118	2.216	2.137	1
217	2.294	2.118	2.176	2.157	1
218	2.275	2.039	2.137	2.176	1
219	2.216	2.353	2.118	2.157	1
220	2.98	2.02	2.294	2.157	1
221	2.784	2.059	2.176	2.157	1
222	2.118	2.451	1.863	2.118	1
223	2.118	2.0	2.098	2.098	1
224	2.353	1.843	2.196	2.118	1
225	2.196	2.216	2.157	2.137	1
226	2.157	2.314	2.235	2.176	1
227	2.373	2.196	2.275	2.216	1
228	2.196	2.059	2.294	2.176	1
229	1.765	2.098	2.314	2.137	1
230	1.804	2.196	2.059	2.118	1
231	2.0	2.059	2.059	2.118	1
232	2.176	1.863	2.059	2.118	1
233	2.333	2.275	2.137	2.157	1
234	2.275	2.412	2.176	2.176	1
235	2.0	1.882	2.0	2.157	1
236	1.941	1.765	2.314	2.137	1
237	2.647	1.745	2.588	2.137	1
238	2.353	2.216	2.412	2.157	1
239	2.118	2.667	1.961	2.196	1
240	2.353	2.392	1.725	2.157	1
241	2.098	2.176	2.176	2.137	1
242	2.314	1.922	2.275	2.118	1
243	2.02	2.02	2.255	2.098	1
244	2.0	1.922	2.118	2.098	1
245	2.255	2.078	2.157	2.137	1
246	1.922	2.373	2.059	2.118	1
247	2.078	2.078	2.02	2.118	1
248	2.216	2.02	2.098	2.118	1
249	2.392	2.098	2.157	2.118	1
250	2.686	2.176	2.039	2.118	1
251	2.196	2.51	1.843	2.118	1
252	1.784	2.235	1.98	2.098	1
253	2.0	1.667	2.255	2.098	1
254	1.863	2.118	2.216	2.098	1
255	2.157	2.137	1.961	2.098	1
256	2.098	2.176	1.902	2.118	1
257	1.98	2.176	2.059	2.118	1
258	2.02	2.157	2.196	2.118	1
259	2.137	2.039	2.216	2.118	1
260	2.353	2.118	2.255	2.098	1
261	1.98	2.255	2.255	2.078	1
262	2.059	2.235	1.941	2.078	1
263	1.902	1.843	2.0	2.078	1
264	2.0	1.804	2.157	2.098	1
265	2.059	2.039	2.235	2.118	1
266	2.059	2.176	2.275	2.137	1
267	2.157	2.235	2.275	2.137	1
268	2.196	2.294	2.216	2.137	1
269	1.98	2.078	2.078	2.118	1
270	2.255	2.059	2.02	2.098	1
271	2.314	1.961	2.059	2.078	1
272	2.216	2.255	2.176	2.098	1
273	2.137	2.216	2.235	2.118	1
274	1.902	2.137	2.118	2.098	1
275	2.078	1.98	2.157	2.098	1
276	2.118	1.902	2.216	2.118	1
277	2.294	1.882	2.353	2.118	1
278	2.157	2.176	2.216	2.176	1
279	1.902	2.294	2.02	2.098	1
280	2.196	2.039	2.039	2.118	1
281	2.451	2.078	2.098	2.118	1
282	2.451	2.333	2.137	2.137	1
283	1.941	2.235	2.196	2.137	1
284	1.922	1.882	2.196	2.157	1
285	2.02	2.059	2.137	2.157	1
286	2.294	2.176	2.216	2.157	1
287	2.569	2.216	2.255	2.157	1
288	2.039	1.922	2.137	2.137	1
289	2.059	2.451	1.98	2.157	1
290	1.961	2.294	2.0	2.137	1
291	2.039	2.059	2.039	2.137	1
292	2.176	2.039	2.137	2.118	1
293	2.314	2.255	2.137	2.118	1
294	2.059	2.137	2.137	2.118	1
295	1.922	1.784	2.098	2.118	1
296	2.078	1.882	2.275	2.118	1
297	2.196	2.118	2.431	2.118	1
298	2.706	2.529	2.078	2.137	1
299	2.02	2.294	1.882	2.157	1
300	1.843	1.745	2.059	2.118	1
301	2.314	2.059	2.176	2.098	1
302	2.078	1.902	2.176	2.118	1
303	2.039	2.059	2.098	2.118	1
304	2.569	2.235	2.157	2.137	1
305	2.176	1.98	2.176	2.157	1
306	2.137	2.137	2.196	2.176	1
307	2.569	2.51	2.196	2.157	1
308	2.0	2.392	2.196	2.176	1
309	1.863	1.804	2.216	2.157	1
310	1.941	2.0	2.0	2.157	1
311	2.059	2.255	2.118	2.137	1
312	2.137	2.098	2.333	2.118	1
313	2.157	2.176	2.431	2.118	1
314	1.961	2.157	2.078	2.137	1
315	1.882	1.863	1.961	2.118	1
316	2.0	2.078	2.039	2.118	1
317	1.882	2.294	2.157	2.137	1
318	2.098	2.255	2.137	2.137	1
319	2.02	2.078	2.176	2.137	1
320	2.039	2.137	2.157	2.137	1
321	2.451	2.216	2.118	2.137	1
322	2.529	1.98	2.118	2.118	1
323	2.196	2.294	2.059	2.157	1
324	1.941	2.314	2.059	2.157	1
325	1.667	2.216	2.157	2.137	1
326	1.745	2.235	2.137	2.118	1
327	2.196	2.137	2.176	2.137	1
328	2.098	1.98	2.039	2.137	1
329	2.039	2.157	2.118	2.098	1
330	2.137	2.275	2.137	2.118	1
331	2.098	2.157	2.176	2.118	1
332	2.098	1.961	2.137	2.118	1
333	2.078	1.843	2.098	2.118	1
334	2.02	1.961	2.196	2.118	1
335	2.118	2.157	2.235	2.098	1
336	1.941	2.431	2.255	2.157	1
337	2.176	2.118	1.941	2.176	1
338	2.216	2.471	2.02	2.157	1
339	2.118	1.765	2.137	2.118	1
340	2.176	1.765	2.294	2.118	1
341	2.118	1.961	2.333	2.118	1
342	2.314	2.431	2.255	2.137	1
343	2.039	2.059	2.02	2.137	1
344	2.373	2.314	2.0	2.137	1
345	2.275	2.02	2.235	2.118	1
346	2.373	2.157	2.216	2.137	1
347	2.0	2.137	2.176	2.157	1
348	1.941	2.059	2.235	2.157	1
349	2.039	2.078	2.216	2.157	1
350	1.98	2.137	2.137	2.176	1
351	2.039	2.078	2.176	2.137	1
352	2.157	2.02	2.157	2.137	1
353	2.157	2.157	2.098	2.118	1
354	2.118	2.333	1.941	2.137	1
355	2.118	2.451	2.059	2.137	1
356	2.118	1.902	2.137	2.118	1
357	2.098	1.863	2.078	2.098	1
358	2.0	1.941	2.196	2.118	1
359	2.392	2.314	2.255	2.118	1
360	2.255	2.392	2.157	2.137	1
361	1.843	2.0	2.0	2.118	1
362	1.902	2.02	1.98	2.098	1
363	1.902	2.196	2.157	2.098	1
364	2.059	2.039	2.196	2.118	1
365	2.098	2.216	2.157	2.098	1
366	2.078	2.02	2.118	2.118	1
367	1.961	1.98	2.235	2.118	1
368	2.235	2.078	2.176	2.118	1
369	2.039	2.235	2.078	2.157	1
370	2.255	2.196	2.059	2.118	1
371	2.196	2.157	2.0	2.118	1
372	1.941	2.059	2.118	2.118	1
373	2.255	1.902	2.176	2.118	1
374	2.176	2.275	2.216	2.137	1
375	2.157	2.176	2.059	2.176	1
376	2.529	2.176	2.098	2.118	1
377	2.137	2.039	2.216	2.098	1
378	2.039	2.275	2.078	2.118	1
379	2.0	2.176	2.0	2.118	1
380	2.078	1.941	2.098	2.098	1
381	2.0	2.078	2.216	2.098	1
382	2.137	1.98	2.196	2.118	1
383	2.176	2.039	2.137	2.137	1
384	2.078	1.961	2.137	2.118	1
385	2.176	2.255	2.137	2.137	1
386	2.275	2.196	2.137	2.137	1
387	2.314	2.176	2.098	2.137	1
388	2.137	2.078	2.078	2.137	1
389	2.314	2.294	2.137	2.157	1
390	2.255	1.922	2.216	2.137	1
391	2.353	2.137	2.118	2.176	1
392	2.431	2.235	2.098	2.157	1
393	2.196	2.137	2.118	2.137	1
394	2.02	2.039	2.137	2.098	1
395	2.235	2.196	2.137	2.098	1
396	1.961	2.02	2.157	2.118	1
397	1.961	1.863	2.294	2.118	1
398	2.0	2.02	2.294	2.137	1
399	2.294	2.275	2.275	2.176	1
400	1.745	1.706	2.118	2.157	1
401	2.51	2.059	2.255	2.118	1
402	2.745	2.725	2.137	2.137	1
403	1.725	2.176	2.059	2.176	1
404	2.0	1.725	2.333	2.157	1
405	2.118	2.0	2.275	2.157	1
406	2.255	2.373	1.941	2.157	1
407	2.157	1.843	2.078	2.118	1
408	2.294	2.294	2.176	2.137	1
409	2.275	2.431	2.196	2.137	1
410	2.078	2.451	2.137	2.137	1
411	1.804	2.039	2.078	2.118	1
412	2.039	2.118	2.02	2.098	1
413	2.137	2.176	2.02	2.078	1
414	1.961	2.157	2.059	2.078	1
415	2.02	2.137	2.118	2.078	1
416	2.078	2.118	2.137	2.078	1
417	2.216	2.235	1.98	2.098	1
418	2.196	2.255	2.0	2.098	1
419	2.02	1.902	2.157	2.118	1
420	2.255	2.039	2.157	2.098	1
421	2.216	2.098	2.098	2.118	1
422	2.098	2.157	2.078	2.137	1
423	2.196	2.294	2.118	2.137	1
424	2.294	1.843	2.137	2.118	1
425	1.98	2.157	2.137	2.118	1
426	2.02	2.039	2.137	2.137	1
427	2.039	2.255	2.118	2.137	1
428	1.941	2.176	2.137	2.137	1
429	2.098	2.196	2.196	2.118	1
430	2.098	1.98	2.176	2.118	1
431	2.196	2.098	2.118	2.118	1
432	2.137	2.176	2.235	2.137	1
433	1.863	1.804	2.216	2.157	1
434	2.176	2.02	2.137	2.118	1
435	2.039	2.157	2.118	2.118	1
436	2.176	2.157	2.235	2.137	1
437	2.216	2.039	2.353	2.137	1
438	2.02	1.902	2.333	2.157	1
439	1.961	1.745	2.157	2.137	1
440	1.98	2.49	2.196	2.137	1
441	2.098	1.882	1.902	2.137	1
442	2.333	2.431	2.039	2.157	1
443	2.196	2.098	2.275	2.157	1
444	1.804	2.098	2.275	2.118	1
445	2.157	1.745	2.137	2.098	1
446	2.196	2.157	2.196	2.098	1
447	2.196	2.078	2.137	2.157	1
448	2.333	2.196	2.059	2.118	1
449	2.235	2.216	2.118	2.137	1
450	2.098	2.157	2.078	2.137	1
451	1.98	2.039	2.137	2.137	1
452	2.0	2.157	2.216	2.137	1
453	2.059	2.451	2.098	2.137	1
454	1.961	2.235	1.882	2.137	1
455	1.98	1.843	2.098	2.137	1
456	1.922	2.078	2.196	2.137	1
457	2.255	2.353	2.137	2.137	1
458	2.765	2.137	2.02	2.118	1
459	1.941	2.059	2.118	2.118	1
460	1.902	2.078	2.118	2.137	1
461	2.02	2.255	2.118	2.118	1
462	2.0	2.235	2.157	2.118	1
463	2.02	2.176	2.157	2.118	1
464	2.157	2.157	2.137	2.098	1
465	2.059	2.078	2.098	2.157	1
466	1.863	2.0	2.118	2.118	1
467	1.863	2.039	2.176	2.118	1
468	2.098	2.216	2.157	2.157	1
469	1.961	2.078	2.137	2.137	1
470	2.137	1.98	2.137	2.118	1
471	2.412	2.196	2.118	2.098	1
472	2.137	2.02	2.118	2.118	1
473	2.039	2.078	2.078	2.137	1
474	2.078	2.333	2.137	2.137	1
475	2.275	1.941	2.196	2.118	1
476	2.314	2.176	2.118	2.176	1
477	2.235	2.157	2.098	2.137	1
478	2.118	2.098	2.137	2.118	1
479	2.078	1.902	2.157	2.098	1
480	2.196	2.196	2.314	2.098	1
481	2.137	2.059	2.392	2.098	1
482	2.353	2.667	2.059	2.137	1
483	2.157	2.333	1.863	2.157	1
484	1.529	1.49	2.118	2.118	1
485	1.745	1.765	2.255	2.078	1
486	2.118	2.235	2.235	2.098	1
487	2.216	2.235	2.216	2.137	1
488	2.157	2.314	2.235	2.176	1
489	2.02	2.118	2.157	2.176	1
490	2.137	2.059	2.078	2.216	1
491	2.118	2.157	2.137	2.157	1
492	2.235	1.922	2.137	2.118	1
493	2.49	2.412	2.0	2.118	1
494	2.196	2.255	2.157	2.137	1
495	2.294	1.941	2.275	2.118	1
496	2.412	1.824	2.137	2.098	1
497	2.412	2.098	2.039	2.098	1
498	2.314	2.196	2.0	2.098	1
499	2.373	2.412	2.098	2.157	1
500	2.216	2.039	2.294	2.176	1
501	2.118	1.863	2.216	2.118	1
502	2.176	2.02	2.157	2.098	1
503	2.02	2.059	2.176	2.118	1
504	2.098	2.196	2.078	2.137	1
505	2.196	2.118	2.098	2.137	1
506	2.196	2.059	2.098	2.137	1
507	2.02	2.059	2.078	2.137	1
508	1.961	2.235	2.137	2.118	1
509	2.157	1.941	2.196	2.118	1
510	2.373	2.216	2.098	2.118	1
511	2.333	2.157	2.118	2.137	1
512	2.216	2.039	2.176	2.157	1
513	2.137	2.157	2.216	2.137	1
514	2.078	2.333	2.176	2.118	1
515	2.118	2.02	2.098	2.118	1
516	2.118	2.157	2.098	2.118	1
517	2.02	2.196	2.176	2.157	1
518	2.157	2.098	2.176	2.196	1
519	2.157	1.941	2.235	2.137	1
520	2.216	2.137	2.216	2.137	1
521	2.176	2.196	2.157	2.157	1
522	2.176	2.314	2.137	2.157	1
523	1.961	2.098	2.098	2.137	1
524	2.02	2.157	2.059	2.137	1
525	2.039	2.333	2.098	2.118	1
526	2.098	1.843	2.118	2.118	1
527	2.373	2.098	2.098	2.157	1
528	2.314	2.157	2.098	2.118	1
529	2.176	2.235	2.118	2.118	1
530	2.059	2.0	2.176	2.098	1
531	2.196	2.059	2.137	2.098	1
532	2.294	2.157	2.098	2.078	1
533	2.235	2.137	2.137	2.098	1
534	2.137	2.059	2.137	2.118	1
535	2.157	2.039	2.176	2.118	1
536	2.235	2.02	2.196	2.118	1
537	2.157	2.039	2.176	2.137	1
538	2.059	2.059	2.157	2.137	1
539	2.176	2.196	2.157	2.137	1
540	2.176	2.039	2.176	2.137	1
541	2.353	2.157	2.137	2.157	1
542	2.02	2.255	2.137	2.157	1
543	2.255	1.647	2.235	2.118	1
544	2.196	2.255	2.196	2.118	1
545	2.216	2.255	2.078	2.176	1
546	1.98	2.157	2.059	2.137	1
547	1.824	2.059	2.118	2.137	1
548	1.725	2.176	2.255	2.118	1
549	2.0	2.02	2.294	2.118	1
550	2.02	2.196	2.118	2.118	1
551	2.157	2.412	2.0	2.118	1
552	2.137	1.784	2.216	2.118	1
553	2.078	1.647	2.353	2.118	1
554	2.392	2.294	2.216	2.137	1
555	2.157	2.353	1.922	2.137	1
556	2.275	2.333	1.961	2.118	1
557	2.373	2.059	2.176	2.118	1
558	2.471	2.039	2.157	2.118	1
559	2.157	2.235	2.176	2.137	1
560	2.196	1.961	2.157	2.137	1
561	2.176	2.255	2.078	2.118	1
562	2.059	2.294	2.02	2.118	1
563	1.961	2.216	2.02	2.118	1
564	1.902	2.0	2.118	2.098	1
565	2.216	2.157	2.157	2.098	1
566	2.157	2.118	2.098	2.098	1
567	2.078	2.039	2.098	2.098	1
568	2.039	2.157	2.157	2.098	1
569	2.078	2.157	2.137	2.118	1
570	2.176	1.902	2.137	2.118	1
571	2.157	2.02	2.157	2.098	1
572	2.157	2.275	2.157	2.118	1
573	2.235	2.294	2.118	2.137	1
574	2.137	1.922	2.118	2.137	1
575	2.118	1.98	2.078	2.137	1
576	2.0	2.196	2.176	2.137	1
577	2.333	1.843	2.216	2.118	1
578	2.373	2.255	2.137	2.137	1
579	2.176	2.314	2.118	2.157	1
580	2.078	2.098	2.078	2.137	1
581	2.196	2.078	2.137	2.118	1
582	2.157	2.235	2.157	2.157	1
583	2.157	2.039	2.157	2.118	1
584	2.118	2.039	2.137	2.118	1
585	2.098	2.157	2.157	2.118	1
586	2.059	2.098	2.176	2.118	1
587	2.176	2.059	2.176	2.118	1
588	2.059	2.039	2.157	2.137	1
589	2.078	2.157	2.118	2.137	1
590	2.0	2.176	2.098	2.137	1
591	2.059	2.039	2.118	2.137	1
592	2.157	2.176	2.098	2.137	1
593	2.02	2.314	2.137	2.137	1
594	2.275	1.882	2.157	2.118	1
595	1.882	2.078	2.157	2.137	1
596	1.745	2.196	2.216	2.157	1
597	1.824	2.059	2.294	2.176	1
598	2.392	2.255	2.039	2.137	1
599	2.118	2.49	1.98	2.137	1
600	2.118	1.627	2.196	2.098	1
601	2.098	1.725	2.275	2.098	1
602	2.078	2.157	2.255	2.118	1
603	2.235	2.078	2.176	2.118	1
604	2.275	1.882	2.118	2.118	1
605	2.314	2.098	2.176	2.118	1
606	2.275	2.392	2.196	2.176	1
607	2.196	2.137	2.196	2.157	1
608	1.922	1.941	2.098	2.196	1
609	1.98	2.157	2.078	2.137	1
610	2.118	2.314	2.157	2.137	1
611	2.314	1.863	2.216	2.118	1
612	2.255	2.137	2.216	2.118	1
613	2.157	2.196	2.157	2.137	1
614	2.216	2.157	2.059	2.118	1
615	2.392	2.333	2.02	2.118	1
616	2.078	2.137	2.098	2.098	1
617	1.922	2.157	2.118	2.098	1
618	1.941	2.216	2.098	2.118	1
619	1.98	2.137	2.098	2.118	1
620	1.922	2.118	2.137	2.098	1
621	1.922	2.176	2.118	2.118	1
622	1.98	2.196	2.157	2.118	1
623	2.02	2.157	2.157	2.157	1
624	2.176	2.118	2.118	2.196	1
625	2.137	2.098	2.078	2.137	1
626	2.118	2.137	2.059	2.118	1
627	2.078	2.392	2.118	2.118	1
628	2.176	1.902	2.157	2.098	1
629	2.118	2.078	2.216	2.137	1
630	2.294	2.118	2.235	2.137	1
631	2.353	2.333	2.157	2.137	1
632	1.765	1.922	2.118	2.118	1
633	1.98	2.118	1.961	2.098	1
634	2.392	2.216	2.059	2.098	1
635	1.961	2.078	2.235	2.118	1
636	1.941	2.02	2.196	2.118	1
637	2.157	2.098	2.196	2.118	1
638	2.216	2.039	2.196	2.137	1
639	2.196	2.059	2.137	2.137	1
640	2.118	2.078	2.098	2.137	1
641	2.118	2.098	2.118	2.137	1
642	2.02	2.059	2.098	2.137	1
643	2.039	2.176	2.059	2.137	1
644	1.941	2.275	2.098	2.137	1
645	2.176	1.784	2.118	2.118	1
646	2.667	2.137	2.078	2.118	1
647	2.451	2.235	2.098	2.118	1
648	2.49	2.275	2.118	2.118	1
649	2.333	1.961	2.176	2.118	1
650	2.431	2.059	2.255	2.118	1
651	2.392	2.059	2.216	2.137	1
652	2.137	2.176	2.098	2.098	1
653	1.922	2.196	2.039	2.098	1
654	1.882	1.98	2.176	2.098	1
655	1.98	1.902	2.235	2.118	1
656	2.137	1.98	2.196	2.118	1
657	2.373	2.157	2.196	2.118	1
658	2.235	2.333	2.059	2.137	1
659	2.157	2.0	2.196	2.157	1
660	2.176	2.196	2.196	2.157	1
661	1.922	2.255	2.176	2.157	1
662	1.745	2.039	2.176	2.137	1
663	2.647	2.157	2.0	2.157	1
664	2.216	2.451	2.02	2.157	1
665	1.98	2.039	2.098	2.137	1
666	1.961	1.843	2.196	2.098	1
667	2.275	2.275	2.176	2.118	1
668	2.549	2.353	2.078	2.118	1
669	2.255	2.0	2.118	2.118	1
670	2.255	2.02	2.137	2.098	1
671	2.176	2.216	2.118	2.098	1
672	2.157	2.196	2.078	2.098	1
673	2.059	2.157	2.118	2.118	1
674	2.078	1.882	2.137	2.118	1
675	2.157	2.039	2.137	2.098	1
676	2.157	2.059	2.118	2.118	1
677	2.275	2.157	2.078	2.118	1
678	2.098	2.314	2.118	2.118	1
679	2.098	1.941	2.157	2.098	1
680	2.51	2.176	2.118	2.118	1
681	2.353	2.157	2.098	2.137	1
682	2.176	2.039	2.137	2.118	1
683	1.941	1.961	2.196	2.098	1
684	2.216	2.137	2.255	2.118	1
685	2.588	2.176	2.235	2.137	1
686	2.196	2.216	2.059	2.137	1
687	2.078	2.216	2.02	2.118	1
688	1.922	2.0	2.157	2.118	1
689	2.078	1.863	2.216	2.118	1
690	2.078	2.078	2.196	2.118	1
691	2.02	2.039	2.157	2.137	1
692	2.118	2.176	2.137	2.137	1
693	2.314	2.196	2.118	2.137	1
694	2.333	2.157	2.098	2.157	1
695	2.118	2.176	2.098	2.137	1
696	1.98	1.843	2.137	2.118	1
697	2.353	2.157	2.078	2.118	1
698	2.137	2.196	2.098	2.137	1
699	2.078	2.176	2.118	2.118	1
700	1.882	2.098	2.137	2.098	1
701	2.0	2.216	2.137	2.098	1
702	2.196	2.059	2.118	2.078	1
703	2.157	1.961	2.098	2.098	1
704	2.157	2.078	2.137	2.098	1
705	2.235	2.039	2.176	2.118	1
706	2.216	2.059	2.157	2.118	1
707	2.098	2.098	2.157	2.118	1
708	2.118	2.078	2.176	2.118	1
709	2.196	2.137	2.176	2.137	1
710	2.137	2.078	2.176	2.137	1
711	2.118	2.098	2.137	2.157	1
712	2.059	2.294	2.098	2.196	1
713	2.235	1.98	2.176	2.118	1
714	2.549	2.255	2.176	2.118	1
715	2.255	2.314	2.137	2.157	1
716	2.137	2.098	2.118	2.137	1
717	2.235	2.039	2.118	2.137	1
718	2.196	2.137	2.157	2.118	1
719	1.961	2.059	2.157	2.118	1
720	1.922	2.059	2.137	2.118	1
721	1.961	2.157	2.137	2.118	1
722	1.941	2.157	2.157	2.118	1
723	2.078	2.078	2.157	2.118	1
724	2.157	2.137	2.137	2.137	1
725	2.176	2.118	2.157	2.137	1
726	2.157	2.118	2.157	2.157	1
727	2.039	2.0	2.118	2.137	1
728	2.098	2.157	2.078	2.137	1
729	2.059	2.451	2.078	2.137	1
730	2.118	1.922	2.157	2.118	1
731	2.02	2.196	2.098	2.118	1
732	1.941	2.216	2.118	2.157	1
733	1.98	2.118	2.157	2.137	1
734	1.863	2.059	2.176	2.137	1
735	1.98	2.294	2.157	2.137	1
736	1.961	2.255	2.157	2.157	1
737	2.098	2.059	2.137	2.157	1
738	2.275	2.176	2.216	2.176	1
739	2.353	2.235	2.235	2.176	1
740	2.314	2.098	2.196	2.196	1
741	2.255	2.137	2.196	2.157	1
742	2.157	2.294	2.196	2.196	1
743	2.137	2.235	2.216	2.196	1
744	2.196	2.196	2.176	2.235	1
745	2.235	2.196	2.176	2.216	1
746	2.216	2.353	2.137	2.176	1
747	2.451	1.941	2.157	2.157	1
748	2.255	2.098	2.137	2.098	1
749	2.118	2.216	2.137	2.118	1
750	2.02	2.275	2.157	2.118	1
751	1.882	2.059	2.118	2.118	1
752	1.941	2.039	2.098	2.098	1
753	2.216	2.176	2.118	2.098	1
754	2.039	1.961	2.157	2.098	1
755	2.137	1.98	2.176	2.098	1
756	1.98	2.176	2.157	2.098	1
757	1.941	2.118	2.157	2.118	1
758	1.98	2.0	2.157	2.118	1
759	1.941	1.902	2.118	2.118	1
760	2.137	2.196	2.157	2.118	1
761	2.176	2.176	2.196	2.176	1
762	2.235	2.137	2.118	2.176	1
763	2.196	2.294	2.118	2.137	1
764	2.137	1.843	2.137	2.118	1
765	2.098	2.0	2.098	2.118	1
766	2.333	2.216	2.118	2.118	1
767	2.471	2.275	2.118	2.118	1
768	2.451	2.196	2.157	2.137	1
769	2.196	2.157	2.118	2.118	1
770	2.275	2.078	2.098	2.098	1
771	2.137	1.941	2.098	2.098	1
772	2.078	2.078	2.176	2.098	1
773	1.98	2.078	2.275	2.118	1
774	2.059	2.039	2.275	2.118	1
775	2.0	2.098	2.196	2.137	1
776	2.02	2.157	2.098	2.176	1
777	2.196	2.118	2.078	2.137	1
778	2.098	2.216	2.137	2.137	1
779	2.039	2.137	2.078	2.137	1
780	2.078	2.216	2.157	2.137	1
781	2.275	1.804	2.216	2.098	1
782	2.431	2.118	2.157	2.118	1
783	2.255	2.294	2.098	2.137	1
784	2.255	2.196	2.078	2.137	1
785	2.157	2.098	2.118	2.118	1
786	2.137	2.255	2.137	2.098	1
787	2.333	2.118	2.118	2.098	1
788	2.078	2.059	2.098	2.137	1
789	2.059	2.098	2.176	2.118	1
790	2.059	2.157	2.176	2.157	1
791	2.0	2.039	2.196	2.176	1
792	2.0	2.039	2.137	2.137	1
793	2.059	2.157	2.118	2.137	1
794	2.196	2.196	2.118	2.137	1
795	2.157	2.118	2.118	2.157	1
796	2.118	2.02	2.118	2.137	1
797	2.039	2.157	2.137	2.137	1
798	2.059	1.98	2.157	2.118	1
799	2.392	2.235	2.118	2.118	1
800	2.353	2.333	2.118	2.137	1
801	2.255	2.118	2.176	2.137	1
802	2.255	1.922	2.176	2.118	1
803	2.235	2.255	2.118	2.118	1
804	2.137	2.157	2.059	2.118	1
805	2.118	2.039	2.137	2.157	1
806	2.059	2.098	2.176	2.137	1
807	2.02	2.157	2.196	2.118	1
808	2.118	2.059	2.176	2.118	1
809	2.098	2.059	2.157	2.157	1
810	2.137	2.137	2.137	2.137	1
811	2.275	2.255	2.137	2.137	1
812	2.255	2.078	2.118	2.157	1
813	2.157	2.137	2.078	2.157	1
814	2.137	2.392	2.118	2.157	1
815	1.961	2.02	2.157	2.137	1
816	2.471	2.098	2.157	2.137	1
817	2.314	2.196	2.137	2.137	1
818	2.196	2.235	2.118	2.137	1
819	2.059	2.176	2.078	2.137	1
820	2.196	2.098	2.157	2.137	1
821	2.431	2.078	2.235	2.118	1
822	2.294	2.118	2.137	2.137	1
823	2.137	2.118	2.137	2.118	1
824	2.255	2.098	2.157	2.118	1
825	2.235	2.039	2.157	2.118	1
826	2.157	2.078	2.157	2.118	1
827	2.157	2.098	2.137	2.118	1
828	2.216	2.196	2.137	2.137	1
829	2.353	2.098	2.137	2.137	1
830	2.275	2.0	2.118	2.137	1
831	2.157	2.118	2.137	2.137	1
832	2.196	1.882	2.176	2.118	1
833	2.608	2.176	2.118	2.118	1
834	2.275	2.275	2.157	2.137	1
835	2.059	2.137	2.176	2.137	1
836	1.98	2.098	2.216	2.118	1
837	1.961	2.216	2.176	2.118	1
838	1.784	2.059	2.0	2.098	1
839	2.098	2.0	1.98	2.098	1
840	2.137	2.196	2.176	2.098	1
841	2.216	1.961	2.294	2.118	1
842	2.314	2.02	2.196	2.118	1
843	2.294	2.098	2.118	2.137	1
844	2.314	2.137	2.098	2.118	1
845	2.314	2.216	2.137	2.118	1
846	2.275	2.176	2.157	2.176	1
847	2.176	2.137	2.157	2.176	1
848	1.98	2.176	2.078	2.176	1
849	1.843	1.941	2.098	2.118	1
850	2.255	2.137	2.098	2.098	1
851	2.098	2.059	2.157	2.118	1
852	2.078	2.137	2.216	2.137	1
853	1.98	2.333	2.196	2.137	1
854	2.137	2.451	2.039	2.137	1
855	2.078	2.02	2.039	2.098	1
856	2.039	1.784	2.176	2.118	1
857	2.039	1.922	2.176	2.118	1
858	2.216	2.196	2.196	2.118	1
859	2.275	2.216	2.196	2.118	1
860	2.216	2.098	2.118	2.157	1
861	2.137	2.039	2.098	2.137	1
862	2.098	2.176	2.176	2.118	1
863	2.196	2.235	2.176	2.137	1
864	2.118	2.118	2.118	2.137	1
865	2.02	2.078	2.118	2.157	1
866	2.235	1.922	2.118	2.118	1
867	2.373	2.039	2.078	2.098	1
868	2.255	2.098	2.118	2.118	1
869	2.118	2.275	2.137	2.098	1
870	1.843	2.078	2.157	2.098	1
871	2.0	2.098	2.137	2.078	1
872	2.235	2.137	2.098	2.078	1
873	2.078	1.98	2.098	2.098	1
874	1.902	1.98	2.176	2.137	1
875	2.118	1.961	2.176	2.118	1
876	2.098	2.078	2.157	2.118	1
877	2.137	2.078	2.137	2.118	1
878	2.098	2.118	2.137	2.118	1
879	2.078	2.118	2.157	2.137	1
880	2.098	2.039	2.176	2.157	1
881	2.078	2.137	2.216	2.157	1
882	2.157	2.392	2.196	2.196	1
883	2.412	2.196	2.157	2.216	1
884	2.216	2.235	2.039	2.157	1
885	2.137	2.216	2.118	2.176	1
886	2.039	2.157	2.176	2.176	1
887	2.0	2.078	2.196	2.137	1
888	1.882	2.216	2.176	2.118	1
889	1.902	2.176	2.118	2.118	1
890	1.863	2.039	2.098	2.118	1
891	1.843	2.098	2.176	2.118	1
892	2.0	2.216	2.196	2.098	1
893	2.039	2.137	2.157	2.118	1
894	2.0	1.863	2.137	2.098	1
895	2.039	2.02	2.078	2.118	1
896	2.157	2.431	2.039	2.118	1
897	2.275	2.353	2.118	2.137	1
898	2.176	2.0	2.216	2.137	1
899	2.255	2.255	2.216	2.157	1
900	2.431	2.098	2.118	2.157	1
901	2.137	2.118	2.059	2.118	1
902	2.078	2.118	2.098	2.118	1
903	2.0	2.216	2.118	2.118	1
904	2.02	2.118	2.118	2.118	1
905	2.078	2.294	2.118	2.118	1
906	1.98	2.176	2.098	2.118	1
907	1.941	2.098	2.078	2.118	1
908	1.922	2.137	2.137	2.118	1
909	2.039	2.137	2.137	2.118	1
910	2.02	2.157	2.137	2.118	1
911	2.02	2.176	2.118	2.118	1
912	2.039	2.078	2.137	2.137	1
913	2.098	2.098	2.196	2.137	1
914	2.137	2.078	2.196	2.176	1
915	2.02	2.078	2.137	2.196	1
916	2.0	2.137	2.137	2.157	1
917	2.294	2.078	2.157	2.137	1
918	2.078	2.235	2.118	2.157	1
919	2.098	2.216	2.137	2.157	1
920	2.02	2.176	2.157	2.157	1
921	1.902	1.961	2.157	2.157	1
922	2.02	1.98	2.137	2.118	1
923	2.157	2.039	2.118	2.118	1
924	2.039	2.0	2.137	2.118	1
925	2.059	2.196	2.196	2.118	1
926	2.059	2.098	2.196	2.118	1
927	1.961	2.137	2.137	2.137	1
928	1.843	2.0	2.137	2.137	1
929	2.0	2.078	2.137	2.137	1
930	2.157	2.176	2.216	2.157	1
931	2.294	2.314	2.196	2.176	1
932	2.176	2.137	2.098	2.216	1
933	2.137	2.196	2.078	2.137	1
934	2.255	2.137	2.137	2.118	1
935	2.039	2.255	2.118	2.118	1
936	1.804	2.196	2.137	2.137	1
937	1.863	2.196	2.118	2.137	1
938	2.059	2.137	2.137	2.118	1
939	2.216	2.333	2.098	2.098	1
940	2.235	2.078	2.098	2.098	1
941	2.137	2.0	2.098	2.098	1
942	2.118	2.176	2.137	2.118	1
943	2.059	2.235	2.137	2.118	1
944	2.02	1.902	2.157	2.118	1
945	1.98	1.941	2.176	2.118	1
946	2.078	2.098	2.176	2.157	1
947	2.078	2.196	2.137	2.176	1
948	2.118	2.137	2.157	2.137	1
949	2.098	2.078	2.137	2.137	1
950	2.118	2.196	2.098	2.157	1
951	2.137	2.039	2.118	2.118	1
952	2.392	2.078	2.098	2.098	1
953	2.216	2.078	2.137	2.118	1
954	2.157	2.0	2.137	2.118	1
955	1.922	2.176	2.137	2.098	1
956	2.039	2.118	2.157	2.098	1
957	2.118	2.0	2.118	2.098	1
958	2.157	2.02	2.078	2.098	1
959	2.078	2.157	2.118	2.098	1
960	2.02	2.098	2.196	2.118	1
961	2.039	2.0	2.196	2.098	1
962	2.137	2.02	2.176	2.118	1
963	2.157	2.02	2.176	2.137	1
964	2.157	2.059	2.118	2.157	1
965	2.235	2.137	2.118	2.118	1
966	2.235	2.0	2.137	2.137	1
967	2.176	2.137	2.196	2.137	1
968	1.941	1.961	2.255	2.118	1
969	2.196	2.02	2.176	2.118	1
970	2.118	2.216	2.118	2.118	1
971	2.0	2.157	2.078	2.118	1
972	1.902	2.098	2.118	2.118	1
973	2.098	2.137	2.137	2.098	1
974	2.157	2.039	2.118	2.098	1
975	2.196	1.922	2.157	2.098	1
976	2.098	2.137	2.176	2.098	1
977	2.098	2.275	2.216	2.098	1
978	2.196	2.216	2.216	2.157	1
979	2.255	2.176	2.137	2.176	1
980	2.196	2.098	2.098	2.118	1
981	2.176	2.137	2.118	2.137	1
982	2.235	2.216	2.059	2.137	1
983	2.294	2.118	2.059	2.137	1
984	2.157	2.216	2.059	2.137	1
985	1.98	2.235	2.118	2.118	1
986	2.373	2.255	2.098	2.118	1
987	2.176	2.216	2.098	2.137	1
988	2.118	2.137	2.118	2.137	1
989	2.216	2.0	2.137	2.118	1
990	2.157	2.137	2.118	2.118	1
991	1.98	2.235	2.098	2.118	1
992	2.02	2.118	2.118	2.118	1
993	1.941	2.118	2.157	2.137	1
994	1.961	2.059	2.196	2.157	1
995	2.078	2.098	2.157	2.118	1
996	2.196	2.059	2.157	2.118	1
997	2.255	2.176	2.157	2.137	1
998	2.255	2.216	2.157	2.137	1
999	2.314	2.078	2.157	2.137	1
