time	channel1	channel2	channel3	channel4	class
0	2.039	2.098	2.078	1.667	0
1	1.98	2.392	2.157	1.667	0
2	1.941	2.0	2.176	1.686	0
3	1.98	1.98	2.176	1.686	0
4	2.02	2.02	2.157	1.686	0
5	2.078	2.118	2.137	1.686	0
6	2.137	2.176	2.137	1.706	0
7	2.078	2.235	2.118	1.706	0
8	2.118	2.216	2.078	1.706	0
9	2.235	2.392	2.137	1.706	0
10	2.431	2.098	2.176	1.706	0
11	2.314	1.922	2.137	1.725	0
12	2.137	2.059	2.118	1.725	0
13	2.157	2.137	2.098	1.706	0
14	2.098	2.451	2.098	1.706	0
15	2.098	2.235	2.137	1.686	0
16	1.98	2.02	2.118	1.686	0
17	1.863	1.941	2.098	1.667	0
18	2.137	2.118	2.196	1.667	0
19	2.098	1.961	2.176	1.686	0
20	2.059	2.059	2.137	1.686	0
21	2.039	2.176	2.118	1.706	0
22	2.078	2.078	2.157	1.686	0
23	2.059	2.098	2.176	1.706	0
24	2.078	2.059	2.137	1.706	0
25	2.039	2.078	2.078	1.706	0
26	2.118	2.275	2.118	1.686	0
27	2.333	1.961	2.216	1.686	0
28	2.392	1.745	2.196	1.686	0
29	2.314	2.0	2.176	1.706	0
30	2.196	2.275	2.137	1.686	0
31	2.118	2.118	2.137	1.686	0
32	2.137	2.059	2.137	1.667	0
33	2.196	2.039	2.098	1.647	0
34	2.196	1.922	2.098	1.627	0
35	2.216	1.961	2.235	1.627	0
36	2.078	1.824	2.235	1.667	0
37	2.078	2.098	2.235	1.667	0
38	2.157	2.059	2.235	1.667	0
39	2.118	1.922	2.294	1.667	0
40	2.02	2.02	2.176	1.667	0
41	2.039	2.412	2.039	1.706	0
42	2.176	2.196	2.059	1.706	0
43	2.255	2.176	2.137	1.686	0
44	2.098	2.157	2.157	1.686	0
45	2.02	2.137	2.098	1.706	0
46	1.98	2.176	2.176	1.706	0
47	2.059	2.294	2.176	1.686	0
48	2.118	2.176	2.118	1.686	0
49	2.196	2.294	2.039	1.667	0
50	2.235	2.49	2.02	1.686	0
51	2.216	2.235	2.039	1.667	0
52	2.255	2.314	2.157	1.667	0
53	2.118	2.0	2.118	1.667	0
54	2.137	2.157	2.098	1.686	0
55	2.078	1.98	2.078	1.667	0
56	2.118	2.255	2.059	1.667	0
57	2.098	2.216	2.098	1.667	0
58	2.098	1.922	2.098	1.667	0
59	2.176	1.922	2.059	1.667	0
60	2.275	2.686	2.078	1.686	0
61	2.176	2.431	2.137	1.745	0
62	2.216	1.941	2.118	1.725	0
63	2.255	2.176	2.059	1.686	0
64	2.196	2.02	2.098	1.667	0
65	2.098	1.902	2.118	1.647	0
66	2.118	1.922	2.118	1.627	0
67	2.078	2.0	2.098	1.647	0
68	2.02	2.098	2.059	1.667	0
69	2.157	2.275	2.176	1.647	0
70	2.078	1.824	2.176	1.667	0
71	2.176	2.333	2.118	1.667	0
72	2.098	2.333	2.098	1.647	0
73	2.039	2.196	2.098	1.647	0
74	2.059	1.765	2.137	1.608	0
75	2.078	1.647	2.137	1.569	0
76	1.941	1.647	2.118	1.549	0
77	2.098	2.314	2.137	1.608	0
78	1.922	2.824	2.176	1.706	0
79	1.804	2.392	2.157	1.725	0
80	1.863	2.137	2.137	1.667	0
81	1.941	2.0	2.137	1.608	0
82	1.961	1.941	2.137	1.588	0
83	2.137	2.098	2.137	1.588	0
84	2.353	2.255	2.137	1.627	0
85	2.098	2.255	2.098	1.667	0
86	2.157	2.255	2.235	1.667	0
87	2.078	1.961	2.196	1.706	0
88	2.059	2.078	2.157	1.706	0
89	2.02	2.255	2.137	1.706	0
90	2.078	2.176	2.118	1.706	0
91	2.118	2.098	2.137	1.706	0
92	2.039	1.98	2.157	1.706	0
93	2.118	2.059	2.118	1.686	0
94	2.235	2.059	2.157	1.667	0
95	2.294	2.0	2.216	1.667	0
96	2.333	1.804	2.196	1.706	0
97	2.216	2.176	2.137	1.706	0
98	2.196	1.98	2.118	1.667	0
99	2.039	2.0	2.137	1.667	0
100	2.02	2.235	2.157	1.647	0
101	1.902	2.137	2.118	1.627	0
102	1.882	1.941	2.098	1.627	0
103	2.039	2.118	2.235	1.627	0
104	1.922	1.98	2.216	1.647	0
105	1.902	1.902	2.176	1.647	0
106	1.922	1.863	2.157	1.647	0
107	1.98	2.059	2.118	1.608	0
108	2.098	2.412	2.118	1.588	0
109	1.961	1.784	2.137	1.608	0
110	1.961	1.745	2.118	1.647	0
111	1.961	2.157	2.118	1.706	0
112	2.333	3.098	2.176	1.745	0
113	2.333	2.294	2.137	1.686	0
114	2.294	1.765	2.118	1.627	0
115	2.235	1.882	2.118	1.588	0
116	2.0	1.784	2.137	1.608	0
117	2.059	2.157	2.118	1.647	0
118	2.0	2.373	2.098	1.667	0
119	2.078	2.51	2.059	1.667	0
120	2.275	2.294	2.196	1.686	0
121	2.137	1.941	2.196	1.686	0
122	2.098	2.039	2.137	1.667	0
123	2.137	2.118	2.098	1.667	0
124	2.078	2.137	2.098	1.667	0
125	2.039	2.216	2.118	1.667	0
126	2.137	2.137	2.137	1.686	0
127	2.176	2.039	2.098	1.667	0
128	2.216	2.373	2.078	1.647	0
129	2.51	2.235	2.176	1.667	0
130	2.529	1.686	2.157	1.686	0
131	2.451	2.392	2.118	1.745	0
132	2.235	2.314	2.118	1.725	0
133	2.039	2.118	2.137	1.627	0
134	2.098	1.627	2.157	1.588	0
135	2.314	1.902	2.098	1.569	0
136	2.235	2.098	2.059	1.588	0
137	2.235	2.157	2.196	1.608	0
138	2.157	2.118	2.176	1.647	0
139	2.118	2.137	2.137	1.667	0
140	2.059	1.902	2.137	1.706	0
141	2.078	2.137	2.137	1.667	0
142	2.176	2.02	2.157	1.647	0
143	2.255	1.961	2.137	1.647	0
144	2.157	2.137	2.078	1.647	0
145	2.255	2.314	2.078	1.647	0
146	2.275	2.353	2.157	1.647	0
147	2.255	1.765	2.157	1.667	0
148	2.118	2.059	2.157	1.667	0
149	2.059	2.373	2.098	1.706	0
150	1.961	2.608	2.078	1.706	0
151	1.922	2.255	2.098	1.686	0
152	2.059	1.922	2.118	1.647	0
153	2.118	2.0	2.098	1.627	0
154	2.314	2.235	2.216	1.627	0
155	2.275	2.314	2.196	1.647	0
156	2.235	2.02	2.137	1.647	0
157	2.137	1.804	2.137	1.627	0
158	2.137	2.02	2.118	1.627	0
159	2.157	2.333	2.118	1.627	0
160	2.196	2.431	2.118	1.627	0
161	2.196	2.216	2.118	1.686	0
162	2.196	2.137	2.118	1.706	0
163	2.098	2.294	2.176	1.667	0
164	2.353	1.765	2.157	1.647	0
165	2.255	2.216	2.098	1.627	0
166	2.098	2.49	2.078	1.667	0
167	1.961	2.137	2.098	1.647	0
168	2.059	1.98	2.137	1.588	0
169	2.039	1.843	2.137	1.549	0
170	1.863	1.667	2.098	1.569	0
171	1.961	2.275	2.157	1.549	0
172	1.941	2.216	2.176	1.588	0
173	1.98	2.137	2.118	1.608	0
174	1.882	1.588	2.118	1.627	0
175	1.922	2.039	2.098	1.667	0
176	1.98	2.529	2.098	1.647	0
177	2.039	2.275	2.118	1.608	0
178	2.196	1.941	2.098	1.588	0
179	2.176	2.0	2.098	1.627	0
180	2.157	2.314	2.196	1.647	0
181	2.137	1.902	2.157	1.706	0
182	2.137	2.255	2.118	1.745	0
183	2.176	2.353	2.098	1.745	0
184	2.118	2.275	2.118	1.725	0
185	2.216	2.333	2.137	1.706	0
186	2.0	2.431	2.137	1.686	0
187	1.843	2.216	2.118	1.706	0
188	1.961	2.157	2.216	1.686	0
189	1.941	2.098	2.196	1.706	0
190	2.078	2.098	2.137	1.725	0
191	2.039	2.02	2.137	1.725	0
192	2.078	2.039	2.137	1.686	0
193	2.078	2.157	2.137	1.686	0
194	2.118	2.294	2.137	1.706	0
195	2.078	2.0	2.137	1.706	0
196	2.059	1.941	2.118	1.686	0
197	2.118	2.078	2.196	1.667	0
198	2.294	1.784	2.157	1.667	0
199	2.02	1.745	2.137	1.686	0
200	1.961	2.255	2.098	1.706	0
201	1.824	2.353	2.137	1.725	0
202	1.863	2.039	2.137	1.647	0
203	1.686	1.922	2.118	1.608	0
204	1.765	2.039	2.078	1.627	0
205	1.98	1.98	2.196	1.647	0
206	2.0	1.882	2.235	1.627	0
207	1.98	1.882	2.196	1.588	0
208	2.02	1.745	2.176	1.588	0
209	2.098	1.569	2.157	1.569	0
210	2.216	2.118	2.118	1.588	0
211	2.059	2.765	2.098	1.667	0
212	1.922	2.471	2.059	1.706	0
213	1.98	2.0	2.078	1.686	0
214	2.451	2.059	2.216	1.647	0
215	2.529	1.647	2.176	1.647	0
216	2.353	2.294	2.118	1.647	0
217	2.412	2.157	2.098	1.627	0
218	2.373	2.157	2.078	1.667	0
219	2.235	2.314	2.098	1.686	0
220	2.098	2.451	2.118	1.667	0
221	2.02	2.078	2.098	1.608	0
222	2.137	1.353	2.196	1.51	0
223	2.118	1.51	2.196	1.529	0
224	2.216	2.196	2.118	1.706	0
225	2.314	3.471	2.078	1.804	0
226	2.216	2.667	2.078	1.745	0
227	2.098	1.667	2.118	1.647	0
228	2.176	1.725	2.137	1.608	0
229	2.255	1.804	2.118	1.608	0
230	2.333	2.157	2.078	1.608	0
231	2.373	2.706	2.176	1.627	0
232	2.51	2.078	2.157	1.686	0
233	2.176	2.118	2.118	1.686	0
234	2.0	2.314	2.118	1.706	0
235	2.118	2.353	2.118	1.725	0
236	2.059	2.235	2.176	1.706	0
237	2.373	2.098	2.176	1.627	0
238	2.235	2.255	2.118	1.608	0
239	2.176	2.02	2.196	1.627	0
240	2.294	2.02	2.216	1.647	0
241	2.196	2.039	2.157	1.608	0
242	2.137	1.706	2.137	1.608	0
243	2.137	2.0	2.098	1.667	0
244	2.137	2.627	2.098	1.725	0
245	2.157	2.412	2.137	1.686	0
246	2.059	1.843	2.137	1.667	0
247	2.137	1.824	2.118	1.647	0
248	2.0	2.412	2.176	1.627	0
249	2.098	1.529	2.137	1.706	0
250	2.039	1.843	2.098	1.745	0
251	2.137	2.784	2.059	1.725	0
252	2.078	2.431	2.078	1.686	0
253	2.039	2.0	2.098	1.686	0
254	2.196	2.118	2.118	1.667	0
255	2.235	2.216	2.078	1.686	0
256	2.059	2.118	2.176	1.725	0
257	2.078	1.902	2.216	1.706	0
258	2.078	1.824	2.176	1.627	0
259	1.98	1.745	2.137	1.569	0
260	2.02	1.745	2.098	1.588	0
261	2.255	2.843	2.078	1.745	0
262	2.196	2.961	2.157	1.804	0
263	2.059	1.725	2.176	1.706	0
264	2.118	1.451	2.118	1.627	0
265	2.176	2.51	2.176	1.608	0
266	2.314	2.176	2.157	1.667	0
267	2.118	2.275	2.118	1.686	0
268	2.059	2.235	2.098	1.686	0
269	1.941	2.157	2.118	1.686	0
270	1.902	1.98	2.118	1.667	0
271	2.137	2.059	2.118	1.647	0
272	2.0	2.373	2.059	1.686	0
273	1.98	2.431	2.157	1.706	0
274	1.843	1.98	2.196	1.686	0
275	1.863	1.843	2.137	1.686	0
276	1.941	2.098	2.098	1.647	0
277	1.902	2.216	2.098	1.627	0
278	1.961	1.863	2.118	1.647	0
279	2.02	1.882	2.137	1.686	0
280	2.02	2.294	2.098	1.725	0
281	2.039	2.765	2.078	1.745	0
282	2.431	2.529	2.196	1.667	0
283	2.196	1.373	2.196	1.667	0
284	2.255	1.784	2.137	1.667	0
285	2.196	2.275	2.098	1.686	0
286	2.118	2.176	2.118	1.706	0
287	2.039	2.02	2.137	1.686	0
288	2.235	2.176	2.118	1.627	0
289	2.118	2.157	2.098	1.608	0
290	2.118	1.843	2.196	1.608	0
291	2.02	2.02	2.216	1.667	0
292	1.843	2.078	2.157	1.706	0
293	1.824	2.039	2.118	1.686	0
294	1.882	2.039	2.118	1.647	0
295	2.039	2.275	2.118	1.647	0
296	2.176	2.176	2.137	1.667	0
297	2.137	1.863	2.137	1.706	0
298	2.118	1.863	2.098	1.667	0
299	2.647	2.451	2.196	1.608	0
300	2.392	1.941	2.157	1.608	0
301	2.373	2.255	2.118	1.647	0
302	2.235	2.078	2.137	1.667	0
303	2.235	2.157	2.137	1.725	0
304	2.098	2.255	2.137	1.706	0
305	2.098	2.333	2.118	1.667	0
306	2.0	2.196	2.078	1.608	0
307	1.961	1.941	2.176	1.549	0
308	1.882	1.725	2.235	1.529	0
309	1.961	1.706	2.176	1.667	0
310	2.157	2.255	2.098	1.745	0
311	2.176	2.333	2.098	1.725	0
312	2.098	2.412	2.176	1.667	0
313	2.137	2.059	2.176	1.667	0
314	2.098	1.765	2.137	1.686	0
315	2.137	2.039	2.078	1.706	0
316	2.627	2.608	2.176	1.725	0
317	2.216	1.784	2.176	1.745	0
318	2.275	2.078	2.137	1.725	0
319	2.373	2.216	2.059	1.725	0
320	2.255	2.275	2.059	1.725	0
321	2.176	2.216	2.137	1.725	0
322	2.51	2.333	2.137	1.706	0
323	2.431	2.196	2.098	1.686	0
324	2.216	1.98	2.137	1.667	0
325	2.078	1.863	2.196	1.667	0
326	2.118	1.902	2.137	1.686	0
327	2.098	2.255	2.098	1.745	0
328	2.078	2.176	2.078	1.725	0
329	1.882	2.157	2.098	1.686	0
330	1.98	1.98	2.137	1.667	0
331	2.196	2.314	2.078	1.667	0
332	2.255	2.176	2.059	1.686	0
333	2.353	2.529	2.176	1.706	0
334	2.353	1.627	2.176	1.725	0
335	2.333	1.961	2.137	1.725	0
336	2.255	2.216	2.098	1.706	0
337	2.157	2.314	2.098	1.706	0
338	2.176	2.196	2.118	1.686	0
339	2.275	2.216	2.137	1.667	0
340	1.961	2.059	2.118	1.647	0
341	1.824	1.902	2.157	1.627	0
342	1.922	1.941	2.196	1.667	0
343	2.039	1.98	2.157	1.706	0
344	2.02	2.431	2.137	1.725	0
345	2.039	2.216	2.118	1.686	0
346	2.02	1.941	2.137	1.667	0
347	2.196	2.0	2.157	1.667	0
348	2.333	1.941	2.118	1.667	0
349	2.216	2.118	2.078	1.686	0
350	2.098	2.725	2.196	1.686	0
351	2.431	1.627	2.176	1.686	0
352	2.275	1.569	2.176	1.647	0
353	2.196	2.137	2.118	1.667	0
354	2.235	2.804	2.078	1.745	0
355	2.039	2.235	2.118	1.745	0
356	2.118	2.196	2.137	1.667	0
357	1.902	2.02	2.118	1.647	0
358	1.922	1.961	2.157	1.647	0
359	2.039	1.961	2.216	1.647	0
360	2.216	1.941	2.176	1.667	0
361	2.098	1.882	2.137	1.667	0
362	2.078	1.922	2.137	1.686	0
363	2.196	2.255	2.118	1.725	0
364	2.157	2.49	2.137	1.706	0
365	1.882	2.02	2.137	1.686	0
366	1.784	1.745	2.118	1.686	0
367	1.98	2.725	2.196	1.686	0
368	2.078	1.941	2.157	1.745	0
369	2.098	2.0	2.137	1.745	0
370	2.098	1.922	2.118	1.706	0
371	2.216	2.118	2.118	1.667	0
372	2.176	2.176	2.118	1.667	0
373	2.216	2.176	2.137	1.686	0
374	2.039	2.216	2.098	1.667	0
375	2.078	2.176	2.137	1.667	0
376	2.078	2.118	2.196	1.686	0
377	1.961	1.922	2.157	1.686	0
378	2.0	2.098	2.118	1.686	0
379	2.039	2.176	2.098	1.686	0
380	2.196	2.255	2.078	1.686	0
381	2.196	2.216	2.098	1.706	0
382	2.176	2.098	2.098	1.725	0
383	2.039	2.216	2.078	1.706	0
384	2.294	2.765	2.176	1.706	0
385	2.216	1.686	2.157	1.706	0
386	2.137	1.941	2.118	1.706	0
387	2.176	2.118	2.098	1.686	0
388	2.196	2.039	2.098	1.667	0
389	2.451	2.196	2.098	1.627	0
390	2.333	2.431	2.098	1.667	0
391	2.235	2.216	2.078	1.667	0
392	2.098	1.98	2.137	1.647	0
393	2.118	1.882	2.216	1.608	0
394	2.059	1.765	2.157	1.647	0
395	2.039	2.039	2.118	1.686	0
396	2.02	2.118	2.118	1.706	0
397	2.098	2.02	2.137	1.667	0
398	2.176	2.294	2.137	1.647	0
399	2.216	2.196	2.118	1.667	0
400	2.078	2.059	2.078	1.686	0
401	2.784	2.647	2.176	1.686	0
402	2.255	1.745	2.176	1.725	0
403	2.176	2.059	2.118	1.725	0
404	2.059	2.196	2.118	1.725	0
405	2.118	2.098	2.137	1.706	0
406	2.059	2.059	2.137	1.667	0
407	2.373	2.353	2.118	1.667	0
408	2.392	2.235	2.098	1.686	0
409	2.392	2.078	2.118	1.706	0
410	2.196	2.02	2.216	1.686	0
411	2.039	1.725	2.196	1.647	0
412	2.059	1.765	2.157	1.647	0
413	2.078	2.235	2.098	1.667	0
414	2.039	2.49	2.118	1.706	0
415	2.059	2.059	2.137	1.686	0
416	2.216	1.627	2.137	1.667	0
417	2.235	1.941	2.078	1.667	0
418	2.902	3.039	2.176	1.667	0
419	2.255	1.941	2.176	1.667	0
420	2.157	1.902	2.137	1.686	0
421	2.0	2.02	2.118	1.706	0
422	2.118	2.059	2.118	1.706	0
423	2.039	2.118	2.118	1.686	0
424	2.157	2.275	2.118	1.667	0
425	2.098	2.373	2.078	1.667	0
426	1.961	2.275	2.118	1.647	0
427	2.176	2.235	2.216	1.667	0
428	2.196	1.961	2.176	1.686	0
429	2.157	2.02	2.137	1.706	0
430	2.196	2.039	2.118	1.686	0
431	2.176	2.137	2.118	1.686	0
432	2.157	2.137	2.118	1.686	0
433	2.078	1.961	2.118	1.686	0
434	2.02	2.216	2.078	1.706	0
435	2.569	2.804	2.176	1.686	0
436	2.059	1.627	2.176	1.725	0
437	1.98	2.216	2.137	1.725	0
438	2.078	2.157	2.118	1.686	0
439	2.02	2.098	2.098	1.667	0
440	2.039	2.0	2.137	1.667	0
441	2.039	2.118	2.137	1.686	0
442	2.098	2.235	2.078	1.686	0
443	2.059	2.098	2.098	1.667	0
444	2.176	2.157	2.196	1.647	0
445	2.373	1.941	2.176	1.647	0
446	2.176	2.02	2.137	1.686	0
447	2.078	2.078	2.118	1.706	0
448	2.078	2.098	2.118	1.706	0
449	2.137	2.157	2.137	1.667	0
450	2.078	2.098	2.118	1.667	0
451	2.02	2.137	2.078	1.686	0
452	2.608	2.588	2.176	1.686	0
453	2.0	1.627	2.196	1.686	0
454	1.902	2.0	2.137	1.706	0
455	1.941	2.216	2.118	1.686	0
456	2.059	2.216	2.098	1.686	0
457	2.118	2.078	2.137	1.686	0
458	2.157	2.039	2.157	1.647	0
459	1.98	2.098	2.118	1.627	0
460	1.922	2.059	2.157	1.647	0
461	2.0	2.039	2.255	1.686	0
462	2.137	1.902	2.196	1.686	0
463	2.118	2.216	2.118	1.667	0
464	2.02	2.078	2.118	1.667	0
465	1.941	1.941	2.137	1.667	0
466	2.039	2.078	2.157	1.686	0
467	2.059	2.157	2.118	1.686	0
468	2.059	2.176	2.059	1.706	0
469	2.451	2.412	2.176	1.686	0
470	2.039	1.725	2.196	1.686	0
471	2.137	2.157	2.137	1.725	0
472	2.216	2.333	2.098	1.745	0
473	2.118	2.0	2.098	1.706	0
474	2.118	1.902	2.098	1.667	0
475	2.176	2.49	2.098	1.667	0
476	2.0	2.412	2.078	1.647	0
477	1.961	2.059	2.098	1.647	0
478	1.941	2.157	2.176	1.647	0
479	1.863	1.902	2.157	1.686	0
480	2.02	2.059	2.137	1.706	0
481	2.098	2.098	2.098	1.686	0
482	2.216	2.157	2.098	1.667	0
483	2.137	2.294	2.098	1.667	0
484	2.02	2.196	2.098	1.686	0
485	2.0	2.157	2.059	1.686	0
486	2.431	2.627	2.176	1.686	0
487	2.412	1.863	2.157	1.706	0
488	2.176	2.196	2.098	1.725	0
489	2.078	2.333	2.098	1.725	0
490	2.078	2.098	2.098	1.686	0
491	2.118	2.039	2.118	1.667	0
492	2.059	2.157	2.137	1.647	0
493	2.0	2.059	2.118	1.627	0
494	2.098	1.765	2.118	1.627	0
495	2.235	2.02	2.216	1.686	0
496	2.255	2.039	2.157	1.706	0
497	2.196	2.451	2.118	1.667	0
498	2.157	2.118	2.118	1.647	0
499	2.078	1.804	2.118	1.647	0
500	2.039	1.804	2.137	1.667	0
501	2.02	1.961	2.118	1.686	0
502	2.176	2.431	2.098	1.686	0
503	2.608	2.647	2.196	1.686	0
504	2.235	1.843	2.176	1.706	0
505	2.176	1.902	2.137	1.725	0
506	2.176	2.196	2.098	1.706	0
507	2.118	2.235	2.118	1.706	0
508	2.137	2.039	2.176	1.686	0
509	2.196	2.196	2.176	1.667	0
510	2.294	2.314	2.118	1.667	0
511	2.157	2.157	2.118	1.667	0
512	2.314	2.176	2.235	1.647	0
513	2.059	1.804	2.216	1.667	0
514	2.157	1.961	2.137	1.667	0
515	2.157	2.235	2.059	1.686	0
516	1.961	2.294	2.098	1.686	0
517	1.843	2.098	2.157	1.706	0
518	2.098	2.0	2.176	1.686	0
519	1.941	2.157	2.118	1.686	0
520	2.314	2.51	2.176	1.686	0
521	1.961	1.725	2.176	1.706	0
522	2.176	1.98	2.118	1.725	0
523	2.098	2.255	2.098	1.725	0
524	2.0	2.216	2.078	1.706	0
525	1.961	2.078	2.078	1.686	0
526	2.098	2.098	2.098	1.667	0
527	2.196	2.255	2.078	1.667	0
528	2.118	2.196	2.078	1.667	0
529	2.255	2.235	2.196	1.667	0
530	2.157	1.804	2.176	1.686	0
531	2.137	1.882	2.157	1.686	0
532	1.98	2.0	2.098	1.667	0
533	2.118	2.078	2.078	1.686	0
534	2.137	2.196	2.098	1.667	0
535	2.098	2.196	2.098	1.667	0
536	2.275	2.216	2.078	1.667	0
537	2.431	2.549	2.176	1.686	0
538	1.961	1.843	2.176	1.686	0
539	2.0	1.902	2.137	1.667	0
540	2.078	2.078	2.118	1.686	0
541	2.02	2.176	2.098	1.706	0
542	2.039	2.137	2.118	1.667	0
543	2.078	2.255	2.118	1.647	0
544	2.216	2.196	2.118	1.647	0
545	2.098	1.961	2.098	1.667	0
546	2.196	2.196	2.216	1.667	0
547	2.039	1.941	2.196	1.667	0
548	1.961	1.98	2.157	1.686	0
549	1.98	2.02	2.137	1.686	0
550	2.078	2.078	2.137	1.686	0
551	2.157	2.196	2.137	1.706	0
552	2.02	2.059	2.118	1.725	0
553	2.098	2.039	2.098	1.706	0
554	2.431	2.608	2.176	1.686	0
555	2.157	1.824	2.216	1.725	0
556	2.039	1.824	2.157	1.725	0
557	2.0	2.255	2.098	1.706	0
558	2.059	2.314	2.098	1.686	0
559	1.98	2.059	2.137	1.667	0
560	2.039	2.098	2.137	1.667	0
561	2.118	2.176	2.118	1.667	0
562	2.02	1.98	2.098	1.667	0
563	2.059	1.961	2.216	1.667	0
564	2.0	2.118	2.176	1.686	0
565	2.059	2.373	2.118	1.686	0
566	2.059	2.059	2.118	1.667	0
567	2.02	1.941	2.137	1.667	0
568	2.118	2.078	2.137	1.667	0
569	2.039	2.078	2.118	1.686	0
570	1.824	2.137	2.098	1.706	0
571	2.118	2.49	2.157	1.706	0
572	2.314	1.941	2.176	1.706	0
573	2.275	2.0	2.137	1.706	0
574	2.333	2.098	2.118	1.686	0
575	2.275	2.314	2.118	1.686	0
576	2.157	2.216	2.137	1.686	0
577	2.059	2.039	2.137	1.667	0
578	2.0	2.098	2.118	1.667	0
579	2.0	2.059	2.098	1.667	0
580	2.118	2.275	2.216	1.667	0
581	1.98	1.902	2.196	1.686	0
582	2.059	1.98	2.157	1.667	0
583	2.137	1.98	2.118	1.667	0
584	2.137	2.137	2.098	1.667	0
585	2.118	2.235	2.118	1.686	0
586	2.098	2.176	2.118	1.706	0
587	2.02	2.137	2.098	1.706	0
588	2.333	2.471	2.176	1.706	0
589	2.294	1.941	2.176	1.725	0
590	2.451	1.98	2.137	1.725	0
591	2.333	2.255	2.098	1.725	0
592	2.176	2.314	2.098	1.706	0
593	2.059	2.098	2.118	1.686	0
594	2.078	2.118	2.137	1.667	0
595	2.275	2.255	2.098	1.647	0
596	2.275	2.216	2.078	1.647	0
597	2.314	2.176	2.216	1.667	0
598	2.333	1.882	2.196	1.686	0
599	2.333	2.0	2.137	1.686	0
600	2.216	2.02	2.118	1.667	0
601	2.196	2.118	2.118	1.667	0
602	2.059	2.0	2.137	1.667	0
603	2.235	1.98	2.118	1.667	0
604	2.235	2.176	2.078	1.686	0
605	2.392	2.667	2.157	1.686	0
606	2.137	1.882	2.176	1.706	0
607	2.02	2.078	2.137	1.706	0
608	2.0	2.098	2.118	1.706	0
609	1.882	2.02	2.118	1.686	0
610	2.02	1.98	2.118	1.647	0
611	2.098	2.216	2.098	1.608	0
612	2.255	2.216	2.098	1.627	0
613	2.176	1.98	2.098	1.647	0
614	2.098	2.176	2.216	1.686	0
615	2.059	2.176	2.196	1.706	0
616	2.059	2.235	2.137	1.667	0
617	2.059	2.059	2.137	1.647	0
618	2.059	2.0	2.118	1.667	0
619	2.118	2.118	2.137	1.667	0
620	2.059	2.078	2.137	1.686	0
621	2.137	2.137	2.078	1.686	0
622	2.275	2.51	2.118	1.706	0
623	1.882	2.039	2.176	1.725	0
624	1.902	1.902	2.157	1.745	0
625	2.039	2.196	2.118	1.745	0
626	2.078	2.235	2.098	1.706	0
627	2.157	2.176	2.118	1.706	0
628	2.255	2.216	2.118	1.686	0
629	2.235	2.255	2.098	1.686	0
630	2.059	2.039	2.078	1.686	0
631	2.098	2.118	2.216	1.667	0
632	2.255	1.902	2.196	1.686	0
633	2.216	2.02	2.137	1.686	0
634	2.098	2.078	2.098	1.686	0
635	2.098	2.176	2.078	1.686	0
636	2.078	2.196	2.118	1.686	0
637	2.0	2.078	2.137	1.686	0
638	2.078	2.118	2.118	1.706	0
639	2.235	2.373	2.157	1.706	0
640	2.255	1.961	2.196	1.706	0
641	2.176	1.824	2.157	1.706	0
642	2.078	2.118	2.118	1.706	0
643	2.196	2.078	2.118	1.686	0
644	2.078	1.882	2.118	1.686	0
645	2.176	2.314	2.118	1.686	0
646	2.0	2.49	2.098	1.667	0
647	1.804	2.039	2.098	1.667	0
648	1.961	2.098	2.235	1.647	0
649	2.039	1.706	2.196	1.667	0
650	1.941	1.98	2.157	1.686	0
651	1.922	2.078	2.118	1.686	0
652	2.059	2.118	2.118	1.686	0
653	2.118	2.157	2.137	1.686	0
654	2.098	2.039	2.137	1.686	0
655	2.176	2.078	2.098	1.686	0
656	2.235	2.392	2.137	1.686	0
657	2.294	2.196	2.157	1.706	0
658	2.176	1.863	2.137	1.725	0
659	2.275	2.176	2.098	1.706	0
660	2.431	2.118	2.118	1.686	0
661	2.471	2.0	2.137	1.667	0
662	2.392	2.176	2.137	1.667	0
663	2.137	2.333	2.098	1.667	0
664	2.059	2.039	2.078	1.667	0
665	2.176	1.98	2.216	1.667	0
666	2.118	1.667	2.196	1.686	0
667	2.255	2.235	2.118	1.686	0
668	2.216	2.392	2.098	1.686	0
669	2.196	2.039	2.098	1.667	0
670	2.157	2.02	2.118	1.667	0
671	2.078	2.039	2.118	1.686	0
672	2.157	2.137	2.078	1.686	0
673	2.196	2.314	2.137	1.686	0
674	2.451	2.118	2.196	1.706	0
675	2.451	2.0	2.157	1.725	0
676	2.314	2.098	2.118	1.725	0
677	2.275	2.196	2.118	1.706	0
678	2.078	2.157	2.118	1.686	0
679	2.059	2.235	2.137	1.667	0
680	1.941	2.235	2.118	1.667	0
681	1.902	2.078	2.098	1.667	0
682	2.059	2.196	2.216	1.667	0
683	2.098	1.941	2.176	1.686	0
684	2.118	1.98	2.137	1.667	0
685	2.137	2.078	2.137	1.686	0
686	2.216	2.098	2.118	1.686	0
687	2.059	2.137	2.137	1.706	0
688	2.039	2.118	2.137	1.706	0
689	2.118	2.039	2.098	1.686	0
690	2.196	2.255	2.137	1.686	0
691	2.196	2.157	2.176	1.706	0
692	2.137	1.902	2.157	1.725	0
693	2.098	2.098	2.118	1.706	0
694	1.961	2.137	2.098	1.706	0
695	1.98	2.118	2.118	1.686	0
696	2.078	2.137	2.137	1.667	0
697	2.373	2.235	2.118	1.667	0
698	2.314	2.098	2.078	1.667	0
699	2.275	2.157	2.216	1.667	0
700	2.157	1.863	2.196	1.667	0
701	2.275	1.98	2.157	1.667	0
702	2.098	2.059	2.118	1.686	0
703	2.039	2.118	2.098	1.686	0
704	2.078	2.196	2.137	1.686	0
705	2.059	2.118	2.157	1.686	0
706	2.02	2.078	2.118	1.686	0
707	2.118	2.235	2.137	1.686	0
708	2.176	2.216	2.196	1.686	0
709	2.098	1.882	2.157	1.706	0
710	1.804	2.157	2.137	1.725	0
711	1.824	2.137	2.137	1.706	0
712	1.882	2.059	2.176	1.686	0
713	1.961	2.137	2.157	1.667	0
714	1.882	2.157	2.118	1.667	0
715	1.882	2.0	2.118	1.667	0
716	2.02	2.216	2.196	1.667	0
717	2.059	2.02	2.196	1.667	0
718	2.098	2.078	2.137	1.686	0
719	2.039	2.137	2.078	1.686	0
720	2.059	2.118	2.118	1.686	0
721	1.961	2.098	2.157	1.686	0
722	2.118	2.098	2.137	1.686	0
723	2.176	2.118	2.078	1.706	0
724	2.216	2.275	2.078	1.686	0
725	1.961	2.255	2.157	1.686	0
726	2.235	1.98	2.118	1.706	0
727	2.137	2.196	2.098	1.706	0
728	1.941	2.157	2.098	1.686	0
729	1.902	2.02	2.098	1.667	0
730	2.039	2.118	2.118	1.647	0
731	2.059	2.333	2.098	1.647	0
732	1.882	2.02	2.059	1.647	0
733	2.098	2.157	2.176	1.647	0
734	2.118	2.039	2.176	1.667	0
735	2.078	1.98	2.157	1.667	0
736	2.02	1.922	2.118	1.667	0
737	2.02	1.961	2.118	1.667	0
738	2.078	2.137	2.118	1.667	0
739	2.059	2.333	2.118	1.686	0
740	2.059	2.098	2.098	1.686	0
741	2.137	2.196	2.118	1.686	0
742	2.49	2.176	2.196	1.686	0
743	2.392	1.804	2.176	1.706	0
744	2.176	2.255	2.118	1.706	0
745	2.275	2.333	2.098	1.686	0
746	2.02	1.961	2.137	1.667	0
747	2.176	2.059	2.137	1.647	0
748	2.196	2.353	2.118	1.667	0
749	2.0	2.373	2.078	1.667	0
750	2.0	2.118	2.216	1.667	0
751	2.059	1.902	2.196	1.667	0
752	2.176	1.922	2.157	1.667	0
753	2.157	2.098	2.137	1.667	0
754	2.196	2.196	2.118	1.667	0
755	2.275	2.157	2.137	1.686	0
756	2.275	2.118	2.118	1.706	0
757	2.176	2.098	2.098	1.706	0
758	2.137	2.275	2.098	1.686	0
759	2.451	2.49	2.176	1.686	0
760	2.49	1.902	2.157	1.706	0
761	2.294	2.078	2.118	1.706	0
762	2.255	2.255	2.098	1.706	0
763	2.235	2.157	2.098	1.686	0
764	2.235	2.059	2.118	1.667	0
765	2.02	2.039	2.118	1.667	0
766	2.039	2.235	2.078	1.667	0
767	2.196	2.412	2.196	1.667	0
768	2.157	1.902	2.196	1.667	0
769	2.039	1.941	2.137	1.686	0
770	2.059	2.098	2.118	1.667	0
771	2.059	2.059	2.118	1.686	0
772	2.098	2.176	2.118	1.686	0
773	2.059	2.196	2.118	1.686	0
774	2.176	2.098	2.098	1.686	0
775	2.176	2.235	2.118	1.686	0
776	2.157	2.333	2.196	1.686	0
777	2.314	1.784	2.157	1.706	0
778	2.098	2.039	2.118	1.725	0
779	2.02	2.196	2.118	1.686	0
780	1.961	2.118	2.137	1.667	0
781	2.02	2.157	2.137	1.667	0
782	2.196	2.118	2.118	1.667	0
783	2.196	2.059	2.098	1.667	0
784	2.275	2.216	2.196	1.647	0
785	2.235	2.039	2.196	1.667	0
786	2.137	1.941	2.157	1.667	0
787	2.078	1.941	2.137	1.686	0
788	2.059	2.0	2.118	1.667	0
789	2.118	2.137	2.118	1.667	0
790	2.157	2.118	2.137	1.686	0
791	2.039	2.059	2.098	1.686	0
792	1.922	2.176	2.118	1.686	0
793	2.255	2.275	2.196	1.686	0
794	2.392	1.804	2.176	1.706	0
795	2.314	2.157	2.118	1.706	0
796	2.176	2.235	2.098	1.706	0
797	2.059	2.137	2.118	1.686	0
798	2.098	2.098	2.137	1.667	0
799	2.02	2.137	2.137	1.647	0
800	1.98	2.118	2.098	1.667	0
801	2.0	2.118	2.176	1.667	0
802	2.059	1.98	2.196	1.667	0
803	2.176	2.02	2.157	1.667	0
804	2.176	2.118	2.137	1.667	0
805	2.078	2.078	2.118	1.667	0
806	2.098	2.137	2.118	1.686	0
807	2.039	2.176	2.118	1.686	0
808	1.922	2.078	2.098	1.686	0
809	2.039	2.235	2.098	1.686	0
810	1.922	2.431	2.176	1.686	0
811	2.039	1.882	2.137	1.706	0
812	1.902	2.157	2.118	1.725	0
813	1.843	2.157	2.118	1.686	0
814	1.843	2.098	2.118	1.667	0
815	2.039	2.098	2.118	1.667	0
816	2.0	2.314	2.098	1.667	0
817	1.863	2.137	2.078	1.667	0
818	1.863	2.118	2.196	1.667	0
819	1.941	1.961	2.196	1.667	0
820	1.922	1.961	2.157	1.667	0
821	1.843	2.059	2.137	1.667	0
822	1.902	2.118	2.118	1.667	0
823	1.941	2.137	2.118	1.667	0
824	2.02	2.098	2.137	1.686	0
825	2.235	2.059	2.118	1.686	0
826	2.216	2.157	2.098	1.686	0
827	1.98	2.431	2.196	1.686	0
828	1.922	1.804	2.157	1.686	0
829	1.843	2.039	2.137	1.706	0
830	1.961	2.176	2.118	1.686	0
831	2.078	2.137	2.137	1.667	0
832	2.196	2.059	2.157	1.667	0
833	2.235	2.176	2.118	1.667	0
834	2.078	2.118	2.078	1.667	0
835	2.098	2.216	2.196	1.667	0
836	2.02	2.039	2.235	1.667	0
837	1.902	1.902	2.216	1.667	0
838	2.0	1.98	2.176	1.686	0
839	2.059	2.039	2.137	1.686	0
840	2.0	2.118	2.137	1.686	0
841	2.059	2.157	2.137	1.686	0
842	1.941	2.059	2.078	1.706	0
843	2.0	2.235	2.059	1.706	0
844	2.373	2.549	2.157	1.706	0
845	2.333	1.843	2.157	1.725	0
846	2.392	2.039	2.137	1.725	0
847	2.353	2.176	2.118	1.706	0
848	2.235	2.118	2.098	1.686	0
849	2.196	2.176	2.098	1.667	0
850	2.059	2.216	2.078	1.667	0
851	2.118	2.216	2.039	1.667	0
852	2.176	2.216	2.137	1.667	0
853	2.235	2.118	2.157	1.667	0
854	2.039	2.02	2.137	1.667	0
855	2.157	2.0	2.098	1.667	0
856	2.216	2.059	2.078	1.667	0
857	2.157	2.176	2.098	1.686	0
858	2.196	2.275	2.098	1.686	0
859	1.98	2.078	2.098	1.667	0
860	2.02	2.176	2.078	1.667	0
861	2.373	2.451	2.176	1.667	0
862	2.451	1.745	2.157	1.686	0
863	2.314	2.078	2.118	1.706	0
864	2.235	2.196	2.118	1.686	0
865	2.314	2.078	2.098	1.667	0
866	2.216	2.059	2.118	1.667	0
867	2.176	2.176	2.137	1.667	0
868	2.157	2.137	2.098	1.667	0
869	2.176	2.118	2.176	1.667	0
870	2.196	2.0	2.216	1.667	0
871	2.196	1.882	2.196	1.667	0
872	2.176	2.0	2.176	1.667	0
873	2.059	2.039	2.137	1.686	0
874	2.098	2.118	2.137	1.686	0
875	2.098	2.216	2.118	1.686	0
876	2.157	2.02	2.118	1.706	0
877	2.176	2.157	2.098	1.686	0
878	2.02	2.667	2.196	1.686	0
879	2.275	1.784	2.176	1.706	0
880	2.196	1.941	2.137	1.725	0
881	2.02	2.216	2.137	1.706	0
882	1.882	2.176	2.118	1.686	0
883	1.98	2.078	2.118	1.667	0
884	2.255	2.235	2.118	1.667	0
885	2.255	2.157	2.078	1.667	0
886	2.176	2.098	2.176	1.667	0
887	2.235	2.02	2.196	1.667	0
888	2.353	1.98	2.118	1.667	0
889	2.216	2.137	2.098	1.667	0
890	2.078	2.137	2.118	1.667	0
891	2.0	2.137	2.137	1.686	0
892	2.078	2.118	2.137	1.686	0
893	1.863	2.059	2.118	1.686	0
894	2.0	2.176	2.078	1.686	0
895	1.902	2.549	2.196	1.686	0
896	2.059	1.745	2.176	1.706	0
897	1.961	2.078	2.137	1.725	0
898	1.902	2.176	2.137	1.706	0
899	1.882	2.078	2.118	1.686	0
900	1.961	2.059	2.137	1.667	0
901	2.294	2.196	2.137	1.647	0
902	2.137	2.078	2.118	1.647	0
903	2.059	2.059	2.176	1.647	0
904	2.039	2.059	2.196	1.647	0
905	2.02	1.961	2.176	1.667	0
906	1.98	2.0	2.176	1.667	0
907	1.922	2.039	2.137	1.667	0
908	2.0	2.157	2.118	1.667	0
909	2.02	2.137	2.118	1.667	0
910	1.922	2.059	2.098	1.667	0
911	2.059	2.235	2.059	1.667	0
912	2.078	2.608	2.176	1.667	0
913	2.255	1.824	2.137	1.686	0
914	2.294	2.118	2.098	1.706	0
915	2.255	2.255	2.078	1.706	0
916	2.255	2.275	2.078	1.686	0
917	2.275	2.216	2.118	1.686	0
918	2.078	2.255	2.098	1.667	0
919	1.863	2.275	2.059	1.667	0
920	1.882	2.176	2.157	1.667	0
921	1.961	2.039	2.196	1.686	0
922	1.863	2.02	2.137	1.686	0
923	1.922	2.118	2.098	1.686	0
924	1.961	2.098	2.098	1.686	0
925	2.137	2.196	2.098	1.706	0
926	2.235	2.216	2.118	1.706	0
927	2.137	2.098	2.118	1.706	0
928	1.98	2.157	2.078	1.706	0
929	1.922	2.51	2.196	1.706	0
930	2.0	1.745	2.176	1.725	0
931	2.157	1.922	2.118	1.725	0
932	2.118	2.02	2.118	1.706	0
933	2.078	2.0	2.118	1.686	0
934	2.02	2.275	2.137	1.667	0
935	2.02	2.235	2.137	1.667	0
936	2.078	2.039	2.098	1.667	0
937	2.098	1.98	2.176	1.667	0
938	2.098	1.961	2.216	1.667	0
939	2.137	1.863	2.176	1.686	0
940	2.059	1.961	2.137	1.686	0
941	2.118	1.98	2.118	1.667	0
942	2.0	2.078	2.118	1.667	0
943	2.02	2.137	2.137	1.686	0
944	2.0	2.039	2.118	1.686	0
945	2.039	2.137	2.078	1.686	0
946	2.176	2.569	2.196	1.686	0
947	2.471	1.667	2.176	1.706	0
948	2.471	1.961	2.137	1.706	0
949	2.392	2.118	2.118	1.686	0
950	2.373	2.098	2.118	1.667	0
951	2.294	2.078	2.137	1.667	0
952	2.118	2.157	2.137	1.667	0
953	2.294	2.137	2.118	1.647	0
954	2.176	2.02	2.176	1.647	0
955	2.078	1.961	2.216	1.647	0
956	2.059	1.882	2.176	1.667	0
957	2.0	2.0	2.137	1.667	0
958	2.098	2.039	2.137	1.667	0
959	2.078	2.176	2.157	1.667	0
960	2.078	2.275	2.157	1.686	0
961	2.02	2.137	2.118	1.686	0
962	2.176	2.157	2.118	1.686	0
963	2.373	2.549	2.216	1.686	0
964	2.314	1.745	2.176	1.706	0
965	2.02	2.039	2.157	1.725	0
966	1.961	2.196	2.118	1.706	0
967	1.98	2.176	2.098	1.686	0
968	2.078	2.157	2.118	1.686	0
969	2.294	2.314	2.098	1.667	0
970	2.49	2.333	2.098	1.667	0
971	2.314	2.039	2.176	1.667	0
972	2.294	2.02	2.235	1.667	0
973	2.118	1.941	2.176	1.667	0
974	2.098	2.039	2.098	1.667	0
975	2.02	2.118	2.078	1.667	0
976	1.922	2.118	2.098	1.667	0
977	2.039	2.196	2.098	1.686	0
978	2.255	2.098	2.098	1.686	0
979	2.294	2.216	2.059	1.686	0
980	2.451	2.765	2.157	1.686	0
981	2.314	1.784	2.137	1.706	0
982	2.137	2.078	2.098	1.706	0
983	1.902	2.235	2.098	1.686	0
984	1.941	2.216	2.098	1.686	0
985	1.922	2.196	2.118	1.686	0
986	1.922	2.314	2.118	1.686	0
987	1.882	2.314	2.078	1.686	0
988	1.941	2.196	2.137	1.686	0
989	2.157	2.176	2.176	1.686	0
990	2.137	1.941	2.157	1.706	0
991	2.078	2.0	2.137	1.686	0
992	1.98	2.078	2.118	1.686	0
993	2.059	2.137	2.137	1.686	0
994	2.196	2.157	2.137	1.706	0
995	2.373	2.078	2.118	1.706	0
996	2.353	2.118	2.078	1.686	0
997	2.118	2.608	2.176	1.686	0
998	2.098	1.667	2.196	1.706	0
999	1.961	1.941	2.196	1.725	0
