time	channel1	channel2	channel3	channel4	class
0	2.02	2.078	2.118	2.118	1
1	2.137	2.0	2.098	2.118	1
2	2.118	2.078	2.137	2.118	1
3	2.078	2.137	2.157	2.118	1
4	2.059	2.02	2.196	2.118	1
5	2.078	2.0	2.235	2.118	1
6	2.078	2.039	2.216	2.137	1
7	2.137	2.098	2.118	2.137	1
8	2.098	2.059	2.078	2.137	1
9	2.157	1.843	2.196	2.118	1
10	2.137	2.059	2.255	2.118	1
11	2.098	2.235	2.216	2.137	1
12	2.078	2.176	2.196	2.137	1
13	2.137	2.098	2.078	2.137	1
14	2.176	2.118	2.059	2.118	1
15	2.176	2.02	2.078	2.118	1
16	2.157	2.078	2.176	2.118	1
17	2.0	2.216	2.137	2.118	1
18	2.02	2.078	2.118	2.118	1
19	2.098	2.176	2.137	2.098	1
20	2.078	2.176	2.157	2.098	1
21	2.098	2.196	2.118	2.098	1
22	2.098	2.157	2.098	2.118	1
23	2.098	2.0	2.098	2.118	1
24	2.118	2.059	2.078	2.118	1
25	2.118	2.176	2.039	2.118	1
26	2.176	2.098	2.039	2.098	1
27	2.294	2.196	2.118	2.098	1
28	2.255	2.255	2.157	2.118	1
29	2.196	2.157	2.157	2.118	1
30	2.196	2.0	2.118	2.118	1
31	2.196	2.078	2.118	2.098	1
32	2.176	2.039	2.098	2.098	1
33	2.118	2.039	2.078	2.118	1
34	2.0	2.039	2.118	2.118	1
35	1.961	1.941	2.157	2.098	1
36	2.059	2.137	2.196	2.098	1
37	2.039	2.176	2.157	2.098	1
38	2.059	2.118	2.118	2.118	1
39	2.059	2.078	2.137	2.118	1
40	2.059	2.078	2.157	2.118	1
41	2.098	2.02	2.137	2.137	1
42	2.078	2.137	2.118	2.137	1
43	2.098	2.078	2.118	2.137	1
44	2.118	2.235	2.157	2.137	1
45	2.118	2.275	2.118	2.157	1
46	2.118	2.235	2.098	2.157	1
47	2.118	2.118	2.118	2.157	1
48	2.137	2.196	2.157	2.137	1
49	2.157	2.157	2.176	2.137	1
50	2.157	2.196	2.137	2.157	1
51	2.059	2.137	2.118	2.157	1
52	2.137	2.078	2.137	2.137	1
53	2.137	2.157	2.157	2.137	1
54	2.078	2.118	2.157	2.137	1
55	2.118	2.137	2.157	2.137	1
56	2.137	2.196	2.157	2.137	1
57	2.118	2.059	2.176	2.137	1
58	2.137	2.0	2.176	2.137	1
59	2.137	2.118	2.137	2.137	1
60	2.137	2.039	2.118	2.118	1
61	2.157	2.157	2.157	2.118	1
62	2.137	2.176	2.137	2.137	1
63	2.137	2.137	2.137	2.118	1
64	2.118	1.98	2.137	2.118	1
65	2.157	2.02	2.157	2.098	1
66	2.137	1.961	2.157	2.098	1
67	2.157	2.059	2.176	2.098	1
68	2.0	2.0	2.137	2.098	1
69	2.118	1.922	2.137	2.098	1
70	2.137	2.059	2.176	2.098	1
71	2.098	2.196	2.157	2.098	1
72	2.098	2.196	2.118	2.118	1
73	2.078	2.059	2.118	2.118	1
74	2.078	2.0	2.176	2.098	1
75	2.098	1.941	2.196	2.118	1
76	2.098	2.078	2.137	2.118	1
77	2.176	2.137	2.098	2.118	1
78	2.176	2.275	2.137	2.118	1
79	2.137	2.196	2.098	2.118	1
80	2.118	2.176	2.118	2.137	1
81	2.137	2.235	2.118	2.157	1
82	2.137	2.392	2.118	2.157	1
83	2.157	2.216	2.098	2.137	1
84	2.157	2.137	2.118	2.137	1
85	2.078	2.176	2.098	2.137	1
86	2.176	2.098	2.118	2.118	1
87	2.176	2.059	2.137	2.118	1
88	2.137	2.118	2.137	2.118	1
89	2.118	2.196	2.118	2.118	1
90	2.098	2.137	2.137	2.118	1
91	2.118	2.098	2.137	2.118	1
92	2.137	2.0	2.157	2.137	1
93	2.118	2.098	2.137	2.137	1
94	2.176	2.02	2.118	2.118	1
95	2.216	2.235	2.137	2.118	1
96	2.176	2.137	2.118	2.137	1
97	2.098	2.02	2.157	2.137	1
98	2.157	2.039	2.137	2.137	1
99	2.176	2.118	2.157	2.118	1
100	2.196	2.059	2.176	2.118	1
101	2.137	2.137	2.118	2.118	1
102	2.02	2.216	2.039	2.137	1
103	2.078	2.137	2.059	2.137	1
104	2.118	2.0	2.157	2.118	1
105	2.098	1.961	2.157	2.118	1
106	2.098	2.098	2.157	2.118	1
107	2.098	2.216	2.137	2.118	1
108	2.078	2.039	2.137	2.137	1
109	2.118	2.02	2.137	2.137	1
110	2.118	2.294	2.118	2.137	1
111	2.176	2.157	2.078	2.137	1
112	2.216	2.118	2.098	2.137	1
113	2.196	2.098	2.118	2.137	1
114	2.196	2.098	2.137	2.137	1
115	2.216	2.098	2.137	2.137	1
116	2.196	2.137	2.137	2.118	1
117	2.176	2.0	2.137	2.118	1
118	2.157	2.059	2.118	2.118	1
119	2.039	2.078	2.098	2.118	1
120	1.98	1.98	2.098	2.098	1
121	2.059	1.961	2.157	2.098	1
122	2.078	1.922	2.176	2.098	1
123	2.098	2.039	2.157	2.098	1
124	2.098	2.078	2.157	2.098	1
125	2.137	2.098	2.157	2.118	1
126	2.0	2.02	2.157	2.118	1
127	2.0	2.118	2.157	2.118	1
128	2.137	1.98	2.137	2.118	1
129	2.333	2.039	2.176	2.118	1
130	2.294	2.098	2.157	2.137	1
131	2.196	2.176	2.098	2.137	1
132	2.176	2.176	2.039	2.137	1
133	2.176	2.255	2.078	2.118	1
134	2.157	2.098	2.157	2.118	1
135	2.137	2.157	2.196	2.137	1
136	2.098	2.196	2.176	2.137	1
137	2.137	2.176	2.137	2.137	1
138	2.157	2.176	2.137	2.137	1
139	2.137	2.137	2.118	2.137	1
140	2.137	2.255	2.157	2.137	1
141	2.098	2.255	2.137	2.137	1
142	2.098	2.137	2.137	2.137	1
143	2.118	2.078	2.137	2.137	1
144	2.098	2.235	2.098	2.137	1
145	2.196	2.118	2.078	2.137	1
146	2.255	2.157	2.118	2.118	1
147	2.235	2.196	2.137	2.137	1
148	2.216	2.137	2.137	2.137	1
149	2.196	2.118	2.157	2.118	1
150	2.176	2.255	2.216	2.118	1
151	2.216	2.137	2.216	2.118	1
152	2.196	2.157	2.157	2.118	1
153	2.059	2.118	2.078	2.118	1
154	2.176	1.98	2.02	2.098	1
155	2.196	1.922	2.039	2.078	1
156	2.137	1.941	2.118	2.098	1
157	2.118	1.863	2.157	2.078	1
158	2.137	2.078	2.216	2.098	1
159	2.157	2.157	2.216	2.098	1
160	2.02	1.961	2.196	2.118	1
161	2.059	2.235	2.157	2.098	1
162	1.961	2.275	2.118	2.118	1
163	2.02	2.275	2.039	2.118	1
164	2.039	1.922	1.922	2.118	1
165	2.098	1.765	2.078	2.118	1
166	2.137	1.98	2.216	2.118	1
167	2.157	2.275	2.235	2.118	1
168	2.157	2.196	2.216	2.118	1
169	2.137	2.176	2.157	2.137	1
170	2.059	2.196	2.059	2.137	1
171	2.196	2.176	2.039	2.137	1
172	2.176	2.157	2.098	2.137	1
173	2.157	2.216	2.137	2.137	1
174	2.118	2.176	2.137	2.137	1
175	2.118	2.137	2.157	2.137	1
176	2.137	2.118	2.176	2.137	1
177	2.137	1.98	2.176	2.137	1
178	2.098	1.98	2.118	2.137	1
179	2.137	1.941	2.098	2.137	1
180	2.137	2.118	2.137	2.118	1
181	2.137	2.196	2.137	2.118	1
182	2.137	2.157	2.118	2.118	1
183	2.059	2.078	2.137	2.118	1
184	2.098	2.059	2.176	2.118	1
185	2.137	2.196	2.176	2.098	1
186	2.137	2.333	2.098	2.118	1
187	2.059	1.922	1.98	2.118	1
188	2.098	1.784	2.078	2.118	1
189	2.137	2.02	2.157	2.098	1
190	2.118	2.118	2.196	2.098	1
191	2.098	2.275	2.176	2.118	1
192	2.118	2.294	2.137	2.118	1
193	2.098	2.196	2.137	2.137	1
194	2.196	2.078	2.137	2.137	1
195	2.176	2.275	2.098	2.157	1
196	2.078	2.353	2.078	2.157	1
197	2.098	2.451	2.118	2.157	1
198	2.157	2.392	2.098	2.176	1
199	2.176	2.216	2.098	2.176	1
200	2.157	1.961	2.118	2.176	1
201	2.176	2.0	2.157	2.157	1
202	2.176	2.02	2.157	2.137	1
203	2.176	2.137	2.137	2.137	1
204	2.078	2.216	2.118	2.137	1
205	2.059	2.176	2.118	2.118	1
206	2.118	2.039	2.137	2.118	1
207	2.137	2.078	2.157	2.118	1
208	2.137	2.0	2.176	2.118	1
209	2.137	2.0	2.176	2.137	1
210	2.118	2.078	2.176	2.137	1
211	2.157	1.98	2.157	2.137	1
212	2.157	2.02	2.137	2.118	1
213	2.157	2.059	2.137	2.118	1
214	2.235	2.235	2.196	2.118	1
215	2.255	2.294	2.196	2.137	1
216	2.235	2.255	2.176	2.157	1
217	2.176	2.118	2.137	2.137	1
218	2.157	2.216	2.059	2.137	1
219	2.176	2.078	2.059	2.137	1
220	2.157	2.157	2.137	2.157	1
221	2.078	2.255	2.157	2.157	1
222	2.0	2.255	2.176	2.137	1
223	2.02	2.137	2.157	2.137	1
224	2.02	2.118	2.157	2.137	1
225	2.039	2.176	2.157	2.137	1
226	2.059	2.235	2.137	2.137	1
227	2.059	2.118	2.098	2.137	1
228	2.098	1.98	2.098	2.137	1
229	2.118	2.176	2.118	2.137	1
230	2.176	2.118	2.118	2.137	1
231	2.314	2.137	2.157	2.118	1
232	2.314	2.216	2.118	2.137	1
233	2.255	2.196	2.118	2.137	1
234	2.235	2.196	2.118	2.157	1
235	2.235	2.216	2.118	2.137	1
236	2.275	2.098	2.118	2.118	1
237	2.216	2.137	2.118	2.118	1
238	2.137	2.078	2.118	2.118	1
239	2.137	2.059	2.118	2.118	1
240	2.235	1.961	2.137	2.098	1
241	2.216	1.941	2.137	2.098	1
242	2.176	1.902	2.137	2.098	1
243	2.098	1.941	2.157	2.098	1
244	2.118	1.922	2.157	2.098	1
245	2.157	1.882	2.157	2.098	1
246	2.196	2.039	2.118	2.098	1
247	2.118	2.0	2.118	2.078	1
248	2.353	1.941	2.137	2.078	1
249	2.196	1.902	2.157	2.078	1
250	2.157	1.765	2.176	2.098	1
251	2.118	1.745	2.176	2.078	1
252	2.118	1.882	2.176	2.078	1
253	2.137	1.745	2.196	2.078	1
254	2.118	1.902	2.196	2.078	1
255	2.059	2.0	2.157	2.078	1
256	2.078	2.039	2.118	2.078	1
257	2.02	1.882	2.098	2.078	1
258	2.0	2.078	2.157	2.078	1
259	2.0	2.137	2.157	2.078	1
260	2.02	2.0	2.137	2.098	1
261	2.059	2.078	2.137	2.078	1
262	2.059	2.0	2.137	2.078	1
263	2.078	2.137	2.137	2.098	1
264	1.922	2.216	2.098	2.098	1
265	2.098	2.412	2.098	2.098	1
266	2.078	2.49	2.078	2.118	1
267	2.059	2.451	2.059	2.137	1
268	2.059	2.451	2.059	2.137	1
269	2.059	2.314	2.059	2.137	1
270	2.02	1.98	2.118	2.137	1
271	2.039	2.157	2.118	2.137	1
272	2.02	2.294	2.098	2.137	1
273	2.078	2.373	2.118	2.137	1
274	2.137	2.392	2.196	2.137	1
275	2.098	2.51	2.216	2.157	1
276	2.078	2.333	2.157	2.176	1
277	2.059	2.196	2.059	2.176	1
278	2.118	2.157	2.078	2.176	1
279	2.118	2.098	2.137	2.176	1
280	2.118	2.235	2.157	2.176	1
281	2.098	2.275	2.118	2.157	1
282	2.098	2.216	2.196	2.157	1
283	2.098	2.196	2.196	2.176	1
284	2.118	2.353	2.157	2.176	1
285	2.098	2.412	2.078	2.176	1
286	2.118	2.392	2.059	2.176	1
287	2.118	2.196	2.098	2.176	1
288	2.137	2.157	2.118	2.157	1
289	2.098	2.098	2.098	2.157	1
290	2.176	2.157	2.078	2.157	1
291	2.137	2.176	2.098	2.157	1
292	2.118	2.176	2.098	2.137	1
293	2.098	2.118	2.078	2.118	1
294	2.137	2.216	2.098	2.118	1
295	2.137	2.059	2.176	2.118	1
296	2.157	1.804	2.176	2.137	1
297	2.137	1.98	2.157	2.137	1
298	2.118	2.353	2.098	2.118	1
299	2.235	1.961	2.059	2.118	1
300	2.216	1.882	2.118	2.118	1
301	2.235	2.118	2.157	2.098	1
302	2.176	1.941	2.137	2.098	1
303	2.137	1.843	2.137	2.078	1
304	2.137	1.745	2.137	2.078	1
305	2.137	1.863	2.137	2.078	1
306	2.078	1.922	2.137	2.098	1
307	2.02	2.039	2.118	2.098	1
308	2.118	1.941	2.137	2.098	1
309	2.118	1.941	2.176	2.078	1
310	2.118	1.961	2.196	2.098	1
311	2.137	1.961	2.176	2.098	1
312	2.176	2.039	2.176	2.098	1
313	2.176	2.02	2.118	2.137	1
314	2.157	2.118	2.098	2.137	1
315	2.216	2.255	2.098	2.137	1
316	2.294	2.294	2.137	2.137	1
317	2.255	2.314	2.157	2.157	1
318	2.235	2.333	2.157	2.157	1
319	2.235	2.294	2.137	2.157	1
320	2.235	2.294	2.157	2.157	1
321	2.235	2.235	2.157	2.157	1
322	2.196	2.294	2.137	2.157	1
323	2.137	2.216	2.078	2.137	1
324	2.137	2.255	2.098	2.137	1
325	2.118	2.137	2.137	2.137	1
326	2.098	2.255	2.157	2.118	1
327	2.098	2.216	2.157	2.118	1
328	2.078	2.098	2.157	2.118	1
329	2.098	2.02	2.176	2.118	1
330	2.118	1.902	2.176	2.118	1
331	2.137	2.157	2.137	2.098	1
332	2.02	2.314	2.098	2.118	1
333	2.255	2.098	2.098	2.098	1
334	2.294	2.0	2.118	2.118	1
335	2.235	2.02	2.157	2.118	1
336	2.196	2.039	2.157	2.098	1
337	2.176	2.02	2.137	2.098	1
338	2.157	2.039	2.157	2.078	1
339	2.137	2.196	2.176	2.098	1
340	2.078	2.0	2.118	2.118	1
341	2.039	1.941	2.078	2.098	1
342	2.098	1.843	2.118	2.098	1
343	2.078	1.98	2.157	2.098	1
344	2.078	2.059	2.176	2.098	1
345	2.078	2.098	2.157	2.098	1
346	2.157	2.039	2.157	2.118	1
347	2.196	1.902	2.157	2.118	1
348	2.196	2.02	2.157	2.137	1
349	2.078	2.118	2.137	2.137	1
350	2.176	2.157	2.157	2.118	1
351	2.157	2.157	2.137	2.137	1
352	2.137	2.275	2.137	2.157	1
353	2.157	2.176	2.118	2.157	1
354	2.176	2.039	2.157	2.137	1
355	2.176	2.02	2.196	2.118	1
356	2.137	2.059	2.216	2.118	1
357	2.02	2.039	2.176	2.137	1
358	2.118	2.137	2.176	2.137	1
359	2.157	2.157	2.157	2.118	1
360	2.118	2.294	2.059	2.118	1
361	2.059	2.118	2.02	2.118	1
362	2.039	2.078	2.137	2.098	1
363	2.059	2.039	2.255	2.098	1
364	2.059	1.882	2.235	2.118	1
365	2.098	2.059	2.176	2.118	1
366	1.98	2.275	2.118	2.118	1
367	2.157	2.216	2.098	2.098	1
368	2.078	2.157	2.078	2.118	1
369	2.118	2.118	2.098	2.118	1
370	2.137	2.196	2.098	2.118	1
371	2.157	2.235	2.059	2.118	1
372	2.157	1.922	2.059	2.118	1
373	2.157	2.098	2.176	2.118	1
374	2.078	2.157	2.137	2.118	1
375	2.098	2.098	2.059	2.118	1
376	2.039	2.0	2.059	2.098	1
377	2.039	2.098	2.118	2.098	1
378	2.059	2.137	2.137	2.098	1
379	2.059	2.137	2.118	2.118	1
380	2.098	2.118	2.098	2.118	1
381	2.118	1.941	2.098	2.118	1
382	2.137	2.118	2.098	2.118	1
383	2.0	2.333	2.137	2.118	1
384	2.02	2.275	2.196	2.118	1
385	2.039	2.275	2.196	2.137	1
386	2.039	2.235	2.078	2.137	1
387	2.039	2.235	2.0	2.137	1
388	2.098	2.314	2.02	2.137	1
389	2.118	2.196	2.118	2.137	1
390	2.157	2.235	2.196	2.157	1
391	2.137	2.176	2.157	2.157	1
392	2.078	2.235	2.157	2.137	1
393	2.059	2.137	2.137	2.137	1
394	2.098	2.235	2.098	2.137	1
395	2.098	2.275	2.078	2.137	1
396	2.098	2.353	2.098	2.137	1
397	2.098	2.294	2.118	2.137	1
398	2.137	2.176	2.157	2.157	1
399	2.137	2.255	2.137	2.157	1
400	2.039	2.255	2.098	2.157	1
401	2.275	2.137	2.098	2.137	1
402	2.294	2.157	2.118	2.137	1
403	2.216	2.176	2.118	2.137	1
404	2.216	2.059	2.098	2.137	1
405	2.196	2.039	2.137	2.137	1
406	2.216	2.059	2.176	2.118	1
407	2.196	2.118	2.157	2.137	1
408	2.118	2.02	2.137	2.137	1
409	2.059	2.039	2.118	2.118	1
410	2.059	1.843	2.137	2.098	1
411	2.118	1.902	2.157	2.098	1
412	2.157	1.863	2.196	2.098	1
413	2.216	2.0	2.196	2.098	1
414	2.157	2.02	2.196	2.098	1
415	2.059	2.0	2.216	2.118	1
416	2.039	2.098	2.176	2.137	1
417	1.961	2.157	2.078	2.137	1
418	2.216	1.941	2.118	2.098	1
419	2.392	1.941	2.157	2.118	1
420	2.314	2.02	2.196	2.118	1
421	2.235	2.0	2.216	2.118	1
422	2.176	2.02	2.196	2.118	1
423	2.157	2.078	2.157	2.118	1
424	2.118	2.157	2.118	2.118	1
425	2.098	2.059	2.137	2.137	1
426	1.941	2.098	2.137	2.137	1
427	2.098	1.961	2.157	2.137	1
428	2.157	2.078	2.157	2.137	1
429	2.137	2.137	2.216	2.137	1
430	2.098	2.118	2.255	2.137	1
431	2.078	2.078	2.216	2.137	1
432	2.098	1.961	2.137	2.137	1
433	2.098	2.216	2.118	2.157	1
434	2.098	2.51	2.118	2.137	1
435	2.157	2.353	2.078	2.137	1
436	2.196	2.157	2.0	2.137	1
437	2.176	2.078	2.039	2.137	1
438	2.216	2.176	2.137	2.137	1
439	2.196	2.294	2.176	2.137	1
440	2.176	2.216	2.157	2.137	1
441	2.176	2.275	2.118	2.137	1
442	2.137	2.176	2.059	2.137	1
443	2.137	2.196	2.039	2.118	1
444	2.235	2.0	2.059	2.098	1
445	2.196	2.039	2.078	2.098	1
446	2.157	2.0	2.098	2.098	1
447	2.118	2.059	2.098	2.078	1
448	2.118	2.039	2.098	2.078	1
449	2.039	1.902	2.118	2.098	1
450	2.098	2.02	2.118	2.098	1
451	2.039	2.196	2.098	2.098	1
452	2.157	2.118	2.137	2.078	1
453	2.118	2.137	2.137	2.118	1
454	2.118	2.059	2.157	2.118	1
455	2.157	1.98	2.176	2.118	1
456	2.176	2.02	2.137	2.098	1
457	2.176	2.059	2.137	2.098	1
458	2.157	2.078	2.157	2.098	1
459	2.098	2.0	2.157	2.118	1
460	2.078	2.137	2.137	2.118	1
461	2.176	2.118	2.157	2.098	1
462	2.137	2.373	2.255	2.118	1
463	2.078	2.294	2.216	2.137	1
464	2.039	2.235	2.137	2.137	1
465	2.157	2.039	2.137	2.137	1
466	2.137	2.137	2.176	2.137	1
467	2.098	2.196	2.118	2.137	1
468	1.98	2.255	2.176	2.137	1
469	2.02	2.078	2.235	2.118	1
470	1.961	2.216	2.235	2.137	1
471	1.961	2.235	2.157	2.157	1
472	2.0	2.275	2.039	2.137	1
473	2.078	2.02	1.922	2.118	1
474	2.196	2.176	2.078	2.118	1
475	2.176	2.137	2.176	2.118	1
476	2.118	1.843	2.176	2.118	1
477	2.137	1.922	2.216	2.098	1
478	2.118	1.784	2.235	2.098	1
479	2.118	2.0	2.216	2.098	1
480	2.098	2.0	2.118	2.098	1
481	2.118	2.039	2.137	2.098	1
482	2.118	2.039	2.137	2.118	1
483	2.196	1.804	2.275	2.118	1
484	2.176	1.706	2.314	2.118	1
485	2.078	2.02	2.216	2.118	1
486	2.294	1.863	1.98	2.098	1
487	2.255	1.784	1.863	2.098	1
488	2.216	1.745	2.078	2.098	1
489	2.196	1.784	2.275	2.098	1
490	2.137	2.353	2.255	2.098	1
491	2.098	2.451	2.176	2.137	1
492	2.098	2.333	2.039	2.118	1
493	2.078	1.98	1.961	2.137	1
494	2.157	1.686	2.196	2.137	1
495	2.216	1.608	2.471	2.118	1
496	2.157	2.333	2.412	2.118	1
497	2.118	2.353	2.176	2.118	1
498	2.118	2.392	2.176	2.118	1
499	2.255	2.725	2.059	2.118	1
500	2.255	2.039	1.863	2.137	1
501	2.196	2.373	1.98	2.118	1
502	2.098	2.51	2.0	2.098	1
503	2.078	2.412	1.922	2.098	1
504	2.098	2.039	2.059	2.118	1
505	2.098	1.882	2.333	2.118	1
506	2.098	2.137	2.314	2.098	1
507	2.098	2.745	2.137	2.137	1
508	2.118	2.706	2.0	2.157	1
509	2.137	2.824	1.902	2.137	1
510	2.118	2.647	1.804	2.098	1
511	2.0	2.137	1.843	2.078	1
512	2.098	1.824	1.98	2.059	1
513	2.176	2.216	2.078	2.078	1
514	2.176	2.373	2.02	2.118	1
515	2.176	2.275	1.941	2.098	1
516	2.196	2.275	1.902	2.098	1
517	2.176	1.765	2.039	2.098	1
518	2.137	1.471	2.118	2.098	1
519	2.176	1.882	2.118	2.098	1
520	2.196	2.059	2.078	2.059	1
521	2.118	1.922	2.157	2.078	1
522	2.039	1.941	2.255	2.059	1
523	2.176	1.98	2.353	2.078	1
524	1.863	1.49	2.412	2.137	1
525	2.078	1.157	2.216	2.157	1
526	2.294	0.961	2.118	2.098	1
527	2.137	1.49	2.137	2.039	1
528	1.922	1.569	2.235	2.059	1
529	1.98	1.412	2.294	2.02	1
530	2.0	1.608	2.49	2.039	1
531	2.02	1.882	2.549	2.078	1
532	2.039	2.686	2.294	2.157	1
533	2.078	2.529	1.863	2.176	1
534	2.098	1.765	2.137	2.176	1
535	2.137	1.196	2.392	2.157	1
536	2.098	1.529	2.333	2.137	1
537	2.275	1.412	2.216	2.118	1
538	2.275	1.392	2.196	2.118	1
539	2.431	2.529	2.098	2.078	1
540	2.314	3.255	2.039	2.059	1
541	2.196	2.49	1.961	2.059	1
542	2.157	2.176	1.98	2.059	1
543	2.157	2.157	2.098	2.098	1
544	2.157	2.275	2.216	2.216	1
545	2.216	2.333	2.216	2.176	1
546	2.275	2.353	2.078	2.137	1
547	2.216	2.569	2.0	2.098	1
548	2.235	2.137	2.216	2.059	1
549	2.216	1.176	2.137	2.098	1
550	2.196	1.98	2.118	2.118	1
551	2.196	3.0	2.0	2.118	1
552	2.255	3.51	1.824	2.078	1
553	2.176	3.373	2.176	2.078	1
554	2.176	3.02	2.157	2.118	1
555	2.078	3.235	2.098	2.255	1
556	2.078	3.078	2.137	2.392	1
557	2.098	3.0	1.98	2.412	1
558	2.118	2.824	2.216	2.294	1
559	1.471	2.098	2.529	2.176	1
560	2.196	1.98	2.255	2.157	1
561	2.118	2.157	1.882	2.176	1
562	2.039	3.471	1.627	2.235	1
563	1.922	3.059	1.667	2.235	1
564	1.98	2.706	2.118	2.216	1
565	2.059	2.471	2.451	2.216	1
566	2.039	2.176	2.373	2.216	1
567	2.039	1.412	2.02	2.196	1
568	2.118	1.333	1.902	2.176	1
569	2.137	1.549	1.882	2.196	1
570	2.098	1.824	2.02	2.235	1
571	2.176	1.922	2.275	2.235	1
572	2.137	2.51	2.275	2.196	1
573	2.137	2.51	2.137	2.216	1
574	2.157	2.059	2.118	2.216	1
575	2.157	1.843	1.882	2.176	1
576	2.216	2.059	1.843	2.157	1
577	2.216	1.706	2.098	2.157	1
578	2.196	1.98	2.353	2.176	1
579	2.157	2.431	2.157	2.216	1
580	2.176	2.549	1.922	2.255	1
581	2.176	2.843	1.824	2.275	1
582	2.176	2.765	1.961	2.275	1
583	2.176	2.471	2.157	2.255	1
584	2.176	2.588	2.314	2.235	1
585	2.157	2.333	2.255	2.216	1
586	2.157	2.49	2.157	2.196	1
587	2.157	2.824	2.039	2.157	1
588	2.235	2.059	2.098	2.157	1
589	2.235	2.529	2.098	2.157	1
590	2.235	3.529	1.961	2.157	1
591	2.176	3.431	1.843	2.196	1
592	1.98	2.078	2.02	2.176	1
593	2.196	1.412	2.314	2.098	1
594	2.235	1.176	2.373	2.098	1
595	2.176	1.49	2.294	2.098	1
596	1.98	1.569	2.098	2.078	1
597	2.02	1.784	2.078	2.059	1
598	1.902	2.294	2.137	2.0	1
599	2.137	2.02	2.137	1.902	1
600	2.039	1.078	2.294	1.863	1
601	1.98	0.0	2.471	1.882	1
602	1.804	0.0	2.373	1.922	1
603	1.882	0.49	2.137	1.882	1
604	1.98	1.882	2.235	1.863	1
605	2.275	2.294	2.176	1.863	1
606	2.431	1.941	2.216	1.882	1
607	2.275	1.588	2.176	1.882	1
608	2.157	1.078	2.0	1.863	1
609	2.118	0.745	2.039	1.922	1
610	2.118	1.333	2.176	1.98	1
611	2.157	1.608	2.196	1.961	1
612	2.157	2.078	2.216	1.98	1
613	2.078	2.412	2.176	2.0	1
614	2.157	2.392	2.314	2.02	1
615	2.157	2.686	2.235	2.078	1
616	2.176	2.941	2.059	2.137	1
617	2.196	2.627	1.941	2.235	1
618	2.196	2.569	1.882	2.294	1
619	2.196	2.667	2.098	2.333	1
620	2.196	2.667	2.255	2.333	1
621	2.196	2.471	2.255	2.294	1
622	2.353	2.392	2.314	2.255	1
623	2.314	2.765	2.196	2.235	1
624	2.275	2.863	2.137	2.255	1
625	2.235	2.412	2.059	2.255	1
626	2.196	2.353	1.784	2.255	1
627	2.157	2.392	1.941	2.275	1
628	2.137	2.235	2.314	2.275	1
629	2.059	2.098	2.529	2.235	1
630	2.255	1.745	2.569	2.196	1
631	2.235	1.941	2.471	2.176	1
632	2.176	1.49	2.059	2.118	1
633	2.098	0.353	1.588	2.02	1
634	2.118	0.49	1.824	1.941	1
635	2.098	1.706	2.137	1.961	1
636	2.039	2.137	2.235	2.039	1
637	2.059	2.529	2.314	2.059	1
638	1.98	2.078	2.333	2.039	1
639	2.294	1.0	2.451	2.02	1
640	2.275	1.255	2.196	2.02	1
641	2.176	2.451	1.98	2.059	1
642	2.137	2.255	1.784	2.098	1
643	2.118	2.137	1.745	2.098	1
644	2.118	1.824	2.137	2.137	1
645	2.118	2.431	2.373	2.176	1
646	2.137	3.098	2.196	2.176	1
647	2.137	3.118	2.078	2.176	1
648	2.176	3.0	2.059	2.196	1
649	2.196	3.294	2.118	2.216	1
650	2.176	3.118	2.059	2.255	1
651	2.176	2.569	2.059	2.275	1
652	2.176	2.647	2.176	2.275	1
653	2.216	2.804	2.196	2.275	1
654	2.176	2.627	2.275	2.255	1
655	2.176	2.667	2.098	2.255	1
656	2.137	1.961	1.765	2.216	1
657	2.157	1.784	2.137	2.196	1
658	2.157	2.02	2.216	2.176	1
659	2.137	2.098	2.176	2.137	1
660	2.0	1.804	2.176	2.078	1
661	2.059	1.431	2.176	2.039	1
662	2.059	1.627	2.176	2.059	1
663	2.02	1.725	2.137	2.137	1
664	2.02	1.667	2.216	2.176	1
665	2.039	1.843	2.353	2.137	1
666	2.059	1.882	2.255	2.078	1
667	2.078	1.667	2.157	2.039	1
668	2.098	1.157	2.137	2.059	1
669	2.137	1.667	2.118	2.039	1
670	2.137	2.176	2.098	2.059	1
671	2.118	2.039	2.255	2.078	1
672	2.098	2.451	2.333	2.078	1
673	2.118	2.294	2.176	2.098	1
674	2.137	2.588	2.039	2.157	1
675	2.137	2.059	2.078	2.157	1
676	2.118	1.961	2.255	2.137	1
677	2.098	1.824	2.196	2.098	1
678	2.078	2.118	2.059	2.059	1
679	2.137	2.275	1.941	2.078	1
680	2.137	2.529	2.059	2.118	1
681	2.059	2.647	2.176	2.118	1
682	2.176	2.059	2.157	2.098	1
683	2.176	1.686	2.176	2.078	1
684	2.137	1.804	2.137	2.078	1
685	2.216	2.882	2.137	2.059	1
686	2.196	3.137	1.961	2.098	1
687	2.176	2.314	1.882	2.078	1
688	2.118	1.471	2.0	2.059	1
689	2.078	1.118	2.078	2.059	1
690	2.176	1.0	2.176	2.039	1
691	2.412	1.706	2.255	2.078	1
692	2.294	2.02	2.196	2.098	1
693	2.275	1.824	2.137	2.059	1
694	2.255	1.961	2.176	2.02	1
695	2.157	2.098	2.059	2.078	1
696	2.118	1.745	1.863	2.137	1
697	2.098	1.588	2.02	2.137	1
698	2.098	2.216	2.216	2.118	1
699	2.098	2.51	2.059	2.137	1
700	2.118	2.196	2.118	2.157	1
701	2.118	1.961	2.157	2.196	1
702	2.137	2.039	2.196	2.196	1
703	2.157	2.353	2.098	2.196	1
704	2.137	2.608	2.176	2.216	1
705	2.137	2.549	2.275	2.275	1
706	2.137	2.196	2.275	2.275	1
707	2.176	2.725	2.333	2.275	1
708	2.196	3.137	2.196	2.294	1
709	2.176	3.314	1.922	2.294	1
710	2.137	2.863	1.667	2.255	1
711	1.941	2.0	1.765	2.216	1
712	2.157	2.0	2.353	2.176	1
713	2.176	2.353	2.608	2.176	1
714	2.157	2.059	2.412	2.176	1
715	2.078	2.196	2.196	2.176	1
716	2.059	2.353	2.078	2.157	1
717	2.02	2.235	2.157	2.118	1
718	2.039	1.765	2.118	2.078	1
719	2.137	1.549	2.059	2.039	1
720	2.137	1.588	1.922	2.02	1
721	2.118	1.451	2.039	2.039	1
722	2.196	1.333	2.216	2.039	1
723	2.176	1.549	2.216	2.02	1
724	2.255	2.549	2.118	2.0	1
725	2.275	2.588	2.039	2.02	1
726	2.216	1.902	2.118	2.078	1
727	2.216	1.392	2.118	2.098	1
728	2.196	1.706	2.118	2.078	1
729	2.176	1.725	2.137	2.059	1
730	2.176	1.608	2.118	2.039	1
731	2.176	1.784	2.137	2.039	1
732	2.137	2.255	2.059	2.059	1
733	2.137	2.235	2.059	2.078	1
734	2.137	2.49	2.235	2.137	1
735	2.137	2.157	2.255	2.157	1
736	2.137	2.314	2.176	2.176	1
737	2.118	2.333	1.961	2.157	1
738	2.137	1.529	1.98	2.157	1
739	2.118	1.51	2.196	2.157	1
740	2.137	1.843	2.235	2.118	1
741	2.137	2.314	2.333	2.118	1
742	2.157	2.725	2.608	2.137	1
743	2.118	2.922	2.451	2.176	1
744	2.098	3.118	2.098	2.216	1
745	2.098	2.137	1.706	2.216	1
746	2.098	1.98	1.667	2.176	1
747	2.098	2.176	2.039	2.157	1
748	2.118	2.196	2.294	2.137	1
749	2.039	2.569	2.314	2.157	1
750	2.196	2.588	2.255	2.137	1
751	2.176	2.176	2.157	2.137	1
752	2.157	1.824	2.078	2.118	1
753	2.137	2.235	2.039	2.118	1
754	2.157	2.686	2.02	2.118	1
755	2.118	2.706	2.039	2.098	1
756	2.235	2.235	2.059	2.098	1
757	2.216	1.745	2.196	2.098	1
758	2.255	1.549	2.275	2.098	1
759	2.078	1.98	2.216	2.078	1
760	2.078	2.255	2.078	2.098	1
761	2.059	2.451	1.961	2.137	1
762	2.059	2.078	1.843	2.118	1
763	2.059	1.784	2.0	2.059	1
764	2.059	1.765	2.235	2.0	1
765	2.078	1.824	2.314	2.02	1
766	2.059	1.529	2.275	2.039	1
767	2.078	1.431	2.235	2.059	1
768	2.098	1.882	2.235	2.098	1
769	2.098	1.824	2.176	2.118	1
770	2.098	2.039	2.059	2.137	1
771	2.098	2.392	1.98	2.137	1
772	2.098	2.314	2.039	2.118	1
773	2.118	1.98	2.157	2.137	1
774	2.098	2.0	2.314	2.176	1
775	2.137	1.941	2.314	2.137	1
776	2.157	2.118	2.157	2.137	1
777	2.118	2.431	1.941	2.157	1
778	2.118	2.529	1.922	2.196	1
779	2.098	2.255	2.157	2.196	1
780	2.118	2.471	2.294	2.196	1
781	2.098	2.039	2.294	2.196	1
782	2.137	1.941	2.176	2.176	1
783	2.118	2.608	2.02	2.176	1
784	2.118	2.922	1.902	2.196	1
785	2.137	2.314	2.118	2.176	1
786	2.118	1.941	2.314	2.137	1
787	2.118	2.137	2.373	2.137	1
788	2.157	2.235	2.392	2.157	1
789	2.137	2.49	2.078	2.157	1
790	2.137	2.294	1.882	2.157	1
791	2.118	1.686	2.137	2.078	1
792	2.157	1.314	2.275	2.039	1
793	2.157	1.314	2.235	2.059	1
794	2.157	1.843	2.059	2.098	1
795	2.137	2.157	2.098	2.098	1
796	2.118	2.118	2.235	2.118	1
797	2.118	1.765	2.333	2.098	1
798	2.098	1.627	2.176	2.078	1
799	1.922	1.941	2.039	2.059	1
800	1.961	1.765	2.098	2.02	1
801	2.255	1.353	2.098	2.0	1
802	2.333	1.078	2.059	1.98	1
803	2.235	1.588	2.157	2.0	1
804	2.157	2.392	2.02	2.02	1
805	2.118	2.529	2.196	2.039	1
806	2.098	2.039	2.294	2.039	1
807	2.157	1.882	2.157	2.059	1
808	2.157	2.255	2.039	2.098	1
809	2.157	2.627	1.941	2.176	1
810	2.235	2.471	2.059	2.157	1
811	2.216	2.333	2.157	2.098	1
812	2.196	2.51	2.078	2.118	1
813	2.275	2.353	2.157	2.137	1
814	2.275	2.745	2.235	2.157	1
815	2.235	1.706	2.176	2.157	1
816	2.196	1.98	2.02	2.137	1
817	2.098	2.294	2.059	2.176	1
818	2.157	2.255	2.157	2.176	1
819	2.235	2.471	2.196	2.137	1
820	2.176	2.353	2.235	2.137	1
821	2.137	2.373	2.059	2.157	1
822	2.137	2.49	1.961	2.176	1
823	2.118	2.216	2.118	2.176	1
824	2.137	2.059	2.176	2.176	1
825	2.137	1.765	2.137	2.157	1
826	2.157	2.098	2.098	2.176	1
827	2.176	2.608	2.118	2.176	1
828	2.157	2.392	2.196	2.176	1
829	2.157	2.255	2.216	2.157	1
830	2.157	2.412	2.196	2.176	1
831	2.137	2.902	1.922	2.216	1
832	2.118	2.471	1.804	2.255	1
833	2.137	2.255	1.98	2.216	1
834	2.137	2.078	2.216	2.196	1
835	2.157	2.118	2.294	2.176	1
836	2.137	1.961	2.294	2.196	1
837	2.118	1.98	2.196	2.176	1
838	2.157	2.529	2.137	2.157	1
839	2.157	2.392	2.098	2.118	1
840	2.137	2.471	2.0	2.118	1
841	2.118	1.863	2.059	2.157	1
842	2.118	1.863	2.098	2.157	1
843	2.098	1.863	2.196	2.157	1
844	2.059	1.941	2.235	2.118	1
845	2.078	2.157	2.196	2.098	1
846	2.118	1.863	2.078	2.098	1
847	2.118	1.922	1.98	2.078	1
848	2.098	2.059	2.137	2.078	1
849	2.137	1.902	2.176	2.078	1
850	2.118	2.412	2.157	2.118	1
851	2.059	2.275	2.176	2.137	1
852	2.059	1.843	2.176	2.098	1
853	2.039	1.902	2.157	2.078	1
854	2.059	2.157	2.098	2.098	1
855	2.059	2.392	2.078	2.098	1
856	2.078	2.157	2.176	2.098	1
857	2.078	1.961	2.196	2.098	1
858	2.098	1.804	2.078	2.098	1
859	2.118	1.725	2.118	2.078	1
860	2.176	1.706	2.353	2.098	1
861	2.118	1.941	2.294	2.098	1
862	2.118	1.941	2.255	2.137	1
863	2.137	2.118	2.059	2.118	1
864	2.157	2.373	1.824	2.098	1
865	2.157	2.235	1.98	2.098	1
866	2.157	1.627	2.255	2.098	1
867	2.118	1.686	2.333	2.098	1
868	2.098	1.922	2.275	2.098	1
869	2.098	2.098	2.157	2.098	1
870	2.098	1.98	2.098	2.098	1
871	2.098	1.941	2.059	2.098	1
872	2.098	2.137	2.078	2.098	1
873	2.118	2.078	2.137	2.098	1
874	2.098	2.078	2.137	2.098	1
875	2.118	2.137	2.118	2.118	1
876	2.098	2.471	2.098	2.137	1
877	2.098	2.392	2.137	2.157	1
878	2.059	2.471	2.118	2.137	1
879	2.078	2.216	2.118	2.137	1
880	2.098	2.078	2.118	2.118	1
881	2.078	2.098	2.098	2.137	1
882	2.098	2.098	2.098	2.137	1
883	2.118	2.118	2.137	2.098	1
884	1.98	2.078	2.157	2.078	1
885	2.039	1.784	2.098	2.078	1
886	2.176	1.627	2.314	2.078	1
887	2.176	1.804	2.392	2.059	1
888	2.137	1.882	2.216	2.039	1
889	2.098	2.176	2.02	2.02	1
890	2.059	1.667	2.039	2.02	1
891	2.039	0.941	2.078	2.039	1
892	2.059	1.059	2.235	2.039	1
893	2.078	1.784	2.137	2.02	1
894	2.157	2.549	2.137	2.02	1
895	2.157	2.471	2.196	2.02	1
896	2.176	2.059	2.059	2.059	1
897	2.176	1.686	2.118	2.118	1
898	2.157	2.176	2.118	2.137	1
899	2.157	1.961	2.118	2.137	1
900	2.137	1.784	2.078	2.137	1
901	2.118	2.137	2.118	2.137	1
902	2.118	2.51	2.196	2.176	1
903	2.078	2.765	2.118	2.216	1
904	2.098	2.843	2.0	2.235	1
905	2.098	2.765	2.0	2.216	1
906	2.118	2.804	2.02	2.196	1
907	2.118	2.471	2.098	2.216	1
908	2.137	2.392	2.235	2.235	1
909	2.137	2.353	2.196	2.275	1
910	2.137	2.765	2.078	2.255	1
911	2.235	2.569	2.137	2.235	1
912	2.255	2.569	2.176	2.216	1
913	2.216	2.431	2.275	2.235	1
914	2.196	2.471	2.157	2.216	1
915	2.176	2.686	1.98	2.196	1
916	2.157	2.49	2.059	2.176	1
917	2.137	2.392	2.078	2.176	1
918	2.137	2.373	2.078	2.176	1
919	2.118	2.275	2.098	2.157	1
920	2.196	2.137	2.235	2.157	1
921	2.196	2.118	2.294	2.137	1
922	2.157	2.275	2.157	2.137	1
923	2.118	1.843	2.157	2.118	1
924	2.176	1.902	2.118	2.118	1
925	2.137	1.804	2.196	2.098	1
926	2.059	1.627	2.255	2.098	1
927	2.078	2.0	2.235	2.098	1
928	2.098	1.882	2.137	2.098	1
929	2.137	2.02	2.078	2.078	1
930	2.157	2.255	1.941	2.098	1
931	2.137	1.863	1.941	2.098	1
932	2.118	1.784	2.176	2.098	1
933	2.118	1.627	2.373	2.078	1
934	2.118	1.51	2.314	2.078	1
935	2.118	1.843	2.176	2.078	1
936	2.118	2.196	2.118	2.078	1
937	2.078	1.98	2.02	2.078	1
938	2.176	1.784	1.961	2.078	1
939	2.137	2.059	2.039	2.059	1
940	2.098	1.941	2.235	2.078	1
941	2.098	2.039	2.275	2.098	1
942	2.098	2.275	2.098	2.098	1
943	2.098	2.196	1.941	2.118	1
944	2.098	2.059	2.0	2.118	1
945	1.98	2.098	2.137	2.118	1
946	2.059	2.216	2.196	2.098	1
947	2.078	2.255	2.137	2.137	1
948	2.078	2.314	2.118	2.137	1
949	2.078	2.137	2.137	2.137	1
950	2.098	2.176	2.137	2.137	1
951	2.098	2.098	2.078	2.137	1
952	2.118	2.373	2.02	2.137	1
953	2.078	2.118	2.098	2.137	1
954	2.196	1.961	2.216	2.118	1
955	2.216	2.0	2.216	2.118	1
956	2.137	2.039	2.118	2.118	1
957	2.118	1.961	2.098	2.118	1
958	2.098	2.0	2.157	2.098	1
959	2.098	1.941	2.275	2.098	1
960	2.098	1.941	2.176	2.118	1
961	2.118	2.098	2.118	2.118	1
962	2.059	2.333	2.098	2.118	1
963	2.078	1.941	2.059	2.118	1
964	2.078	2.02	2.098	2.098	1
965	2.078	1.98	2.176	2.078	1
966	2.078	1.725	2.196	2.059	1
967	2.098	1.804	2.196	2.078	1
968	2.118	1.941	2.176	2.098	1
969	2.118	2.255	2.118	2.098	1
970	2.098	2.157	2.157	2.098	1
971	2.098	2.255	2.176	2.078	1
972	2.118	2.196	2.137	2.098	1
973	2.098	2.0	2.137	2.098	1
974	2.098	1.863	2.137	2.098	1
975	2.098	2.0	2.078	2.078	1
976	2.098	2.02	2.137	2.098	1
977	2.118	1.961	2.196	2.118	1
978	2.118	2.157	2.137	2.137	1
979	2.157	2.431	2.157	2.137	1
980	2.078	2.294	2.098	2.157	1
981	2.078	2.059	2.157	2.176	1
982	2.078	2.157	2.196	2.176	1
983	2.078	2.196	2.176	2.176	1
984	2.059	2.431	2.118	2.157	1
985	2.059	2.294	2.02	2.157	1
986	2.098	2.255	1.98	2.157	1
987	2.098	2.137	2.137	2.176	1
988	2.098	2.118	2.255	2.157	1
989	2.157	2.039	2.235	2.157	1
990	2.157	2.059	2.294	2.157	1
991	2.157	2.118	2.275	2.157	1
992	2.157	2.294	2.176	2.157	1
993	2.137	2.51	2.039	2.157	1
994	2.098	2.314	1.961	2.176	1
995	2.098	2.294	2.078	2.176	1
996	2.216	2.176	2.196	2.157	1
997	2.216	2.176	2.235	2.137	1
998	2.196	2.078	2.294	2.137	1
999	2.157	2.196	2.294	2.137	1
