time	channel1	channel2	channel3	channel4	class
0	2.216	2.373	2.373	1.765	6
1	2.235	2.451	2.392	1.745	6
2	2.314	2.314	2.412	1.706	6
3	2.216	2.314	2.412	1.745	6
4	2.255	2.294	2.412	1.765	6
5	2.51	2.412	2.412	1.784	6
6	2.51	2.412	2.451	1.784	6
7	2.51	2.412	2.49	1.765	6
8	2.686	2.569	2.647	1.843	6
9	2.706	2.686	2.745	1.922	6
10	2.725	2.686	2.804	2.0	6
11	2.804	2.667	2.804	2.059	6
12	2.843	2.725	2.843	2.078	6
13	2.824	2.804	2.941	2.078	6
14	2.608	2.863	2.745	2.118	6
15	2.569	2.745	2.686	2.02	6
16	2.725	2.667	2.647	1.941	6
17	2.725	2.549	2.647	1.922	6
18	2.647	2.569	2.608	1.902	6
19	2.49	2.431	2.549	1.902	6
20	2.333	2.373	2.529	1.863	6
21	2.294	2.471	2.549	1.843	6
22	2.647	2.725	2.686	1.882	6
23	2.627	2.588	2.588	1.941	6
24	2.627	2.451	2.588	1.922	6
25	2.627	2.608	2.627	1.863	6
26	2.647	2.784	2.667	1.941	6
27	2.627	2.569	2.627	1.902	6
28	2.686	2.529	2.745	1.902	6
29	2.784	2.627	2.667	1.98	6
30	2.745	2.647	2.667	1.922	6
31	3.02	2.706	2.647	1.902	6
32	3.02	2.627	2.588	1.902	6
33	3.059	2.588	2.569	1.902	6
34	2.98	2.588	2.569	1.843	6
35	2.824	2.647	2.549	1.843	6
36	2.627	2.451	2.529	1.843	6
37	2.608	2.627	2.608	1.843	6
38	2.627	2.627	2.569	1.941	6
39	2.588	2.627	2.608	1.882	6
40	2.471	2.529	2.608	1.882	6
41	2.51	2.51	2.569	1.863	6
42	2.588	2.608	2.529	1.863	6
43	2.549	2.569	2.529	1.843	6
44	2.49	2.471	2.51	1.824	6
45	2.392	2.392	2.529	1.824	6
46	2.431	2.627	2.647	1.843	6
47	2.647	2.647	2.765	1.961	6
48	3.039	2.784	2.686	2.02	6
49	2.863	2.745	2.647	1.961	6
50	2.824	2.686	2.608	1.941	6
51	2.824	2.706	2.627	1.922	6
52	2.824	2.686	2.608	1.941	6
53	2.765	2.627	2.588	1.902	6
54	2.588	2.569	2.569	1.882	6
55	2.529	2.51	2.549	1.882	6
56	2.431	2.529	2.529	1.882	6
57	2.431	2.451	2.529	1.843	6
58	2.412	2.51	2.529	1.824	6
59	2.451	2.49	2.529	1.824	6
60	2.412	2.471	2.471	1.824	6
61	2.471	2.49	2.627	1.824	6
62	2.608	2.51	2.647	1.941	6
63	2.51	2.529	2.627	1.902	6
64	2.569	2.471	2.588	1.882	6
65	3.118	2.608	2.529	1.882	6
66	3.059	2.569	2.549	1.863	6
67	3.059	2.549	2.549	1.843	6
68	2.882	2.49	2.529	1.843	6
69	2.804	2.51	2.51	1.843	6
70	2.667	2.49	2.49	1.863	6
71	2.49	2.471	2.51	1.824	6
72	2.392	2.471	2.529	1.804	6
73	2.627	2.49	2.529	1.824	6
74	2.431	2.471	2.49	1.824	6
75	2.431	2.51	2.627	1.824	6
76	2.608	2.686	2.627	1.902	6
77	2.49	2.647	2.608	1.902	6
78	2.49	2.529	2.569	1.882	6
79	2.549	2.431	2.549	1.882	6
80	2.549	2.49	2.627	1.843	6
81	2.608	2.706	2.667	1.941	6
82	2.941	2.549	2.569	1.882	6
83	2.961	2.569	2.529	1.863	6
84	3.039	2.588	2.529	1.863	6
85	3.059	2.588	2.549	1.824	6
86	2.843	2.549	2.549	1.843	6
87	2.765	2.353	2.549	1.843	6
88	2.686	2.431	2.529	1.863	6
89	2.627	2.392	2.529	1.824	6
90	2.667	2.49	2.529	1.804	6
91	2.549	2.412	2.51	1.824	6
92	2.51	2.353	2.49	1.824	6
93	2.569	2.392	2.471	1.824	6
94	2.549	2.451	2.471	1.804	6
95	2.471	2.392	2.471	1.784	6
96	2.569	2.412	2.627	1.824	6
97	2.608	2.627	2.706	1.902	6
98	2.745	2.627	2.667	2.0	6
99	3.176	2.529	2.667	1.922	6
100	3.275	2.667	2.686	1.98	6
101	3.02	2.745	2.627	1.941	6
102	2.784	2.569	2.588	1.922	6
103	2.667	2.608	2.588	1.882	6
104	2.51	2.451	2.569	1.863	6
105	2.51	2.392	2.549	1.863	6
106	2.49	2.412	2.49	1.863	6
107	2.314	2.549	2.49	1.863	6
108	2.314	2.549	2.51	1.824	6
109	2.294	2.588	2.529	1.824	6
110	2.353	2.529	2.529	1.824	6
111	2.412	2.51	2.471	1.824	6
112	2.451	2.588	2.627	1.824	6
113	2.569	2.588	2.667	1.941	6
114	2.725	2.725	2.745	1.98	6
115	2.745	2.667	2.667	1.98	6
116	3.314	2.804	2.608	1.961	6
117	3.02	2.686	2.588	1.902	6
118	2.843	2.686	2.588	1.882	6
119	2.784	2.686	2.608	1.882	6
120	2.765	2.725	2.549	1.882	6
121	2.529	2.608	2.529	1.863	6
122	2.451	2.608	2.529	1.824	6
123	2.353	2.569	2.51	1.824	6
124	2.078	2.569	2.51	1.843	6
125	2.137	2.49	2.51	1.824	6
126	2.235	2.51	2.51	1.824	6
127	2.275	2.569	2.549	1.804	6
128	2.451	2.706	2.686	1.863	6
129	2.529	2.745	2.745	1.941	6
130	2.627	2.588	2.667	2.02	6
131	2.627	2.569	2.686	1.941	6
132	2.608	2.667	2.706	2.0	6
133	3.118	2.647	2.667	1.961	6
134	3.157	2.647	2.588	1.941	6
135	2.961	2.588	2.588	1.902	6
136	2.922	2.549	2.588	1.863	6
137	2.882	2.529	2.569	1.863	6
138	2.667	2.373	2.549	1.863	6
139	2.627	2.392	2.51	1.843	6
140	2.588	2.392	2.529	1.843	6
141	2.431	2.471	2.569	1.824	6
142	2.392	2.392	2.569	1.824	6
143	2.392	2.392	2.51	1.824	6
144	2.412	2.51	2.647	1.824	6
145	2.569	2.686	2.706	1.922	6
146	2.686	2.784	2.765	1.98	6
147	2.647	2.549	2.667	1.98	6
148	2.588	2.51	2.608	1.961	6
149	2.51	2.51	2.627	1.902	6
150	2.137	2.882	2.588	1.863	6
151	2.333	2.51	2.588	1.882	6
152	2.392	2.549	2.529	1.863	6
153	2.392	2.529	2.51	1.863	6
154	2.451	2.608	2.51	1.824	6
155	2.471	2.529	2.51	1.843	6
156	2.431	2.49	2.49	1.843	6
157	2.529	2.471	2.431	1.843	6
158	2.314	2.627	2.451	1.843	6
159	2.373	2.51	2.529	1.784	6
160	2.412	2.588	2.588	1.882	6
161	2.314	2.51	2.471	1.863	6
162	2.431	2.51	2.471	1.824	6
163	2.529	2.549	2.471	1.804	6
164	2.431	2.451	2.51	1.804	6
165	2.412	2.608	2.627	1.882	6
166	2.333	2.745	2.765	1.941	6
167	2.275	2.745	2.686	2.02	6
168	2.373	2.627	2.686	1.941	6
169	2.137	2.647	2.647	1.922	6
170	2.275	2.588	2.608	1.902	6
171	2.392	2.608	2.549	1.902	6
172	2.804	2.588	2.529	1.863	6
173	2.686	2.471	2.529	1.843	6
174	2.49	2.333	2.549	1.843	6
175	2.216	2.549	2.549	1.843	6
176	2.353	2.333	2.529	1.843	6
177	2.392	2.333	2.529	1.824	6
178	2.157	2.529	2.549	1.824	6
179	2.275	2.49	2.569	1.824	6
180	2.608	2.569	2.667	1.843	6
181	2.667	2.49	2.608	1.941	6
182	2.608	2.471	2.569	1.863	6
183	2.529	2.451	2.569	1.863	6
184	2.549	2.608	2.529	1.863	6
185	2.784	2.51	2.529	1.863	6
186	2.647	2.549	2.549	1.843	6
187	2.471	2.49	2.549	1.824	6
188	2.333	2.529	2.549	1.824	6
189	2.314	2.451	2.51	1.824	6
190	2.471	2.373	2.451	1.824	6
191	2.49	2.412	2.471	1.804	6
192	2.275	2.608	2.49	1.804	6
193	2.333	2.412	2.471	1.804	6
194	2.451	2.529	2.647	1.804	6
195	2.49	2.608	2.549	1.902	6
196	2.373	2.549	2.549	1.843	6
197	2.275	2.529	2.569	1.843	6
198	2.412	2.49	2.608	1.863	6
199	2.706	2.529	2.549	1.902	6
200	2.51	2.608	2.647	1.863	6
201	2.235	2.882	2.706	1.961	6
202	2.137	2.627	2.667	1.941	6
203	2.098	2.549	2.588	1.922	6
204	2.235	2.549	2.569	1.902	6
205	2.431	2.569	2.588	1.863	6
206	2.353	2.49	2.588	1.863	6
207	2.392	2.451	2.549	1.863	6
208	2.412	2.51	2.549	1.863	6
209	2.216	2.647	2.569	1.863	6
210	2.431	2.49	2.627	1.843	6
211	2.392	2.471	2.627	1.882	6
212	2.255	2.569	2.588	1.902	6
213	2.294	2.608	2.588	1.882	6
214	2.627	2.549	2.647	1.882	6
215	2.667	2.627	2.706	1.961	6
216	2.627	2.627	2.667	1.941	6
217	2.412	2.549	2.588	1.922	6
218	1.941	2.706	2.569	1.882	6
219	1.863	2.608	2.588	1.843	6
220	1.745	2.588	2.588	1.843	6
221	1.98	2.725	2.725	1.863	6
222	2.098	2.667	2.627	1.961	6
223	2.333	2.647	2.608	1.922	6
224	2.49	2.588	2.569	1.882	6
225	2.353	2.471	2.549	1.882	6
226	2.333	2.549	2.51	1.863	6
227	2.471	2.608	2.667	1.882	6
228	2.627	2.686	2.647	1.941	6
229	2.529	2.627	2.627	1.902	6
230	2.49	2.49	2.647	1.902	6
231	2.667	2.608	2.667	1.902	6
232	2.549	2.529	2.608	1.941	6
233	2.588	2.569	2.588	1.882	6
234	2.471	2.667	2.745	1.941	6
235	2.51	2.706	2.647	1.961	6
236	2.549	2.608	2.588	1.941	6
237	2.647	2.627	2.549	1.882	6
238	2.392	2.549	2.569	1.863	6
239	2.412	2.431	2.608	1.863	6
240	2.373	2.451	2.529	1.863	6
241	2.353	2.49	2.549	1.863	6
242	2.392	2.353	2.549	1.843	6
243	2.275	2.529	2.569	1.843	6
244	2.333	2.529	2.569	1.882	6
245	2.451	2.569	2.569	1.882	6
246	2.392	2.588	2.608	1.882	6
247	2.412	2.49	2.608	1.882	6
248	2.667	2.627	2.745	1.941	6
249	2.549	2.51	2.627	1.961	6
250	2.451	2.451	2.588	1.941	6
251	2.451	2.529	2.588	1.882	6
252	2.059	2.686	2.569	1.863	6
253	2.0	2.51	2.569	1.882	6
254	1.961	2.549	2.51	1.863	6
255	2.0	2.627	2.569	1.863	6
256	2.137	2.627	2.627	1.843	6
257	2.216	2.686	2.745	1.922	6
258	2.294	2.706	2.804	1.961	6
259	2.373	2.569	2.686	2.02	6
260	2.51	2.784	2.725	1.941	6
261	2.706	2.745	2.706	1.98	6
262	2.647	2.588	2.667	1.941	6
263	2.745	2.549	2.608	1.922	6
264	2.706	2.549	2.588	1.902	6
265	2.745	2.529	2.588	1.843	6
266	2.647	2.529	2.588	1.843	6
267	2.686	2.549	2.569	1.882	6
268	2.627	2.51	2.569	1.902	6
269	2.451	2.627	2.569	1.882	6
270	2.549	2.627	2.627	1.902	6
271	2.353	2.627	2.608	1.922	6
272	2.471	2.588	2.588	1.902	6
273	2.49	2.667	2.608	1.882	6
274	2.333	2.608	2.686	1.98	6
275	2.549	2.667	2.725	1.961	6
276	2.431	2.549	2.686	1.922	6
277	2.569	2.647	2.588	1.902	6
278	2.706	2.588	2.588	1.863	6
279	2.608	2.549	2.588	1.863	6
280	2.549	2.588	2.588	1.882	6
281	2.686	2.745	2.706	1.961	6
282	2.824	2.667	2.608	1.902	6
283	2.686	2.549	2.588	1.882	6
284	2.549	2.529	2.569	1.863	6
285	2.431	2.549	2.588	1.863	6
286	2.549	2.647	2.529	1.863	6
287	2.725	2.647	2.686	1.98	6
288	2.941	2.725	2.608	1.863	6
289	2.569	2.569	2.549	1.843	6
290	2.608	2.608	2.549	1.863	6
291	2.431	2.588	2.49	1.843	6
292	2.627	2.529	2.471	1.824	6
293	2.549	2.51	2.49	1.824	6
294	2.941	2.608	2.529	1.824	6
295	2.902	2.431	2.529	1.843	6
296	2.784	2.51	2.529	1.843	6
297	2.765	2.549	2.529	1.824	6
298	2.843	2.569	2.588	1.863	6
299	2.686	2.608	2.608	1.902	6
300	2.686	2.451	2.588	1.902	6
301	2.745	2.431	2.588	1.882	6
302	2.569	2.51	2.627	1.961	6
303	2.706	2.804	2.725	2.0	6
304	2.549	2.784	2.804	2.039	6
305	2.647	2.725	2.667	1.961	6
306	2.667	2.686	2.725	2.0	6
307	2.745	2.667	2.686	1.961	6
308	2.745	2.588	2.667	1.922	6
309	2.765	2.431	2.608	1.922	6
310	2.608	2.353	2.569	1.863	6
311	2.765	2.549	2.569	1.843	6
312	2.627	2.471	2.608	1.882	6
313	2.667	2.451	2.588	1.882	6
314	2.824	2.51	2.529	1.863	6
315	2.745	2.549	2.569	1.863	6
316	2.784	2.549	2.608	1.882	6
317	2.431	2.49	2.608	1.922	6
318	2.569	2.471	2.588	1.902	6
319	2.51	2.569	2.765	2.0	6
320	2.431	2.804	2.686	1.941	6
321	2.725	2.765	2.667	1.922	6
322	2.765	2.627	2.647	1.902	6
323	2.745	2.529	2.569	1.882	6
324	2.627	2.569	2.569	1.843	6
325	2.49	2.529	2.627	1.941	6
326	2.608	2.647	2.686	1.922	6
327	2.549	2.529	2.608	1.922	6
328	2.824	2.647	2.569	1.882	6
329	2.725	2.569	2.588	1.843	6
330	2.588	2.569	2.569	1.843	6
331	2.608	2.569	2.569	1.843	6
332	2.588	2.49	2.549	1.843	6
333	2.471	2.588	2.569	1.843	6
334	2.431	2.529	2.588	1.882	6
335	2.49	2.529	2.588	1.902	6
336	2.686	2.569	2.608	1.922	6
337	2.843	2.706	2.588	1.922	6
338	2.627	2.686	2.627	1.902	6
339	2.784	2.667	2.647	1.922	6
340	2.686	2.627	2.608	1.882	6
341	2.569	2.588	2.588	1.863	6
342	2.392	2.529	2.529	1.843	6
343	2.353	2.529	2.49	1.804	6
344	2.373	2.451	2.49	1.804	6
345	2.608	2.529	2.49	1.824	6
346	2.569	2.412	2.49	1.824	6
347	2.529	2.451	2.49	1.804	6
348	2.627	2.49	2.49	1.804	6
349	2.569	2.549	2.51	1.804	6
350	2.451	2.451	2.51	1.804	6
351	2.333	2.373	2.412	1.784	6
352	2.333	2.373	2.431	1.745	6
353	2.51	2.353	2.431	1.765	6
354	2.745	2.471	2.431	1.765	6
355	2.549	2.373	2.451	1.784	6
356	2.549	2.392	2.451	1.765	6
357	2.451	2.451	2.451	1.765	6
358	2.431	2.49	2.471	1.784	6
359	2.431	2.451	2.49	1.804	6
360	2.373	2.431	2.451	1.804	6
361	2.314	2.412	2.569	1.902	6
362	2.529	2.686	2.647	1.98	6
363	2.353	2.667	2.725	1.961	6
364	2.314	2.569	2.667	1.902	6
365	2.51	2.588	2.569	1.882	6
366	2.451	2.588	2.529	1.824	6
367	2.471	2.51	2.51	1.804	6
368	2.314	2.373	2.451	1.784	6
369	2.314	2.353	2.412	1.765	6
370	2.451	2.431	2.431	1.765	6
371	2.608	2.549	2.431	1.765	6
372	2.294	2.49	2.471	1.784	6
373	2.471	2.49	2.49	1.804	6
374	2.51	2.451	2.431	1.784	6
375	2.471	2.51	2.431	1.765	6
376	2.569	2.49	2.471	1.784	6
377	2.392	2.412	2.49	1.784	6
378	2.392	2.294	2.49	1.784	6
379	2.804	2.412	2.451	1.784	6
380	2.49	2.333	2.471	1.765	6
381	2.451	2.373	2.451	1.765	6
382	2.49	2.412	2.412	1.765	6
383	2.588	2.392	2.353	1.765	6
384	2.667	2.353	2.353	1.725	6
385	2.529	2.294	2.373	1.725	6
386	2.431	2.353	2.392	1.745	6
387	2.549	2.451	2.451	1.765	6
388	2.882	2.51	2.412	1.765	6
389	3.0	2.373	2.431	1.745	6
390	3.02	2.431	2.431	1.765	6
391	2.804	2.412	2.431	1.784	6
392	2.784	2.451	2.431	1.824	6
393	2.725	2.529	2.608	1.902	6
394	2.804	2.627	2.627	2.0	6
395	2.882	2.647	2.667	1.941	6
396	3.0	2.627	2.647	1.922	6
397	2.784	2.549	2.569	1.882	6
398	2.627	2.51	2.549	1.824	6
399	2.647	2.588	2.529	1.824	6
400	2.451	2.529	2.529	1.824	6
401	2.49	2.373	2.49	1.804	6
402	2.627	2.373	2.451	1.804	6
403	2.608	2.373	2.451	1.784	6
404	2.451	2.451	2.471	1.784	6
405	2.961	2.51	2.49	1.804	6
406	3.059	2.392	2.49	1.804	6
407	3.0	2.471	2.471	1.784	6
408	2.804	2.49	2.49	1.784	6
409	2.667	2.529	2.49	1.784	6
410	2.608	2.431	2.49	1.804	6
411	2.647	2.549	2.627	1.922	6
412	2.706	2.51	2.706	2.0	6
413	3.078	2.725	2.725	2.02	6
414	2.98	2.765	2.843	2.059	6
415	3.02	2.804	2.882	2.078	6
416	3.0	2.922	2.941	2.118	6
417	3.039	2.941	2.922	2.157	6
418	3.039	2.961	2.941	2.137	6
419	2.961	2.824	2.961	2.137	6
420	2.941	2.902	2.961	2.176	6
421	2.941	2.902	3.0	2.176	6
422	3.627	3.039	2.882	2.078	6
423	3.353	2.824	2.804	2.02	6
424	3.078	2.627	2.725	1.98	6
425	2.902	2.627	2.647	1.922	6
426	2.784	2.608	2.627	1.882	6
427	2.725	2.51	2.608	1.882	6
428	2.765	2.49	2.569	1.863	6
429	2.627	2.373	2.529	1.863	6
430	2.431	2.51	2.51	1.824	6
431	2.392	2.471	2.529	1.824	6
432	2.373	2.51	2.529	1.824	6
433	2.373	2.49	2.51	1.824	6
434	2.373	2.49	2.49	1.824	6
435	2.392	2.471	2.647	1.922	6
436	2.529	2.51	2.706	1.98	6
437	2.667	2.608	2.784	1.961	6
438	2.49	2.627	2.686	1.961	6
439	3.137	2.882	2.706	1.98	6
440	3.216	2.765	2.667	1.922	6
441	3.176	2.725	2.608	1.902	6
442	3.255	2.686	2.588	1.882	6
443	3.196	2.667	2.549	1.882	6
444	2.941	2.51	2.549	1.843	6
445	2.725	2.49	2.529	1.824	6
446	2.549	2.51	2.529	1.863	6
447	2.451	2.804	2.686	1.961	6
448	2.431	2.627	2.608	1.902	6
449	2.451	2.569	2.588	1.863	6
450	2.412	2.549	2.569	1.863	6
451	2.373	2.588	2.569	1.863	6
452	2.569	2.725	2.686	1.961	6
453	2.588	2.588	2.608	1.902	6
454	2.529	2.471	2.608	1.863	6
455	2.373	2.51	2.588	1.863	6
456	3.118	2.608	2.569	1.863	6
457	3.176	2.51	2.51	1.863	6
458	3.059	2.51	2.51	1.824	6
459	3.02	2.549	2.529	1.824	6
460	2.569	2.549	2.529	1.863	6
461	2.647	2.627	2.667	1.961	6
462	2.608	2.627	2.765	2.02	6
463	2.588	2.588	2.686	1.941	6
464	2.647	2.765	2.686	1.98	6
465	2.647	2.647	2.725	1.961	6
466	2.608	2.51	2.627	1.941	6
467	2.49	2.569	2.588	1.863	6
468	2.529	2.647	2.569	1.863	6
469	2.529	2.667	2.569	1.863	6
470	2.49	2.529	2.549	1.843	6
471	2.529	2.529	2.471	1.843	6
472	2.51	2.49	2.49	1.804	6
473	2.902	2.647	2.49	1.804	6
474	2.471	2.549	2.51	1.824	6
475	2.392	2.51	2.49	1.824	6
476	2.451	2.529	2.471	1.804	6
477	2.529	2.608	2.471	1.804	6
478	2.471	2.569	2.49	1.804	6
479	2.392	2.431	2.471	1.804	6
480	2.431	2.471	2.588	1.902	6
481	2.51	2.627	2.725	1.961	6
482	2.471	2.667	2.686	1.922	6
483	2.529	2.647	2.667	1.902	6
484	2.529	2.569	2.627	1.902	6
485	2.431	2.529	2.588	1.863	6
486	2.431	2.51	2.569	1.843	6
487	2.275	2.471	2.549	1.843	6
488	2.353	2.51	2.529	1.843	6
489	2.294	2.451	2.51	1.843	6
490	3.098	2.588	2.647	1.941	6
491	3.0	2.608	2.588	1.863	6
492	2.431	2.549	2.588	1.863	6
493	2.196	2.51	2.588	1.882	6
494	2.216	2.667	2.706	1.961	6
495	2.333	2.588	2.647	1.882	6
496	2.373	2.549	2.627	1.882	6
497	2.392	2.49	2.588	1.863	6
498	2.118	2.627	2.549	1.863	6
499	2.176	2.49	2.529	1.843	6
500	2.196	2.51	2.529	1.824	6
501	2.275	2.569	2.51	1.824	6
502	2.392	2.549	2.529	1.824	6
503	2.431	2.49	2.51	1.824	6
504	2.49	2.431	2.49	1.804	6
505	2.471	2.392	2.471	1.804	6
506	2.412	2.529	2.49	1.804	6
507	2.804	2.51	2.49	1.824	6
508	2.745	2.745	2.647	1.922	6
509	2.863	2.686	2.725	2.0	6
510	2.784	2.686	2.706	1.941	6
511	2.529	2.647	2.667	1.922	6
512	2.667	2.588	2.588	1.863	6
513	2.608	2.49	2.529	1.843	6
514	2.471	2.49	2.529	1.824	6
515	2.078	2.569	2.549	1.843	6
516	2.333	2.412	2.549	1.843	6
517	2.471	2.412	2.49	1.843	6
518	2.431	2.451	2.51	1.804	6
519	2.431	2.451	2.51	1.804	6
520	2.353	2.451	2.529	1.804	6
521	2.431	2.255	2.51	1.804	6
522	2.431	2.353	2.451	1.804	6
523	2.275	2.451	2.588	1.922	6
524	2.549	2.686	2.667	1.961	6
525	2.216	2.745	2.765	1.98	6
526	2.314	2.647	2.667	1.961	6
527	2.549	2.686	2.725	1.961	6
528	2.608	2.686	2.686	1.922	6
529	2.373	2.529	2.647	1.902	6
530	2.49	2.471	2.608	1.882	6
531	2.451	2.451	2.529	1.882	6
532	2.333	2.588	2.529	1.843	6
533	2.471	2.49	2.549	1.824	6
534	2.373	2.51	2.549	1.824	6
535	2.412	2.549	2.529	1.824	6
536	2.529	2.549	2.49	1.824	6
537	2.588	2.529	2.529	1.804	6
538	2.373	2.431	2.51	1.804	6
539	2.412	2.431	2.51	1.824	6
540	2.451	2.627	2.647	1.941	6
541	2.647	2.784	2.745	2.0	6
542	2.255	2.804	2.706	1.941	6
543	2.216	2.784	2.647	1.922	6
544	2.235	2.608	2.588	1.882	6
545	2.196	2.627	2.549	1.863	6
546	2.275	2.588	2.569	1.824	6
547	2.196	2.588	2.529	1.843	6
548	2.216	2.431	2.529	1.843	6
549	1.941	2.471	2.51	1.824	6
550	2.0	2.451	2.49	1.824	6
551	2.059	2.471	2.49	1.804	6
552	2.059	2.471	2.51	1.804	6
553	2.039	2.569	2.51	1.824	6
554	2.176	2.412	2.471	1.824	6
555	2.176	2.294	2.608	1.922	6
556	2.353	2.529	2.667	1.98	6
557	2.392	2.804	2.765	1.961	6
558	2.549	2.765	2.647	1.941	6
559	2.471	2.686	2.686	1.961	6
560	2.412	2.569	2.667	1.902	6
561	2.549	2.627	2.627	1.902	6
562	2.49	2.667	2.627	1.882	6
563	2.471	2.529	2.569	1.882	6
564	2.451	2.451	2.529	1.843	6
565	2.392	2.451	2.549	1.863	6
566	2.431	2.667	2.549	1.882	6
567	2.549	2.451	2.569	1.882	6
568	2.549	2.588	2.549	1.882	6
569	2.647	2.706	2.588	1.863	6
570	2.667	2.667	2.627	1.882	6
571	2.647	2.588	2.627	1.902	6
572	2.686	2.647	2.745	2.0	6
573	2.647	2.608	2.627	1.922	6
574	2.647	2.667	2.627	1.882	6
575	2.608	2.765	2.588	1.882	6
576	2.216	2.667	2.588	1.863	6
577	2.255	2.549	2.529	1.882	6
578	2.235	2.529	2.529	1.824	6
579	2.392	2.627	2.588	1.863	6
580	2.294	2.608	2.588	1.882	6
581	2.549	2.686	2.686	1.961	6
582	2.392	2.549	2.608	1.902	6
583	2.569	2.765	2.627	1.902	6
584	2.706	2.608	2.686	1.922	6
585	2.784	2.588	2.647	1.941	6
586	2.784	2.608	2.627	1.922	6
587	2.745	2.686	2.765	2.0	6
588	2.784	2.667	2.706	1.941	6
589	2.725	2.529	2.667	1.922	6
590	2.667	2.51	2.627	1.902	6
591	2.667	2.647	2.686	1.941	6
592	2.49	2.667	2.647	1.882	6
593	2.039	2.569	2.667	1.961	6
594	2.196	2.706	2.745	1.961	6
595	2.314	2.569	2.667	1.941	6
596	2.333	2.549	2.588	1.902	6
597	2.373	2.471	2.588	1.863	6
598	2.431	2.451	2.569	1.863	6
599	2.392	2.392	2.588	1.863	6
600	2.275	2.51	2.529	1.843	6
601	2.51	2.412	2.588	1.843	6
602	2.529	2.392	2.588	1.843	6
603	2.588	2.51	2.588	1.882	6
604	2.667	2.549	2.588	1.882	6
605	2.667	2.588	2.588	1.882	6
606	2.745	2.529	2.627	1.882	6
607	2.706	2.529	2.627	1.941	6
608	2.784	2.765	2.765	1.961	6
609	2.804	2.765	2.686	1.941	6
610	2.863	2.647	2.608	1.882	6
611	2.863	2.627	2.569	1.863	6
612	2.549	2.569	2.569	1.863	6
613	2.588	2.608	2.588	1.863	6
614	2.686	2.549	2.529	1.863	6
615	2.706	2.647	2.549	1.843	6
616	2.412	2.529	2.588	1.941	6
617	2.843	2.784	2.686	1.922	6
618	2.686	2.588	2.667	1.922	6
619	2.686	2.588	2.588	1.882	6
620	2.627	2.647	2.549	1.843	6
621	2.647	2.627	2.529	1.843	6
622	2.569	2.549	2.549	1.863	6
623	2.725	2.608	2.667	1.98	6
624	2.784	2.706	2.765	2.02	6
625	2.745	2.745	2.706	1.961	6
626	2.569	2.784	2.686	1.98	6
627	2.275	2.765	2.725	1.98	6
628	2.373	2.706	2.608	1.941	6
629	2.647	2.667	2.588	1.882	6
630	2.588	2.706	2.569	1.882	6
631	2.529	2.529	2.588	1.863	6
632	2.686	2.51	2.529	1.863	6
633	2.745	2.51	2.549	1.863	6
634	2.863	2.608	2.549	1.843	6
635	2.706	2.451	2.608	1.882	6
636	2.725	2.471	2.588	1.902	6
637	2.824	2.588	2.569	1.902	6
638	2.784	2.627	2.588	1.863	6
639	2.745	2.549	2.647	1.961	6
640	2.843	2.588	2.745	1.961	6
641	2.667	2.608	2.667	1.941	6
642	2.667	2.608	2.588	1.902	6
643	2.471	2.608	2.569	1.863	6
644	2.549	2.549	2.569	1.863	6
645	2.549	2.51	2.569	1.863	6
646	2.529	2.471	2.529	1.863	6
647	2.412	2.549	2.569	1.863	6
648	2.608	2.549	2.569	1.843	6
649	2.471	2.471	2.588	1.863	6
650	2.549	2.392	2.588	1.902	6
651	2.961	2.647	2.569	1.902	6
652	2.882	2.529	2.627	1.863	6
653	2.843	2.569	2.647	1.961	6
654	2.863	2.706	2.725	1.941	6
655	2.706	2.627	2.667	1.922	6
656	2.51	2.588	2.588	1.882	6
657	2.51	2.529	2.588	1.863	6
658	2.431	2.471	2.588	1.922	6
659	2.627	2.725	2.745	1.961	6
660	2.784	2.784	2.627	1.941	6
661	2.922	2.667	2.588	1.882	6
662	2.804	2.706	2.647	1.941	6
663	2.588	2.706	2.667	1.922	6
664	2.569	2.588	2.647	1.902	6
665	2.529	2.627	2.745	1.98	6
666	2.667	2.627	2.667	1.922	6
667	2.608	2.588	2.608	1.902	6
668	2.804	2.686	2.627	1.882	6
669	2.804	2.431	2.608	1.863	6
670	2.725	2.549	2.549	1.843	6
671	2.824	2.569	2.549	1.843	6
672	2.686	2.51	2.608	1.882	6
673	2.647	2.529	2.608	1.882	6
674	2.706	2.49	2.725	1.98	6
675	2.667	2.569	2.627	1.902	6
676	2.686	2.667	2.627	1.882	6
677	2.765	2.627	2.608	1.882	6
678	2.784	2.549	2.569	1.882	6
679	2.745	2.608	2.51	1.863	6
680	2.706	2.529	2.647	1.961	6
681	2.784	2.608	2.667	1.922	6
682	2.902	2.549	2.647	1.902	6
683	2.686	2.569	2.569	1.902	6
684	2.549	2.529	2.529	1.843	6
685	2.882	2.627	2.549	1.843	6
686	2.647	2.49	2.588	1.863	6
687	2.745	2.667	2.686	1.922	6
688	2.667	2.549	2.51	1.843	6
689	2.667	2.569	2.51	1.804	6
690	2.627	2.529	2.569	1.863	6
691	2.667	2.392	2.569	1.902	6
692	2.608	2.392	2.588	1.882	6
693	2.765	2.529	2.608	1.882	6
694	2.745	2.647	2.686	1.922	6
695	2.882	2.686	2.647	1.902	6
696	2.784	2.608	2.627	1.882	6
697	2.686	2.51	2.549	1.882	6
698	2.51	2.471	2.529	1.843	6
699	2.647	2.431	2.549	1.843	6
700	2.451	2.49	2.569	1.863	6
701	2.412	2.471	2.569	1.863	6
702	2.392	2.706	2.725	1.961	6
703	2.373	2.647	2.667	1.902	6
704	2.373	2.647	2.627	1.882	6
705	2.392	2.588	2.588	1.882	6
706	2.373	2.588	2.569	1.882	6
707	2.412	2.588	2.529	1.843	6
708	2.451	2.49	2.588	1.863	6
709	2.373	2.569	2.588	1.882	6
710	2.451	2.686	2.588	1.882	6
711	2.765	2.765	2.51	1.863	6
712	3.059	2.667	2.51	1.804	6
713	3.098	2.627	2.51	1.804	6
714	2.98	2.608	2.49	1.804	6
715	2.863	2.588	2.51	1.804	6
716	2.922	2.49	2.471	1.804	6
717	2.843	2.471	2.471	1.784	6
718	2.706	2.392	2.471	1.784	6
719	2.843	2.51	2.471	1.784	6
720	2.608	2.373	2.451	1.765	6
721	2.451	2.451	2.412	1.745	6
722	2.451	2.451	2.431	1.745	6
723	2.392	2.451	2.471	1.765	6
724	2.353	2.431	2.49	1.765	6
725	2.431	2.333	2.451	1.784	6
726	2.333	2.294	2.451	1.765	6
727	2.373	2.412	2.471	1.784	6
728	2.961	2.529	2.451	1.784	6
729	3.039	2.431	2.471	1.784	6
730	2.882	2.451	2.451	1.784	6
731	2.922	2.471	2.451	1.765	6
732	2.843	2.451	2.471	1.784	6
733	2.686	2.412	2.451	1.765	6
734	2.706	2.294	2.431	1.765	6
735	2.549	2.275	2.431	1.706	6
736	2.49	2.451	2.412	1.745	6
737	2.431	2.412	2.431	1.765	6
738	2.451	2.333	2.431	1.765	6
739	2.569	2.471	2.588	1.863	6
740	2.667	2.608	2.667	1.98	6
741	2.824	2.765	2.647	1.922	6
742	2.686	2.49	2.608	1.882	6
743	2.608	2.412	2.569	1.863	6
744	2.569	2.549	2.51	1.824	6
745	2.98	2.667	2.471	1.824	6
746	3.196	2.51	2.529	1.804	6
747	3.039	2.412	2.51	1.824	6
748	2.922	2.49	2.451	1.804	6
749	2.922	2.529	2.451	1.745	6
750	2.863	2.529	2.431	1.765	6
751	2.706	2.373	2.392	1.765	6
752	2.686	2.196	2.373	1.745	6
753	2.451	2.471	2.353	1.725	6
754	2.451	2.353	2.412	1.725	6
755	2.373	2.451	2.471	1.824	6
756	2.569	2.529	2.608	1.882	6
757	2.588	2.745	2.725	1.98	6
758	2.529	2.745	2.804	2.02	6
759	2.745	2.647	2.804	2.059	6
760	2.706	2.745	2.824	2.059	6
761	2.627	2.961	2.882	2.078	6
762	2.745	3.039	2.922	2.118	6
763	3.02	2.922	2.824	2.02	6
764	2.824	2.784	2.784	2.039	6
765	2.922	2.706	2.804	1.98	6
766	2.843	2.608	2.725	1.961	6
767	2.784	2.588	2.647	1.882	6
768	2.784	2.608	2.608	1.863	6
769	2.627	2.49	2.588	1.863	6
770	2.529	2.451	2.588	1.863	6
771	2.451	2.431	2.529	1.843	6
772	2.549	2.51	2.529	1.804	6
773	2.569	2.529	2.529	1.824	6
774	2.569	2.51	2.529	1.824	6
775	2.51	2.412	2.51	1.804	6
776	2.353	2.392	2.471	1.804	6
777	2.51	2.431	2.588	1.922	6
778	2.51	2.569	2.647	1.902	6
779	2.765	2.627	2.608	1.863	6
780	2.627	2.627	2.569	1.863	6
781	2.431	2.588	2.549	1.824	6
782	2.412	2.627	2.608	1.922	6
783	2.765	2.784	2.706	1.961	6
784	3.02	2.725	2.804	2.0	6
785	2.902	2.647	2.667	1.941	6
786	2.647	2.667	2.725	1.961	6
787	2.51	2.824	2.686	1.922	6
788	2.392	2.627	2.686	1.902	6
789	2.392	2.627	2.627	1.882	6
790	2.431	2.706	2.549	1.863	6
791	2.471	2.627	2.549	1.843	6
792	2.608	2.549	2.569	1.824	6
793	2.51	2.451	2.569	1.843	6
794	2.431	2.471	2.51	1.843	6
795	2.49	2.549	2.51	1.784	6
796	2.706	2.667	2.49	1.784	6
797	2.549	2.569	2.51	1.804	6
798	2.471	2.49	2.51	1.804	6
799	2.471	2.686	2.667	1.922	6
800	2.667	2.725	2.725	2.0	6
801	2.882	2.706	2.706	1.941	6
802	2.804	2.588	2.627	1.902	6
803	2.647	2.431	2.569	1.882	6
804	2.451	2.569	2.549	1.843	6
805	2.431	2.451	2.569	1.843	6
806	2.49	2.49	2.569	1.843	6
807	2.49	2.49	2.569	1.843	6
808	2.569	2.51	2.529	1.843	6
809	2.647	2.529	2.686	1.941	6
810	2.49	2.549	2.667	1.902	6
811	2.431	2.49	2.627	1.882	6
812	2.569	2.549	2.569	1.882	6
813	2.137	2.569	2.51	1.843	6
814	2.039	2.471	2.549	1.824	6
815	2.078	2.49	2.588	1.882	6
816	2.196	2.627	2.706	1.922	6
817	2.255	2.529	2.608	1.902	6
818	2.216	2.49	2.569	1.863	6
819	2.314	2.49	2.608	1.941	6
820	2.196	2.471	2.647	1.941	6
821	2.373	2.686	2.686	1.961	6
822	2.451	2.647	2.706	1.98	6
823	2.451	2.627	2.667	1.902	6
824	2.392	2.667	2.627	1.882	6
825	2.471	2.608	2.627	1.863	6
826	2.353	2.569	2.588	1.863	6
827	2.412	2.471	2.549	1.843	6
828	2.314	2.392	2.549	1.824	6
829	2.863	2.49	2.588	1.882	6
830	2.804	2.725	2.706	1.941	6
831	2.529	2.725	2.627	1.922	6
832	2.49	2.647	2.588	1.863	6
833	2.51	2.667	2.588	1.843	6
834	2.49	2.647	2.588	1.882	6
835	2.353	2.745	2.686	1.961	6
836	2.353	2.588	2.588	1.902	6
837	2.412	2.49	2.588	1.863	6
838	2.471	2.667	2.588	1.863	6
839	2.451	2.51	2.608	1.863	6
840	2.471	2.529	2.549	1.863	6
841	2.51	2.588	2.51	1.824	6
842	2.529	2.608	2.51	1.804	6
843	2.745	2.51	2.549	1.843	6
844	2.765	2.569	2.686	1.941	6
845	2.784	2.627	2.745	2.0	6
846	2.667	2.647	2.667	1.922	6
847	2.039	2.706	2.627	1.902	6
848	2.157	2.647	2.627	1.902	6
849	2.353	2.667	2.667	1.941	6
850	2.451	2.647	2.608	1.902	6
851	2.471	2.627	2.588	1.863	6
852	2.529	2.588	2.569	1.863	6
853	2.49	2.451	2.569	1.863	6
854	2.588	2.392	2.529	1.863	6
855	2.667	2.529	2.51	1.804	6
856	2.647	2.49	2.549	1.824	6
857	2.588	2.529	2.529	1.804	6
858	2.529	2.49	2.51	1.804	6
859	2.569	2.51	2.471	1.804	6
860	2.471	2.471	2.49	1.784	6
861	2.549	2.392	2.549	1.863	6
862	2.549	2.529	2.667	1.922	6
863	2.529	2.725	2.765	2.0	6
864	2.078	2.784	2.667	1.922	6
865	2.137	2.745	2.647	1.882	6
866	2.157	2.686	2.608	1.882	6
867	2.333	2.549	2.608	1.863	6
868	2.353	2.549	2.549	1.863	6
869	2.471	2.549	2.549	1.824	6
870	2.333	2.51	2.51	1.824	6
871	2.451	2.451	2.51	1.824	6
872	2.451	2.588	2.51	1.824	6
873	2.471	2.451	2.51	1.804	6
874	2.451	2.451	2.51	1.784	6
875	2.431	2.49	2.51	1.784	6
876	2.51	2.529	2.529	1.824	6
877	2.549	2.706	2.647	1.922	6
878	2.667	2.667	2.745	1.98	6
879	2.608	2.667	2.667	1.922	6
880	2.412	2.745	2.647	1.902	6
881	2.255	2.647	2.588	1.882	6
882	2.392	2.745	2.647	1.922	6
883	2.412	2.667	2.627	1.863	6
884	2.412	2.588	2.588	1.863	6
885	2.549	2.588	2.588	1.843	6
886	2.471	2.588	2.549	1.843	6
887	2.431	2.51	2.49	1.824	6
888	2.392	2.431	2.471	1.804	6
889	2.569	2.549	2.49	1.824	6
890	2.549	2.412	2.529	1.824	6
891	2.51	2.412	2.49	1.824	6
892	2.451	2.471	2.471	1.784	6
893	2.451	2.51	2.471	1.784	6
894	2.588	2.451	2.49	1.824	6
895	2.706	2.51	2.647	1.922	6
896	2.824	2.549	2.745	2.0	6
897	2.863	2.686	2.686	1.922	6
898	2.745	2.706	2.627	1.902	6
899	2.725	2.608	2.627	1.882	6
900	2.667	2.549	2.588	1.882	6
901	2.608	2.51	2.569	1.843	6
902	2.529	2.549	2.569	1.824	6
903	2.451	2.529	2.549	1.824	6
904	2.431	2.49	2.529	1.843	6
905	2.745	2.529	2.667	1.941	6
906	2.725	2.706	2.608	1.882	6
907	2.588	2.569	2.588	1.863	6
908	2.569	2.451	2.569	1.843	6
909	2.569	2.569	2.549	1.843	6
910	2.529	2.627	2.529	1.824	6
911	2.588	2.451	2.608	1.922	6
912	2.588	2.51	2.627	1.882	6
913	2.608	2.471	2.588	1.882	6
914	2.725	2.549	2.529	1.863	6
915	2.471	2.647	2.608	1.902	6
916	2.333	2.706	2.608	1.882	6
917	2.294	2.647	2.588	1.882	6
918	2.471	2.529	2.588	1.863	6
919	2.569	2.51	2.529	1.843	6
920	2.588	2.49	2.549	1.824	6
921	2.412	2.431	2.51	1.824	6
922	2.608	2.392	2.51	1.824	6
923	2.529	2.549	2.49	1.824	6
924	2.588	2.471	2.49	1.804	6
925	2.569	2.431	2.49	1.784	6
926	2.549	2.431	2.51	1.804	6
927	2.569	2.471	2.529	1.824	6
928	2.667	2.608	2.667	1.922	6
929	2.745	2.529	2.745	1.98	6
930	2.706	2.608	2.706	1.941	6
931	3.02	2.824	2.667	1.902	6
932	2.863	2.745	2.608	1.902	6
933	2.667	2.608	2.549	1.863	6
934	2.647	2.588	2.549	1.843	6
935	2.627	2.569	2.569	1.843	6
936	2.608	2.529	2.588	1.824	6
937	2.588	2.529	2.549	1.843	6
938	2.451	2.51	2.49	1.804	6
939	2.647	2.451	2.471	1.804	6
940	2.569	2.588	2.49	1.804	6
941	2.588	2.431	2.529	1.804	6
942	2.627	2.431	2.471	1.804	6
943	2.686	2.549	2.588	1.922	6
944	2.549	2.686	2.588	1.863	6
945	2.647	2.569	2.569	1.843	6
946	2.608	2.451	2.529	1.843	6
947	2.588	2.392	2.49	1.824	6
948	2.314	2.51	2.51	1.804	6
949	2.275	2.627	2.51	1.824	6
950	2.471	2.49	2.549	1.824	6
951	2.627	2.529	2.49	1.843	6
952	2.608	2.49	2.49	1.784	6
953	2.824	2.51	2.569	1.882	6
954	2.627	2.667	2.686	1.902	6
955	2.549	2.471	2.627	1.902	6
956	2.569	2.392	2.569	1.863	6
957	2.451	2.588	2.667	1.902	6
958	2.529	2.608	2.647	1.882	6
959	2.627	2.529	2.608	1.882	6
960	2.686	2.706	2.706	1.98	6
961	2.608	2.686	2.627	1.902	6
962	2.647	2.608	2.608	1.882	6
963	2.49	2.51	2.608	1.863	6
964	2.549	2.412	2.608	1.863	6
965	2.51	2.49	2.549	1.863	6
966	2.647	2.569	2.529	1.804	6
967	2.49	2.549	2.529	1.804	6
968	2.333	2.588	2.529	1.824	6
969	2.529	2.529	2.51	1.804	6
970	2.51	2.529	2.471	1.804	6
971	2.529	2.569	2.471	1.784	6
972	2.51	2.431	2.49	1.784	6
973	3.02	2.333	2.51	1.824	6
974	2.922	2.667	2.627	1.922	6
975	2.922	2.588	2.745	1.98	6
976	2.824	2.686	2.706	1.922	6
977	2.667	2.706	2.667	1.902	6
978	2.706	2.529	2.608	1.882	6
979	2.784	2.49	2.549	1.863	6
980	2.627	2.471	2.549	1.824	6
981	2.51	2.451	2.529	1.843	6
982	2.216	2.549	2.51	1.843	6
983	2.647	2.529	2.49	1.824	6
984	2.608	2.451	2.51	1.804	6
985	2.529	2.471	2.51	1.804	6
986	2.549	2.49	2.51	1.804	6
987	2.608	2.451	2.529	1.804	6
988	2.353	2.431	2.49	1.804	6
989	2.392	2.392	2.588	1.882	6
990	2.804	2.471	2.647	1.961	6
991	2.784	2.765	2.725	1.941	6
992	2.745	2.529	2.686	1.922	6
993	2.902	2.725	2.706	1.961	6
994	2.706	2.667	2.647	1.902	6
995	2.686	2.686	2.627	1.882	6
996	2.627	2.627	2.608	1.863	6
997	2.549	2.451	2.549	1.882	6
998	2.529	2.529	2.529	1.824	6
999	2.529	2.608	2.529	1.824	6
