time	channel1	channel2	channel3	channel4	class
0	2.02	2.569	2.059	2.118	3
1	1.843	2.157	2.118	2.118	3
2	2.137	2.0	2.176	2.118	3
3	2.294	2.078	2.235	2.118	3
4	2.255	1.843	2.235	2.118	3
5	2.471	1.961	2.137	2.118	3
6	2.137	2.039	2.059	2.118	3
7	2.176	2.098	2.039	2.118	3
8	2.098	2.353	2.059	2.118	3
9	2.373	1.902	2.118	2.118	3
10	2.471	2.333	2.118	2.118	3
11	2.412	2.373	2.157	2.118	3
12	2.373	2.118	2.157	2.118	3
13	2.137	1.98	2.118	2.118	3
14	2.078	1.824	2.118	2.118	3
15	2.216	1.941	2.118	2.118	3
16	2.216	2.412	2.078	2.118	3
17	2.0	2.255	2.157	2.118	3
18	2.0	1.686	2.275	2.118	3
19	2.137	1.647	2.294	2.118	3
20	2.137	1.804	2.216	2.118	3
21	2.157	2.059	2.098	2.118	3
22	2.157	2.412	2.098	2.118	3
23	2.333	2.412	2.157	2.118	3
24	2.314	2.059	2.235	2.118	3
25	2.176	1.922	2.314	2.118	3
26	1.98	1.294	2.412	2.118	3
27	2.471	1.804	2.235	2.118	3
28	2.216	2.196	2.137	2.118	3
29	2.078	2.314	2.078	2.118	3
30	2.039	2.314	2.059	2.118	3
31	2.216	2.078	2.078	2.118	3
32	2.039	1.863	2.137	2.118	3
33	2.078	2.412	2.039	2.118	3
34	2.059	2.529	2.078	2.118	3
35	1.863	2.333	2.157	2.118	3
36	1.902	2.059	2.137	2.118	3
37	1.941	2.078	2.098	2.118	3
38	2.078	2.255	2.039	2.118	3
39	2.157	2.627	2.039	2.118	3
40	2.098	2.49	2.078	2.118	3
41	2.176	2.451	2.059	2.118	3
42	2.176	2.549	2.059	2.118	3
43	2.176	1.882	2.137	2.118	3
44	2.333	2.235	2.137	2.118	3
45	2.02	2.235	2.078	2.118	3
46	2.02	2.098	2.078	2.118	3
47	1.902	1.902	2.118	2.118	3
48	2.235	2.137	2.118	2.118	3
49	2.294	2.255	2.098	2.118	3
50	2.216	1.882	2.078	2.118	3
51	2.196	1.765	2.157	2.118	3
52	2.275	2.039	2.216	2.118	3
53	2.039	1.608	2.216	2.118	3
54	1.941	1.549	2.275	2.118	3
55	1.902	1.686	2.294	2.118	3
56	1.686	1.686	2.255	2.118	3
57	2.137	1.863	2.196	2.118	3
58	2.275	2.078	2.176	2.118	3
59	2.431	2.02	2.255	2.118	3
60	2.333	1.725	2.255	2.118	3
61	2.098	1.745	2.314	2.118	3
62	1.725	1.902	2.216	2.118	3
63	1.49	1.863	2.157	2.118	3
64	2.059	2.314	2.098	2.118	3
65	2.471	2.353	2.196	2.118	3
66	2.373	2.137	2.216	2.118	3
67	2.137	2.118	2.255	2.118	3
68	2.059	2.078	2.235	2.118	3
69	2.118	1.98	2.157	2.118	3
70	2.118	1.902	2.0	2.118	3
71	2.137	2.51	1.941	2.118	3
72	2.137	2.706	1.98	2.118	3
73	2.196	2.706	2.02	2.118	3
74	2.235	2.765	2.02	2.118	3
75	2.157	2.431	2.0	2.118	3
76	1.941	2.157	2.0	2.118	3
77	2.137	1.98	2.039	2.118	3
78	2.235	2.471	2.039	2.118	3
79	2.098	2.667	2.02	2.118	3
80	2.059	2.451	2.039	2.118	3
81	2.176	2.373	2.059	2.118	3
82	2.353	2.294	2.078	2.118	3
83	2.118	2.078	2.098	2.118	3
84	2.118	2.275	2.059	2.118	3
85	2.0	2.176	2.098	2.118	3
86	2.0	2.373	2.098	2.118	3
87	1.824	2.118	2.098	2.118	3
88	1.882	2.255	2.078	2.118	3
89	1.745	1.922	2.157	2.118	3
90	2.098	1.667	2.392	2.118	3
91	2.294	1.941	2.49	2.118	3
92	2.078	1.922	2.314	2.118	3
93	1.784	1.941	2.039	2.118	3
94	1.922	2.137	2.039	2.118	3
95	2.549	2.627	2.039	2.118	3
96	2.333	2.627	2.039	2.118	3
97	2.157	1.882	2.216	2.118	3
98	2.176	1.804	2.275	2.118	3
99	2.255	1.804	2.196	2.118	3
100	2.275	2.353	2.098	2.118	3
101	2.078	2.392	2.02	2.118	3
102	2.118	2.216	2.059	2.118	3
103	2.098	2.059	2.118	2.118	3
104	2.176	2.0	2.157	2.118	3
105	2.294	2.059	2.098	2.118	3
106	2.196	2.02	2.078	2.118	3
107	2.157	2.039	2.098	2.118	3
108	2.137	1.784	2.118	2.118	3
109	2.078	1.922	2.098	2.118	3
110	2.098	1.824	2.118	2.118	3
111	2.235	1.863	2.157	2.118	3
112	2.569	2.02	2.118	2.118	3
113	2.176	2.0	2.137	2.118	3
114	2.0	1.608	2.216	2.118	3
115	1.784	1.275	2.216	2.118	3
116	1.98	1.373	2.176	2.118	3
117	1.902	1.941	2.098	2.118	3
118	2.137	2.176	2.059	2.118	3
119	2.255	2.51	2.059	2.118	3
120	2.157	2.294	2.118	2.118	3
121	1.961	2.373	2.176	2.118	3
122	1.588	1.627	2.333	2.118	3
123	1.843	1.627	2.275	2.118	3
124	2.059	2.059	2.137	2.118	3
125	2.216	2.51	2.059	2.118	3
126	2.137	2.627	2.039	2.118	3
127	2.039	2.765	2.039	2.118	3
128	1.902	2.255	2.157	2.118	3
129	2.196	2.02	2.255	2.118	3
130	2.314	2.294	2.216	2.118	3
131	2.314	2.196	2.157	2.118	3
132	2.176	2.078	2.098	2.118	3
133	2.373	1.902	2.137	2.118	3
134	2.49	2.294	2.098	2.118	3
135	2.255	2.412	2.039	2.118	3
136	2.137	1.961	2.078	2.118	3
137	2.0	1.745	2.118	2.118	3
138	2.137	2.176	2.078	2.137	3
139	2.157	2.353	2.118	2.118	3
140	2.078	1.745	2.275	2.118	3
141	2.157	1.49	2.294	2.118	3
142	2.275	2.039	2.235	2.118	3
143	2.176	1.882	2.137	2.118	3
144	1.941	2.059	2.078	2.118	3
145	2.118	1.843	2.059	2.118	3
146	1.98	2.098	2.137	2.118	3
147	1.961	2.275	2.569	2.118	3
148	2.02	1.882	2.706	2.118	3
149	1.98	2.0	2.451	2.118	3
150	2.02	2.255	2.039	2.118	3
151	2.118	2.392	1.922	2.118	3
152	2.137	2.608	1.941	2.118	3
153	2.118	2.157	2.078	2.118	3
154	2.373	2.333	2.176	2.118	3
155	2.255	2.235	2.314	2.137	3
156	1.922	1.706	2.275	2.118	3
157	1.922	1.843	2.137	2.118	3
158	2.157	2.059	2.039	2.118	3
159	2.333	2.627	1.961	2.118	3
160	2.059	2.471	1.922	2.118	3
161	2.118	2.529	1.941	2.118	3
162	2.314	2.588	1.98	2.118	3
163	2.255	2.353	2.039	2.118	3
164	2.333	2.137	2.039	2.118	3
165	2.314	2.059	2.0	2.118	3
166	1.824	1.745	2.0	2.118	3
167	1.882	1.824	2.059	2.118	3
168	2.098	2.235	2.216	2.118	3
169	1.882	2.157	2.333	2.118	3
170	1.922	1.98	2.235	2.118	3
171	1.98	1.941	2.059	2.118	3
172	2.157	2.235	1.98	2.118	3
173	2.235	2.451	1.98	2.118	3
174	2.118	2.078	2.02	2.118	3
175	2.118	2.059	2.176	2.118	3
176	1.98	2.216	2.235	2.118	3
177	1.843	1.863	2.137	2.118	3
178	2.0	2.196	2.039	2.118	3
179	2.373	2.255	2.137	2.118	3
180	2.235	1.961	2.137	2.118	3
181	2.392	2.118	2.039	2.118	3
182	2.412	2.647	2.0	2.118	3
183	2.078	2.137	2.02	2.118	3
184	2.039	2.02	2.039	2.118	3
185	2.078	2.137	2.098	2.118	3
186	1.882	2.039	2.059	2.118	3
187	1.961	2.373	2.059	2.118	3
188	1.941	2.196	2.118	2.118	3
189	2.137	2.137	2.078	2.118	3
190	2.078	2.255	2.078	2.118	3
191	2.157	2.216	2.137	2.118	3
192	2.255	2.098	2.137	2.118	3
193	2.157	2.137	2.176	2.118	3
194	2.059	1.902	2.118	2.118	3
195	2.176	2.118	2.078	2.118	3
196	2.235	2.196	2.137	2.118	3
197	2.196	1.667	2.255	2.118	3
198	2.431	2.235	2.314	2.118	3
199	2.451	2.157	2.196	2.118	3
200	2.275	2.137	2.078	2.118	3
201	2.137	2.196	2.098	2.118	3
202	2.137	1.98	2.157	2.118	3
203	1.961	1.667	2.275	2.118	3
204	2.078	1.471	2.373	2.118	3
205	1.922	1.588	2.275	2.118	3
206	2.176	1.863	2.137	2.118	3
207	2.196	2.059	2.059	2.118	3
208	2.137	1.725	2.118	2.118	3
209	2.078	1.941	2.078	2.118	3
210	1.784	1.961	2.118	2.118	3
211	1.824	1.804	2.137	2.118	3
212	1.882	1.863	2.098	2.118	3
213	2.137	2.039	2.157	2.118	3
214	2.118	2.039	2.176	2.118	3
215	2.02	2.039	2.098	2.118	3
216	2.157	2.176	2.118	2.118	3
217	2.02	2.098	2.118	2.118	3
218	2.196	2.176	2.137	2.118	3
219	2.216	2.353	2.157	2.118	3
220	2.196	2.392	2.176	2.118	3
221	2.176	2.216	2.176	2.118	3
222	2.157	2.314	2.118	2.118	3
223	2.059	2.333	2.078	2.118	3
224	2.294	2.51	2.059	2.118	3
225	2.431	2.745	2.098	2.118	3
226	2.157	2.255	2.216	2.118	3
227	2.196	1.824	2.235	2.118	3
228	2.333	2.02	2.118	2.118	3
229	2.235	2.098	2.098	2.118	3
230	2.0	2.0	2.137	2.118	3
231	2.02	1.804	2.118	2.118	3
232	2.0	2.294	2.098	2.118	3
233	2.118	2.314	2.098	2.118	3
234	1.941	2.157	2.098	2.118	3
235	1.863	1.941	2.078	2.118	3
236	2.176	2.314	2.118	2.118	3
237	2.333	1.98	2.098	2.118	3
238	2.157	2.078	2.098	2.118	3
239	1.902	2.02	2.176	2.118	3
240	2.333	2.275	2.196	2.118	3
241	2.255	2.353	2.176	2.118	3
242	1.941	1.902	2.196	2.118	3
243	1.882	1.863	2.314	2.118	3
244	2.078	2.098	2.373	2.118	3
245	2.137	2.627	2.314	2.118	3
246	2.255	2.922	2.137	2.118	3
247	2.353	2.471	2.078	2.118	3
248	2.569	2.275	2.02	2.118	3
249	1.98	2.294	2.059	2.118	3
250	2.137	2.098	2.118	2.118	3
251	2.216	2.294	2.137	2.118	3
252	2.196	2.275	2.235	2.118	3
253	2.275	2.412	2.176	2.118	3
254	2.216	2.137	2.059	2.118	3
255	2.039	2.098	2.039	2.118	3
256	2.02	2.02	2.078	2.118	3
257	1.961	2.098	2.059	2.118	3
258	2.137	2.039	2.039	2.118	3
259	2.137	2.196	2.039	2.118	3
260	2.216	2.255	2.059	2.118	3
261	2.196	2.02	2.059	2.118	3
262	1.98	1.941	2.059	2.118	3
263	1.941	1.961	2.059	2.118	3
264	1.961	1.647	2.137	2.118	3
265	2.333	1.706	2.157	2.118	3
266	2.078	2.0	2.137	2.118	3
267	2.137	1.745	2.157	2.118	3
268	2.059	1.765	2.157	2.118	3
269	1.961	1.804	2.137	2.118	3
270	1.804	2.039	2.118	2.118	3
271	2.098	2.078	2.078	2.118	3
272	1.98	1.98	2.118	2.118	3
273	1.686	1.941	2.235	2.118	3
274	1.843	2.059	2.216	2.118	3
275	2.176	2.02	2.196	2.118	3
276	2.451	2.176	2.157	2.118	3
277	2.333	2.235	2.157	2.118	3
278	2.137	2.235	2.176	2.118	3
279	1.745	2.216	2.176	2.118	3
280	2.118	2.078	2.412	2.118	3
281	2.431	1.863	2.49	2.118	3
282	2.627	2.157	2.255	2.118	3
283	2.647	2.49	2.039	2.118	3
284	2.314	2.843	1.98	2.118	3
285	2.294	2.392	2.039	2.118	3
286	2.118	2.118	2.333	2.118	3
287	1.98	1.863	2.392	2.118	3
288	1.961	1.922	2.216	2.118	3
289	2.137	2.02	2.059	2.118	3
290	2.176	2.333	2.059	2.118	3
291	2.216	2.255	2.02	2.118	3
292	2.118	2.137	2.0	2.118	3
293	2.255	2.118	2.0	2.118	3
294	2.157	2.314	2.0	2.118	3
295	2.098	2.275	2.059	2.118	3
296	2.039	1.902	2.059	2.118	3
297	2.235	2.039	2.02	2.118	3
298	2.118	2.059	2.059	2.118	3
299	2.353	1.882	2.078	2.118	3
300	2.157	2.235	2.059	2.118	3
301	2.0	2.392	2.059	2.118	3
302	1.745	1.922	2.137	2.118	3
303	1.98	1.549	2.235	2.118	3
304	2.176	1.961	2.176	2.118	3
305	1.98	2.196	2.059	2.118	3
306	2.235	1.98	2.059	2.118	3
307	2.255	2.216	2.078	2.118	3
308	1.882	2.176	2.098	2.118	3
309	1.784	1.686	2.196	2.118	3
310	1.784	1.647	2.137	2.118	3
311	1.941	2.0	2.118	2.118	3
312	2.137	2.216	2.157	2.118	3
313	2.176	2.235	2.255	2.118	3
314	2.275	1.941	2.294	2.118	3
315	2.0	1.843	2.235	2.118	3
316	2.353	1.745	2.137	2.118	3
317	2.118	2.49	2.039	2.118	3
318	1.843	2.647	2.02	2.118	3
319	1.745	2.353	2.078	2.118	3
320	1.98	2.02	2.294	2.118	3
321	2.078	1.941	2.314	2.118	3
322	2.118	2.118	2.157	2.118	3
323	2.078	2.098	2.039	2.118	3
324	2.02	2.294	2.059	2.118	3
325	2.196	2.098	2.098	2.118	3
326	2.118	2.373	2.078	2.118	3
327	2.059	2.49	2.059	2.118	3
328	2.118	2.196	2.098	2.118	3
329	2.275	2.196	2.176	2.118	3
330	2.431	2.0	2.118	2.118	3
331	2.196	2.392	2.039	2.118	3
332	1.961	2.431	2.098	2.118	3
333	2.078	1.98	2.176	2.118	3
334	2.118	2.353	2.137	2.118	3
335	2.216	2.451	2.098	2.118	3
336	2.039	2.157	2.078	2.118	3
337	2.176	1.922	2.098	2.118	3
338	2.059	1.784	2.157	2.118	3
339	1.902	2.353	2.098	2.118	3
340	1.941	2.275	2.118	2.118	3
341	2.098	2.039	2.157	2.118	3
342	2.353	1.941	2.137	2.118	3
343	2.353	2.02	2.176	2.118	3
344	1.941	2.059	2.137	2.118	3
345	2.078	1.843	2.118	2.118	3
346	2.118	2.078	2.098	2.118	3
347	2.196	2.02	2.176	2.118	3
348	2.216	2.0	2.137	2.118	3
349	2.275	2.059	2.176	2.118	3
350	2.412	1.725	2.255	2.118	3
351	2.157	2.157	2.196	2.118	3
352	2.039	2.314	2.137	2.118	3
353	1.902	1.961	2.098	2.118	3
354	1.98	1.922	2.118	2.118	3
355	2.059	2.078	2.235	2.118	3
356	2.118	2.118	2.333	2.118	3
357	2.059	2.235	2.255	2.118	3
358	1.843	2.176	2.157	2.118	3
359	1.627	2.216	2.039	2.118	3
360	1.922	1.843	2.039	2.118	3
361	2.098	1.98	2.137	2.118	3
362	2.196	2.294	2.137	2.118	3
363	2.176	2.373	2.118	2.118	3
364	2.235	2.353	2.078	2.118	3
365	2.275	2.373	2.02	2.118	3
366	2.314	2.176	2.137	2.118	3
367	2.373	1.765	2.216	2.118	3
368	2.333	2.157	2.118	2.118	3
369	2.471	2.255	2.039	2.118	3
370	2.235	2.49	2.039	2.118	3
371	2.137	2.235	2.039	2.118	3
372	2.137	2.196	2.118	2.118	3
373	2.02	2.118	2.137	2.118	3
374	1.961	1.902	2.098	2.118	3
375	2.02	1.98	2.196	2.118	3
376	2.196	1.765	2.216	2.118	3
377	2.235	1.941	2.137	2.118	3
378	2.157	2.118	2.059	2.118	3
379	2.196	2.157	2.059	2.118	3
380	1.824	2.471	2.059	2.118	3
381	2.0	1.902	2.118	2.118	3
382	2.333	1.922	2.098	2.118	3
383	2.216	2.314	2.157	2.118	3
384	2.529	1.725	2.216	2.118	3
385	2.275	2.0	2.157	2.118	3
386	2.196	2.176	2.137	2.118	3
387	2.078	2.255	2.098	2.118	3
388	1.902	2.098	2.078	2.118	3
389	2.098	2.0	2.118	2.118	3
390	2.196	2.0	2.176	2.118	3
391	2.333	2.196	2.157	2.118	3
392	2.235	2.275	2.176	2.118	3
393	2.098	2.0	2.137	2.118	3
394	2.176	1.902	2.098	2.118	3
395	2.235	2.02	2.098	2.118	3
396	2.059	2.373	2.196	2.118	3
397	2.118	2.196	2.235	2.118	3
398	2.176	2.157	2.157	2.118	3
399	1.98	2.176	2.157	2.118	3
400	2.0	1.882	2.294	2.118	3
401	2.216	1.784	2.275	2.118	3
402	2.294	2.353	2.118	2.118	3
403	2.078	2.333	2.039	2.118	3
404	1.941	2.275	2.039	2.118	3
405	1.961	2.196	2.157	2.118	3
406	2.059	2.176	2.314	2.118	3
407	2.059	1.765	2.275	2.118	3
408	2.196	1.745	2.157	2.118	3
409	2.157	2.176	2.137	2.118	3
410	2.157	2.196	2.118	2.118	3
411	2.059	2.039	2.039	2.118	3
412	2.059	2.118	2.039	2.118	3
413	2.176	2.196	2.039	2.118	3
414	2.196	2.392	2.039	2.118	3
415	2.216	2.314	2.039	2.118	3
416	2.255	2.373	2.098	2.118	3
417	2.137	2.216	2.176	2.118	3
418	1.725	1.784	2.157	2.118	3
419	2.059	2.078	2.078	2.118	3
420	2.235	2.333	2.059	2.118	3
421	2.255	2.412	2.078	2.118	3
422	2.255	2.314	2.098	2.118	3
423	2.196	2.431	2.118	2.118	3
424	2.059	2.196	2.098	2.118	3
425	2.02	1.961	2.118	2.118	3
426	2.216	1.941	2.216	2.118	3
427	2.137	2.118	2.196	2.118	3
428	2.196	2.02	2.157	2.118	3
429	2.137	2.02	2.078	2.118	3
430	2.196	2.275	2.078	2.118	3
431	2.176	2.0	2.157	2.118	3
432	2.216	1.922	2.157	2.118	3
433	2.157	2.294	2.118	2.118	3
434	2.196	2.176	2.157	2.118	3
435	2.235	1.745	2.216	2.118	3
436	2.235	2.0	2.196	2.118	3
437	2.275	2.0	2.137	2.118	3
438	2.196	2.196	2.118	2.118	3
439	1.922	2.235	2.118	2.118	3
440	1.824	2.0	2.118	2.118	3
441	1.922	2.0	2.196	2.118	3
442	1.961	2.255	2.098	2.118	3
443	1.961	2.137	2.137	2.118	3
444	2.118	1.863	2.196	2.118	3
445	2.039	2.118	2.098	2.118	3
446	1.922	2.02	2.118	2.118	3
447	2.078	1.725	2.235	2.118	3
448	2.176	1.882	2.255	2.118	3
449	2.196	2.412	2.098	2.118	3
450	2.059	2.569	2.039	2.118	3
451	2.137	2.529	2.078	2.118	3
452	2.49	1.725	2.176	2.118	3
453	2.471	1.941	2.157	2.118	3
454	2.353	2.157	2.098	2.118	3
455	2.235	2.137	2.098	2.118	3
456	2.196	2.059	2.098	2.118	3
457	2.157	2.569	2.059	2.118	3
458	1.922	2.431	2.059	2.118	3
459	1.98	2.098	2.059	2.118	3
460	2.137	2.118	2.118	2.118	3
461	2.157	2.039	2.157	2.118	3
462	2.196	2.0	2.118	2.118	3
463	2.137	2.157	2.098	2.118	3
464	2.176	2.216	2.098	2.118	3
465	2.275	2.176	2.118	2.118	3
466	2.118	2.412	2.118	2.118	3
467	2.078	2.196	2.078	2.118	3
468	2.137	2.098	2.137	2.118	3
469	2.392	1.961	2.176	2.118	3
470	2.275	2.078	2.137	2.118	3
471	2.235	2.098	2.137	2.118	3
472	2.02	2.02	2.157	2.118	3
473	2.0	1.843	2.157	2.118	3
474	2.039	1.941	2.176	2.118	3
475	1.941	2.118	2.157	2.118	3
476	2.098	2.078	2.157	2.118	3
477	2.216	1.824	2.176	2.118	3
478	2.196	1.98	2.157	2.118	3
479	2.176	2.0	2.157	2.118	3
480	2.118	1.902	2.353	2.118	3
481	2.02	1.941	2.412	2.118	3
482	2.176	1.902	2.275	2.118	3
483	2.216	2.039	2.118	2.118	3
484	2.02	2.392	2.02	2.118	3
485	2.02	2.451	2.078	2.118	3
486	1.961	2.255	2.176	2.118	3
487	1.941	2.294	2.196	2.118	3
488	1.922	2.137	2.137	2.118	3
489	2.137	2.196	2.078	2.118	3
490	2.157	2.333	2.078	2.118	3
491	2.216	2.157	2.059	2.118	3
492	2.118	2.196	2.039	2.118	3
493	2.02	2.137	2.039	2.118	3
494	2.176	2.157	2.059	2.118	3
495	2.216	2.294	2.078	2.118	3
496	2.216	2.196	2.098	2.118	3
497	1.961	2.039	2.118	2.118	3
498	1.98	2.196	2.098	2.118	3
499	1.961	2.176	2.098	2.118	3
500	2.0	2.118	2.078	2.118	3
501	2.118	2.157	2.078	2.118	3
502	2.118	1.765	2.157	2.118	3
503	2.078	2.078	2.235	2.118	3
504	2.059	2.314	2.157	2.118	3
505	2.078	2.196	2.098	2.118	3
506	2.118	2.059	2.098	2.118	3
507	2.314	2.196	2.118	2.118	3
508	2.216	2.176	2.118	2.118	3
509	2.098	1.961	2.216	2.118	3
510	1.922	1.784	2.353	2.118	3
511	1.961	2.0	2.255	2.118	3
512	2.098	2.196	2.137	2.118	3
513	2.137	2.275	2.059	2.118	3
514	2.098	2.078	2.039	2.118	3
515	2.255	2.078	2.098	2.118	3
516	2.196	2.0	2.216	2.118	3
517	2.157	2.0	2.255	2.118	3
518	2.098	2.02	2.176	2.118	3
519	2.275	1.667	2.118	2.118	3
520	2.196	2.392	2.118	2.118	3
521	2.078	2.627	2.059	2.118	3
522	2.02	2.353	2.039	2.118	3
523	1.902	1.902	2.059	2.118	3
524	2.0	1.804	2.196	2.118	3
525	1.961	1.765	2.314	2.118	3
526	2.078	1.902	2.275	2.118	3
527	2.275	2.412	2.078	2.118	3
528	1.804	2.275	2.02	2.118	3
529	1.863	1.843	2.059	2.118	3
530	2.176	2.275	2.098	2.118	3
531	2.059	2.471	2.098	2.118	3
532	2.059	1.941	2.157	2.118	3
533	2.157	1.804	2.157	2.118	3
534	2.157	2.157	2.098	2.118	3
535	2.157	2.235	2.039	2.118	3
536	2.353	2.059	2.078	2.118	3
537	2.373	2.255	2.098	2.118	3
538	2.255	2.314	2.078	2.118	3
539	2.078	2.216	2.059	2.118	3
540	2.078	2.078	2.098	2.118	3
541	2.137	2.176	2.137	2.118	3
542	2.196	2.373	2.098	2.118	3
543	2.157	2.176	2.098	2.118	3
544	2.059	2.078	2.216	2.118	3
545	1.902	1.98	2.333	2.118	3
546	2.137	1.961	2.235	2.118	3
547	2.196	2.0	2.118	2.118	3
548	2.196	2.275	2.059	2.118	3
549	2.353	2.588	2.059	2.118	3
550	2.059	2.157	2.118	2.118	3
551	2.196	2.157	2.196	2.118	3
552	2.294	2.392	2.176	2.118	3
553	2.196	1.961	2.176	2.118	3
554	2.373	2.078	2.118	2.118	3
555	2.255	2.373	2.078	2.118	3
556	2.157	2.196	2.118	2.118	3
557	2.078	1.922	2.157	2.118	3
558	2.098	2.078	2.157	2.118	3
559	2.098	2.098	2.098	2.118	3
560	2.137	2.137	2.059	2.118	3
561	2.078	2.333	2.078	2.118	3
562	1.98	2.039	2.137	2.118	3
563	2.039	1.902	2.157	2.118	3
564	1.961	1.863	2.118	2.118	3
565	2.059	2.039	2.098	2.118	3
566	2.059	2.196	2.118	2.118	3
567	1.98	2.059	2.118	2.118	3
568	2.02	2.059	2.098	2.118	3
569	2.02	2.137	2.118	2.118	3
570	2.0	1.745	2.176	2.118	3
571	2.235	2.137	2.157	2.118	3
572	2.059	2.216	2.137	2.118	3
573	2.039	2.078	2.118	2.118	3
574	2.0	2.078	2.157	2.118	3
575	2.039	2.078	2.196	2.118	3
576	1.961	1.941	2.118	2.118	3
577	2.098	2.098	2.078	2.118	3
578	2.118	2.157	2.098	2.118	3
579	2.098	1.961	2.176	2.118	3
580	2.176	1.863	2.235	2.118	3
581	2.176	2.176	2.196	2.118	3
582	2.098	2.137	2.118	2.118	3
583	2.098	2.157	2.118	2.118	3
584	2.255	2.196	2.137	2.118	3
585	2.216	2.118	2.098	2.118	3
586	2.098	2.059	2.118	2.118	3
587	2.137	1.824	2.157	2.118	3
588	2.078	2.118	2.118	2.118	3
589	2.137	2.314	2.098	2.118	3
590	2.059	2.098	2.157	2.118	3
591	1.98	1.902	2.176	2.118	3
592	2.216	1.961	2.157	2.118	3
593	2.373	2.235	2.118	2.118	3
594	2.275	2.176	2.078	2.118	3
595	2.098	2.157	2.118	2.118	3
596	2.098	2.157	2.157	2.118	3
597	1.922	1.804	2.176	2.118	3
598	2.039	2.098	2.137	2.118	3
599	2.039	2.078	2.118	2.118	3
600	2.196	2.235	2.137	2.118	3
601	2.157	2.314	2.137	2.118	3
602	2.0	2.196	2.098	2.118	3
603	1.902	2.255	2.098	2.118	3
604	2.137	1.961	2.176	2.118	3
605	2.176	2.137	2.176	2.118	3
606	1.98	2.49	2.137	2.118	3
607	2.039	2.255	2.098	2.118	3
608	2.0	2.039	2.098	2.118	3
609	2.196	2.294	2.137	2.118	3
610	2.196	2.353	2.137	2.118	3
611	2.176	2.235	2.118	2.118	3
612	1.922	1.941	2.176	2.118	3
613	1.745	1.98	2.157	2.118	3
614	1.706	1.961	2.157	2.118	3
615	2.039	2.0	2.137	2.118	3
616	2.137	2.196	2.098	2.118	3
617	2.373	2.275	2.137	2.118	3
618	2.294	2.216	2.137	2.118	3
619	2.196	2.078	2.137	2.118	3
620	2.118	1.941	2.118	2.118	3
621	2.333	1.843	2.157	2.118	3
622	2.431	2.137	2.157	2.137	3
623	2.353	2.333	2.137	2.118	3
624	2.275	2.275	2.157	2.118	3
625	2.235	2.137	2.157	2.118	3
626	2.039	1.882	2.235	2.118	3
627	2.078	2.039	2.137	2.118	3
628	2.294	2.235	2.059	2.118	3
629	2.059	2.137	2.137	2.118	3
630	2.118	1.98	2.176	2.118	3
631	2.078	2.02	2.216	2.118	3
632	2.078	2.196	2.118	2.118	3
633	2.118	2.392	2.059	2.118	3
634	2.059	2.294	2.098	2.118	3
635	2.098	2.118	2.137	2.118	3
636	2.137	2.314	2.098	2.118	3
637	2.059	2.314	2.078	2.118	3
638	2.255	1.882	2.137	2.118	3
639	2.627	2.137	2.118	2.118	3
640	2.431	2.392	2.078	2.118	3
641	2.314	2.431	2.078	2.118	3
642	2.039	2.137	2.098	2.118	3
643	2.216	2.039	2.118	2.118	3
644	2.078	2.137	2.118	2.118	3
645	2.078	2.137	2.098	2.118	3
646	2.059	2.098	2.176	2.118	3
647	2.059	1.98	2.216	2.118	3
648	2.078	2.039	2.137	2.118	3
649	2.059	2.059	2.098	2.118	3
650	2.137	2.255	2.078	2.118	3
651	2.0	2.078	2.118	2.118	3
652	2.137	2.02	2.196	2.118	3
653	2.098	2.0	2.176	2.118	3
654	2.176	2.137	2.137	2.118	3
655	2.255	2.02	2.157	2.118	3
656	2.275	2.039	2.118	2.118	3
657	2.059	2.118	2.098	2.118	3
658	1.961	2.078	2.098	2.118	3
659	1.98	1.961	2.118	2.118	3
660	2.235	2.0	2.137	2.118	3
661	2.373	2.157	2.118	2.118	3
662	2.118	2.157	2.098	2.118	3
663	1.922	1.882	2.157	2.118	3
664	1.902	1.824	2.176	2.118	3
665	2.216	2.02	2.118	2.118	3
666	2.059	2.039	2.176	2.118	3
667	2.137	1.922	2.275	2.118	3
668	2.216	1.961	2.196	2.118	3
669	2.176	2.02	2.118	2.118	3
670	2.235	2.137	2.059	2.118	3
671	2.098	2.235	2.098	2.118	3
672	2.118	1.765	2.235	2.118	3
673	1.882	1.882	2.216	2.118	3
674	1.98	2.157	2.118	2.118	3
675	2.039	2.235	2.098	2.118	3
676	2.0	2.176	2.098	2.118	3
677	2.137	2.196	2.098	2.118	3
678	2.157	2.157	2.157	2.118	3
679	2.255	2.176	2.098	2.118	3
680	2.098	2.078	2.118	2.118	3
681	2.078	2.059	2.118	2.137	3
682	1.98	2.059	2.098	2.118	3
683	1.941	2.02	2.118	2.118	3
684	2.137	2.333	2.118	2.118	3
685	2.157	2.471	2.118	2.118	3
686	2.078	2.333	2.137	2.118	3
687	1.902	2.176	2.078	2.118	3
688	1.922	2.373	2.078	2.118	3
689	2.137	2.039	2.176	2.118	3
690	2.216	1.941	2.235	2.118	3
691	2.255	2.137	2.235	2.118	3
692	2.333	2.235	2.176	2.118	3
693	2.078	2.118	2.137	2.118	3
694	2.039	2.118	2.118	2.118	3
695	2.196	2.333	2.059	2.118	3
696	2.059	2.353	2.059	2.118	3
697	2.039	1.98	2.196	2.118	3
698	1.941	1.961	2.216	2.118	3
699	1.961	2.039	2.137	2.118	3
700	2.02	2.118	2.098	2.118	3
701	1.98	1.98	2.118	2.118	3
702	2.216	2.098	2.118	2.118	3
703	2.176	2.255	2.098	2.118	3
704	2.039	2.157	2.098	2.118	3
705	2.039	2.157	2.078	2.118	3
706	2.255	1.902	2.137	2.118	3
707	2.373	2.118	2.118	2.118	3
708	2.353	2.392	2.098	2.118	3
709	2.255	2.176	2.078	2.118	3
710	2.275	2.039	2.098	2.118	3
711	2.137	2.059	2.137	2.118	3
712	2.078	2.098	2.137	2.118	3
713	2.02	2.098	2.098	2.118	3
714	2.118	2.118	2.157	2.118	3
715	2.098	2.039	2.176	2.118	3
716	2.235	2.02	2.137	2.118	3
717	2.255	2.196	2.078	2.118	3
718	2.118	2.196	2.098	2.118	3
719	2.196	2.059	2.157	2.118	3
720	2.196	2.176	2.157	2.118	3
721	2.059	2.098	2.118	2.118	3
722	2.118	2.196	2.098	2.118	3
723	2.118	1.941	2.157	2.118	3
724	2.49	2.02	2.157	2.118	3
725	2.255	2.314	2.118	2.118	3
726	2.137	2.255	2.118	2.118	3
727	2.0	2.059	2.118	2.118	3
728	2.0	1.902	2.137	2.118	3
729	1.98	2.059	2.137	2.118	3
730	1.98	2.118	2.098	2.118	3
731	2.059	2.078	2.137	2.118	3
732	2.059	2.02	2.157	2.118	3
733	2.098	2.02	2.157	2.118	3
734	2.078	1.961	2.137	2.118	3
735	2.098	2.059	2.137	2.118	3
736	1.941	2.059	2.176	2.118	3
737	2.078	2.137	2.176	2.118	3
738	2.176	2.078	2.137	2.118	3
739	2.176	2.098	2.098	2.118	3
740	2.118	1.941	2.137	2.118	3
741	2.235	2.176	2.157	2.118	3
742	1.961	2.176	2.176	2.118	3
743	1.902	2.176	2.176	2.118	3
744	1.843	2.02	2.157	2.118	3
745	2.157	2.137	2.118	2.118	3
746	2.118	2.275	2.118	2.118	3
747	2.157	2.216	2.098	2.118	3
748	2.118	2.098	2.137	2.118	3
749	2.078	2.059	2.176	2.118	3
750	2.137	2.02	2.137	2.118	3
751	2.216	2.157	2.118	2.118	3
752	2.098	2.118	2.118	2.118	3
753	2.078	2.059	2.118	2.118	3
754	2.137	2.314	2.118	2.118	3
755	2.098	2.196	2.098	2.118	3
756	2.118	2.157	2.098	2.118	3
757	2.078	2.078	2.157	2.118	3
758	1.941	2.039	2.157	2.118	3
759	1.98	2.216	2.118	2.118	3
760	2.078	2.157	2.118	2.118	3
761	2.196	2.078	2.118	2.118	3
762	2.098	2.078	2.137	2.118	3
763	2.255	2.176	2.137	2.118	3
764	2.157	2.196	2.118	2.118	3
765	2.059	2.039	2.137	2.118	3
766	2.0	1.843	2.196	2.118	3
767	2.176	1.941	2.157	2.118	3
768	2.078	2.137	2.118	2.118	3
769	2.0	2.216	2.118	2.118	3
770	2.098	2.176	2.176	2.118	3
771	2.216	2.118	2.137	2.118	3
772	2.196	2.059	2.118	2.118	3
773	2.137	2.078	2.216	2.118	3
774	2.196	1.902	2.235	2.118	3
775	2.039	2.0	2.196	2.118	3
776	2.118	2.333	2.118	2.118	3
777	2.118	2.235	2.078	2.118	3
778	2.098	2.216	2.078	2.118	3
779	2.039	2.0	2.176	2.118	3
780	2.118	2.157	2.176	2.118	3
781	1.98	2.157	2.098	2.118	3
782	1.98	2.078	2.098	2.118	3
783	2.039	2.02	2.118	2.118	3
784	2.078	2.0	2.098	2.118	3
785	2.039	2.02	2.098	2.118	3
786	2.098	1.961	2.098	2.118	3
787	2.176	2.196	2.118	2.118	3
788	2.137	2.333	2.118	2.118	3
789	2.0	2.196	2.098	2.118	3
790	1.98	2.216	2.078	2.118	3
791	2.196	2.039	2.157	2.118	3
792	2.333	1.961	2.157	2.118	3
793	2.333	2.216	2.118	2.118	3
794	2.294	2.255	2.118	2.118	3
795	2.196	2.157	2.118	2.118	3
796	2.137	2.137	2.137	2.118	3
797	2.137	2.235	2.137	2.118	3
798	2.098	2.333	2.098	2.118	3
799	2.039	2.275	2.118	2.118	3
800	2.039	2.176	2.176	2.118	3
801	2.039	2.118	2.157	2.118	3
802	2.059	2.098	2.137	2.118	3
803	2.059	2.118	2.137	2.118	3
804	2.098	2.176	2.137	2.118	3
805	2.118	2.255	2.137	2.118	3
806	2.078	2.157	2.118	2.118	3
807	2.157	2.196	2.098	2.118	3
808	2.176	2.0	2.157	2.118	3
809	2.235	1.922	2.176	2.118	3
810	2.137	2.176	2.137	2.118	3
811	2.039	2.118	2.118	2.118	3
812	2.039	1.922	2.137	2.118	3
813	2.02	1.824	2.157	2.118	3
814	2.02	1.922	2.157	2.118	3
815	2.039	1.98	2.118	2.118	3
816	2.078	1.961	2.137	2.118	3
817	1.98	2.059	2.196	2.118	3
818	2.078	2.02	2.157	2.118	3
819	2.157	2.039	2.118	2.118	3
820	2.157	2.0	2.118	2.118	3
821	2.157	2.0	2.137	2.118	3
822	2.157	2.039	2.176	2.118	3
823	2.078	2.078	2.137	2.118	3
824	2.098	2.216	2.098	2.118	3
825	2.078	2.059	2.157	2.118	3
826	2.039	2.0	2.176	2.118	3
827	2.118	2.392	2.118	2.118	3
828	2.098	2.412	2.098	2.118	3
829	2.118	2.294	2.098	2.118	3
830	2.039	2.157	2.137	2.118	3
831	2.294	2.176	2.137	2.118	3
832	2.255	2.176	2.098	2.118	3
833	2.176	2.137	2.098	2.118	3
834	2.176	2.098	2.157	2.118	3
835	2.176	2.02	2.157	2.118	3
836	2.157	2.059	2.137	2.118	3
837	2.078	2.078	2.118	2.118	3
838	2.137	2.157	2.137	2.118	3
839	2.216	2.353	2.137	2.118	3
840	2.235	2.157	2.118	2.118	3
841	2.216	2.176	2.078	2.118	3
842	2.118	1.961	2.157	2.118	3
843	2.137	1.882	2.176	2.118	3
844	2.078	2.275	2.137	2.118	3
845	2.059	2.294	2.118	2.118	3
846	2.059	2.157	2.118	2.118	3
847	2.0	2.039	2.137	2.118	3
848	2.176	2.176	2.137	2.118	3
849	2.314	2.235	2.098	2.118	3
850	2.176	2.157	2.118	2.118	3
851	2.137	2.078	2.176	2.118	3
852	2.0	2.078	2.176	2.118	3
853	2.02	2.039	2.137	2.118	3
854	2.059	2.059	2.118	2.118	3
855	2.098	2.098	2.137	2.118	3
856	2.157	2.118	2.157	2.118	3
857	1.941	2.059	2.137	2.118	3
858	1.961	2.157	2.098	2.118	3
859	2.0	2.0	2.157	2.118	3
860	2.255	1.922	2.157	2.118	3
861	2.078	2.255	2.118	2.118	3
862	2.059	2.176	2.118	2.118	3
863	2.098	2.02	2.137	2.118	3
864	2.059	1.922	2.157	2.118	3
865	2.157	2.02	2.137	2.118	3
866	2.137	2.137	2.098	2.118	3
867	2.098	2.098	2.098	2.118	3
868	2.039	2.02	2.157	2.118	3
869	2.0	1.941	2.157	2.118	3
870	2.02	1.922	2.137	2.118	3
871	2.098	2.118	2.137	2.118	3
872	2.078	2.235	2.137	2.118	3
873	2.118	2.118	2.137	2.118	3
874	2.157	2.039	2.118	2.118	3
875	2.157	2.157	2.078	2.118	3
876	2.373	2.078	2.137	2.118	3
877	2.333	1.961	2.157	2.118	3
878	2.333	2.235	2.137	2.118	3
879	2.314	2.235	2.137	2.118	3
880	2.235	2.078	2.137	2.118	3
881	2.059	2.02	2.137	2.118	3
882	2.137	2.098	2.137	2.118	3
883	2.02	2.157	2.118	2.118	3
884	2.059	2.157	2.118	2.118	3
885	2.118	2.098	2.157	2.118	3
886	2.039	2.02	2.137	2.118	3
887	2.039	1.922	2.098	2.118	3
888	2.098	2.0	2.118	2.118	3
889	2.039	2.059	2.157	2.118	3
890	2.118	2.098	2.157	2.118	3
891	2.039	2.0	2.118	2.118	3
892	2.039	2.157	2.098	2.118	3
893	2.314	2.137	2.176	2.118	3
894	2.196	1.98	2.157	2.118	3
895	2.353	2.255	2.098	2.118	3
896	2.196	2.255	2.118	2.118	3
897	2.078	2.137	2.137	2.118	3
898	2.039	2.039	2.157	2.118	3
899	2.176	2.314	2.137	2.118	3
900	2.235	2.294	2.098	2.118	3
901	2.137	2.176	2.098	2.118	3
902	2.078	2.196	2.157	2.118	3
903	2.157	2.157	2.176	2.118	3
904	2.118	2.157	2.137	2.118	3
905	2.176	2.294	2.118	2.118	3
906	2.078	2.235	2.118	2.118	3
907	2.157	2.235	2.118	2.118	3
908	2.255	2.196	2.118	2.118	3
909	2.216	2.255	2.078	2.118	3
910	2.353	2.118	2.137	2.118	3
911	2.137	1.922	2.157	2.118	3
912	2.157	2.255	2.118	2.118	3
913	2.078	2.176	2.118	2.118	3
914	2.078	2.059	2.137	2.118	3
915	2.039	1.98	2.137	2.118	3
916	2.157	2.098	2.137	2.118	3
917	2.235	2.176	2.098	2.118	3
918	2.137	2.098	2.098	2.118	3
919	2.078	1.98	2.176	2.118	3
920	2.078	1.902	2.176	2.118	3
921	2.137	1.941	2.157	2.118	3
922	2.137	2.078	2.137	2.118	3
923	2.157	2.118	2.137	2.118	3
924	2.157	2.098	2.157	2.118	3
925	2.118	2.098	2.118	2.118	3
926	2.137	2.216	2.078	2.118	3
927	2.235	2.137	2.137	2.118	3
928	2.098	1.843	2.196	2.118	3
929	1.882	2.118	2.137	2.118	3
930	1.922	2.157	2.118	2.118	3
931	1.98	2.098	2.118	2.118	3
932	2.039	2.02	2.137	2.118	3
933	2.157	2.059	2.137	2.118	3
934	2.176	2.118	2.118	2.118	3
935	2.157	2.137	2.118	2.118	3
936	2.078	2.137	2.157	2.118	3
937	1.98	2.039	2.157	2.118	3
938	1.98	2.0	2.157	2.118	3
939	1.98	2.059	2.118	2.118	3
940	2.118	2.176	2.098	2.118	3
941	2.176	2.196	2.137	2.118	3
942	2.098	2.078	2.137	2.118	3
943	2.157	2.196	2.098	2.118	3
944	2.235	2.196	2.137	2.118	3
945	2.373	1.922	2.176	2.118	3
946	2.275	2.314	2.137	2.118	3
947	2.275	2.275	2.098	2.118	3
948	2.216	2.196	2.118	2.118	3
949	2.196	2.039	2.137	2.118	3
950	2.176	2.157	2.137	2.118	3
951	2.098	2.176	2.098	2.118	3
952	2.039	2.078	2.098	2.118	3
953	2.039	2.059	2.157	2.118	3
954	2.02	2.02	2.157	2.118	3
955	2.02	1.961	2.137	2.118	3
956	2.059	2.0	2.137	2.118	3
957	2.0	2.078	2.137	2.118	3
958	2.078	2.235	2.137	2.118	3
959	1.922	2.157	2.118	2.118	3
960	2.02	2.216	2.078	2.118	3
961	2.216	2.098	2.137	2.118	3
962	2.333	1.843	2.176	2.118	3
963	2.314	2.275	2.157	2.118	3
964	2.353	2.235	2.137	2.118	3
965	2.294	2.196	2.118	2.118	3
966	2.157	2.196	2.137	2.118	3
967	2.137	2.216	2.137	2.118	3
968	2.078	2.235	2.118	2.118	3
969	2.0	2.137	2.098	2.118	3
970	2.039	2.137	2.157	2.137	3
971	2.118	2.098	2.157	2.118	3
972	2.118	2.137	2.137	2.118	3
973	2.059	2.118	2.137	2.118	3
974	2.039	2.098	2.157	2.118	3
975	2.098	2.176	2.157	2.118	3
976	2.118	2.118	2.118	2.118	3
977	2.078	2.216	2.059	2.118	3
978	2.235	2.196	2.118	2.118	3
979	2.235	1.882	2.176	2.118	3
980	2.451	2.196	2.157	2.118	3
981	2.333	2.176	2.137	2.118	3
982	2.275	2.039	2.118	2.118	3
983	2.137	1.98	2.137	2.118	3
984	2.255	2.118	2.137	2.118	3
985	2.275	2.118	2.098	2.118	3
986	2.137	2.02	2.098	2.118	3
987	2.235	2.0	2.157	2.118	3
988	2.216	2.098	2.157	2.118	3
989	2.196	1.98	2.137	2.118	3
990	2.137	1.961	2.137	2.118	3
991	2.098	2.02	2.137	2.118	3
992	2.059	2.255	2.137	2.118	3
993	2.157	2.235	2.118	2.118	3
994	2.059	2.137	2.098	2.118	3
995	2.157	2.118	2.137	2.118	3
996	1.961	1.863	2.176	2.118	3
997	1.961	2.176	2.137	2.118	3
998	1.961	2.255	2.098	2.118	3
999	1.961	2.196	2.118	2.118	3
