time	channel1	channel2	channel3	channel4	class
0	1.902	1.941	2.098	1.902	5
1	1.784	1.902	2.098	1.941	5
2	1.647	1.843	1.98	1.941	5
3	1.784	1.804	2.059	1.922	5
4	1.804	1.824	2.078	1.863	5
5	1.647	1.843	1.922	1.902	5
6	1.725	1.765	1.882	1.882	5
7	1.804	1.706	1.922	1.863	5
8	1.98	1.804	1.882	1.863	5
9	2.059	2.02	2.02	1.961	5
10	2.294	2.02	2.176	2.078	5
11	2.294	1.882	2.216	2.176	5
12	2.02	1.824	2.137	2.098	5
13	1.863	1.902	2.118	1.98	5
14	1.941	1.922	2.157	1.961	5
15	1.745	1.941	2.098	1.922	5
16	1.804	2.078	2.118	1.98	5
17	2.098	2.157	2.137	2.02	5
18	2.176	2.02	2.118	2.039	5
19	1.902	1.922	2.118	2.02	5
20	2.059	2.02	2.196	2.02	5
21	2.039	2.098	2.275	2.0	5
22	2.0	2.078	2.235	2.059	5
23	1.843	2.118	2.157	2.078	5
24	1.51	1.961	2.039	2.059	5
25	1.627	1.902	1.941	2.059	5
26	1.843	1.824	1.961	2.0	5
27	1.961	1.745	2.059	1.961	5
28	1.98	1.882	2.196	1.941	5
29	1.961	1.922	2.176	1.98	5
30	1.51	1.902	2.039	2.0	5
31	1.647	1.961	2.137	1.941	5
32	1.569	1.922	1.98	1.941	5
33	1.686	1.882	1.922	1.922	5
34	1.922	1.863	1.961	1.902	5
35	2.137	1.98	2.176	1.941	5
36	2.039	2.098	2.275	2.0	5
37	2.039	2.039	2.196	2.118	5
38	2.137	1.98	2.176	2.118	5
39	1.843	2.02	2.039	2.098	5
40	1.824	2.0	2.02	2.059	5
41	2.137	1.863	2.02	2.039	5
42	2.471	1.765	2.059	2.0	5
43	2.569	1.824	2.235	2.118	5
44	2.412	1.843	2.275	2.216	5
45	2.098	1.784	2.294	2.235	5
46	2.078	1.824	2.294	2.255	5
47	2.078	1.784	2.216	2.137	5
48	2.118	1.824	2.157	2.098	5
49	2.098	1.765	2.118	2.039	5
50	2.118	1.902	2.137	2.039	5
51	2.0	2.0	2.176	2.039	5
52	1.941	1.941	2.176	2.059	5
53	1.863	1.922	2.137	2.078	5
54	1.863	2.0	2.078	2.059	5
55	1.882	2.078	2.078	2.078	5
56	2.02	2.137	2.176	2.02	5
57	1.863	2.02	2.039	2.039	5
58	1.804	2.059	2.059	2.0	5
59	1.745	2.078	2.039	2.0	5
60	1.686	2.0	2.0	2.0	5
61	1.843	1.941	2.02	2.0	5
62	1.725	1.941	2.02	1.98	5
63	1.49	1.941	2.0	1.98	5
64	1.275	1.961	1.863	1.882	5
65	1.412	1.882	1.824	1.784	5
66	1.627	1.922	1.922	1.784	5
67	1.843	2.0	2.0	1.804	5
68	1.902	2.118	2.098	1.902	5
69	2.196	2.118	2.118	2.039	5
70	1.863	1.902	2.059	2.098	5
71	1.647	1.98	2.039	2.02	5
72	1.392	2.059	1.863	1.902	5
73	1.333	2.059	1.824	1.824	5
74	1.627	2.02	1.804	1.804	5
75	2.039	1.902	1.922	1.863	5
76	2.529	1.961	2.039	1.941	5
77	2.647	2.039	2.196	2.059	5
78	2.451	2.157	2.314	2.216	5
79	1.961	1.961	2.157	2.196	5
80	1.98	1.824	2.059	2.157	5
81	1.98	1.765	1.961	1.98	5
82	1.922	1.745	2.039	1.863	5
83	2.157	1.863	2.196	1.863	5
84	2.294	1.882	2.216	1.941	5
85	2.176	1.804	2.098	2.039	5
86	2.157	1.863	2.02	2.039	5
87	2.118	1.843	2.118	2.059	5
88	2.137	1.804	2.176	2.039	5
89	2.137	1.745	2.059	2.039	5
90	1.98	1.725	2.078	2.039	5
91	1.922	1.804	1.961	1.98	5
92	2.157	1.804	1.941	1.922	5
93	1.961	1.667	1.902	1.863	5
94	2.0	1.706	1.98	1.922	5
95	2.196	1.824	2.059	2.02	5
96	2.196	1.804	2.118	2.157	5
97	1.941	1.824	2.118	2.157	5
98	1.745	1.784	1.98	1.98	5
99	1.725	1.765	1.882	1.784	5
100	1.902	1.784	1.882	1.627	5
101	1.941	1.863	2.0	1.725	5
102	2.0	1.922	2.059	1.902	5
103	2.098	1.922	2.059	2.0	5
104	1.745	1.902	2.02	2.02	5
105	1.765	2.0	2.118	1.98	5
106	2.039	2.0	2.059	1.941	5
107	2.059	2.02	2.196	1.941	5
108	2.059	2.137	2.157	2.02	5
109	2.059	2.02	2.078	2.059	5
110	2.02	1.98	2.059	2.039	5
111	1.824	1.961	2.098	2.02	5
112	2.0	1.941	2.118	2.0	5
113	2.0	1.843	2.02	1.961	5
114	1.863	1.882	2.02	1.863	5
115	1.765	2.059	2.02	1.882	5
116	2.392	2.216	2.137	1.941	5
117	2.529	2.118	2.235	2.078	5
118	2.02	2.059	2.235	2.176	5
119	1.725	2.196	2.176	2.137	5
120	1.431	2.118	2.02	1.961	5
121	1.843	2.039	1.98	1.784	5
122	2.529	2.157	2.039	1.784	5
123	2.529	2.235	2.255	1.882	5
124	2.333	2.176	2.196	2.039	5
125	2.078	2.039	2.078	2.118	5
126	2.02	1.922	2.098	2.118	5
127	2.078	1.961	2.098	2.098	5
128	2.078	1.882	2.098	2.078	5
129	2.059	1.745	2.039	2.059	5
130	2.02	1.627	2.098	1.98	5
131	2.02	1.745	2.176	1.961	5
132	2.118	1.647	2.176	1.98	5
133	2.137	1.706	2.157	2.02	5
134	1.902	1.686	2.059	2.02	5
135	2.059	1.745	2.196	2.098	5
136	2.078	1.843	2.176	2.157	5
137	2.02	1.804	2.157	2.157	5
138	1.941	1.686	2.157	2.137	5
139	1.824	1.745	2.098	2.059	5
140	1.922	1.843	2.078	1.98	5
141	2.0	1.922	2.118	2.039	5
142	2.078	1.941	2.157	2.176	5
143	2.078	1.843	2.137	2.255	5
144	2.0	1.686	2.0	2.235	5
145	2.0	1.725	1.98	2.176	5
146	1.941	1.843	2.078	2.098	5
147	2.0	2.0	2.176	2.098	5
148	1.725	1.863	2.118	2.137	5
149	1.725	1.824	2.157	2.137	5
150	1.882	1.686	2.059	2.118	5
151	1.882	1.882	2.098	2.078	5
152	1.882	1.98	2.157	2.078	5
153	1.863	1.922	2.078	2.039	5
154	1.902	1.941	1.922	1.98	5
155	1.824	2.02	1.98	1.961	5
156	1.882	2.059	2.098	2.0	5
157	1.745	2.098	2.059	2.098	5
158	1.804	2.059	2.02	2.098	5
159	2.039	2.02	2.039	2.098	5
160	2.118	1.98	2.098	2.039	5
161	2.157	2.02	2.078	2.0	5
162	2.157	1.98	2.039	1.98	5
163	2.098	1.961	2.02	1.961	5
164	2.118	1.98	2.0	1.961	5
165	2.314	2.078	2.039	1.941	5
166	2.373	1.902	2.118	1.961	5
167	2.255	1.765	2.216	1.941	5
168	2.039	1.843	2.02	1.922	5
169	1.725	1.824	1.922	1.843	5
170	1.745	1.922	1.98	1.824	5
171	1.98	2.059	2.078	1.843	5
172	2.137	2.078	2.118	1.863	5
173	2.157	2.137	2.078	1.863	5
174	1.961	2.059	2.02	1.843	5
175	1.941	2.02	1.98	1.843	5
176	1.902	2.0	2.0	1.922	5
177	1.922	1.961	2.039	1.961	5
178	1.627	2.098	2.098	1.961	5
179	1.471	2.078	2.0	1.863	5
180	1.745	2.059	1.961	1.745	5
181	2.098	1.784	1.843	1.588	5
182	1.98	1.765	1.843	1.588	5
183	2.196	2.078	2.294	1.765	5
184	2.333	2.255	2.333	1.98	5
185	1.725	2.098	2.176	2.059	5
186	1.706	2.118	2.176	2.02	5
187	1.784	2.0	2.059	1.843	5
188	1.922	1.902	1.941	1.627	5
189	2.078	1.961	2.0	1.549	5
190	2.157	2.02	2.098	1.667	5
191	2.255	2.039	2.118	1.922	5
192	2.275	2.078	2.157	2.039	5
193	2.039	2.059	2.078	2.098	5
194	1.804	1.922	2.039	1.961	5
195	1.824	1.843	1.98	1.784	5
196	1.941	1.51	1.843	1.667	5
197	2.059	1.51	1.922	1.725	5
198	1.922	1.686	2.118	1.941	5
199	1.922	1.647	2.137	2.078	5
200	1.863	1.373	1.922	2.118	5
201	1.784	1.196	1.824	2.0	5
202	1.529	1.333	1.922	1.863	5
203	1.706	1.725	2.078	1.824	5
204	1.843	1.863	2.196	1.902	5
205	1.745	1.824	2.255	2.02	5
206	1.549	1.529	1.961	2.02	5
207	1.725	1.49	1.686	2.0	5
208	1.902	1.627	1.843	2.02	5
209	2.098	1.824	2.255	2.176	5
210	2.078	1.863	2.216	2.314	5
211	1.882	1.902	2.255	2.392	5
212	2.176	2.118	2.294	2.373	5
213	2.039	2.078	2.078	2.235	5
214	1.745	2.0	2.118	2.216	5
215	1.745	2.039	2.294	2.255	5
216	1.941	1.961	2.118	2.216	5
217	2.078	1.941	2.02	2.118	5
218	1.961	2.118	2.216	2.098	5
219	2.275	2.157	2.314	2.137	5
220	2.176	2.0	2.255	2.137	5
221	1.922	1.961	2.235	2.216	5
222	1.902	2.118	2.255	2.235	5
223	1.922	2.078	2.157	2.176	5
224	1.961	1.98	2.098	2.078	5
225	2.059	1.882	2.157	2.0	5
226	2.098	1.902	2.216	2.0	5
227	2.118	1.843	2.196	2.098	5
228	2.216	1.824	2.176	2.176	5
229	2.137	1.882	2.118	2.196	5
230	1.98	1.941	2.02	2.137	5
231	1.765	2.0	1.98	2.039	5
232	1.882	1.882	1.961	1.902	5
233	2.0	1.667	2.0	1.804	5
234	2.137	1.608	2.157	1.824	5
235	2.118	1.667	2.216	1.941	5
236	1.863	1.902	2.157	2.039	5
237	1.941	1.824	1.941	2.0	5
238	1.784	1.922	1.863	1.843	5
239	1.784	2.137	1.941	1.686	5
240	1.706	2.0	1.941	1.588	5
241	1.804	1.902	2.0	1.627	5
242	1.922	1.843	1.961	1.686	5
243	1.98	1.882	2.039	1.804	5
244	2.235	1.863	1.98	1.863	5
245	2.412	2.02	2.137	1.941	5
246	2.314	2.098	2.196	1.961	5
247	2.392	1.902	2.118	1.941	5
248	2.255	1.784	2.039	1.863	5
249	2.118	1.824	2.098	1.784	5
250	2.098	1.902	2.157	1.804	5
251	1.98	1.961	2.235	1.824	5
252	1.98	1.98	2.216	1.902	5
253	2.02	1.863	2.176	1.961	5
254	2.137	1.902	2.039	1.961	5
255	1.98	1.961	1.961	1.902	5
256	2.02	2.039	2.137	1.902	5
257	2.118	2.039	2.157	1.922	5
258	2.039	1.961	2.098	1.922	5
259	1.902	2.098	2.176	1.941	5
260	1.902	2.157	2.176	1.98	5
261	1.961	2.275	2.235	2.078	5
262	1.961	2.039	2.098	2.078	5
263	1.98	1.98	1.902	2.02	5
264	1.784	1.902	1.882	1.902	5
265	1.804	1.843	1.961	1.882	5
266	1.843	1.863	2.0	1.863	5
267	1.863	1.863	2.02	1.863	5
268	2.02	1.902	2.039	1.824	5
269	2.157	1.843	1.941	1.824	5
270	2.118	1.804	1.922	1.843	5
271	2.078	1.804	2.098	1.882	5
272	1.686	1.686	2.0	1.922	5
273	1.431	1.725	1.882	1.922	5
274	1.118	1.725	1.882	1.922	5
275	1.471	1.784	1.824	1.824	5
276	1.863	1.804	1.745	1.725	5
277	2.059	1.882	1.961	1.706	5
278	2.314	2.137	2.118	1.863	5
279	2.216	2.02	2.078	2.0	5
280	1.588	1.725	1.843	2.039	5
281	1.353	1.706	1.882	2.098	5
282	1.706	1.804	1.882	2.078	5
283	2.078	1.745	2.02	1.98	5
284	2.118	2.078	2.255	1.98	5
285	1.863	2.294	2.294	2.098	5
286	2.0	2.235	2.216	2.216	5
287	2.02	2.078	2.059	2.196	5
288	2.137	2.02	2.118	2.118	5
289	2.216	2.02	2.196	2.059	5
290	2.255	2.059	2.255	2.059	5
291	2.294	1.98	2.216	2.078	5
292	2.275	1.961	2.216	2.118	5
293	2.333	2.059	2.255	2.196	5
294	2.098	2.098	2.333	2.275	5
295	2.078	2.098	2.255	2.255	5
296	2.255	1.941	2.118	2.235	5
297	2.255	1.902	2.078	2.176	5
298	2.02	1.804	2.118	2.098	5
299	1.882	1.804	2.078	2.0	5
300	1.863	1.725	2.02	1.922	5
301	1.922	1.608	2.039	1.882	5
302	2.078	1.549	2.0	1.902	5
303	1.569	1.647	1.902	1.941	5
304	1.137	1.784	1.902	1.941	5
305	1.039	1.686	1.843	1.882	5
306	1.627	1.647	1.882	1.784	5
307	2.333	1.647	2.039	1.824	5
308	2.255	1.804	2.235	1.941	5
309	1.941	1.961	2.255	2.137	5
310	1.765	1.843	2.098	2.137	5
311	1.706	1.706	2.0	2.078	5
312	1.882	1.784	2.039	1.98	5
313	2.039	1.745	2.0	1.941	5
314	2.059	1.941	1.941	1.961	5
315	2.118	2.098	2.196	2.059	5
316	2.078	2.039	2.255	2.196	5
317	2.176	2.02	2.255	2.275	5
318	2.333	2.098	2.255	2.196	5
319	2.373	2.255	2.255	2.157	5
320	2.314	2.196	2.314	2.098	5
321	2.49	2.294	2.373	2.118	5
322	2.294	2.275	2.314	2.196	5
323	1.824	2.196	2.137	2.118	5
324	1.725	2.314	2.039	1.98	5
325	1.922	2.353	2.059	1.882	5
326	2.392	2.392	2.216	1.882	5
327	2.392	2.412	2.275	2.098	5
328	2.137	2.333	2.216	2.176	5
329	1.941	2.176	2.039	2.157	5
330	1.765	2.078	1.98	2.078	5
331	2.078	2.059	2.059	2.0	5
332	2.235	1.922	2.098	2.0	5
333	2.235	1.882	2.078	2.0	5
334	2.098	1.863	2.098	2.039	5
335	1.804	1.784	2.098	2.0	5
336	1.941	1.608	2.039	1.961	5
337	1.941	1.569	1.922	1.941	5
338	1.902	1.745	2.02	1.922	5
339	1.765	1.824	2.0	1.882	5
340	1.569	1.784	1.98	1.863	5
341	1.686	1.686	1.863	1.843	5
342	1.863	1.569	1.902	1.765	5
343	1.961	1.686	2.039	1.765	5
344	2.078	1.98	2.137	1.98	5
345	2.0	1.941	2.118	2.098	5
346	1.706	1.824	1.882	2.098	5
347	1.529	1.824	1.843	1.941	5
348	1.706	1.902	1.922	1.882	5
349	1.882	1.98	1.98	1.824	5
350	2.0	2.0	2.078	1.824	5
351	2.098	1.843	2.059	1.882	5
352	2.157	1.784	2.059	1.98	5
353	1.98	1.843	2.0	2.039	5
354	1.784	1.902	2.02	2.039	5
355	1.804	2.039	2.176	2.039	5
356	2.02	2.078	2.314	2.059	5
357	2.118	1.804	2.118	2.0	5
358	1.941	1.667	1.882	1.902	5
359	1.922	1.863	2.0	1.863	5
360	2.059	2.216	2.196	1.922	5
361	1.784	2.216	2.157	1.922	5
362	1.706	2.0	2.02	2.059	5
363	1.647	2.039	1.922	2.078	5
364	1.882	2.02	2.039	2.078	5
365	2.078	1.961	2.059	2.078	5
366	2.137	1.902	2.02	2.039	5
367	1.922	1.902	1.961	2.02	5
368	1.51	2.0	1.941	2.02	5
369	1.333	1.98	1.843	1.98	5
370	1.431	1.902	1.765	1.863	5
371	2.02	1.824	1.941	1.863	5
372	2.157	2.0	2.235	2.0	5
373	2.039	2.196	2.333	2.176	5
374	1.882	2.098	2.118	2.235	5
375	1.549	1.961	1.882	2.078	5
376	1.765	1.98	1.922	1.902	5
377	2.02	2.078	2.098	1.745	5
378	2.196	2.039	2.137	1.824	5
379	2.039	2.0	2.098	1.902	5
380	1.745	1.941	2.098	2.098	5
381	1.843	1.902	2.059	2.196	5
382	2.098	1.882	2.02	2.137	5
383	2.647	1.804	2.098	1.98	5
384	2.608	1.765	2.196	1.941	5
385	2.333	1.961	2.392	2.0	5
386	2.039	2.039	2.314	1.98	5
387	1.706	2.0	2.059	1.902	5
388	1.98	1.902	1.98	1.824	5
389	2.373	1.686	2.118	1.863	5
390	2.431	1.745	2.235	2.078	5
391	2.294	1.902	2.216	2.196	5
392	1.804	1.863	2.059	2.118	5
393	1.745	1.941	2.078	1.941	5
394	1.882	1.941	2.098	1.863	5
395	2.02	2.039	2.137	1.902	5
396	1.765	2.039	2.0	2.0	5
397	1.725	1.961	2.039	2.059	5
398	1.804	1.784	2.059	2.118	5
399	2.098	1.804	2.078	2.176	5
400	2.235	1.686	2.098	2.176	5
401	2.275	1.706	2.216	2.216	5
402	2.176	1.686	2.157	2.176	5
403	1.706	1.529	2.039	2.078	5
404	1.647	1.412	2.02	1.98	5
405	1.882	1.529	1.961	1.961	5
406	1.902	1.686	2.059	1.98	5
407	2.118	1.824	2.216	2.078	5
408	2.137	1.824	2.255	2.157	5
409	2.02	1.784	2.235	2.137	5
410	1.941	1.745	2.118	2.098	5
411	2.039	1.843	2.059	2.0	5
412	2.137	1.882	2.098	2.02	5
413	2.02	1.843	2.176	2.0	5
414	2.059	1.98	2.118	2.02	5
415	2.078	1.922	2.059	2.02	5
416	2.059	1.98	2.098	2.039	5
417	2.059	1.941	2.137	2.059	5
418	2.02	1.843	2.118	2.078	5
419	2.039	1.824	2.059	2.02	5
420	1.902	1.725	2.02	1.961	5
421	1.784	1.667	1.941	1.941	5
422	1.922	2.059	2.078	1.902	5
423	1.882	2.039	2.059	1.902	5
424	1.843	1.922	2.0	1.941	5
425	1.784	1.902	2.0	1.922	5
426	1.902	2.039	2.039	1.882	5
427	1.902	2.039	2.0	1.882	5
428	1.882	2.059	1.98	1.882	5
429	1.745	2.157	1.961	1.922	5
430	1.706	2.275	1.98	1.922	5
431	2.0	2.333	2.039	1.961	5
432	2.157	2.176	2.078	1.98	5
433	1.843	2.157	1.98	1.941	5
434	1.667	2.098	1.961	1.922	5
435	1.765	1.98	1.941	1.902	5
436	2.059	1.941	1.961	1.941	5
437	2.137	2.02	2.157	1.98	5
438	2.235	2.02	2.196	2.0	5
439	2.0	1.804	2.039	1.922	5
440	1.255	1.529	1.824	1.804	5
441	1.216	1.608	1.843	1.706	5
442	1.255	1.529	1.745	1.608	5
443	1.627	1.569	1.804	1.647	5
444	1.882	1.706	2.0	1.824	5
445	2.216	1.824	2.176	2.039	5
446	2.353	1.98	2.314	2.196	5
447	2.51	1.941	2.314	2.314	5
448	1.902	1.725	2.039	2.216	5
449	1.608	1.647	1.941	1.922	5
450	1.745	1.804	2.0	1.725	5
451	2.118	1.961	2.137	1.784	5
452	2.275	1.961	2.098	1.98	5
453	2.196	1.941	2.137	2.118	5
454	2.196	2.039	2.255	2.255	5
455	2.235	2.039	2.255	2.216	5
456	2.235	1.961	2.216	2.176	5
457	2.157	2.078	2.294	2.098	5
458	2.373	2.314	2.353	2.02	5
459	2.294	2.294	2.294	2.02	5
460	2.294	2.255	2.235	1.98	5
461	2.078	2.157	2.098	1.98	5
462	1.863	2.039	2.098	2.0	5
463	1.902	2.078	2.118	2.0	5
464	1.922	2.196	2.02	1.961	5
465	1.863	2.098	2.02	1.922	5
466	1.882	1.98	1.98	1.902	5
467	1.863	1.941	1.922	1.882	5
468	1.765	1.922	2.0	1.98	5
469	1.824	1.863	1.98	2.039	5
470	1.863	1.725	1.922	1.98	5
471	1.843	1.667	2.0	1.902	5
472	2.098	1.745	2.137	1.922	5
473	1.941	1.882	2.157	1.961	5
474	1.686	1.745	2.02	1.961	5
475	1.784	1.647	1.882	1.882	5
476	1.804	1.529	1.843	1.863	5
477	1.863	1.627	2.176	1.863	5
478	1.882	1.804	2.314	1.941	5
479	1.784	1.706	1.98	2.039	5
480	1.804	1.627	1.843	2.039	5
481	1.843	1.725	1.922	2.02	5
482	1.647	1.941	2.157	2.059	5
483	1.569	1.863	1.941	2.0	5
484	1.255	1.765	1.725	1.824	5
485	2.059	1.824	1.882	1.784	5
486	2.725	1.863	2.255	2.02	5
487	2.941	2.02	2.51	2.353	5
488	2.118	1.961	2.353	2.49	5
489	1.196	1.863	2.039	2.176	5
490	1.451	1.804	1.804	1.902	5
491	1.863	1.882	1.902	1.706	5
492	2.118	2.176	2.235	1.784	5
493	2.275	2.333	2.333	2.02	5
494	2.392	2.314	2.235	2.235	5
495	2.216	2.098	2.157	2.294	5
496	2.196	2.078	2.235	2.275	5
497	2.216	2.059	2.216	2.157	5
498	2.314	2.118	2.275	2.098	5
499	2.255	2.157	2.294	2.098	5
500	2.294	2.039	2.255	2.098	5
501	2.137	2.039	2.118	2.078	5
502	2.275	1.98	2.078	2.039	5
503	2.353	1.725	2.059	2.0	5
504	2.255	1.804	2.137	2.02	5
505	1.961	1.902	2.196	2.02	5
506	1.863	1.667	2.078	1.961	5
507	1.902	1.588	1.961	1.882	5
508	2.118	1.667	2.059	1.863	5
509	2.059	1.667	2.078	1.882	5
510	2.098	1.686	2.039	1.902	5
511	1.902	1.686	2.0	1.941	5
512	1.843	1.765	2.078	2.0	5
513	1.843	1.706	2.0	1.941	5
514	1.706	1.765	1.961	1.863	5
515	1.784	1.961	1.98	1.843	5
516	1.882	1.98	2.059	1.843	5
517	1.922	1.765	2.039	1.882	5
518	1.98	1.765	2.078	2.0	5
519	2.137	1.922	2.157	2.157	5
520	1.922	1.961	2.098	2.196	5
521	1.608	2.02	2.137	2.196	5
522	1.549	1.961	2.039	2.059	5
523	1.745	1.98	2.059	1.843	5
524	1.824	2.098	2.098	1.784	5
525	1.706	2.098	2.118	1.784	5
526	1.627	2.098	1.98	1.843	5
527	1.431	2.039	1.882	1.843	5
528	1.549	2.059	1.98	1.902	5
529	2.255	2.098	2.098	2.02	5
530	2.157	2.118	2.196	2.118	5
531	1.98	2.078	2.216	2.196	5
532	1.686	2.059	2.0	2.039	5
533	1.373	2.078	1.902	1.902	5
534	2.196	1.922	1.902	1.824	5
535	2.569	1.784	2.0	1.843	5
536	2.412	1.784	2.137	2.02	5
537	1.392	1.843	2.157	2.157	5
538	1.451	1.725	1.922	2.118	5
539	1.804	1.647	1.706	1.922	5
540	2.0	1.902	2.0	1.824	5
541	2.451	1.98	2.275	1.863	5
542	2.471	1.902	2.255	2.039	5
543	2.451	2.196	2.294	2.118	5
544	2.196	2.176	2.373	2.235	5
545	2.353	2.196	2.314	2.255	5
546	2.137	2.0	2.078	2.098	5
547	1.667	1.882	2.0	1.882	5
548	1.784	2.039	2.118	1.745	5
549	2.137	2.157	2.176	1.784	5
550	2.078	2.255	2.176	1.98	5
551	2.176	2.196	2.176	2.137	5
552	2.157	2.157	2.157	2.216	5
553	2.314	2.02	2.118	2.137	5
554	2.353	1.941	2.137	2.0	5
555	2.255	1.902	2.157	1.922	5
556	2.235	1.804	2.176	1.922	5
557	1.98	1.686	2.098	1.902	5
558	1.961	1.647	2.098	1.98	5
559	1.804	1.765	2.059	2.0	5
560	1.824	1.922	2.098	1.941	5
561	1.902	2.078	2.039	1.843	5
562	1.902	2.176	2.0	1.824	5
563	1.824	2.02	2.098	1.941	5
564	1.784	1.882	2.118	2.098	5
565	1.804	1.863	1.961	2.059	5
566	2.0	2.039	1.98	1.961	5
567	1.961	2.255	2.118	1.941	5
568	1.863	2.118	2.059	1.961	5
569	1.824	1.941	2.0	1.961	5
570	1.784	1.98	1.961	2.059	5
571	1.686	1.961	1.941	2.137	5
572	1.725	2.039	2.02	2.176	5
573	1.667	1.941	2.039	2.157	5
574	2.078	1.784	2.02	2.078	5
575	2.059	1.843	2.078	2.0	5
576	1.941	1.804	2.176	2.039	5
577	2.0	1.843	2.157	2.039	5
578	1.98	1.843	2.02	2.059	5
579	1.824	1.745	1.882	2.0	5
580	1.706	1.804	2.078	1.922	5
581	1.804	1.882	2.078	1.961	5
582	1.863	1.804	2.039	2.0	5
583	2.02	1.804	2.098	2.039	5
584	1.98	1.843	2.078	2.098	5
585	2.353	1.745	1.98	2.039	5
586	2.235	1.961	2.176	2.039	5
587	2.373	2.118	2.294	2.098	5
588	2.471	1.745	2.118	2.137	5
589	1.843	1.49	2.039	2.078	5
590	1.706	1.608	2.059	1.98	5
591	1.922	1.667	2.078	1.863	5
592	2.039	1.627	2.039	1.843	5
593	1.745	1.706	2.078	1.863	5
594	1.431	1.686	1.961	1.902	5
595	1.314	1.49	1.725	1.804	5
596	1.627	1.549	1.745	1.745	5
597	2.157	1.863	2.02	1.784	5
598	2.49	1.98	2.255	1.941	5
599	2.353	2.0	2.353	2.039	5
600	1.686	1.922	2.039	2.059	5
601	1.843	1.922	1.98	1.98	5
602	2.176	1.882	1.922	1.863	5
603	1.922	1.824	1.863	1.765	5
604	2.0	1.941	2.0	1.824	5
605	2.02	1.941	2.078	1.961	5
606	1.961	1.824	2.078	2.039	5
607	2.039	1.941	2.059	2.02	5
608	2.098	2.059	2.098	2.0	5
609	2.216	2.294	2.255	2.059	5
610	2.275	2.392	2.294	2.098	5
611	2.333	2.235	2.196	2.059	5
612	2.294	2.059	2.157	2.02	5
613	2.118	2.059	2.216	2.02	5
614	1.98	2.255	2.373	2.039	5
615	1.941	2.314	2.235	2.098	5
616	1.98	2.196	2.078	2.098	5
617	1.961	2.196	2.137	2.039	5
618	1.745	2.059	2.176	2.078	5
619	1.824	1.961	2.02	2.059	5
620	1.863	1.863	1.961	1.98	5
621	1.961	1.902	2.078	1.98	5
622	2.02	1.98	2.137	2.02	5
623	2.157	2.196	2.216	2.157	5
624	2.294	2.098	2.176	2.235	5
625	2.059	1.784	2.059	2.196	5
626	1.51	1.627	1.961	1.902	5
627	1.51	1.667	1.902	1.667	5
628	1.373	1.765	1.902	1.627	5
629	1.98	1.902	1.961	1.765	5
630	2.118	1.784	1.941	1.961	5
631	2.059	1.804	2.059	2.039	5
632	2.176	2.137	2.216	2.059	5
633	1.882	2.314	2.314	2.059	5
634	1.902	2.275	2.176	1.98	5
635	1.569	1.922	1.922	1.902	5
636	1.686	1.745	1.902	1.863	5
637	2.118	2.02	2.039	1.941	5
638	2.49	2.255	2.235	2.059	5
639	2.196	2.098	2.176	2.137	5
640	1.922	1.902	2.157	2.137	5
641	1.745	1.961	2.118	2.118	5
642	1.627	1.922	2.118	1.98	5
643	0.941	1.706	1.843	1.863	5
644	1.059	1.725	1.588	1.804	5
645	2.0	1.725	1.745	1.725	5
646	2.902	1.784	2.137	1.784	5
647	3.137	2.216	2.588	2.078	5
648	2.275	2.275	2.549	2.333	5
649	1.294	1.863	2.039	2.235	5
650	1.176	1.49	1.647	1.922	5
651	1.471	1.49	1.686	1.706	5
652	1.824	1.765	1.961	1.686	5
653	2.216	1.902	2.039	1.863	5
654	2.157	1.98	2.118	2.078	5
655	2.098	1.804	2.078	2.137	5
656	2.196	1.667	1.961	2.039	5
657	2.392	1.647	2.098	1.941	5
658	2.216	1.667	2.216	2.039	5
659	2.157	1.784	2.235	2.235	5
660	2.275	1.765	2.216	2.314	5
661	2.078	1.588	2.118	2.176	5
662	1.627	1.745	2.118	2.0	5
663	1.745	1.902	2.137	1.843	5
664	1.824	1.824	1.922	1.725	5
665	1.529	1.686	1.824	1.706	5
666	1.863	1.745	2.039	1.863	5
667	2.549	1.824	2.196	2.118	5
668	2.392	1.824	2.137	2.216	5
669	1.882	1.98	2.137	2.255	5
670	2.255	2.118	2.157	2.216	5
671	2.255	2.078	2.137	2.118	5
672	1.863	1.941	1.961	1.98	5
673	1.275	1.961	1.843	1.824	5
674	1.549	1.882	1.824	1.804	5
675	2.118	1.863	2.02	1.882	5
676	2.471	1.98	2.255	2.039	5
677	2.647	2.039	2.255	2.039	5
678	2.196	2.02	2.314	2.098	5
679	2.137	2.216	2.235	2.098	5
680	2.157	2.157	2.176	2.118	5
681	1.647	2.137	2.059	2.118	5
682	1.471	1.961	1.961	2.0	5
683	1.667	1.882	1.941	1.902	5
684	1.98	1.843	2.0	1.824	5
685	2.196	1.902	2.157	1.863	5
686	1.902	2.039	2.176	1.961	5
687	1.902	2.157	2.157	2.02	5
688	1.98	2.02	2.078	2.078	5
689	1.922	1.765	2.02	2.039	5
690	2.059	1.804	2.118	2.039	5
691	2.059	1.843	2.157	2.039	5
692	2.078	1.686	2.118	2.0	5
693	2.118	1.51	2.157	1.922	5
694	2.196	1.49	2.118	1.941	5
695	1.961	1.569	1.941	1.863	5
696	1.627	1.647	2.039	1.824	5
697	1.725	1.667	2.098	1.863	5
698	1.98	1.784	2.118	1.98	5
699	2.118	1.98	2.176	2.098	5
700	2.176	1.941	2.255	2.118	5
701	2.255	2.039	2.196	2.118	5
702	2.255	2.255	2.235	2.0	5
703	2.137	2.118	2.333	2.0	5
704	1.941	2.0	2.059	2.0	5
705	1.745	1.706	1.843	2.0	5
706	1.843	1.804	1.882	2.0	5
707	2.059	2.098	2.098	2.02	5
708	2.118	2.275	2.118	2.118	5
709	1.902	2.176	2.176	2.137	5
710	1.725	2.235	2.235	2.078	5
711	1.725	2.353	2.118	2.059	5
712	1.784	2.294	2.039	2.0	5
713	1.706	2.176	1.922	1.941	5
714	1.922	2.098	1.98	1.843	5
715	1.765	2.176	2.02	1.863	5
716	1.471	2.275	1.98	1.902	5
717	1.431	2.157	1.863	1.902	5
718	1.647	1.922	1.941	1.863	5
719	2.0	1.941	2.02	1.863	5
720	1.745	2.039	2.078	1.902	5
721	1.333	2.02	1.922	1.961	5
722	1.824	1.922	1.843	1.98	5
723	2.118	2.137	2.078	2.039	5
724	1.843	2.098	2.039	2.0	5
725	1.569	1.784	1.863	1.902	5
726	1.902	1.667	1.98	1.784	5
727	2.294	1.863	2.275	1.843	5
728	2.314	1.824	2.294	2.039	5
729	1.745	1.588	2.059	2.02	5
730	1.588	1.588	1.922	1.922	5
731	1.765	1.647	1.98	1.843	5
732	2.078	1.725	2.0	1.843	5
733	2.275	1.784	2.137	1.922	5
734	2.471	1.941	2.333	2.059	5
735	2.353	1.961	2.333	2.157	5
736	2.235	1.922	2.353	2.196	5
737	2.098	1.765	2.176	2.137	5
738	2.078	1.51	1.922	2.078	5
739	2.137	1.627	2.02	1.902	5
740	2.098	1.667	2.118	1.765	5
741	1.98	1.608	1.843	1.725	5
742	2.078	1.549	1.843	1.824	5
743	2.216	1.588	2.098	1.961	5
744	2.0	1.686	2.137	2.118	5
745	1.451	1.824	2.118	2.216	5
746	1.294	1.667	1.882	2.098	5
747	1.745	1.608	1.745	1.824	5
748	2.294	1.706	1.961	1.725	5
749	2.51	1.843	2.196	1.922	5
750	2.569	1.843	2.137	2.176	5
751	1.667	1.706	1.98	2.176	5
752	1.235	1.667	1.902	1.98	5
753	1.294	1.765	1.98	1.843	5
754	1.706	1.824	2.02	1.843	5
755	2.157	1.902	1.961	2.0	5
756	2.333	1.863	2.039	2.176	5
757	2.353	1.902	2.235	2.294	5
758	2.431	1.784	2.314	2.294	5
759	2.255	1.627	2.157	2.216	5
760	2.078	1.608	1.961	1.98	5
761	2.02	1.667	2.098	1.863	5
762	1.922	1.706	2.157	1.863	5
763	1.941	1.588	2.078	1.863	5
764	2.255	1.608	2.039	1.863	5
765	2.333	1.824	2.098	1.882	5
766	2.118	2.196	2.216	2.02	5
767	1.882	2.255	2.314	2.137	5
768	1.745	2.039	2.176	2.176	5
769	1.902	1.922	2.039	2.059	5
770	1.784	1.941	1.941	1.902	5
771	1.686	2.216	1.98	1.804	5
772	1.51	2.314	1.882	1.784	5
773	1.667	2.176	1.804	1.824	5
774	2.059	2.098	2.02	1.961	5
775	2.725	2.235	2.314	2.216	5
776	2.314	2.157	2.314	2.412	5
777	1.529	2.216	2.235	2.392	5
778	1.412	2.098	2.078	2.157	5
779	1.529	1.922	2.02	1.843	5
780	2.294	2.098	2.157	1.765	5
781	2.275	2.314	2.353	1.941	5
782	2.02	2.098	2.275	2.118	5
783	2.0	1.863	2.157	2.176	5
784	2.157	1.922	2.216	2.176	5
785	2.098	2.039	2.196	2.059	5
786	2.078	2.196	2.255	2.0	5
787	1.98	2.098	2.118	2.02	5
788	1.824	2.098	2.157	1.961	5
789	1.804	2.196	2.059	1.961	5
790	2.216	2.353	2.098	1.961	5
791	2.608	2.196	2.216	2.039	5
792	2.529	1.941	2.314	2.196	5
793	2.275	1.843	2.196	2.216	5
794	1.412	1.647	1.961	2.039	5
795	1.373	1.529	1.843	1.804	5
796	1.529	1.706	1.941	1.745	5
797	1.745	1.882	2.0	1.804	5
798	1.784	2.0	1.922	1.902	5
799	1.765	2.02	1.922	1.941	5
800	1.725	2.157	1.961	1.922	5
801	1.824	2.02	2.02	1.902	5
802	1.765	1.941	2.059	1.882	5
803	2.039	1.961	2.059	1.941	5
804	2.176	2.039	2.118	2.02	5
805	1.961	2.157	2.196	2.098	5
806	2.059	2.294	2.059	2.137	5
807	1.725	2.235	1.922	2.039	5
808	1.627	2.392	1.922	1.902	5
809	1.922	2.392	1.98	1.843	5
810	2.0	2.157	1.863	1.804	5
811	2.039	2.059	1.941	1.824	5
812	1.784	2.02	2.078	1.941	5
813	1.843	2.0	2.118	2.078	5
814	2.235	2.0	2.098	2.118	5
815	2.137	2.02	2.176	2.078	5
816	2.039	2.098	2.255	2.0	5
817	2.157	2.059	2.157	1.98	5
818	2.314	2.059	2.137	1.961	5
819	1.863	1.882	2.118	1.941	5
820	1.667	1.765	2.0	1.961	5
821	1.882	1.804	1.98	1.922	5
822	1.824	1.902	1.961	1.843	5
823	1.588	1.961	1.902	1.824	5
824	1.725	1.941	1.941	1.922	5
825	2.294	1.627	2.039	2.039	5
826	2.588	1.784	2.275	2.216	5
827	2.078	1.941	2.255	2.294	5
828	1.569	2.0	2.118	2.137	5
829	1.941	2.137	2.176	1.941	5
830	2.098	2.098	2.157	1.902	5
831	1.882	1.824	2.059	1.922	5
832	1.392	1.588	1.725	1.863	5
833	1.588	1.686	1.725	1.804	5
834	1.98	1.824	1.922	1.804	5
835	2.059	1.843	2.039	1.902	5
836	2.0	1.922	2.098	2.0	5
837	1.588	1.941	2.157	2.059	5
838	2.098	2.0	2.333	2.196	5
839	2.314	1.706	2.098	2.216	5
840	2.118	1.765	1.843	2.039	5
841	1.765	1.98	2.098	1.941	5
842	2.137	2.078	2.196	1.98	5
843	2.314	1.804	2.118	2.059	5
844	2.176	1.647	2.098	2.118	5
845	2.078	1.647	2.216	2.137	5
846	2.098	1.627	2.314	2.118	5
847	2.02	1.627	2.196	2.078	5
848	2.059	1.667	1.961	1.941	5
849	2.118	1.627	1.961	1.824	5
850	2.176	1.725	2.157	1.824	5
851	2.137	1.863	2.294	1.922	5
852	1.863	1.882	2.373	2.059	5
853	1.51	1.804	2.137	2.098	5
854	1.667	1.765	1.843	2.039	5
855	1.98	1.784	1.941	1.882	5
856	2.059	1.902	2.078	1.804	5
857	2.059	2.059	2.118	1.804	5
858	1.804	1.941	2.039	1.941	5
859	1.902	1.784	1.922	2.02	5
860	1.98	1.667	1.824	1.98	5
861	1.922	1.784	1.863	1.882	5
862	1.843	1.941	2.039	1.843	5
863	2.196	2.0	2.078	1.843	5
864	2.196	2.0	2.078	2.02	5
865	1.922	2.137	2.059	2.059	5
866	1.686	2.118	2.02	2.039	5
867	2.059	2.039	2.098	1.961	5
868	2.216	1.843	2.118	1.922	5
869	2.412	1.784	2.098	1.922	5
870	2.176	2.0	2.137	1.98	5
871	2.0	2.039	2.059	1.98	5
872	2.137	2.039	2.0	2.059	5
873	2.118	2.176	2.216	2.118	5
874	1.882	2.157	2.235	2.255	5
875	2.02	1.941	2.176	2.255	5
876	2.02	1.863	2.059	2.157	5
877	1.98	1.922	2.078	2.039	5
878	2.137	1.922	2.157	1.98	5
879	2.157	1.824	2.157	2.039	5
880	1.98	1.804	2.157	2.098	5
881	2.0	1.824	2.137	2.078	5
882	1.863	1.725	2.02	2.078	5
883	1.922	1.824	2.039	2.02	5
884	1.98	1.922	2.137	2.0	5
885	1.961	1.922	2.137	2.0	5
886	1.882	1.843	2.157	2.039	5
887	1.667	1.667	2.039	1.961	5
888	1.51	1.529	1.843	1.863	5
889	1.588	1.549	1.824	1.843	5
890	2.02	1.784	2.0	1.843	5
891	2.373	1.922	2.118	1.961	5
892	2.255	1.941	2.235	2.118	5
893	1.745	2.02	2.059	2.157	5
894	1.549	2.059	2.02	2.02	5
895	1.765	1.98	1.961	1.882	5
896	1.765	1.98	1.98	1.863	5
897	2.0	2.078	2.059	1.902	5
898	2.216	1.941	2.118	2.0	5
899	2.02	1.941	2.294	2.059	5
900	1.922	2.235	2.294	2.078	5
901	1.569	2.431	2.137	2.0	5
902	1.706	2.353	1.863	1.902	5
903	1.922	2.137	1.98	1.824	5
904	2.0	2.118	2.196	1.863	5
905	1.863	2.255	2.137	1.961	5
906	1.882	2.137	2.078	1.941	5
907	2.255	2.02	2.118	1.98	5
908	2.098	1.961	2.039	1.98	5
909	1.922	1.941	1.961	2.0	5
910	1.431	1.863	1.784	1.922	5
911	1.118	1.824	1.686	1.784	5
912	1.843	1.784	1.765	1.706	5
913	2.588	1.706	1.961	1.725	5
914	2.765	1.608	2.235	1.882	5
915	2.333	1.843	2.294	2.078	5
916	1.784	1.922	2.216	2.157	5
917	1.569	1.784	1.902	2.02	5
918	1.667	1.824	1.882	1.941	5
919	2.118	1.961	2.078	1.902	5
920	2.392	1.882	2.235	1.882	5
921	2.275	2.02	2.294	1.882	5
922	2.02	2.137	2.275	1.98	5
923	2.098	2.0	2.294	2.137	5
924	2.216	1.843	2.196	2.176	5
925	2.255	1.941	2.02	2.137	5
926	2.118	2.0	2.137	2.078	5
927	1.922	1.961	2.196	2.078	5
928	2.118	1.922	2.078	1.98	5
929	2.373	1.824	2.216	1.961	5
930	2.196	1.882	2.314	2.137	5
931	1.843	1.863	2.255	2.157	5
932	1.784	1.588	1.961	2.098	5
933	1.843	1.451	1.824	1.902	5
934	1.686	1.647	1.98	1.843	5
935	1.843	1.824	2.059	1.922	5
936	1.941	1.824	2.059	2.02	5
937	2.02	1.843	2.02	2.039	5
938	1.882	1.686	1.941	1.98	5
939	1.882	1.686	2.039	1.961	5
940	1.922	1.784	2.098	1.882	5
941	1.804	1.882	2.0	1.941	5
942	2.0	1.922	1.961	1.98	5
943	2.0	1.843	1.922	2.098	5
944	1.745	1.686	1.902	2.118	5
945	1.843	1.608	2.098	2.098	5
946	1.922	1.647	2.078	2.059	5
947	2.02	1.588	1.902	1.922	5
948	2.098	1.667	2.0	1.843	5
949	2.275	1.882	2.176	1.843	5
950	2.137	1.941	2.275	2.0	5
951	1.882	2.196	2.294	2.157	5
952	1.765	2.137	2.137	2.157	5
953	1.706	1.824	2.02	2.039	5
954	1.843	1.824	2.02	1.824	5
955	1.882	1.922	2.098	1.745	5
956	1.941	2.118	2.157	1.824	5
957	1.961	2.137	2.196	1.98	5
958	2.157	2.157	2.157	2.137	5
959	2.255	2.235	2.196	2.196	5
960	2.353	2.196	2.275	2.216	5
961	2.412	2.039	2.216	2.137	5
962	2.118	1.725	2.098	2.039	5
963	2.098	1.569	2.078	1.922	5
964	1.902	1.647	1.98	1.902	5
965	1.608	1.922	2.0	1.863	5
966	1.784	1.941	2.098	2.0	5
967	2.353	1.686	2.098	2.078	5
968	2.549	1.569	2.118	2.039	5
969	2.078	1.765	2.118	1.98	5
970	1.765	1.863	2.0	1.922	5
971	1.98	2.137	2.137	1.941	5
972	1.902	2.118	2.216	2.0	5
973	1.863	1.922	2.059	2.02	5
974	1.745	1.922	1.961	1.98	5
975	1.804	2.059	2.059	1.922	5
976	1.902	2.118	2.0	1.922	5
977	2.098	2.294	2.039	2.0	5
978	2.078	2.412	2.137	2.176	5
979	1.922	2.294	2.118	2.216	5
980	1.882	2.235	2.059	2.176	5
981	1.51	2.137	2.0	2.0	5
982	1.529	1.98	2.039	1.824	5
983	1.804	2.0	2.078	1.824	5
984	2.392	2.078	2.216	1.98	5
985	2.255	2.118	2.255	2.098	5
986	1.765	2.078	2.255	2.078	5
987	1.804	2.039	2.098	1.98	5
988	1.922	2.039	2.0	1.941	5
989	1.784	2.039	2.137	1.941	5
990	1.647	2.02	2.118	1.98	5
991	1.765	2.0	2.157	1.922	5
992	1.922	1.941	1.902	1.98	5
993	2.216	1.941	1.863	1.902	5
994	2.098	1.98	2.137	1.902	5
995	2.039	2.0	2.157	2.0	5
996	1.843	1.961	2.137	2.098	5
997	1.549	1.863	2.02	2.137	5
998	1.412	1.627	1.843	2.0	5
999	1.588	1.588	1.824	1.863	5
1000	2.0	1.863	2.02	1.784	5
1001	2.196	2.098	2.098	1.843	5
1002	2.157	2.039	2.098	2.0	5
1003	2.078	1.804	2.078	2.078	5
1004	1.941	1.902	1.961	2.059	5
1005	1.765	1.863	1.902	1.941	5
1006	1.882	1.824	2.039	1.863	5
1007	2.118	1.922	2.118	1.922	5
1008	2.039	1.941	2.059	1.922	5
1009	1.98	2.02	2.098	1.941	5
1010	2.118	2.078	2.039	1.922	5
1011	2.275	2.039	1.98	1.902	5
1012	2.353	1.961	2.039	1.98	5
1013	2.412	1.98	2.216	2.176	5
1014	2.412	2.0	2.255	2.216	5
1015	2.157	1.863	2.157	2.098	5
1016	1.922	1.765	1.98	1.882	5
1017	1.824	1.725	1.941	1.745	5
1018	2.078	1.745	2.02	1.863	5
1019	1.98	1.863	2.176	2.098	5
1020	2.02	1.784	2.059	2.216	5
1021	1.843	1.608	1.843	2.0	5
1022	1.824	1.765	1.961	1.784	5
1023	2.157	2.0	2.216	1.804	5
1024	2.196	1.98	2.373	2.02	5
1025	2.118	1.941	2.196	2.176	5
1026	1.863	1.686	1.98	2.255	5
1027	2.0	1.627	1.922	2.157	5
1028	2.02	1.647	2.039	2.059	5
1029	2.078	1.784	2.118	2.039	5
1030	2.098	1.745	2.157	2.078	5
1031	1.98	1.667	2.078	2.059	5
1032	1.922	1.667	2.0	2.059	5
1033	1.961	1.765	2.059	2.02	5
1034	1.765	1.706	2.059	1.922	5
1035	1.451	1.667	2.02	1.902	5
1036	1.686	1.608	2.059	1.922	5
1037	2.235	1.725	2.157	1.98	5
1038	2.333	1.922	2.216	2.039	5
1039	2.059	2.118	2.255	2.078	5
1040	1.824	2.039	2.137	2.078	5
1041	1.686	1.941	2.0	2.0	5
1042	1.706	1.882	1.882	1.961	5
1043	2.0	1.941	1.98	1.843	5
1044	2.078	1.98	2.059	1.902	5
1045	2.098	1.902	2.059	1.941	5
1046	2.176	2.059	2.176	2.039	5
1047	1.98	2.0	2.137	2.118	5
1048	1.863	1.706	1.98	2.118	5
1049	1.804	1.745	2.039	2.059	5
1050	1.765	1.882	2.118	1.98	5
1051	1.922	1.765	2.02	1.863	5
1052	2.078	1.588	2.02	1.804	5
1053	2.157	1.667	2.157	1.863	5
1054	2.353	1.706	2.137	1.98	5
1055	2.118	1.941	2.137	2.118	5
1056	1.784	2.176	2.157	2.118	5
1057	1.627	1.941	2.118	2.0	5
1058	1.686	1.804	2.059	1.902	5
1059	1.745	1.961	1.98	1.882	5
1060	1.882	2.196	2.118	1.922	5
1061	2.118	2.333	2.157	2.059	5
1062	2.255	2.294	2.216	2.157	5
1063	2.118	2.157	2.137	2.137	5
1064	1.961	2.157	2.078	2.078	5
1065	1.941	2.255	2.137	2.02	5
1066	2.039	2.294	2.216	2.0	5
1067	2.078	2.235	2.196	1.961	5
1068	2.059	2.137	2.255	1.941	5
1069	2.098	2.157	2.176	2.0	5
1070	1.843	2.196	2.176	2.039	5
1071	1.882	2.255	2.078	2.059	5
1072	1.902	2.098	2.0	1.98	5
1073	1.961	2.02	1.98	1.882	5
1074	1.902	2.02	2.078	1.804	5
1075	1.804	2.098	2.118	1.784	5
1076	1.784	2.039	2.098	1.902	5
1077	1.922	2.02	2.078	2.02	5
1078	2.118	1.941	2.02	2.078	5
1079	2.02	1.745	1.941	2.039	5
1080	1.804	1.706	1.902	2.02	5
1081	1.824	1.706	1.922	1.98	5
1082	1.882	1.804	1.941	1.922	5
1083	1.863	1.824	1.98	1.902	5
1084	1.765	1.784	1.922	1.902	5
1085	1.824	1.647	2.0	1.882	5
1086	1.725	1.667	2.02	1.882	5
1087	1.569	1.843	2.0	1.941	5
1088	1.549	1.843	1.922	1.961	5
1089	1.725	1.647	1.804	1.882	5
1090	1.98	1.941	1.902	1.824	5
1091	2.078	2.157	2.275	1.98	5
1092	2.216	2.196	2.294	2.176	5
1093	1.471	1.922	1.941	2.098	5
1094	1.471	1.941	1.882	2.0	5
1095	1.608	2.0	1.843	1.843	5
1096	1.882	2.039	1.941	1.843	5
1097	1.961	2.176	2.02	1.922	5
1098	2.157	2.196	2.176	2.039	5
1099	2.176	2.137	2.216	2.157	5
1100	2.275	1.98	2.333	2.216	5
1101	2.157	1.784	2.196	2.235	5
1102	2.059	1.725	1.98	2.137	5
1103	2.098	1.941	2.078	2.02	5
1104	1.902	2.02	2.137	1.882	5
1105	1.863	1.98	2.039	1.765	5
1106	1.824	1.941	2.02	1.765	5
1107	1.941	1.804	2.02	1.824	5
1108	2.078	1.745	2.078	1.961	5
1109	2.235	1.941	2.196	2.137	5
1110	2.176	2.098	2.196	2.176	5
1111	2.392	2.059	2.176	2.059	5
1112	2.51	1.902	2.098	2.0	5
1113	2.314	1.784	2.078	1.941	5
1114	1.843	1.686	1.98	1.941	5
1115	1.882	1.686	2.02	2.02	5
1116	2.118	1.784	2.118	2.137	5
1117	2.098	1.725	2.118	2.176	5
1118	2.176	1.647	2.118	2.137	5
1119	2.196	1.49	2.118	2.059	5
1120	2.118	1.647	2.196	2.0	5
1121	1.961	1.627	2.098	2.0	5
1122	2.118	1.627	2.098	1.98	5
1123	1.941	1.745	2.098	2.0	5
1124	1.882	1.882	2.098	2.059	5
1125	2.02	1.745	2.137	2.059	5
1126	2.039	1.725	2.157	2.078	5
1127	1.667	2.02	2.157	2.0	5
1128	1.51	1.941	2.078	2.039	5
1129	1.51	1.804	1.824	2.02	5
1130	1.882	1.667	1.804	1.941	5
1131	2.255	1.902	1.98	1.902	5
1132	2.451	1.98	2.137	1.941	5
1133	2.353	2.039	2.314	2.039	5
1134	2.0	2.0	2.255	2.098	5
1135	1.667	1.941	2.039	2.039	5
1136	1.627	2.02	1.902	1.961	5
1137	1.961	1.98	2.059	1.902	5
1138	2.02	1.902	2.098	1.941	5
1139	2.255	1.941	2.216	1.98	5
1140	2.373	1.961	2.176	2.0	5
1141	2.098	2.137	2.216	1.98	5
1142	1.98	2.255	2.294	1.98	5
1143	2.098	2.157	2.216	1.961	5
1144	2.157	2.039	2.196	1.882	5
1145	2.176	2.098	2.196	1.941	5
1146	1.902	2.078	2.118	1.98	5
1147	1.608	1.765	1.98	2.02	5
1148	1.686	1.824	1.922	1.98	5
1149	2.0	1.98	2.02	1.961	5
1150	2.196	2.059	2.216	1.961	5
1151	2.059	2.059	2.235	2.02	5
1152	1.863	2.059	2.176	2.059	5
1153	1.706	1.98	2.098	2.02	5
1154	1.627	1.725	1.98	1.902	5
1155	1.765	1.667	1.941	1.804	5
1156	1.843	1.804	1.98	1.804	5
1157	1.98	2.02	2.098	1.882	5
1158	1.902	2.216	2.118	1.98	5
1159	1.843	2.137	2.137	2.098	5
1160	1.922	2.02	2.098	2.098	5
1161	1.863	1.98	2.0	2.0	5
1162	2.0	2.157	2.098	1.98	5
1163	2.039	2.078	2.039	1.961	5
1164	1.863	1.961	2.0	1.941	5
1165	1.863	2.118	1.98	1.941	5
1166	1.863	2.078	1.922	1.961	5
1167	2.196	1.922	2.02	1.98	5
1168	2.216	2.039	2.176	2.039	5
1169	1.922	2.098	2.294	2.098	5
1170	1.765	2.098	2.118	2.098	5
1171	1.627	1.941	2.02	2.0	5
1172	1.725	1.863	2.02	1.902	5
1173	1.961	1.647	1.765	1.824	5
1174	1.922	1.667	1.804	1.784	5
1175	2.0	2.059	2.098	1.863	5
1176	1.667	2.157	2.157	1.902	5
1177	1.647	2.078	2.059	1.941	5
1178	1.922	2.0	1.98	2.02	5
1179	2.118	2.0	2.078	2.078	5
1180	2.176	1.922	2.039	2.078	5
1181	2.157	1.863	2.098	2.059	5
1182	2.02	1.961	2.059	1.98	5
1183	1.804	1.961	1.961	2.0	5
1184	1.745	1.863	1.922	2.02	5
1185	2.02	1.765	1.961	2.0	5
1186	2.02	1.686	2.0	1.961	5
1187	1.706	1.804	2.02	2.0	5
1188	1.922	1.882	2.176	2.078	5
1189	2.157	1.882	2.176	2.118	5
1190	2.039	1.784	2.02	1.98	5
1191	1.902	1.804	1.922	1.824	5
1192	1.98	1.824	1.961	1.843	5
1193	2.255	1.882	2.235	2.02	5
1194	2.059	1.843	2.176	2.157	5
1195	1.569	1.706	2.039	2.176	5
1196	1.843	1.765	2.039	2.039	5
1197	2.157	1.804	1.922	1.863	5
1198	2.196	1.784	2.02	1.843	5
1199	2.137	1.784	2.137	1.961	5
1200	2.176	1.667	2.118	2.059	5
1201	1.961	1.588	1.941	2.078	5
1202	1.804	1.471	2.0	2.078	5
1203	1.804	1.569	2.118	2.039	5
1204	2.0	1.647	2.118	1.98	5
1205	2.137	1.765	1.98	1.98	5
1206	1.922	1.686	1.98	1.941	5
1207	2.078	1.961	2.176	1.98	5
1208	2.294	2.039	2.255	2.039	5
1209	2.118	1.922	2.176	2.098	5
1210	1.765	1.863	2.098	2.098	5
1211	1.529	1.961	2.02	1.941	5
1212	1.863	2.059	2.0	1.804	5
1213	2.235	2.176	2.098	1.824	5
1214	2.333	2.275	2.216	1.98	5
1215	2.196	2.176	2.176	2.137	5
1216	2.078	2.157	2.157	2.235	5
1217	2.098	2.137	2.235	2.235	5
1218	2.373	2.137	2.255	2.216	5
1219	2.176	2.059	2.196	2.098	5
1220	1.961	1.902	2.216	1.98	5
1221	2.157	2.02	2.196	1.941	5
1222	2.216	1.941	2.275	1.922	5
1223	2.098	1.686	2.137	1.98	5
1224	2.0	1.667	2.059	1.98	5
1225	1.882	1.725	2.098	1.961	5
1226	1.765	1.765	2.02	1.902	5
1227	1.667	1.863	1.941	1.804	5
1228	1.706	1.98	2.0	1.804	5
1229	2.0	1.902	2.059	1.882	5
1230	2.471	1.824	2.196	2.02	5
1231	2.373	1.863	2.176	2.098	5
1232	1.922	1.843	2.078	2.039	5
1233	1.765	2.0	1.98	1.941	5
1234	1.627	1.882	1.902	1.843	5
1235	1.784	1.902	1.882	1.824	5
1236	2.098	2.039	2.02	1.863	5
1237	2.137	2.059	2.118	1.961	5
1238	2.098	1.922	2.137	2.0	5
1239	1.922	1.902	2.118	2.039	5
1240	1.765	2.02	2.137	2.059	5
1241	1.902	2.078	2.176	2.039	5
1242	1.98	2.0	2.078	2.0	5
1243	1.922	2.0	2.059	1.941	5
1244	1.549	2.039	2.137	2.0	5
1245	1.392	2.039	2.059	2.039	5
1246	1.725	1.843	1.863	1.98	5
1247	2.078	1.667	1.98	1.882	5
1248	2.196	1.902	2.157	1.941	5
1249	2.216	2.196	2.353	2.137	5
1250	2.059	2.333	2.353	2.353	5
1251	1.608	1.961	2.098	2.314	5
1252	1.608	1.824	1.941	2.137	5
1253	1.745	1.902	1.843	1.941	5
1254	1.804	1.882	1.922	1.804	5
1255	1.843	1.922	2.157	1.824	5
1256	1.922	2.0	2.176	2.0	5
1257	1.843	2.078	2.098	2.059	5
1258	1.765	2.039	2.0	2.0	5
1259	1.51	2.0	2.039	1.902	5
1260	1.686	2.118	2.039	1.922	5
1261	1.784	2.02	1.922	1.922	5
1262	1.961	1.961	2.0	1.902	5
1263	2.157	2.216	2.176	1.922	5
1264	2.294	2.157	2.137	2.0	5
1265	1.961	2.078	2.0	1.98	5
1266	1.627	1.804	1.824	1.882	5
1267	1.569	1.667	1.765	1.804	5
1268	1.902	1.647	1.745	1.745	5
1269	2.098	1.784	1.961	1.843	5
1270	2.235	1.98	2.255	2.059	5
1271	2.255	1.882	2.216	2.137	5
1272	2.118	1.863	2.039	2.0	5
1273	2.059	1.824	1.922	1.882	5
1274	2.02	1.765	2.02	1.824	5
1275	2.118	1.765	2.059	1.882	5
1276	2.216	1.882	2.157	2.0	5
1277	2.294	2.02	2.137	2.039	5
1278	2.078	2.098	2.216	2.02	5
1279	2.02	2.039	2.137	1.922	5
1280	1.941	1.882	1.98	1.863	5
1281	2.059	1.941	2.059	1.902	5
1282	2.039	2.098	2.137	1.98	5
1283	2.098	1.941	2.078	2.039	5
1284	2.039	1.961	2.078	2.059	5
1285	2.137	2.0	2.098	2.118	5
1286	2.157	1.961	2.157	2.157	5
1287	2.255	1.98	2.235	2.176	5
1288	2.0	1.843	2.098	2.118	5
1289	1.745	1.706	2.059	1.961	5
1290	1.882	1.745	2.059	1.922	5
1291	2.078	1.804	2.137	1.902	5
1292	2.176	1.804	2.176	2.0	5
1293	1.961	1.824	2.157	2.078	5
1294	1.824	1.804	2.118	2.078	5
1295	1.922	1.843	2.137	2.02	5
1296	2.039	1.961	2.196	2.02	5
1297	2.039	1.922	2.176	2.078	5
1298	1.843	1.902	2.137	2.137	5
1299	1.765	1.882	2.059	2.098	5
1300	1.863	1.686	1.961	2.039	5
1301	1.765	1.784	2.02	1.961	5
1302	1.863	1.843	2.059	1.941	5
1303	2.098	1.765	2.098	1.98	5
1304	2.255	1.784	2.118	2.059	5
1305	2.118	1.843	2.255	2.078	5
1306	1.882	1.882	2.157	2.059	5
1307	1.824	1.706	2.059	1.98	5
1308	1.784	1.529	1.98	1.922	5
1309	1.922	1.647	2.02	1.882	5
1310	2.059	1.784	2.078	1.882	5
1311	2.118	1.941	2.118	1.941	5
1312	2.098	2.02	2.098	1.941	5
1313	1.961	1.902	2.039	1.922	5
1314	2.078	1.843	2.039	1.902	5
1315	2.294	1.902	2.176	1.961	5
1316	2.098	2.039	2.196	2.039	5
1317	1.941	1.863	2.039	2.059	5
1318	2.039	1.843	1.941	2.02	5
1319	2.255	1.843	1.98	1.922	5
1320	2.176	1.941	2.059	1.882	5
1321	2.157	2.059	2.176	1.922	5
1322	1.922	1.941	2.118	1.98	5
1323	1.706	1.902	1.961	2.059	5
1324	1.824	1.902	2.059	2.118	5
1325	1.98	1.745	2.059	2.078	5
1326	1.902	1.804	2.059	1.961	5
1327	1.863	1.824	2.059	1.902	5
1328	1.902	1.863	2.039	1.863	5
1329	1.882	2.078	2.157	1.941	5
1330	1.804	2.196	2.176	2.0	5
1331	1.824	2.157	2.098	2.059	5
1332	1.824	2.275	2.059	2.098	5
1333	1.863	2.137	2.059	2.098	5
1334	1.902	1.941	2.059	2.059	5
1335	1.863	2.098	2.078	2.039	5
1336	1.922	2.196	2.098	2.098	5
1337	1.941	2.216	2.078	2.078	5
1338	1.961	2.078	2.078	2.059	5
1339	1.882	2.118	2.078	2.039	5
1340	1.824	2.157	2.0	2.039	5
1341	1.784	2.235	2.039	1.961	5
1342	1.706	2.157	2.0	1.902	5
1343	1.765	2.176	2.02	1.922	5
1344	1.961	2.137	2.02	1.941	5
1345	2.078	2.059	2.098	1.98	5
1346	1.902	2.0	2.078	2.0	5
1347	1.745	2.039	2.098	2.039	5
1348	1.765	2.059	2.098	2.039	5
1349	1.882	2.0	2.039	1.961	5
1350	1.961	1.961	2.0	1.922	5
1351	1.922	1.824	1.902	1.863	5
1352	1.922	1.843	1.98	1.882	5
1353	1.922	1.922	2.059	2.02	5
1354	2.0	1.804	2.039	2.118	5
1355	2.039	1.765	2.098	2.118	5
1356	2.02	1.725	2.098	2.059	5
1357	1.941	1.686	2.039	1.961	5
1358	1.902	1.647	2.0	1.902	5
1359	1.824	1.706	2.098	1.902	5
1360	1.98	1.824	2.098	1.961	5
1361	1.941	1.804	2.078	1.98	5
1362	1.98	1.804	2.059	1.961	5
1363	1.922	1.824	2.078	1.941	5
1364	1.922	1.863	2.098	1.98	5
1365	2.039	1.863	2.078	1.98	5
1366	2.118	1.863	2.098	1.98	5
1367	2.0	1.941	2.118	2.02	5
1368	2.039	1.804	2.02	2.02	5
1369	2.02	1.843	2.02	2.02	5
1370	2.098	1.824	2.059	2.0	5
1371	2.137	1.824	2.078	2.02	5
1372	2.118	1.784	2.098	2.0	5
1373	2.039	1.725	2.078	2.0	5
1374	1.98	1.765	2.098	1.902	5
1375	2.078	1.804	2.059	1.902	5
1376	2.0	1.765	2.078	1.922	5
1377	1.941	1.765	2.039	1.941	5
1378	1.627	1.784	2.039	2.0	5
1379	1.569	1.843	2.02	1.98	5
1380	1.667	1.745	1.922	1.882	5
1381	1.824	1.706	1.922	1.784	5
1382	2.275	1.902	2.157	1.882	5
1383	2.235	2.098	2.294	2.078	5
1384	2.275	2.059	2.216	2.176	5
1385	1.902	1.863	2.0	2.157	5
1386	1.569	1.784	1.941	2.02	5
1387	1.804	1.804	1.98	1.922	5
1388	2.039	1.843	2.02	1.902	5
1389	2.176	1.882	2.098	1.98	5
1390	2.137	1.843	2.157	2.039	5
1391	2.118	1.843	2.157	2.059	5
1392	2.157	1.961	2.176	2.098	5
1393	2.137	1.922	2.196	2.078	5
1394	2.176	1.922	2.137	2.0	5
1395	2.098	1.941	2.118	1.98	5
1396	2.098	1.98	2.118	1.961	5
1397	2.059	1.961	2.157	1.922	5
1398	2.039	1.961	2.137	1.941	5
1399	2.02	1.961	2.098	1.98	5
1400	2.0	2.059	2.157	2.02	5
1401	2.0	2.02	2.118	2.059	5
1402	2.059	1.961	2.039	2.02	5
1403	2.02	1.961	2.059	2.0	5
1404	2.039	1.941	2.039	2.0	5
1405	2.02	1.863	2.059	1.98	5
1406	1.98	1.843	2.078	1.98	5
1407	1.941	1.745	2.059	1.961	5
1408	1.922	1.745	2.02	1.98	5
1409	1.863	1.843	2.059	1.98	5
1410	1.941	1.843	2.059	1.961	5
1411	1.902	1.824	2.039	1.941	5
1412	1.922	1.882	2.02	1.922	5
1413	1.882	1.922	2.02	1.902	5
1414	1.882	1.863	2.098	1.902	5
1415	1.863	1.922	2.078	1.902	5
1416	1.922	1.961	2.078	1.941	5
1417	1.863	1.98	2.039	2.0	5
1418	1.882	1.961	2.02	2.039	5
1419	1.902	1.941	2.039	2.02	5
1420	1.922	2.02	2.0	1.98	5
1421	2.02	2.098	2.02	1.922	5
1422	2.0	2.039	2.059	1.922	5
1423	2.02	2.0	2.118	1.98	5
1424	1.961	1.902	2.098	2.02	5
1425	1.882	1.882	2.039	2.059	5
1426	1.824	1.98	2.098	2.039	5
1427	1.922	2.098	2.196	2.02	5
1428	1.961	2.02	2.098	1.961	5
1429	1.941	1.98	2.039	1.922	5
1430	1.922	2.039	2.098	1.922	5
1431	1.922	2.078	2.118	1.98	5
1432	1.922	2.078	2.098	1.98	5
1433	1.941	2.059	2.118	1.98	5
1434	2.02	2.059	2.118	2.0	5
1435	1.98	2.098	2.118	2.039	5
1436	2.02	2.02	2.078	2.039	5
1437	1.961	1.961	2.059	2.039	5
1438	2.02	1.961	2.059	2.02	5
1439	2.0	1.941	2.078	2.0	5
1440	2.02	1.961	2.118	2.039	5
1441	1.961	1.863	2.098	2.059	5
1442	1.941	1.804	2.098	1.98	5
1443	1.922	1.804	2.039	1.961	5
1444	1.961	1.902	2.157	1.922	5
1445	1.961	1.98	2.118	2.0	5
1446	1.961	1.922	2.098	2.0	5
1447	1.941	1.941	2.078	2.02	5
1448	1.922	1.882	2.078	2.0	5
1449	1.882	1.882	2.039	1.98	5
1450	1.941	1.961	2.098	1.922	5
1451	1.941	2.02	2.157	2.0	5
1452	1.922	1.98	2.078	2.078	5
1453	1.98	1.922	2.039	2.059	5
1454	1.98	1.882	2.02	2.039	5
1455	2.0	1.902	2.039	2.02	5
1456	2.02	1.922	2.059	2.039	5
1457	2.02	1.843	2.039	2.039	5
1458	1.961	1.745	2.039	2.02	5
1459	1.922	1.824	2.078	2.02	5
1460	1.98	1.863	2.098	1.98	5
1461	1.922	1.824	2.078	2.0	5
1462	1.941	1.863	2.059	1.98	5
1463	1.941	1.882	2.059	1.961	5
1464	1.922	1.843	2.059	1.961	5
1465	1.922	1.824	2.078	1.961	5
1466	1.922	1.843	2.059	1.98	5
1467	1.941	1.902	2.059	1.961	5
1468	2.02	1.922	2.118	1.98	5
1469	1.961	1.98	2.137	2.039	5
1470	2.02	1.961	2.039	2.039	5
1471	1.961	1.941	2.039	2.02	5
1472	2.039	1.961	2.039	2.0	5
1473	2.0	1.882	2.059	2.02	5
1474	2.039	1.804	2.039	2.02	5
1475	1.941	1.765	2.059	2.02	5
1476	1.941	1.784	2.118	2.0	5
1477	1.922	1.863	2.039	1.98	5
1478	1.961	1.863	2.098	1.961	5
1479	1.922	1.902	2.078	1.941	5
1480	1.922	1.941	2.078	1.961	5
1481	1.941	1.98	2.059	1.961	5
1482	1.922	1.98	2.118	1.961	5
1483	1.882	1.941	2.098	1.961	5
1484	1.941	1.941	2.078	1.98	5
1485	1.961	1.98	2.078	1.98	5
1486	1.961	2.098	2.137	2.02	5
1487	2.0	2.039	2.059	2.02	5
1488	1.98	2.0	2.059	2.039	5
1489	2.02	2.039	2.098	2.039	5
1490	2.039	2.0	2.059	2.02	5
1491	2.039	1.98	2.059	2.039	5
1492	1.941	1.941	2.118	2.02	5
1493	1.941	1.902	2.118	2.059	5
1494	1.843	1.941	2.098	1.98	5
1495	1.98	1.961	2.118	1.941	5
1496	1.961	2.0	2.098	1.961	5
1497	1.961	1.961	2.098	1.961	5
1498	1.961	2.02	2.098	1.98	5
1499	1.941	1.961	2.098	1.961	5
