time	channel1	channel2	channel3	channel4	class
0	1.824	1.941	2.137	2.118	0
1	1.765	1.961	2.078	2.118	0
2	1.902	2.078	2.039	2.078	0
3	2.059	2.078	2.02	1.961	0
4	2.098	2.098	2.118	1.902	0
5	2.098	2.118	2.157	1.882	0
6	2.098	1.98	2.157	1.941	0
7	2.059	1.863	2.137	2.039	0
8	2.02	1.824	2.157	2.118	0
9	1.98	1.824	2.176	2.118	0
10	2.059	1.843	2.137	2.118	0
11	2.059	1.863	2.157	2.098	0
12	2.059	1.902	2.157	2.039	0
13	2.098	1.922	2.157	2.0	0
14	2.098	1.922	2.137	1.98	0
15	2.039	1.843	2.078	2.0	0
16	2.039	1.882	2.137	2.078	0
17	2.039	1.961	2.137	2.118	0
18	2.02	2.02	2.157	2.157	0
19	2.02	2.059	2.176	2.078	0
20	2.039	1.961	2.098	2.02	0
21	2.137	1.961	2.039	1.922	0
22	2.137	1.941	2.098	1.922	0
23	2.059	1.824	2.039	1.882	0
24	1.941	1.804	1.98	1.922	0
25	1.902	1.863	2.0	2.039	0
26	1.804	1.863	2.059	2.098	0
27	1.765	1.804	2.098	2.118	0
28	1.686	1.765	2.059	2.078	0
29	1.804	1.745	2.039	2.039	0
30	1.961	1.863	2.02	1.98	0
31	2.039	1.922	1.941	1.882	0
32	1.882	1.863	1.922	1.902	0
33	1.824	1.922	2.0	1.98	0
34	1.824	1.941	2.039	2.098	0
35	1.843	2.098	2.0	2.137	0
36	1.882	2.196	2.02	2.078	0
37	1.902	2.098	1.98	2.0	0
38	1.941	2.176	2.098	1.902	0
39	1.98	2.059	2.078	1.843	0
40	1.98	1.922	2.02	1.843	0
41	2.0	1.863	2.059	1.922	0
42	1.941	1.824	2.078	2.039	0
43	1.98	1.725	2.137	2.118	0
44	2.02	1.667	2.02	2.098	0
45	1.922	1.627	2.0	2.02	0
46	2.02	1.765	2.039	1.961	0
47	2.137	1.902	2.137	1.961	0
48	2.157	1.941	2.157	1.98	0
49	2.02	1.922	2.176	2.0	0
50	1.804	1.843	2.098	2.039	0
51	1.824	1.843	2.078	2.118	0
52	2.039	2.0	2.098	2.098	0
53	2.098	2.196	2.157	2.059	0
54	2.118	2.059	2.02	1.941	0
55	2.059	2.0	2.059	1.882	0
56	1.98	1.961	2.098	1.843	0
57	1.902	1.961	2.137	1.882	0
58	1.824	1.843	2.118	2.0	0
59	1.902	1.804	2.118	2.118	0
60	2.078	1.706	2.157	2.157	0
61	2.137	1.706	2.137	2.157	0
62	2.118	1.608	2.078	2.059	0
63	2.0	1.529	1.98	1.941	0
64	1.882	1.588	1.961	1.882	0
65	1.902	1.824	2.039	1.922	0
66	2.02	2.059	2.176	2.02	0
67	2.137	2.078	2.196	2.157	0
68	2.118	1.98	2.118	2.235	0
69	2.059	1.843	2.098	2.176	0
70	2.137	2.02	2.02	2.078	0
71	2.078	2.02	2.059	2.02	0
72	2.098	2.176	2.157	1.922	0
73	2.137	2.157	2.118	1.882	0
74	2.235	2.196	2.137	1.922	0
75	2.196	2.059	2.118	2.02	0
76	2.059	1.98	2.137	2.098	0
77	1.961	2.02	2.098	2.137	0
78	2.0	1.98	2.176	2.137	0
79	1.882	1.824	2.118	2.078	0
80	1.863	1.784	2.059	2.0	0
81	1.824	1.824	2.059	1.902	0
82	1.902	1.863	2.02	1.863	0
83	1.882	1.843	2.059	1.902	0
84	1.784	1.863	2.098	2.02	0
85	1.725	2.02	2.137	2.157	0
86	1.784	2.098	2.078	2.157	0
87	1.843	2.098	2.0	2.059	0
88	1.863	2.059	2.0	1.922	0
89	1.902	2.176	2.059	1.824	0
90	2.059	2.176	2.039	1.784	0
91	2.078	2.059	2.078	1.824	0
92	2.0	2.0	2.078	1.941	0
93	1.941	1.961	2.098	2.059	0
94	2.0	1.941	2.176	2.137	0
95	2.059	2.137	2.176	2.137	0
96	2.0	2.098	2.118	2.098	0
97	2.039	2.0	2.098	2.039	0
98	2.118	1.902	2.098	2.02	0
99	2.176	1.922	2.078	1.961	0
100	2.059	1.843	2.078	2.0	0
101	2.0	1.941	2.176	2.078	0
102	1.961	1.941	2.118	2.118	0
103	2.02	2.02	2.118	2.157	0
104	1.98	2.0	2.059	2.078	0
105	1.98	1.902	2.039	1.961	0
106	2.02	1.902	2.059	1.882	0
107	2.02	1.922	2.078	1.863	0
108	1.961	1.941	1.98	1.863	0
109	1.902	1.804	2.0	1.922	0
110	1.922	1.686	2.098	2.039	0
111	1.98	1.627	2.157	2.098	0
112	1.961	1.608	2.039	2.078	0
113	1.882	1.569	1.902	2.0	0
114	1.863	1.725	2.059	1.98	0
115	1.706	1.98	2.137	1.98	0
116	1.725	2.039	2.098	1.961	0
117	1.902	1.882	2.039	2.0	0
118	1.961	1.882	2.02	2.02	0
119	2.039	1.98	2.0	2.039	0
120	1.922	2.157	2.059	2.098	0
121	1.824	2.333	2.098	2.059	0
122	1.843	2.196	2.0	1.961	0
123	1.961	2.196	1.98	1.863	0
124	2.078	2.314	2.098	1.882	0
125	2.039	2.294	2.157	1.961	0
126	2.059	2.078	2.137	2.039	0
127	2.059	1.922	2.02	2.078	0
128	1.922	1.902	2.039	2.098	0
129	1.882	2.02	2.098	2.059	0
130	1.863	2.039	2.176	2.059	0
131	2.02	2.059	2.157	2.02	0
132	2.118	2.02	2.078	1.961	0
133	2.196	2.078	2.118	1.961	0
134	2.098	2.118	2.196	2.02	0
135	1.882	2.216	2.255	2.118	0
136	1.863	2.255	2.196	2.216	0
137	1.627	2.118	2.137	2.157	0
138	1.686	2.196	2.039	2.039	0
139	1.765	2.137	2.039	1.941	0
140	2.039	2.216	2.137	1.882	0
141	2.294	2.098	2.118	1.882	0
142	2.412	2.0	2.137	1.922	0
143	1.961	1.863	2.196	2.02	0
144	1.353	1.784	2.235	2.098	0
145	1.471	1.706	2.137	2.098	0
146	1.804	1.686	2.039	2.059	0
147	1.882	1.647	2.118	2.098	0
148	2.059	1.745	2.196	2.039	0
149	2.098	1.686	2.059	1.961	0
150	1.941	1.765	1.922	1.922	0
151	1.922	1.804	2.078	1.961	0
152	1.824	1.725	2.157	2.059	0
153	1.882	1.725	2.235	2.157	0
154	2.098	1.843	2.157	2.196	0
155	1.98	1.961	2.118	2.137	0
156	1.941	1.961	2.137	2.02	0
157	2.02	2.118	2.176	1.922	0
158	2.176	2.176	2.196	1.882	0
159	2.118	2.078	2.078	1.882	0
160	2.039	2.0	2.039	1.941	0
161	2.098	2.078	2.137	2.059	0
162	2.118	2.157	2.275	2.176	0
163	1.922	2.039	2.235	2.176	0
164	1.725	1.882	2.059	2.078	0
165	1.843	1.922	2.02	2.02	0
166	2.176	2.059	2.0	1.902	0
167	2.275	1.98	2.039	1.882	0
168	2.255	1.961	2.118	1.98	0
169	2.216	2.157	2.235	2.098	0
170	1.922	2.098	2.118	2.118	0
171	1.686	2.176	2.176	2.157	0
172	1.745	2.216	2.196	2.098	0
173	2.059	2.098	2.059	1.98	0
174	2.157	1.961	2.118	1.902	0
175	2.118	1.882	2.078	1.824	0
176	1.98	1.843	2.0	1.843	0
177	1.941	1.725	2.098	1.98	0
178	1.902	1.647	2.157	2.098	0
179	1.667	1.51	2.059	2.137	0
180	1.627	1.392	2.039	2.098	0
181	1.765	1.255	1.98	2.039	0
182	1.784	1.333	1.941	1.98	0
183	1.784	1.471	1.922	1.882	0
184	1.784	1.529	1.863	1.843	0
185	1.706	1.373	1.804	1.784	0
186	1.51	1.333	1.804	1.824	0
187	1.706	1.49	1.824	1.902	0
188	2.059	1.765	1.882	1.98	0
189	2.353	2.078	1.961	2.078	0
190	2.431	2.078	2.098	2.118	0
191	2.118	1.863	2.118	2.039	0
192	1.882	1.647	1.98	1.882	0
193	2.196	1.843	2.0	1.804	0
194	2.314	1.922	2.098	1.902	0
195	2.157	1.843	2.059	1.98	0
196	2.118	1.824	2.0	2.059	0
197	2.314	2.059	2.157	2.137	0
198	2.333	2.059	2.176	2.118	0
199	2.333	2.078	2.137	2.059	0
200	2.235	2.02	2.216	2.02	0
201	2.176	2.0	2.216	2.02	0
202	2.196	2.0	2.314	2.078	0
203	2.098	2.059	2.353	2.196	0
204	2.059	2.039	2.275	2.196	0
205	1.902	1.922	2.118	2.157	0
206	1.941	1.941	2.02	2.039	0
207	2.02	1.922	1.961	1.961	0
208	1.863	2.078	2.098	1.882	0
209	1.784	2.078	2.157	1.863	0
210	1.863	2.039	2.118	1.882	0
211	1.902	1.961	2.039	1.922	0
212	1.863	1.922	2.039	2.02	0
213	1.961	1.882	2.039	2.137	0
214	1.902	1.784	2.02	2.118	0
215	1.627	1.627	1.941	2.039	0
216	1.706	1.588	1.902	1.922	0
217	1.745	1.569	1.902	1.843	0
218	1.784	1.608	1.98	1.824	0
219	2.0	1.667	2.0	1.863	0
220	2.216	1.686	2.078	1.961	0
221	2.02	1.745	2.098	2.098	0
222	1.843	2.0	1.98	2.098	0
223	1.941	1.98	2.02	2.078	0
224	2.02	2.039	2.059	2.0	0
225	2.078	2.0	1.902	1.824	0
226	1.843	2.039	1.941	1.765	0
227	1.98	2.039	2.039	1.824	0
228	2.216	1.882	2.059	1.961	0
229	2.137	1.647	2.02	2.02	0
230	2.039	1.647	1.843	2.039	0
231	2.353	1.902	2.039	2.098	0
232	2.216	2.098	2.216	2.118	0
233	1.824	2.098	2.157	2.078	0
234	1.882	2.137	2.059	2.039	0
235	2.137	2.216	2.039	2.0	0
236	2.02	2.02	2.0	1.961	0
237	1.98	1.922	2.0	2.02	0
238	2.216	2.059	2.157	2.098	0
239	2.255	2.0	2.157	2.118	0
240	2.275	2.059	2.039	2.078	0
241	2.078	2.039	2.0	2.039	0
242	2.0	2.118	2.118	1.961	0
243	2.157	1.941	2.078	1.784	0
244	2.216	1.745	2.02	1.725	0
245	2.216	1.745	2.0	1.804	0
246	1.98	1.922	2.098	2.0	0
247	1.902	2.059	2.176	2.216	0
248	2.039	1.98	2.216	2.294	0
249	2.176	1.667	2.02	2.176	0
250	2.176	1.627	2.0	2.02	0
251	2.078	1.902	2.118	1.922	0
252	1.667	2.196	2.157	1.843	0
253	1.529	2.275	2.078	1.902	0
254	1.745	2.235	2.078	2.098	0
255	2.0	2.176	2.176	2.255	0
256	2.235	2.137	2.098	2.294	0
257	2.02	2.216	2.078	2.235	0
258	1.627	2.196	2.098	2.098	0
259	1.314	2.216	2.118	1.98	0
260	1.667	2.216	2.176	1.941	0
261	1.882	2.098	2.118	1.922	0
262	1.922	1.863	1.961	1.961	0
263	2.02	1.882	1.98	2.059	0
264	2.039	1.765	2.157	2.176	0
265	1.941	1.667	2.118	2.196	0
266	1.706	1.569	2.157	2.137	0
267	1.706	1.706	2.216	2.118	0
268	1.961	1.882	2.255	2.059	0
269	1.784	1.863	2.137	2.0	0
270	1.784	1.765	2.059	1.961	0
271	1.922	1.725	2.039	1.98	0
272	1.863	1.784	2.059	2.078	0
273	1.882	1.922	2.118	2.137	0
274	1.804	2.176	2.078	2.137	0
275	2.02	2.255	2.059	2.02	0
276	2.157	2.275	2.176	1.922	0
277	2.137	2.176	2.176	1.902	0
278	2.196	2.157	2.294	1.961	0
279	2.039	2.02	2.294	2.039	0
280	1.824	1.765	2.157	2.039	0
281	1.765	1.686	2.118	2.059	0
282	1.843	1.706	2.098	2.0	0
283	1.765	1.647	2.02	2.0	0
284	1.882	1.765	2.0	1.98	0
285	2.216	1.784	2.039	1.98	0
286	2.275	1.706	1.941	1.882	0
287	2.157	1.765	2.098	1.902	0
288	2.078	1.941	2.216	2.0	0
289	1.706	1.902	2.137	2.059	0
290	1.784	1.902	2.118	2.098	0
291	2.0	1.941	2.039	2.078	0
292	2.039	1.941	2.02	1.941	0
293	2.02	2.02	2.118	1.843	0
294	2.216	2.059	2.216	1.804	0
295	2.314	2.02	2.157	1.882	0
296	2.196	1.941	2.137	2.02	0
297	1.98	1.824	2.118	2.098	0
298	1.882	1.725	2.0	2.098	0
299	2.039	1.725	2.137	2.059	0
300	2.176	1.686	2.137	2.02	0
301	2.02	1.667	2.137	2.0	0
302	1.902	1.686	2.098	2.0	0
303	2.02	1.745	2.098	1.941	0
304	2.137	1.784	2.059	1.941	0
305	2.098	1.745	2.0	1.922	0
306	2.0	1.706	2.039	2.0	0
307	1.941	1.902	2.078	2.098	0
308	1.941	1.98	2.118	2.137	0
309	1.98	1.961	2.0	2.059	0
310	1.863	1.843	2.0	1.941	0
311	1.961	1.941	2.118	1.863	0
312	2.137	2.0	2.157	1.784	0
313	1.98	1.863	2.039	1.804	0
314	1.843	1.863	1.804	1.863	0
315	2.0	2.059	1.902	2.0	0
316	1.902	2.137	2.098	2.176	0
317	1.902	2.039	2.196	2.196	0
318	2.02	1.98	2.157	2.137	0
319	2.157	1.941	2.157	2.078	0
320	2.216	2.039	2.118	1.98	0
321	1.922	2.059	2.059	1.922	0
322	1.902	2.118	2.059	2.0	0
323	2.0	2.137	2.137	2.137	0
324	2.059	2.176	2.235	2.235	0
325	2.078	2.235	2.137	2.216	0
326	2.059	2.196	2.078	2.059	0
327	2.098	2.098	1.863	1.863	0
328	2.039	2.078	1.961	1.804	0
329	1.98	1.98	2.078	1.863	0
330	1.941	1.882	2.157	2.0	0
331	1.902	1.804	2.098	2.078	0
332	1.863	1.667	1.98	2.078	0
333	1.863	1.667	1.922	2.039	0
334	1.745	1.647	2.02	2.039	0
335	1.725	1.588	1.961	1.961	0
336	1.706	1.549	1.804	1.902	0
337	1.745	1.667	1.804	1.843	0
338	1.804	1.667	1.922	1.882	0
339	1.784	1.627	1.902	1.941	0
340	1.784	1.608	1.863	1.961	0
341	1.824	1.784	1.882	2.039	0
342	1.941	2.078	1.98	2.039	0
343	1.941	2.137	1.961	1.98	0
344	1.765	1.98	1.843	1.863	0
345	1.824	1.961	1.863	1.784	0
346	2.02	2.059	1.98	1.784	0
347	1.98	1.882	1.98	1.843	0
348	2.039	1.843	2.02	2.0	0
349	2.275	1.863	2.039	2.078	0
350	2.176	1.922	2.039	2.098	0
351	1.98	1.902	2.078	2.078	0
352	1.961	1.961	2.098	2.02	0
353	2.059	1.882	2.098	1.98	0
354	2.216	1.686	1.98	1.902	0
355	2.373	1.667	2.118	1.961	0
356	2.275	1.804	2.275	2.0	0
357	2.02	1.647	2.196	2.078	0
358	1.961	1.588	2.098	2.098	0
359	2.137	1.588	2.059	2.059	0
360	2.314	1.686	2.0	1.961	0
361	2.176	1.745	2.078	1.882	0
362	2.098	1.784	2.078	1.843	0
363	2.098	1.765	2.02	1.824	0
364	2.118	1.922	2.118	1.922	0
365	1.961	2.098	2.235	2.078	0
366	1.824	1.941	2.314	2.216	0
367	1.843	1.667	2.176	2.216	0
368	1.725	1.647	1.961	2.039	0
369	1.627	1.941	1.882	1.902	0
370	2.059	2.314	1.961	1.843	0
371	2.314	2.549	2.137	1.922	0
372	2.196	2.549	2.255	2.078	0
373	1.941	2.608	2.392	2.314	0
374	1.725	2.667	2.431	2.431	0
375	1.588	2.549	2.353	2.412	0
376	1.686	2.569	2.196	2.275	0
377	1.824	2.471	2.118	2.059	0
378	1.98	2.431	2.157	1.902	0
379	2.039	2.412	2.176	1.843	0
380	2.078	2.314	2.196	1.882	0
381	2.196	2.137	2.235	2.02	0
382	2.098	2.0	2.255	2.176	0
383	1.961	1.941	2.275	2.216	0
384	2.0	1.941	2.216	2.216	0
385	2.098	1.882	2.255	2.176	0
386	2.176	1.745	2.176	2.059	0
387	2.196	1.588	2.059	1.961	0
388	2.137	1.784	2.157	1.922	0
389	2.039	1.941	2.235	1.902	0
390	1.922	1.882	2.137	1.961	0
391	1.843	1.863	2.039	2.02	0
392	1.922	1.902	2.039	2.098	0
393	2.02	2.0	2.039	2.137	0
394	2.157	1.98	2.059	2.039	0
395	2.098	1.922	2.02	1.922	0
396	2.098	1.961	2.039	1.804	0
397	2.157	2.02	2.157	1.824	0
398	2.157	1.902	2.176	1.922	0
399	2.059	1.725	2.157	2.059	0
400	2.0	1.686	2.216	2.176	0
401	1.98	1.706	2.176	2.176	0
402	1.765	1.569	1.98	2.078	0
403	1.745	1.549	1.882	1.961	0
404	1.902	1.608	1.902	1.863	0
405	1.961	1.725	1.98	1.824	0
406	2.0	1.922	2.059	1.863	0
407	2.118	1.961	2.157	2.02	0
408	2.255	1.882	2.098	2.137	0
409	2.275	1.902	2.0	2.176	0
410	2.255	2.02	2.098	2.157	0
411	1.961	2.118	2.216	2.098	0
412	1.765	2.059	2.176	1.98	0
413	2.0	2.078	2.137	1.902	0
414	2.118	2.02	2.137	1.843	0
415	2.02	1.843	2.157	1.902	0
416	1.902	1.843	2.176	2.0	0
417	1.882	1.765	2.118	2.059	0
418	1.882	1.647	1.922	2.059	0
419	2.078	1.549	1.941	2.039	0
420	2.078	1.667	2.216	2.098	0
421	2.02	1.627	2.196	2.059	0
422	1.765	1.627	2.039	2.0	0
423	1.647	1.686	2.02	1.922	0
424	1.667	1.725	2.078	1.922	0
425	1.745	1.745	2.039	1.98	0
426	1.843	1.941	1.98	2.078	0
427	1.765	1.941	1.961	2.118	0
428	1.765	1.961	1.824	2.0	0
429	1.804	1.941	1.824	1.882	0
430	1.902	1.922	1.843	1.784	0
431	2.039	1.961	1.882	1.765	0
432	2.078	2.02	2.0	1.882	0
433	1.941	1.922	2.0	1.98	0
434	1.608	1.804	1.863	2.0	0
435	1.686	1.765	1.824	2.02	0
436	1.804	1.941	1.922	2.0	0
437	1.902	1.961	1.98	1.961	0
438	2.157	1.98	2.059	2.0	0
439	2.353	2.098	2.157	2.059	0
440	2.196	2.059	2.137	2.039	0
441	1.863	1.98	2.118	2.039	0
442	1.843	1.961	2.059	2.059	0
443	1.882	2.078	2.0	2.039	0
444	1.902	2.176	2.02	2.02	0
445	2.039	2.333	1.98	2.0	0
446	2.255	2.373	2.118	1.98	0
447	2.451	2.196	2.235	1.941	0
448	2.373	2.039	2.216	1.922	0
449	1.98	1.863	2.176	1.941	0
450	1.824	1.765	2.137	2.0	0
451	1.902	1.745	2.078	2.02	0
452	1.98	1.667	2.078	2.078	0
453	2.0	1.667	2.118	2.059	0
454	2.216	1.608	2.0	1.961	0
455	2.157	1.549	1.961	1.922	0
456	2.078	1.627	2.059	1.941	0
457	2.078	1.804	2.137	1.941	0
458	1.902	1.824	2.118	2.0	0
459	1.725	1.922	2.078	2.078	0
460	1.784	1.98	2.078	2.098	0
461	2.039	2.137	2.078	2.098	0
462	2.255	2.176	2.02	2.02	0
463	2.373	2.137	2.078	1.961	0
464	2.333	2.275	2.176	1.941	0
465	2.118	2.333	2.216	1.922	0
466	1.922	2.216	2.196	1.98	0
467	1.961	2.176	2.196	2.059	0
468	2.02	2.157	2.176	2.176	0
469	2.02	2.118	2.137	2.157	0
470	2.0	2.039	2.137	2.137	0
471	1.843	1.941	2.098	2.098	0
472	1.863	1.902	2.098	2.039	0
473	1.863	1.843	2.039	1.941	0
474	1.824	1.804	2.039	1.902	0
475	1.784	1.765	2.039	1.941	0
476	1.863	1.863	2.118	2.078	0
477	1.98	1.882	2.118	2.137	0
478	2.059	1.902	2.02	2.098	0
479	2.137	1.902	2.02	1.98	0
480	2.039	2.02	2.078	1.922	0
481	1.882	2.137	2.137	1.843	0
482	1.922	2.02	2.098	1.882	0
483	2.039	1.784	2.059	1.902	0
484	2.02	1.51	1.922	1.902	0
485	1.922	1.647	1.961	1.941	0
486	2.039	1.745	2.098	2.02	0
487	2.039	1.824	2.157	2.118	0
488	1.941	1.902	2.137	2.118	0
489	1.824	1.902	2.059	2.078	0
490	1.902	1.863	1.961	2.0	0
491	2.078	1.824	1.922	1.922	0
492	2.02	1.804	1.941	1.922	0
493	1.863	1.843	2.039	2.02	0
494	1.882	2.059	2.137	2.196	0
495	1.686	2.157	2.039	2.196	0
496	1.667	2.059	1.882	2.118	0
497	1.882	2.157	1.98	2.0	0
498	1.922	2.078	1.98	1.922	0
499	2.039	2.059	2.039	1.882	0
500	2.098	2.078	2.176	2.0	0
501	1.882	1.961	2.235	2.137	0
502	1.706	1.863	2.137	2.137	0
503	1.765	1.745	1.961	2.137	0
504	2.118	1.725	2.078	2.098	0
505	2.235	1.745	2.137	2.098	0
506	2.157	1.843	2.196	2.059	0
507	1.98	1.922	2.255	2.059	0
508	1.922	1.922	2.157	2.02	0
509	2.098	1.902	2.176	2.078	0
510	2.137	2.02	2.294	2.157	0
511	2.0	2.098	2.294	2.235	0
512	1.961	2.157	2.216	2.196	0
513	1.961	2.118	2.176	2.098	0
514	1.98	1.98	2.118	2.0	0
515	2.02	2.059	2.059	1.843	0
516	2.098	2.039	2.078	1.765	0
517	2.078	2.118	2.216	1.843	0
518	2.059	2.039	2.255	2.0	0
519	1.922	1.922	2.196	2.176	0
520	1.745	1.824	2.118	2.196	0
521	1.725	1.667	2.157	2.118	0
522	1.765	1.627	2.039	1.941	0
523	1.922	1.706	1.902	1.804	0
524	1.98	1.765	1.902	1.824	0
525	2.039	1.784	2.078	1.902	0
526	1.922	1.706	1.961	1.98	0
527	1.882	1.843	2.118	2.078	0
528	1.843	1.843	2.098	2.098	0
529	1.843	1.961	2.078	2.118	0
530	1.902	2.118	2.039	2.02	0
531	1.686	2.059	1.922	1.922	0
532	1.824	2.078	1.922	1.863	0
533	2.0	1.902	1.765	1.804	0
534	2.196	1.882	1.843	1.824	0
535	2.412	1.941	2.02	1.902	0
536	2.235	2.0	2.118	2.059	0
537	1.824	1.961	2.176	2.118	0
538	1.686	1.961	2.0	2.059	0
539	1.902	1.922	1.961	1.98	0
540	2.078	1.843	1.961	1.922	0
541	2.098	1.784	1.961	1.922	0
542	2.078	1.784	2.0	1.941	0
543	2.059	1.824	2.039	2.0	0
544	1.98	1.902	2.078	2.098	0
545	1.863	1.725	1.863	2.098	0
546	1.961	1.882	2.02	2.098	0
547	2.137	2.078	1.98	2.02	0
548	1.941	1.882	1.941	1.882	0
549	2.02	1.922	2.078	1.863	0
550	2.216	1.98	2.157	1.941	0
551	2.137	1.745	2.118	2.02	0
552	2.137	1.686	2.176	2.157	0
553	1.941	1.686	2.157	2.196	0
554	1.745	1.627	2.02	2.098	0
555	1.824	1.667	1.941	2.02	0
556	1.784	1.843	1.961	1.961	0
557	1.922	2.078	2.02	1.922	0
558	2.392	2.176	2.157	1.98	0
559	2.51	2.039	2.176	2.059	0
560	2.392	1.902	2.235	2.157	0
561	2.137	2.02	2.294	2.255	0
562	1.686	2.059	2.196	2.216	0
563	1.627	2.098	2.098	2.078	0
564	2.118	2.216	2.098	1.961	0
565	2.392	2.255	2.098	1.882	0
566	2.275	2.176	2.157	1.863	0
567	2.216	2.059	2.196	1.922	0
568	2.176	1.882	2.176	1.98	0
569	2.137	1.686	2.216	2.059	0
570	2.02	1.627	2.196	2.137	0
571	1.941	1.608	2.098	2.098	0
572	1.824	1.549	2.078	2.078	0
573	1.784	1.667	2.118	2.02	0
574	1.784	1.725	2.098	1.961	0
575	1.765	1.647	2.078	1.902	0
576	1.941	1.725	2.176	1.922	0
577	1.922	1.647	2.216	1.98	0
578	1.882	1.569	2.176	2.078	0
579	1.824	1.804	2.137	2.137	0
580	1.784	2.0	2.137	2.118	0
581	1.902	2.196	2.118	2.078	0
582	1.902	2.176	2.157	2.0	0
583	1.902	2.137	2.137	1.941	0
584	1.98	2.098	2.157	1.922	0
585	2.039	2.0	2.157	1.902	0
586	1.961	1.941	2.157	1.941	0
587	1.863	1.941	2.157	2.039	0
588	1.922	1.902	2.196	2.118	0
589	1.941	1.902	2.118	2.098	0
590	1.961	1.941	2.118	2.118	0
591	1.941	1.863	2.137	2.078	0
592	2.059	1.863	2.176	2.02	0
593	2.078	1.824	2.098	1.961	0
594	1.98	1.784	2.039	1.902	0
595	1.882	1.882	2.0	1.941	0
596	1.882	1.882	2.02	1.98	0
597	1.882	2.059	2.0	2.078	0
598	1.98	2.137	2.059	2.098	0
599	1.961	2.078	2.098	2.098	0
600	1.824	2.059	2.137	2.039	0
601	1.843	2.039	2.059	1.941	0
602	1.961	2.0	2.0	1.882	0
603	1.902	1.902	2.02	1.882	0
604	1.863	1.804	2.059	1.98	0
605	1.863	1.922	2.059	2.059	0
606	2.0	1.902	2.02	2.098	0
607	1.98	1.882	1.961	2.098	0
608	2.0	2.0	2.02	2.02	0
609	2.02	2.118	2.176	2.02	0
610	2.02	2.157	2.392	2.02	0
611	1.765	2.02	2.039	1.941	0
612	1.569	2.118	1.745	1.922	0
613	2.078	2.314	1.804	1.961	0
614	2.49	2.275	2.059	2.059	0
615	2.412	2.118	2.216	2.078	0
616	2.431	2.176	2.275	2.078	0
617	1.863	2.176	2.176	1.961	0
618	1.569	2.118	2.02	1.843	0
619	1.941	2.255	1.98	1.804	0
620	2.255	2.196	2.039	1.882	0
621	2.255	2.02	2.137	2.02	0
622	2.216	1.784	2.137	2.098	0
623	2.137	1.863	2.098	2.157	0
624	2.0	1.843	2.078	2.118	0
625	2.039	1.824	2.02	2.059	0
626	2.039	1.863	2.078	1.961	0
627	2.078	1.961	2.157	1.941	0
628	2.0	1.98	2.137	1.902	0
629	1.961	1.961	2.176	2.039	0
630	1.941	1.922	2.118	2.157	0
631	1.745	1.922	2.0	2.118	0
632	1.824	1.902	1.843	2.02	0
633	1.882	1.902	1.961	1.941	0
634	1.843	1.941	2.059	1.902	0
635	1.765	1.863	2.059	1.882	0
636	1.902	1.627	1.961	1.882	0
637	1.941	1.373	1.824	1.882	0
638	1.863	1.392	1.863	1.941	0
639	1.745	1.49	2.0	1.98	0
640	1.725	1.549	1.902	1.961	0
641	1.784	1.471	1.882	2.0	0
642	1.922	1.549	1.863	1.961	0
643	2.039	1.627	1.941	1.961	0
644	2.059	1.686	1.98	1.961	0
645	2.0	1.725	2.0	1.98	0
646	1.784	1.765	2.039	2.059	0
647	1.765	1.863	2.078	2.118	0
648	1.98	1.941	2.039	2.098	0
649	2.078	2.078	2.0	2.02	0
650	2.196	2.118	1.922	1.922	0
651	2.02	2.294	2.059	1.922	0
652	2.039	2.333	2.176	1.961	0
653	2.255	2.373	2.235	2.039	0
654	2.373	2.078	2.157	2.078	0
655	2.255	1.882	2.137	2.137	0
656	1.98	1.882	2.176	2.157	0
657	1.98	1.882	2.078	2.059	0
658	1.922	1.863	2.039	2.02	0
659	2.039	1.922	2.118	2.0	0
660	2.098	2.118	2.196	2.039	0
661	2.157	2.078	2.137	2.0	0
662	2.137	1.961	2.098	2.02	0
663	2.118	1.863	2.059	2.02	0
664	2.098	1.843	2.059	2.078	0
665	2.0	1.98	2.098	2.118	0
666	2.0	2.235	2.196	2.157	0
667	2.02	2.118	2.118	2.098	0
668	2.039	2.039	2.118	2.0	0
669	2.059	1.961	2.118	1.922	0
670	2.118	1.902	2.137	1.882	0
671	2.059	1.686	2.059	1.902	0
672	1.843	1.549	2.039	1.98	0
673	1.784	1.647	1.98	2.059	0
674	1.824	1.745	2.176	2.157	0
675	1.882	1.745	2.176	2.137	0
676	1.863	1.725	2.039	2.078	0
677	1.824	1.667	2.059	2.0	0
678	1.863	1.765	2.137	1.98	0
679	1.863	1.784	2.176	1.98	0
680	1.843	1.765	2.137	2.039	0
681	1.784	1.784	2.059	2.118	0
682	1.725	1.882	2.02	2.078	0
683	1.882	2.078	2.039	2.039	0
684	1.902	2.176	2.078	1.98	0
685	1.922	2.118	2.098	1.922	0
686	1.961	1.941	2.02	1.863	0
687	1.941	1.941	2.098	1.882	0
688	1.765	1.882	2.098	1.961	0
689	1.725	1.784	2.059	2.059	0
690	1.725	1.667	1.961	2.078	0
691	1.784	1.471	1.902	2.039	0
692	1.941	1.51	1.98	2.02	0
693	1.961	1.549	1.961	1.941	0
694	1.882	1.804	2.059	1.922	0
695	1.902	2.02	2.039	1.902	0
696	1.804	1.882	1.98	1.941	0
697	1.922	1.902	2.039	2.059	0
698	2.098	2.059	2.176	2.157	0
699	2.098	2.235	2.157	2.196	0
700	1.961	2.314	2.059	2.078	0
701	2.078	2.353	2.157	2.02	0
702	2.275	2.549	2.216	1.941	0
703	2.255	2.588	2.137	1.902	0
704	2.255	2.627	2.176	1.961	0
705	2.196	2.51	2.255	2.039	0
706	2.118	2.392	2.216	2.118	0
707	2.059	2.333	2.255	2.137	0
708	2.176	2.255	2.255	2.137	0
709	2.196	2.216	2.216	2.098	0
710	2.196	2.157	2.078	2.059	0
711	1.961	2.059	2.118	2.0	0
712	1.863	1.98	2.137	1.922	0
713	1.941	1.98	2.196	1.941	0
714	2.0	2.0	2.137	1.98	0
715	1.98	1.941	2.078	2.118	0
716	1.941	1.902	2.02	2.137	0
717	1.902	1.863	2.0	2.059	0
718	1.922	1.882	1.961	1.941	0
719	1.882	1.941	2.0	1.824	0
720	2.078	2.02	2.098	1.824	0
721	2.196	2.0	2.118	1.902	0
722	2.059	1.745	2.098	2.02	0
723	1.941	1.667	2.039	2.02	0
724	1.784	1.843	2.059	2.078	0
725	1.765	1.843	2.098	2.078	0
726	1.843	1.627	2.0	2.0	0
727	1.98	1.686	1.902	1.941	0
728	2.059	1.765	2.02	1.98	0
729	2.118	1.863	2.118	2.0	0
730	1.961	1.745	2.118	2.039	0
731	1.863	1.725	2.059	2.059	0
732	1.882	1.784	1.98	2.059	0
733	1.745	1.882	1.941	2.02	0
734	1.745	1.863	1.863	1.922	0
735	2.0	1.863	1.902	1.902	0
736	2.216	1.922	2.0	1.882	0
737	2.314	1.784	2.0	1.882	0
738	2.275	1.765	2.098	1.961	0
739	2.157	1.784	2.196	2.039	0
740	1.765	1.627	2.157	2.098	0
741	1.647	1.49	1.941	2.039	0
742	1.941	1.51	1.843	1.98	0
743	2.0	1.706	2.039	1.98	0
744	2.118	1.882	2.157	2.02	0
745	2.078	1.824	2.157	2.059	0
746	2.098	1.843	2.098	2.039	0
747	2.039	1.745	2.059	2.0	0
748	1.902	1.863	2.137	2.059	0
749	1.725	2.0	2.216	2.157	0
750	1.667	2.118	2.176	2.196	0
751	1.706	2.137	2.118	2.118	0
752	1.863	2.078	2.02	2.02	0
753	2.0	2.078	2.137	1.941	0
754	2.196	2.098	2.078	1.863	0
755	1.882	1.961	1.902	1.843	0
756	1.784	1.784	1.882	1.863	0
757	1.941	1.725	1.98	1.961	0
758	2.176	1.725	2.118	2.078	0
759	2.078	1.941	2.157	2.137	0
760	1.922	1.745	2.0	2.02	0
761	2.078	1.745	1.961	1.941	0
762	2.137	1.765	2.039	1.922	0
763	2.235	1.765	2.118	1.902	0
764	2.373	1.784	2.118	1.941	0
765	2.353	1.667	2.02	1.98	0
766	2.294	1.706	2.0	2.039	0
767	2.176	1.941	2.059	2.098	0
768	2.098	2.216	2.196	2.137	0
769	2.137	2.294	2.196	2.098	0
770	2.157	2.294	2.255	2.039	0
771	2.216	2.176	2.255	1.98	0
772	2.157	1.98	2.196	1.941	0
773	2.078	1.902	2.176	1.961	0
774	1.98	1.961	2.157	2.0	0
775	1.882	1.941	2.176	2.039	0
776	1.784	1.961	2.137	2.118	0
777	1.725	1.902	2.118	2.098	0
778	1.784	2.098	2.137	2.098	0
779	1.765	2.02	2.098	2.039	0
780	1.765	1.922	2.02	1.961	0
781	1.765	2.0	2.098	1.941	0
782	1.784	2.059	2.196	2.059	0
783	1.784	2.0	2.098	2.098	0
784	1.725	1.941	1.98	2.098	0
785	1.765	2.0	1.98	2.039	0
786	1.882	2.02	2.059	1.941	0
787	1.863	2.098	2.039	1.863	0
788	1.922	2.137	2.059	1.824	0
789	2.02	2.0	2.0	1.843	0
790	2.0	1.804	2.0	1.922	0
791	2.0	1.706	2.039	1.98	0
792	1.941	1.745	1.922	1.98	0
793	1.784	1.765	2.039	2.02	0
794	1.863	1.843	2.157	2.078	0
795	1.922	1.882	2.118	2.059	0
796	2.039	1.804	2.0	2.02	0
797	2.118	1.824	2.059	1.941	0
798	2.02	1.745	1.961	1.863	0
799	1.863	1.882	1.863	1.882	0
800	1.745	2.02	2.02	2.039	0
801	1.725	2.216	2.176	2.176	0
802	1.843	2.255	2.157	2.137	0
803	2.039	2.176	2.039	2.039	0
804	2.059	2.216	2.02	1.902	0
805	2.118	2.216	1.98	1.824	0
806	2.137	2.137	2.039	1.863	0
807	1.961	1.961	2.118	2.0	0
808	1.843	2.0	2.176	2.118	0
809	1.804	1.902	2.157	2.157	0
810	1.843	1.824	2.039	2.137	0
811	1.882	1.804	2.02	2.02	0
812	1.941	1.843	2.0	1.961	0
813	2.0	1.882	2.098	2.0	0
814	2.078	1.961	2.216	2.059	0
815	2.118	1.941	2.196	2.078	0
816	1.98	1.824	2.098	2.039	0
817	1.922	1.745	1.882	1.98	0
818	2.039	1.765	1.961	2.02	0
819	2.02	1.863	2.157	2.078	0
820	2.137	1.941	2.176	2.039	0
821	2.118	2.059	2.137	2.02	0
822	2.039	1.98	2.118	1.98	0
823	2.059	2.0	2.235	1.961	0
824	2.078	2.02	2.275	2.02	0
825	2.059	1.863	2.216	2.059	0
826	1.941	1.647	2.078	2.059	0
827	1.902	1.667	2.0	2.098	0
828	1.941	1.725	2.078	2.098	0
829	2.039	1.804	2.059	2.039	0
830	2.137	1.863	2.137	2.039	0
831	2.176	1.922	2.098	1.98	0
832	2.059	1.882	2.137	1.98	0
833	1.941	1.863	2.176	2.078	0
834	1.882	1.902	2.176	2.137	0
835	1.784	1.941	2.235	2.235	0
836	1.824	1.961	2.098	2.118	0
837	1.922	1.843	1.725	1.922	0
838	2.118	1.941	1.843	1.863	0
839	2.176	2.0	2.176	1.882	0
840	2.059	1.863	2.098	1.882	0
841	2.0	1.882	2.098	1.98	0
842	1.941	1.824	2.059	2.078	0
843	1.843	1.667	1.922	2.078	0
844	1.902	1.667	2.0	2.039	0
845	1.941	1.706	1.98	2.02	0
846	2.0	1.745	1.98	2.0	0
847	2.0	1.882	2.078	2.0	0
848	2.02	1.902	2.078	2.0	0
849	1.961	1.765	1.961	1.961	0
850	1.824	1.725	1.941	1.961	0
851	1.784	1.784	1.941	2.02	0
852	1.902	1.98	1.98	2.059	0
853	2.02	2.118	2.02	2.078	0
854	2.157	2.078	1.961	2.0	0
855	2.098	2.059	2.02	1.922	0
856	2.02	1.98	1.98	1.902	0
857	2.059	2.039	2.059	1.882	0
858	2.059	2.02	2.059	1.902	0
859	2.059	1.922	2.0	1.922	0
860	2.078	1.784	2.0	2.039	0
861	2.137	1.961	2.098	2.137	0
862	2.078	1.922	2.118	2.118	0
863	2.059	2.059	2.235	2.137	0
864	2.02	2.118	2.157	2.078	0
865	2.098	2.02	2.039	1.961	0
866	2.118	2.0	2.059	1.941	0
867	2.098	2.039	2.137	2.02	0
868	2.02	2.078	2.176	2.118	0
869	2.078	2.157	2.314	2.176	0
870	2.0	2.255	2.255	2.216	0
871	2.078	2.235	2.196	2.098	0
872	2.098	2.196	2.196	2.0	0
873	2.059	2.196	2.235	1.902	0
874	2.059	2.137	2.255	1.882	0
875	2.039	2.0	2.216	1.961	0
876	1.961	1.902	2.196	2.039	0
877	1.961	1.804	2.176	2.137	0
878	1.961	1.745	2.137	2.118	0
879	1.902	1.647	2.098	2.078	0
880	1.922	1.706	2.059	2.0	0
881	1.961	1.824	2.098	1.98	0
882	1.922	1.941	2.176	1.961	0
883	1.922	1.863	2.118	1.961	0
884	1.941	1.863	2.118	2.0	0
885	1.922	1.902	2.059	2.059	0
886	1.843	2.039	2.118	2.137	0
887	1.922	2.078	2.078	2.098	0
888	1.922	2.039	2.039	2.02	0
889	1.902	2.0	2.118	1.961	0
890	1.98	2.0	2.157	1.902	0
891	1.961	1.941	2.078	1.902	0
892	1.902	1.824	2.02	1.922	0
893	1.824	1.706	2.0	2.0	0
894	1.863	1.784	2.098	2.078	0
895	1.902	1.843	2.118	2.078	0
896	1.824	1.725	2.039	2.059	0
897	1.686	1.667	1.98	2.0	0
898	1.706	1.706	2.02	1.98	0
899	1.882	1.824	2.0	1.922	0
900	1.961	1.784	2.078	1.961	0
901	1.863	1.745	2.098	2.0	0
902	1.804	1.725	1.961	2.039	0
903	1.686	1.725	1.941	2.059	0
904	1.667	1.902	2.059	2.078	0
905	1.804	1.98	2.02	2.039	0
906	1.961	1.941	2.02	1.961	0
907	2.059	1.961	2.02	1.882	0
908	2.098	2.02	2.039	1.843	0
909	1.961	1.961	2.059	1.922	0
910	1.804	1.922	2.098	2.02	0
911	1.922	1.804	2.059	2.118	0
912	2.02	1.843	2.118	2.137	0
913	2.02	1.765	2.157	2.098	0
914	2.02	1.863	1.961	2.0	0
915	2.059	1.961	2.0	2.0	0
916	2.098	2.059	2.176	2.02	0
917	2.118	2.0	2.196	1.98	0
918	2.078	2.0	2.118	2.02	0
919	2.039	2.02	2.02	2.02	0
920	2.039	2.059	2.059	2.078	0
921	2.02	2.118	2.118	2.118	0
922	2.078	2.118	2.039	2.02	0
923	2.078	2.059	2.02	1.941	0
924	2.176	2.137	2.078	1.902	0
925	2.255	2.039	2.118	1.882	0
926	2.176	1.882	2.059	1.922	0
927	2.078	1.686	2.02	2.02	0
928	2.039	1.706	2.118	2.137	0
929	1.961	1.627	2.078	2.137	0
930	1.922	1.529	2.0	2.039	0
931	1.843	1.588	2.0	2.0	0
932	1.922	1.745	2.02	1.98	0
933	2.0	1.843	2.059	1.98	0
934	2.098	1.843	2.039	2.0	0
935	2.118	1.824	2.059	2.059	0
936	2.059	1.804	2.098	2.098	0
937	2.059	1.882	2.137	2.157	0
938	2.0	2.039	2.235	2.157	0
939	2.02	2.137	2.137	2.098	0
940	2.039	2.157	2.098	2.02	0
941	2.157	2.216	2.157	1.961	0
942	2.137	2.255	2.216	1.922	0
943	2.196	2.176	2.176	1.941	0
944	2.157	2.157	2.235	2.059	0
945	2.098	2.039	2.216	2.137	0
946	2.078	2.0	2.216	2.176	0
947	2.059	2.02	2.255	2.157	0
948	2.118	2.02	2.235	2.137	0
949	2.118	2.0	2.176	2.059	0
950	2.078	1.98	2.176	2.02	0
951	2.039	1.941	2.157	1.941	0
952	1.922	1.863	2.176	2.0	0
953	1.863	1.843	2.118	2.098	0
954	1.745	1.843	2.157	2.098	0
955	1.706	1.941	2.039	2.098	0
956	1.824	1.961	1.961	1.98	0
957	1.922	1.863	1.961	1.882	0
958	2.059	1.882	2.02	1.824	0
959	2.098	1.941	2.118	1.863	0
960	1.98	1.941	2.216	1.98	0
961	1.804	1.843	2.157	2.098	0
962	1.765	1.725	2.02	2.098	0
963	1.784	1.706	1.961	2.078	0
964	1.902	1.784	1.98	2.059	0
965	1.922	1.824	2.0	1.98	0
966	1.961	1.804	2.039	1.961	0
967	2.02	1.863	2.059	1.961	0
968	2.118	1.922	2.098	1.961	0
969	2.02	1.922	2.118	2.02	0
970	1.961	2.02	2.137	2.098	0
971	1.941	2.02	2.176	2.118	0
972	1.902	2.118	2.098	2.118	0
973	2.078	2.196	2.098	2.0	0
974	2.098	2.137	2.078	1.922	0
975	2.118	2.098	2.098	1.882	0
976	2.0	2.02	2.098	1.882	0
977	1.98	1.843	2.098	1.922	0
978	1.961	1.725	2.059	1.98	0
979	1.98	1.647	2.02	2.02	0
980	2.059	1.608	2.039	2.02	0
981	1.961	1.588	2.02	1.98	0
982	1.902	1.529	1.98	1.922	0
983	1.882	1.51	1.98	1.922	0
984	1.882	1.529	1.98	1.902	0
985	1.941	1.588	2.0	1.941	0
986	1.902	1.549	1.961	1.941	0
987	1.784	1.667	1.98	2.0	0
988	1.627	1.902	2.039	2.098	0
989	1.784	1.961	2.118	2.157	0
990	2.059	1.961	2.02	2.078	0
991	2.157	2.039	2.059	1.98	0
992	2.098	2.176	2.157	1.922	0
993	2.02	2.157	2.078	1.882	0
994	1.922	2.098	2.02	1.922	0
995	1.765	2.039	2.02	2.02	0
996	1.765	2.039	2.059	2.118	0
997	1.765	2.098	2.098	2.176	0
998	1.98	2.216	2.176	2.176	0
999	1.902	2.216	2.118	2.137	0
1000	1.804	2.137	2.098	2.078	0
1001	1.882	2.196	2.137	2.039	0
1002	1.961	2.196	2.137	2.0	0
1003	1.961	2.078	2.118	2.0	0
1004	1.98	2.02	2.078	2.059	0
1005	1.941	2.039	2.098	2.078	0
1006	1.961	2.0	2.059	2.098	0
1007	2.039	2.196	2.118	2.039	0
1008	2.039	2.098	2.078	1.961	0
1009	2.02	2.059	1.98	1.863	0
1010	2.039	1.941	2.039	1.804	0
1011	2.059	1.843	2.078	1.863	0
1012	2.02	1.804	2.137	1.98	0
1013	2.02	1.843	2.176	2.137	0
1014	2.0	1.863	2.216	2.157	0
1015	2.137	1.745	1.941	2.059	0
1016	2.137	1.706	1.902	1.98	0
1017	2.118	1.725	2.059	1.961	0
1018	2.098	1.863	2.196	1.98	0
1019	2.098	1.843	2.196	2.0	0
1020	2.039	1.765	2.078	2.02	0
1021	2.0	1.804	2.078	2.078	0
1022	2.0	1.941	2.039	2.137	0
1023	2.0	1.941	2.059	2.137	0
1024	2.0	1.941	2.02	2.039	0
1025	1.941	1.941	2.059	1.961	0
1026	1.922	1.922	2.059	1.902	0
1027	1.882	1.804	2.0	1.882	0
1028	1.922	1.667	2.0	1.902	0
1029	1.922	1.569	2.0	1.98	0
1030	1.804	1.49	1.902	2.0	0
1031	1.765	1.471	1.902	2.0	0
1032	1.667	1.373	1.843	2.0	0
1033	1.784	1.412	1.863	1.98	0
1034	1.961	1.49	1.843	1.902	0
1035	2.059	1.49	1.824	1.804	0
1036	1.902	1.706	2.0	1.863	0
1037	1.98	2.059	2.235	2.02	0
1038	2.137	2.059	2.314	2.176	0
1039	2.059	2.0	2.098	2.216	0
1040	2.059	2.02	1.902	2.098	0
1041	2.137	2.098	1.941	2.039	0
1042	2.216	2.196	2.118	1.941	0
1043	2.314	2.412	2.235	1.941	0
1044	2.373	2.529	2.294	1.922	0
1045	2.392	2.51	2.353	2.039	0
1046	2.333	2.431	2.353	2.137	0
1047	2.255	2.373	2.353	2.216	0
1048	2.216	2.412	2.353	2.235	0
1049	2.176	2.314	2.353	2.196	0
1050	2.039	2.235	2.275	2.118	0
1051	2.078	2.196	2.176	2.039	0
1052	2.118	2.118	2.157	2.02	0
1053	2.118	2.039	2.196	2.039	0
1054	2.078	1.98	2.196	2.059	0
1055	2.0	1.922	2.157	2.098	0
1056	1.843	2.0	2.118	2.118	0
1057	1.824	2.0	2.118	2.098	0
1058	1.824	2.02	2.0	1.98	0
1059	1.843	1.961	2.0	1.941	0
1060	1.882	1.961	2.02	1.882	0
1061	1.882	1.882	2.02	1.863	0
1062	1.902	1.843	2.078	1.922	0
1063	1.863	1.686	2.059	2.02	0
1064	1.784	1.588	1.941	2.02	0
1065	1.784	1.588	1.98	2.02	0
1066	1.804	1.588	1.98	2.0	0
1067	1.784	1.647	2.02	2.0	0
1068	1.863	1.745	2.059	2.0	0
1069	1.902	1.902	2.039	1.98	0
1070	1.922	1.961	2.059	1.961	0
1071	1.882	1.922	2.039	2.0	0
1072	1.863	1.882	2.059	2.059	0
1073	1.824	1.98	2.078	2.137	0
1074	1.843	1.98	2.02	2.098	0
1075	1.961	2.078	2.039	2.059	0
1076	2.0	2.098	2.098	1.98	0
1077	2.078	2.059	2.118	1.922	0
1078	2.137	2.02	2.118	1.902	0
1079	2.176	1.941	2.078	1.902	0
1080	2.039	1.824	2.059	1.941	0
1081	1.961	1.804	2.059	2.039	0
1082	1.863	1.784	2.118	2.137	0
1083	1.941	1.765	2.078	2.118	0
1084	1.843	1.706	2.039	2.059	0
1085	1.941	1.804	2.059	2.0	0
1086	1.941	1.745	2.02	1.922	0
1087	1.902	1.706	1.941	1.882	0
1088	1.765	1.667	1.961	1.941	0
1089	1.863	1.765	2.059	2.059	0
1090	1.882	1.863	2.098	2.098	0
1091	1.843	1.824	2.0	2.098	0
1092	1.824	1.98	2.02	2.078	0
1093	1.961	2.0	2.039	1.98	0
1094	2.02	1.902	2.02	1.902	0
1095	2.0	1.98	2.118	1.902	0
1096	1.961	2.02	2.235	2.0	0
1097	2.0	1.863	2.118	2.039	0
1098	2.0	1.706	2.059	2.098	0
1099	1.941	1.784	2.059	2.137	0
1100	2.039	1.784	2.137	2.118	0
1101	2.059	1.784	2.157	2.098	0
1102	2.137	1.843	2.176	2.039	0
1103	2.157	1.961	2.196	2.039	0
1104	2.176	2.02	2.196	2.02	0
1105	2.137	2.039	2.196	2.059	0
1106	2.039	2.02	2.118	2.098	0
1107	1.98	1.98	2.098	2.137	0
1108	2.0	2.137	2.078	2.176	0
1109	2.118	2.294	2.176	2.098	0
1110	2.118	2.275	2.176	2.059	0
1111	2.098	2.294	2.157	1.961	0
1112	2.039	2.196	2.176	1.922	0
1113	1.961	2.039	2.157	1.941	0
1114	1.98	1.922	2.137	2.0	0
1115	1.98	1.902	2.059	2.039	0
1116	2.078	1.922	2.039	2.059	0
1117	2.02	1.804	2.078	2.059	0
1118	1.902	1.725	2.059	2.0	0
1119	1.902	1.706	2.078	2.0	0
1120	1.98	1.843	2.098	1.941	0
1121	2.078	1.725	2.0	1.922	0
1122	2.02	1.647	2.098	1.961	0
1123	1.922	1.667	2.157	2.02	0
1124	1.824	1.686	2.039	2.02	0
1125	1.902	1.804	1.961	2.078	0
1126	1.882	2.02	2.137	2.118	0
1127	1.863	2.039	2.216	2.039	0
1128	1.98	1.961	2.078	1.902	0
1129	2.039	1.922	1.941	1.824	0
1130	2.039	1.843	1.922	1.804	0
1131	1.902	1.725	2.02	1.922	0
1132	1.804	1.824	2.157	2.078	0
1133	1.824	1.843	2.137	2.176	0
1134	1.863	1.902	2.078	2.157	0
1135	1.843	1.902	2.0	2.098	0
1136	1.863	2.0	1.961	2.0	0
1137	1.824	2.0	1.941	1.902	0
1138	1.922	2.176	2.0	1.902	0
1139	2.098	2.176	2.059	1.961	0
1140	2.118	2.078	2.059	2.059	0
1141	2.02	1.961	2.039	2.118	0
1142	2.0	1.922	2.0	2.137	0
1143	1.863	2.078	2.078	2.098	0
1144	1.941	2.098	2.02	1.941	0
1145	2.078	2.137	2.0	1.824	0
1146	2.196	2.137	2.02	1.824	0
1147	2.275	2.039	2.02	1.902	0
1148	2.216	1.882	2.098	2.0	0
1149	2.137	1.882	2.137	2.098	0
1150	2.176	1.922	2.196	2.137	0
1151	2.098	1.941	2.157	2.098	0
1152	1.98	1.863	2.157	2.078	0
1153	2.02	1.784	2.098	2.0	0
1154	2.039	1.824	2.137	1.98	0
1155	2.039	1.941	2.157	2.0	0
1156	2.0	1.941	2.118	2.02	0
1157	1.961	2.02	2.098	2.039	0
1158	1.98	2.098	2.137	2.137	0
1159	1.941	2.137	2.157	2.118	0
1160	1.941	2.137	2.098	2.02	0
1161	1.961	2.059	2.02	1.941	0
1162	1.961	2.098	2.039	1.863	0
1163	2.02	2.098	2.078	1.843	0
1164	2.02	2.059	2.098	1.882	0
1165	2.0	1.961	2.098	1.98	0
1166	1.922	1.843	2.059	2.059	0
1167	1.882	1.725	2.039	2.078	0
1168	1.902	1.686	2.0	2.059	0
1169	1.863	1.706	2.039	2.02	0
1170	1.961	1.863	2.059	2.0	0
1171	2.0	1.882	2.039	1.922	0
1172	2.0	1.863	2.02	1.902	0
1173	1.961	1.784	2.0	1.941	0
1174	1.882	1.745	2.039	2.0	0
1175	1.804	1.804	2.039	2.078	0
1176	1.824	1.843	2.039	2.078	0
1177	1.824	1.863	2.0	2.02	0
1178	1.941	1.843	1.961	1.922	0
1179	1.922	1.765	1.961	1.863	0
1180	1.922	1.686	1.961	1.804	0
1181	1.961	1.588	1.961	1.882	0
1182	1.922	1.569	2.02	1.98	0
1183	1.804	1.549	2.078	2.078	0
1184	1.824	1.588	2.0	2.118	0
1185	1.863	1.569	2.078	2.098	0
1186	1.961	1.647	2.02	2.078	0
1187	1.98	1.725	1.961	1.961	0
1188	1.98	1.784	2.059	1.961	0
1189	2.039	1.882	2.137	2.0	0
1190	2.039	1.922	2.196	2.059	0
1191	2.039	2.059	2.216	2.137	0
1192	2.02	2.059	2.176	2.196	0
1193	2.0	2.235	2.157	2.216	0
1194	2.02	2.431	2.196	2.157	0
1195	2.137	2.471	2.235	2.098	0
1196	2.216	2.529	2.275	1.98	0
1197	2.275	2.392	2.235	1.961	0
1198	2.255	2.235	2.235	2.0	0
1199	2.235	2.078	2.216	2.039	0
1200	2.118	2.02	2.255	2.118	0
1201	1.98	2.039	2.235	2.176	0
1202	1.922	1.882	2.176	2.137	0
1203	1.941	1.784	2.118	2.098	0
1204	1.98	1.784	2.176	2.059	0
1205	1.922	1.745	2.078	1.961	0
1206	1.882	1.627	1.941	1.882	0
1207	1.882	1.529	1.98	1.941	0
1208	2.0	1.686	2.196	2.078	0
1209	1.941	1.745	2.176	2.137	0
1210	1.843	1.784	1.922	2.078	0
1211	1.902	1.863	1.824	2.0	0
1212	1.922	1.961	2.0	2.0	0
1213	1.882	2.02	2.098	1.941	0
1214	1.98	1.98	2.039	1.902	0
1215	2.0	1.961	2.02	1.882	0
1216	1.941	1.804	2.0	1.941	0
1217	1.843	1.725	1.941	1.941	0
1218	1.902	1.745	2.02	2.02	0
1219	1.902	1.941	2.098	2.078	0
1220	1.98	2.0	2.098	2.078	0
1221	2.039	2.078	2.078	2.039	0
1222	1.98	1.961	1.98	1.941	0
1223	1.961	1.961	2.0	1.922	0
1224	1.941	1.941	2.039	1.941	0
1225	1.922	1.902	2.137	2.039	0
1226	1.863	2.02	2.118	2.059	0
1227	1.941	2.118	2.098	2.078	0
1228	1.98	2.137	2.039	2.059	0
1229	1.98	1.98	2.059	2.02	0
1230	2.078	2.118	2.176	2.0	0
1231	2.078	2.078	2.255	1.941	0
1232	2.118	2.157	2.137	1.922	0
1233	2.02	2.02	2.02	1.961	0
1234	1.863	1.843	2.039	2.039	0
1235	1.824	1.784	2.039	2.118	0
1236	1.882	1.804	2.02	2.059	0
1237	1.882	1.804	2.078	2.059	0
1238	2.02	2.02	2.118	2.02	0
1239	2.059	1.98	2.059	1.98	0
1240	1.98	1.961	2.039	1.961	0
1241	1.922	1.902	2.039	1.98	0
1242	1.843	1.843	1.98	2.02	0
1243	1.706	1.804	1.961	2.059	0
1244	1.627	1.902	1.98	2.078	0
1245	1.784	1.941	1.941	1.98	0
1246	1.902	1.843	1.882	1.922	0
1247	2.0	1.941	2.02	1.882	0
1248	2.176	2.02	2.118	1.882	0
1249	2.196	1.941	2.059	1.922	0
1250	2.0	1.784	1.98	1.961	0
1251	1.863	1.804	1.961	2.02	0
1252	1.882	1.686	1.961	2.078	0
1253	1.902	1.804	2.098	2.078	0
1254	2.02	1.863	2.098	2.039	0
1255	2.255	2.02	2.137	2.039	0
1256	2.333	2.078	2.176	2.059	0
1257	2.333	2.078	2.157	2.039	0
1258	2.294	2.137	2.157	2.078	0
1259	2.255	2.196	2.255	2.137	0
1260	2.137	2.157	2.157	2.118	0
1261	2.137	2.294	2.196	2.118	0
1262	2.216	2.373	2.216	2.078	0
1263	2.314	2.314	2.196	2.039	0
1264	2.275	2.294	2.196	1.98	0
1265	2.255	2.255	2.235	1.941	0
1266	2.196	2.137	2.216	1.941	0
1267	2.078	1.922	2.196	1.961	0
1268	1.922	1.804	2.137	2.02	0
1269	1.863	1.804	2.157	2.137	0
1270	1.863	1.765	2.039	2.098	0
1271	1.843	1.647	2.039	2.039	0
1272	1.824	1.667	2.02	1.98	0
1273	1.843	1.686	2.059	1.922	0
1274	1.882	1.627	2.0	1.882	0
1275	1.843	1.667	2.039	1.922	0
1276	1.824	1.706	2.02	2.02	0
1277	1.686	1.706	2.0	2.039	0
1278	1.804	1.667	1.98	2.078	0
1279	1.706	1.667	1.961	2.078	0
1280	1.863	1.765	1.98	2.039	0
1281	1.902	1.843	2.02	1.961	0
1282	1.961	1.882	2.098	1.902	0
1283	2.0	1.824	2.137	1.902	0
1284	1.882	1.667	2.059	1.941	0
1285	1.882	1.667	2.098	2.059	0
1286	1.902	1.745	2.078	2.118	0
1287	1.922	1.843	2.059	2.157	0
1288	1.882	1.863	2.118	2.118	0
1289	1.941	1.941	2.176	2.098	0
1290	1.98	1.941	2.157	2.078	0
1291	2.0	1.98	2.157	2.02	0
1292	2.0	2.039	2.098	2.0	0
1293	1.902	2.118	2.098	2.039	0
1294	1.882	2.118	2.078	2.078	0
1295	1.863	2.216	2.039	2.118	0
1296	1.922	2.275	2.118	2.078	0
1297	2.039	2.235	2.137	2.039	0
1298	2.098	2.216	2.118	1.941	0
1299	2.098	2.118	2.078	1.902	0
1300	2.078	2.039	2.098	1.882	0
1301	2.02	1.961	2.157	1.941	0
1302	1.882	1.902	2.098	2.059	0
1303	1.804	1.745	1.98	2.137	0
1304	1.902	1.843	2.039	2.118	0
1305	1.941	1.824	2.02	2.02	0
1306	1.941	1.843	2.059	1.961	0
1307	1.98	1.824	2.078	1.941	0
1308	2.039	1.804	2.137	1.98	0
1309	2.0	1.824	2.059	2.02	0
1310	1.804	1.882	2.059	2.059	0
1311	1.725	1.843	2.039	2.078	0
1312	1.765	1.961	2.078	2.118	0
1313	1.824	1.98	2.02	2.078	0
1314	1.98	1.922	1.98	2.0	0
1315	2.02	1.98	2.137	1.98	0
1316	1.961	1.961	2.176	1.922	0
1317	1.843	1.804	2.118	1.922	0
1318	1.863	1.686	1.961	1.941	0
1319	1.863	1.667	1.882	1.941	0
1320	1.882	1.745	2.02	2.039	0
1321	1.863	1.902	2.078	2.059	0
1322	1.824	1.745	2.078	2.02	0
1323	1.961	1.784	2.039	1.98	0
1324	2.118	1.824	2.039	1.941	0
1325	2.235	1.902	2.098	1.941	0
1326	2.235	1.922	2.196	1.98	0
1327	2.078	1.941	2.137	2.059	0
1328	1.902	2.0	2.137	2.098	0
1329	2.0	2.059	2.078	2.098	0
1330	2.039	2.196	2.039	2.039	0
1331	2.196	2.294	2.098	1.98	0
1332	2.255	2.353	2.118	1.922	0
1333	2.314	2.314	2.098	1.863	0
1334	2.294	2.235	2.118	1.922	0
1335	2.176	2.039	2.137	1.961	0
1336	2.039	1.863	2.098	2.059	0
1337	1.961	1.882	2.078	2.078	0
1338	1.922	1.882	2.039	2.02	0
1339	1.667	1.804	1.941	2.0	0
1340	1.804	1.941	1.961	1.961	0
1341	2.059	1.961	1.922	1.961	0
1342	2.275	1.882	1.941	1.922	0
1343	2.294	1.745	1.922	1.922	0
1344	2.176	1.784	2.078	2.02	0
1345	1.863	1.902	2.137	2.118	0
1346	1.765	2.098	2.137	2.176	0
1347	1.922	2.157	2.118	2.098	0
1348	2.078	2.157	2.059	2.02	0
1349	2.176	2.118	2.059	1.922	0
1350	2.235	2.0	2.098	1.902	0
1351	2.216	1.941	2.157	1.941	0
1352	2.235	1.882	2.176	2.039	0
1353	2.137	1.824	2.216	2.137	0
1354	2.118	1.824	2.216	2.235	0
1355	2.137	1.902	2.314	2.235	0
1356	2.137	1.824	2.294	2.196	0
1357	2.059	1.824	2.216	2.098	0
1358	1.98	1.863	2.196	2.039	0
1359	2.0	1.863	2.196	1.98	0
1360	1.941	1.804	2.176	2.0	0
1361	1.824	1.745	2.157	2.039	0
1362	1.804	1.765	2.118	2.098	0
1363	1.843	1.843	2.118	2.118	0
1364	1.784	1.961	2.059	2.098	0
1365	1.863	1.902	1.98	1.961	0
1366	1.882	1.863	1.961	1.863	0
1367	1.922	1.961	2.059	1.843	0
1368	1.961	1.941	2.118	1.882	0
1369	1.902	1.863	2.078	1.961	0
1370	1.843	1.804	2.059	2.039	0
1371	1.824	1.784	2.02	2.078	0
1372	1.784	1.784	2.039	2.078	0
1373	1.784	1.725	1.98	2.02	0
1374	1.804	1.784	1.98	1.961	0
1375	1.863	1.863	2.02	1.922	0
1376	1.941	1.902	2.039	1.902	0
1377	1.941	1.843	2.039	1.922	0
1378	1.863	1.863	2.02	2.02	0
1379	1.843	1.882	2.059	2.078	0
1380	1.843	2.0	2.059	2.118	0
1381	1.922	1.98	2.098	2.098	0
1382	1.961	1.902	2.02	2.02	0
1383	1.98	1.824	2.039	1.941	0
1384	1.98	1.824	2.02	1.863	0
1385	1.98	1.804	2.039	1.843	0
1386	1.902	1.667	2.0	1.882	0
1387	1.765	1.627	1.941	1.961	0
1388	1.824	1.745	2.039	2.039	0
1389	2.059	1.843	2.059	2.059	0
1390	2.098	1.725	2.0	2.039	0
1391	2.078	1.608	1.98	2.02	0
1392	2.02	1.627	2.059	2.0	0
1393	1.863	1.765	2.098	1.961	0
1394	1.843	1.843	2.059	1.941	0
1395	1.941	1.902	2.059	1.961	0
1396	1.98	1.902	2.02	2.039	0
1397	2.039	2.039	2.039	2.078	0
1398	2.118	2.216	2.078	2.098	0
1399	2.078	2.275	2.098	2.059	0
1400	2.098	2.294	2.157	2.0	0
1401	2.137	2.255	2.196	1.941	0
1402	2.118	2.176	2.255	1.922	0
1403	2.059	2.039	2.157	1.941	0
1404	1.961	1.961	2.059	2.0	0
1405	2.0	1.961	2.137	2.098	0
1406	1.961	2.039	2.118	2.118	0
1407	1.961	1.941	2.137	2.098	0
1408	2.02	1.941	2.137	2.078	0
1409	2.039	1.922	2.098	2.02	0
1410	2.098	1.961	2.078	1.961	0
1411	2.098	1.98	2.176	1.941	0
1412	2.02	1.961	2.137	2.0	0
1413	1.863	2.0	2.039	2.059	0
1414	1.804	1.98	2.098	2.118	0
1415	1.902	2.039	2.059	2.118	0
1416	1.98	2.078	2.059	2.02	0
1417	1.98	2.059	2.078	1.922	0
1418	2.039	2.098	2.039	1.863	0
1419	2.059	2.0	2.039	1.882	0
1420	2.0	1.902	2.059	1.941	0
1421	1.882	1.863	2.039	2.02	0
1422	1.824	1.882	2.02	2.098	0
1423	1.882	1.843	2.039	2.118	0
1424	1.843	1.765	2.059	2.118	0
1425	1.863	1.804	2.059	2.039	0
1426	1.902	1.804	2.059	2.039	0
1427	1.941	1.882	2.098	1.98	0
1428	1.941	1.843	2.078	1.98	0
1429	1.882	1.784	2.039	2.02	0
1430	1.863	1.824	2.059	2.078	0
1431	1.902	1.882	2.059	2.118	0
1432	1.882	1.961	2.118	2.118	0
1433	1.98	2.0	2.039	2.039	0
1434	1.98	1.98	2.039	1.941	0
1435	2.078	2.0	2.098	1.902	0
1436	2.059	1.961	2.098	1.882	0
1437	2.0	1.843	2.059	1.941	0
1438	1.941	1.765	2.078	2.039	0
1439	1.922	1.784	2.078	2.059	0
1440	2.0	1.765	2.078	2.078	0
1441	1.941	1.745	2.059	2.059	0
1442	1.961	1.765	2.059	2.039	0
1443	2.0	1.784	2.078	1.98	0
1444	2.02	1.843	2.098	1.98	0
1445	2.02	1.843	2.078	1.941	0
1446	1.98	1.804	2.098	2.0	0
1447	1.922	1.824	2.059	2.078	0
1448	1.902	1.941	2.059	2.098	0
1449	1.961	1.98	2.098	2.098	0
1450	2.039	2.059	2.059	2.02	0
1451	2.02	2.0	2.078	1.941	0
1452	2.059	2.02	2.059	1.902	0
1453	2.098	1.98	2.098	1.902	0
1454	2.059	1.902	2.078	1.941	0
1455	1.961	1.824	2.078	2.02	0
1456	1.941	1.765	2.059	2.118	0
1457	1.902	1.843	2.078	2.098	0
1458	1.98	1.765	2.059	2.078	0
1459	1.941	1.824	2.059	2.039	0
1460	1.98	1.804	2.078	2.0	0
1461	2.02	1.882	2.059	1.98	0
1462	2.039	1.882	2.078	1.961	0
1463	2.0	1.882	2.098	2.0	0
1464	1.961	1.902	2.078	2.078	0
1465	1.961	1.961	2.118	2.118	0
1466	1.961	2.0	2.098	2.137	0
1467	2.0	2.118	2.078	2.039	0
1468	2.039	2.078	2.059	1.961	0
1469	2.098	2.059	2.078	1.902	0
1470	2.098	2.02	2.098	1.882	0
1471	2.059	1.941	2.118	1.941	0
1472	1.961	1.863	2.118	2.02	0
1473	1.941	1.824	2.078	2.078	0
1474	2.02	1.824	2.118	2.118	0
1475	1.961	1.784	2.059	2.098	0
1476	1.961	1.824	2.078	2.02	0
1477	2.0	1.843	2.098	1.98	0
1478	2.02	1.902	2.098	1.961	0
1479	2.039	1.902	2.098	1.941	0
1480	1.961	1.882	2.098	2.02	0
1481	1.922	1.922	2.078	2.078	0
1482	1.863	1.941	2.137	2.118	0
1483	1.922	2.059	2.098	2.118	0
1484	2.059	2.118	2.059	2.0	0
1485	2.0	2.098	2.059	1.941	0
1486	2.02	2.157	2.137	1.941	0
1487	2.059	2.098	2.137	1.902	0
1488	2.039	1.961	2.137	1.961	0
1489	1.941	1.882	2.098	2.039	0
1490	1.882	1.863	2.137	2.098	0
1491	1.882	1.902	2.118	2.118	0
1492	1.863	1.863	2.118	2.137	0
1493	1.941	1.922	2.098	2.078	0
1494	1.941	1.922	2.118	2.0	0
1495	1.961	1.961	2.098	1.961	0
1496	1.98	1.98	2.118	2.0	0
1497	1.882	1.941	2.157	2.059	0
1498	1.863	1.961	2.098	2.118	0
1499	1.843	2.059	2.059	2.137	0
