time	channel1	channel2	channel3	channel4	class
0	2.196	2.137	2.157	1.882	5
1	2.196	2.098	2.353	1.941	5
2	2.118	1.98	2.255	2.0	5
3	2.118	1.922	2.098	2.02	5
4	2.275	1.882	2.02	2.0	5
5	2.294	1.843	2.118	2.02	5
6	2.314	1.745	2.118	2.02	5
7	1.98	1.686	2.098	2.0	5
8	1.902	1.725	2.157	1.882	5
9	2.118	1.843	2.176	1.843	5
10	2.0	1.824	2.196	1.843	5
11	1.941	1.863	2.118	1.882	5
12	2.157	1.863	2.078	1.902	5
13	2.118	1.765	2.157	2.0	5
14	1.941	1.706	2.0	2.039	5
15	1.824	1.882	2.118	2.02	5
16	1.922	2.059	2.431	1.961	5
17	2.078	1.98	2.098	1.961	5
18	2.078	2.059	2.0	1.941	5
19	1.902	1.882	2.196	2.0	5
20	1.882	1.765	2.196	2.039	5
21	2.078	1.784	2.275	2.137	5
22	2.196	1.765	2.314	2.196	5
23	2.078	1.765	1.843	2.137	5
24	1.804	1.745	1.961	2.02	5
25	1.765	1.765	2.176	1.882	5
26	1.922	1.941	2.294	1.863	5
27	1.98	1.941	2.098	1.902	5
28	2.0	1.902	1.882	1.902	5
29	2.0	1.863	1.902	1.882	5
30	1.961	1.882	2.02	1.961	5
31	1.765	1.882	2.02	2.0	5
32	1.686	1.863	1.902	1.98	5
33	1.882	1.941	1.961	1.922	5
34	2.039	1.961	2.059	1.902	5
35	2.118	2.059	1.98	1.824	5
36	2.039	1.922	1.647	1.804	5
37	1.961	1.843	1.804	1.882	5
38	2.078	1.941	2.137	2.02	5
39	1.941	1.804	2.255	2.157	5
40	2.02	1.686	1.961	2.157	5
41	2.0	1.765	1.843	2.059	5
42	2.02	1.824	2.078	1.922	5
43	2.0	1.804	2.118	1.725	5
44	2.098	1.843	1.902	1.686	5
45	2.02	1.961	2.02	1.824	5
46	1.843	1.804	2.216	2.02	5
47	1.902	1.686	1.98	2.196	5
48	1.922	1.882	2.098	2.255	5
49	1.882	2.0	2.118	2.098	5
50	1.902	2.039	2.098	1.902	5
51	1.804	2.137	2.176	1.843	5
52	1.824	2.314	2.157	1.902	5
53	1.843	2.059	2.02	2.059	5
54	1.902	1.922	2.039	2.137	5
55	2.078	1.941	2.137	2.176	5
56	1.961	1.882	2.0	2.176	5
57	1.941	1.882	1.98	2.176	5
58	1.863	1.961	2.059	2.118	5
59	1.745	1.941	2.196	2.078	5
60	1.608	1.902	2.216	2.0	5
61	1.804	1.824	1.922	2.0	5
62	1.824	1.863	1.98	2.0	5
63	1.804	1.863	1.824	1.961	5
64	1.98	2.118	1.863	2.02	5
65	1.863	2.039	2.098	2.039	5
66	1.843	1.922	2.098	2.039	5
67	1.902	1.961	2.0	1.98	5
68	1.941	1.863	2.0	1.902	5
69	1.882	1.843	1.98	1.941	5
70	1.961	1.843	1.882	2.0	5
71	2.039	2.0	1.941	2.0	5
72	2.098	2.157	2.157	1.961	5
73	1.961	2.137	2.176	1.941	5
74	1.863	2.02	1.941	1.922	5
75	1.882	1.902	1.882	1.863	5
76	1.863	1.843	2.0	1.843	5
77	2.039	1.863	2.137	1.922	5
78	2.216	2.0	2.157	1.902	5
79	2.078	2.039	2.294	1.882	5
80	1.902	1.961	2.392	1.882	5
81	1.961	1.922	2.078	1.902	5
82	1.941	1.941	1.843	1.922	5
83	1.588	1.882	2.0	1.902	5
84	1.667	1.961	2.176	1.922	5
85	1.765	2.098	2.098	2.118	5
86	1.922	2.059	2.137	2.235	5
87	1.922	1.941	1.961	2.235	5
88	1.863	1.922	1.824	2.02	5
89	1.941	1.843	1.843	1.745	5
90	2.196	1.804	2.196	1.804	5
91	2.275	1.824	2.353	1.961	5
92	1.725	1.725	1.98	2.059	5
93	1.353	1.686	1.804	2.039	5
94	1.373	1.745	1.882	2.059	5
95	1.863	1.824	1.961	1.922	5
96	2.098	1.824	2.078	1.843	5
97	2.373	1.941	2.216	1.902	5
98	2.118	1.922	2.137	1.902	5
99	1.843	2.0	2.137	1.804	5
100	2.0	2.078	2.333	1.745	5
101	1.941	1.961	2.294	1.784	5
102	2.137	1.941	2.137	1.863	5
103	1.98	1.843	2.078	1.902	5
104	2.216	1.941	2.0	1.941	5
105	2.431	2.039	2.51	1.922	5
106	2.392	2.039	2.392	1.922	5
107	2.314	2.0	2.02	2.0	5
108	2.235	2.02	2.235	2.078	5
109	2.216	1.941	2.255	1.98	5
110	2.235	1.863	1.961	1.843	5
111	2.255	2.059	2.451	1.784	5
112	2.02	1.961	2.765	1.98	5
113	2.0	1.784	1.824	2.118	5
114	2.137	1.706	1.784	2.137	5
115	2.0	2.0	2.235	2.098	5
116	2.078	2.216	2.118	1.98	5
117	1.941	2.02	2.078	1.902	5
118	1.824	1.843	2.157	1.784	5
119	1.843	1.961	2.098	1.784	5
120	1.824	2.196	2.039	1.941	5
121	1.784	2.02	1.98	2.157	5
122	1.863	1.824	1.902	2.235	5
123	2.0	1.902	2.157	2.255	5
124	2.118	1.863	2.176	2.235	5
125	2.137	1.745	2.098	2.196	5
126	1.941	1.608	2.098	2.059	5
127	1.843	1.647	1.98	1.922	5
128	2.02	1.765	1.824	1.863	5
129	1.902	1.725	2.02	1.922	5
130	1.922	1.843	2.176	2.039	5
131	2.0	1.961	2.137	2.157	5
132	1.98	2.078	2.078	2.235	5
133	1.902	1.941	2.176	2.275	5
134	1.843	1.843	2.353	2.216	5
135	1.863	1.725	1.843	2.039	5
136	1.843	1.863	1.667	1.882	5
137	1.922	1.922	2.02	1.824	5
138	1.843	2.0	1.961	1.902	5
139	1.843	2.039	1.961	2.118	5
140	1.961	1.98	2.059	2.353	5
141	1.98	1.941	2.039	2.431	5
142	1.98	1.98	2.235	2.314	5
143	1.863	2.059	2.275	2.137	5
144	1.804	2.039	2.059	1.98	5
145	1.667	1.961	1.824	1.804	5
146	1.882	2.098	1.824	1.745	5
147	1.98	2.176	2.059	1.804	5
148	1.961	2.137	2.255	1.98	5
149	1.98	2.059	2.098	2.157	5
150	1.98	2.118	2.098	2.235	5
151	1.902	2.333	2.118	2.137	5
152	1.784	2.49	2.255	1.98	5
153	1.608	2.118	2.255	1.843	5
154	1.667	1.961	2.039	1.765	5
155	2.078	2.255	1.843	1.843	5
156	2.255	2.314	2.059	2.02	5
157	2.157	1.98	2.078	2.118	5
158	2.059	1.941	2.255	2.176	5
159	2.078	1.824	2.255	2.118	5
160	1.961	1.686	2.078	1.922	5
161	1.941	1.784	2.176	1.725	5
162	1.784	1.824	2.118	1.745	5
163	1.49	1.843	2.118	1.882	5
164	1.686	1.863	2.02	1.98	5
165	1.765	1.804	1.784	2.0	5
166	1.98	1.627	1.667	1.961	5
167	2.059	1.627	1.882	1.863	5
168	2.137	1.843	2.431	1.941	5
169	1.941	1.784	2.02	1.902	5
170	1.686	1.843	1.686	1.686	5
171	1.941	2.0	2.0	1.569	5
172	2.255	2.0	2.02	1.667	5
173	2.157	1.804	1.784	1.961	5
174	1.863	1.882	1.804	2.196	5
175	1.667	1.843	1.863	2.176	5
176	1.784	1.706	1.706	1.902	5
177	2.137	1.725	1.824	1.627	5
178	2.51	2.059	2.294	1.588	5
179	2.49	2.118	2.549	1.667	5
180	1.961	1.706	2.333	1.882	5
181	1.804	1.588	1.902	2.098	5
182	1.961	1.627	1.667	2.118	5
183	2.176	1.961	2.0	1.961	5
184	2.294	2.02	2.294	1.902	5
185	2.157	2.078	2.451	1.98	5
186	2.078	2.059	2.373	2.039	5
187	2.196	2.059	2.275	2.137	5
188	2.216	2.098	2.333	2.255	5
189	2.137	2.078	2.294	2.294	5
190	2.098	1.863	2.0	2.176	5
191	2.137	1.784	1.843	2.02	5
192	2.235	1.922	2.137	1.961	5
193	2.353	2.078	2.392	2.118	5
194	2.353	2.137	2.412	2.275	5
195	2.314	2.118	2.373	2.412	5
196	2.255	1.941	2.235	2.392	5
197	2.02	1.863	2.098	2.078	5
198	1.941	1.902	2.118	1.824	5
199	2.157	1.98	1.98	1.824	5
200	2.373	2.176	2.039	2.0	5
201	2.157	2.078	2.314	2.157	5
202	1.784	1.608	1.922	2.059	5
203	1.863	1.608	1.784	1.784	5
204	1.941	1.824	2.039	1.784	5
205	1.941	1.941	2.314	2.098	5
206	2.059	1.706	2.235	2.314	5
207	2.137	1.412	1.922	2.373	5
208	2.157	1.412	1.706	2.196	5
209	2.078	1.333	1.824	1.941	5
210	1.922	1.353	1.902	1.863	5
211	1.784	1.137	1.902	1.902	5
212	1.941	1.451	2.02	2.0	5
213	2.039	1.431	1.647	2.0	5
214	1.745	1.51	1.824	2.098	5
215	1.667	1.627	1.843	2.196	5
216	1.569	1.588	1.471	2.176	5
217	1.784	1.745	1.569	2.078	5
218	2.02	1.843	1.824	1.941	5
219	2.118	1.902	1.804	1.882	5
220	1.882	2.0	1.843	1.922	5
221	1.804	2.235	1.863	2.039	5
222	1.725	2.235	1.784	2.118	5
223	1.784	2.255	1.941	2.176	5
224	1.922	2.216	1.804	2.157	5
225	2.02	2.373	1.706	2.059	5
226	2.157	2.49	1.882	2.02	5
227	2.118	2.431	2.412	2.02	5
228	2.02	2.431	2.431	2.118	5
229	1.98	2.196	1.392	2.059	5
230	1.745	2.02	1.784	1.824	5
231	1.902	2.078	2.196	1.765	5
232	1.902	2.196	2.078	1.804	5
233	1.98	2.216	2.196	1.941	5
234	2.02	2.353	2.333	2.039	5
235	1.941	2.314	2.353	2.118	5
236	1.725	2.216	2.353	2.059	5
237	1.922	2.059	2.078	2.0	5
238	2.118	2.078	1.902	1.98	5
239	2.059	1.98	2.157	1.922	5
240	2.0	2.039	2.235	1.902	5
241	1.882	1.863	2.118	1.941	5
242	1.725	1.863	1.843	1.98	5
243	1.725	1.98	1.863	1.961	5
244	1.902	1.922	1.941	2.02	5
245	1.922	1.863	2.039	1.941	5
246	1.745	1.863	2.157	1.863	5
247	1.922	1.922	2.294	1.843	5
248	1.745	1.863	2.392	1.961	5
249	1.725	1.745	2.549	2.137	5
250	1.98	1.765	2.451	2.098	5
251	2.02	1.922	1.647	1.863	5
252	1.922	1.765	1.627	1.569	5
253	2.157	1.922	2.098	1.471	5
254	1.922	1.941	2.392	1.667	5
255	1.843	1.882	2.294	1.882	5
256	1.824	2.0	2.02	2.118	5
257	1.804	2.137	2.078	2.176	5
258	1.863	1.882	2.098	2.137	5
259	1.961	1.784	2.098	2.059	5
260	2.157	1.706	2.02	1.902	5
261	2.373	1.608	2.039	1.686	5
262	2.333	1.608	2.333	1.549	5
263	1.843	1.667	2.353	1.725	5
264	1.902	1.51	2.039	2.078	5
265	1.843	1.451	1.725	2.353	5
266	1.804	1.51	1.863	2.333	5
267	2.0	1.471	2.039	2.02	5
268	2.039	1.667	2.196	1.627	5
269	2.275	1.882	2.275	1.569	5
270	2.137	1.922	2.235	1.765	5
271	2.02	1.745	2.235	2.059	5
272	1.922	1.745	2.02	2.196	5
273	1.941	1.922	2.059	2.098	5
274	1.961	1.98	2.235	2.02	5
275	1.922	1.765	2.294	2.039	5
276	2.294	1.804	2.431	2.059	5
277	2.529	1.941	2.451	2.098	5
278	2.157	1.824	2.235	2.078	5
279	1.843	1.725	2.0	2.059	5
280	1.804	1.863	2.216	2.02	5
281	1.961	1.922	2.333	2.039	5
282	2.059	1.882	2.314	2.078	5
283	2.02	1.843	2.255	2.098	5
284	2.176	1.863	2.608	2.196	5
285	2.137	1.745	2.667	2.275	5
286	1.902	1.51	2.588	2.275	5
287	1.725	1.373	1.863	2.157	5
288	1.824	1.431	1.49	1.902	5
289	1.961	1.706	2.118	1.647	5
290	1.98	2.059	2.549	1.647	5
291	2.039	2.373	2.627	2.059	5
292	2.118	2.333	2.294	2.569	5
293	2.059	1.882	2.039	2.784	5
294	2.196	1.549	2.0	2.471	5
295	2.196	1.647	1.961	2.0	5
296	2.039	2.0	2.098	1.765	5
297	1.922	2.275	2.157	1.784	5
298	1.961	2.255	2.176	1.922	5
299	2.059	2.118	2.039	2.039	5
300	1.941	2.176	2.0	2.098	5
301	1.922	2.275	2.039	2.157	5
302	1.922	2.294	2.059	2.216	5
303	1.902	2.137	2.137	2.196	5
304	1.98	2.157	2.216	2.137	5
305	2.0	2.196	2.137	2.0	5
306	1.961	2.118	2.157	1.882	5
307	1.902	2.039	2.176	1.941	5
308	2.02	2.039	2.373	2.02	5
309	1.725	1.588	1.98	2.098	5
310	1.765	1.686	1.882	2.059	5
311	2.098	2.235	2.02	2.059	5
312	2.176	2.157	1.706	2.02	5
313	1.824	1.647	2.294	1.941	5
314	1.627	1.49	2.216	1.824	5
315	1.863	1.882	1.863	1.804	5
316	2.039	1.725	2.118	1.922	5
317	1.824	1.784	2.412	2.0	5
318	1.863	1.961	2.137	2.039	5
319	1.882	2.078	1.686	1.961	5
320	1.922	2.039	1.667	1.863	5
321	1.765	1.922	2.039	1.804	5
322	1.765	1.941	1.961	1.765	5
323	1.863	2.0	1.804	1.843	5
324	1.863	1.961	1.824	1.902	5
325	1.882	1.961	1.922	2.02	5
326	1.961	1.902	1.882	2.078	5
327	1.98	1.961	1.843	2.078	5
328	1.922	1.922	1.824	2.039	5
329	1.804	1.98	1.922	1.941	5
330	1.686	1.902	1.863	1.843	5
331	1.706	1.667	1.745	1.706	5
332	1.98	1.627	1.843	1.667	5
333	2.275	1.804	2.078	1.745	5
334	2.314	1.804	2.059	1.843	5
335	2.039	1.882	2.0	1.922	5
336	1.765	1.922	1.961	1.902	5
337	1.843	2.0	2.039	1.863	5
338	1.941	1.98	2.157	1.784	5
339	1.941	1.922	2.118	1.863	5
340	2.0	2.059	2.059	1.961	5
341	2.235	2.098	2.02	1.961	5
342	2.235	2.196	2.157	1.824	5
343	2.314	2.039	2.176	1.765	5
344	2.275	2.0	2.314	1.824	5
345	1.98	2.02	2.333	1.922	5
346	1.824	1.941	2.098	2.059	5
347	1.824	1.725	2.137	2.137	5
348	1.902	1.627	2.275	2.137	5
349	2.157	1.784	2.216	2.02	5
350	2.294	1.725	2.137	1.922	5
351	2.255	1.608	2.137	1.922	5
352	2.098	1.706	2.275	2.059	5
353	1.882	1.765	2.137	2.255	5
354	1.863	1.902	2.118	2.353	5
355	1.725	1.784	2.333	2.373	5
356	1.686	1.549	2.176	2.235	5
357	1.843	1.608	1.863	1.941	5
358	2.02	2.098	2.157	1.765	5
359	2.039	2.118	1.941	1.882	5
360	2.216	1.98	1.941	2.0	5
361	2.431	2.0	2.176	2.216	5
362	2.314	1.863	2.235	2.49	5
363	2.137	1.706	2.098	2.51	5
364	1.922	1.922	2.078	2.294	5
365	1.784	2.0	2.137	1.941	5
366	1.765	1.902	1.863	1.686	5
367	1.961	1.98	1.961	1.588	5
368	2.039	2.0	2.235	1.745	5
369	2.157	1.941	1.98	2.039	5
370	2.137	1.863	1.863	2.039	5
371	2.078	1.98	2.255	2.0	5
372	2.039	2.039	2.686	1.902	5
373	1.843	1.667	2.059	1.843	5
374	1.98	1.725	1.725	1.863	5
375	1.804	1.941	1.824	1.941	5
376	1.686	2.137	2.216	2.157	5
377	2.039	2.02	2.373	2.216	5
378	2.137	1.882	2.255	2.157	5
379	2.216	2.078	1.961	2.118	5
380	2.137	2.176	2.039	2.078	5
381	1.863	2.078	2.118	2.098	5
382	1.843	2.098	2.118	2.039	5
383	1.941	2.098	2.098	2.02	5
384	1.961	2.137	2.176	2.02	5
385	1.784	2.098	2.137	2.118	5
386	1.667	2.059	2.157	2.235	5
387	1.667	2.039	1.961	2.176	5
388	1.902	2.176	2.0	2.039	5
389	1.902	2.118	2.176	1.941	5
390	1.863	1.98	2.196	1.882	5
391	1.843	1.98	2.098	1.941	5
392	1.765	1.941	1.882	1.961	5
393	1.961	1.941	2.02	2.02	5
394	2.0	1.667	2.196	2.118	5
395	1.941	1.471	2.176	2.157	5
396	2.078	1.529	2.0	2.118	5
397	2.039	1.627	2.176	2.059	5
398	2.118	1.863	2.353	1.98	5
399	2.059	1.843	2.353	1.941	5
400	1.784	1.627	1.922	1.863	5
401	1.941	1.667	1.706	1.843	5
402	2.098	1.882	2.078	1.804	5
403	2.118	1.961	2.275	1.863	5
404	2.059	2.0	2.059	1.941	5
405	1.922	2.157	2.039	1.961	5
406	1.922	2.314	2.196	1.941	5
407	2.02	2.02	2.235	1.784	5
408	1.922	1.647	2.039	1.706	5
409	2.059	1.941	1.843	1.882	5
410	2.078	2.333	1.843	1.941	5
411	2.02	2.373	2.098	1.922	5
412	1.863	2.196	1.863	1.902	5
413	1.882	2.098	1.804	1.902	5
414	1.941	2.0	1.784	1.902	5
415	2.176	2.176	2.098	2.02	5
416	1.941	2.0	2.314	2.039	5
417	1.706	1.863	2.255	2.02	5
418	1.824	1.725	1.804	1.902	5
419	1.804	1.588	1.667	1.765	5
420	1.824	1.843	2.02	1.706	5
421	1.843	2.059	2.451	1.843	5
422	2.078	2.275	2.392	2.333	5
423	1.863	2.039	1.824	2.392	5
424	1.608	1.863	1.745	2.078	5
425	1.784	2.098	1.961	1.706	5
426	1.706	2.294	1.98	1.569	5
427	1.706	2.137	1.863	1.667	5
428	2.118	1.745	2.059	1.961	5
429	2.373	1.824	2.196	2.235	5
430	2.255	1.843	2.098	2.255	5
431	1.706	1.804	2.059	2.137	5
432	1.863	2.039	2.137	2.02	5
433	2.0	2.098	1.98	1.882	5
434	1.824	1.98	2.0	1.824	5
435	1.765	1.902	2.176	1.784	5
436	1.863	1.745	1.824	1.824	5
437	2.235	1.843	1.784	1.824	5
438	2.196	1.824	2.059	1.882	5
439	2.216	2.02	2.392	2.078	5
440	2.137	2.078	2.373	2.235	5
441	1.98	2.078	2.216	2.294	5
442	2.039	2.0	2.078	2.235	5
443	2.02	2.039	2.176	2.137	5
444	1.843	2.039	2.294	2.078	5
445	1.961	1.784	2.0	1.98	5
446	2.137	1.745	1.98	1.725	5
447	2.216	1.804	2.137	1.667	5
448	2.216	1.863	2.392	1.961	5
449	2.0	1.647	2.451	2.412	5
450	1.745	1.471	2.137	2.647	5
451	1.765	1.412	1.686	2.275	5
452	2.059	1.686	2.235	1.863	5
453	1.98	1.784	2.627	1.627	5
454	1.706	1.647	2.059	1.647	5
455	1.647	1.588	1.667	1.745	5
456	1.941	1.745	1.843	1.863	5
457	2.176	1.745	2.039	1.902	5
458	1.922	1.588	2.078	1.882	5
459	1.725	1.608	2.059	1.882	5
460	1.804	1.784	2.137	1.941	5
461	1.804	1.882	2.02	2.02	5
462	1.941	1.941	2.02	2.0	5
463	2.137	2.118	2.255	2.0	5
464	2.314	1.863	2.059	2.02	5
465	2.235	1.529	1.745	1.941	5
466	2.216	1.765	1.745	1.843	5
467	2.255	2.098	2.353	1.941	5
468	2.157	2.039	2.275	2.098	5
469	1.961	1.843	2.02	2.137	5
470	1.961	1.804	2.078	2.0	5
471	2.059	2.0	2.294	2.0	5
472	2.137	1.902	2.235	2.078	5
473	2.235	1.784	2.176	2.098	5
474	2.275	1.667	2.078	2.02	5
475	2.137	1.804	2.137	1.961	5
476	2.098	2.0	2.098	1.961	5
477	2.039	2.039	2.078	2.02	5
478	1.941	2.039	2.118	2.039	5
479	1.882	2.0	2.0	2.039	5
480	2.0	2.157	1.882	2.098	5
481	2.255	2.294	2.039	2.216	5
482	2.275	2.098	2.235	2.275	5
483	1.902	1.863	2.235	2.196	5
484	1.765	1.922	2.314	2.039	5
485	1.686	2.078	2.235	1.882	5
486	1.765	2.098	1.863	1.824	5
487	1.725	2.176	2.02	1.824	5
488	2.039	2.451	2.235	1.941	5
489	2.02	2.412	2.333	2.216	5
490	1.647	2.118	1.784	2.333	5
491	1.706	2.157	1.882	2.196	5
492	1.706	2.275	2.255	1.98	5
493	1.784	2.216	2.314	1.843	5
494	1.824	2.216	2.275	1.843	5
495	1.902	2.333	2.078	1.922	5
496	1.863	2.216	2.039	2.098	5
497	1.922	2.0	2.157	2.098	5
498	2.059	1.863	1.882	2.039	5
499	2.059	1.882	1.784	1.98	5
500	1.941	1.961	2.451	1.98	5
501	1.804	2.02	2.451	2.078	5
502	1.647	2.059	1.569	2.059	5
503	1.902	2.0	1.98	2.0	5
504	2.0	1.882	2.255	1.882	5
505	1.98	1.804	2.0	1.784	5
506	1.882	1.745	1.922	1.686	5
507	1.745	1.608	1.529	1.725	5
508	1.745	1.667	1.863	1.882	5
509	1.922	2.078	2.627	2.059	5
510	1.922	2.078	2.373	2.078	5
511	1.863	1.961	1.843	2.0	5
512	1.882	2.0	2.137	2.0	5
513	1.961	1.725	1.882	1.98	5
514	1.902	1.608	1.627	1.843	5
515	1.98	1.961	1.824	1.765	5
516	2.039	1.922	1.961	1.824	5
517	2.216	1.745	2.02	2.02	5
518	2.078	2.02	2.275	2.196	5
519	1.922	2.0	2.02	2.176	5
520	1.922	1.843	1.843	1.843	5
521	1.922	1.882	1.98	1.627	5
522	2.098	2.0	2.078	1.686	5
523	2.216	1.961	2.02	1.98	5
524	2.078	2.0	2.039	2.333	5
525	2.059	2.157	2.078	2.451	5
526	2.039	2.137	2.216	2.314	5
527	1.98	2.0	2.0	2.02	5
528	1.804	1.98	1.765	1.725	5
529	1.882	1.941	1.98	1.51	5
530	1.922	1.843	2.02	1.549	5
531	1.922	1.863	2.098	1.922	5
532	2.137	1.843	2.039	2.294	5
533	2.196	1.706	2.02	2.451	5
534	2.176	1.608	2.118	2.353	5
535	2.118	1.569	2.216	2.098	5
536	1.863	1.627	2.255	1.843	5
537	1.765	1.588	2.118	1.647	5
538	1.882	1.627	2.118	1.647	5
539	1.902	1.706	2.157	1.824	5
540	1.98	1.686	2.255	1.98	5
541	2.078	1.765	2.333	2.118	5
542	2.196	1.98	2.196	2.196	5
543	2.039	1.647	1.961	2.078	5
544	1.824	1.49	1.843	1.863	5
545	2.078	1.863	2.314	1.843	5
546	2.157	1.98	2.471	2.059	5
547	2.039	1.863	2.333	2.216	5
548	2.02	1.824	2.098	2.255	5
549	2.157	1.863	1.961	2.176	5
550	2.118	1.765	2.0	2.137	5
551	2.098	1.667	2.059	2.118	5
552	1.902	1.725	2.255	2.098	5
553	1.902	1.922	2.294	2.157	5
554	1.961	2.02	2.098	2.078	5
555	1.863	1.941	2.137	2.02	5
556	1.882	1.667	1.765	1.98	5
557	1.922	1.588	1.804	1.922	5
558	2.157	1.98	2.157	1.961	5
559	2.02	1.882	2.235	2.02	5
560	1.804	1.824	2.039	2.098	5
561	1.902	1.98	2.176	2.059	5
562	1.98	2.059	2.451	2.0	5
563	2.02	2.157	2.49	1.98	5
564	2.157	2.157	1.647	1.98	5
565	2.02	2.02	1.49	2.0	5
566	1.725	1.882	2.235	2.059	5
567	1.843	1.804	2.098	2.196	5
568	2.039	1.706	1.961	2.176	5
569	2.0	1.784	2.235	2.059	5
570	2.098	1.98	2.02	1.882	5
571	2.039	2.039	2.039	1.784	5
572	1.941	1.922	2.0	1.843	5
573	2.0	2.157	2.039	1.922	5
574	1.961	2.118	2.078	2.078	5
575	1.843	2.118	1.922	2.137	5
576	1.863	2.078	1.922	2.02	5
577	1.784	2.196	2.098	1.922	5
578	1.706	2.157	2.098	1.922	5
579	1.863	2.039	1.882	1.961	5
580	1.961	2.039	1.902	1.922	5
581	1.882	2.02	1.843	1.922	5
582	2.059	2.255	2.039	1.902	5
583	2.176	2.275	1.941	1.843	5
584	2.059	2.176	1.98	1.922	5
585	1.902	2.039	2.059	2.098	5
586	1.804	2.353	2.549	2.216	5
587	1.902	2.118	2.373	2.216	5
588	1.647	1.608	1.412	1.863	5
589	1.784	1.902	1.647	1.647	5
590	1.98	2.333	2.118	1.706	5
591	2.02	2.314	2.216	1.882	5
592	2.0	2.137	2.196	1.98	5
593	1.961	2.137	2.235	2.039	5
594	1.843	2.137	2.137	1.961	5
595	1.941	2.137	2.0	1.804	5
596	2.02	2.216	1.98	1.667	5
597	1.902	2.216	2.078	1.686	5
598	2.039	2.353	2.196	1.98	5
599	2.039	2.314	2.176	2.314	5
600	2.176	2.235	2.216	2.314	5
601	2.078	1.941	2.392	2.078	5
602	2.0	1.706	2.039	1.843	5
603	2.039	1.784	1.824	1.745	5
604	2.078	1.843	2.333	1.745	5
605	2.098	1.961	2.529	1.961	5
606	1.863	1.765	2.392	2.098	5
607	1.706	1.51	1.941	2.216	5
608	2.02	1.725	1.549	2.196	5
609	2.255	1.961	2.059	2.157	5
610	2.118	1.784	2.353	2.02	5
611	1.784	1.549	2.078	1.922	5
612	1.725	1.706	1.902	1.863	5
613	1.902	1.824	2.02	1.843	5
614	2.02	1.804	1.98	1.922	5
615	2.157	1.745	1.882	2.157	5
616	2.098	1.784	2.0	2.275	5
617	1.863	1.667	1.882	2.196	5
618	1.922	1.667	1.745	2.137	5
619	2.039	1.745	1.804	2.02	5
620	2.039	1.745	1.882	1.863	5
621	1.941	1.471	1.765	1.569	5
622	1.922	1.569	2.02	1.529	5
623	2.078	1.725	2.255	1.725	5
624	2.059	1.667	2.176	1.98	5
625	1.922	1.608	2.078	2.137	5
626	1.686	1.745	2.098	2.255	5
627	1.902	1.922	2.353	2.176	5
628	2.275	1.804	2.333	2.0	5
629	2.176	1.471	2.333	1.824	5
630	1.882	1.294	2.078	1.745	5
631	1.863	1.569	2.059	1.784	5
632	2.039	1.784	2.275	2.0	5
633	2.137	1.902	2.412	2.157	5
634	2.294	1.843	2.275	2.216	5
635	2.216	1.627	2.059	2.157	5
636	2.216	1.588	2.216	2.118	5
637	2.02	1.784	2.353	2.118	5
638	1.882	1.804	2.294	2.078	5
639	1.902	1.745	2.157	1.941	5
640	1.98	1.882	2.078	1.922	5
641	1.961	1.882	2.059	1.98	5
642	1.941	2.039	2.275	2.0	5
643	2.098	1.98	2.353	1.941	5
644	2.02	1.784	1.98	1.882	5
645	1.961	2.275	1.882	1.882	5
646	2.137	2.549	2.333	2.039	5
647	1.824	1.961	2.039	2.137	5
648	1.804	2.118	2.196	2.137	5
649	1.863	2.373	2.176	2.118	5
650	1.784	2.412	1.765	2.078	5
651	1.863	2.314	2.078	2.098	5
652	1.98	1.902	2.157	2.118	5
653	2.098	1.804	2.196	2.118	5
654	1.922	1.863	2.078	2.059	5
655	1.882	2.02	2.118	2.0	5
656	1.784	2.059	2.078	1.98	5
657	1.765	2.02	1.922	2.0	5
658	1.804	1.922	1.882	2.02	5
659	1.961	1.941	2.176	2.059	5
660	1.922	1.961	2.078	2.098	5
661	1.765	1.882	1.843	2.196	5
662	1.824	1.882	2.0	2.157	5
663	2.02	1.843	2.275	2.039	5
664	1.922	1.863	2.039	1.824	5
665	1.686	1.843	1.686	1.647	5
666	1.863	1.961	1.824	1.706	5
667	2.118	2.235	2.118	1.922	5
668	1.902	2.255	2.118	2.137	5
669	1.922	2.216	1.863	2.216	5
670	2.02	1.98	1.922	2.078	5
671	2.098	1.784	2.0	1.863	5
672	2.137	1.961	2.0	1.647	5
673	2.118	2.039	2.196	1.647	5
674	2.0	2.0	1.961	1.706	5
675	1.843	2.078	1.882	1.784	5
676	2.039	2.275	2.098	1.843	5
677	2.059	2.176	2.098	1.902	5
678	1.961	2.137	2.118	1.98	5
679	2.02	2.118	2.196	1.902	5
680	2.059	2.157	2.098	1.824	5
681	2.02	2.098	2.039	1.902	5
682	1.961	1.902	2.137	1.961	5
683	2.216	1.98	1.941	2.039	5
684	2.176	2.039	1.902	2.098	5
685	1.961	2.0	2.039	2.098	5
686	1.902	1.843	2.059	2.137	5
687	1.961	1.804	2.098	2.137	5
688	1.98	1.902	2.098	1.98	5
689	1.902	1.882	2.216	1.843	5
690	1.922	1.824	2.137	1.824	5
691	1.863	1.745	1.882	1.804	5
692	1.863	1.725	1.922	1.902	5
693	2.039	1.941	2.353	2.039	5
694	2.137	2.059	2.412	2.176	5
695	1.922	1.725	1.647	2.098	5
696	1.725	1.569	1.804	1.941	5
697	1.765	1.667	2.255	1.804	5
698	1.784	1.627	2.157	1.804	5
699	1.941	1.745	2.078	1.882	5
700	2.098	1.765	2.0	1.902	5
701	2.157	1.804	2.098	1.902	5
702	2.157	1.608	2.157	1.922	5
703	2.02	1.471	2.255	1.941	5
704	1.863	1.608	2.157	2.0	5
705	2.0	1.804	2.118	2.157	5
706	2.078	1.745	2.078	2.294	5
707	1.824	1.686	2.0	2.157	5
708	1.98	1.745	2.059	1.902	5
709	1.902	1.765	1.98	1.706	5
710	1.882	1.843	2.039	1.745	5
711	1.745	1.941	2.098	1.98	5
712	1.608	1.706	2.078	2.176	5
713	1.902	1.608	2.314	2.216	5
714	2.392	1.725	2.078	2.098	5
715	2.255	1.922	1.725	2.059	5
716	1.804	2.02	2.373	1.961	5
717	1.961	2.0	2.392	2.059	5
718	2.098	2.039	2.373	2.294	5
719	2.196	1.784	1.686	2.275	5
720	2.294	1.333	1.588	2.059	5
721	2.431	1.196	2.196	1.961	5
722	2.157	1.471	2.549	2.039	5
723	1.922	1.765	2.725	2.196	5
724	1.725	1.549	2.235	2.235	5
725	1.863	1.431	1.686	2.176	5
726	2.078	1.902	2.02	2.137	5
727	2.235	2.373	2.314	2.078	5
728	2.294	2.353	2.255	1.98	5
729	2.059	1.922	1.961	1.902	5
730	1.863	1.882	2.431	2.0	5
731	1.922	2.176	2.451	2.118	5
732	1.824	2.49	2.431	2.118	5
733	2.157	2.255	2.039	2.157	5
734	2.314	2.294	1.843	2.118	5
735	1.961	2.451	2.02	2.059	5
736	1.686	2.49	2.137	2.02	5
737	1.667	2.353	2.255	1.961	5
738	2.078	2.118	2.196	2.039	5
739	2.078	1.98	2.059	2.059	5
740	2.078	2.137	2.02	2.02	5
741	2.137	2.196	2.216	1.941	5
742	2.02	2.02	2.216	1.882	5
743	1.863	2.0	1.824	1.824	5
744	1.824	2.078	2.098	1.863	5
745	1.882	2.333	2.275	2.02	5
746	1.98	2.176	2.176	2.118	5
747	1.765	2.059	2.373	2.137	5
748	1.784	2.02	1.667	1.98	5
749	1.824	2.157	1.431	1.686	5
750	1.549	2.569	1.863	1.627	5
751	1.529	2.471	1.922	1.745	5
752	1.98	2.235	1.863	2.0	5
753	2.314	2.078	1.98	2.235	5
754	2.412	2.137	2.059	2.235	5
755	1.588	2.373	2.02	2.098	5
756	1.333	2.471	2.118	1.98	5
757	1.843	2.392	2.02	1.902	5
758	1.941	2.118	1.745	1.804	5
759	1.765	2.039	1.765	1.745	5
760	1.745	2.078	1.843	1.706	5
761	1.941	1.745	1.784	1.725	5
762	2.02	1.667	1.882	1.725	5
763	1.941	1.765	1.961	1.745	5
764	1.725	1.902	2.176	1.784	5
765	1.784	1.804	2.216	1.804	5
766	1.922	1.824	2.137	1.882	5
767	1.804	1.961	2.216	1.961	5
768	1.863	1.902	2.196	1.961	5
769	2.157	1.667	1.98	1.961	5
770	2.294	1.412	1.765	2.059	5
771	2.451	1.627	2.255	2.137	5
772	1.941	1.667	2.255	2.176	5
773	1.353	1.608	2.039	2.059	5
774	1.294	1.451	2.059	1.824	5
775	1.765	1.373	1.941	1.627	5
776	2.255	1.529	1.941	1.549	5
777	2.235	1.569	2.137	1.843	5
778	2.059	1.686	2.216	2.471	5
779	2.02	1.863	2.059	2.686	5
780	2.157	1.941	1.941	2.412	5
781	1.941	1.824	2.098	2.02	5
782	2.039	1.765	2.157	1.882	5
783	1.961	1.725	2.176	1.843	5
784	1.569	1.902	2.196	1.882	5
785	2.235	1.98	1.98	1.961	5
786	2.569	1.882	2.314	2.078	5
787	2.608	1.882	2.373	2.235	5
788	2.333	1.667	1.824	2.333	5
789	2.02	1.51	1.98	2.235	5
790	1.98	1.627	2.412	2.078	5
791	2.196	1.882	2.333	2.059	5
792	2.098	1.784	2.098	2.118	5
793	2.118	1.843	2.118	2.078	5
794	2.157	1.98	2.392	1.98	5
795	2.078	1.588	2.392	1.784	5
796	1.843	1.392	2.02	1.745	5
797	2.137	1.627	2.235	2.02	5
798	2.216	1.549	2.275	2.216	5
799	1.922	1.49	1.667	2.176	5
800	1.745	1.667	2.02	2.098	5
801	1.863	2.0	2.118	1.922	5
802	1.765	2.118	2.059	1.667	5
803	1.863	2.353	1.941	1.627	5
804	2.078	2.333	2.0	1.922	5
805	2.471	1.961	2.353	2.353	5
806	2.294	1.451	2.431	2.471	5
807	1.451	1.176	2.176	2.255	5
808	1.431	1.235	1.647	1.902	5
809	1.549	1.882	1.745	1.667	5
810	1.941	2.412	2.157	1.706	5
811	1.922	2.314	2.196	1.961	5
812	1.804	2.333	2.157	2.176	5
813	1.941	2.255	2.078	2.255	5
814	2.02	2.294	2.078	2.255	5
815	1.863	2.157	2.137	2.176	5
816	1.843	2.078	2.137	2.039	5
817	1.725	2.157	1.98	1.98	5
818	1.686	2.314	1.922	1.902	5
819	1.843	2.353	1.863	1.941	5
820	2.059	2.137	1.882	1.961	5
821	2.275	2.137	2.098	2.02	5
822	1.902	2.059	1.98	2.078	5
823	1.804	2.0	2.0	2.059	5
824	2.02	2.078	2.275	2.039	5
825	2.314	2.176	2.392	2.039	5
826	2.118	1.941	1.882	1.98	5
827	2.039	2.0	1.667	1.784	5
828	1.98	2.176	2.098	1.725	5
829	1.941	1.784	2.196	1.765	5
830	2.02	1.784	2.02	1.843	5
831	2.235	2.0	2.059	1.98	5
832	2.216	2.02	2.235	2.059	5
833	2.02	2.157	2.235	2.078	5
834	1.882	2.216	2.196	2.059	5
835	1.902	2.235	2.078	2.039	5
836	2.0	2.294	1.804	1.961	5
837	2.078	2.157	1.922	1.824	5
838	2.157	2.235	2.039	1.784	5
839	2.176	2.235	2.157	1.863	5
840	2.02	2.078	2.039	1.98	5
841	1.784	1.922	1.902	2.059	5
842	1.824	1.784	1.902	2.059	5
843	2.196	1.784	2.118	2.0	5
844	2.235	1.922	2.333	2.02	5
845	1.745	1.902	2.157	1.882	5
846	1.765	1.725	1.863	1.667	5
847	1.725	1.725	1.686	1.608	5
848	1.667	1.745	1.843	1.765	5
849	1.824	1.667	2.039	2.078	5
850	2.02	1.627	2.059	2.255	5
851	2.02	1.686	2.098	2.216	5
852	1.686	1.686	1.961	1.941	5
853	1.667	1.843	1.843	1.51	5
854	1.941	1.922	2.216	1.451	5
855	2.255	1.863	2.235	1.843	5
856	2.0	1.51	2.059	2.431	5
857	1.686	1.451	1.647	2.686	5
858	1.667	1.647	1.863	2.412	5
859	1.667	1.765	2.275	1.843	5
860	1.745	1.725	2.216	1.51	5
861	1.882	1.765	2.275	1.49	5
862	1.941	1.745	2.49	1.745	5
863	2.039	2.02	2.294	2.216	5
864	2.098	1.922	2.118	2.392	5
865	2.02	1.608	2.0	2.235	5
866	1.863	1.51	2.078	1.922	5
867	1.882	1.725	2.196	1.765	5
868	2.039	2.0	2.333	1.824	5
869	2.176	1.98	2.294	1.941	5
870	1.882	1.843	1.98	2.02	5
871	2.137	1.765	2.098	2.039	5
872	2.51	1.725	2.176	2.059	5
873	2.824	1.784	1.941	2.157	5
874	2.196	1.725	2.078	2.216	5
875	1.471	1.627	2.235	2.118	5
876	1.647	1.588	2.157	1.98	5
877	2.039	1.647	1.941	1.882	5
878	2.333	1.706	1.98	1.882	5
879	2.137	1.569	1.824	1.843	5
880	2.118	1.804	2.078	1.941	5
881	2.255	1.902	2.412	2.176	5
882	2.118	1.941	2.137	2.294	5
883	1.902	2.216	2.235	2.216	5
884	1.843	2.196	2.392	2.078	5
885	1.922	2.039	2.216	1.941	5
886	1.882	2.216	1.98	1.863	5
887	2.078	2.353	2.098	2.0	5
888	2.118	2.314	2.137	2.176	5
889	2.02	2.118	2.098	2.275	5
890	2.137	2.098	2.294	2.275	5
891	2.216	2.255	2.49	2.216	5
892	2.235	2.275	2.353	2.118	5
893	2.098	1.902	2.059	1.941	5
894	1.863	1.824	2.255	1.863	5
895	2.098	2.059	1.941	1.961	5
896	2.118	1.961	1.588	2.02	5
897	1.941	1.824	1.882	2.0	5
898	1.765	1.863	2.098	1.98	5
899	1.824	1.961	2.157	1.961	5
900	1.941	1.98	2.118	1.941	5
901	1.902	1.882	1.961	1.941	5
902	1.784	1.824	1.843	1.941	5
903	1.725	2.0	1.941	1.98	5
904	1.804	1.745	1.863	1.922	5
905	1.882	1.471	1.843	1.843	5
906	1.882	1.549	1.725	1.765	5
907	1.843	1.804	1.98	1.824	5
908	1.784	1.941	2.118	2.02	5
909	1.765	1.784	1.706	2.176	5
910	1.725	1.922	1.784	2.059	5
911	1.706	2.176	2.02	1.902	5
912	1.706	2.255	2.118	1.843	5
913	1.706	1.922	2.039	1.843	5
914	1.843	1.667	1.941	1.902	5
915	1.863	1.882	1.902	1.745	5
916	1.882	2.216	2.039	1.667	5
917	1.824	2.255	2.059	1.863	5
918	1.804	2.275	2.02	2.255	5
919	1.824	2.216	2.0	2.255	5
920	1.784	2.196	2.059	2.059	5
921	1.902	2.373	2.137	1.863	5
922	2.02	2.294	2.098	1.686	5
923	2.039	2.176	2.039	1.706	5
924	2.039	2.176	2.078	2.02	5
925	2.059	2.039	2.078	2.294	5
926	2.02	1.784	2.098	2.333	5
927	2.0	1.882	2.098	2.157	5
928	2.078	1.941	2.137	2.02	5
929	2.02	2.0	2.098	1.824	5
930	1.882	1.922	2.118	1.706	5
931	2.02	1.843	2.275	1.824	5
932	2.059	1.882	2.235	1.902	5
933	1.941	1.745	1.98	1.922	5
934	1.941	1.706	2.137	1.863	5
935	1.843	1.863	2.255	1.843	5
936	2.02	1.922	2.235	2.02	5
937	2.137	2.059	2.412	2.176	5
938	2.118	2.118	2.098	2.235	5
939	2.039	1.784	1.725	2.118	5
940	2.176	1.863	2.078	1.941	5
941	2.529	1.765	2.608	1.902	5
942	2.314	1.667	2.314	2.02	5
943	1.824	1.569	1.98	2.098	5
944	1.627	1.608	2.157	1.98	5
945	1.902	1.608	2.216	1.902	5
946	2.137	1.745	2.078	1.902	5
947	2.157	1.647	2.078	1.98	5
948	2.078	1.588	2.118	2.078	5
949	1.98	1.745	2.118	2.137	5
950	2.0	1.804	1.98	2.078	5
951	1.961	1.725	1.941	2.059	5
952	1.824	1.686	2.0	2.0	5
953	1.961	1.804	2.157	1.745	5
954	2.118	2.0	2.314	1.667	5
955	1.902	2.098	2.216	1.961	5
956	1.941	2.0	2.02	2.294	5
957	1.863	1.725	1.98	2.373	5
958	1.882	1.725	1.667	2.235	5
959	2.118	1.98	2.098	2.039	5
960	2.039	1.824	2.137	1.941	5
961	1.941	1.902	2.235	1.922	5
962	1.922	2.0	2.333	2.0	5
963	2.078	2.118	2.235	2.176	5
964	1.941	2.0	2.098	2.157	5
965	1.98	2.0	1.961	2.059	5
966	1.922	1.882	2.02	1.863	5
967	2.235	2.157	2.118	1.882	5
968	2.176	2.176	2.353	1.961	5
969	1.706	2.02	2.078	2.098	5
970	1.706	2.02	1.961	2.137	5
971	1.961	2.137	2.157	2.137	5
972	1.98	2.098	2.0	1.98	5
973	2.078	1.941	2.02	1.824	5
974	2.176	2.0	1.882	1.804	5
975	2.098	1.961	1.922	1.882	5
976	2.078	2.0	2.059	2.0	5
977	2.02	1.922	2.098	2.039	5
978	1.961	1.824	2.059	2.02	5
979	1.941	1.804	2.059	1.941	5
980	1.902	1.922	2.118	1.902	5
981	1.804	1.863	2.275	1.922	5
982	1.863	1.784	1.902	1.961	5
983	1.922	1.765	1.824	2.0	5
984	1.902	1.804	1.824	2.0	5
985	1.843	1.882	1.902	1.941	5
986	2.059	2.196	1.98	1.882	5
987	1.941	2.235	2.078	1.863	5
988	1.784	2.137	2.098	1.922	5
989	1.784	2.0	2.02	1.961	5
990	1.961	1.863	1.98	1.941	5
991	2.118	1.98	2.118	2.0	5
992	2.235	2.0	2.098	2.039	5
993	2.176	1.922	2.039	2.059	5
994	2.039	1.863	1.98	2.059	5
995	1.941	1.765	1.902	2.0	5
996	2.0	1.804	1.922	1.843	5
997	2.0	2.098	2.216	1.824	5
998	1.765	2.157	2.412	1.902	5
999	1.882	2.0	2.02	2.0	5
1000	1.98	1.686	1.941	1.961	5
1001	2.176	1.882	2.216	1.882	5
1002	2.235	1.824	2.196	1.922	5
1003	1.902	1.588	1.804	1.902	5
1004	1.804	1.745	1.882	1.922	5
1005	1.706	1.941	2.137	1.961	5
1006	1.627	2.098	2.176	2.0	5
1007	1.627	1.941	2.078	2.0	5
1008	1.765	1.902	1.824	1.961	5
1009	1.843	2.039	1.902	2.059	5
1010	1.902	2.059	2.02	2.157	5
1011	1.902	1.706	1.941	2.039	5
1012	1.784	1.373	1.843	1.882	5
1013	1.784	1.569	1.961	1.824	5
1014	1.882	1.922	2.157	1.941	5
1015	1.804	2.078	2.333	2.078	5
1016	1.804	2.039	2.314	2.118	5
1017	1.824	1.922	1.843	2.078	5
1018	1.882	2.157	1.647	2.0	5
1019	1.882	2.216	2.059	1.882	5
1020	2.039	2.137	2.255	1.902	5
1021	2.216	2.157	2.451	1.98	5
1022	2.176	2.235	2.569	2.137	5
1023	1.922	2.176	2.333	2.353	5
1024	2.098	2.098	1.902	2.412	5
1025	2.196	2.216	1.961	2.314	5
1026	2.314	2.275	2.314	2.118	5
1027	2.314	2.059	2.392	1.961	5
1028	2.235	2.0	2.216	1.863	5
1029	2.098	1.98	2.275	1.902	5
1030	1.961	1.961	2.176	2.039	5
1031	1.922	1.961	2.196	2.157	5
1032	1.941	1.902	2.078	2.216	5
1033	2.078	1.941	2.157	2.137	5
1034	2.137	2.0	2.216	2.039	5
1035	2.118	1.941	2.157	1.961	5
1036	1.902	1.882	2.02	1.922	5
1037	1.843	1.824	2.039	1.922	5
1038	1.902	1.863	2.039	1.941	5
1039	2.0	2.02	2.118	1.922	5
1040	1.902	2.0	2.216	1.98	5
1041	2.0	1.804	2.137	2.078	5
1042	2.02	1.725	2.157	2.118	5
1043	2.255	1.725	2.02	2.137	5
1044	2.098	1.667	1.902	2.059	5
1045	1.745	1.569	2.02	1.902	5
1046	1.784	1.588	2.137	1.804	5
1047	1.804	1.49	2.137	1.765	5
1048	2.0	1.608	1.922	1.843	5
1049	2.039	1.588	2.039	1.922	5
1050	1.941	1.608	2.098	1.941	5
1051	1.882	1.686	2.255	1.941	5
1052	1.961	1.706	2.176	2.039	5
1053	2.0	1.706	1.941	2.039	5
1054	2.039	1.725	1.961	1.98	5
1055	1.961	1.706	2.02	1.882	5
1056	1.922	1.647	1.843	1.804	5
1057	1.863	1.686	1.98	1.784	5
1058	2.02	1.765	2.157	1.863	5
1059	2.039	1.902	2.02	2.059	5
1060	2.157	1.902	1.863	2.176	5
1061	2.118	1.784	1.804	2.078	5
1062	2.02	1.843	1.98	2.039	5
1063	1.941	2.078	2.098	2.039	5
1064	1.804	2.039	2.039	2.02	5
1065	1.843	1.725	2.02	1.922	5
1066	1.941	1.667	2.0	1.922	5
1067	2.0	2.039	1.98	1.882	5
1068	1.902	2.039	1.941	1.902	5
1069	1.922	2.02	1.98	1.961	5
1070	1.902	1.961	2.353	1.98	5
1071	1.725	1.882	2.294	2.059	5
1072	1.725	1.882	1.588	2.078	5
1073	1.98	2.137	1.686	2.078	5
1074	1.804	2.216	2.235	2.0	5
1075	1.961	2.118	2.176	1.863	5
1076	2.039	2.078	2.02	1.824	5
1077	2.078	2.275	2.137	2.0	5
1078	1.843	2.118	2.235	2.196	5
1079	1.882	1.843	2.059	2.235	5
1080	1.843	1.843	1.941	2.176	5
1081	1.922	1.98	2.157	1.961	5
1082	1.961	2.059	2.098	1.804	5
1083	1.902	2.118	2.059	1.804	5
1084	2.039	2.255	2.039	1.882	5
1085	2.039	2.216	2.039	2.0	5
1086	2.02	2.235	2.098	2.078	5
1087	1.941	2.098	2.157	2.118	5
1088	1.882	1.922	2.118	2.0	5
1089	2.059	2.059	2.157	1.922	5
1090	2.039	2.216	2.235	1.882	5
1091	1.765	2.157	2.333	2.0	5
1092	1.98	2.157	2.216	2.078	5
1093	2.0	1.961	1.941	2.0	5
1094	2.157	1.922	1.961	1.941	5
1095	2.314	2.059	1.784	1.941	5
1096	2.118	1.902	1.882	2.039	5
1097	1.902	1.804	2.275	2.098	5
1098	1.941	1.843	2.275	2.059	5
1099	1.961	1.843	2.196	1.922	5
1100	2.0	1.882	2.176	1.882	5
1101	2.098	1.922	2.078	1.961	5
1102	1.98	2.059	2.039	2.059	5
1103	1.941	2.118	1.941	2.118	5
1104	1.941	2.02	1.882	2.0	5
1105	1.843	1.941	2.0	1.863	5
1106	1.922	2.059	2.216	1.882	5
1107	2.02	2.098	2.157	1.98	5
1108	2.059	2.137	2.137	2.039	5
1109	2.059	2.098	2.216	2.078	5
1110	2.02	1.98	2.098	2.098	5
1111	2.157	1.922	2.098	2.098	5
1112	2.137	1.745	2.02	2.078	5
1113	2.02	1.765	2.118	2.098	5
1114	1.941	1.765	2.314	2.039	5
1115	1.902	1.647	2.118	1.922	5
1116	1.863	1.725	2.157	1.843	5
1117	2.0	1.706	2.176	1.863	5
1118	1.98	1.588	2.098	1.863	5
1119	1.882	1.549	2.039	1.941	5
1120	1.961	1.804	2.098	2.0	5
1121	2.02	1.824	2.216	2.039	5
1122	1.98	1.784	2.235	2.02	5
1123	1.961	1.667	2.196	1.98	5
1124	2.0	1.784	2.137	1.941	5
1125	1.863	1.843	2.157	1.941	5
1126	1.824	1.471	1.922	1.961	5
1127	1.902	1.608	1.706	1.961	5
1128	2.098	1.824	2.02	2.0	5
1129	2.118	1.804	2.02	2.02	5
1130	2.118	1.667	2.118	2.039	5
1131	1.961	1.588	2.196	2.078	5
1132	1.863	1.549	2.196	2.078	5
1133	1.745	1.765	1.98	1.941	5
1134	1.784	1.706	1.824	1.784	5
1135	1.824	1.706	1.686	1.765	5
1136	1.824	1.706	1.863	1.902	5
1137	1.902	1.804	1.941	2.02	5
1138	2.059	1.941	2.02	2.039	5
1139	2.078	2.137	2.176	2.059	5
1140	1.902	2.216	2.137	2.039	5
1141	1.745	2.235	2.059	2.02	5
1142	1.824	2.176	2.157	2.0	5
1143	1.98	2.039	2.157	2.0	5
1144	1.843	1.882	1.98	2.078	5
1145	2.176	2.118	1.843	2.078	5
1146	2.176	2.216	2.275	2.078	5
1147	2.098	2.0	2.373	2.118	5
1148	2.059	1.804	1.882	2.0	5
1149	1.902	1.667	1.902	1.882	5
1150	1.824	1.941	2.157	1.922	5
1151	1.863	2.0	2.314	2.039	5
1152	2.059	1.882	2.157	2.059	5
1153	2.118	1.961	2.235	2.078	5
1154	2.098	2.078	2.235	2.059	5
1155	1.882	1.98	2.078	1.98	5
1156	1.686	1.863	1.902	1.941	5
1157	1.804	1.941	1.863	1.902	5
1158	1.843	2.02	1.706	1.902	5
1159	1.98	2.255	1.882	1.882	5
1160	2.0	2.294	2.176	1.922	5
1161	1.824	2.196	2.02	2.02	5
1162	1.941	2.118	1.882	1.961	5
1163	2.039	2.314	2.137	2.098	5
1164	2.235	2.412	2.333	2.314	5
1165	2.059	2.255	2.216	2.353	5
1166	1.843	2.078	2.02	2.078	5
1167	1.882	2.0	2.02	1.765	5
1168	1.922	2.02	2.098	1.667	5
1169	1.922	1.98	2.039	1.745	5
1170	2.02	2.039	2.02	1.961	5
1171	2.098	2.078	2.098	2.137	5
1172	2.078	2.02	2.098	2.137	5
1173	1.961	1.98	2.059	1.98	5
1174	2.0	1.922	2.137	1.882	5
1175	2.0	1.98	2.235	1.922	5
1176	2.176	2.059	2.353	2.0	5
1177	2.118	1.922	2.098	2.059	5
1178	1.961	1.824	2.059	2.078	5
1179	2.118	1.882	2.118	2.118	5
1180	2.137	1.667	2.02	2.118	5
1181	2.098	1.51	1.863	2.02	5
1182	2.059	1.588	2.118	1.922	5
1183	2.02	1.784	2.353	1.882	5
1184	1.902	1.941	2.392	1.824	5
1185	1.804	1.745	2.118	1.902	5
1186	1.824	1.706	1.902	1.961	5
1187	1.882	1.765	1.98	2.039	5
1188	2.098	1.725	2.118	2.098	5
1189	2.196	1.765	2.314	2.118	5
1190	2.0	1.922	2.373	2.059	5
1191	1.824	1.98	2.039	1.922	5
1192	1.824	1.922	2.0	1.863	5
1193	1.882	1.922	2.059	1.882	5
1194	2.02	1.882	1.922	1.922	5
1195	2.039	1.863	1.941	1.902	5
1196	2.157	2.02	2.157	1.961	5
1197	2.216	2.118	2.235	2.059	5
1198	2.157	1.98	2.216	2.157	5
1199	1.961	1.863	2.059	2.157	5
1200	1.824	1.863	2.0	2.02	5
1201	1.941	1.784	2.098	1.902	5
1202	2.118	1.765	2.02	1.863	5
1203	2.039	2.02	2.078	1.882	5
1204	1.961	2.0	2.176	1.961	5
1205	1.941	1.902	2.0	1.961	5
1206	1.922	1.922	2.02	1.961	5
1207	1.882	2.039	2.098	2.0	5
1208	1.804	2.0	2.098	2.0	5
1209	1.824	2.059	2.157	2.02	5
1210	1.863	2.039	2.098	2.0	5
1211	2.059	2.0	2.098	1.961	5
1212	2.059	1.765	2.039	1.941	5
1213	2.137	1.745	1.882	1.98	5
1214	2.0	1.941	1.922	2.059	5
1215	1.863	2.059	2.137	2.118	5
1216	1.765	1.922	2.118	2.118	5
1217	1.804	1.706	2.176	2.039	5
1218	1.941	1.647	2.118	1.941	5
1219	1.941	1.784	1.941	1.765	5
1220	1.922	1.863	2.02	1.706	5
1221	1.902	1.824	2.0	1.843	5
1222	1.922	1.824	1.941	1.941	5
1223	1.941	1.843	2.137	1.98	5
1224	1.882	1.863	2.235	2.0	5
1225	1.824	1.667	2.137	2.039	5
1226	1.686	1.686	1.863	2.02	5
1227	1.745	1.784	1.706	1.961	5
1228	1.824	2.02	2.059	1.902	5
1229	1.922	1.961	2.216	1.941	5
1230	2.0	1.824	1.961	2.039	5
1231	2.02	1.882	1.98	2.078	5
1232	2.118	1.804	1.961	2.078	5
1233	1.961	1.647	2.0	2.0	5
1234	1.863	1.647	2.137	1.98	5
1235	1.824	1.804	2.235	2.0	5
1236	1.941	1.784	1.98	2.0	5
1237	1.804	1.608	1.627	1.961	5
1238	1.804	1.804	1.902	2.02	5
1239	1.98	1.941	2.039	2.118	5
1240	1.961	1.922	2.059	1.961	5
1241	1.882	2.078	2.196	1.824	5
1242	2.137	2.294	2.275	1.902	5
1243	2.196	2.196	2.176	2.078	5
1244	1.961	1.922	2.176	2.216	5
1245	1.922	1.843	1.843	2.137	5
1246	2.02	1.863	1.784	1.98	5
1247	2.137	2.0	2.059	1.882	5
1248	2.157	1.961	2.157	1.98	5
1249	2.196	2.0	2.098	2.098	5
1250	2.098	2.216	2.255	2.157	5
1251	2.098	2.412	2.294	2.059	5
1252	2.098	2.333	2.235	1.98	5
1253	2.039	2.098	2.176	1.882	5
1254	2.059	2.059	2.157	1.804	5
1255	2.118	2.039	2.118	1.824	5
1256	2.078	2.098	2.078	2.0	5
1257	2.059	2.137	2.176	2.216	5
1258	1.98	2.196	2.216	2.255	5
1259	1.98	2.314	2.196	2.137	5
1260	1.922	2.235	2.176	1.902	5
1261	1.882	2.216	2.196	1.843	5
1262	2.02	2.118	2.078	1.882	5
1263	1.941	2.02	2.039	2.039	5
1264	1.98	2.059	2.078	2.235	5
1265	2.078	2.039	2.098	2.333	5
1266	2.098	1.941	2.039	2.275	5
1267	2.0	1.882	2.098	2.02	5
1268	1.961	1.98	2.275	1.863	5
1269	1.843	1.902	2.314	1.882	5
1270	1.843	1.824	2.118	1.961	5
1271	1.863	1.824	1.961	2.0	5
1272	1.961	1.843	2.0	2.059	5
1273	1.98	1.843	2.02	2.078	5
1274	2.0	1.902	2.118	2.039	5
1275	1.922	1.922	2.235	1.961	5
1276	1.922	1.882	2.157	1.882	5
1277	1.941	1.824	2.039	1.882	5
1278	1.882	1.863	2.078	1.902	5
1279	2.02	1.941	2.098	1.922	5
1280	2.02	1.882	2.216	1.961	5
1281	2.02	1.824	2.196	2.039	5
1282	2.0	1.765	2.0	2.059	5
1283	2.0	1.745	1.941	2.039	5
1284	1.961	1.765	1.98	1.961	5
1285	1.843	1.706	2.059	1.804	5
1286	1.941	1.745	2.157	1.784	5
1287	1.922	1.784	2.157	1.882	5
1288	1.961	1.863	2.059	2.02	5
1289	2.02	1.902	2.039	2.059	5
1290	1.941	1.804	2.02	2.02	5
1291	1.882	1.706	1.98	1.941	5
1292	1.882	1.824	2.039	1.882	5
1293	1.882	1.882	2.02	1.863	5
1294	1.902	1.843	2.02	1.882	5
1295	1.902	1.922	2.0	1.961	5
1296	2.0	1.961	2.0	2.0	5
1297	2.02	1.882	1.98	2.02	5
1298	2.039	1.922	2.0	2.059	5
1299	2.059	1.804	2.039	2.118	5
1300	2.059	1.706	2.039	2.098	5
1301	1.98	1.725	2.098	2.02	5
1302	1.902	1.765	2.137	1.961	5
1303	1.882	1.843	2.078	1.922	5
1304	1.98	1.882	2.039	1.863	5
1305	1.922	1.882	2.078	1.902	5
1306	1.961	1.902	2.078	1.961	5
1307	1.98	1.922	2.039	2.0	5
1308	1.98	1.902	2.059	2.039	5
1309	1.922	1.882	2.118	2.039	5
1310	1.882	1.882	2.176	2.039	5
1311	1.961	1.902	2.02	1.941	5
1312	1.961	1.98	2.078	1.902	5
1313	2.0	2.0	2.059	1.941	5
1314	2.0	1.922	2.078	2.0	5
1315	2.078	1.882	2.02	2.078	5
1316	2.098	1.882	2.0	2.098	5
1317	2.078	1.784	2.0	2.059	5
1318	1.98	1.765	2.118	2.039	5
1319	1.902	1.824	2.216	2.0	5
1320	1.941	1.882	2.157	1.961	5
1321	1.941	1.804	1.98	1.902	5
1322	1.941	1.824	2.0	1.882	5
1323	1.98	1.863	2.137	1.902	5
1324	1.882	1.765	2.118	1.922	5
1325	1.882	1.745	1.902	2.0	5
1326	1.961	1.863	2.0	2.039	5
1327	1.922	1.843	2.137	2.039	5
1328	1.922	1.824	2.118	1.961	5
1329	1.961	1.922	2.118	1.863	5
1330	1.961	1.765	2.059	1.902	5
1331	1.961	1.667	2.059	1.961	5
1332	2.059	1.824	1.882	2.078	5
1333	2.02	1.686	1.863	2.118	5
1334	2.0	1.569	1.961	2.098	5
1335	1.961	1.745	2.078	2.0	5
1336	1.941	1.941	2.118	1.941	5
1337	2.039	1.98	2.118	1.902	5
1338	1.98	1.961	2.098	1.922	5
1339	1.902	1.882	2.02	1.941	5
1340	1.961	1.882	1.98	1.961	5
1341	1.961	1.98	2.0	2.02	5
1342	1.961	2.078	2.039	2.059	5
1343	1.922	2.176	2.078	2.039	5
1344	1.902	2.275	2.078	1.98	5
1345	1.961	2.255	2.157	1.922	5
1346	1.941	2.294	2.118	1.98	5
1347	2.02	2.333	2.118	2.02	5
1348	2.0	2.196	2.059	2.059	5
1349	2.078	2.137	2.059	2.098	5
1350	2.098	2.078	2.078	2.137	5
1351	2.098	2.0	2.098	2.118	5
1352	1.98	1.961	2.137	2.078	5
1353	1.922	1.98	2.157	1.961	5
1354	1.863	1.98	2.137	1.902	5
1355	1.902	1.941	2.118	1.882	5
1356	1.941	1.961	2.098	1.922	5
1357	1.98	1.961	2.098	1.98	5
1358	1.98	1.98	2.098	2.039	5
1359	2.0	1.961	2.118	2.039	5
1360	1.941	1.941	2.157	2.0	5
1361	1.941	1.941	2.098	1.941	5
1362	1.941	1.98	2.118	1.882	5
1363	1.941	1.98	2.098	1.902	5
1364	1.98	1.961	2.039	1.961	5
1365	1.98	1.882	2.059	2.0	5
1366	2.059	1.902	2.039	2.02	5
1367	2.078	1.882	2.039	2.059	5
1368	2.078	1.824	2.059	2.078	5
1369	1.98	1.804	2.078	2.02	5
1370	1.902	1.804	2.098	1.922	5
1371	1.863	1.824	2.078	1.882	5
1372	1.961	1.804	2.059	1.863	5
1373	1.922	1.843	2.039	1.882	5
1374	2.0	1.882	2.039	1.922	5
1375	2.0	1.941	2.039	1.961	5
1376	2.02	1.961	2.078	2.0	5
1377	1.922	1.922	2.118	1.98	5
1378	1.902	1.941	2.078	1.941	5
1379	1.922	1.98	2.137	1.902	5
1380	2.0	1.961	2.098	1.902	5
1381	1.98	2.118	2.118	1.961	5
1382	2.02	2.02	2.059	2.0	5
1383	2.059	2.0	2.039	2.039	5
1384	2.098	1.922	2.039	2.059	5
1385	2.098	1.961	2.078	2.078	5
1386	2.0	1.902	2.157	2.039	5
1387	1.941	1.863	2.137	1.961	5
1388	1.98	1.843	2.137	1.922	5
1389	1.941	1.922	2.098	1.882	5
1390	1.941	1.941	2.098	1.922	5
1391	2.02	1.922	2.098	1.961	5
1392	2.02	1.98	2.098	2.02	5
1393	2.02	1.961	2.098	2.02	5
1394	1.961	1.941	2.118	2.02	5
1395	1.882	1.941	2.118	1.961	5
1396	1.941	1.98	2.059	1.941	5
1397	1.941	1.98	2.118	1.922	5
1398	2.039	2.039	2.078	2.02	5
1399	2.02	1.961	2.059	2.02	5
1400	2.059	1.941	2.02	2.039	5
1401	2.078	1.863	1.98	2.078	5
1402	2.078	1.824	2.059	2.059	5
1403	2.0	1.804	2.118	2.078	5
1404	1.922	1.824	2.118	1.98	5
1405	1.961	1.804	2.098	1.961	5
1406	1.98	1.843	2.059	1.902	5
1407	1.922	1.863	2.059	1.902	5
1408	2.02	1.902	2.059	1.961	5
1409	2.02	1.922	2.059	2.039	5
1410	2.039	1.882	2.039	2.02	5
1411	1.961	1.882	2.078	2.039	5
1412	1.941	1.941	2.098	2.039	5
1413	1.961	1.961	2.078	1.941	5
1414	1.961	1.98	2.098	1.902	5
1415	2.078	1.98	2.039	1.922	5
1416	2.039	1.882	2.0	1.961	5
1417	2.059	1.902	2.02	2.059	5
1418	2.118	1.882	2.02	2.157	5
1419	2.118	1.863	2.039	2.176	5
1420	2.0	1.824	2.118	2.118	5
1421	1.961	1.804	2.118	2.0	5
1422	1.902	1.784	2.118	1.863	5
1423	1.961	1.843	2.078	1.843	5
1424	1.922	1.863	2.059	1.902	5
1425	2.0	1.902	2.039	1.98	5
1426	2.02	1.922	2.059	2.059	5
1427	2.02	1.941	2.059	2.118	5
1428	1.98	1.941	2.098	2.078	5
1429	1.922	2.0	2.098	2.0	5
1430	1.941	2.0	2.078	1.902	5
1431	1.961	2.039	2.078	1.98	5
1432	2.0	2.059	2.059	1.98	5
1433	2.039	1.98	2.039	2.059	5
1434	2.078	1.961	2.039	2.078	5
1435	2.098	1.902	2.059	2.098	5
1436	2.078	1.941	2.059	2.118	5
1437	2.02	1.882	2.137	2.078	5
1438	1.941	1.902	2.118	2.0	5
1439	1.98	1.922	2.137	1.902	5
1440	1.961	1.941	2.118	1.882	5
1441	1.922	1.922	2.078	1.922	5
1442	1.98	1.941	2.078	1.961	5
1443	1.98	1.98	2.059	2.02	5
1444	1.98	1.98	2.059	2.02	5
1445	1.922	1.98	2.118	2.02	5
1446	1.863	1.961	2.098	1.98	5
1447	1.882	1.961	2.078	1.922	5
1448	1.961	2.0	2.078	1.902	5
1449	2.0	2.059	2.059	1.961	5
1450	1.961	1.98	2.039	2.02	5
1451	2.0	1.941	2.039	2.059	5
1452	2.039	1.922	2.059	2.098	5
1453	2.039	1.863	2.137	2.098	5
1454	1.98	1.804	2.216	2.059	5
1455	1.902	1.804	2.196	1.961	5
1456	1.824	1.824	2.196	1.882	5
1457	1.863	1.843	2.196	1.863	5
1458	1.843	1.843	2.196	1.902	5
1459	1.941	1.941	2.216	1.941	5
1460	1.902	1.961	2.255	2.0	5
1461	1.922	1.98	2.255	2.039	5
1462	1.863	1.961	2.314	2.0	5
1463	1.843	2.0	2.373	1.961	5
1464	1.843	1.98	2.392	1.922	5
1465	1.843	2.0	2.392	1.902	5
1466	1.902	2.02	2.353	1.961	5
1467	1.941	1.961	2.333	2.0	5
1468	1.98	1.961	2.353	2.059	5
1469	2.02	1.941	2.373	2.078	5
1470	2.059	1.922	2.353	2.098	5
1471	1.98	1.843	2.373	2.059	5
1472	1.882	1.824	2.392	1.961	5
1473	1.863	1.863	2.373	1.922	5
1474	1.882	1.902	2.333	1.882	5
1475	1.882	1.882	2.294	1.922	5
1476	1.961	1.902	2.275	1.961	5
1477	1.961	1.922	2.235	2.02	5
1478	1.961	1.922	2.216	2.039	5
1479	1.902	1.902	2.255	2.0	5
1480	1.882	1.902	2.216	1.98	5
1481	1.882	1.922	2.176	1.98	5
1482	1.902	1.98	2.196	1.922	5
1483	1.941	1.98	2.176	1.98	5
1484	2.0	1.882	2.098	2.039	5
1485	2.02	1.863	2.078	2.039	5
1486	2.078	1.843	2.078	2.078	5
1487	2.059	1.824	2.098	2.098	5
1488	1.98	1.765	2.118	2.078	5
1489	1.902	1.765	2.098	2.02	5
1490	1.882	1.745	2.078	1.922	5
1491	1.961	1.824	2.078	1.902	5
1492	1.863	1.784	2.02	1.922	5
1493	2.0	1.843	2.02	1.961	5
1494	1.961	1.843	1.98	2.02	5
1495	2.02	1.863	2.0	2.059	5
1496	1.922	1.902	2.02	2.02	5
1497	1.863	1.902	2.039	2.0	5
1498	1.882	1.882	1.98	2.0	5
1499	1.902	1.922	1.961	1.941	5
