time	channel1	channel2	channel3	channel4	class
0	1.686	1.529	2.02	1.902	0
1	1.529	1.451	1.922	1.941	0
2	1.627	1.412	1.882	1.98	0
3	1.98	1.627	2.098	2.118	0
4	2.294	1.941	2.196	2.196	0
5	2.176	2.02	2.196	2.255	0
6	1.922	1.902	1.941	2.157	0
7	1.765	1.863	1.863	1.922	0
8	2.078	1.902	1.824	1.725	0
9	2.059	1.824	1.804	1.647	0
10	2.196	1.725	1.961	1.765	0
11	2.392	1.765	2.157	2.039	0
12	2.157	1.902	2.235	2.196	0
13	1.902	1.961	2.176	2.235	0
14	1.941	1.863	2.039	2.118	0
15	2.02	1.882	1.922	1.922	0
16	2.176	1.961	1.922	1.745	0
17	2.549	2.235	2.118	1.706	0
18	2.843	2.333	2.196	1.804	0
19	2.627	2.216	2.196	1.98	0
20	2.255	2.078	2.196	2.196	0
21	2.02	2.157	2.294	2.196	0
22	2.078	2.333	2.471	2.137	0
23	2.314	2.275	2.157	1.941	0
24	2.392	2.294	2.0	1.804	0
25	2.471	2.412	2.314	1.745	0
26	2.294	2.255	2.412	1.784	0
27	2.196	2.078	2.216	1.843	0
28	2.196	2.039	2.059	1.941	0
29	2.118	1.922	1.961	1.941	0
30	2.157	1.98	1.98	1.98	0
31	2.196	1.922	2.098	2.02	0
32	1.98	1.922	2.118	2.059	0
33	1.784	1.725	2.0	1.98	0
34	1.549	1.588	1.765	1.843	0
35	1.667	1.588	1.824	1.765	0
36	1.843	1.824	1.961	1.863	0
37	2.196	1.98	2.118	2.02	0
38	2.373	1.902	2.392	2.235	0
39	2.431	1.843	2.098	2.235	0
40	1.922	1.667	1.412	2.02	0
41	1.294	1.902	1.627	1.745	0
42	1.333	1.922	1.961	1.647	0
43	1.902	1.902	2.0	1.706	0
44	2.118	1.882	2.059	1.863	0
45	2.235	1.882	2.137	2.078	0
46	2.157	1.882	2.137	2.255	0
47	2.039	1.882	2.059	2.235	0
48	2.078	1.824	1.961	2.137	0
49	1.922	1.922	1.961	2.0	0
50	2.098	2.02	2.078	1.863	0
51	2.275	1.961	2.078	1.784	0
52	2.059	1.765	2.02	1.824	0
53	2.039	1.882	2.059	1.941	0
54	1.961	2.059	2.098	2.118	0
55	2.0	1.961	1.98	2.157	0
56	2.118	1.922	1.961	2.059	0
57	2.196	1.902	1.941	1.922	0
58	2.137	1.804	2.0	1.765	0
59	1.824	1.824	2.039	1.745	0
60	1.608	1.824	1.98	1.784	0
61	1.725	1.745	1.941	1.922	0
62	1.922	1.569	2.02	1.961	0
63	2.118	1.451	1.98	2.078	0
64	2.078	1.529	1.902	2.039	0
65	1.725	1.431	2.039	2.039	0
66	1.627	1.667	2.118	2.02	0
67	1.902	1.784	2.118	2.0	0
68	2.059	1.686	2.078	1.98	0
69	1.922	1.667	2.333	2.0	0
70	1.941	1.725	2.373	2.078	0
71	1.843	1.784	1.922	2.137	0
72	1.765	1.902	1.745	2.157	0
73	1.98	2.137	2.137	2.137	0
74	2.157	2.275	2.333	2.059	0
75	2.059	2.216	2.255	2.0	0
76	2.059	2.314	2.294	1.961	0
77	2.02	2.294	2.353	2.02	0
78	1.98	1.98	2.314	2.098	0
79	2.02	2.0	2.353	2.176	0
80	1.961	2.059	2.333	2.176	0
81	1.941	1.961	1.98	2.118	0
82	1.824	1.882	1.941	2.137	0
83	1.765	1.98	2.098	2.098	0
84	1.922	2.373	2.157	2.059	0
85	1.922	2.51	2.353	2.078	0
86	1.843	2.353	2.412	2.137	0
87	1.706	2.157	2.255	2.216	0
88	1.647	2.196	2.118	2.235	0
89	1.588	2.216	2.039	2.196	0
90	1.608	2.176	1.98	2.098	0
91	1.686	2.314	1.941	1.941	0
92	1.882	2.431	2.176	1.824	0
93	1.922	2.373	2.392	1.804	0
94	2.176	2.235	2.0	1.843	0
95	2.333	2.0	1.902	1.941	0
96	2.039	1.843	2.275	2.098	0
97	1.725	1.725	1.961	2.118	0
98	1.294	1.922	1.863	2.098	0
99	1.706	2.02	2.078	2.0	0
100	2.176	1.824	2.118	1.882	0
101	2.235	1.627	2.059	1.863	0
102	2.333	1.686	2.059	1.882	0
103	2.216	1.725	2.137	1.922	0
104	1.98	1.765	2.118	2.039	0
105	1.98	1.804	2.02	2.137	0
106	1.863	1.902	2.0	2.157	0
107	1.941	1.922	2.0	2.078	0
108	2.0	1.882	1.902	1.922	0
109	2.039	1.902	1.961	1.765	0
110	2.098	1.882	1.961	1.745	0
111	2.118	1.784	2.0	1.804	0
112	2.118	1.706	2.039	1.922	0
113	1.98	1.667	2.078	2.0	0
114	1.961	1.667	2.078	2.059	0
115	1.765	1.51	1.824	1.98	0
116	1.804	1.314	1.824	2.0	0
117	1.941	1.451	1.961	1.941	0
118	1.882	1.451	1.961	1.882	0
119	1.804	1.431	2.059	1.882	0
120	1.843	1.569	1.941	1.922	0
121	2.02	1.569	1.922	2.02	0
122	2.137	1.451	2.039	2.059	0
123	1.961	1.686	1.98	2.078	0
124	1.843	2.059	2.118	2.118	0
125	1.843	2.0	2.157	2.078	0
126	1.804	1.902	2.039	1.941	0
127	2.157	2.157	2.255	1.784	0
128	2.275	1.922	2.059	1.725	0
129	2.196	1.804	1.882	1.804	0
130	2.039	2.039	2.157	1.961	0
131	2.118	2.137	2.216	2.137	0
132	2.098	2.039	2.255	2.255	0
133	2.412	1.824	2.255	2.196	0
134	2.529	1.824	2.275	2.137	0
135	1.922	1.804	2.412	1.98	0
136	1.882	2.0	2.235	1.843	0
137	2.412	2.137	1.98	1.804	0
138	2.549	2.078	2.275	1.941	0
139	2.431	1.961	2.431	2.137	0
140	2.314	1.922	2.275	2.314	0
141	2.137	1.98	2.098	2.255	0
142	2.078	1.961	2.098	2.039	0
143	2.098	2.078	2.392	1.843	0
144	2.137	2.176	2.314	1.824	0
145	2.098	2.137	1.961	1.843	0
146	2.02	1.882	1.961	1.941	0
147	1.686	1.706	2.078	2.059	0
148	1.745	1.588	1.98	2.02	0
149	1.843	1.549	1.961	2.059	0
150	2.0	1.843	2.235	2.078	0
151	1.961	2.078	2.275	2.098	0
152	1.686	1.961	1.922	2.02	0
153	1.725	1.882	1.843	1.961	0
154	1.941	2.0	2.059	1.922	0
155	1.961	1.882	2.078	1.961	0
156	1.922	1.902	2.039	2.078	0
157	1.882	1.922	2.039	2.137	0
158	1.804	2.0	1.98	2.137	0
159	2.0	2.157	2.02	2.02	0
160	2.078	2.373	2.137	1.922	0
161	2.118	2.49	2.196	1.882	0
162	2.059	2.392	2.196	1.882	0
163	2.0	2.176	2.118	1.902	0
164	2.039	2.0	2.059	1.961	0
165	2.059	1.922	2.137	2.02	0
166	1.98	2.02	2.216	2.137	0
167	2.059	1.961	2.059	2.157	0
168	2.078	1.843	1.941	2.059	0
169	1.922	1.804	2.0	1.902	0
170	1.941	2.039	2.118	1.804	0
171	1.922	2.0	2.157	1.804	0
172	1.882	1.745	2.039	1.941	0
173	1.902	1.686	1.98	1.98	0
174	1.902	1.765	1.922	2.059	0
175	1.804	2.039	1.98	2.0	0
176	1.804	2.157	2.078	1.98	0
177	1.686	2.216	2.157	1.902	0
178	1.647	1.98	1.961	1.824	0
179	1.745	1.667	1.686	1.745	0
180	1.686	1.51	1.784	1.725	0
181	1.471	1.549	1.922	1.843	0
182	1.51	1.686	1.941	2.0	0
183	1.902	1.745	2.039	2.039	0
184	2.02	1.608	2.216	2.078	0
185	2.039	1.745	1.843	2.098	0
186	1.725	1.941	1.922	2.098	0
187	1.49	2.059	2.196	2.02	0
188	1.471	2.02	2.275	1.98	0
189	1.706	1.941	2.059	2.039	0
190	2.0	1.784	1.902	2.098	0
191	2.02	1.824	2.0	2.157	0
192	2.02	2.137	2.098	2.176	0
193	2.039	2.275	2.059	2.118	0
194	1.765	2.118	2.059	2.02	0
195	1.961	2.275	2.098	1.941	0
196	2.216	2.255	2.078	1.922	0
197	1.824	1.941	2.118	1.941	0
198	1.745	1.824	1.941	2.078	0
199	1.98	1.824	1.804	2.216	0
200	2.098	1.922	2.157	2.255	0
201	2.294	1.882	2.294	2.196	0
202	2.176	1.902	2.235	2.137	0
203	2.216	1.765	2.196	2.02	0
204	2.0	1.627	2.02	1.961	0
205	1.863	1.608	2.02	1.922	0
206	2.02	1.588	2.078	1.98	0
207	2.039	1.765	2.059	2.078	0
208	2.118	1.961	2.098	2.157	0
209	2.196	2.059	2.137	2.157	0
210	2.157	1.941	2.039	2.059	0
211	2.275	1.961	2.078	1.902	0
212	2.392	2.059	2.196	1.784	0
213	2.471	2.176	2.333	1.784	0
214	2.529	2.137	2.353	1.922	0
215	2.333	2.02	2.275	2.118	0
216	1.941	1.941	2.098	2.098	0
217	1.745	1.902	1.98	2.059	0
218	1.941	1.882	2.0	1.98	0
219	2.059	1.863	2.0	1.863	0
220	2.255	1.863	2.078	1.824	0
221	2.294	1.902	2.098	1.843	0
222	1.824	1.922	2.118	1.882	0
223	1.804	1.882	2.039	1.961	0
224	1.902	1.824	2.078	2.059	0
225	2.078	1.863	2.098	2.157	0
226	2.098	1.98	2.059	2.098	0
227	1.98	1.902	2.196	1.961	0
228	1.824	1.961	2.0	1.843	0
229	1.627	2.157	1.804	1.765	0
230	1.784	2.098	1.902	1.765	0
231	2.059	1.902	2.216	1.843	0
232	2.059	1.647	2.137	2.02	0
233	2.039	1.549	2.137	2.176	0
234	2.098	1.882	2.529	2.275	0
235	2.176	1.902	2.373	2.294	0
236	1.647	1.667	1.804	2.137	0
237	1.51	1.529	1.686	1.941	0
238	1.941	1.745	2.137	1.824	0
239	2.137	1.784	2.235	1.882	0
240	2.039	1.686	2.216	2.02	0
241	1.922	1.647	2.176	2.176	0
242	2.0	1.725	2.118	2.255	0
243	2.0	1.961	2.098	2.176	0
244	2.137	2.078	2.157	2.059	0
245	2.0	2.0	2.314	1.941	0
246	1.863	2.039	2.137	1.843	0
247	1.98	1.902	1.706	1.745	0
248	1.863	1.627	1.686	1.725	0
249	1.49	1.667	2.039	1.863	0
250	1.725	2.078	2.353	2.059	0
251	1.745	2.314	2.314	2.255	0
252	1.667	2.078	2.059	2.157	0
253	1.902	1.961	1.941	1.961	0
254	2.118	1.98	1.941	1.804	0
255	2.412	2.333	2.137	1.863	0
256	2.294	2.471	2.216	1.98	0
257	2.098	2.412	2.098	2.098	0
258	1.627	2.196	2.078	2.137	0
259	1.686	2.118	2.098	2.098	0
260	2.196	2.255	2.157	2.059	0
261	2.294	2.255	2.275	2.02	0
262	2.294	2.137	2.549	1.922	0
263	2.275	2.098	2.137	1.863	0
264	1.922	1.941	1.529	1.843	0
265	1.647	1.863	1.824	1.824	0
266	1.706	1.667	2.157	1.961	0
267	1.804	1.49	2.02	2.02	0
268	1.863	1.49	1.941	2.039	0
269	1.863	1.451	1.863	1.961	0
270	1.98	1.529	1.98	1.882	0
271	2.157	1.765	2.059	1.922	0
272	2.294	1.902	2.176	2.0	0
273	1.902	1.824	2.137	2.059	0
274	1.451	1.667	1.902	1.98	0
275	1.725	1.765	1.824	1.941	0
276	2.078	2.039	1.922	2.02	0
277	2.176	2.294	2.118	2.039	0
278	2.216	2.294	2.098	2.059	0
279	2.216	2.255	2.098	1.961	0
280	2.392	2.294	2.196	1.843	0
281	2.431	2.255	2.235	1.804	0
282	2.392	2.078	2.294	1.882	0
283	2.314	2.039	2.333	2.059	0
284	2.216	1.98	2.196	2.235	0
285	2.118	1.98	2.196	2.216	0
286	1.98	1.843	2.235	2.196	0
287	1.98	1.706	2.216	2.098	0
288	1.902	1.745	2.118	1.98	0
289	1.569	1.824	1.941	1.843	0
290	1.549	1.882	1.863	1.784	0
291	2.157	2.0	1.98	1.863	0
292	2.412	1.882	2.039	2.059	0
293	2.235	1.745	2.098	2.275	0
294	1.706	1.902	2.314	2.353	0
295	1.431	2.216	2.216	2.275	0
296	1.608	2.235	2.137	2.02	0
297	1.863	2.333	2.098	1.804	0
298	1.961	2.196	1.961	1.627	0
299	1.941	1.941	1.961	1.686	0
300	1.804	1.725	2.02	1.902	0
301	1.902	1.706	2.098	2.235	0
302	1.98	1.824	2.157	2.333	0
303	2.137	1.863	2.255	2.275	0
304	2.059	1.784	2.216	2.137	0
305	2.02	1.843	2.333	1.961	0
306	1.961	1.98	2.333	1.902	0
307	1.882	1.961	2.255	1.922	0
308	1.843	1.863	2.02	1.98	0
309	1.588	1.706	2.0	2.02	0
310	1.451	1.824	2.118	2.078	0
311	1.667	1.961	2.137	2.078	0
312	2.02	2.02	1.824	2.0	0
313	2.196	1.98	1.922	1.922	0
314	2.078	2.039	2.098	1.824	0
315	1.706	1.98	2.0	1.824	0
316	1.922	1.922	2.059	1.863	0
317	1.863	1.706	2.0	2.0	0
318	1.824	1.647	2.02	2.078	0
319	2.02	1.784	2.255	2.098	0
320	2.039	1.627	2.216	2.157	0
321	1.922	1.431	1.98	2.039	0
322	2.078	1.392	1.784	1.98	0
323	2.098	1.529	1.608	1.902	0
324	1.902	1.647	1.98	1.843	0
325	1.922	1.765	2.137	1.882	0
326	2.039	1.922	2.196	1.98	0
327	2.098	2.176	2.235	2.157	0
328	2.137	2.098	2.176	2.216	0
329	2.235	2.02	2.039	2.176	0
330	2.157	1.961	2.0	1.98	0
331	2.137	2.118	2.137	1.824	0
332	2.078	2.275	2.216	1.765	0
333	1.882	2.118	2.098	1.784	0
334	1.863	2.078	2.039	1.922	0
335	1.98	2.196	2.118	1.98	0
336	2.078	2.157	1.961	2.098	0
337	2.176	2.118	2.039	2.118	0
338	2.098	1.98	2.216	2.039	0
339	2.078	1.804	2.255	2.0	0
340	2.02	1.824	2.235	1.98	0
341	1.745	1.725	1.961	1.961	0
342	1.392	1.667	1.902	1.98	0
343	1.216	1.765	1.745	2.02	0
344	1.608	1.784	1.961	2.02	0
345	2.039	1.647	2.0	2.0	0
346	2.373	1.569	1.588	1.961	0
347	2.569	1.686	1.882	1.902	0
348	2.059	1.706	2.176	1.843	0
349	1.647	2.02	2.255	1.824	0
350	1.941	2.451	2.353	1.882	0
351	1.961	2.196	2.216	2.0	0
352	1.941	1.784	1.686	2.118	0
353	2.176	1.569	1.647	2.078	0
354	2.157	1.51	1.902	2.039	0
355	1.863	1.824	2.059	1.941	0
356	1.804	2.176	2.176	1.882	0
357	2.216	2.392	2.176	1.902	0
358	2.549	2.314	2.176	1.902	0
359	2.725	2.314	2.353	2.0	0
360	2.51	2.451	2.373	2.176	0
361	2.059	2.275	2.255	2.255	0
362	1.765	2.078	2.137	2.157	0
363	1.882	2.118	2.235	1.98	0
364	2.078	2.333	2.275	1.863	0
365	2.078	2.216	2.078	1.804	0
366	2.039	1.922	2.02	1.784	0
367	1.961	1.843	2.02	1.824	0
368	2.02	1.804	2.0	1.941	0
369	2.098	1.882	2.235	2.157	0
370	1.941	1.882	2.235	2.216	0
371	1.804	1.902	2.235	2.176	0
372	1.549	1.941	2.176	2.059	0
373	1.529	1.824	2.059	1.961	0
374	1.627	1.667	1.863	1.843	0
375	1.569	1.608	1.824	1.765	0
376	1.784	1.745	1.961	1.824	0
377	1.902	1.863	2.02	2.02	0
378	1.863	1.745	1.941	2.176	0
379	2.039	1.725	2.157	2.235	0
380	2.0	1.902	2.078	2.157	0
381	1.608	1.784	1.941	1.98	0
382	1.784	1.882	2.0	1.843	0
383	2.118	1.922	2.078	1.765	0
384	2.059	1.627	2.02	1.824	0
385	2.039	1.569	2.039	1.961	0
386	1.922	1.608	2.02	2.02	0
387	2.039	1.765	2.137	2.118	0
388	2.255	2.02	2.255	2.137	0
389	2.353	2.137	2.235	2.118	0
390	2.294	1.922	2.098	2.059	0
391	2.373	1.98	2.255	2.0	0
392	2.451	2.137	2.333	2.0	0
393	2.294	2.118	2.255	2.039	0
394	2.039	2.078	2.137	2.118	0
395	2.02	2.196	2.216	2.157	0
396	1.902	2.451	2.176	2.137	0
397	1.863	2.51	2.137	2.039	0
398	1.98	2.412	2.176	1.941	0
399	2.255	2.196	2.176	1.824	0
400	2.373	1.902	2.039	1.784	0
401	2.235	1.882	2.157	1.863	0
402	1.725	1.765	2.314	2.059	0
403	1.51	1.627	2.059	2.196	0
404	1.549	1.706	1.961	2.098	0
405	1.725	1.784	2.118	2.02	0
406	1.98	1.784	1.98	1.941	0
407	2.02	1.51	1.745	1.863	0
408	1.941	1.569	1.961	1.843	0
409	1.863	1.843	2.294	1.922	0
410	1.725	1.745	2.314	2.078	0
411	1.745	1.686	2.157	2.216	0
412	1.863	1.745	2.0	2.196	0
413	1.922	1.902	1.941	2.039	0
414	1.725	1.941	1.882	1.902	0
415	1.941	2.078	2.0	1.804	0
416	2.118	2.098	2.216	1.804	0
417	2.059	1.922	2.098	1.843	0
418	1.863	1.706	2.0	1.882	0
419	1.647	1.667	1.98	1.961	0
420	1.784	1.745	1.98	2.078	0
421	2.02	1.725	2.0	2.118	0
422	1.98	1.706	2.059	2.118	0
423	1.98	1.725	2.02	2.039	0
424	2.0	1.843	2.078	2.0	0
425	1.706	1.824	1.902	1.941	0
426	1.647	1.765	1.941	1.882	0
427	1.843	1.725	2.039	1.922	0
428	2.078	1.784	1.843	2.02	0
429	2.196	1.804	2.0	2.098	0
430	2.098	1.804	2.098	2.118	0
431	1.98	2.059	2.216	2.059	0
432	1.843	2.216	2.196	1.961	0
433	2.02	2.157	1.882	1.902	0
434	1.941	1.902	1.863	1.824	0
435	1.961	1.863	1.941	1.843	0
436	2.02	1.824	2.0	1.863	0
437	2.196	1.804	2.059	1.98	0
438	2.137	1.824	2.216	2.137	0
439	2.02	1.824	2.333	2.255	0
440	1.804	1.843	2.098	2.235	0
441	1.725	1.745	1.98	2.039	0
442	1.725	1.647	1.882	1.824	0
443	1.882	1.765	1.902	1.686	0
444	2.137	2.118	2.137	1.784	0
445	2.294	2.373	2.216	2.039	0
446	2.157	2.314	2.275	2.235	0
447	2.059	2.255	2.294	2.314	0
448	2.137	2.255	2.196	2.157	0
449	2.078	2.255	1.98	1.902	0
450	1.882	2.294	2.059	1.686	0
451	2.039	2.353	2.157	1.667	0
452	2.255	2.255	2.196	1.804	0
453	2.314	2.137	2.275	2.02	0
454	2.412	2.098	2.196	2.196	0
455	2.176	2.078	2.157	2.176	0
456	2.02	2.059	2.255	2.176	0
457	2.098	2.098	2.118	2.078	0
458	1.941	2.0	2.039	1.98	0
459	1.941	2.157	2.235	1.902	0
460	1.98	2.059	2.118	1.922	0
461	1.922	1.784	2.078	1.941	0
462	2.02	1.725	2.216	2.078	0
463	2.235	1.824	2.039	2.216	0
464	2.078	2.059	2.098	2.255	0
465	1.667	2.118	2.196	2.157	0
466	1.569	2.02	2.118	1.98	0
467	1.765	1.824	1.961	1.843	0
468	2.0	1.784	1.922	1.784	0
469	2.039	1.784	2.0	1.804	0
470	2.0	1.882	2.059	1.961	0
471	1.882	1.824	2.0	2.078	0
472	1.882	1.627	1.961	2.176	0
473	2.0	1.686	2.059	2.176	0
474	2.118	1.686	2.02	2.137	0
475	2.059	1.608	2.039	2.0	0
476	2.02	1.824	2.235	1.902	0
477	2.059	2.059	2.216	1.902	0
478	1.98	1.98	2.137	1.98	0
479	1.98	1.863	1.98	2.059	0
480	1.961	1.804	1.941	2.137	0
481	1.902	1.902	2.039	2.078	0
482	2.02	2.059	2.02	1.941	0
483	2.078	2.314	2.118	1.824	0
484	1.902	2.373	2.098	1.804	0
485	1.961	2.059	2.059	1.784	0
486	2.078	1.706	2.078	1.882	0
487	2.078	1.667	2.216	2.0	0
488	2.039	1.647	2.255	2.176	0
489	1.549	1.627	2.255	2.196	0
490	1.647	1.529	2.098	2.118	0
491	1.706	1.373	2.196	2.0	0
492	1.784	1.471	1.941	1.863	0
493	2.02	1.804	1.725	1.824	0
494	2.059	1.824	2.098	1.863	0
495	1.98	1.647	2.275	2.039	0
496	2.039	1.667	2.255	2.176	0
497	1.824	1.51	1.98	2.196	0
498	1.588	1.608	1.941	2.137	0
499	1.961	1.843	2.059	2.02	0
500	2.196	1.98	2.118	1.902	0
501	2.078	2.078	2.176	1.824	0
502	2.0	2.176	2.216	1.824	0
503	1.804	1.98	2.0	1.882	0
504	1.863	1.882	1.843	1.98	0
505	2.078	1.98	1.98	2.059	0
506	2.275	2.078	2.176	2.137	0
507	2.098	1.922	2.255	2.157	0
508	1.961	1.902	2.255	2.137	0
509	1.922	1.961	2.0	2.039	0
510	1.902	2.059	1.843	1.882	0
511	2.0	2.275	2.098	1.824	0
512	2.039	2.314	2.137	1.902	0
513	2.039	2.059	2.118	2.039	0
514	1.784	1.98	1.961	2.216	0
515	1.843	2.098	2.039	2.216	0
516	2.157	2.118	2.0	2.137	0
517	2.059	2.039	2.0	1.98	0
518	2.059	2.118	2.098	1.843	0
519	1.784	2.118	2.02	1.686	0
520	1.882	1.902	1.922	1.725	0
521	2.157	1.941	2.157	1.961	0
522	2.157	1.902	2.235	2.176	0
523	1.882	1.804	2.137	2.255	0
524	1.765	1.765	2.02	2.157	0
525	1.824	1.667	1.863	1.98	0
526	2.059	1.745	2.059	1.902	0
527	2.294	1.882	2.235	1.922	0
528	2.275	1.922	2.176	2.02	0
529	2.118	1.882	2.235	2.137	0
530	1.941	1.961	2.255	2.235	0
531	1.843	1.961	2.059	2.216	0
532	1.784	1.922	1.98	2.118	0
533	1.922	2.02	2.196	1.961	0
534	2.0	2.118	2.078	1.843	0
535	2.235	2.235	1.765	1.745	0
536	2.294	2.216	1.98	1.765	0
537	2.02	2.196	2.235	1.863	0
538	1.961	1.98	2.137	2.02	0
539	1.941	1.784	1.941	2.118	0
540	1.902	1.882	2.02	2.118	0
541	1.863	1.922	2.118	2.039	0
542	1.843	2.0	2.176	2.02	0
543	2.078	1.941	2.039	1.98	0
544	2.137	2.02	1.961	1.922	0
545	2.0	1.98	2.039	1.882	0
546	1.941	1.902	2.078	1.922	0
547	2.0	1.882	2.137	2.02	0
548	1.961	1.961	2.118	2.157	0
549	2.02	2.118	2.196	2.176	0
550	2.118	2.275	2.196	2.098	0
551	2.078	2.098	2.353	2.02	0
552	2.157	1.922	2.431	1.941	0
553	2.255	1.922	2.098	1.922	0
554	2.039	1.784	1.824	1.941	0
555	1.706	1.647	2.078	2.02	0
556	1.588	1.686	2.078	2.039	0
557	1.804	1.725	2.02	2.039	0
558	2.118	1.784	2.118	2.02	0
559	2.039	1.667	2.02	2.02	0
560	1.882	1.647	2.039	2.0	0
561	1.882	1.922	2.118	2.0	0
562	1.922	2.098	2.118	2.0	0
563	2.0	2.157	2.137	2.0	0
564	2.039	2.118	2.137	2.078	0
565	1.902	2.059	2.02	2.137	0
566	1.882	2.0	1.941	2.078	0
567	1.941	2.098	1.961	2.0	0
568	1.961	2.196	2.078	1.863	0
569	1.941	2.314	2.098	1.804	0
570	1.745	2.275	2.0	1.745	0
571	1.765	2.02	1.902	1.765	0
572	1.882	1.941	2.0	1.882	0
573	2.0	1.843	2.059	2.02	0
574	2.176	1.882	2.157	2.098	0
575	2.098	1.784	2.176	2.137	0
576	1.941	1.686	2.098	2.118	0
577	1.843	1.627	1.98	2.02	0
578	1.882	1.804	2.059	1.941	0
579	1.902	1.765	1.961	1.843	0
580	1.922	1.706	2.0	1.882	0
581	2.098	1.922	2.157	1.98	0
582	2.137	1.961	2.118	2.176	0
583	2.0	1.843	2.078	2.275	0
584	1.824	2.0	2.0	2.137	0
585	1.922	2.078	2.039	1.902	0
586	2.216	2.137	2.137	1.765	0
587	2.373	2.0	2.216	1.765	0
588	2.333	1.863	2.157	1.922	0
589	2.02	1.824	2.078	2.059	0
590	1.804	1.784	2.137	2.118	0
591	1.824	1.588	2.078	2.118	0
592	1.961	1.49	2.078	2.098	0
593	1.706	1.549	2.039	1.98	0
594	1.529	1.51	1.941	1.863	0
595	1.863	1.549	1.902	1.804	0
596	2.196	1.549	1.882	1.765	0
597	2.314	1.608	2.039	1.882	0
598	2.314	1.843	2.333	2.098	0
599	1.961	1.765	2.333	2.255	0
600	1.725	1.647	2.157	2.294	0
601	1.941	1.863	2.02	2.098	0
602	2.039	1.941	2.098	1.902	0
603	2.039	1.98	2.118	1.745	0
604	2.196	2.039	2.196	1.725	0
605	2.157	2.02	2.157	1.804	0
606	2.098	2.078	2.373	2.059	0
607	2.02	2.039	2.078	2.176	0
608	1.98	1.922	1.843	2.176	0
609	2.157	2.078	2.157	2.137	0
610	2.176	2.078	2.255	2.059	0
611	1.824	2.098	2.196	2.0	0
612	1.843	2.118	2.176	1.961	0
613	1.922	2.02	2.118	1.961	0
614	2.0	1.98	2.059	1.961	0
615	1.765	1.961	2.039	2.059	0
616	1.627	2.078	1.98	2.137	0
617	1.824	2.235	2.02	2.196	0
618	2.039	2.216	2.039	2.039	0
619	2.078	2.098	2.0	1.843	0
620	2.294	2.255	2.0	1.765	0
621	2.059	2.176	2.078	1.745	0
622	1.902	2.02	2.137	1.843	0
623	2.02	1.863	2.176	2.039	0
624	2.078	1.745	2.137	2.157	0
625	2.098	1.784	2.098	2.137	0
626	2.157	1.765	2.118	2.02	0
627	2.157	1.863	2.157	1.902	0
628	2.216	2.02	2.275	1.882	0
629	2.176	2.059	2.294	1.922	0
630	2.098	2.0	2.059	1.922	0
631	2.039	1.941	1.882	2.0	0
632	1.863	1.804	2.059	2.039	0
633	1.804	1.784	2.078	2.098	0
634	1.863	1.98	2.118	2.137	0
635	1.843	2.098	2.098	2.078	0
636	1.725	1.941	1.922	1.922	0
637	1.667	1.961	1.863	1.745	0
638	1.843	2.059	1.98	1.725	0
639	2.078	2.098	2.098	1.882	0
640	2.039	1.961	2.157	2.078	0
641	1.882	1.922	2.059	2.176	0
642	1.667	1.882	2.039	2.235	0
643	1.706	1.863	2.039	2.157	0
644	1.784	1.824	2.059	2.02	0
645	1.941	1.843	2.02	1.941	0
646	1.98	1.961	1.961	1.902	0
647	1.902	2.02	2.137	1.902	0
648	1.922	2.02	2.157	2.0	0
649	2.059	2.02	2.078	2.137	0
650	2.02	2.098	2.118	2.196	0
651	1.902	2.098	2.196	2.216	0
652	1.941	2.098	2.137	2.118	0
653	1.941	2.0	2.039	1.922	0
654	1.98	1.961	2.078	1.784	0
655	2.157	2.02	2.176	1.765	0
656	2.196	1.824	2.157	1.863	0
657	1.863	1.588	1.882	2.0	0
658	1.784	1.725	1.863	2.078	0
659	1.843	1.667	2.059	2.137	0
660	2.078	1.765	2.157	2.098	0
661	2.059	1.686	2.059	2.02	0
662	1.882	1.569	1.98	1.902	0
663	1.745	1.706	2.0	1.824	0
664	1.863	1.824	2.0	1.824	0
665	1.863	1.725	2.039	1.902	0
666	1.922	1.706	1.941	2.039	0
667	2.059	1.824	1.902	2.098	0
668	2.039	2.0	2.0	2.176	0
669	2.078	2.059	2.137	2.118	0
670	2.059	1.882	2.078	1.961	0
671	2.059	2.02	2.078	1.784	0
672	2.078	2.176	2.176	1.725	0
673	2.039	2.098	2.118	1.824	0
674	1.863	1.745	1.961	1.98	0
675	1.706	1.647	1.98	2.02	0
676	1.863	1.745	2.039	2.118	0
677	1.941	1.882	2.118	2.098	0
678	2.039	1.922	2.196	2.078	0
679	2.255	1.863	2.196	2.059	0
680	2.275	1.961	2.039	2.0	0
681	2.412	2.098	2.078	1.922	0
682	2.098	1.98	2.255	1.961	0
683	1.765	2.039	2.255	2.078	0
684	1.922	2.039	2.255	2.176	0
685	2.098	2.098	2.137	2.196	0
686	2.098	2.039	2.0	2.059	0
687	2.02	1.902	1.941	1.902	0
688	1.941	1.961	2.039	1.804	0
689	1.882	2.039	2.118	1.804	0
690	1.941	1.98	2.059	1.902	0
691	2.059	1.667	1.922	2.02	0
692	2.196	1.549	2.039	2.118	0
693	2.373	1.588	2.098	2.176	0
694	2.039	1.667	2.157	2.196	0
695	1.529	1.627	2.176	2.137	0
696	1.549	1.686	2.078	2.02	0
697	1.745	1.824	1.961	1.882	0
698	2.118	1.843	1.902	1.863	0
699	2.275	1.765	1.961	1.941	0
700	2.098	1.784	2.157	2.098	0
701	1.941	1.882	2.098	2.216	0
702	2.02	1.98	2.157	2.176	0
703	2.216	2.373	2.294	2.098	0
704	2.216	2.529	2.353	1.961	0
705	2.176	2.392	2.275	1.882	0
706	2.157	2.294	2.118	1.843	0
707	2.118	2.118	2.275	1.863	0
708	2.098	2.059	2.49	1.98	0
709	2.059	1.961	2.137	2.078	0
710	1.902	1.882	1.804	2.039	0
711	2.02	1.922	2.137	2.039	0
712	1.961	1.882	2.137	1.98	0
713	1.784	1.902	2.157	1.961	0
714	1.902	1.98	2.137	1.902	0
715	1.941	1.863	2.078	1.882	0
716	1.922	1.686	2.039	1.863	0
717	1.902	1.824	2.059	1.98	0
718	1.784	1.922	2.157	2.078	0
719	1.706	1.98	2.098	2.196	0
720	1.686	1.922	1.941	2.098	0
721	1.725	1.784	1.824	1.902	0
722	1.863	1.863	1.843	1.725	0
723	1.922	1.902	1.98	1.667	0
724	1.922	1.961	2.118	1.784	0
725	1.882	1.922	2.078	1.98	0
726	1.667	1.765	1.98	2.235	0
727	1.667	1.784	2.02	2.196	0
728	1.863	1.882	2.098	2.157	0
729	1.902	1.98	2.098	2.059	0
730	2.0	1.941	2.078	1.98	0
731	2.118	1.98	2.039	1.902	0
732	2.098	2.078	2.039	1.863	0
733	1.98	2.02	2.098	1.941	0
734	1.843	2.039	2.235	2.039	0
735	1.902	2.176	2.176	2.176	0
736	1.961	2.314	1.941	2.137	0
737	2.02	2.294	2.078	2.039	0
738	1.902	2.118	2.039	1.882	0
739	1.902	2.235	1.843	1.745	0
740	1.941	2.353	1.961	1.725	0
741	2.02	2.255	2.176	1.804	0
742	1.922	1.98	2.176	1.961	0
743	1.882	1.902	2.059	2.118	0
744	1.627	1.784	1.961	2.098	0
745	1.804	1.863	1.961	2.098	0
746	1.745	1.725	1.863	1.98	0
747	1.647	1.706	1.922	1.882	0
748	1.647	1.824	2.02	1.843	0
749	1.804	1.863	1.922	1.882	0
750	1.961	1.784	1.961	2.02	0
751	2.039	1.784	2.039	2.137	0
752	1.902	1.824	2.157	2.176	0
753	1.647	1.843	2.137	2.196	0
754	1.843	1.902	1.902	2.098	0
755	2.137	1.804	1.882	2.039	0
756	2.255	1.922	2.118	1.922	0
757	2.176	1.98	2.275	1.824	0
758	2.118	1.784	2.118	1.882	0
759	2.137	1.745	2.098	1.961	0
760	2.275	1.824	2.176	2.059	0
761	2.314	1.824	2.255	2.176	0
762	2.431	1.902	2.392	2.216	0
763	2.373	1.961	2.392	2.255	0
764	2.353	1.843	2.235	2.098	0
765	2.275	1.745	2.098	1.961	0
766	2.275	2.0	2.314	1.882	0
767	2.373	2.157	2.412	1.961	0
768	2.235	2.118	2.373	2.118	0
769	2.118	2.137	2.275	2.216	0
770	1.922	2.314	2.098	2.216	0
771	2.02	2.373	2.039	2.039	0
772	2.157	2.176	2.098	1.902	0
773	2.412	2.157	2.157	1.765	0
774	2.294	2.02	2.118	1.745	0
775	1.843	1.922	2.196	1.824	0
776	1.588	1.843	2.196	1.98	0
777	1.765	1.745	2.078	2.098	0
778	1.902	1.706	2.0	2.137	0
779	1.765	1.647	1.941	2.098	0
780	1.725	1.627	1.882	1.902	0
781	1.843	1.529	1.843	1.824	0
782	1.941	1.49	1.941	1.784	0
783	1.98	1.51	2.059	1.863	0
784	1.882	1.51	2.098	2.0	0
785	1.745	1.529	2.078	2.137	0
786	1.627	1.529	2.02	2.137	0
787	1.804	1.647	1.98	2.078	0
788	1.961	1.882	2.0	2.0	0
789	1.961	1.961	2.039	1.902	0
790	2.0	1.961	1.961	1.784	0
791	1.843	1.882	1.902	1.765	0
792	1.686	1.922	1.922	1.784	0
793	1.784	1.843	1.98	1.902	0
794	1.941	1.843	2.098	2.02	0
795	2.137	2.039	2.235	2.157	0
796	2.314	2.02	2.333	2.216	0
797	1.98	1.745	2.137	2.137	0
798	1.627	1.765	1.902	1.98	0
799	1.706	1.843	1.961	1.863	0
800	1.843	1.863	1.98	1.784	0
801	1.804	1.922	1.961	1.784	0
802	2.078	1.882	2.039	1.961	0
803	2.235	1.882	2.039	2.118	0
804	2.353	1.922	2.314	2.216	0
805	2.235	2.118	2.294	2.196	0
806	1.961	2.118	2.02	2.0	0
807	1.843	2.118	2.0	1.804	0
808	1.882	1.941	1.961	1.667	0
809	2.078	2.0	2.176	1.706	0
810	2.157	2.118	2.353	1.902	0
811	2.098	2.039	2.216	2.118	0
812	1.882	1.961	1.941	2.235	0
813	1.765	1.922	1.961	2.137	0
814	1.922	1.882	2.059	2.0	0
815	2.059	2.098	2.157	1.843	0
816	2.118	2.157	2.176	1.784	0
817	2.118	2.118	2.078	1.804	0
818	2.0	2.0	2.314	1.961	0
819	1.902	1.941	2.157	2.176	0
820	1.706	2.0	1.843	2.275	0
821	1.745	2.137	2.0	2.275	0
822	1.882	2.176	2.137	2.098	0
823	1.961	2.118	2.078	1.902	0
824	2.118	2.118	2.059	1.745	0
825	2.137	2.02	2.02	1.765	0
826	2.059	1.961	2.0	1.824	0
827	1.843	1.882	2.059	1.961	0
828	1.627	1.863	1.98	2.137	0
829	1.588	1.765	1.922	2.216	0
830	1.804	1.843	1.902	2.176	0
831	1.863	1.824	1.922	2.039	0
832	2.059	1.843	1.961	1.922	0
833	2.118	1.961	2.039	1.863	0
834	2.255	2.275	2.216	1.902	0
835	2.039	2.216	2.235	2.0	0
836	1.98	2.078	2.176	2.137	0
837	1.804	2.039	2.118	2.216	0
838	1.863	2.098	2.118	2.235	0
839	2.118	2.118	2.02	2.098	0
840	2.02	2.059	2.0	1.941	0
841	2.157	2.196	2.059	1.784	0
842	2.059	2.078	2.02	1.765	0
843	2.118	1.941	2.216	1.882	0
844	2.176	1.765	2.255	2.078	0
845	2.118	1.725	2.216	2.216	0
846	2.157	1.784	2.235	2.275	0
847	2.059	1.627	2.176	2.216	0
848	1.706	1.49	1.961	2.078	0
849	2.0	1.824	2.098	1.961	0
850	2.137	2.118	2.353	1.882	0
851	2.157	2.059	2.196	1.863	0
852	2.078	1.784	2.02	1.961	0
853	1.882	1.686	2.039	2.078	0
854	1.98	1.863	2.118	2.196	0
855	2.098	1.98	2.02	2.176	0
856	1.882	2.118	2.02	2.02	0
857	1.804	2.118	2.02	1.863	0
858	1.824	2.294	2.176	1.765	0
859	2.176	2.373	2.216	1.784	0
860	2.431	2.275	2.196	1.882	0
861	2.196	2.039	2.137	2.0	0
862	1.706	1.804	2.078	2.118	0
863	1.569	1.784	2.078	2.098	0
864	1.98	1.804	2.098	2.078	0
865	2.157	1.784	2.059	2.02	0
866	2.216	1.784	2.039	1.941	0
867	2.137	1.863	2.118	1.922	0
868	1.882	1.824	2.098	1.961	0
869	1.686	1.824	2.098	2.02	0
870	1.765	1.745	2.118	2.098	0
871	1.941	1.765	2.137	2.176	0
872	2.078	1.922	2.118	2.118	0
873	2.235	1.98	2.157	2.059	0
874	2.118	1.824	2.078	1.98	0
875	2.0	2.039	2.137	1.882	0
876	2.02	1.961	2.235	1.863	0
877	1.961	1.725	2.078	1.882	0
878	1.863	1.686	1.961	1.961	0
879	1.843	1.745	2.078	2.098	0
880	1.824	1.667	2.059	2.078	0
881	1.941	1.745	2.137	2.098	0
882	1.922	1.706	2.137	2.039	0
883	1.902	1.49	1.961	2.0	0
884	1.863	1.431	2.078	1.922	0
885	1.98	1.667	2.118	1.902	0
886	1.98	1.784	2.039	1.941	0
887	1.745	1.686	1.941	2.02	0
888	1.588	1.608	1.98	2.098	0
889	1.784	1.765	2.02	2.118	0
890	2.059	1.941	2.039	2.059	0
891	2.137	1.941	2.137	1.961	0
892	2.039	1.922	2.118	1.882	0
893	1.843	1.725	1.882	1.804	0
894	1.824	1.725	1.922	1.784	0
895	1.882	1.647	2.039	1.863	0
896	1.922	1.686	1.961	1.961	0
897	1.863	1.784	1.961	2.059	0
898	1.843	1.922	2.02	2.059	0
899	1.98	1.941	2.059	2.039	0
900	2.176	2.0	2.039	1.98	0
901	2.039	2.078	2.118	1.922	0
902	1.902	2.098	2.02	1.882	0
903	1.863	2.039	1.98	1.882	0
904	1.863	2.02	2.039	1.98	0
905	1.784	2.078	2.02	2.02	0
906	1.882	2.235	2.0	2.098	0
907	2.039	2.392	1.98	2.039	0
908	2.078	2.353	1.961	1.882	0
909	2.118	2.373	2.059	1.784	0
910	2.294	2.333	2.314	1.804	0
911	2.333	2.255	2.235	1.922	0
912	2.216	2.098	2.078	2.059	0
913	2.137	2.078	2.216	2.176	0
914	1.922	1.922	1.98	2.118	0
915	1.922	1.863	2.196	2.059	0
916	2.098	1.961	2.235	1.98	0
917	2.275	2.02	2.176	1.961	0
918	2.353	2.059	2.176	1.98	0
919	2.333	2.0	2.196	2.0	0
920	2.235	1.98	2.235	2.0	0
921	2.196	2.078	2.275	2.078	0
922	2.098	2.137	2.255	2.118	0
923	1.922	2.216	2.196	2.157	0
924	1.961	2.216	2.196	2.137	0
925	2.059	2.137	2.294	2.02	0
926	2.078	2.078	2.0	1.863	0
927	2.098	2.118	1.902	1.784	0
928	1.922	2.0	2.196	1.804	0
929	1.667	1.686	2.137	1.922	0
930	1.549	1.588	2.0	2.059	0
931	1.863	1.647	1.961	2.118	0
932	2.02	1.745	2.059	2.157	0
933	1.902	1.608	2.196	2.137	0
934	1.725	1.431	2.02	2.02	0
935	1.569	1.51	1.902	1.922	0
936	1.784	1.647	1.922	1.863	0
937	1.824	1.667	2.137	1.922	0
938	1.725	1.647	2.078	2.02	0
939	1.745	1.686	1.843	2.137	0
940	1.804	1.922	1.941	2.137	0
941	1.961	2.078	2.078	2.118	0
942	2.059	2.039	2.118	2.02	0
943	2.078	2.098	2.137	1.922	0
944	1.98	2.02	2.078	1.843	0
945	2.0	1.922	2.039	1.804	0
946	1.922	1.922	2.059	1.922	0
947	1.824	1.98	2.078	2.059	0
948	1.804	1.98	2.0	2.137	0
949	1.902	1.961	1.961	2.118	0
950	1.961	1.824	1.98	2.059	0
951	2.059	1.843	2.039	2.0	0
952	1.961	1.863	2.039	1.922	0
953	1.686	1.882	2.02	1.863	0
954	1.51	1.627	1.784	1.863	0
955	1.961	1.765	1.922	1.941	0
956	2.627	1.902	2.098	2.176	0
957	2.529	1.784	2.039	2.216	0
958	2.118	2.039	2.216	2.157	0
959	1.667	2.176	2.294	2.059	0
960	1.725	2.157	2.216	1.941	0
961	2.098	2.098	2.137	1.804	0
962	2.333	1.922	2.0	1.804	0
963	2.431	1.863	2.02	1.902	0
964	2.333	1.961	2.255	2.098	0
965	2.314	2.0	2.373	2.235	0
966	2.157	1.922	2.294	2.235	0
967	2.0	1.765	2.294	2.196	0
968	2.039	1.843	2.255	2.059	0
969	2.078	1.961	2.255	1.98	0
970	2.059	1.882	2.294	1.941	0
971	2.059	1.804	2.275	2.0	0
972	1.863	1.706	2.216	2.059	0
973	1.745	1.647	2.059	2.196	0
974	1.824	1.824	1.706	2.118	0
975	2.137	2.176	2.02	2.039	0
976	2.098	2.235	2.373	1.961	0
977	1.961	2.118	2.314	1.922	0
978	1.843	1.98	2.0	1.882	0
979	1.686	1.843	1.882	1.843	0
980	1.608	1.824	1.941	1.882	0
981	1.922	2.059	2.02	1.922	0
982	2.255	2.137	2.02	2.059	0
983	2.255	1.98	2.039	2.098	0
984	2.078	1.961	2.098	2.118	0
985	1.882	2.235	2.176	2.098	0
986	1.863	2.353	2.157	2.0	0
987	1.98	2.275	2.078	1.941	0
988	2.078	2.118	2.059	1.882	0
989	2.098	2.059	2.118	1.961	0
990	2.118	2.059	2.118	2.078	0
991	2.059	2.118	2.137	2.118	0
992	2.078	2.235	2.157	2.118	0
993	2.039	2.098	2.118	1.941	0
994	1.922	1.98	1.98	1.804	0
995	1.843	1.902	1.863	1.667	0
996	1.882	1.863	1.882	1.667	0
997	1.961	1.706	1.98	1.784	0
998	1.98	1.471	1.961	1.961	0
999	1.922	1.294	2.0	2.078	0
1000	1.647	1.353	2.02	2.098	0
1001	1.529	1.431	2.0	2.059	0
1002	1.824	1.627	2.02	2.0	0
1003	1.941	1.706	1.98	1.922	0
1004	1.98	1.608	1.941	1.824	0
1005	2.0	1.569	1.98	1.784	0
1006	1.843	1.647	2.137	1.902	0
1007	1.941	1.922	2.235	2.098	0
1008	1.922	2.157	2.098	2.196	0
1009	1.784	2.098	2.059	2.235	0
1010	1.882	1.941	2.078	2.078	0
1011	1.843	2.098	2.118	1.902	0
1012	1.863	2.176	2.157	1.784	0
1013	1.902	2.196	2.176	1.784	0
1014	1.902	2.118	2.157	1.922	0
1015	1.941	2.0	2.137	2.078	0
1016	1.922	1.922	2.157	2.118	0
1017	1.922	2.039	2.118	2.137	0
1018	1.843	1.922	2.118	2.059	0
1019	1.941	1.902	2.157	1.98	0
1020	1.961	1.765	1.824	1.941	0
1021	2.098	1.843	1.98	1.902	0
1022	1.98	1.961	2.157	1.98	0
1023	1.784	2.059	2.275	2.059	0
1024	1.824	1.941	2.294	2.137	0
1025	1.824	1.882	1.98	2.216	0
1026	1.804	2.059	1.784	2.157	0
1027	1.804	1.98	2.0	1.98	0
1028	1.961	1.98	2.078	1.824	0
1029	2.098	2.039	2.039	1.765	0
1030	2.216	2.078	2.0	1.843	0
1031	2.118	2.02	2.059	2.0	0
1032	2.196	2.059	2.196	2.157	0
1033	2.314	1.98	2.196	2.294	0
1034	2.137	1.961	2.176	2.235	0
1035	1.882	1.941	2.176	2.118	0
1036	1.804	1.98	2.176	1.98	0
1037	1.98	1.961	2.098	1.922	0
1038	2.118	2.02	2.0	1.882	0
1039	2.118	2.078	2.098	1.961	0
1040	2.059	2.098	2.0	2.059	0
1041	2.059	2.098	2.059	2.059	0
1042	1.98	2.078	2.039	2.137	0
1043	2.059	2.216	2.157	2.078	0
1044	2.294	2.137	2.196	2.02	0
1045	2.216	2.078	2.098	1.941	0
1046	1.863	1.98	1.961	1.784	0
1047	1.824	2.059	2.078	1.765	0
1048	2.059	1.902	2.098	1.863	0
1049	1.98	1.765	2.098	2.02	0
1050	1.941	1.843	2.039	2.157	0
1051	2.039	1.765	2.078	2.235	0
1052	1.922	1.588	1.98	2.157	0
1053	1.725	1.51	2.02	2.039	0
1054	1.647	1.706	2.059	1.902	0
1055	1.569	1.745	1.941	1.784	0
1056	1.569	1.569	1.843	1.824	0
1057	1.647	1.529	1.863	1.941	0
1058	1.863	1.588	1.961	2.02	0
1059	2.431	1.941	2.137	2.176	0
1060	2.549	2.216	2.235	2.255	0
1061	2.235	2.118	2.333	2.176	0
1062	1.765	1.961	2.176	2.02	0
1063	1.843	1.922	2.176	1.843	0
1064	2.098	1.961	2.118	1.706	0
1065	2.039	1.863	2.02	1.824	0
1066	2.196	1.902	2.157	1.961	0
1067	2.118	1.765	2.039	2.118	0
1068	2.235	1.824	2.078	2.176	0
1069	2.333	1.882	2.216	2.118	0
1070	2.51	2.0	2.294	2.02	0
1071	2.471	2.098	2.373	1.961	0
1072	2.275	2.098	2.333	1.961	0
1073	2.098	1.941	2.196	2.02	0
1074	2.157	1.922	2.176	2.098	0
1075	2.078	1.941	2.137	2.176	0
1076	1.882	2.059	2.353	2.137	0
1077	2.039	2.216	2.431	2.098	0
1078	2.0	1.902	1.824	1.98	0
1079	2.0	1.843	1.686	1.843	0
1080	1.824	1.824	2.059	1.765	0
1081	1.784	1.745	2.137	1.784	0
1082	1.784	1.667	2.078	1.941	0
1083	1.843	1.667	2.02	2.078	0
1084	1.863	1.824	2.098	2.157	0
1085	1.843	1.765	2.137	2.176	0
1086	1.843	1.647	2.02	2.059	0
1087	1.902	1.667	1.882	1.941	0
1088	1.941	1.706	1.941	1.824	0
1089	1.941	1.706	2.0	1.804	0
1090	1.882	1.608	1.961	1.863	0
1091	1.686	1.569	1.882	2.0	0
1092	1.608	1.706	1.843	2.137	0
1093	1.765	2.059	1.961	2.118	0
1094	1.961	2.137	1.98	2.039	0
1095	2.078	2.039	2.02	1.922	0
1096	2.059	2.196	2.118	1.824	0
1097	1.98	2.333	2.098	1.804	0
1098	1.941	2.235	1.961	1.745	0
1099	1.961	2.02	2.059	1.824	0
1100	1.961	1.98	2.039	2.0	0
1101	1.902	2.098	2.216	2.098	0
1102	1.941	2.078	2.275	2.157	0
1103	1.824	2.059	1.98	2.157	0
1104	2.0	2.137	1.961	2.02	0
1105	2.0	2.196	2.176	1.902	0
1106	1.961	2.176	2.275	1.804	0
1107	1.902	2.02	2.137	1.843	0
1108	1.863	1.961	2.078	2.02	0
1109	1.765	1.882	2.059	2.235	0
1110	1.765	1.922	2.098	2.216	0
1111	2.02	2.157	2.216	2.157	0
1112	2.137	2.098	2.039	1.98	0
1113	2.216	1.882	1.902	1.824	0
1114	2.216	1.765	1.98	1.765	0
1115	2.098	1.941	2.157	1.804	0
1116	1.843	1.98	2.157	1.922	0
1117	1.569	1.863	2.059	2.039	0
1118	1.686	1.667	2.0	2.118	0
1119	1.784	1.725	1.902	2.098	0
1120	1.941	1.725	2.0	2.039	0
1121	2.098	1.941	2.176	1.98	0
1122	2.0	2.176	2.176	1.941	0
1123	1.471	2.098	1.882	1.902	0
1124	1.529	2.039	1.804	1.843	0
1125	2.118	2.059	1.902	1.922	0
1126	2.471	1.882	2.176	1.961	0
1127	2.275	1.98	2.471	2.098	0
1128	1.922	2.333	2.255	2.196	0
1129	1.647	2.451	2.059	2.157	0
1130	1.686	2.431	2.137	2.02	0
1131	1.98	2.216	2.176	1.784	0
1132	2.216	1.941	2.059	1.706	0
1133	2.333	1.706	2.02	1.784	0
1134	2.333	1.667	2.137	2.039	0
1135	2.314	1.922	2.373	2.255	0
1136	2.275	2.039	2.353	2.333	0
1137	2.059	1.863	2.157	2.216	0
1138	2.157	1.902	2.157	2.039	0
1139	2.294	1.98	2.216	1.922	0
1140	2.314	2.0	2.196	1.902	0
1141	2.314	1.941	2.196	1.961	0
1142	2.176	1.902	2.235	2.118	0
1143	2.176	1.922	2.255	2.196	0
1144	2.098	1.961	2.176	2.216	0
1145	1.902	2.02	2.118	2.137	0
1146	1.882	1.941	1.98	1.941	0
1147	1.647	1.922	1.824	1.706	0
1148	1.667	1.941	1.804	1.647	0
1149	2.216	1.882	1.882	1.725	0
1150	2.392	1.627	1.941	1.902	0
1151	2.118	1.412	2.098	2.118	0
1152	1.647	1.627	2.176	2.255	0
1153	1.431	1.588	2.0	2.216	0
1154	1.667	1.569	1.961	2.059	0
1155	1.961	1.627	2.0	1.941	0
1156	2.098	1.745	2.059	1.843	0
1157	1.922	1.725	2.0	1.843	0
1158	1.804	1.588	2.039	1.922	0
1159	1.922	1.647	2.137	2.098	0
1160	1.941	1.686	2.196	2.275	0
1161	1.961	1.765	2.275	2.235	0
1162	2.0	1.882	2.412	2.137	0
1163	1.961	1.824	2.196	2.0	0
1164	2.02	1.941	1.941	1.863	0
1165	2.039	1.922	2.118	1.804	0
1166	1.98	1.745	2.235	1.843	0
1167	1.961	1.647	2.353	2.0	0
1168	1.882	1.667	2.216	2.137	0
1169	1.824	1.569	2.0	2.157	0
1170	1.784	1.706	2.02	2.118	0
1171	1.745	1.529	2.059	2.02	0
1172	1.922	1.588	2.157	1.941	0
1173	2.02	1.706	2.294	1.922	0
1174	1.922	1.745	1.961	1.902	0
1175	1.863	1.706	1.725	1.902	0
1176	1.882	1.824	1.902	1.98	0
1177	1.843	2.098	2.235	2.078	0
1178	1.98	2.196	2.392	2.196	0
1179	1.98	2.353	2.373	2.176	0
1180	1.98	2.294	2.137	2.0	0
1181	1.98	2.118	1.608	1.843	0
1182	2.02	2.118	1.804	1.725	0
1183	2.137	2.294	2.392	1.784	0
1184	2.216	2.412	2.843	1.941	0
1185	2.137	2.294	2.667	2.176	0
1186	1.941	1.902	1.51	2.216	0
1187	1.882	1.961	1.275	2.078	0
1188	2.02	2.216	2.157	2.0	0
1189	2.078	2.078	2.451	1.902	0
1190	1.961	1.902	2.314	1.922	0
1191	1.922	1.824	2.039	1.941	0
1192	1.902	1.804	1.824	1.941	0
1193	1.882	1.902	1.863	2.02	0
1194	1.804	1.941	1.863	2.118	0
1195	1.824	1.902	1.824	2.118	0
1196	1.882	2.039	1.922	2.02	0
1197	2.059	2.059	1.961	1.961	0
1198	2.059	2.118	2.412	1.843	0
1199	1.863	1.902	2.922	1.824	0
1200	1.863	1.745	1.824	1.804	0
1201	2.098	1.745	0.49	1.824	0
1202	1.882	1.706	1.627	1.863	0
1203	1.902	1.843	2.412	1.98	0
1204	2.02	2.118	2.412	2.118	0
1205	1.98	2.137	2.196	2.176	0
1206	1.941	2.118	2.02	2.118	0
1207	1.843	2.255	2.098	1.941	0
1208	1.98	2.235	1.961	1.804	0
1209	2.078	2.176	2.0	1.784	0
1210	2.0	2.137	2.039	1.922	0
1211	2.0	2.275	1.863	2.098	0
1212	2.157	2.412	2.176	2.255	0
1213	2.275	2.608	2.314	2.235	0
1214	2.294	2.451	1.922	2.039	0
1215	2.02	2.333	1.804	1.843	0
1216	1.725	2.333	1.922	1.745	0
1217	1.882	2.275	2.078	1.784	0
1218	2.078	2.118	2.235	1.961	0
1219	2.02	1.941	2.333	2.157	0
1220	2.0	1.745	1.98	2.275	0
1221	1.804	1.706	1.725	2.196	0
1222	1.824	1.686	1.961	2.098	0
1223	1.863	1.627	2.118	1.961	0
1224	1.961	1.706	2.176	1.922	0
1225	1.961	1.686	2.039	1.922	0
1226	1.941	1.588	1.98	1.902	0
1227	1.686	1.431	1.765	1.961	0
1228	1.471	1.51	1.902	2.039	0
1229	1.765	1.902	2.0	2.098	0
1230	2.059	2.059	1.941	2.098	0
1231	2.471	2.0	2.039	2.059	0
1232	2.49	1.902	2.039	1.941	0
1233	2.078	1.784	2.118	1.824	0
1234	1.922	1.922	2.314	1.843	0
1235	1.843	2.02	2.275	1.941	0
1236	1.902	1.961	2.059	2.039	0
1237	2.255	1.941	1.98	2.078	0
1238	2.529	1.863	2.118	2.118	0
1239	2.471	1.824	2.196	2.137	0
1240	2.294	1.941	2.314	2.098	0
1241	2.118	2.02	2.392	2.059	0
1242	2.294	2.039	2.451	2.039	0
1243	2.353	1.98	2.49	2.059	0
1244	2.176	1.843	2.314	2.078	0
1245	2.137	1.98	2.176	2.059	0
1246	2.176	2.137	2.235	2.157	0
1247	2.098	2.196	2.412	2.196	0
1248	2.118	1.941	2.294	2.098	0
1249	2.0	1.549	2.078	1.941	0
1250	1.882	1.549	2.118	1.804	0
1251	1.765	1.745	2.157	1.784	0
1252	1.745	1.627	2.098	1.882	0
1253	1.667	1.412	1.98	2.02	0
1254	1.725	1.392	1.98	2.078	0
1255	1.824	1.49	2.098	2.098	0
1256	1.843	1.647	2.137	2.098	0
1257	1.824	1.627	1.98	2.039	0
1258	1.647	1.549	2.078	1.902	0
1259	1.804	1.745	2.255	1.843	0
1260	1.961	1.627	1.706	1.824	0
1261	1.902	1.588	1.667	1.902	0
1262	1.804	1.784	2.471	2.118	0
1263	1.627	2.078	2.353	2.176	0
1264	1.922	2.49	2.098	2.176	0
1265	2.039	2.49	2.118	2.078	0
1266	2.0	2.235	1.843	1.882	0
1267	2.0	2.078	1.843	1.686	0
1268	1.961	2.176	2.02	1.667	0
1269	2.039	2.392	2.196	1.843	0
1270	2.059	2.373	2.275	2.039	0
1271	2.02	2.216	2.275	2.176	0
1272	1.941	2.098	2.373	2.216	0
1273	1.824	2.02	2.02	2.118	0
1274	1.941	2.059	1.569	1.961	0
1275	2.059	1.98	1.804	1.824	0
1276	2.078	2.0	2.098	1.784	0
1277	2.0	2.02	2.216	1.863	0
1278	1.804	2.118	2.235	2.039	0
1279	1.745	2.098	2.137	2.157	0
1280	1.902	2.157	2.078	2.196	0
1281	1.941	2.294	1.882	2.098	0
1282	2.118	2.294	1.902	1.922	0
1283	2.216	2.255	2.235	1.804	0
1284	2.216	2.157	2.137	1.745	0
1285	2.059	2.137	1.961	1.843	0
1286	2.02	2.02	2.216	1.98	0
1287	1.922	1.824	2.216	2.118	0
1288	1.902	1.706	2.02	2.118	0
1289	1.961	1.725	1.902	2.078	0
1290	1.98	1.784	2.078	2.0	0
1291	2.118	1.863	2.118	1.941	0
1292	2.059	1.745	2.078	1.941	0
1293	2.0	1.647	2.039	1.922	0
1294	1.922	1.608	2.02	1.961	0
1295	1.706	1.608	2.039	2.02	0
1296	1.725	1.627	1.961	2.137	0
1297	1.765	1.569	1.863	2.098	0
1298	1.902	1.725	1.902	2.02	0
1299	1.922	1.824	1.863	1.882	0
1300	1.843	1.961	1.922	1.745	0
1301	2.0	2.118	2.137	1.765	0
1302	2.216	2.0	2.0	1.843	0
1303	2.373	1.843	1.824	2.0	0
1304	1.961	1.647	1.941	2.059	0
1305	1.569	1.725	2.0	2.098	0
1306	1.686	1.922	2.059	2.039	0
1307	2.0	1.882	2.059	2.02	0
1308	2.098	2.0	2.059	2.0	0
1309	2.216	2.118	2.078	1.941	0
1310	2.255	2.098	2.059	1.902	0
1311	2.216	2.02	2.157	1.902	0
1312	2.098	1.961	2.137	2.0	0
1313	1.98	1.961	2.059	2.098	0
1314	2.02	2.059	2.098	2.157	0
1315	2.02	2.157	2.118	2.137	0
1316	2.039	2.039	2.118	2.02	0
1317	2.02	2.02	2.098	1.882	0
1318	2.039	2.0	2.137	1.784	0
1319	1.961	1.941	2.118	1.804	0
1320	1.843	1.824	2.137	1.922	0
1321	1.902	1.706	2.098	2.039	0
1322	1.863	1.706	2.078	2.078	0
1323	1.902	1.725	2.059	2.098	0
1324	1.882	1.667	2.039	2.039	0
1325	1.961	1.706	2.02	1.98	0
1326	1.98	1.745	2.098	1.98	0
1327	1.961	1.824	2.137	1.941	0
1328	1.784	1.824	2.157	1.922	0
1329	1.824	1.804	2.098	2.0	0
1330	1.882	1.706	1.882	2.059	0
1331	2.039	1.784	2.02	2.176	0
1332	2.176	2.039	2.176	2.118	0
1333	1.902	1.98	2.137	2.02	0
1334	1.824	2.039	2.078	1.863	0
1335	2.02	2.02	2.078	1.784	0
1336	2.059	1.98	2.039	1.804	0
1337	2.02	1.882	2.078	1.941	0
1338	1.961	1.824	2.098	2.078	0
1339	1.922	1.765	2.098	2.176	0
1340	1.98	1.725	2.098	2.176	0
1341	1.961	1.725	2.039	2.098	0
1342	1.98	1.824	2.216	2.02	0
1343	1.961	1.824	2.157	1.941	0
1344	2.0	1.824	1.922	1.902	0
1345	2.02	1.902	2.02	1.941	0
1346	1.98	1.902	2.176	2.039	0
1347	1.922	1.922	2.157	2.196	0
1348	1.882	2.0	2.137	2.196	0
1349	1.941	2.059	2.098	2.118	0
1350	2.0	2.039	2.039	1.961	0
1351	2.0	2.059	2.039	1.843	0
1352	2.039	2.078	2.039	1.765	0
1353	2.02	2.0	2.078	1.784	0
1354	2.0	1.902	2.059	1.922	0
1355	1.941	1.804	2.059	2.039	0
1356	1.961	1.765	2.137	2.157	0
1357	1.941	1.804	2.059	2.118	0
1358	1.902	1.725	2.078	2.078	0
1359	1.941	1.784	2.098	2.0	0
1360	1.941	1.804	2.078	1.922	0
1361	1.961	1.824	2.059	1.882	0
1362	1.941	1.804	2.059	1.922	0
1363	1.882	1.804	2.078	2.039	0
1364	1.863	1.824	2.098	2.098	0
1365	1.882	1.941	2.098	2.196	0
1366	1.961	2.098	2.078	2.137	0
1367	2.02	2.098	2.176	2.0	0
1368	2.02	2.157	2.275	1.882	0
1369	2.02	2.059	2.059	1.804	0
1370	1.961	1.941	1.902	1.804	0
1371	1.902	1.804	2.098	1.882	0
1372	1.902	1.843	2.196	2.02	0
1373	1.941	1.902	2.176	2.137	0
1374	1.961	1.961	2.196	2.157	0
1375	1.961	1.863	2.157	2.098	0
1376	1.961	1.843	2.078	2.0	0
1377	1.961	1.863	2.0	1.902	0
1378	2.059	1.961	2.137	1.863	0
1379	2.059	2.02	2.196	1.902	0
1380	1.941	2.039	2.137	2.02	0
1381	1.902	2.059	2.137	2.157	0
1382	2.0	2.137	2.157	2.196	0
1383	1.941	2.176	2.137	2.118	0
1384	2.039	2.176	2.039	1.961	0
1385	2.0	2.176	2.059	1.843	0
1386	2.039	2.157	2.098	1.784	0
1387	2.02	2.118	2.078	1.804	0
1388	1.98	2.0	2.098	1.922	0
1389	1.98	1.961	2.078	2.059	0
1390	1.902	1.961	2.039	2.157	0
1391	1.882	1.941	2.078	2.137	0
1392	1.922	1.863	2.078	2.059	0
1393	1.961	1.863	2.059	1.98	0
1394	1.961	1.902	2.059	1.902	0
1395	1.98	1.922	2.078	1.882	0
1396	1.922	1.922	2.098	1.922	0
1397	1.902	1.902	2.137	2.039	0
1398	1.922	1.922	2.098	2.196	0
1399	1.843	2.02	2.098	2.157	0
1400	1.922	2.059	2.098	2.098	0
1401	1.941	2.059	2.078	1.961	0
1402	1.98	2.078	2.059	1.824	0
1403	1.98	2.059	2.078	1.784	0
1404	1.941	2.0	2.118	1.824	0
1405	1.941	1.863	2.098	1.961	0
1406	1.902	1.784	2.098	2.059	0
1407	1.882	1.765	2.098	2.137	0
1408	1.843	1.804	2.098	2.137	0
1409	1.882	1.745	2.118	2.098	0
1410	1.922	1.784	2.098	2.02	0
1411	1.941	1.804	2.078	1.941	0
1412	1.961	1.843	2.098	1.902	0
1413	1.941	1.824	2.137	1.941	0
1414	1.941	1.843	2.137	2.059	0
1415	1.902	1.863	2.118	2.176	0
1416	1.922	1.961	2.098	2.196	0
1417	1.98	2.078	2.137	2.137	0
1418	2.0	2.0	2.098	2.02	0
1419	2.0	2.02	2.078	1.882	0
1420	2.039	2.02	2.098	1.784	0
1421	2.059	1.941	2.078	1.804	0
1422	2.0	1.843	2.118	1.922	0
1423	1.941	1.784	2.118	2.059	0
1424	1.941	1.765	2.118	2.098	0
1425	1.922	1.784	2.137	2.157	0
1426	1.941	1.745	2.098	2.098	0
1427	1.98	1.784	2.078	1.98	0
1428	1.98	1.804	2.059	1.922	0
1429	2.02	1.863	2.098	1.902	0
1430	2.02	1.843	2.098	1.922	0
1431	1.98	1.824	2.118	1.98	0
1432	1.941	1.882	2.098	2.176	0
1433	1.922	1.98	2.137	2.176	0
1434	2.02	2.078	2.098	2.118	0
1435	2.02	2.039	2.039	1.98	0
1436	2.0	2.078	2.078	1.843	0
1437	2.039	2.059	2.078	1.804	0
1438	2.059	2.0	2.098	1.784	0
1439	2.02	1.902	2.098	1.882	0
1440	1.941	1.882	2.118	2.039	0
1441	1.941	1.804	2.118	2.157	0
1442	1.941	1.804	2.078	2.157	0
1443	1.98	1.765	2.059	2.059	0
1444	2.0	1.824	2.059	1.98	0
1445	1.98	1.882	2.078	1.902	0
1446	2.02	1.922	2.098	1.863	0
1447	2.0	1.902	2.078	1.922	0
1448	1.961	1.902	2.118	2.059	0
1449	1.941	1.941	2.078	2.176	0
1450	1.941	2.078	2.137	2.176	0
1451	1.941	2.118	2.078	2.137	0
1452	2.0	2.098	2.059	1.98	0
1453	2.0	2.098	2.059	1.843	0
1454	2.039	2.098	2.078	1.745	0
1455	2.059	2.02	2.078	1.784	0
1456	2.02	1.902	2.059	1.882	0
1457	1.961	1.824	2.059	2.0	0
1458	2.0	1.765	2.039	2.098	0
1459	1.98	1.824	2.078	2.098	0
1460	1.98	1.745	2.059	2.039	0
1461	2.02	1.784	2.02	1.961	0
1462	2.039	1.824	2.039	1.863	0
1463	2.02	1.902	2.078	1.843	0
1464	1.98	1.902	2.118	1.882	0
1465	1.843	1.941	2.098	2.039	0
1466	1.902	1.922	2.078	2.176	0
1467	2.078	2.0	2.098	2.235	0
1468	2.098	2.078	2.098	2.098	0
1469	2.02	2.039	2.039	1.941	0
1470	2.0	2.098	2.059	1.804	0
1471	1.98	2.098	2.098	1.765	0
1472	1.98	2.078	2.118	1.843	0
1473	1.941	1.941	2.157	1.98	0
1474	1.922	1.843	2.137	2.137	0
1475	1.941	1.824	2.176	2.137	0
1476	1.941	1.824	2.137	2.176	0
1477	1.961	1.804	2.118	2.098	0
1478	1.961	1.824	2.118	2.0	0
1479	2.0	1.843	2.078	1.941	0
1480	2.039	1.902	2.118	1.922	0
1481	2.039	1.863	2.118	1.941	0
1482	2.02	1.843	2.098	2.02	0
1483	1.98	1.843	2.098	2.098	0
1484	2.059	1.922	2.078	2.176	0
1485	2.0	2.078	2.078	2.118	0
1486	2.078	2.039	2.059	2.0	0
1487	2.078	2.059	2.098	1.843	0
1488	2.098	2.02	2.078	1.804	0
1489	2.137	1.941	2.078	1.784	0
1490	2.098	1.843	2.098	1.902	0
1491	2.0	1.784	2.078	2.02	0
1492	2.0	1.745	2.176	2.157	0
1493	1.961	1.804	2.098	2.176	0
1494	1.961	1.725	2.078	2.098	0
1495	2.039	1.804	2.078	2.039	0
1496	2.039	1.824	2.098	1.941	0
1497	2.059	1.902	2.098	1.922	0
1498	2.039	1.843	2.098	1.922	0
1499	2.0	1.824	2.098	2.039	0
