time	channel1	channel2	channel3	channel4	class
0	2.0	2.039	2.118	1.98	2
1	1.941	2.098	2.059	1.98	2
2	1.922	2.059	2.039	2.098	2
3	2.02	1.922	2.039	2.098	2
4	2.078	1.922	2.0	2.078	2
5	2.078	1.98	2.0	1.961	2
6	2.098	1.882	2.098	1.882	2
7	2.059	1.941	2.118	1.882	2
8	2.078	1.804	2.118	1.902	2
9	2.216	1.725	2.196	1.902	2
10	2.137	1.706	2.255	1.922	2
11	1.863	1.686	2.098	2.02	2
12	1.922	1.608	2.118	2.059	2
13	2.137	1.549	2.176	2.02	2
14	2.02	1.588	2.02	1.98	2
15	2.078	1.804	2.059	1.922	2
16	1.882	1.843	2.098	1.902	2
17	2.039	1.922	2.059	1.961	2
18	1.98	2.039	2.02	2.059	2
19	1.902	2.118	2.098	2.137	2
20	1.922	1.961	2.098	2.235	2
21	1.98	1.804	2.118	2.137	2
22	2.039	1.784	2.059	2.02	2
23	2.118	1.745	1.961	1.902	2
24	2.02	1.843	1.902	1.804	2
25	2.078	1.922	1.902	1.804	2
26	2.098	1.98	1.922	1.863	2
27	1.98	1.961	1.98	1.922	2
28	1.804	2.078	1.941	2.039	2
29	1.843	2.098	2.0	2.098	2
30	1.941	2.098	2.0	2.118	2
31	1.941	2.039	2.02	2.078	2
32	2.0	1.98	1.98	1.98	2
33	1.98	1.941	1.941	1.863	2
34	1.922	2.078	2.059	1.863	2
35	1.843	2.176	2.118	1.922	2
36	1.941	2.078	2.078	2.039	2
37	1.941	2.059	2.0	2.059	2
38	1.961	2.118	1.98	2.039	2
39	1.863	2.235	2.137	2.039	2
40	1.961	2.0	2.176	1.98	2
41	2.039	1.843	2.118	1.961	2
42	2.118	1.745	2.118	1.843	2
43	2.118	1.745	2.176	1.804	2
44	1.922	1.765	2.176	1.843	2
45	1.784	1.765	2.098	1.882	2
46	1.843	1.824	2.0	2.0	2
47	1.922	1.882	1.98	1.98	2
48	1.902	1.863	2.059	1.961	2
49	1.98	1.98	2.157	1.961	2
50	1.961	2.0	2.098	1.941	2
51	1.961	1.922	2.039	1.922	2
52	1.863	1.863	2.078	1.961	2
53	1.863	1.882	2.118	2.039	2
54	1.98	1.941	2.196	2.196	2
55	1.961	1.902	2.098	2.118	2
56	2.02	1.882	2.137	2.078	2
57	2.039	1.882	2.098	2.02	2
58	2.059	1.902	2.059	1.941	2
59	2.137	1.941	2.118	1.882	2
60	2.098	1.882	2.216	1.922	2
61	2.0	1.824	2.235	2.0	2
62	1.902	1.784	2.137	2.098	2
63	1.961	1.824	2.078	2.176	2
64	2.02	1.882	2.216	2.118	2
65	1.961	1.941	2.216	2.118	2
66	2.039	2.02	2.275	2.098	2
67	2.0	2.137	2.157	2.059	2
68	1.961	2.098	1.98	2.0	2
69	1.804	2.02	1.98	2.02	2
70	1.941	2.02	2.118	2.059	2
71	2.078	2.039	2.196	2.039	2
72	2.0	2.078	2.098	2.118	2
73	1.961	2.098	2.0	2.039	2
74	1.922	2.039	1.98	2.0	2
75	1.961	2.137	2.176	1.922	2
76	2.078	1.98	2.176	1.882	2
77	2.118	1.804	2.039	1.882	2
78	1.98	1.784	2.0	1.922	2
79	1.784	1.804	2.0	1.961	2
80	1.824	1.804	1.922	1.98	2
81	1.902	1.843	1.922	1.98	2
82	1.922	1.98	1.98	1.941	2
83	2.0	2.039	2.039	1.922	2
84	1.961	1.961	2.039	1.863	2
85	2.02	1.961	2.039	1.882	2
86	1.902	1.941	2.059	1.961	2
87	2.0	1.882	2.059	2.059	2
88	2.02	1.863	1.902	2.039	2
89	2.0	1.961	1.941	1.941	2
90	1.863	2.137	2.02	1.961	2
91	1.941	2.0	2.0	1.922	2
92	2.059	1.863	2.039	1.902	2
93	2.157	1.804	2.157	1.902	2
94	2.157	1.824	2.196	1.902	2
95	2.02	1.941	2.294	1.941	2
96	1.824	1.98	2.294	2.059	2
97	1.804	1.863	2.02	2.118	2
98	1.922	1.843	1.902	2.098	2
99	1.98	1.843	2.118	2.02	2
100	2.098	1.902	2.137	1.98	2
101	2.039	1.843	2.196	1.961	2
102	2.059	1.824	2.392	1.98	2
103	1.98	1.824	2.275	2.02	2
104	1.882	1.843	2.0	2.078	2
105	1.784	2.157	2.039	2.137	2
106	1.902	2.176	2.059	2.137	2
107	2.0	2.0	2.059	2.059	2
108	2.137	1.745	2.02	1.882	2
109	2.078	1.745	2.137	1.765	2
110	2.137	1.804	2.118	1.725	2
111	2.137	1.784	2.098	1.804	2
112	2.0	1.706	2.059	1.922	2
113	1.784	1.804	2.02	2.039	2
114	1.765	1.882	2.02	2.176	2
115	1.922	1.961	1.922	2.098	2
116	1.922	1.863	1.922	1.98	2
117	1.961	1.882	1.922	1.863	2
118	1.882	2.078	2.157	1.882	2
119	2.0	2.039	2.078	2.02	2
120	1.922	1.863	1.98	2.078	2
121	1.863	1.824	1.941	2.118	2
122	1.863	1.882	2.039	2.0	2
123	1.98	2.039	2.353	2.02	2
124	1.941	2.176	2.49	2.157	2
125	2.0	1.961	2.0	2.137	2
126	2.02	1.882	1.529	2.0	2
127	2.059	1.98	1.902	1.882	2
128	2.216	1.961	2.451	1.863	2
129	2.118	1.882	2.333	1.961	2
130	1.863	1.902	2.02	2.039	2
131	1.784	1.941	2.039	2.098	2
132	2.039	2.098	2.0	2.039	2
133	2.02	2.118	2.078	2.02	2
134	1.843	2.216	2.118	2.0	2
135	1.902	2.039	2.039	2.02	2
136	2.078	1.98	1.902	1.961	2
137	1.98	2.0	1.902	1.961	2
138	1.961	2.02	1.941	1.98	2
139	1.922	2.098	1.98	2.039	2
140	1.824	2.176	1.961	2.02	2
141	1.922	2.157	1.961	1.941	2
142	2.02	1.882	1.98	1.863	2
143	2.039	1.922	2.059	1.882	2
144	2.078	1.961	2.157	1.941	2
145	2.02	1.745	2.137	2.0	2
146	1.902	1.765	2.118	2.02	2
147	1.863	1.863	2.098	2.0	2
148	1.902	1.922	2.098	1.98	2
149	2.078	1.843	2.176	1.961	2
150	2.02	1.824	2.137	1.902	2
151	2.059	1.824	2.118	1.922	2
152	1.961	1.98	2.059	2.0	2
153	1.961	2.059	2.078	2.02	2
154	1.902	2.059	2.176	2.137	2
155	1.843	2.02	2.118	2.118	2
156	2.098	1.941	2.137	2.039	2
157	2.235	1.961	2.137	2.059	2
158	2.176	1.941	2.02	1.961	2
159	2.078	1.784	1.98	1.922	2
160	2.0	1.824	2.059	1.882	2
161	1.98	1.902	2.098	1.824	2
162	2.118	1.902	2.078	1.804	2
163	2.078	1.863	2.176	1.882	2
164	1.863	1.902	2.176	2.039	2
165	1.863	2.0	2.02	2.196	2
166	2.059	1.98	2.039	2.137	2
167	2.039	1.824	2.059	2.02	2
168	2.078	2.0	2.235	1.922	2
169	2.059	1.98	2.196	1.882	2
170	1.961	1.824	2.098	1.882	2
171	1.804	2.0	2.216	2.0	2
172	1.882	2.196	2.176	2.118	2
173	2.0	2.235	2.216	2.157	2
174	1.98	1.863	2.118	2.176	2
175	2.0	1.843	2.039	2.039	2
176	1.98	1.882	2.0	1.922	2
177	2.0	1.941	2.059	1.863	2
178	2.078	1.902	2.196	1.843	2
179	2.098	1.882	2.216	1.863	2
180	1.941	1.686	2.098	1.922	2
181	1.725	1.706	2.078	1.98	2
182	1.745	1.647	1.98	2.039	2
183	1.843	1.745	1.922	2.059	2
184	1.902	1.922	1.961	2.078	2
185	1.941	2.039	2.078	2.039	2
186	1.804	1.922	2.098	1.98	2
187	1.863	1.98	2.039	1.941	2
188	1.784	1.902	2.078	1.98	2
189	1.765	1.98	2.137	2.039	2
190	1.843	2.02	2.02	2.118	2
191	1.961	2.059	1.784	2.157	2
192	1.882	2.059	1.941	2.078	2
193	1.98	1.941	2.157	2.0	2
194	1.98	1.922	2.235	1.98	2
195	2.059	1.784	2.176	1.922	2
196	2.039	1.647	2.196	1.882	2
197	2.02	1.686	2.235	1.902	2
198	1.922	1.843	2.02	2.0	2
199	1.882	1.765	1.961	2.02	2
200	2.059	1.667	1.941	1.941	2
201	2.0	1.667	1.902	1.863	2
202	2.039	1.765	2.0	1.863	2
203	1.922	1.843	2.059	1.941	2
204	1.863	1.765	2.157	2.0	2
205	1.922	1.765	2.078	2.059	2
206	2.059	1.902	2.137	2.059	2
207	2.02	2.02	2.0	2.0	2
208	1.941	1.863	1.863	1.902	2
209	1.882	1.98	1.98	1.961	2
210	1.922	1.882	2.078	1.98	2
211	2.02	1.882	2.098	1.961	2
212	2.137	1.922	2.078	1.98	2
213	2.059	1.882	2.137	1.941	2
214	1.98	1.882	2.216	1.98	2
215	1.784	1.882	2.02	2.02	2
216	1.784	1.961	2.02	2.098	2
217	1.863	2.098	2.078	2.098	2
218	1.882	2.02	2.098	2.157	2
219	2.078	2.059	2.078	2.078	2
220	2.039	2.078	2.176	2.0	2
221	2.059	2.02	2.098	1.941	2
222	2.02	2.0	1.98	1.882	2
223	1.961	2.02	2.098	1.98	2
224	1.941	2.157	2.078	2.078	2
225	1.941	2.235	1.98	2.176	2
226	1.922	2.235	2.02	2.137	2
227	2.039	1.922	2.0	2.0	2
228	2.216	1.941	2.039	1.843	2
229	2.216	1.961	2.137	1.725	2
230	2.157	1.98	1.941	1.706	2
231	2.039	1.961	1.922	1.784	2
232	1.843	1.941	2.176	2.02	2
233	1.725	2.0	2.235	2.235	2
234	1.902	1.922	2.059	2.255	2
235	2.098	1.843	1.765	2.137	2
236	2.098	1.882	1.941	1.902	2
237	2.02	1.882	2.118	1.804	2
238	2.078	2.02	2.216	1.882	2
239	1.98	2.039	2.137	2.098	2
240	1.804	2.059	2.0	2.275	2
241	1.882	2.078	2.02	2.294	2
242	2.0	2.078	2.235	2.275	2
243	2.137	2.0	2.098	2.078	2
244	2.078	1.745	1.98	1.922	2
245	2.078	1.843	2.118	1.902	2
246	2.196	1.922	2.255	1.941	2
247	2.176	1.824	2.216	1.98	2
248	2.02	1.667	2.216	2.059	2
249	1.824	1.569	2.059	2.059	2
250	1.784	1.627	2.039	1.98	2
251	2.039	1.961	2.137	1.961	2
252	2.02	1.902	2.137	1.961	2
253	2.118	1.843	2.157	1.941	2
254	2.039	1.843	2.098	1.941	2
255	1.941	1.784	2.02	1.922	2
256	1.784	1.941	2.275	2.0	2
257	1.804	1.667	2.235	2.02	2
258	1.961	1.51	1.98	2.02	2
259	2.118	1.51	1.961	2.02	2
260	1.941	1.51	1.98	1.902	2
261	1.941	1.784	2.137	1.863	2
262	2.039	1.843	2.255	1.843	2
263	2.118	1.804	2.176	1.863	2
264	2.098	1.765	2.137	1.882	2
265	1.98	1.706	2.137	1.98	2
266	1.804	1.667	2.157	2.039	2
267	1.863	1.549	2.098	2.039	2
268	1.902	1.765	1.902	2.0	2
269	1.804	1.902	2.078	1.98	2
270	1.863	1.98	2.157	1.961	2
271	1.922	2.176	2.137	1.941	2
272	1.98	2.333	2.078	1.961	2
273	1.902	2.216	2.137	1.941	2
274	1.902	2.098	2.078	1.961	2
275	1.922	2.118	1.922	2.02	2
276	1.922	2.118	1.922	1.961	2
277	2.039	2.196	2.059	2.02	2
278	2.02	2.176	2.098	2.02	2
279	1.902	2.118	2.255	1.98	2
280	2.059	2.216	2.431	1.882	2
281	2.039	1.863	2.137	1.824	2
282	1.902	1.627	1.902	1.784	2
283	1.804	1.843	1.882	1.882	2
284	1.961	2.098	2.098	2.098	2
285	2.098	2.078	2.314	2.216	2
286	1.961	1.902	2.176	2.176	2
287	2.0	1.843	1.941	2.02	2
288	1.98	1.941	2.059	1.882	2
289	2.039	2.039	2.137	1.824	2
290	1.961	1.98	2.078	1.941	2
291	1.961	1.922	2.098	2.078	2
292	2.098	1.961	2.02	2.216	2
293	1.961	2.196	2.157	2.176	2
294	2.0	2.275	2.137	2.078	2
295	2.157	2.039	1.882	1.961	2
296	2.098	1.98	1.843	1.843	2
297	2.078	2.02	2.176	1.902	2
298	2.0	2.0	2.157	2.0	2
299	2.02	1.882	2.098	2.039	2
300	1.922	1.961	1.961	2.039	2
301	1.961	2.137	2.0	1.98	2
302	2.039	2.216	2.078	2.0	2
303	1.941	2.137	2.078	2.078	2
304	2.0	2.078	2.0	2.098	2
305	1.98	2.039	1.941	2.098	2
306	1.98	2.039	2.039	2.039	2
307	1.922	2.039	2.098	2.039	2
308	1.863	2.0	2.039	2.039	2
309	1.824	1.941	1.922	2.078	2
310	2.0	2.118	1.941	2.098	2
311	1.98	2.49	2.098	2.039	2
312	1.961	2.118	2.078	2.02	2
313	2.039	1.784	2.039	1.922	2
314	2.157	1.627	2.078	1.863	2
315	2.118	1.784	2.137	1.843	2
316	2.118	1.902	2.098	1.882	2
317	1.882	1.882	2.02	1.961	2
318	1.784	2.039	1.98	2.078	2
319	1.784	2.02	2.039	2.039	2
320	1.941	1.961	2.078	2.039	2
321	2.137	2.02	2.157	2.02	2
322	2.078	2.0	2.176	1.98	2
323	2.039	1.922	2.118	1.941	2
324	2.0	1.843	2.039	1.961	2
325	1.98	1.843	2.02	2.0	2
326	1.882	1.882	2.078	2.039	2
327	2.078	1.922	2.098	2.157	2
328	1.98	2.02	2.196	2.137	2
329	2.039	1.824	2.176	2.059	2
330	2.098	1.667	2.078	1.922	2
331	2.118	1.431	2.098	1.804	2
332	2.157	1.451	2.235	1.765	2
333	2.118	1.765	2.275	1.843	2
334	1.922	1.882	2.137	2.078	2
335	1.843	1.725	2.118	2.118	2
336	1.922	1.706	2.196	2.118	2
337	1.902	1.686	2.137	2.059	2
338	2.02	1.647	1.922	1.882	2
339	2.02	1.745	1.902	1.804	2
340	2.02	1.824	2.196	1.804	2
341	1.941	1.667	2.255	1.902	2
342	1.941	1.667	2.137	2.078	2
343	2.02	1.745	2.059	2.137	2
344	2.039	1.922	2.059	2.02	2
345	2.059	1.902	2.078	1.98	2
346	2.078	1.824	1.902	1.941	2
347	1.941	1.686	2.0	1.902	2
348	2.059	1.294	2.059	1.863	2
349	1.98	1.569	2.157	1.882	2
350	2.02	1.647	2.255	1.922	2
351	2.02	1.569	2.176	2.02	2
352	1.98	1.765	1.941	2.059	2
353	2.0	1.961	1.882	2.157	2
354	1.784	2.0	2.02	2.137	2
355	1.941	1.961	2.255	2.137	2
356	2.0	1.902	2.137	2.039	2
357	1.98	1.863	2.118	2.02	2
358	1.882	1.98	2.196	2.098	2
359	1.804	2.176	2.235	2.216	2
360	1.863	2.314	2.098	2.373	2
361	1.882	2.255	2.0	2.314	2
362	1.902	2.235	2.118	2.176	2
363	2.02	2.137	2.098	2.098	2
364	2.216	2.196	2.02	2.039	2
365	2.098	2.059	2.176	1.961	2
366	1.941	1.961	2.157	1.922	2
367	1.961	1.843	2.137	1.941	2
368	1.863	2.02	2.176	2.02	2
369	1.863	1.745	2.039	2.137	2
370	1.941	1.824	1.98	2.098	2
371	1.961	1.824	2.118	2.078	2
372	2.02	1.922	2.0	1.98	2
373	1.843	1.922	1.961	1.882	2
374	1.922	1.98	2.02	1.824	2
375	1.98	1.902	1.922	1.843	2
376	1.902	1.784	1.961	1.961	2
377	1.922	1.863	1.961	2.0	2
378	2.039	1.902	2.059	2.098	2
379	1.922	1.843	2.02	2.0	2
380	2.02	1.98	2.098	1.922	2
381	2.0	2.02	2.039	1.824	2
382	2.098	1.941	2.039	1.784	2
383	2.098	1.922	2.078	1.804	2
384	1.941	1.843	2.039	1.863	2
385	1.843	1.941	1.922	1.98	2
386	1.863	1.961	1.98	2.0	2
387	1.961	2.196	2.118	1.941	2
388	1.922	2.059	2.059	1.863	2
389	1.98	2.02	2.0	1.784	2
390	1.961	2.196	2.039	1.765	2
391	1.98	2.255	2.098	1.824	2
392	1.882	2.118	2.02	1.941	2
393	1.882	1.922	2.02	2.0	2
394	2.0	1.941	1.98	1.961	2
395	1.98	2.059	2.137	1.961	2
396	1.882	2.0	2.157	1.961	2
397	2.0	1.863	1.843	1.902	2
398	2.059	1.863	1.922	1.843	2
399	2.098	2.0	2.098	1.843	2
400	2.078	1.922	2.176	1.863	2
401	2.039	1.843	2.176	1.941	2
402	1.863	1.843	2.059	2.02	2
403	1.882	1.784	2.118	2.02	2
404	1.961	1.902	2.039	2.137	2
405	1.922	1.922	2.02	2.137	2
406	2.0	2.039	2.039	2.118	2
407	2.02	2.0	2.157	2.059	2
408	1.961	1.941	2.118	2.059	2
409	1.941	2.137	2.098	2.039	2
410	1.922	2.118	2.118	2.118	2
411	1.961	2.078	2.137	2.255	2
412	1.882	2.0	2.118	2.216	2
413	1.922	2.176	2.0	2.118	2
414	1.961	2.078	2.02	1.98	2
415	2.0	1.902	2.176	1.941	2
416	2.078	1.686	2.176	1.882	2
417	2.098	1.843	2.137	1.902	2
418	1.98	2.098	2.157	1.961	2
419	1.804	1.98	2.157	2.078	2
420	1.784	1.686	2.157	2.176	2
421	1.824	1.725	2.02	2.039	2
422	1.961	1.863	2.137	2.0	2
423	2.059	1.863	2.216	1.961	2
424	2.02	1.608	2.059	1.922	2
425	2.0	1.569	2.118	1.941	2
426	1.824	1.863	2.157	2.02	2
427	1.863	2.039	2.098	2.118	2
428	2.118	1.902	2.078	2.176	2
429	2.02	1.745	2.157	2.059	2
430	2.078	1.902	2.235	1.941	2
431	2.078	1.824	1.98	1.863	2
432	2.039	1.686	2.059	1.824	2
433	2.098	1.627	2.333	1.863	2
434	2.157	1.627	2.216	1.922	2
435	2.235	1.784	2.0	1.902	2
436	1.98	1.667	2.02	1.941	2
437	1.882	1.686	2.176	1.98	2
438	2.039	2.039	2.196	2.02	2
439	1.98	2.255	2.098	2.039	2
440	2.098	2.196	2.255	2.039	2
441	2.02	2.059	2.098	2.02	2
442	1.882	1.98	1.922	1.922	2
443	1.824	1.961	1.98	1.902	2
444	1.98	2.176	2.275	2.0	2
445	2.137	2.137	2.118	2.039	2
446	2.078	1.941	1.961	2.098	2
447	2.02	1.882	2.0	2.039	2
448	1.98	2.02	2.078	1.961	2
449	1.882	2.235	2.137	1.98	2
450	2.0	2.333	2.059	2.02	2
451	2.0	2.235	2.314	2.059	2
452	1.961	1.745	2.294	2.078	2
453	1.882	1.745	1.784	2.02	2
454	1.765	2.0	1.941	1.961	2
455	1.902	1.98	2.275	2.039	2
456	1.882	1.941	1.98	2.059	2
457	1.941	2.176	1.765	2.02	2
458	1.863	2.098	1.941	1.961	2
459	1.843	2.039	2.078	1.941	2
460	1.804	2.059	2.157	2.039	2
461	1.804	2.157	2.078	2.157	2
462	1.882	2.078	1.961	2.255	2
463	1.882	2.02	1.902	2.098	2
464	1.843	2.0	1.98	2.02	2
465	1.882	1.902	1.961	1.863	2
466	1.863	1.784	1.902	1.765	2
467	2.02	1.804	1.843	1.725	2
468	2.098	1.745	1.98	1.804	2
469	1.98	1.667	2.118	1.941	2
470	1.765	1.588	2.078	2.059	2
471	1.745	1.588	2.0	2.157	2
472	1.902	1.745	1.882	2.039	2
473	1.961	1.882	2.02	1.922	2
474	1.961	1.804	2.039	1.804	2
475	1.941	1.784	1.98	1.824	2
476	2.0	1.706	1.98	1.882	2
477	1.882	1.765	2.078	2.059	2
478	1.784	1.745	2.176	2.176	2
479	1.961	1.863	2.137	2.157	2
480	2.02	2.0	2.098	2.118	2
481	2.02	1.863	2.098	1.98	2
482	2.0	1.686	2.0	1.902	2
483	2.02	1.765	2.039	1.824	2
484	2.078	1.765	2.118	1.824	2
485	2.098	1.686	2.098	1.843	2
486	2.059	1.647	2.137	1.922	2
487	1.863	1.706	2.118	2.0	2
488	1.863	1.745	2.176	2.118	2
489	2.02	1.824	2.078	2.118	2
490	1.941	1.804	2.118	2.078	2
491	2.02	1.765	2.118	1.98	2
492	1.98	1.804	1.98	1.882	2
493	2.0	1.824	2.078	1.863	2
494	1.941	1.765	2.176	1.961	2
495	1.922	1.922	2.098	2.059	2
496	2.059	2.098	2.059	2.157	2
497	2.0	2.02	2.098	2.157	2
498	1.941	1.824	2.118	2.059	2
499	2.059	1.863	2.098	2.0	2
500	2.078	1.843	2.118	1.961	2
501	2.157	1.784	2.157	1.882	2
502	2.196	1.843	2.255	1.902	2
503	2.137	1.863	2.235	1.98	2
504	1.961	1.882	2.176	2.039	2
505	1.902	1.941	2.118	2.078	2
506	2.02	2.039	2.176	2.118	2
507	2.039	2.0	2.216	2.118	2
508	2.118	2.078	2.157	2.098	2
509	2.039	2.0	2.137	2.039	2
510	2.078	1.961	2.235	2.0	2
511	2.02	1.98	2.255	2.039	2
512	1.902	1.902	2.196	2.078	2
513	2.039	1.882	2.157	2.137	2
514	2.059	1.882	2.059	2.059	2
515	2.039	2.039	2.196	2.078	2
516	2.098	2.118	2.275	2.039	2
517	2.098	2.078	2.235	2.0	2
518	2.039	1.843	2.137	1.941	2
519	2.0	1.706	1.902	1.843	2
520	1.98	1.824	2.118	1.824	2
521	1.941	1.765	2.275	1.941	2
522	1.941	1.725	2.118	2.02	2
523	2.0	1.961	2.059	2.078	2
524	1.882	1.961	1.961	2.078	2
525	1.98	1.98	2.059	1.961	2
526	2.039	2.255	2.098	1.863	2
527	2.0	2.118	2.098	1.843	2
528	1.922	2.059	2.118	1.922	2
529	1.882	2.078	1.941	2.039	2
530	1.922	2.196	1.745	2.02	2
531	1.824	2.216	1.941	2.137	2
532	1.706	2.196	2.137	2.098	2
533	2.0	1.863	2.0	2.0	2
534	2.078	1.98	2.02	1.882	2
535	2.098	2.157	2.235	1.863	2
536	2.039	1.941	2.098	1.863	2
537	1.961	1.824	1.941	1.863	2
538	1.686	1.941	1.941	1.961	2
539	1.784	2.255	1.961	2.039	2
540	1.804	2.098	2.02	2.118	2
541	1.804	1.961	2.039	2.098	2
542	1.902	2.078	1.922	2.039	2
543	1.882	2.039	2.078	1.941	2
544	1.843	1.961	2.039	1.882	2
545	1.804	2.098	2.0	1.902	2
546	1.882	2.255	2.059	2.0	2
547	1.902	2.176	1.961	2.157	2
548	1.824	2.0	1.882	2.137	2
549	1.843	1.98	1.922	2.059	2
550	1.941	1.941	2.137	1.922	2
551	1.98	1.843	2.039	1.843	2
552	2.118	1.843	2.02	1.784	2
553	2.137	1.725	2.098	1.824	2
554	2.0	1.667	2.098	1.941	2
555	1.804	1.745	1.882	2.0	2
556	1.902	1.843	1.863	2.039	2
557	1.941	1.922	2.176	2.118	2
558	2.0	1.804	2.235	2.098	2
559	2.059	1.706	2.137	2.02	2
560	2.039	1.863	2.118	1.941	2
561	2.039	1.902	2.0	1.922	2
562	1.941	1.843	1.922	1.961	2
563	1.902	1.824	1.961	2.039	2
564	2.02	1.941	2.098	2.098	2
565	2.039	2.0	2.098	2.137	2
566	2.02	2.02	2.078	2.098	2
567	2.039	1.784	2.0	2.039	2
568	2.0	1.784	2.02	1.922	2
569	2.098	1.824	2.078	1.843	2
570	2.137	1.745	2.078	1.804	2
571	2.078	1.725	2.157	1.824	2
572	1.882	1.765	2.078	1.941	2
573	1.804	1.725	1.941	2.039	2
574	2.02	1.784	1.98	2.078	2
575	2.078	1.804	2.039	2.078	2
576	2.059	1.804	2.039	1.961	2
577	2.02	1.882	2.118	1.902	2
578	2.02	1.961	2.176	1.922	2
579	1.941	1.941	2.118	2.02	2
580	1.922	1.902	2.059	2.078	2
581	2.098	1.941	2.118	2.078	2
582	2.0	1.922	2.196	2.02	2
583	1.941	1.902	2.216	1.98	2
584	2.098	1.902	2.157	1.922	2
585	2.118	1.922	1.98	1.902	2
586	2.157	1.824	2.176	1.902	2
587	2.098	1.765	2.216	1.863	2
588	1.98	1.725	2.157	1.941	2
589	1.863	1.706	2.137	1.98	2
590	1.882	1.745	2.118	2.098	2
591	1.882	1.784	2.137	2.137	2
592	1.902	1.902	2.059	2.078	2
593	2.02	1.922	2.02	1.961	2
594	1.961	1.843	2.02	1.902	2
595	1.922	1.824	2.157	1.902	2
596	1.922	2.059	2.216	1.98	2
597	1.941	2.098	2.0	2.118	2
598	1.961	1.882	2.039	2.176	2
599	1.941	1.922	2.137	2.157	2
600	1.922	2.078	2.176	2.157	2
601	2.0	1.98	2.118	2.059	2
602	2.02	1.98	2.157	2.0	2
603	2.137	2.02	2.137	1.941	2
604	2.216	2.039	2.137	1.882	2
605	2.098	1.922	2.216	1.922	2
606	1.863	1.824	2.098	2.02	2
607	1.804	1.922	2.137	2.098	2
608	2.0	2.098	2.118	2.235	2
609	1.98	2.02	2.176	2.235	2
610	2.078	1.961	2.255	2.098	2
611	2.0	1.98	2.157	1.961	2
612	2.0	2.0	1.824	1.882	2
613	1.98	2.098	2.039	1.882	2
614	1.902	2.235	2.176	2.039	2
615	1.902	1.941	1.98	2.078	2
616	2.039	1.863	2.02	2.137	2
617	2.02	2.118	2.176	2.157	2
618	2.02	2.216	2.118	2.098	2
619	1.961	2.059	2.059	1.941	2
620	2.059	1.784	2.157	1.882	2
621	2.137	1.824	2.176	1.804	2
622	2.157	2.02	2.118	1.863	2
623	1.804	2.078	1.863	1.98	2
624	1.824	1.941	1.922	1.98	2
625	1.941	2.0	1.98	2.0	2
626	1.824	2.196	2.196	2.078	2
627	1.882	2.078	2.235	2.098	2
628	2.078	2.039	1.98	2.039	2
629	1.98	2.02	2.039	1.922	2
630	1.843	1.961	2.216	1.902	2
631	1.922	2.039	1.98	1.922	2
632	2.059	2.157	1.765	1.961	2
633	1.941	2.098	1.98	1.98	2
634	1.98	2.157	2.078	2.02	2
635	2.0	2.078	2.078	2.059	2
636	2.039	1.98	2.157	1.98	2
637	2.059	1.765	2.059	1.902	2
638	2.059	1.686	1.882	1.765	2
639	2.02	1.784	1.882	1.745	2
640	1.843	1.902	2.059	1.863	2
641	1.863	1.882	1.941	2.039	2
642	1.902	1.902	2.039	2.137	2
643	1.941	1.843	1.941	2.098	2
644	2.0	1.961	2.059	1.98	2
645	1.902	1.902	2.098	1.902	2
646	1.882	1.863	2.059	1.902	2
647	1.804	1.804	2.039	1.941	2
648	1.843	1.804	1.922	2.02	2
649	1.961	1.902	2.0	2.039	2
650	1.98	1.922	2.176	2.157	2
651	1.902	1.922	2.137	2.118	2
652	1.98	1.824	2.059	2.02	2
653	1.98	1.765	2.078	1.922	2
654	2.039	1.686	2.059	1.863	2
655	2.039	1.647	2.137	1.863	2
656	2.059	1.706	2.216	1.922	2
657	1.902	1.686	2.216	2.039	2
658	1.902	1.745	2.196	2.118	2
659	1.882	1.667	2.157	2.196	2
660	1.98	1.627	1.922	2.118	2
661	2.02	1.843	2.078	1.961	2
662	2.039	1.902	2.118	1.902	2
663	2.0	1.843	2.176	1.922	2
664	1.922	1.725	2.157	2.0	2
665	1.882	1.686	2.059	2.118	2
666	1.961	1.882	2.118	2.137	2
667	2.039	1.98	2.137	2.078	2
668	1.941	1.98	2.078	2.078	2
669	2.0	1.784	2.0	2.02	2
670	2.02	1.765	2.059	1.902	2
671	2.118	1.863	2.118	1.882	2
672	2.118	1.765	2.118	1.824	2
673	2.078	1.745	2.157	1.843	2
674	1.902	1.843	2.137	1.902	2
675	1.863	1.804	2.059	1.98	2
676	1.98	2.02	1.98	2.059	2
677	1.922	1.961	2.059	2.078	2
678	2.039	1.961	2.137	1.961	2
679	2.0	2.02	2.137	1.882	2
680	1.98	2.039	2.098	1.863	2
681	1.902	2.02	2.078	1.882	2
682	1.863	2.02	2.078	2.0	2
683	1.961	2.059	2.059	2.078	2
684	2.059	2.078	2.176	2.098	2
685	1.98	2.176	2.294	2.098	2
686	2.059	2.059	2.196	1.98	2
687	1.961	1.882	2.118	1.902	2
688	2.078	1.961	2.137	1.843	2
689	2.157	1.922	2.235	1.843	2
690	2.078	1.882	2.157	1.922	2
691	1.824	1.824	2.059	2.0	2
692	1.804	1.941	2.196	2.235	2
693	1.941	1.98	2.235	2.176	2
694	2.059	2.039	2.137	2.157	2
695	2.02	2.02	2.118	2.039	2
696	1.922	1.922	2.098	1.941	2
697	2.059	2.098	2.059	1.902	2
698	2.0	2.059	2.098	1.922	2
699	1.922	1.941	2.039	1.98	2
700	1.941	1.98	2.039	2.059	2
701	1.922	1.961	2.059	2.118	2
702	1.98	2.118	2.078	2.118	2
703	2.059	1.922	1.98	2.039	2
704	2.059	1.882	1.98	1.902	2
705	2.098	1.863	2.098	1.824	2
706	2.137	1.941	2.157	1.843	2
707	2.098	1.922	2.039	1.922	2
708	1.961	1.804	1.961	2.039	2
709	1.902	1.902	2.059	2.039	2
710	1.941	1.98	2.02	2.078	2
711	1.804	1.863	2.039	2.059	2
712	1.941	1.902	1.922	1.98	2
713	2.02	2.0	1.941	1.941	2
714	2.039	2.098	2.098	1.922	2
715	1.98	2.059	2.098	1.98	2
716	1.863	2.059	2.039	2.039	2
717	1.961	2.0	1.98	2.078	2
718	1.941	2.039	2.02	2.098	2
719	1.922	2.078	2.059	2.078	2
720	1.941	1.922	2.0	1.98	2
721	2.0	1.882	2.02	1.882	2
722	2.137	1.98	2.039	1.843	2
723	2.137	1.922	2.039	1.804	2
724	2.059	1.863	2.176	1.902	2
725	1.804	1.902	2.176	2.0	2
726	1.804	1.863	1.902	2.098	2
727	1.882	1.843	1.824	2.039	2
728	1.902	1.745	1.863	1.922	2
729	1.98	1.98	2.137	1.902	2
730	1.961	2.098	2.157	1.922	2
731	1.902	2.137	2.098	1.98	2
732	1.863	2.039	2.078	2.0	2
733	1.922	1.98	1.98	2.0	2
734	2.0	2.0	2.078	2.0	2
735	2.02	2.039	2.353	2.059	2
736	1.922	2.078	2.137	2.078	2
737	2.039	1.98	1.725	2.0	2
738	1.98	1.824	1.961	1.902	2
739	2.0	1.745	2.137	1.784	2
740	2.137	1.863	2.196	1.765	2
741	2.078	1.843	2.098	1.843	2
742	1.804	1.686	2.059	1.98	2
743	1.745	1.784	2.098	2.098	2
744	1.922	1.824	2.157	2.098	2
745	1.98	1.765	2.078	2.137	2
746	2.02	1.843	2.078	2.02	2
747	1.98	1.804	2.078	1.98	2
748	1.961	1.784	2.118	1.941	2
749	1.922	1.804	2.078	1.922	2
750	1.902	1.843	2.137	2.059	2
751	1.98	1.784	1.98	2.098	2
752	2.0	1.765	1.843	2.118	2
753	1.922	1.961	2.235	2.118	2
754	2.078	1.843	2.294	2.118	2
755	2.039	1.686	2.157	2.059	2
756	2.118	1.608	1.941	1.902	2
757	2.118	1.608	2.098	1.843	2
758	2.02	1.647	2.216	1.804	2
759	1.824	1.725	2.157	1.941	2
760	1.843	1.745	2.039	2.039	2
761	2.0	1.863	2.039	2.098	2
762	2.0	1.824	2.0	2.078	2
763	2.059	1.765	2.059	2.039	2
764	2.0	1.824	2.078	1.98	2
765	2.02	1.922	2.078	1.922	2
766	2.0	1.98	1.98	1.902	2
767	1.922	1.961	2.0	1.922	2
768	1.98	1.941	2.098	2.02	2
769	2.039	1.961	2.118	2.078	2
770	2.059	2.039	2.137	2.137	2
771	2.078	1.922	2.0	2.078	2
772	2.02	1.843	1.922	1.922	2
773	2.098	1.882	2.039	1.843	2
774	2.118	1.902	2.196	1.824	2
775	2.078	1.922	2.275	1.902	2
776	1.941	1.941	2.137	2.039	2
777	1.843	1.804	2.078	2.137	2
778	1.863	1.765	2.0	2.137	2
779	2.02	1.961	1.961	2.059	2
780	2.02	1.98	2.02	2.02	2
781	1.941	1.941	2.02	1.941	2
782	1.941	2.078	2.078	1.922	2
783	1.922	2.137	2.137	1.961	2
784	1.863	2.059	2.098	2.039	2
785	1.922	2.039	2.039	2.02	2
786	2.059	2.098	2.02	1.98	2
787	1.98	2.137	2.118	2.0	2
788	2.059	2.039	2.059	1.961	2
789	2.02	1.98	2.078	1.941	2
790	2.118	1.941	2.118	1.902	2
791	2.176	1.922	2.157	1.843	2
792	2.118	1.922	2.118	1.863	2
793	1.941	1.922	2.098	1.922	2
794	1.882	2.0	2.157	2.039	2
795	1.941	2.098	2.255	2.137	2
796	2.059	2.078	2.196	2.157	2
797	2.039	1.961	2.02	2.039	2
798	2.039	1.882	2.118	1.902	2
799	2.059	1.98	2.176	1.863	2
800	1.98	2.0	2.098	1.882	2
801	2.0	2.039	2.196	2.0	2
802	2.0	2.157	2.314	2.216	2
803	1.824	2.118	2.176	2.314	2
804	1.843	1.961	2.039	2.176	2
805	2.059	1.882	1.961	2.0	2
806	2.059	2.039	2.078	1.902	2
807	1.98	2.059	2.255	1.902	2
808	2.059	1.863	2.137	1.922	2
809	2.039	1.608	2.059	1.922	2
810	1.824	1.588	2.0	1.941	2
811	1.745	1.686	2.098	2.0	2
812	1.863	1.922	2.039	2.078	2
813	1.961	2.039	2.078	2.118	2
814	1.863	2.059	2.059	2.118	2
815	1.843	2.039	2.039	2.059	2
816	1.882	1.961	2.02	1.98	2
817	1.882	1.902	2.02	1.941	2
818	1.863	1.922	2.078	1.922	2
819	1.922	2.0	2.118	1.961	2
820	1.824	2.02	2.098	2.059	2
821	1.882	2.098	1.961	2.098	2
822	2.0	2.039	1.902	2.098	2
823	1.922	1.98	2.098	1.98	2
824	2.039	2.0	2.157	1.843	2
825	2.118	1.961	2.216	1.804	2
826	2.039	1.902	2.275	1.882	2
827	1.804	1.843	1.922	1.961	2
828	1.843	1.843	1.902	2.059	2
829	1.98	1.882	2.078	2.059	2
830	2.02	1.961	2.157	2.078	2
831	1.941	1.941	2.0	2.039	2
832	1.961	1.863	1.98	1.941	2
833	1.98	1.882	1.98	1.882	2
834	1.902	1.843	2.0	1.922	2
835	1.882	1.843	2.0	2.0	2
836	1.961	1.863	1.961	2.118	2
837	1.941	1.961	1.961	2.039	2
838	1.922	1.863	1.98	1.98	2
839	1.961	1.784	2.0	1.941	2
840	2.0	1.804	2.02	1.922	2
841	2.118	1.784	2.039	1.843	2
842	2.137	1.686	2.059	1.804	2
843	2.059	1.667	2.137	1.824	2
844	1.902	1.745	2.059	1.902	2
845	1.843	1.784	1.882	2.137	2
846	1.902	1.863	2.157	2.196	2
847	2.039	1.863	2.235	2.157	2
848	2.039	1.824	2.157	2.02	2
849	2.039	1.863	2.0	1.882	2
850	1.98	1.863	1.98	1.784	2
851	1.961	1.922	2.157	1.882	2
852	1.902	2.0	2.216	2.039	2
853	1.961	1.961	2.176	2.157	2
854	1.961	1.922	2.039	2.275	2
855	1.882	1.98	2.098	2.176	2
856	2.039	1.882	2.078	2.039	2
857	1.98	1.784	2.059	1.882	2
858	2.078	1.824	2.118	1.843	2
859	2.098	1.765	2.098	1.863	2
860	2.059	1.765	2.157	1.902	2
861	1.902	1.843	2.059	2.02	2
862	1.824	1.922	2.098	2.078	2
863	1.902	1.882	2.02	2.098	2
864	1.922	1.804	2.0	2.0	2
865	2.059	1.922	2.059	1.902	2
866	2.039	1.98	2.137	1.882	2
867	2.0	1.98	2.118	1.941	2
868	1.922	2.0	2.039	2.039	2
869	1.843	1.961	2.059	2.098	2
870	1.941	2.0	2.078	2.098	2
871	2.059	2.118	2.176	2.0	2
872	2.0	2.196	2.176	1.961	2
873	2.02	1.961	2.098	1.922	2
874	2.0	1.882	2.137	1.882	2
875	2.078	1.922	2.137	1.922	2
876	2.078	1.902	2.196	1.961	2
877	2.078	1.882	2.176	1.98	2
878	1.824	1.882	2.157	1.98	2
879	1.784	1.863	2.098	1.98	2
880	1.961	1.902	2.078	2.02	2
881	2.02	1.882	2.157	2.059	2
882	2.039	1.902	2.235	2.039	2
883	1.941	1.863	2.176	2.0	2
884	1.961	2.0	2.176	2.02	2
885	2.02	1.98	2.176	2.02	2
886	1.922	2.02	2.196	2.078	2
887	2.039	1.98	2.02	2.098	2
888	2.02	1.961	2.0	2.078	2
889	1.902	1.804	1.922	1.98	2
890	1.98	1.98	2.118	1.922	2
891	2.039	1.961	2.137	1.922	2
892	2.118	1.843	2.118	1.941	2
893	2.118	1.804	2.137	1.941	2
894	2.078	1.765	2.039	1.941	2
895	1.882	1.843	1.961	1.941	2
896	1.804	2.098	2.039	2.059	2
897	1.922	2.333	2.137	2.078	2
898	1.98	2.078	1.902	2.078	2
899	1.941	1.941	1.843	2.0	2
900	1.961	2.157	2.059	1.941	2
901	1.98	2.216	2.137	1.961	2
902	1.863	2.118	2.078	2.078	2
903	1.784	2.02	1.98	2.098	2
904	1.902	2.137	2.02	2.078	2
905	2.02	2.294	2.176	2.118	2
906	1.902	2.275	2.157	2.098	2
907	1.98	2.059	1.961	2.039	2
908	1.922	1.922	1.843	1.941	2
909	1.98	1.882	2.0	1.843	2
910	2.059	1.843	2.176	1.804	2
911	2.118	1.863	2.118	1.902	2
912	1.863	1.843	1.961	2.0	2
913	1.725	1.804	1.902	2.098	2
914	1.824	1.863	2.098	2.098	2
915	1.843	1.882	2.333	2.118	2
916	1.902	1.843	2.059	2.078	2
917	1.98	1.765	1.569	1.902	2
918	2.039	1.941	1.941	1.824	2
919	1.98	1.98	2.098	1.863	2
920	1.843	1.863	2.039	1.961	2
921	1.902	1.863	2.02	2.098	2
922	1.843	2.02	2.078	2.059	2
923	1.922	1.98	2.059	2.039	2
924	2.078	1.961	1.98	1.941	2
925	2.0	1.784	1.922	1.863	2
926	2.02	1.765	1.98	1.824	2
927	2.118	1.745	2.039	1.784	2
928	2.118	1.765	2.118	1.882	2
929	1.941	1.804	2.098	1.941	2
930	1.902	1.804	1.902	2.0	2
931	2.0	1.843	1.961	1.961	2
932	2.0	1.765	1.98	2.02	2
933	2.02	1.765	2.02	1.941	2
934	2.078	1.843	2.039	1.882	2
935	2.059	1.902	2.078	1.882	2
936	2.02	1.902	2.059	1.902	2
937	1.882	1.882	2.0	2.0	2
938	2.039	1.902	2.118	2.039	2
939	2.137	1.961	2.059	2.118	2
940	2.0	1.902	2.157	2.098	2
941	2.098	1.804	2.059	2.02	2
942	2.039	1.804	2.098	1.922	2
943	2.137	1.824	2.196	1.902	2
944	2.196	1.843	2.137	1.863	2
945	2.157	1.745	2.176	1.882	2
946	1.902	1.706	2.157	2.02	2
947	1.843	1.784	2.078	2.176	2
948	2.0	1.882	2.157	2.216	2
949	2.039	1.863	2.176	2.176	2
950	2.039	1.843	2.157	2.118	2
951	2.078	1.961	2.157	2.039	2
952	2.039	2.0	2.176	2.0	2
953	1.902	1.961	2.078	2.02	2
954	1.882	2.0	2.078	2.098	2
955	1.98	2.0	2.118	2.176	2
956	2.098	2.039	2.196	2.137	2
957	2.0	2.039	2.216	2.157	2
958	2.059	1.961	2.039	2.059	2
959	2.02	1.902	2.078	1.941	2
960	2.078	1.882	2.118	1.843	2
961	2.118	1.882	2.118	1.784	2
962	2.078	1.824	2.157	1.882	2
963	1.824	1.863	2.137	2.02	2
964	1.745	1.863	2.118	2.059	2
965	1.882	1.882	2.118	2.176	2
966	1.98	1.941	2.098	2.078	2
967	1.98	1.843	2.078	1.98	2
968	2.02	1.824	2.118	1.843	2
969	2.039	2.039	2.196	1.863	2
970	1.922	2.0	2.098	1.941	2
971	1.804	1.941	2.0	2.02	2
972	1.922	2.0	2.196	2.118	2
973	1.961	2.118	2.412	2.216	2
974	1.863	2.176	2.157	2.235	2
975	1.922	1.863	1.843	2.039	2
976	1.961	1.961	2.078	1.863	2
977	2.137	2.157	2.314	1.824	2
978	2.176	2.039	2.333	1.863	2
979	2.02	1.882	2.294	1.922	2
980	1.725	1.902	2.176	2.059	2
981	1.667	2.059	1.98	2.059	2
982	1.882	2.098	2.039	2.137	2
983	1.941	2.118	2.137	2.098	2
984	1.902	2.039	2.118	2.039	2
985	1.941	2.039	2.098	1.961	2
986	1.902	2.078	2.02	1.941	2
987	1.882	2.039	2.0	1.961	2
988	1.784	1.961	2.039	1.98	2
989	1.863	1.98	2.0	2.078	2
990	1.863	2.039	2.157	2.059	2
991	1.922	2.137	2.294	2.078	2
992	1.961	1.98	2.196	2.078	2
993	2.137	1.922	1.765	1.961	2
994	2.137	1.706	1.765	1.804	2
995	2.02	1.667	2.02	1.706	2
996	2.039	1.667	2.137	1.765	2
997	1.902	1.804	2.0	1.922	2
998	1.784	1.98	2.0	2.0	2
999	1.863	2.039	2.118	2.176	2
1000	1.98	1.843	2.098	2.137	2
1001	2.078	1.784	2.0	2.0	2
1002	2.078	1.882	1.961	1.882	2
1003	1.98	1.902	1.902	1.804	2
1004	1.902	1.922	1.941	1.863	2
1005	1.863	1.922	1.902	1.961	2
1006	1.961	2.0	1.98	2.078	2
1007	2.039	2.098	2.039	2.157	2
1008	1.961	2.098	2.098	2.137	2
1009	2.02	1.922	2.0	2.02	2
1010	1.941	1.765	1.863	1.882	2
1011	2.059	1.784	1.98	1.784	2
1012	2.176	1.824	2.059	1.784	2
1013	2.098	1.843	2.176	1.882	2
1014	1.882	1.824	2.098	2.039	2
1015	1.863	1.843	2.118	2.098	2
1016	1.98	1.882	2.176	2.118	2
1017	2.02	1.804	2.078	2.02	2
1018	2.039	1.863	2.02	1.941	2
1019	1.98	1.843	1.961	1.902	2
1020	1.961	1.882	2.0	1.902	2
1021	1.922	1.922	2.118	1.98	2
1022	1.882	1.941	2.118	2.078	2
1023	1.98	1.941	2.176	2.118	2
1024	1.941	1.882	2.118	2.118	2
1025	2.02	1.902	2.02	2.039	2
1026	2.078	1.824	1.922	1.941	2
1027	2.02	1.765	2.02	1.863	2
1028	2.118	1.784	2.176	1.863	2
1029	2.098	1.784	2.157	1.882	2
1030	2.078	1.686	2.098	1.902	2
1031	1.961	1.745	2.078	2.0	2
1032	1.922	1.804	1.98	2.02	2
1033	2.02	1.784	2.039	2.039	2
1034	2.02	1.843	2.059	2.02	2
1035	2.0	1.843	2.078	1.961	2
1036	2.039	1.882	2.039	1.941	2
1037	2.0	1.922	2.039	1.922	2
1038	1.98	1.922	2.078	1.98	2
1039	1.941	1.98	2.059	2.039	2
1040	1.98	1.961	2.078	2.078	2
1041	2.0	1.961	2.118	2.02	2
1042	2.02	2.02	2.078	2.02	2
1043	2.059	1.922	2.059	1.961	2
1044	2.039	1.882	2.078	1.882	2
1045	2.098	1.961	2.137	1.922	2
1046	2.098	1.863	2.157	1.941	2
1047	2.059	1.784	2.216	1.941	2
1048	1.843	1.804	2.137	2.0	2
1049	1.824	1.843	2.157	1.941	2
1050	1.961	1.882	2.098	2.059	2
1051	1.98	1.922	2.118	2.02	2
1052	1.941	1.922	2.157	2.059	2
1053	1.941	1.941	2.137	2.02	2
1054	1.961	2.0	2.118	1.98	2
1055	1.922	2.0	2.157	2.0	2
1056	1.784	1.961	2.216	2.078	2
1057	1.882	2.0	2.118	2.137	2
1058	1.882	2.118	2.216	2.157	2
1059	1.961	2.098	2.216	2.118	2
1060	2.02	2.0	2.176	2.039	2
1061	2.0	1.98	2.235	2.0	2
1062	2.0	1.863	2.02	2.0	2
1063	2.118	1.863	2.059	1.922	2
1064	2.118	1.902	2.196	1.922	2
1065	1.784	1.922	2.275	1.961	2
1066	1.765	2.078	2.314	2.157	2
1067	1.824	2.0	2.157	2.176	2
1068	1.922	1.824	1.922	2.118	2
1069	1.961	1.961	2.02	2.039	2
1070	1.961	2.0	2.196	1.98	2
1071	1.961	2.039	2.078	1.941	2
1072	1.941	2.02	2.0	1.922	2
1073	1.882	2.059	2.0	1.98	2
1074	1.98	2.039	2.078	2.059	2
1075	1.902	2.02	2.039	2.157	2
1076	1.863	2.059	2.118	2.137	2
1077	2.0	2.02	2.02	2.039	2
1078	2.02	1.922	2.02	1.902	2
1079	2.059	1.784	2.176	1.824	2
1080	2.098	1.824	2.196	1.804	2
1081	2.196	1.784	1.922	1.824	2
1082	1.961	1.725	1.843	1.922	2
1083	1.843	1.843	2.02	1.98	2
1084	2.0	1.961	2.02	2.078	2
1085	1.922	1.922	2.02	2.118	2
1086	1.902	1.98	2.098	2.0	2
1087	1.902	1.941	2.118	1.922	2
1088	2.02	1.941	2.059	1.922	2
1089	2.02	1.98	1.922	1.941	2
1090	1.882	2.039	1.961	2.02	2
1091	1.922	2.02	1.98	2.078	2
1092	1.941	2.118	2.02	2.078	2
1093	1.961	2.078	2.059	2.059	2
1094	2.059	2.0	1.941	2.0	2
1095	1.98	1.902	1.98	1.922	2
1096	2.039	1.941	2.196	1.902	2
1097	2.059	1.902	2.157	1.922	2
1098	2.059	1.725	2.039	1.922	2
1099	1.882	1.765	1.863	1.941	2
1100	1.784	1.863	1.922	1.98	2
1101	1.824	1.922	2.098	2.039	2
1102	1.98	1.843	2.118	2.039	2
1103	1.98	1.843	2.078	2.039	2
1104	2.02	1.882	2.059	2.0	2
1105	1.98	1.961	2.0	1.941	2
1106	1.961	1.941	1.98	1.961	2
1107	1.941	1.863	2.059	1.98	2
1108	1.941	1.902	2.098	2.059	2
1109	1.882	2.02	1.98	2.098	2
1110	1.922	1.922	1.98	2.098	2
1111	2.078	1.882	1.98	2.0	2
1112	2.059	1.863	2.039	1.902	2
1113	2.118	1.824	2.059	1.824	2
1114	2.157	1.765	2.059	1.804	2
1115	2.098	1.784	2.098	1.843	2
1116	1.882	1.824	2.118	1.98	2
1117	1.863	1.804	2.039	2.118	2
1118	2.0	1.843	2.039	2.098	2
1119	2.078	1.882	2.098	2.039	2
1120	2.039	1.941	2.118	1.98	2
1121	2.059	2.02	2.118	1.922	2
1122	1.98	2.0	2.118	1.922	2
1123	1.961	2.02	2.137	1.961	2
1124	1.882	1.961	2.118	2.039	2
1125	1.961	1.98	2.098	2.078	2
1126	2.02	2.0	2.078	2.098	2
1127	1.941	2.02	2.137	2.059	2
1128	2.059	2.039	2.078	2.0	2
1129	2.039	1.961	2.118	1.922	2
1130	2.098	1.902	2.157	1.863	2
1131	2.118	1.863	2.176	1.843	2
1132	2.078	1.824	2.176	1.863	2
1133	1.902	1.824	2.098	1.961	2
1134	1.824	1.824	2.098	2.039	2
1135	1.902	1.941	2.059	2.059	2
1136	2.02	1.902	2.098	2.02	2
1137	2.0	1.961	2.137	2.0	2
1138	1.961	2.02	2.137	2.0	2
1139	1.98	2.118	2.216	2.0	2
1140	1.941	2.039	2.216	2.078	2
1141	1.882	2.0	2.216	2.078	2
1142	2.02	2.02	2.02	2.039	2
1143	2.0	1.98	2.059	2.039	2
1144	1.941	2.02	2.235	2.02	2
1145	1.98	2.0	2.176	2.039	2
1146	1.922	1.941	2.039	1.98	2
1147	2.078	1.961	2.118	1.961	2
1148	2.078	1.882	2.176	1.941	2
1149	2.059	1.863	2.196	1.98	2
1150	1.863	1.922	2.078	2.0	2
1151	1.824	1.961	2.118	2.059	2
1152	1.961	2.02	2.157	2.118	2
1153	1.961	2.0	2.314	2.098	2
1154	1.922	1.882	2.314	2.098	2
1155	1.863	1.745	1.98	2.02	2
1156	2.039	1.941	1.686	1.922	2
1157	1.941	1.98	1.941	1.882	2
1158	1.804	1.882	2.118	1.902	2
1159	1.941	2.059	2.157	2.0	2
1160	1.961	2.059	2.098	2.137	2
1161	2.0	1.941	2.098	2.137	2
1162	1.98	1.784	1.98	2.02	2
1163	1.941	1.706	1.922	1.902	2
1164	2.078	1.725	1.961	1.765	2
1165	2.137	1.706	2.0	1.765	2
1166	2.098	1.706	2.098	1.843	2
1167	1.843	1.667	2.02	1.902	2
1168	1.824	1.804	1.941	1.961	2
1169	1.941	1.843	2.039	1.941	2
1170	1.98	1.804	1.961	2.0	2
1171	1.961	1.784	2.039	1.98	2
1172	1.902	1.843	1.961	1.98	2
1173	1.882	1.961	1.824	1.941	2
1174	1.961	2.0	2.039	1.902	2
1175	1.863	1.902	2.137	2.0	2
1176	1.922	1.863	2.118	2.039	2
1177	1.941	1.941	2.059	2.098	2
1178	2.039	2.098	2.039	2.059	2
1179	2.098	2.078	1.941	2.0	2
1180	1.961	2.02	2.059	1.941	2
1181	2.039	1.98	2.098	1.902	2
1182	2.078	1.882	2.059	1.922	2
1183	2.0	1.804	2.078	1.941	2
1184	1.824	1.922	2.0	1.98	2
1185	1.843	2.0	1.961	2.137	2
1186	1.922	1.98	2.02	2.118	2
1187	2.039	1.98	2.059	2.059	2
1188	2.098	2.039	2.02	1.941	2
1189	2.059	2.0	2.0	1.922	2
1190	2.02	2.02	2.157	1.922	2
1191	2.0	2.118	2.294	2.059	2
1192	1.941	2.02	2.176	2.118	2
1193	2.039	1.882	1.902	2.118	2
1194	2.078	1.961	1.863	2.0	2
1195	2.02	2.039	2.059	1.941	2
1196	2.078	2.039	2.157	1.922	2
1197	2.118	1.98	2.098	1.941	2
1198	2.157	1.902	2.118	1.941	2
1199	2.157	1.824	2.176	1.922	2
1200	2.157	1.804	2.157	1.941	2
1201	1.941	1.824	2.059	1.941	2
1202	1.882	1.824	1.98	1.98	2
1203	1.98	1.843	2.02	2.039	2
1204	2.0	1.902	2.059	2.02	2
1205	2.0	1.961	2.039	2.02	2
1206	2.02	2.0	2.098	1.961	2
1207	2.02	2.0	2.078	1.941	2
1208	2.0	1.98	2.039	1.98	2
1209	1.922	1.98	2.059	2.02	2
1210	2.0	1.98	2.059	2.098	2
1211	2.02	1.961	2.137	2.098	2
1212	1.941	2.039	2.098	2.098	2
1213	2.02	1.922	2.02	2.02	2
1214	2.0	1.902	2.098	1.98	2
1215	2.098	1.941	2.157	1.922	2
1216	2.137	1.882	2.196	1.882	2
1217	2.098	1.804	2.157	1.863	2
1218	1.882	1.784	2.137	1.922	2
1219	1.804	1.843	2.118	2.098	2
1220	1.902	1.922	2.078	2.078	2
1221	1.941	1.961	2.098	2.157	2
1222	2.0	1.961	2.216	2.118	2
1223	2.0	1.98	2.157	2.02	2
1224	1.941	1.961	2.118	1.922	2
1225	1.922	1.941	2.118	1.941	2
1226	1.843	1.961	2.137	2.0	2
1227	1.882	1.961	2.137	2.078	2
1228	1.941	1.961	2.137	2.176	2
1229	2.0	2.0	2.078	2.098	2
1230	1.98	1.941	2.078	2.039	2
1231	1.961	1.922	2.118	1.941	2
1232	2.039	1.843	2.137	1.882	2
1233	2.059	1.804	2.176	1.882	2
1234	2.039	1.745	2.176	1.922	2
1235	1.843	1.784	2.078	2.02	2
1236	1.765	1.843	2.078	2.059	2
1237	1.941	1.922	1.98	2.118	2
1238	1.961	1.863	2.078	2.039	2
1239	1.961	1.98	2.098	1.98	2
1240	1.961	1.922	2.039	1.922	2
1241	1.863	1.824	2.02	1.902	2
1242	1.863	1.882	2.039	1.941	2
1243	1.882	1.922	2.02	2.039	2
1244	1.941	1.98	2.059	2.118	2
1245	1.961	1.922	2.118	2.157	2
1246	1.961	1.882	2.118	2.098	2
1247	2.0	1.902	2.118	2.0	2
1248	2.039	1.902	2.0	1.882	2
1249	2.078	1.765	1.941	1.804	2
1250	2.059	1.667	1.941	1.784	2
1251	2.039	1.667	2.02	1.882	2
1252	1.863	1.725	2.098	1.961	2
1253	1.804	1.804	2.118	2.137	2
1254	1.784	1.863	2.098	2.118	2
1255	2.039	1.667	1.941	2.0	2
1256	2.02	1.667	1.941	1.902	2
1257	2.039	1.824	2.157	1.843	2
1258	2.0	1.882	2.078	1.902	2
1259	1.941	2.02	1.941	2.0	2
1260	1.745	2.0	1.98	2.098	2
1261	1.804	1.961	2.059	2.078	2
1262	2.02	1.98	2.02	2.059	2
1263	2.0	2.0	2.118	2.0	2
1264	2.039	1.863	2.059	1.922	2
1265	2.0	1.882	2.039	1.922	2
1266	2.039	1.941	2.059	1.882	2
1267	2.098	2.0	2.137	1.902	2
1268	2.078	2.02	2.157	1.98	2
1269	1.824	1.961	2.059	2.02	2
1270	1.765	1.882	1.922	2.137	2
1271	1.824	2.0	2.0	2.098	2
1272	2.0	1.98	2.059	2.039	2
1273	2.0	2.0	2.118	2.0	2
1274	2.02	2.039	2.118	1.98	2
1275	2.0	2.098	2.118	1.961	2
1276	1.98	2.078	2.176	1.98	2
1277	1.765	2.0	2.196	2.059	2
1278	1.902	1.98	2.039	2.118	2
1279	2.039	2.0	1.882	2.098	2
1280	1.98	2.078	2.02	2.078	2
1281	2.0	1.961	2.098	2.02	2
1282	2.0	1.941	2.137	1.922	2
1283	2.078	1.882	2.137	1.902	2
1284	2.098	1.824	2.078	1.882	2
1285	2.098	1.804	2.118	1.882	2
1286	1.902	1.843	2.078	1.98	2
1287	1.824	1.863	2.039	1.98	2
1288	1.941	1.902	1.98	2.118	2
1289	2.02	1.902	2.0	2.039	2
1290	2.039	1.882	2.02	2.0	2
1291	1.98	1.902	2.059	1.941	2
1292	2.039	1.961	2.059	1.941	2
1293	1.961	1.961	2.039	1.98	2
1294	1.882	1.961	2.02	2.0	2
1295	2.0	1.961	2.039	2.078	2
1296	1.98	2.0	2.059	2.039	2
1297	2.0	1.941	2.078	2.02	2
1298	2.059	1.922	2.059	2.0	2
1299	2.039	1.882	2.02	1.941	2
1300	2.098	1.863	2.118	1.882	2
1301	2.137	1.804	2.176	1.882	2
1302	2.098	1.804	2.157	1.902	2
1303	1.882	1.804	2.118	1.98	2
1304	1.804	1.843	2.098	1.961	2
1305	1.941	1.863	2.118	2.078	2
1306	1.961	1.882	2.118	2.059	2
1307	2.02	1.922	2.137	2.02	2
1308	2.039	1.941	2.137	1.98	2
1309	1.98	2.0	2.157	1.961	2
1310	1.941	1.98	2.157	2.039	2
1311	1.882	2.0	2.078	2.098	2
1312	1.941	1.941	2.078	2.078	2
1313	2.039	1.941	2.157	2.157	2
1314	1.98	2.039	2.176	2.059	2
1315	2.039	1.961	2.216	2.039	2
1316	2.0	1.922	2.137	1.961	2
1317	2.02	1.843	2.02	1.922	2
1318	2.078	1.843	2.118	1.882	2
1319	2.137	1.863	2.235	1.902	2
1320	1.902	1.843	2.157	2.0	2
1321	1.804	1.804	2.157	2.02	2
1322	1.902	1.902	2.157	2.039	2
1323	1.941	1.902	2.137	2.039	2
1324	1.98	1.882	2.098	2.0	2
1325	1.98	1.902	2.02	1.941	2
1326	1.961	1.961	2.157	1.902	2
1327	1.922	2.039	2.157	2.0	2
1328	1.902	2.0	2.039	2.059	2
1329	1.961	1.824	1.922	2.078	2
1330	1.941	1.863	2.118	2.02	2
1331	2.039	2.098	2.196	2.059	2
1332	2.02	1.98	1.961	1.961	2
1333	1.961	1.843	2.02	1.922	2
1334	2.078	1.784	2.039	1.922	2
1335	2.098	1.784	2.078	1.863	2
1336	2.118	1.784	2.118	1.902	2
1337	1.882	1.804	2.098	1.941	2
1338	1.784	1.784	2.059	2.0	2
1339	1.843	1.882	2.039	2.02	2
1340	1.98	1.843	2.02	2.039	2
1341	1.961	1.902	2.0	2.0	2
1342	1.961	1.941	2.039	1.941	2
1343	1.941	1.961	2.039	1.922	2
1344	1.941	1.961	2.059	1.961	2
1345	1.843	1.961	2.059	2.02	2
1346	1.941	1.961	2.059	2.059	2
1347	1.941	2.02	2.059	2.098	2
1348	1.98	2.0	2.078	2.059	2
1349	2.02	1.961	2.059	1.98	2
1350	2.0	1.902	2.039	1.961	2
1351	2.118	1.882	2.039	1.882	2
1352	2.078	1.824	2.118	1.863	2
1353	2.059	1.863	2.118	1.863	2
1354	1.902	1.843	2.039	1.922	2
1355	1.824	1.882	2.0	2.059	2
1356	1.863	1.902	2.078	2.098	2
1357	2.059	1.922	2.059	2.02	2
1358	2.0	1.922	2.039	1.941	2
1359	2.02	1.98	2.098	1.922	2
1360	1.961	2.0	2.098	1.961	2
1361	1.961	2.0	2.118	2.0	2
1362	1.922	2.0	2.02	2.039	2
1363	1.98	2.0	2.0	2.02	2
1364	2.059	1.941	2.137	2.059	2
1365	1.98	1.961	2.098	2.02	2
1366	2.078	1.961	1.98	2.0	2
1367	2.02	1.902	2.02	1.941	2
1368	2.118	1.882	2.118	1.902	2
1369	2.157	1.863	2.137	1.882	2
1370	2.118	1.804	2.176	1.882	2
1371	1.922	1.843	2.059	1.961	2
1372	1.824	1.863	2.039	2.0	2
1373	1.961	1.882	2.039	2.078	2
1374	2.0	1.902	2.039	2.039	2
1375	1.98	1.902	2.059	2.0	2
1376	2.02	1.961	2.059	1.922	2
1377	2.0	1.961	2.059	1.922	2
1378	1.961	1.98	2.098	1.961	2
1379	1.863	1.961	2.078	2.02	2
1380	2.0	1.961	2.059	2.098	2
1381	1.961	2.039	2.078	2.059	2
1382	2.0	1.98	2.098	2.078	2
1383	2.078	1.961	2.059	2.0	2
1384	2.039	1.882	2.078	1.922	2
1385	2.098	1.882	2.118	1.902	2
1386	2.098	1.804	2.078	1.843	2
1387	2.118	1.804	2.137	1.882	2
1388	1.882	1.804	2.078	1.941	2
1389	1.843	1.843	2.137	1.98	2
1390	1.922	1.863	2.078	2.078	2
1391	1.961	1.882	2.078	2.059	2
1392	1.98	1.961	2.098	2.0	2
1393	1.98	1.961	2.157	1.961	2
1394	1.961	1.961	2.137	1.961	2
1395	1.961	1.98	2.098	1.98	2
1396	1.863	1.961	2.02	2.0	2
1397	1.961	1.98	2.098	2.078	2
1398	2.039	2.118	2.118	2.078	2
1399	1.961	2.059	2.098	2.02	2
1400	1.941	1.922	2.059	2.0	2
1401	1.98	1.863	2.039	1.922	2
1402	2.078	1.902	2.137	1.902	2
1403	2.098	1.843	2.157	1.902	2
1404	2.039	1.765	2.118	1.882	2
1405	1.882	1.824	2.078	1.961	2
1406	1.804	1.863	2.078	1.961	2
1407	1.941	1.863	2.078	2.078	2
1408	1.922	1.863	2.02	2.078	2
1409	1.98	1.922	2.059	1.98	2
1410	2.0	1.941	2.078	1.941	2
1411	1.961	1.961	2.039	1.922	2
1412	1.941	1.98	2.078	1.922	2
1413	1.824	1.941	2.0	2.02	2
1414	1.863	1.902	2.039	2.059	2
1415	1.902	2.118	2.137	2.118	2
1416	1.902	2.078	2.157	2.137	2
1417	2.0	1.922	1.98	2.039	2
1418	2.0	1.902	2.039	1.922	2
1419	2.039	1.882	2.118	1.843	2
1420	2.059	1.902	2.196	1.863	2
1421	2.059	1.863	2.216	1.902	2
1422	1.863	1.824	2.118	2.0	2
1423	1.784	1.882	2.02	2.0	2
1424	1.902	1.922	2.078	2.078	2
1425	1.922	1.941	2.059	2.059	2
1426	1.961	1.961	2.078	1.961	2
1427	1.961	1.961	2.078	1.922	2
1428	1.961	2.039	2.078	1.922	2
1429	1.922	2.059	2.137	2.0	2
1430	1.784	2.02	2.098	2.118	2
1431	1.843	1.98	2.02	2.176	2
1432	1.98	2.098	1.98	2.098	2
1433	2.0	2.02	2.039	2.098	2
1434	1.961	1.941	2.039	1.961	2
1435	1.922	1.882	2.039	1.902	2
1436	2.0	1.902	2.098	1.922	2
1437	2.059	1.863	2.137	1.922	2
1438	2.078	1.843	2.098	1.922	2
1439	1.863	1.843	2.078	2.0	2
1440	1.784	1.882	2.059	2.0	2
1441	1.882	1.882	2.039	2.039	2
1442	1.941	1.863	2.0	2.02	2
1443	1.922	1.98	2.059	1.98	2
1444	1.98	1.98	2.118	1.961	2
1445	1.98	2.02	2.078	1.98	2
1446	1.941	2.0	2.098	1.98	2
1447	1.863	2.0	2.098	2.059	2
1448	1.98	2.02	2.059	2.078	2
1449	2.02	2.039	2.118	2.039	2
1450	1.922	2.059	2.098	2.039	2
1451	1.98	1.98	2.098	1.98	2
1452	1.961	1.941	2.098	1.941	2
1453	2.078	1.902	2.118	1.902	2
1454	2.118	1.843	2.02	1.882	2
1455	2.078	1.843	2.098	1.863	2
1456	1.863	1.902	2.176	1.941	2
1457	1.804	1.922	2.098	2.02	2
1458	1.922	1.843	2.078	2.059	2
1459	1.922	1.882	2.059	2.078	2
1460	2.0	1.941	2.078	1.98	2
1461	2.0	1.941	2.059	1.961	2
1462	1.98	1.98	2.078	1.922	2
1463	1.961	1.961	2.078	1.961	2
1464	1.863	1.961	2.059	2.02	2
1465	1.98	1.961	2.059	2.078	2
1466	2.039	1.961	2.0	2.078	2
1467	1.961	2.0	2.078	2.078	2
1468	2.02	1.902	2.02	2.0	2
1469	2.0	1.824	2.039	1.922	2
1470	2.098	1.824	2.078	1.882	2
1471	2.137	1.804	2.098	1.863	2
1472	2.137	1.745	2.157	1.863	2
1473	1.902	1.725	2.078	1.961	2
1474	1.824	1.745	2.039	1.98	2
1475	1.98	1.824	2.059	2.059	2
1476	2.0	1.804	2.059	2.059	2
1477	2.0	1.824	2.039	2.0	2
1478	2.02	1.863	2.078	1.961	2
1479	2.02	1.902	2.078	1.922	2
1480	1.98	1.922	2.098	1.961	2
1481	1.882	1.882	2.059	2.039	2
1482	1.941	1.882	2.039	2.078	2
1483	1.961	1.98	2.0	2.098	2
1484	2.0	1.961	2.098	2.039	2
1485	2.059	1.902	2.039	2.0	2
1486	2.02	1.863	2.059	1.941	2
1487	2.078	1.804	2.059	1.902	2
1488	2.118	1.765	2.078	1.863	2
1489	2.118	1.784	2.157	1.882	2
1490	1.902	1.804	2.137	1.961	2
1491	1.843	1.804	2.078	2.098	2
1492	1.804	1.843	2.02	2.098	2
1493	1.98	1.863	2.039	2.059	2
1494	2.0	1.882	2.059	2.0	2
1495	2.02	1.922	2.078	1.961	2
1496	2.0	1.941	2.059	1.941	2
1497	1.961	1.941	2.059	1.961	2
1498	1.882	1.941	2.059	2.02	2
1499	1.961	1.941	2.059	2.039	2
