time	channel1	channel2	channel3	channel4	class
0	1.922	1.902	2.275	2.02	1
1	1.686	2.059	2.373	2.333	1
2	1.706	1.961	2.529	2.529	1
3	1.922	1.961	2.647	2.569	1
4	1.882	1.922	2.392	2.294	1
5	2.0	1.804	2.078	2.059	1
6	1.902	1.706	2.078	2.02	1
7	1.922	1.706	2.353	2.078	1
8	1.902	1.824	2.49	2.196	1
9	1.784	1.765	2.529	2.333	1
10	1.824	1.686	2.412	2.392	1
11	1.863	1.725	2.373	2.373	1
12	1.98	1.667	2.275	2.255	1
13	2.0	1.471	2.157	2.137	1
14	2.059	1.373	2.078	2.059	1
15	2.275	1.49	2.118	2.078	1
16	2.314	1.451	2.176	2.039	1
17	2.059	1.314	2.0	1.882	1
18	1.745	1.235	1.804	1.725	1
19	1.725	1.275	1.961	1.824	1
20	1.98	1.392	1.961	1.961	1
21	1.902	1.353	1.882	2.078	1
22	2.0	1.392	2.0	2.098	1
23	1.961	1.392	2.392	2.118	1
24	1.941	1.353	2.275	1.98	1
25	1.824	1.314	1.51	1.686	1
26	1.745	1.412	1.353	1.686	1
27	1.902	1.608	1.843	1.882	1
28	1.824	1.627	2.176	1.941	1
29	1.843	1.588	1.941	1.882	1
30	1.98	1.51	1.804	1.863	1
31	2.02	1.569	2.059	2.0	1
32	2.098	1.667	2.275	2.098	1
33	2.196	1.686	2.451	2.137	1
34	2.137	1.706	2.059	1.98	1
35	1.843	1.588	1.686	1.902	1
36	1.824	1.686	1.765	1.961	1
37	1.961	1.706	1.941	2.0	1
38	1.784	1.725	1.98	1.961	1
39	2.0	1.784	1.961	1.922	1
40	2.039	1.765	1.902	1.922	1
41	2.02	1.824	2.0	1.941	1
42	1.941	1.902	1.98	1.961	1
43	1.804	1.882	1.863	1.98	1
44	1.843	1.804	1.902	2.059	1
45	1.882	1.863	1.941	2.059	1
46	1.902	1.863	1.843	1.961	1
47	2.02	1.922	1.824	1.882	1
48	2.137	2.039	1.824	1.784	1
49	2.314	1.941	1.824	1.745	1
50	2.353	1.784	1.863	1.745	1
51	2.196	1.804	1.922	1.882	1
52	1.863	1.941	1.941	2.0	1
53	1.843	2.039	1.961	2.078	1
54	2.039	2.216	2.02	2.039	1
55	1.902	2.157	1.961	1.98	1
56	2.078	2.098	1.882	1.882	1
57	2.078	2.059	1.804	1.784	1
58	2.118	2.098	1.706	1.745	1
59	2.039	2.235	1.882	1.863	1
60	1.882	2.216	2.059	1.961	1
61	1.98	2.137	2.059	1.961	1
62	2.02	2.353	1.961	1.98	1
63	1.941	2.255	1.804	1.941	1
64	2.078	2.059	1.745	1.824	1
65	2.137	2.059	1.804	1.725	1
66	2.196	2.098	1.863	1.647	1
67	2.196	1.98	1.686	1.549	1
68	2.157	1.863	1.784	1.608	1
69	1.98	1.961	2.059	1.745	1
70	1.824	2.078	2.373	2.02	1
71	1.843	2.098	2.373	2.196	1
72	1.804	2.039	1.706	2.059	1
73	2.098	2.176	1.471	1.902	1
74	1.98	2.255	1.98	1.882	1
75	1.922	2.235	2.255	1.784	1
76	1.843	2.216	2.275	1.824	1
77	1.686	2.176	2.118	1.961	1
78	1.667	2.235	2.02	2.078	1
79	1.824	2.353	2.294	2.294	1
80	1.863	2.471	2.647	2.451	1
81	1.98	2.373	2.647	2.353	1
82	2.039	2.235	2.235	2.098	1
83	2.137	2.216	2.255	2.039	1
84	2.235	2.216	2.549	1.98	1
85	2.157	2.176	2.49	1.961	1
86	1.725	2.059	2.353	2.157	1
87	1.667	2.118	2.294	2.373	1
88	1.843	2.176	2.353	2.373	1
89	1.922	2.098	2.353	2.333	1
90	2.0	2.059	2.471	2.216	1
91	1.98	2.078	2.49	2.157	1
92	2.039	2.157	2.392	2.118	1
93	1.922	2.118	2.294	2.118	1
94	1.784	2.0	2.137	2.078	1
95	1.804	1.922	2.059	2.02	1
96	1.843	2.039	2.176	2.137	1
97	1.941	2.176	2.431	2.294	1
98	2.0	2.039	2.51	2.353	1
99	1.961	1.882	2.176	2.137	1
100	2.176	1.824	1.843	1.941	1
101	2.255	1.745	1.902	1.882	1
102	1.98	1.647	2.196	1.882	1
103	1.725	1.667	2.294	2.039	1
104	1.706	1.725	2.157	2.196	1
105	1.922	1.765	2.118	2.333	1
106	1.882	1.725	2.059	2.333	1
107	1.98	1.745	2.098	2.196	1
108	1.961	1.784	1.922	2.0	1
109	2.0	1.765	1.882	1.941	1
110	1.863	1.667	1.941	1.98	1
111	1.725	1.549	2.059	2.098	1
112	1.804	1.745	2.176	2.235	1
113	1.804	1.922	2.118	2.235	1
114	1.863	1.824	2.059	2.137	1
115	1.882	1.647	1.588	1.824	1
116	1.98	1.745	1.667	1.804	1
117	2.098	1.902	2.098	1.863	1
118	2.137	1.725	2.039	1.882	1
119	2.0	1.588	1.922	1.98	1
120	1.667	1.608	2.176	2.275	1
121	1.608	1.706	2.353	2.373	1
122	1.863	1.725	1.686	2.078	1
123	1.902	1.686	1.608	1.882	1
124	1.804	1.725	2.039	1.863	1
125	1.882	1.922	2.392	1.98	1
126	2.02	2.0	2.333	2.118	1
127	1.863	1.784	2.039	2.059	1
128	1.686	1.686	1.745	2.0	1
129	1.784	1.745	1.902	2.059	1
130	1.863	1.824	2.0	2.059	1
131	1.922	2.0	2.196	2.078	1
132	2.02	2.039	2.569	2.157	1
133	2.059	2.118	2.49	2.118	1
134	2.196	1.765	1.51	1.725	1
135	2.275	1.529	1.118	1.549	1
136	2.059	1.569	1.647	1.627	1
137	1.824	1.686	2.0	1.765	1
138	1.824	1.922	2.176	2.0	1
139	1.961	1.824	2.02	2.02	1
140	1.941	1.863	1.765	1.922	1
141	1.961	1.824	1.627	1.804	1
142	1.941	1.843	1.588	1.725	1
143	2.02	1.863	1.608	1.608	1
144	1.843	1.922	1.608	1.627	1
145	1.706	2.098	1.706	1.725	1
146	1.882	2.098	1.725	1.824	1
147	1.941	2.137	1.725	1.863	1
148	1.784	2.059	1.667	1.784	1
149	1.941	2.118	1.745	1.765	1
150	1.98	2.196	2.0	1.765	1
151	2.157	2.176	1.98	1.725	1
152	2.157	2.137	1.98	1.745	1
153	2.059	2.157	2.02	1.863	1
154	1.686	2.098	2.059	2.02	1
155	1.588	1.98	2.176	2.118	1
156	1.804	2.02	2.157	2.078	1
157	1.843	2.039	2.196	2.078	1
158	1.882	2.137	2.294	2.118	1
159	1.902	2.059	2.294	2.118	1
160	1.941	2.059	2.294	2.137	1
161	1.843	2.078	2.314	2.196	1
162	1.667	2.078	2.353	2.255	1
163	1.647	2.059	2.314	2.314	1
164	1.784	2.078	2.431	2.373	1
165	1.745	2.098	2.412	2.353	1
166	1.902	2.078	2.431	2.294	1
167	1.941	2.039	2.451	2.255	1
168	2.078	1.961	2.431	2.176	1
169	2.118	1.961	2.49	2.157	1
170	2.039	1.941	2.471	2.216	1
171	1.667	1.804	2.412	2.314	1
172	1.667	1.824	2.392	2.451	1
173	1.843	1.863	2.451	2.451	1
174	1.843	1.824	2.412	2.373	1
175	1.902	1.765	2.314	2.235	1
176	1.961	1.804	2.373	2.157	1
177	2.0	1.882	2.49	2.176	1
178	1.941	1.902	2.431	2.176	1
179	1.745	1.765	2.216	2.196	1
180	1.784	1.824	2.196	2.235	1
181	1.922	1.863	2.176	2.216	1
182	1.922	1.941	2.137	2.118	1
183	2.118	1.882	1.98	1.98	1
184	2.216	1.804	2.0	1.882	1
185	2.333	1.647	2.02	1.784	1
186	2.412	1.627	2.118	1.765	1
187	2.373	1.686	2.333	1.824	1
188	2.02	1.765	2.333	2.0	1
189	1.902	1.667	1.922	2.059	1
190	1.941	1.588	1.745	2.098	1
191	2.0	1.765	1.843	2.039	1
192	2.196	1.745	1.882	1.902	1
193	2.196	1.706	2.059	1.804	1
194	2.235	1.765	2.078	1.824	1
195	2.176	1.765	1.922	1.902	1
196	1.941	1.725	1.882	1.922	1
197	1.941	1.804	1.98	2.0	1
198	2.078	1.863	2.059	2.039	1
199	2.0	1.843	2.059	2.02	1
200	2.118	1.784	1.725	1.863	1
201	2.196	1.765	1.608	1.745	1
202	2.314	1.863	2.078	1.824	1
203	2.294	1.824	2.392	1.843	1
204	2.255	1.843	2.157	1.882	1
205	2.059	1.98	1.843	1.902	1
206	1.961	1.882	1.706	1.98	1
207	1.941	1.745	1.882	1.941	1
208	2.137	1.745	1.863	1.824	1
209	2.059	1.745	1.922	1.784	1
210	2.0	1.725	1.961	1.784	1
211	2.157	2.02	2.137	1.882	1
212	2.118	2.098	1.941	1.922	1
213	1.98	1.98	2.039	2.02	1
214	2.0	1.941	2.137	2.059	1
215	1.961	1.863	1.882	1.961	1
216	1.941	1.98	1.843	1.961	1
217	2.078	1.98	1.961	1.941	1
218	2.118	1.98	1.902	1.843	1
219	2.235	2.059	1.863	1.725	1
220	2.353	2.118	2.059	1.804	1
221	2.314	2.216	2.588	1.98	1
222	1.902	2.098	2.451	2.078	1
223	1.667	1.843	1.49	1.941	1
224	1.725	1.922	1.529	2.039	1
225	1.961	2.157	2.098	2.118	1
226	1.98	2.118	2.196	2.0	1
227	1.922	2.118	2.333	1.863	1
228	1.902	2.157	2.137	1.765	1
229	1.922	2.118	2.02	1.784	1
230	1.765	2.098	1.961	1.922	1
231	1.706	2.039	1.784	1.902	1
232	1.667	2.02	1.647	1.98	1
233	1.667	2.098	1.843	2.0	1
234	1.863	2.0	1.882	1.902	1
235	1.902	2.02	1.902	1.745	1
236	2.039	2.039	1.843	1.647	1
237	2.078	2.0	1.745	1.627	1
238	1.98	1.941	1.863	1.765	1
239	1.706	1.941	1.941	1.922	1
240	1.627	1.961	1.784	1.882	1
241	1.824	1.941	1.608	1.843	1
242	1.824	2.0	1.667	1.824	1
243	1.824	1.961	1.863	1.804	1
244	1.824	1.98	1.824	1.745	1
245	1.843	1.98	1.725	1.745	1
246	1.745	2.039	1.961	1.941	1
247	1.647	2.039	2.137	2.098	1
248	1.667	1.941	2.078	2.118	1
249	1.667	1.882	1.941	2.039	1
250	1.784	1.824	1.98	1.941	1
251	1.902	1.784	2.098	1.882	1
252	1.882	1.784	2.275	1.902	1
253	2.078	1.804	2.373	1.98	1
254	2.157	1.706	2.373	2.118	1
255	1.98	1.706	2.412	2.235	1
256	1.667	1.608	2.49	2.294	1
257	1.686	1.667	2.549	2.353	1
258	1.843	1.549	2.569	2.392	1
259	1.882	1.549	2.588	2.412	1
260	1.941	1.745	2.608	2.412	1
261	1.941	1.902	2.588	2.353	1
262	1.98	2.078	2.569	2.314	1
263	1.922	2.216	2.647	2.353	1
264	1.745	2.157	2.667	2.51	1
265	1.863	2.078	2.667	2.569	1
266	1.902	2.0	2.529	2.49	1
267	1.843	2.039	2.549	2.412	1
268	2.039	1.98	2.471	2.235	1
269	2.196	2.0	2.314	2.078	1
270	2.314	1.941	2.255	1.98	1
271	2.333	1.902	2.216	1.98	1
272	2.275	1.784	2.176	2.02	1
273	2.098	1.843	2.235	2.098	1
274	1.98	1.725	2.137	2.098	1
275	2.059	1.569	2.078	2.059	1
276	2.137	1.706	2.216	2.078	1
277	2.078	1.765	2.157	2.078	1
278	1.882	1.902	2.0	2.02	1
279	2.078	1.941	1.824	1.961	1
280	2.216	1.765	2.216	2.059	1
281	2.059	1.824	2.686	2.216	1
282	2.039	1.98	2.588	2.275	1
283	2.039	1.863	1.667	2.059	1
284	1.882	1.784	1.157	1.941	1
285	1.961	2.0	1.549	1.961	1
286	2.02	2.176	2.235	2.039	1
287	2.176	2.235	2.608	2.078	1
288	2.294	2.098	2.49	2.118	1
289	2.216	1.922	2.039	2.078	1
290	1.882	1.922	1.961	2.255	1
291	1.686	1.922	1.961	2.275	1
292	1.784	1.882	1.667	2.059	1
293	1.922	1.804	1.686	1.824	1
294	1.98	1.922	1.765	1.725	1
295	2.02	1.902	1.902	1.804	1
296	2.059	1.961	2.098	1.922	1
297	2.039	1.961	1.941	2.0	1
298	1.843	1.882	1.843	2.078	1
299	1.882	1.863	1.922	2.059	1
300	1.902	1.863	1.961	1.902	1
301	2.059	2.02	1.941	1.765	1
302	2.216	1.961	1.961	1.725	1
303	2.059	1.804	2.039	1.765	1
304	2.255	1.804	1.843	1.725	1
305	2.255	1.843	1.902	1.882	1
306	2.255	1.902	2.078	2.02	1
307	1.843	1.745	2.059	2.0	1
308	1.804	1.824	1.941	1.941	1
309	2.059	2.039	1.941	1.882	1
310	2.118	1.824	2.078	1.902	1
311	1.961	1.706	2.0	1.843	1
312	1.98	1.902	2.0	1.843	1
313	2.039	2.118	1.98	1.843	1
314	1.98	2.157	2.176	1.922	1
315	1.824	2.176	1.961	1.941	1
316	1.882	2.196	1.725	1.902	1
317	1.98	2.098	1.608	1.902	1
318	1.961	2.314	1.824	1.941	1
319	1.98	2.196	2.059	1.941	1
320	1.922	2.235	2.196	1.882	1
321	2.157	2.333	2.059	1.824	1
322	2.333	2.294	1.98	1.765	1
323	2.235	2.216	2.059	1.824	1
324	1.804	2.059	2.02	1.902	1
325	1.647	2.02	1.706	1.863	1
326	1.745	2.078	1.529	1.843	1
327	1.902	2.235	1.961	2.02	1
328	1.961	2.216	2.118	2.039	1
329	1.941	2.098	2.0	2.02	1
330	1.961	2.157	1.961	1.941	1
331	1.941	2.157	1.863	1.882	1
332	1.765	2.118	1.824	1.824	1
333	1.824	2.02	1.863	1.843	1
334	1.882	2.059	2.0	1.98	1
335	1.843	2.039	2.039	2.118	1
336	1.961	1.922	2.0	2.078	1
337	1.98	1.824	2.0	2.078	1
338	2.137	1.804	2.02	2.039	1
339	2.157	1.706	2.0	1.902	1
340	2.157	1.686	2.157	1.882	1
341	1.863	1.725	2.275	1.98	1
342	1.784	1.686	2.176	2.118	1
343	1.863	1.647	2.098	2.235	1
344	1.882	1.608	2.157	2.275	1
345	1.882	1.549	2.294	2.235	1
346	1.941	1.627	2.216	2.137	1
347	1.941	1.667	2.078	2.039	1
348	1.902	1.627	2.059	2.02	1
349	1.784	1.686	2.059	2.059	1
350	1.863	1.765	2.078	2.157	1
351	1.882	1.765	2.275	2.255	1
352	1.882	1.843	2.333	2.235	1
353	1.961	1.725	2.176	2.118	1
354	1.961	1.706	2.118	2.02	1
355	2.059	1.725	2.157	1.98	1
356	2.157	1.725	2.157	1.961	1
357	2.196	1.745	2.216	1.961	1
358	1.922	1.647	2.235	2.059	1
359	1.745	1.608	2.196	2.176	1
360	1.922	1.647	2.196	2.235	1
361	1.941	1.706	2.294	2.235	1
362	2.0	1.667	2.373	2.118	1
363	2.078	1.627	2.431	2.039	1
364	2.039	1.784	2.353	2.059	1
365	2.039	1.863	2.333	2.137	1
366	1.902	1.941	2.51	2.314	1
367	1.922	1.961	2.471	2.353	1
368	1.882	2.039	2.333	2.314	1
369	1.941	2.078	2.431	2.294	1
370	2.157	2.02	2.353	2.196	1
371	2.059	2.059	2.216	2.078	1
372	2.196	2.078	2.137	2.0	1
373	2.353	1.98	2.137	1.961	1
374	2.314	1.941	2.412	2.02	1
375	1.843	1.902	2.431	2.118	1
376	1.725	2.078	2.314	2.235	1
377	1.941	2.255	2.392	2.373	1
378	2.02	2.255	2.431	2.333	1
379	2.0	2.059	1.588	1.902	1
380	2.0	1.882	1.333	1.745	1
381	1.902	1.843	2.0	1.843	1
382	1.98	1.961	2.294	1.941	1
383	1.843	1.941	2.176	2.078	1
384	1.863	1.863	1.922	2.078	1
385	1.863	1.902	1.804	2.078	1
386	1.824	2.039	1.882	2.0	1
387	1.902	1.941	1.922	1.902	1
388	1.922	1.824	1.902	1.784	1
389	2.196	1.882	1.667	1.686	1
390	2.275	1.765	1.647	1.667	1
391	2.176	1.706	1.686	1.667	1
392	1.922	1.804	1.745	1.765	1
393	1.765	1.863	2.02	2.02	1
394	1.824	1.804	2.0	2.118	1
395	1.961	1.804	1.863	2.039	1
396	1.961	1.882	1.745	1.843	1
397	2.0	1.98	1.725	1.667	1
398	1.98	1.961	1.745	1.569	1
399	1.98	1.922	1.98	1.608	1
400	1.863	1.941	1.98	1.706	1
401	1.882	1.941	1.824	1.804	1
402	1.882	2.0	1.941	2.059	1
403	1.843	1.98	2.176	2.216	1
404	2.02	1.882	2.216	2.137	1
405	2.039	1.725	1.843	1.824	1
406	2.118	1.745	1.608	1.569	1
407	2.157	1.765	1.843	1.49	1
408	2.196	1.882	2.157	1.51	1
409	1.98	1.922	2.294	1.804	1
410	1.765	1.824	2.137	2.059	1
411	1.745	1.588	1.922	2.157	1
412	1.863	1.725	1.961	2.137	1
413	1.961	1.941	2.0	2.059	1
414	2.059	1.941	2.059	2.0	1
415	1.961	1.863	2.039	1.941	1
416	1.902	1.882	2.098	2.0	1
417	1.784	2.078	2.235	2.196	1
418	1.843	2.157	2.137	2.255	1
419	1.882	2.02	2.059	2.176	1
420	1.784	1.961	2.039	2.078	1
421	1.843	1.863	1.98	2.039	1
422	1.902	1.941	2.098	2.02	1
423	2.098	1.98	2.176	2.098	1
424	2.137	2.059	2.255	2.157	1
425	2.098	1.961	2.314	2.176	1
426	1.765	1.843	2.314	2.235	1
427	1.588	1.745	2.314	2.255	1
428	1.627	1.804	2.235	2.275	1
429	1.843	1.863	2.216	2.255	1
430	1.784	1.922	2.235	2.176	1
431	1.882	2.02	2.255	2.118	1
432	1.863	2.02	2.314	2.118	1
433	1.863	2.098	2.275	2.098	1
434	1.706	2.098	2.275	2.157	1
435	1.725	2.078	2.314	2.235	1
436	1.784	2.098	2.235	2.216	1
437	1.843	2.059	2.118	2.137	1
438	1.882	2.118	2.157	2.078	1
439	1.961	2.137	2.078	1.961	1
440	2.137	2.157	2.039	1.922	1
441	2.294	2.098	2.098	1.882	1
442	2.333	2.0	2.078	1.843	1
443	1.902	1.922	1.902	1.824	1
444	1.686	2.02	1.961	1.941	1
445	1.902	2.078	2.118	2.098	1
446	2.137	2.118	2.059	2.118	1
447	2.098	2.039	1.882	2.0	1
448	2.039	1.941	1.922	1.882	1
449	2.078	1.941	1.961	1.824	1
450	2.118	1.843	1.941	1.745	1
451	1.961	1.725	1.784	1.765	1
452	2.0	1.765	1.922	1.941	1
453	2.02	1.765	2.039	2.039	1
454	2.039	1.843	2.137	2.078	1
455	2.137	1.902	2.294	2.039	1
456	2.137	1.882	2.235	1.941	1
457	2.216	1.961	2.039	1.863	1
458	2.275	1.961	2.137	1.98	1
459	2.235	1.647	2.0	1.882	1
460	2.039	1.49	1.765	1.804	1
461	1.902	1.647	1.98	1.882	1
462	1.922	1.765	2.216	2.0	1
463	2.137	1.882	2.255	2.059	1
464	1.98	1.941	2.255	2.118	1
465	2.02	2.137	2.235	2.176	1
466	1.863	2.275	2.314	2.216	1
467	1.863	2.157	2.275	2.196	1
468	1.765	2.059	2.078	2.118	1
469	1.824	2.059	2.0	2.039	1
470	1.922	2.235	2.0	2.059	1
471	1.824	2.294	2.176	2.196	1
472	1.824	2.196	2.216	2.176	1
473	1.922	2.059	2.059	2.059	1
474	2.098	2.078	2.098	2.0	1
475	2.137	2.059	2.098	1.961	1
476	2.137	1.922	2.157	1.98	1
477	1.902	1.882	2.196	2.098	1
478	1.765	1.922	2.118	2.176	1
479	1.922	1.922	2.176	2.196	1
480	1.941	1.725	2.059	2.078	1
481	1.882	1.569	1.804	1.922	1
482	1.98	1.647	1.804	1.843	1
483	2.059	1.745	1.902	1.843	1
484	2.078	1.745	2.118	1.941	1
485	1.863	1.706	2.078	2.0	1
486	1.843	1.745	2.235	2.176	1
487	2.02	1.784	2.353	2.235	1
488	2.0	1.824	2.039	2.137	1
489	2.078	1.725	1.667	1.863	1
490	2.02	1.608	1.686	1.745	1
491	2.157	1.706	1.902	1.725	1
492	2.333	1.784	2.314	1.824	1
493	2.314	1.843	2.255	1.902	1
494	2.039	1.706	1.922	1.902	1
495	1.843	1.725	1.686	1.98	1
496	1.961	1.745	1.98	2.039	1
497	2.039	1.765	1.98	2.039	1
498	1.941	1.843	1.863	1.863	1
499	2.039	1.882	1.784	1.784	1
500	2.02	1.863	1.824	1.725	1
501	2.0	1.843	1.824	1.706	1
502	1.863	1.922	1.961	1.902	1
503	1.922	2.0	1.941	2.078	1
504	1.882	1.941	1.863	2.176	1
505	1.804	1.941	1.941	2.118	1
506	1.98	2.098	2.176	1.922	1
507	2.059	1.961	1.902	1.667	1
508	2.118	1.882	1.941	1.706	1
509	2.333	2.02	2.059	1.824	1
510	2.294	2.0	2.078	1.941	1
511	1.98	1.882	2.196	2.118	1
512	1.765	1.902	2.314	2.294	1
513	1.784	1.941	2.255	2.275	1
514	2.0	1.882	2.216	2.196	1
515	1.902	1.745	2.255	2.078	1
516	2.039	1.843	2.196	1.98	1
517	2.078	1.98	2.431	2.0	1
518	2.098	1.941	2.275	2.039	1
519	1.843	1.706	1.941	2.0	1
520	1.765	1.725	2.059	2.137	1
521	1.882	1.922	2.451	2.333	1
522	1.902	2.0	2.392	2.294	1
523	1.941	1.922	2.098	2.098	1
524	2.039	1.824	2.059	2.0	1
525	2.137	1.784	2.235	1.98	1
526	2.235	1.824	2.255	1.941	1
527	2.235	1.824	2.098	1.961	1
528	1.961	1.941	2.216	2.118	1
529	1.725	1.902	2.294	2.275	1
530	1.863	1.902	2.196	2.255	1
531	2.098	1.902	2.176	2.196	1
532	2.0	1.98	2.137	2.137	1
533	2.039	1.961	2.137	2.059	1
534	2.02	2.039	2.118	2.02	1
535	2.0	2.059	2.098	2.039	1
536	1.882	1.961	2.039	2.02	1
537	1.902	1.98	1.882	2.02	1
538	1.941	2.0	1.882	2.02	1
539	1.922	2.078	2.0	2.02	1
540	2.02	2.059	1.961	1.941	1
541	2.118	1.863	1.961	1.882	1
542	2.255	1.804	2.039	1.824	1
543	2.333	1.804	1.941	1.784	1
544	2.235	1.863	1.961	1.804	1
545	1.98	1.941	1.98	1.843	1
546	1.902	1.98	1.863	1.902	1
547	1.922	2.039	1.843	1.941	1
548	2.039	1.922	2.039	2.0	1
549	1.922	1.922	2.118	1.98	1
550	2.0	1.98	2.098	1.961	1
551	2.039	2.098	2.157	1.98	1
552	2.02	2.059	2.196	2.0	1
553	1.804	2.255	2.235	2.078	1
554	1.745	2.255	2.235	2.157	1
555	1.902	2.196	2.235	2.176	1
556	1.941	2.255	2.255	2.176	1
557	1.941	2.157	2.294	2.118	1
558	1.961	2.059	2.157	2.02	1
559	2.039	2.039	2.098	1.98	1
560	2.157	2.039	2.137	2.02	1
561	2.216	2.059	2.294	2.059	1
562	1.961	2.0	2.235	2.078	1
563	1.667	1.922	2.255	2.157	1
564	1.686	1.902	2.275	2.235	1
565	1.922	2.0	2.176	2.176	1
566	1.902	2.0	1.941	2.02	1
567	1.98	1.941	1.902	1.961	1
568	1.98	1.922	2.02	1.882	1
569	1.98	1.843	2.02	1.882	1
570	1.824	1.882	1.98	1.902	1
571	1.804	1.941	1.922	1.961	1
572	1.824	1.882	1.824	2.02	1
573	1.824	1.902	2.0	2.098	1
574	1.98	2.039	2.039	2.059	1
575	2.02	1.98	1.922	1.922	1
576	2.078	1.902	1.902	1.824	1
577	2.157	1.745	1.882	1.784	1
578	2.157	1.667	1.882	1.784	1
579	1.961	1.627	1.922	1.843	1
580	1.745	1.647	1.863	1.882	1
581	1.843	1.725	2.137	1.922	1
582	2.039	1.667	2.0	1.882	1
583	1.863	1.647	1.843	1.922	1
584	1.98	1.765	2.02	2.039	1
585	2.039	1.843	2.137	2.098	1
586	2.059	1.863	2.275	2.176	1
587	1.804	1.745	2.216	2.118	1
588	1.745	1.627	1.922	1.941	1
589	1.843	1.765	1.941	1.941	1
590	1.941	1.98	2.275	2.039	1
591	1.922	1.863	2.353	2.059	1
592	2.039	1.706	1.882	1.941	1
593	2.196	1.824	1.804	1.902	1
594	2.216	1.882	2.196	2.0	1
595	2.216	1.824	2.333	2.02	1
596	2.02	1.706	2.235	2.078	1
597	1.745	1.686	2.098	2.137	1
598	1.745	1.686	1.882	2.039	1
599	1.961	1.706	1.784	1.961	1
600	1.922	1.843	2.314	2.078	1
601	2.137	1.941	2.431	2.118	1
602	1.941	1.843	2.255	2.098	1
603	1.98	1.922	1.902	1.98	1
604	1.882	1.98	1.725	1.961	1
605	1.804	2.039	2.078	2.059	1
606	1.941	2.137	2.294	2.157	1
607	1.98	2.157	2.275	2.137	1
608	1.961	2.059	1.902	2.0	1
609	2.02	2.0	1.843	2.0	1
610	2.176	2.078	2.157	2.059	1
611	2.255	2.098	2.333	2.059	1
612	2.294	2.039	2.137	2.02	1
613	2.059	2.0	2.02	2.02	1
614	1.784	1.961	1.98	1.961	1
615	1.725	1.824	1.745	1.843	1
616	1.98	1.843	1.765	1.863	1
617	1.98	1.902	2.059	2.0	1
618	2.098	1.941	2.196	2.078	1
619	2.0	1.902	2.02	2.059	1
620	1.98	1.843	1.882	2.0	1
621	1.882	1.922	1.961	1.98	1
622	1.863	1.941	2.039	1.941	1
623	1.902	1.902	1.961	1.902	1
624	1.941	1.902	2.039	1.902	1
625	1.961	2.0	2.157	1.98	1
626	2.039	1.882	2.059	2.02	1
627	2.157	1.843	1.98	2.0	1
628	2.294	1.824	2.118	2.0	1
629	2.235	1.686	2.196	1.941	1
630	2.02	1.706	2.353	1.941	1
631	1.843	1.765	2.294	2.02	1
632	1.843	1.706	2.196	2.098	1
633	2.059	1.863	2.137	2.137	1
634	2.0	1.922	2.098	2.078	1
635	2.039	1.922	2.098	2.0	1
636	2.0	1.902	2.176	1.961	1
637	2.02	1.98	2.196	1.961	1
638	1.843	2.02	2.196	2.098	1
639	1.843	2.098	2.196	2.157	1
640	1.961	2.157	2.098	2.176	1
641	1.922	2.216	2.235	2.157	1
642	2.0	2.255	2.294	2.078	1
643	2.098	2.137	2.098	1.882	1
644	2.098	2.039	1.882	1.765	1
645	2.098	2.137	2.118	1.863	1
646	2.098	2.137	2.412	2.078	1
647	2.0	1.961	2.373	2.196	1
648	1.804	1.961	2.078	2.196	1
649	1.824	1.961	2.078	2.176	1
650	1.882	2.02	2.176	2.118	1
651	1.863	2.118	2.176	2.02	1
652	1.98	2.059	2.216	2.0	1
653	1.961	2.0	2.137	1.961	1
654	1.961	1.902	1.941	1.961	1
655	1.725	1.804	1.863	1.961	1
656	1.686	1.902	1.961	2.098	1
657	1.784	2.0	2.039	2.176	1
658	1.863	2.137	2.137	2.216	1
659	1.922	2.196	2.196	2.157	1
660	2.02	2.118	2.059	2.0	1
661	2.098	1.98	1.804	1.804	1
662	2.157	1.882	1.843	1.765	1
663	2.137	1.824	1.941	1.745	1
664	2.039	1.824	1.882	1.784	1
665	1.824	1.824	1.961	1.922	1
666	1.784	1.961	2.118	2.118	1
667	2.0	1.941	2.157	2.157	1
668	1.961	1.882	2.02	2.039	1
669	2.0	1.804	1.784	1.902	1
670	1.98	1.863	2.0	1.941	1
671	2.039	1.902	2.039	1.941	1
672	1.863	1.922	1.961	1.941	1
673	1.863	1.882	1.98	1.98	1
674	1.863	1.922	2.216	2.039	1
675	1.941	2.039	2.333	2.118	1
676	1.843	2.098	2.059	2.059	1
677	2.0	1.882	1.765	1.98	1
678	2.078	1.745	1.882	1.98	1
679	2.137	1.804	2.098	1.941	1
680	2.216	1.902	2.275	1.922	1
681	2.118	1.961	2.647	2.02	1
682	1.922	1.922	2.412	2.118	1
683	1.706	1.686	1.686	1.98	1
684	1.843	1.608	1.529	1.941	1
685	1.882	1.824	2.078	2.059	1
686	2.098	2.039	2.333	2.039	1
687	1.961	1.922	2.157	1.961	1
688	1.961	2.0	2.176	2.0	1
689	1.941	2.059	2.235	2.098	1
690	1.824	1.941	2.176	2.039	1
691	1.824	1.863	1.784	2.02	1
692	1.824	2.02	1.902	2.039	1
693	1.863	2.078	2.098	2.039	1
694	1.98	2.059	2.137	2.039	1
695	2.078	2.0	2.078	1.98	1
696	2.118	1.824	1.882	1.882	1
697	2.059	1.706	1.804	1.824	1
698	2.0	1.863	2.02	1.863	1
699	1.745	1.824	2.118	1.922	1
700	1.686	1.824	2.137	2.02	1
701	1.922	1.706	2.02	2.059	1
702	1.882	1.647	1.902	2.098	1
703	1.941	1.667	2.059	2.118	1
704	1.922	1.686	2.098	1.98	1
705	1.882	1.706	2.02	1.863	1
706	1.804	1.725	1.784	1.804	1
707	1.745	1.745	1.902	1.902	1
708	1.843	1.804	2.059	2.039	1
709	1.902	1.941	2.255	2.118	1
710	1.863	1.902	2.098	2.059	1
711	1.922	1.667	1.804	1.922	1
712	1.961	1.686	1.882	1.922	1
713	2.118	1.882	2.137	1.941	1
714	2.176	1.922	2.137	1.98	1
715	2.02	1.922	2.157	2.078	1
716	1.686	1.784	2.098	2.176	1
717	1.706	1.765	2.039	2.196	1
718	1.902	1.941	1.765	2.039	1
719	1.882	2.02	1.882	2.039	1
720	2.039	2.176	2.176	2.059	1
721	1.941	2.118	2.196	2.059	1
722	1.922	2.078	2.039	2.0	1
723	1.784	2.098	2.039	2.039	1
724	1.784	2.118	2.118	2.118	1
725	1.902	2.157	2.255	2.157	1
726	1.961	2.255	2.216	2.157	1
727	1.902	2.157	2.098	2.059	1
728	2.0	2.078	2.098	2.0	1
729	2.078	2.098	2.098	1.902	1
730	2.196	2.02	2.137	1.863	1
731	2.235	2.039	2.275	1.882	1
732	2.098	1.961	2.255	1.902	1
733	1.863	1.922	2.216	2.039	1
734	1.863	1.882	2.176	2.118	1
735	2.02	1.882	2.176	2.157	1
736	2.0	1.922	2.216	2.098	1
737	2.137	1.902	2.118	1.961	1
738	2.078	1.941	2.157	1.941	1
739	2.059	1.941	2.196	1.961	1
740	1.922	1.863	2.137	2.02	1
741	1.922	1.882	2.157	2.078	1
742	2.02	1.941	2.137	2.137	1
743	1.98	1.98	2.118	2.137	1
744	1.941	2.118	2.196	2.098	1
745	2.02	2.157	2.196	2.078	1
746	2.059	2.098	2.196	2.039	1
747	2.216	2.039	2.235	2.02	1
748	2.275	1.922	2.275	2.0	1
749	2.176	1.902	2.137	2.0	1
750	1.824	1.902	1.98	1.98	1
751	1.706	1.941	2.118	2.137	1
752	1.941	2.059	2.373	2.275	1
753	1.941	2.0	2.333	2.255	1
754	2.078	2.0	2.118	2.118	1
755	2.0	1.98	2.039	2.0	1
756	2.02	1.961	2.137	2.0	1
757	1.922	1.922	2.157	2.059	1
758	1.863	1.902	2.098	2.078	1
759	1.902	1.98	2.137	2.118	1
760	2.0	2.0	2.157	2.176	1
761	1.902	1.882	2.078	2.098	1
762	2.118	1.765	2.02	2.02	1
763	2.118	1.745	1.863	1.882	1
764	2.157	1.686	1.784	1.725	1
765	2.235	1.647	1.902	1.725	1
766	2.137	1.647	2.059	1.765	1
767	1.784	1.529	2.02	1.824	1
768	1.765	1.569	1.922	1.882	1
769	2.039	1.725	1.843	1.961	1
770	1.961	1.647	2.0	2.02	1
771	2.039	1.608	2.137	2.039	1
772	1.961	1.647	1.941	1.941	1
773	1.98	1.667	1.863	1.902	1
774	1.961	1.863	2.0	1.922	1
775	1.882	1.863	1.784	1.843	1
776	1.961	1.922	1.98	1.882	1
777	1.922	1.882	2.275	1.941	1
778	1.961	1.922	2.137	1.98	1
779	2.039	1.843	1.824	2.0	1
780	2.039	1.863	1.961	2.118	1
781	2.216	1.941	2.314	2.176	1
782	2.255	1.98	2.471	2.078	1
783	2.157	1.98	2.333	1.941	1
784	1.863	2.0	2.157	1.961	1
785	1.824	1.98	2.078	2.059	1
786	1.882	1.863	1.824	2.137	1
787	1.863	1.843	2.039	2.216	1
788	2.059	1.961	2.333	2.216	1
789	2.039	2.098	2.353	2.137	1
790	2.078	2.118	2.255	2.098	1
791	1.941	2.039	1.902	2.02	1
792	1.745	1.961	1.902	2.039	1
793	1.843	2.02	1.98	2.059	1
794	1.961	2.078	2.078	2.059	1
795	1.922	2.078	2.02	2.039	1
796	2.02	1.98	2.02	2.0	1
797	2.118	1.961	2.0	1.941	1
798	2.235	1.98	1.961	1.882	1
799	2.333	1.98	2.0	1.882	1
800	2.157	1.961	2.039	1.922	1
801	1.784	1.863	1.961	2.0	1
802	1.745	1.784	2.039	2.059	1
803	1.961	1.843	2.0	1.98	1
804	2.0	1.902	1.882	1.902	1
805	2.059	1.902	1.843	1.882	1
806	2.02	1.941	1.961	1.902	1
807	2.039	2.0	2.098	1.941	1
808	1.922	2.0	2.078	2.02	1
809	1.843	1.98	2.02	2.059	1
810	1.863	1.941	1.961	2.0	1
811	1.961	1.961	2.02	1.961	1
812	1.902	2.059	2.0	1.922	1
813	1.98	2.02	1.961	1.882	1
814	2.059	1.922	2.02	1.902	1
815	2.196	1.882	1.98	1.863	1
816	2.235	1.765	2.039	1.882	1
817	2.078	1.745	2.059	1.941	1
818	1.745	1.745	2.039	2.0	1
819	1.706	1.804	2.098	2.098	1
820	1.941	1.902	2.157	2.137	1
821	1.922	1.765	2.137	2.137	1
822	1.98	1.745	2.176	2.059	1
823	1.941	1.882	2.157	1.98	1
824	1.98	1.922	2.118	1.902	1
825	1.882	1.824	2.314	2.02	1
826	1.784	1.765	2.255	2.118	1
827	1.863	1.784	2.118	2.157	1
828	1.863	1.941	2.137	2.196	1
829	1.863	2.078	2.216	2.157	1
830	2.02	2.039	2.118	2.02	1
831	2.039	1.863	2.137	1.922	1
832	2.176	1.882	2.235	1.843	1
833	2.255	1.902	2.137	1.843	1
834	2.157	2.02	2.176	1.961	1
835	1.843	1.961	2.137	2.039	1
836	1.784	1.784	1.98	2.02	1
837	1.98	1.824	1.824	1.98	1
838	1.961	1.843	1.941	2.0	1
839	2.02	1.941	2.0	2.0	1
840	1.961	1.902	2.0	1.941	1
841	2.039	1.843	2.02	1.902	1
842	1.98	1.902	2.039	1.98	1
843	1.882	1.941	2.137	2.098	1
844	1.941	2.0	2.137	2.118	1
845	1.843	2.059	2.059	2.098	1
846	1.804	2.059	2.157	2.137	1
847	2.0	1.941	2.0	2.0	1
848	2.118	1.961	1.941	1.922	1
849	2.196	2.059	2.078	1.902	1
850	2.196	2.02	2.078	1.882	1
851	2.118	1.922	2.059	2.02	1
852	1.843	1.902	2.294	2.196	1
853	1.824	1.961	2.176	2.196	1
854	1.98	2.098	2.314	2.196	1
855	2.039	2.255	2.471	2.196	1
856	2.078	2.196	2.294	2.098	1
857	2.0	2.02	2.078	2.039	1
858	2.02	2.098	2.078	2.039	1
859	1.98	2.137	2.196	2.098	1
860	1.941	2.235	2.275	2.137	1
861	1.941	2.098	2.078	2.039	1
862	2.0	2.0	2.098	2.039	1
863	1.922	2.02	2.196	2.039	1
864	2.078	2.0	2.294	2.039	1
865	2.196	2.059	2.196	2.0	1
866	2.176	1.922	2.137	1.961	1
867	2.216	1.902	2.176	2.02	1
868	2.255	1.922	2.255	2.078	1
869	1.843	1.686	2.098	2.118	1
870	1.745	1.627	1.902	2.059	1
871	1.902	1.667	1.843	1.961	1
872	1.882	1.824	2.176	1.98	1
873	2.078	1.902	2.235	1.941	1
874	1.98	1.745	1.902	1.843	1
875	1.863	1.588	1.647	1.784	1
876	1.863	1.686	1.745	1.902	1
877	1.804	1.745	1.824	2.02	1
878	1.863	1.725	1.98	2.118	1
879	2.0	1.804	2.098	2.118	1
880	1.902	1.824	2.078	2.039	1
881	2.039	1.765	2.078	1.961	1
882	2.039	1.549	1.882	1.804	1
883	2.118	1.49	1.706	1.745	1
884	2.176	1.49	1.902	1.804	1
885	2.098	1.49	1.882	1.863	1
886	1.843	1.569	1.843	1.902	1
887	1.745	1.627	1.941	2.02	1
888	1.882	1.667	2.118	2.098	1
889	1.902	1.667	2.196	2.118	1
890	1.961	1.765	2.333	2.118	1
891	2.078	1.882	2.196	2.0	1
892	2.039	1.706	1.843	1.902	1
893	1.804	1.725	2.02	1.98	1
894	1.784	1.941	2.196	2.039	1
895	1.902	1.98	2.098	2.039	1
896	1.961	1.922	1.922	2.02	1
897	1.863	2.059	2.02	2.078	1
898	2.039	2.039	2.098	2.078	1
899	2.039	1.882	2.137	2.0	1
900	2.098	1.863	2.02	1.922	1
901	2.196	1.902	1.922	1.804	1
902	2.098	1.961	1.941	1.745	1
903	1.784	1.941	1.824	1.784	1
904	1.804	1.882	1.922	1.882	1
905	1.941	1.843	2.039	2.0	1
906	1.961	1.843	2.02	2.098	1
907	1.902	1.706	1.882	2.059	1
908	1.882	1.765	1.824	1.961	1
909	1.922	1.98	1.98	1.882	1
910	1.922	2.078	2.098	1.902	1
911	1.765	2.118	2.118	2.0	1
912	1.843	2.098	2.078	2.078	1
913	1.882	2.137	2.098	2.137	1
914	1.922	2.353	2.157	2.137	1
915	1.961	2.412	2.176	2.118	1
916	1.961	2.333	2.216	2.059	1
917	2.137	2.176	2.216	2.0	1
918	2.196	2.235	2.255	2.0	1
919	2.118	2.216	2.314	2.059	1
920	1.863	2.157	2.314	2.157	1
921	1.804	2.098	2.275	2.216	1
922	1.941	2.098	2.275	2.255	1
923	2.02	2.118	2.176	2.176	1
924	2.059	2.078	2.137	2.059	1
925	2.0	2.078	2.157	2.0	1
926	2.02	2.137	2.314	2.02	1
927	1.961	2.157	2.235	2.039	1
928	1.765	2.078	2.059	2.078	1
929	1.882	2.157	2.0	2.137	1
930	1.941	2.176	2.216	2.176	1
931	1.941	1.98	2.137	2.098	1
932	2.02	1.784	2.02	2.0	1
933	2.098	1.804	2.02	1.961	1
934	2.255	1.98	2.137	1.98	1
935	2.255	1.961	2.137	1.941	1
936	2.118	1.824	2.059	1.941	1
937	1.784	1.843	2.118	2.039	1
938	1.745	1.902	2.275	2.157	1
939	1.863	1.961	2.118	2.137	1
940	1.922	1.922	1.902	2.078	1
941	2.039	1.902	1.922	2.039	1
942	1.98	1.941	2.137	2.02	1
943	1.98	1.961	2.098	1.902	1
944	1.98	1.98	2.0	1.922	1
945	1.824	1.902	2.059	2.078	1
946	1.922	2.0	2.137	2.157	1
947	1.902	2.176	2.157	2.176	1
948	1.941	2.157	2.137	2.137	1
949	1.961	2.059	2.294	2.118	1
950	2.02	2.039	2.196	1.98	1
951	2.157	1.941	1.765	1.765	1
952	2.235	1.902	1.765	1.804	1
953	2.216	1.98	2.275	1.922	1
954	1.941	2.059	2.392	2.098	1
955	1.843	2.0	2.412	2.235	1
956	1.902	1.843	2.118	2.137	1
957	1.882	1.784	1.843	1.98	1
958	2.02	1.745	1.706	1.824	1
959	2.0	1.725	1.863	1.784	1
960	2.02	1.843	2.078	1.863	1
961	2.0	1.902	2.078	1.941	1
962	1.843	1.882	1.98	2.02	1
963	1.902	1.843	2.059	2.078	1
964	2.02	1.843	2.157	2.157	1
965	1.961	1.804	2.216	2.02	1
966	2.02	1.686	1.961	1.863	1
967	2.02	1.667	2.02	1.824	1
968	2.137	1.686	2.176	1.863	1
969	2.255	1.647	1.961	1.824	1
970	2.196	1.49	1.647	1.725	1
971	1.725	1.451	1.725	1.804	1
972	1.686	1.549	1.922	1.922	1
973	1.922	1.667	2.157	1.961	1
974	1.922	1.647	2.137	1.98	1
975	1.961	1.569	2.098	2.059	1
976	1.961	1.667	2.255	2.157	1
977	2.0	1.706	2.216	2.098	1
978	1.922	1.745	2.02	2.0	1
979	1.843	1.765	1.804	1.961	1
980	1.843	1.725	1.863	2.0	1
981	1.922	1.824	1.961	2.02	1
982	1.882	1.843	2.176	2.02	1
983	1.98	1.902	2.294	2.059	1
984	2.078	1.824	2.176	2.02	1
985	2.157	1.588	1.98	1.98	1
986	2.176	1.569	1.98	1.961	1
987	2.196	1.686	2.0	1.961	1
988	1.961	1.824	2.039	2.059	1
989	1.824	1.824	2.176	2.157	1
990	1.941	1.706	2.176	2.157	1
991	2.0	1.765	2.176	2.157	1
992	2.02	1.804	2.078	2.0	1
993	1.961	1.843	1.941	1.98	1
994	1.98	1.961	2.059	2.059	1
995	1.961	2.0	2.118	2.078	1
996	1.784	1.902	1.961	2.0	1
997	1.824	1.863	1.882	1.941	1
998	1.902	2.02	2.118	2.0	1
999	1.902	2.059	2.059	2.0	1
1000	2.0	1.961	1.98	2.02	1
1001	2.0	2.137	2.02	2.02	1
1002	2.118	2.196	2.02	1.922	1
1003	2.196	2.157	2.098	1.882	1
1004	2.216	2.118	2.157	1.843	1
1005	1.902	1.961	2.157	2.02	1
1006	1.765	1.98	2.235	2.137	1
1007	1.902	2.0	2.196	2.196	1
1008	2.039	1.902	1.98	2.039	1
1009	2.059	1.784	1.882	1.902	1
1010	2.078	1.824	2.137	1.863	1
1011	2.118	1.922	2.294	1.922	1
1012	2.098	2.0	2.373	2.039	1
1013	1.922	2.02	2.137	2.039	1
1014	2.039	2.02	1.902	2.0	1
1015	2.098	2.118	1.922	2.02	1
1016	1.922	2.098	2.255	2.118	1
1017	1.961	2.176	2.275	2.098	1
1018	2.02	2.059	2.098	1.961	1
1019	2.275	2.059	1.941	1.824	1
1020	2.255	2.176	2.039	1.824	1
1021	2.0	2.255	2.196	1.902	1
1022	1.686	2.137	2.137	2.02	1
1023	1.745	2.157	2.098	2.078	1
1024	1.941	2.275	2.078	2.176	1
1025	1.941	2.412	2.137	2.196	1
1026	1.824	2.392	2.137	2.137	1
1027	1.824	2.373	2.157	2.078	1
1028	1.843	2.353	2.216	2.078	1
1029	1.765	2.235	2.118	2.059	1
1030	1.529	2.098	2.0	2.098	1
1031	1.627	2.039	2.078	2.216	1
1032	1.725	2.039	2.157	2.216	1
1033	1.824	2.118	2.216	2.196	1
1034	1.941	2.118	2.176	2.078	1
1035	1.922	1.961	2.157	1.98	1
1036	2.098	1.902	2.157	1.922	1
1037	2.275	1.843	2.255	1.902	1
1038	2.196	1.667	2.118	1.902	1
1039	1.863	1.608	2.118	2.098	1
1040	1.784	1.608	2.196	2.333	1
1041	1.784	1.647	1.961	2.275	1
1042	1.961	1.686	1.902	2.078	1
1043	1.961	1.784	2.039	1.863	1
1044	2.078	1.922	2.216	1.765	1
1045	2.118	2.0	2.176	1.843	1
1046	2.059	1.902	2.059	1.98	1
1047	1.863	1.863	1.961	2.078	1
1048	1.863	1.882	1.902	2.098	1
1049	1.824	2.0	1.863	2.059	1
1050	1.863	1.98	1.961	1.98	1
1051	2.059	1.961	2.039	1.961	1
1052	2.059	1.941	2.275	1.902	1
1053	2.216	1.922	2.157	1.824	1
1054	2.314	2.02	1.804	1.863	1
1055	2.255	1.98	1.843	2.02	1
1056	1.824	1.824	2.078	2.078	1
1057	1.725	1.765	2.098	1.941	1
1058	1.902	1.745	1.882	1.804	1
1059	2.02	1.843	1.922	1.784	1
1060	2.118	1.922	2.039	1.922	1
1061	2.137	1.961	2.0	1.98	1
1062	2.039	2.0	2.176	2.098	1
1063	2.078	2.118	2.314	2.196	1
1064	1.902	2.059	2.176	2.157	1
1065	1.863	1.882	1.961	2.039	1
1066	1.922	1.863	1.902	1.98	1
1067	1.961	1.961	2.196	2.0	1
1068	2.078	1.941	2.098	1.922	1
1069	2.118	1.902	2.02	1.882	1
1070	2.314	1.941	2.196	2.039	1
1071	2.275	1.863	2.412	2.176	1
1072	2.157	1.706	2.098	2.098	1
1073	1.941	1.725	1.882	2.0	1
1074	1.804	1.745	1.98	2.039	1
1075	1.902	1.745	2.137	2.0	1
1076	2.039	1.745	2.078	2.0	1
1077	1.98	1.745	2.098	2.059	1
1078	2.02	1.745	2.059	2.059	1
1079	2.0	1.745	2.078	2.118	1
1080	1.922	1.745	2.078	2.039	1
1081	1.686	1.686	2.0	1.98	1
1082	1.804	1.725	1.843	1.882	1
1083	1.922	1.784	1.863	1.882	1
1084	1.882	1.804	1.902	1.922	1
1085	1.941	1.784	2.02	1.961	1
1086	1.98	1.804	2.02	2.0	1
1087	2.118	1.784	2.098	1.98	1
1088	2.137	1.706	2.02	1.922	1
1089	2.157	1.667	1.941	1.882	1
1090	1.843	1.686	2.118	2.0	1
1091	1.745	1.706	2.157	2.059	1
1092	1.843	1.686	1.941	2.0	1
1093	1.961	1.784	1.922	2.02	1
1094	1.98	1.765	2.059	2.0	1
1095	1.941	1.784	2.118	1.961	1
1096	2.0	1.824	2.059	1.922	1
1097	1.98	1.824	2.078	2.0	1
1098	1.784	1.882	2.118	2.118	1
1099	1.804	1.824	2.059	2.137	1
1100	1.902	1.863	1.98	2.059	1
1101	1.922	2.0	2.059	2.0	1
1102	2.098	2.078	1.98	1.863	1
1103	2.039	2.039	2.137	1.902	1
1104	2.235	2.157	2.451	2.02	1
1105	2.216	2.039	2.235	2.039	1
1106	2.235	1.941	1.941	1.98	1
1107	1.922	1.882	1.882	1.961	1
1108	1.745	1.902	2.196	2.078	1
1109	1.902	2.137	2.353	2.137	1
1110	2.078	2.412	2.294	2.137	1
1111	2.118	2.196	1.902	2.02	1
1112	1.98	2.039	2.02	2.039	1
1113	1.922	2.118	2.255	2.059	1
1114	1.922	2.275	2.314	2.118	1
1115	1.784	2.275	2.196	2.118	1
1116	1.902	2.275	1.882	2.118	1
1117	2.0	2.176	2.039	2.118	1
1118	1.922	2.078	2.137	2.098	1
1119	1.941	2.039	2.157	2.039	1
1120	1.922	2.118	2.098	2.0	1
1121	2.078	2.294	2.039	1.961	1
1122	2.157	2.235	2.02	1.941	1
1123	2.137	2.078	2.02	1.961	1
1124	1.863	2.078	2.078	2.0	1
1125	1.725	2.157	2.137	2.078	1
1126	1.804	2.02	2.059	2.118	1
1127	1.882	2.02	2.118	2.118	1
1128	1.98	2.118	1.961	2.059	1
1129	2.078	2.157	1.98	2.059	1
1130	2.039	2.176	2.078	2.059	1
1131	1.98	2.216	2.078	1.961	1
1132	1.824	2.176	2.098	1.922	1
1133	1.902	2.137	2.059	1.961	1
1134	1.922	2.118	2.039	2.098	1
1135	1.902	2.078	2.098	2.137	1
1136	2.039	1.922	2.059	2.078	1
1137	2.02	1.784	1.961	1.961	1
1138	2.176	1.863	2.098	1.882	1
1139	2.314	1.902	2.118	1.804	1
1140	2.275	1.745	1.961	1.725	1
1141	1.922	1.569	1.902	1.765	1
1142	1.627	1.451	2.059	1.941	1
1143	1.804	1.686	2.333	2.157	1
1144	1.98	1.745	2.039	2.078	1
1145	1.941	1.627	1.608	1.843	1
1146	2.0	1.647	1.667	1.824	1
1147	1.961	1.667	2.059	1.922	1
1148	1.941	1.745	2.235	1.98	1
1149	1.765	1.804	2.176	1.98	1
1150	1.765	1.667	2.039	1.902	1
1151	1.824	1.706	2.0	1.922	1
1152	1.902	1.882	2.137	2.078	1
1153	1.961	1.745	1.941	2.039	1
1154	1.902	1.667	1.863	1.98	1
1155	2.078	1.765	1.922	1.98	1
1156	2.176	1.686	1.941	1.98	1
1157	2.216	1.765	2.098	1.98	1
1158	1.98	1.824	2.098	2.0	1
1159	1.765	1.706	2.098	1.922	1
1160	1.902	1.608	2.0	1.902	1
1161	2.039	1.588	2.098	2.078	1
1162	2.02	1.686	2.353	2.216	1
1163	2.02	1.588	2.039	2.137	1
1164	1.98	1.529	1.922	2.078	1
1165	1.941	1.529	2.078	2.02	1
1166	1.843	1.627	1.98	1.902	1
1167	1.961	1.843	2.02	1.98	1
1168	1.961	1.941	2.235	2.118	1
1169	1.922	2.039	2.176	2.157	1
1170	1.961	1.922	2.118	2.078	1
1171	2.059	1.765	2.157	2.039	1
1172	2.176	1.745	2.176	2.02	1
1173	2.294	1.824	2.333	2.078	1
1174	2.275	2.0	2.353	2.098	1
1175	2.039	2.078	2.176	2.078	1
1176	1.863	2.02	2.02	2.118	1
1177	1.784	2.118	2.098	2.078	1
1178	1.961	2.216	2.255	2.137	1
1179	2.0	2.373	2.314	2.216	1
1180	2.078	2.373	2.294	2.216	1
1181	2.098	2.353	2.333	2.216	1
1182	2.078	2.294	2.333	2.176	1
1183	1.843	2.157	2.137	2.098	1
1184	1.882	2.176	2.118	2.118	1
1185	2.02	2.235	2.157	2.176	1
1186	1.922	2.235	2.196	2.157	1
1187	1.98	2.157	2.118	2.098	1
1188	2.039	2.078	2.078	2.02	1
1189	2.216	2.078	2.176	1.98	1
1190	2.275	1.902	2.078	1.902	1
1191	2.196	1.765	2.0	1.882	1
1192	1.882	1.745	1.961	1.961	1
1193	1.745	1.725	2.0	2.02	1
1194	1.824	1.765	2.059	2.098	1
1195	1.902	1.765	2.039	2.02	1
1196	1.922	1.784	1.863	1.902	1
1197	2.078	1.804	1.843	1.863	1
1198	1.98	1.686	2.02	1.882	1
1199	1.961	1.647	2.0	1.922	1
1200	1.804	1.706	1.98	2.02	1
1201	1.922	1.706	2.0	2.059	1
1202	1.922	1.647	2.059	2.039	1
1203	1.961	1.706	1.843	1.863	1
1204	2.118	1.725	1.843	1.765	1
1205	2.059	1.588	1.882	1.686	1
1206	2.078	1.431	1.725	1.608	1
1207	2.157	1.529	1.765	1.765	1
1208	2.118	1.765	2.137	2.0	1
1209	1.882	1.804	2.216	2.098	1
1210	1.863	1.863	2.157	2.137	1
1211	1.961	1.902	2.118	2.137	1
1212	1.922	1.902	1.98	2.0	1
1213	1.863	1.843	1.882	1.882	1
1214	1.922	1.902	1.824	1.824	1
1215	1.882	2.098	1.882	1.863	1
1216	1.902	2.314	2.098	2.0	1
1217	1.765	2.353	2.196	2.118	1
1218	1.804	2.392	2.176	2.137	1
1219	1.804	2.471	2.059	2.137	1
1220	1.843	2.49	2.137	2.137	1
1221	1.902	2.49	2.137	2.098	1
1222	1.961	2.353	2.157	2.098	1
1223	2.078	2.314	2.137	2.059	1
1224	2.176	2.255	2.118	1.98	1
1225	2.216	2.118	2.039	1.902	1
1226	1.863	1.98	2.02	1.902	1
1227	1.706	1.922	2.02	1.922	1
1228	1.784	1.961	2.039	1.98	1
1229	2.039	2.0	2.176	2.039	1
1230	1.98	1.941	2.118	2.02	1
1231	2.059	1.98	2.098	2.039	1
1232	2.059	2.02	2.137	2.059	1
1233	2.0	1.863	2.216	2.059	1
1234	1.725	1.647	2.176	2.059	1
1235	1.882	1.765	2.235	2.039	1
1236	2.02	1.922	1.922	2.02	1
1237	1.98	1.98	2.157	2.196	1
1238	2.02	1.961	2.255	2.118	1
1239	2.039	1.765	2.118	1.98	1
1240	2.157	1.647	2.02	1.824	1
1241	2.275	1.667	2.059	1.784	1
1242	2.216	1.706	2.216	1.902	1
1243	1.941	1.804	2.314	2.118	1
1244	1.824	1.784	2.353	2.353	1
1245	1.922	1.725	2.294	2.471	1
1246	2.078	1.765	2.333	2.392	1
1247	2.0	1.706	2.373	2.216	1
1248	1.98	1.706	2.275	2.02	1
1249	1.98	1.686	1.824	1.843	1
1250	2.059	1.765	1.824	1.863	1
1251	1.882	1.961	2.137	2.059	1
1252	1.843	2.02	2.314	2.235	1
1253	1.922	2.059	2.294	2.294	1
1254	1.961	1.961	2.196	2.314	1
1255	1.961	1.961	2.137	2.176	1
1256	2.02	1.882	2.078	2.02	1
1257	2.118	1.961	2.02	1.902	1
1258	2.216	1.961	2.059	1.843	1
1259	2.216	1.902	2.039	1.863	1
1260	1.922	1.922	1.98	1.902	1
1261	1.765	1.922	2.0	2.02	1
1262	1.804	2.078	2.157	2.157	1
1263	2.059	2.078	2.059	2.118	1
1264	1.922	1.98	1.922	2.02	1
1265	2.0	1.98	1.961	1.98	1
1266	2.02	2.0	2.0	1.961	1
1267	2.0	1.98	2.039	1.922	1
1268	1.843	1.98	2.039	1.961	1
1269	1.863	2.039	2.039	1.961	1
1270	1.941	2.039	2.137	2.059	1
1271	1.941	2.039	2.059	2.078	1
1272	1.961	1.961	2.039	2.039	1
1273	2.02	1.902	1.961	1.941	1
1274	2.118	1.882	2.02	1.863	1
1275	2.176	1.824	2.039	1.824	1
1276	2.216	1.824	2.039	1.804	1
1277	1.961	1.804	2.059	1.882	1
1278	1.725	1.745	2.078	2.0	1
1279	1.706	1.745	1.961	2.02	1
1280	1.98	1.843	1.98	2.0	1
1281	1.941	1.843	2.059	1.941	1
1282	2.0	1.784	2.02	1.902	1
1283	1.922	1.804	2.0	1.882	1
1284	1.922	1.863	2.0	1.941	1
1285	1.784	1.882	2.0	2.0	1
1286	1.804	1.922	2.039	2.039	1
1287	1.843	1.941	1.98	2.02	1
1288	1.784	1.98	1.941	1.961	1
1289	1.863	1.961	1.941	1.922	1
1290	1.941	1.882	1.941	1.902	1
1291	2.118	1.902	1.961	1.863	1
1292	2.196	1.902	2.0	1.882	1
1293	2.176	1.824	2.039	1.902	1
1294	1.98	1.824	2.039	1.98	1
1295	1.745	1.804	2.039	2.02	1
1296	1.863	1.804	2.059	2.059	1
1297	2.0	1.804	2.02	2.02	1
1298	1.882	1.804	2.02	2.0	1
1299	1.98	1.902	2.059	2.02	1
1300	2.0	1.863	2.039	1.961	1
1301	2.0	1.804	2.039	1.98	1
1302	1.824	1.804	2.039	2.02	1
1303	1.843	1.902	2.078	2.098	1
1304	1.882	1.902	2.118	2.078	1
1305	1.902	1.961	2.059	2.059	1
1306	1.941	1.961	2.059	2.02	1
1307	1.98	1.922	2.098	2.0	1
1308	2.137	1.902	2.118	1.961	1
1309	2.216	1.843	2.137	1.961	1
1310	2.235	1.863	2.098	1.941	1
1311	1.98	1.941	2.098	2.02	1
1312	1.784	1.961	2.118	2.098	1
1313	1.765	1.902	2.078	2.118	1
1314	1.941	1.902	2.078	2.118	1
1315	1.941	1.98	2.137	2.078	1
1316	2.039	2.02	2.157	2.02	1
1317	2.039	2.039	2.118	2.0	1
1318	2.02	2.039	2.118	2.0	1
1319	1.882	2.098	2.118	2.039	1
1320	1.863	2.118	2.137	2.098	1
1321	1.941	2.098	2.118	2.118	1
1322	1.941	2.078	2.098	2.118	1
1323	1.98	2.118	2.118	2.039	1
1324	2.059	2.039	2.098	2.0	1
1325	2.176	2.0	2.118	1.922	1
1326	2.255	1.902	2.118	1.882	1
1327	2.216	1.882	2.157	1.902	1
1328	1.961	1.902	2.196	2.059	1
1329	1.784	1.882	2.137	2.137	1
1330	1.882	1.824	2.098	2.176	1
1331	2.039	1.902	2.078	2.118	1
1332	1.941	1.922	2.078	2.02	1
1333	2.039	1.922	2.098	1.961	1
1334	1.98	1.863	2.098	1.961	1
1335	1.98	1.863	2.098	2.0	1
1336	1.784	1.882	2.137	2.098	1
1337	1.824	1.922	2.118	2.137	1
1338	1.882	1.961	2.059	2.137	1
1339	1.902	2.0	2.078	2.118	1
1340	1.902	1.941	2.059	2.059	1
1341	2.02	1.863	2.039	1.961	1
1342	2.118	1.843	2.059	1.922	1
1343	2.216	1.843	2.078	1.922	1
1344	2.275	1.824	2.098	1.922	1
1345	2.039	1.824	2.118	2.0	1
1346	1.765	1.804	2.098	2.098	1
1347	1.843	1.765	2.118	2.176	1
1348	1.98	1.824	2.118	2.098	1
1349	1.941	1.804	2.059	2.039	1
1350	2.0	1.824	2.059	1.961	1
1351	2.0	1.843	2.059	1.922	1
1352	2.02	1.882	2.078	1.961	1
1353	1.863	1.863	2.078	2.039	1
1354	1.824	1.863	2.059	2.098	1
1355	1.882	1.882	2.02	2.098	1
1356	1.902	1.922	2.059	2.059	1
1357	1.961	1.922	2.039	2.0	1
1358	2.0	1.843	2.039	1.941	1
1359	2.098	1.824	2.039	1.902	1
1360	2.176	1.804	2.078	1.882	1
1361	2.235	1.784	2.059	1.902	1
1362	2.039	1.745	2.078	1.941	1
1363	1.765	1.725	2.059	2.059	1
1364	1.765	1.784	2.02	2.059	1
1365	1.922	1.745	2.039	2.059	1
1366	1.902	1.765	2.02	2.0	1
1367	2.0	1.784	2.039	1.961	1
1368	1.98	1.843	2.039	1.941	1
1369	1.98	1.863	2.039	1.941	1
1370	1.843	1.863	2.039	1.98	1
1371	1.804	1.902	2.039	2.039	1
1372	1.882	1.902	2.078	2.098	1
1373	1.882	1.961	2.039	2.078	1
1374	1.98	1.941	2.0	2.0	1
1375	2.02	1.902	2.039	1.941	1
1376	2.078	1.882	2.059	1.902	1
1377	2.196	1.882	2.078	1.882	1
1378	2.196	1.863	2.078	1.882	1
1379	2.02	1.843	2.098	1.98	1
1380	1.784	1.843	2.059	2.039	1
1381	1.765	1.882	2.078	2.098	1
1382	1.961	1.863	2.078	2.098	1
1383	1.922	1.863	2.059	2.02	1
1384	2.039	1.902	2.059	1.961	1
1385	2.0	1.941	2.059	1.922	1
1386	2.0	1.961	2.078	1.961	1
1387	1.843	1.961	2.059	2.0	1
1388	1.863	1.961	2.059	2.059	1
1389	1.922	2.0	2.098	2.098	1
1390	1.882	2.02	2.118	2.078	1
1391	1.922	2.039	2.059	2.039	1
1392	2.039	1.98	2.059	1.961	1
1393	2.137	1.98	2.078	1.941	1
1394	2.235	1.961	2.078	1.882	1
1395	2.255	1.922	2.118	1.882	1
1396	2.02	1.882	2.098	1.941	1
1397	1.824	1.863	2.098	2.039	1
1398	1.804	1.922	2.059	2.098	1
1399	1.961	1.882	2.059	2.078	1
1400	1.941	1.902	2.059	2.039	1
1401	2.039	1.941	2.059	1.98	1
1402	2.02	1.98	2.059	1.941	1
1403	2.02	2.0	2.078	1.961	1
1404	1.882	1.98	2.098	1.98	1
1405	1.882	1.98	2.098	2.078	1
1406	1.922	2.0	2.098	2.078	1
1407	1.922	2.039	2.059	2.078	1
1408	1.961	2.059	2.078	2.039	1
1409	2.078	2.0	2.059	1.98	1
1410	2.137	2.02	2.118	1.902	1
1411	2.235	1.961	2.118	1.882	1
1412	2.235	1.961	2.137	1.902	1
1413	2.059	1.922	2.137	1.98	1
1414	1.804	1.902	2.098	2.078	1
1415	1.784	1.961	2.078	2.098	1
1416	1.961	1.961	2.098	2.098	1
1417	1.98	1.961	2.098	2.039	1
1418	2.059	1.961	2.098	1.98	1
1419	2.0	1.961	2.098	1.961	1
1420	2.039	2.0	2.098	1.961	1
1421	1.902	2.0	2.098	2.039	1
1422	1.863	2.02	2.098	2.078	1
1423	1.902	2.039	2.098	2.137	1
1424	1.922	2.059	2.098	2.098	1
1425	2.0	2.098	2.098	2.059	1
1426	2.078	2.02	2.059	1.98	1
1427	2.157	2.0	2.098	1.922	1
1428	2.216	1.961	2.078	1.902	1
1429	2.255	1.941	2.098	1.882	1
1430	2.078	1.902	2.118	1.941	1
1431	1.784	1.902	2.098	2.039	1
1432	1.843	1.843	2.118	2.118	1
1433	2.02	1.902	2.039	2.078	1
1434	1.961	1.922	2.059	2.02	1
1435	2.059	1.98	2.078	1.961	1
1436	2.0	1.98	2.098	1.941	1
1437	2.02	2.0	2.078	1.941	1
1438	1.882	2.02	2.078	2.0	1
1439	1.863	2.02	2.098	2.059	1
1440	1.902	2.039	2.078	2.098	1
1441	1.922	2.098	2.059	2.059	1
1442	1.98	2.098	2.078	2.039	1
1443	2.059	2.0	2.039	1.941	1
1444	2.118	2.02	2.078	1.922	1
1445	2.196	1.98	2.098	1.882	1
1446	2.235	1.941	2.098	1.902	1
1447	2.059	1.902	2.098	1.961	1
1448	1.824	1.882	2.078	2.039	1
1449	1.843	1.882	2.039	2.098	1
1450	1.961	1.882	2.078	2.078	1
1451	1.961	1.922	2.078	2.039	1
1452	2.059	1.941	2.078	1.98	1
1453	2.039	1.961	2.078	1.941	1
1454	2.039	1.98	2.078	1.941	1
1455	1.902	1.961	2.098	2.0	1
1456	1.863	1.98	2.059	2.059	1
1457	1.922	2.02	2.078	2.118	1
1458	2.039	2.059	2.078	2.118	1
1459	2.02	2.039	2.078	2.02	1
1460	2.059	1.961	2.059	1.98	1
1461	2.098	1.941	2.059	1.902	1
1462	2.235	1.922	2.098	1.882	1
1463	2.255	1.902	2.098	1.902	1
1464	2.098	1.843	2.118	1.961	1
1465	1.843	1.824	2.078	2.039	1
1466	1.784	1.765	2.059	2.078	1
1467	2.02	1.824	2.078	2.078	1
1468	1.961	1.843	2.059	2.039	1
1469	2.059	1.843	2.059	1.98	1
1470	2.039	1.863	2.059	1.941	1
1471	2.059	1.882	2.078	1.961	1
1472	1.922	1.902	2.098	2.0	1
1473	1.863	1.902	2.039	2.059	1
1474	1.941	1.922	2.02	2.078	1
1475	1.961	1.961	2.098	2.078	1
1476	1.961	1.98	2.078	2.078	1
1477	2.059	1.922	2.059	1.961	1
1478	2.118	1.863	2.078	1.922	1
1479	2.235	1.882	2.059	1.902	1
1480	2.275	1.824	2.059	1.882	1
1481	2.098	1.804	2.078	1.941	1
1482	1.824	1.784	2.078	2.02	1
1483	1.804	1.784	2.078	2.137	1
1484	1.902	1.843	2.059	2.118	1
1485	1.922	1.882	2.078	2.078	1
1486	2.0	1.902	2.078	2.039	1
1487	1.961	1.902	2.078	1.98	1
1488	2.0	1.922	2.059	2.0	1
1489	1.863	1.961	2.059	2.02	1
1490	1.804	1.961	2.059	2.078	1
1491	1.863	2.0	2.039	2.118	1
1492	1.882	2.078	2.118	2.118	1
1493	1.882	2.059	2.118	2.078	1
1494	1.98	1.961	2.059	2.0	1
1495	2.059	1.961	2.078	1.961	1
1496	2.157	1.941	2.098	1.922	1
1497	2.176	1.882	2.118	1.941	1
1498	2.02	1.863	2.098	1.961	1
1499	1.725	1.863	2.118	2.059	1
