time	channel1	channel2	channel3	channel4	class
0	1.882	2.0	2.098	2.098	0
1	1.863	1.882	1.98	1.961	0
2	1.902	1.98	2.0	1.843	0
3	2.0	2.02	2.059	1.765	0
4	1.98	1.902	2.098	1.804	0
5	1.941	1.725	2.118	1.922	0
6	1.922	1.667	2.059	2.059	0
7	1.882	1.706	1.961	2.118	0
8	1.882	1.784	2.02	2.118	0
9	1.922	1.824	2.078	2.059	0
10	1.941	1.804	2.078	1.961	0
11	2.059	1.961	2.176	1.922	0
12	2.118	2.078	2.255	1.882	0
13	2.078	2.0	2.157	1.922	0
14	1.941	1.902	2.0	2.02	0
15	1.882	2.0	2.059	2.078	0
16	2.02	2.196	2.176	2.157	0
17	2.059	2.294	2.176	2.157	0
18	2.137	2.294	2.078	2.0	0
19	2.118	2.373	2.176	1.902	0
20	2.196	2.431	2.216	1.863	0
21	2.196	2.353	2.255	1.863	0
22	2.098	2.157	2.235	1.941	0
23	2.059	2.118	2.157	2.059	0
24	2.078	2.039	2.118	2.078	0
25	2.059	2.0	2.196	2.118	0
26	1.882	1.98	2.255	2.137	0
27	2.039	2.098	2.176	2.059	0
28	2.059	2.078	2.078	1.98	0
29	2.039	2.039	2.02	1.922	0
30	2.0	1.98	2.078	1.922	0
31	1.902	1.922	2.157	2.039	0
32	1.824	1.98	2.157	2.157	0
33	1.863	2.098	2.118	2.157	0
34	1.922	2.118	1.98	2.118	0
35	1.882	2.039	1.902	1.961	0
36	1.922	2.039	1.98	1.824	0
37	2.02	2.059	2.118	1.804	0
38	1.941	1.882	2.118	1.843	0
39	1.843	1.824	2.039	1.961	0
40	1.784	1.765	1.961	2.078	0
41	1.784	1.647	1.922	2.157	0
42	1.784	1.608	2.02	2.137	0
43	1.784	1.51	1.922	2.039	0
44	1.745	1.529	1.863	1.882	0
45	1.824	1.706	1.98	1.843	0
46	1.961	1.804	2.059	1.863	0
47	1.941	1.647	2.059	1.961	0
48	1.941	1.667	2.098	2.098	0
49	2.0	1.686	2.02	2.157	0
50	2.059	1.824	2.078	2.176	0
51	2.157	1.961	2.098	2.098	0
52	2.059	1.863	2.098	2.02	0
53	1.922	1.843	2.039	1.922	0
54	1.902	1.902	2.02	1.824	0
55	1.882	1.882	1.98	1.784	0
56	1.941	1.804	2.039	1.882	0
57	2.098	1.804	2.078	2.039	0
58	2.078	1.667	2.059	2.098	0
59	2.157	1.647	2.118	2.176	0
60	2.078	1.627	2.157	2.196	0
61	2.098	1.706	2.059	2.137	0
62	1.902	1.765	2.059	2.0	0
63	1.922	1.98	2.098	1.882	0
64	2.0	1.902	2.059	1.863	0
65	1.961	1.863	2.078	1.98	0
66	2.0	1.961	2.176	2.176	0
67	2.039	2.176	2.275	2.314	0
68	2.118	2.235	2.216	2.275	0
69	2.059	2.059	2.039	2.098	0
70	2.137	2.098	2.078	1.882	0
71	2.176	2.196	2.137	1.765	0
72	2.118	2.333	2.235	1.745	0
73	2.098	2.333	2.255	1.922	0
74	2.039	2.255	2.216	2.098	0
75	2.039	2.137	2.314	2.176	0
76	2.078	2.039	2.176	2.196	0
77	1.98	1.922	2.098	2.078	0
78	1.961	1.941	2.078	1.922	0
79	1.863	1.902	2.118	1.863	0
80	1.863	2.0	2.098	1.882	0
81	2.0	2.137	2.118	2.0	0
82	2.098	2.078	2.157	2.118	0
83	1.902	1.922	2.098	2.176	0
84	1.686	1.941	2.078	2.078	0
85	1.922	2.098	2.118	1.98	0
86	1.922	2.098	2.059	1.941	0
87	1.98	2.137	2.059	1.882	0
88	1.902	1.863	2.039	1.863	0
89	1.902	1.804	2.078	1.902	0
90	1.961	1.824	2.118	1.961	0
91	1.922	1.784	2.098	2.078	0
92	1.922	1.745	2.157	2.098	0
93	2.02	1.902	2.235	2.118	0
94	1.922	1.863	2.176	2.098	0
95	1.843	1.804	2.02	1.98	0
96	1.824	1.824	1.941	1.882	0
97	2.039	2.0	1.784	1.804	0
98	2.157	1.922	2.039	1.863	0
99	2.078	1.863	2.157	2.02	0
100	2.059	1.863	2.137	2.176	0
101	1.843	2.0	2.118	2.157	0
102	1.667	2.235	2.216	2.078	0
103	1.784	2.196	1.961	1.922	0
104	2.039	2.118	1.824	1.784	0
105	2.235	2.02	1.863	1.686	0
106	2.118	1.941	2.02	1.745	0
107	2.0	1.922	2.098	1.902	0
108	1.882	1.863	2.078	2.098	0
109	1.961	1.784	2.137	2.196	0
110	2.02	1.608	2.098	2.118	0
111	1.98	1.667	2.176	2.039	0
112	2.098	1.882	2.059	1.941	0
113	2.039	1.941	1.941	1.882	0
114	2.0	1.824	2.039	1.863	0
115	1.941	1.745	2.078	1.941	0
116	1.804	1.804	2.118	2.039	0
117	1.588	1.863	2.0	2.157	0
118	1.667	2.059	1.961	2.098	0
119	2.078	2.157	1.98	2.059	0
120	2.275	2.157	2.078	1.922	0
121	2.314	2.118	2.118	1.843	0
122	2.333	2.078	1.98	1.765	0
123	2.059	2.039	1.941	1.765	0
124	1.961	2.078	2.039	1.863	0
125	2.02	2.02	2.118	2.0	0
126	1.941	1.941	2.039	2.098	0
127	2.039	1.863	2.039	2.098	0
128	2.039	1.863	2.118	2.039	0
129	2.059	2.0	2.157	1.961	0
130	2.039	1.961	2.196	1.98	0
131	2.137	1.98	2.176	2.0	0
132	2.235	1.902	2.118	1.98	0
133	2.176	1.804	2.098	2.0	0
134	2.02	1.922	2.255	2.078	0
135	2.0	2.098	2.275	2.235	0
136	1.902	2.078	2.176	2.216	0
137	1.824	1.941	2.118	2.078	0
138	1.745	1.98	2.098	1.922	0
139	1.824	2.059	2.176	1.882	0
140	1.902	2.02	2.137	1.922	0
141	1.784	1.784	2.059	1.961	0
142	1.706	1.647	2.02	2.02	0
143	1.725	1.686	2.078	2.078	0
144	1.608	1.647	1.941	2.118	0
145	1.824	1.686	1.765	2.078	0
146	1.902	1.627	1.902	2.0	0
147	1.922	1.529	1.961	1.922	0
148	2.078	1.549	2.039	1.863	0
149	2.0	1.51	1.98	1.863	0
150	1.765	1.627	1.824	1.922	0
151	1.824	1.882	1.941	2.059	0
152	1.98	2.059	2.137	2.157	0
153	2.157	2.0	2.118	2.137	0
154	2.255	2.118	2.118	2.059	0
155	2.098	2.176	2.196	1.941	0
156	2.157	2.02	2.0	1.804	0
157	2.196	1.941	1.98	1.745	0
158	2.078	1.843	2.039	1.804	0
159	2.02	1.922	2.157	1.961	0
160	2.059	2.078	2.314	2.118	0
161	2.098	2.039	2.255	2.235	0
162	2.078	1.843	2.157	2.196	0
163	2.157	1.941	2.216	2.118	0
164	2.333	2.098	2.314	2.039	0
165	2.176	2.078	2.314	1.98	0
166	1.804	1.843	2.157	1.941	0
167	1.667	1.627	1.961	1.961	0
168	1.902	1.804	1.98	2.039	0
169	2.196	2.078	2.196	2.137	0
170	2.176	2.216	2.235	2.235	0
171	2.078	2.039	2.118	2.098	0
172	1.98	1.882	2.078	1.941	0
173	2.078	1.961	2.078	1.824	0
174	2.098	1.902	2.078	1.824	0
175	2.059	1.843	2.078	1.882	0
176	2.059	1.902	2.157	2.059	0
177	2.059	1.882	2.196	2.176	0
178	1.941	1.804	2.02	2.176	0
179	1.784	1.745	1.98	2.059	0
180	1.765	1.804	1.98	1.961	0
181	1.863	1.843	2.059	1.922	0
182	2.0	1.784	1.941	1.902	0
183	1.941	1.647	1.824	1.902	0
184	1.863	1.588	1.843	1.961	0
185	1.902	1.725	2.02	2.039	0
186	1.98	1.941	2.059	2.137	0
187	1.667	1.784	1.784	2.078	0
188	1.725	1.804	1.843	1.902	0
189	1.902	2.078	2.098	1.843	0
190	2.137	2.039	2.235	1.824	0
191	2.176	1.843	2.176	1.863	0
192	2.176	1.667	1.902	1.882	0
193	2.078	1.529	1.863	1.98	0
194	1.863	1.608	1.98	1.941	0
195	1.882	1.765	2.137	2.039	0
196	2.059	1.98	2.176	2.078	0
197	2.216	1.922	2.333	2.118	0
198	2.118	1.725	2.275	2.059	0
199	2.255	1.863	2.294	1.961	0
200	2.275	1.941	2.373	1.98	0
201	2.157	2.078	2.137	2.0	0
202	2.059	2.078	1.961	2.078	0
203	2.02	2.235	2.196	2.098	0
204	2.0	2.353	2.353	2.098	0
205	1.902	2.196	1.941	1.98	0
206	1.961	2.098	1.882	1.863	0
207	2.059	2.059	2.078	1.804	0
208	2.059	2.118	2.137	1.824	0
209	1.941	2.137	2.235	1.98	0
210	1.784	2.059	2.118	2.137	0
211	1.706	1.98	1.961	2.137	0
212	1.843	1.98	1.902	2.02	0
213	1.902	2.0	1.98	1.961	0
214	1.902	2.098	2.118	1.941	0
215	1.902	2.0	2.196	1.961	0
216	1.98	1.922	2.098	1.922	0
217	1.882	1.745	2.039	1.902	0
218	1.824	1.765	1.863	1.922	0
219	1.843	1.824	1.902	2.0	0
220	1.824	1.941	2.196	2.098	0
221	1.98	2.098	2.255	2.118	0
222	1.922	2.078	2.059	2.0	0
223	1.902	1.961	1.902	1.843	0
224	1.863	1.98	2.0	1.725	0
225	1.922	2.02	2.137	1.765	0
226	1.882	1.941	2.216	1.941	0
227	1.843	1.784	2.216	2.098	0
228	1.922	1.686	2.255	2.157	0
229	1.902	1.686	2.098	2.137	0
230	1.745	1.627	1.725	2.059	0
231	1.725	1.667	1.686	1.922	0
232	1.765	1.863	2.078	1.922	0
233	1.706	2.039	2.216	1.98	0
234	1.608	2.0	2.137	2.078	0
235	1.647	2.0	2.098	2.196	0
236	1.824	1.863	2.039	2.255	0
237	1.863	1.824	1.941	2.196	0
238	2.078	1.941	2.02	2.078	0
239	2.098	2.098	2.196	2.0	0
240	1.745	2.235	2.235	1.98	0
241	1.765	2.275	2.098	1.941	0
242	2.059	2.078	2.02	1.902	0
243	2.118	1.725	1.941	1.902	0
244	2.059	1.627	2.059	1.98	0
245	2.0	1.863	2.059	2.137	0
246	2.216	2.118	2.216	2.196	0
247	2.333	2.02	2.294	2.157	0
248	2.235	1.745	2.176	2.039	0
249	2.098	1.647	2.118	1.98	0
250	2.137	1.882	2.373	1.961	0
251	2.157	2.02	2.431	2.0	0
252	2.176	1.784	1.961	2.02	0
253	2.157	1.647	1.98	2.098	0
254	2.039	1.765	2.137	2.118	0
255	2.0	1.961	2.196	2.059	0
256	1.863	2.0	2.059	1.98	0
257	1.686	2.137	2.0	1.824	0
258	1.804	2.235	2.039	1.745	0
259	1.824	2.098	2.0	1.745	0
260	2.157	1.765	1.863	1.824	0
261	2.196	1.647	1.863	1.941	0
262	2.196	1.706	2.0	2.078	0
263	1.922	1.824	2.137	2.118	0
264	1.725	1.843	2.118	2.118	0
265	1.588	1.98	2.059	2.02	0
266	1.882	2.098	2.098	1.902	0
267	2.216	2.157	2.059	1.843	0
268	2.216	2.078	1.98	1.863	0
269	2.157	1.922	2.118	1.98	0
270	2.176	1.922	2.137	2.137	0
271	2.098	1.98	2.137	2.235	0
272	2.098	2.098	2.176	2.196	0
273	2.118	2.196	2.196	2.078	0
274	2.216	2.137	2.176	1.941	0
275	2.314	2.059	2.216	1.863	0
276	2.373	1.961	2.216	1.863	0
277	2.196	1.843	2.176	1.941	0
278	1.922	1.804	2.176	2.059	0
279	1.863	1.804	2.02	2.118	0
280	1.902	1.686	2.039	2.118	0
281	2.176	1.706	2.137	2.078	0
282	2.196	1.804	2.157	2.039	0
283	1.98	1.745	2.098	2.0	0
284	1.863	1.784	2.0	1.922	0
285	2.078	1.765	1.961	1.882	0
286	1.882	1.647	1.98	1.961	0
287	1.725	1.745	2.157	2.118	0
288	1.804	1.922	2.157	2.196	0
289	1.863	1.98	2.118	2.137	0
290	2.02	2.02	1.98	2.0	0
291	2.039	2.216	1.922	1.863	0
292	2.02	2.157	2.039	1.804	0
293	2.078	2.0	2.137	1.824	0
294	2.02	1.784	2.118	1.922	0
295	1.824	1.686	2.157	2.078	0
296	1.706	1.647	2.157	2.137	0
297	1.784	1.765	2.059	2.157	0
298	1.725	1.706	2.059	2.059	0
299	1.843	1.706	2.0	1.98	0
300	1.902	1.706	1.922	1.902	0
301	2.059	1.882	2.098	1.863	0
302	2.118	2.0	2.255	1.902	0
303	2.02	1.98	2.235	2.02	0
304	1.765	1.941	1.941	2.137	0
305	1.784	2.098	1.941	2.118	0
306	1.941	2.176	2.137	2.176	0
307	2.0	1.98	2.137	2.02	0
308	1.961	1.961	2.059	1.843	0
309	2.02	2.078	1.824	1.686	0
310	2.059	2.118	1.863	1.608	0
311	2.098	2.314	2.196	1.765	0
312	2.039	2.333	2.333	2.078	0
313	1.843	1.961	2.078	2.255	0
314	1.824	1.843	1.961	2.235	0
315	1.863	1.882	1.941	2.039	0
316	1.824	2.02	2.02	1.863	0
317	1.922	2.118	2.078	1.784	0
318	2.02	2.137	1.98	1.784	0
319	2.02	1.98	1.961	1.882	0
320	1.98	1.824	2.059	2.0	0
321	1.902	1.784	2.0	2.137	0
322	1.765	1.902	2.098	2.157	0
323	1.902	2.098	2.078	2.137	0
324	2.039	2.098	2.098	2.02	0
325	1.941	2.078	2.118	1.902	0
326	1.902	2.0	2.098	1.824	0
327	1.824	1.882	2.078	1.804	0
328	1.725	1.824	2.0	1.843	0
329	1.941	1.804	2.039	1.922	0
330	1.961	1.804	2.157	2.02	0
331	1.98	1.745	2.059	2.176	0
332	2.078	1.627	2.02	2.176	0
333	1.961	1.686	2.314	2.137	0
334	1.745	1.765	2.235	2.039	0
335	1.824	1.922	2.078	1.863	0
336	1.98	1.882	2.196	1.824	0
337	1.824	1.667	1.98	1.902	0
338	1.804	1.745	1.725	2.078	0
339	1.961	2.157	2.118	2.235	0
340	1.961	2.216	2.314	2.235	0
341	1.922	2.02	2.137	2.098	0
342	1.765	1.824	2.02	1.941	0
343	1.686	1.843	2.0	1.784	0
344	1.627	1.941	1.863	1.667	0
345	1.725	2.02	1.902	1.647	0
346	2.039	2.078	2.078	1.843	0
347	2.255	1.98	2.078	2.137	0
348	2.314	1.863	2.02	2.294	0
349	2.118	1.725	2.059	2.235	0
350	1.608	1.745	2.039	2.059	0
351	1.51	1.765	2.0	1.863	0
352	1.922	1.863	2.0	1.725	0
353	2.412	2.176	2.157	1.784	0
354	2.294	2.314	2.157	1.941	0
355	2.255	2.235	2.176	2.176	0
356	2.451	2.255	2.255	2.235	0
357	2.412	2.196	2.333	2.235	0
358	2.275	2.078	2.255	2.118	0
359	2.294	2.118	2.157	2.0	0
360	2.314	2.157	2.275	1.902	0
361	2.196	2.039	2.353	1.882	0
362	2.235	1.961	2.353	1.902	0
363	2.275	1.843	2.314	2.059	0
364	2.294	1.843	2.137	2.118	0
365	2.216	1.765	2.137	2.216	0
366	2.098	1.627	2.196	2.176	0
367	2.039	1.686	2.176	2.078	0
368	1.961	1.608	2.059	1.941	0
369	1.922	1.608	2.078	1.902	0
370	1.863	1.706	2.176	1.961	0
371	1.922	1.725	2.157	2.098	0
372	1.843	1.49	1.961	2.176	0
373	1.98	1.588	1.863	2.157	0
374	2.039	1.824	2.02	2.098	0
375	1.882	1.804	1.961	2.0	0
376	1.725	1.745	1.941	1.863	0
377	1.941	1.902	2.02	1.784	0
378	2.039	2.176	2.059	1.804	0
379	2.02	2.137	2.039	1.922	0
380	2.02	2.0	2.0	2.059	0
381	1.98	1.922	1.98	2.157	0
382	2.0	1.882	2.078	2.098	0
383	1.98	1.922	2.275	2.118	0
384	1.922	2.078	2.451	2.098	0
385	1.922	2.039	2.0	2.039	0
386	1.863	1.961	1.569	1.902	0
387	1.941	2.078	1.98	1.824	0
388	1.941	2.078	2.196	1.882	0
389	1.941	2.098	2.275	2.039	0
390	1.824	2.118	2.275	2.157	0
391	1.941	2.157	2.118	2.176	0
392	1.941	2.196	1.922	2.039	0
393	1.941	2.255	2.059	1.902	0
394	1.941	2.098	1.922	1.824	0
395	1.843	1.902	1.961	1.745	0
396	1.627	1.765	1.922	1.824	0
397	1.725	1.843	1.98	1.902	0
398	1.902	1.824	1.941	2.098	0
399	1.784	1.627	1.725	2.039	0
400	1.902	1.608	1.863	2.0	0
401	1.98	1.804	2.02	1.941	0
402	1.843	1.882	2.078	1.863	0
403	2.039	1.902	1.941	1.824	0
404	2.275	1.784	1.961	1.843	0
405	2.176	1.627	1.98	1.882	0
406	1.98	1.627	2.039	2.0	0
407	2.0	1.765	2.255	2.078	0
408	1.902	1.882	2.196	2.118	0
409	1.961	1.784	1.804	2.0	0
410	2.098	1.784	1.843	1.804	0
411	2.196	1.922	2.02	1.667	0
412	2.098	1.824	2.078	1.627	0
413	2.039	1.843	2.255	1.804	0
414	1.941	1.843	2.235	2.02	0
415	1.745	1.765	2.118	2.137	0
416	1.706	1.804	2.078	2.176	0
417	2.02	1.804	2.039	2.059	0
418	2.216	1.882	2.02	1.941	0
419	2.255	2.137	2.137	2.0	0
420	2.02	2.255	2.275	2.078	0
421	1.765	2.078	2.255	2.137	0
422	1.471	2.059	2.157	2.118	0
423	1.51	2.157	2.039	2.078	0
424	1.647	2.294	2.078	2.059	0
425	1.882	2.49	2.176	2.118	0
426	2.059	2.529	2.235	2.137	0
427	1.98	2.373	2.176	2.098	0
428	1.784	2.314	2.196	2.039	0
429	1.784	2.333	2.216	2.0	0
430	1.902	2.118	2.333	2.02	0
431	1.863	1.961	2.314	2.078	0
432	2.0	1.98	2.098	2.176	0
433	2.0	2.039	2.098	2.255	0
434	2.02	1.961	2.235	2.196	0
435	1.98	1.922	2.216	2.078	0
436	1.961	1.961	2.216	2.0	0
437	2.02	2.0	2.157	1.882	0
438	1.961	1.902	2.098	1.863	0
439	2.059	1.843	2.216	1.961	0
440	2.118	1.824	2.157	2.118	0
441	2.157	1.902	2.098	2.196	0
442	2.078	2.098	2.157	2.176	0
443	2.157	2.0	1.922	2.02	0
444	2.137	1.863	1.902	1.843	0
445	2.275	1.961	1.98	1.745	0
446	2.275	1.902	2.118	1.725	0
447	2.196	1.941	2.235	1.882	0
448	2.078	1.843	2.098	2.078	0
449	1.98	1.569	2.0	2.137	0
450	2.078	1.431	1.961	2.098	0
451	1.863	1.353	1.941	2.02	0
452	1.804	1.431	1.961	1.902	0
453	1.765	1.588	1.961	1.843	0
454	2.0	1.804	2.059	1.843	0
455	2.176	1.784	2.059	1.882	0
456	2.176	1.765	2.137	2.059	0
457	2.039	1.667	2.059	2.216	0
458	1.863	1.549	2.059	2.216	0
459	1.784	1.784	2.078	2.176	0
460	1.706	1.843	2.039	2.02	0
461	1.745	1.765	2.02	1.863	0
462	1.882	1.863	2.02	1.745	0
463	2.0	1.843	1.902	1.706	0
464	2.02	1.725	2.078	1.765	0
465	2.059	1.647	2.157	1.98	0
466	1.922	1.686	2.039	2.137	0
467	1.902	1.784	2.118	2.196	0
468	1.863	1.667	2.098	2.157	0
469	1.863	1.471	1.98	1.961	0
470	1.98	1.431	1.922	1.843	0
471	2.02	1.686	1.922	1.765	0
472	1.882	1.804	2.02	1.765	0
473	1.98	2.0	2.157	1.922	0
474	2.039	2.0	2.216	2.098	0
475	2.255	2.196	2.216	2.196	0
476	2.412	2.196	2.176	2.216	0
477	2.255	2.255	2.098	2.098	0
478	2.059	2.235	2.118	1.922	0
479	2.0	1.961	2.039	1.824	0
480	2.137	1.922	2.078	1.765	0
481	2.275	2.098	2.235	1.863	0
482	2.196	2.157	2.392	2.02	0
483	2.137	2.078	2.49	2.196	0
484	2.0	1.961	2.392	2.216	0
485	1.961	1.784	1.902	2.157	0
486	2.02	2.059	1.98	2.039	0
487	2.137	2.314	2.294	2.0	0
488	2.078	2.216	2.51	1.961	0
489	1.98	2.118	2.431	1.961	0
490	1.824	1.922	1.843	2.0	0
491	1.843	1.941	1.706	2.078	0
492	1.824	2.196	2.275	2.118	0
493	1.863	2.294	2.255	2.176	0
494	1.843	2.294	2.039	2.039	0
495	1.784	2.137	1.882	1.882	0
496	1.863	2.216	1.961	1.765	0
497	1.882	2.275	1.98	1.745	0
498	1.863	2.137	1.961	1.804	0
499	1.902	1.882	1.882	1.941	0
500	1.902	1.647	1.725	1.98	0
501	1.824	1.608	1.824	1.98	0
502	1.647	1.686	1.98	2.0	0
503	1.667	1.804	2.0	2.0	0
504	1.843	1.902	2.0	1.961	0
505	1.941	1.902	1.961	1.941	0
506	2.039	1.902	1.98	1.922	0
507	2.039	1.941	2.078	1.98	0
508	1.843	1.863	1.961	2.059	0
509	1.765	1.863	1.922	2.137	0
510	1.569	2.118	2.078	2.098	0
511	1.765	2.333	2.137	1.98	0
512	1.863	2.431	2.078	1.882	0
513	2.098	2.412	1.961	1.784	0
514	2.157	2.275	2.02	1.745	0
515	2.392	2.235	2.176	1.863	0
516	2.275	2.157	2.314	2.078	0
517	1.961	2.02	2.333	2.314	0
518	1.765	2.039	2.275	2.275	0
519	1.706	1.843	2.098	2.157	0
520	1.686	1.843	2.02	1.98	0
521	1.686	1.824	2.039	1.863	0
522	1.863	1.804	2.078	1.824	0
523	1.804	1.765	1.98	1.843	0
524	1.902	1.824	2.02	1.961	0
525	2.157	1.843	2.078	2.078	0
526	2.157	1.824	2.255	2.157	0
527	2.392	1.882	2.333	2.235	0
528	2.196	1.843	1.961	2.176	0
529	1.784	1.882	2.02	2.02	0
530	1.804	1.961	2.275	1.863	0
531	1.98	2.059	2.353	1.804	0
532	2.196	2.196	2.392	1.882	0
533	2.039	1.961	2.333	2.0	0
534	2.059	1.667	1.804	2.137	0
535	2.275	1.725	1.647	2.176	0
536	2.333	1.706	2.118	2.098	0
537	2.255	1.706	2.314	2.078	0
538	2.294	1.961	2.412	2.02	0
539	2.255	1.961	2.373	1.98	0
540	2.137	1.902	2.216	2.0	0
541	2.098	1.667	1.922	2.02	0
542	2.059	1.745	2.0	2.078	0
543	2.098	1.863	2.118	2.098	0
544	2.0	1.824	2.02	2.078	0
545	1.98	1.863	1.961	1.98	0
546	2.137	1.941	2.059	1.902	0
547	2.137	1.961	2.078	1.843	0
548	1.961	1.843	2.098	1.824	0
549	1.824	1.706	2.098	1.902	0
550	1.745	1.588	1.98	1.98	0
551	1.765	1.471	1.745	2.0	0
552	1.882	1.647	2.078	2.078	0
553	1.941	1.647	2.157	2.059	0
554	1.765	1.627	1.863	1.98	0
555	1.824	1.725	1.961	1.941	0
556	1.843	1.941	2.255	1.922	0
557	1.843	1.961	2.235	1.941	0
558	1.549	1.804	1.922	1.961	0
559	1.569	1.745	1.667	2.02	0
560	1.843	1.667	1.804	2.0	0
561	2.137	1.824	1.941	2.0	0
562	2.176	1.863	1.961	1.98	0
563	2.137	2.118	2.216	1.961	0
564	1.863	2.176	2.216	1.941	0
565	1.686	1.902	2.0	1.863	0
566	1.843	1.765	1.941	1.824	0
567	1.902	1.824	2.0	1.941	0
568	1.902	1.706	2.0	2.059	0
569	2.0	1.804	2.098	2.137	0
570	2.098	1.882	2.294	2.176	0
571	2.118	1.824	2.255	2.176	0
572	2.078	1.745	1.941	2.059	0
573	2.078	1.804	2.118	1.961	0
574	2.02	1.824	2.157	1.882	0
575	2.098	1.863	2.275	1.882	0
576	2.137	2.078	2.353	2.0	0
577	2.176	2.373	2.294	2.157	0
578	2.196	2.412	2.196	2.196	0
579	2.059	2.176	2.039	2.118	0
580	1.941	2.059	2.078	1.922	0
581	2.118	2.216	2.157	1.765	0
582	2.059	2.216	2.118	1.706	0
583	1.941	2.02	2.196	1.804	0
584	1.902	1.882	2.196	1.941	0
585	1.98	1.843	2.157	2.157	0
586	1.98	2.02	2.157	2.137	0
587	1.961	1.706	1.882	2.059	0
588	1.882	1.529	1.608	1.902	0
589	1.843	1.706	2.0	1.784	0
590	1.863	1.961	2.235	1.824	0
591	1.843	2.039	2.176	1.922	0
592	1.824	1.843	2.196	2.098	0
593	1.784	1.745	2.098	2.255	0
594	1.706	1.804	2.078	2.314	0
595	1.686	2.02	2.078	2.235	0
596	1.765	2.059	1.961	2.059	0
597	1.824	2.137	1.843	1.882	0
598	1.902	2.333	1.941	1.765	0
599	1.922	2.392	2.039	1.784	0
600	1.784	2.255	2.078	1.902	0
601	1.706	2.098	2.078	2.137	0
602	1.686	1.98	1.98	2.294	0
603	1.529	1.902	1.961	2.176	0
604	1.588	1.863	1.961	2.059	0
605	1.745	2.0	2.039	1.941	0
606	2.078	2.02	1.961	1.941	0
607	2.157	1.961	1.824	1.941	0
608	2.02	2.196	2.059	1.941	0
609	1.745	2.353	2.333	2.02	0
610	1.549	2.255	2.176	2.118	0
611	1.686	2.039	1.863	2.157	0
612	1.843	1.863	1.745	2.039	0
613	2.196	2.118	2.02	2.0	0
614	2.255	2.275	2.137	1.902	0
615	2.294	2.294	2.118	1.863	0
616	2.216	2.275	2.196	1.843	0
617	2.02	2.235	2.373	1.922	0
618	2.02	2.039	2.314	2.059	0
619	2.176	1.941	2.157	2.196	0
620	2.039	1.824	2.0	2.176	0
621	2.098	1.941	2.0	2.098	0
622	2.137	1.902	2.078	1.98	0
623	2.275	1.824	2.176	1.922	0
624	2.412	1.765	2.196	1.922	0
625	2.235	1.784	2.314	1.941	0
626	1.961	1.784	2.392	2.02	0
627	1.961	1.863	2.118	2.137	0
628	2.176	2.039	2.078	2.216	0
629	2.255	1.961	2.216	2.176	0
630	2.137	1.922	2.176	2.078	0
631	1.941	1.922	2.078	1.941	0
632	1.98	1.902	2.098	1.843	0
633	2.157	1.922	2.196	1.824	0
634	2.353	1.941	2.275	1.902	0
635	2.137	1.667	2.176	2.0	0
636	1.804	1.529	2.118	2.137	0
637	1.686	1.569	2.0	2.157	0
638	1.98	1.667	2.0	2.098	0
639	2.157	1.765	2.039	2.039	0
640	2.216	1.549	2.039	1.961	0
641	2.196	1.431	2.196	1.941	0
642	2.196	1.667	2.275	2.0	0
643	2.039	1.863	2.255	2.118	0
644	2.02	1.843	2.176	2.157	0
645	1.941	1.686	2.137	2.059	0
646	2.078	1.922	2.137	2.078	0
647	2.216	2.118	2.059	2.0	0
648	2.078	2.0	1.902	1.902	0
649	2.137	2.02	1.961	1.804	0
650	2.137	2.137	2.235	1.824	0
651	2.098	2.137	2.373	1.902	0
652	2.0	2.039	2.373	2.039	0
653	1.961	1.784	2.098	2.157	0
654	2.059	1.667	1.902	2.039	0
655	2.196	1.804	1.98	2.0	0
656	1.98	1.863	2.176	1.961	0
657	1.765	1.804	2.216	1.941	0
658	1.725	1.765	2.118	1.941	0
659	1.843	1.725	2.0	1.922	0
660	1.961	1.725	1.961	1.961	0
661	1.902	1.686	2.02	2.039	0
662	1.804	1.725	2.118	2.098	0
663	1.784	1.686	2.039	2.118	0
664	1.784	1.686	1.804	2.039	0
665	1.765	1.647	1.608	1.843	0
666	1.804	1.961	1.98	1.725	0
667	1.843	2.0	2.098	1.765	0
668	1.824	1.804	2.157	1.882	0
669	1.745	1.725	2.059	2.0	0
670	1.706	1.647	1.882	2.098	0
671	1.784	1.647	2.0	2.098	0
672	1.843	1.647	1.784	2.02	0
673	1.765	1.549	1.686	1.902	0
674	1.725	1.569	1.843	1.804	0
675	1.804	1.863	2.039	1.804	0
676	1.941	2.176	2.078	1.824	0
677	2.02	2.255	2.176	1.941	0
678	1.961	2.216	2.373	2.078	0
679	1.882	2.039	2.098	2.176	0
680	1.902	1.98	1.608	2.137	0
681	2.059	2.118	1.765	1.941	0
682	2.059	2.118	2.137	1.784	0
683	2.098	2.314	2.235	1.686	0
684	2.059	2.353	2.314	1.725	0
685	2.0	2.137	2.314	1.843	0
686	1.863	1.941	2.176	1.941	0
687	1.882	1.765	1.588	2.059	0
688	1.941	1.843	1.804	2.039	0
689	2.196	1.882	2.333	2.059	0
690	2.157	1.706	2.196	2.078	0
691	1.824	1.608	2.098	2.0	0
692	1.569	1.667	2.157	1.902	0
693	1.784	1.882	2.098	1.882	0
694	1.922	2.02	1.843	1.941	0
695	1.961	2.0	1.922	2.039	0
696	1.922	1.961	2.059	2.196	0
697	1.922	2.118	2.176	2.216	0
698	1.745	2.137	2.0	2.118	0
699	1.667	2.157	1.882	1.98	0
700	1.902	2.392	2.098	1.882	0
701	2.216	2.569	2.196	1.902	0
702	2.431	2.549	2.196	1.98	0
703	2.49	2.392	2.275	2.118	0
704	1.882	2.235	2.255	2.216	0
705	1.471	2.196	2.196	2.216	0
706	1.843	2.314	2.157	2.157	0
707	2.059	2.235	2.157	2.098	0
708	2.216	2.118	2.098	2.0	0
709	2.275	2.118	2.137	1.922	0
710	2.235	2.157	2.176	1.922	0
711	2.235	2.078	2.196	2.039	0
712	2.059	1.961	2.255	2.137	0
713	1.961	1.922	2.157	2.235	0
714	1.765	1.941	2.255	2.216	0
715	1.745	1.98	2.118	2.098	0
716	2.078	1.922	1.961	1.902	0
717	2.333	1.784	1.902	1.725	0
718	2.314	1.647	1.941	1.686	0
719	1.98	1.529	1.98	1.765	0
720	1.706	1.588	2.098	1.961	0
721	1.765	1.725	2.196	2.098	0
722	2.275	1.706	2.118	2.118	0
723	2.294	1.51	2.059	2.098	0
724	2.059	1.412	1.961	2.02	0
725	2.0	1.686	2.078	1.922	0
726	2.176	1.863	2.216	1.902	0
727	2.196	1.922	2.157	1.902	0
728	2.235	1.902	2.196	1.961	0
729	2.235	1.902	2.196	2.078	0
730	2.098	1.902	2.196	2.235	0
731	2.02	2.0	2.255	2.196	0
732	2.118	2.137	2.216	2.098	0
733	2.216	2.176	2.275	1.98	0
734	2.275	2.333	2.333	1.902	0
735	2.275	2.333	2.333	1.902	0
736	2.137	2.157	2.235	1.941	0
737	1.98	1.98	2.235	2.02	0
738	1.882	1.843	2.118	2.118	0
739	1.922	1.686	2.039	2.157	0
740	2.02	1.706	2.118	2.098	0
741	1.98	1.569	2.118	2.039	0
742	1.98	1.569	2.314	2.0	0
743	1.824	1.549	2.216	1.98	0
744	1.667	1.471	1.824	1.941	0
745	1.784	1.49	1.706	1.941	0
746	1.863	1.569	1.843	1.961	0
747	1.922	1.627	1.98	1.98	0
748	1.824	1.686	2.02	2.118	0
749	1.804	1.725	2.078	2.059	0
750	1.765	1.706	2.157	1.98	0
751	1.843	1.902	2.176	1.882	0
752	1.745	1.686	1.765	1.824	0
753	1.706	1.569	1.686	1.784	0
754	1.824	1.706	2.0	1.863	0
755	1.863	1.804	2.059	2.039	0
756	1.863	1.804	2.078	2.118	0
757	1.784	1.804	2.176	2.157	0
758	1.745	1.882	2.039	2.098	0
759	1.765	1.922	1.725	1.961	0
760	1.706	1.98	1.843	1.804	0
761	1.667	2.02	2.0	1.784	0
762	1.667	1.863	1.941	1.804	0
763	1.784	1.765	1.902	1.961	0
764	2.02	1.843	1.941	2.059	0
765	2.02	1.882	1.961	2.118	0
766	1.941	2.098	1.98	2.039	0
767	1.765	2.02	1.961	1.882	0
768	1.706	2.02	1.784	1.725	0
769	1.961	2.02	1.784	1.627	0
770	2.078	2.039	1.922	1.725	0
771	2.098	2.0	2.118	1.922	0
772	2.02	1.902	1.961	2.118	0
773	1.863	1.765	1.745	2.137	0
774	1.961	1.843	2.059	2.039	0
775	2.294	2.0	2.176	1.98	0
776	2.294	2.078	2.176	1.941	0
777	2.333	2.353	2.373	2.0	0
778	2.392	2.392	2.431	2.039	0
779	2.255	2.176	2.294	2.078	0
780	2.0	2.118	2.373	2.118	0
781	2.078	2.137	2.255	2.176	0
782	2.157	2.294	2.137	2.196	0
783	2.255	2.451	2.137	2.118	0
784	2.196	2.373	2.216	2.0	0
785	2.255	2.373	2.353	1.902	0
786	2.333	2.314	2.412	1.882	0
787	2.333	2.235	2.471	1.941	0
788	2.255	2.078	2.333	2.039	0
789	2.157	2.0	2.059	2.098	0
790	2.0	1.882	2.098	2.137	0
791	1.843	1.725	2.157	2.098	0
792	1.863	1.686	2.157	2.02	0
793	1.902	1.765	2.02	1.941	0
794	1.804	1.824	1.922	1.882	0
795	1.824	1.902	2.059	1.882	0
796	1.902	1.863	2.078	2.0	0
797	1.961	1.843	1.98	2.078	0
798	1.843	1.804	1.863	2.078	0
799	1.725	1.922	2.098	2.157	0
800	1.686	1.941	2.0	2.118	0
801	1.667	1.784	1.941	2.078	0
802	1.863	1.784	2.0	1.961	0
803	1.824	1.804	2.039	1.863	0
804	1.784	1.706	1.98	1.843	0
805	1.784	1.529	1.804	1.922	0
806	1.725	1.529	1.863	2.02	0
807	1.824	1.941	2.059	2.157	0
808	2.098	2.118	2.196	2.235	0
809	2.098	1.941	2.275	2.235	0
810	2.02	1.725	2.157	2.157	0
811	1.941	1.706	2.039	2.02	0
812	1.863	1.843	2.0	1.863	0
813	1.922	1.961	2.039	1.882	0
814	2.078	2.137	2.118	1.98	0
815	2.078	2.196	2.176	2.078	0
816	2.039	2.235	2.196	2.137	0
817	1.961	2.275	2.137	2.098	0
818	2.039	2.137	2.098	1.961	0
819	2.137	2.157	2.078	1.843	0
820	2.137	2.0	1.98	1.745	0
821	2.02	1.706	1.961	1.706	0
822	1.961	1.647	2.176	1.784	0
823	1.961	1.784	2.235	1.961	0
824	1.902	1.843	2.078	2.176	0
825	1.824	1.804	1.961	2.176	0
826	1.941	1.686	1.843	2.039	0
827	1.98	1.608	1.843	1.843	0
828	2.078	1.627	1.941	1.725	0
829	2.275	1.863	2.078	1.725	0
830	2.02	1.922	2.118	1.843	0
831	1.863	1.941	2.078	2.039	0
832	1.863	2.0	2.118	2.137	0
833	2.02	2.196	2.078	2.216	0
834	1.922	2.314	2.039	2.118	0
835	1.824	2.314	2.02	1.961	0
836	2.137	2.333	2.02	1.843	0
837	2.294	2.157	2.0	1.784	0
838	2.333	1.922	2.176	1.804	0
839	2.235	1.784	2.02	1.961	0
840	2.118	1.863	2.216	2.137	0
841	1.843	1.863	2.353	2.235	0
842	1.843	1.863	2.294	2.275	0
843	1.98	1.765	2.294	2.196	0
844	1.784	1.569	2.118	2.059	0
845	1.725	1.471	1.902	1.882	0
846	1.902	1.647	1.941	1.863	0
847	2.039	1.765	2.039	1.902	0
848	1.941	1.804	2.196	2.0	0
849	1.98	1.765	2.196	2.137	0
850	2.0	1.725	2.078	2.157	0
851	1.882	1.882	1.922	2.098	0
852	1.98	1.98	2.098	1.941	0
853	2.078	2.235	2.235	1.784	0
854	1.961	2.275	2.275	1.784	0
855	1.98	2.157	2.235	1.843	0
856	1.941	1.961	2.118	2.0	0
857	2.02	1.961	2.137	2.118	0
858	2.059	1.98	2.157	2.137	0
859	2.0	1.941	2.118	2.118	0
860	1.98	1.902	2.059	2.039	0
861	2.039	2.039	2.078	1.961	0
862	2.118	2.137	2.196	1.922	0
863	2.176	2.118	2.216	1.922	0
864	2.137	1.961	2.294	2.0	0
865	2.0	1.961	2.196	2.118	0
866	1.843	1.961	2.0	2.157	0
867	2.02	2.039	2.02	2.118	0
868	2.118	2.137	2.02	2.039	0
869	2.176	2.098	2.039	1.902	0
870	2.098	2.098	2.098	1.804	0
871	1.941	2.039	2.137	1.765	0
872	1.941	1.843	2.02	1.804	0
873	1.882	1.608	1.902	1.902	0
874	1.824	1.608	2.039	2.078	0
875	2.02	1.647	2.137	2.098	0
876	2.059	1.647	1.922	2.059	0
877	1.961	1.627	1.824	1.902	0
878	1.863	1.588	2.0	1.824	0
879	1.882	1.765	2.196	1.824	0
880	2.039	1.922	2.275	1.902	0
881	2.02	1.824	2.176	2.02	0
882	1.902	1.765	2.0	2.059	0
883	1.882	1.843	2.157	2.039	0
884	1.824	1.922	2.118	2.118	0
885	1.765	2.039	1.902	2.039	0
886	1.882	2.02	1.961	1.922	0
887	1.902	1.961	1.98	1.765	0
888	1.941	2.0	2.039	1.686	0
889	1.941	2.02	2.039	1.706	0
890	2.078	1.902	1.863	1.882	0
891	2.118	1.745	1.902	2.059	0
892	2.118	1.667	2.137	2.078	0
893	1.941	1.706	2.098	2.059	0
894	1.647	1.706	1.941	1.98	0
895	1.686	2.0	2.0	1.882	0
896	1.941	2.216	2.098	1.922	0
897	2.02	2.216	2.078	2.0	0
898	2.098	1.961	2.098	2.098	0
899	2.157	1.804	2.098	2.118	0
900	2.078	1.922	2.0	2.098	0
901	1.804	2.078	2.02	2.098	0
902	1.784	2.294	2.118	2.059	0
903	1.824	2.392	2.176	2.0	0
904	1.961	2.471	2.235	2.02	0
905	1.941	2.451	2.235	2.02	0
906	1.98	2.353	2.216	2.039	0
907	2.078	2.275	2.275	2.137	0
908	2.02	2.176	2.275	2.196	0
909	1.902	2.02	2.157	2.235	0
910	1.843	1.922	2.196	2.157	0
911	1.882	1.843	2.137	2.137	0
912	1.863	1.882	2.118	2.02	0
913	1.961	2.0	2.137	1.961	0
914	2.039	2.0	2.098	1.922	0
915	1.961	1.863	2.059	1.941	0
916	1.863	1.745	2.039	2.02	0
917	1.804	1.882	2.078	2.078	0
918	1.765	2.0	2.098	2.098	0
919	1.745	2.039	2.039	2.02	0
920	1.824	1.941	1.961	1.843	0
921	1.882	2.0	1.902	1.706	0
922	2.157	1.941	2.02	1.745	0
923	2.216	1.765	2.118	1.843	0
924	2.02	1.49	2.118	1.961	0
925	1.725	1.373	1.902	2.059	0
926	1.353	1.471	1.765	2.078	0
927	1.549	1.627	1.922	2.0	0
928	1.725	1.471	2.059	1.902	0
929	2.137	1.627	2.039	1.902	0
930	2.451	1.765	2.157	2.0	0
931	2.412	1.627	2.235	2.0	0
932	1.961	1.549	2.059	2.0	0
933	1.725	1.686	2.039	2.0	0
934	1.941	1.902	2.137	2.02	0
935	2.216	2.078	2.176	2.118	0
936	2.314	2.216	2.098	2.137	0
937	2.235	2.157	2.098	2.039	0
938	2.255	2.216	2.176	1.941	0
939	2.314	2.235	2.176	1.843	0
940	2.098	2.176	2.098	1.824	0
941	2.039	2.196	2.039	1.922	0
942	2.333	2.137	2.039	2.039	0
943	2.373	1.882	2.118	2.137	0
944	2.176	1.706	2.118	2.157	0
945	1.98	1.686	2.118	2.078	0
946	1.824	1.863	2.118	1.98	0
947	1.98	2.02	2.137	1.902	0
948	2.118	1.961	1.98	1.863	0
949	2.078	1.784	2.255	1.882	0
950	2.118	1.706	2.216	2.039	0
951	1.98	1.627	1.745	2.157	0
952	1.922	1.588	1.941	2.216	0
953	2.0	1.941	2.216	2.118	0
954	2.0	1.863	2.216	1.961	0
955	1.902	1.882	2.176	1.843	0
956	1.98	2.078	2.216	1.784	0
957	2.078	2.078	2.235	1.804	0
958	1.941	1.882	2.157	1.922	0
959	1.843	1.706	2.0	2.039	0
960	1.882	1.824	2.059	2.098	0
961	1.922	1.824	2.196	2.157	0
962	1.922	1.765	2.118	2.137	0
963	1.922	1.863	2.078	2.0	0
964	1.941	1.961	2.059	1.902	0
965	1.922	1.98	2.02	1.824	0
966	1.863	1.843	2.0	1.824	0
967	1.784	1.941	2.078	1.922	0
968	1.804	2.078	2.059	2.098	0
969	1.843	2.137	2.059	2.137	0
970	1.922	2.235	2.314	2.157	0
971	1.882	2.0	2.255	2.059	0
972	1.902	1.804	1.608	1.843	0
973	2.039	1.765	1.569	1.706	0
974	2.0	1.922	2.137	1.686	0
975	1.902	1.941	2.255	1.863	0
976	1.824	1.824	2.078	2.078	0
977	1.843	1.961	1.961	2.176	0
978	1.882	1.902	2.078	2.176	0
979	1.784	1.745	2.039	2.078	0
980	1.843	1.725	1.961	1.922	0
981	1.941	1.804	1.98	1.824	0
982	2.039	1.843	1.961	1.824	0
983	2.02	1.804	1.941	1.824	0
984	2.0	1.882	2.039	1.98	0
985	1.922	1.98	2.137	2.176	0
986	1.804	2.0	2.0	2.216	0
987	1.922	2.02	1.961	2.118	0
988	2.02	2.176	2.02	1.941	0
989	2.098	2.314	2.157	1.804	0
990	2.118	2.294	2.098	1.765	0
991	2.118	2.235	2.098	1.843	0
992	2.0	2.02	2.039	1.961	0
993	1.863	1.961	2.098	2.098	0
994	1.863	1.941	2.176	2.196	0
995	1.961	1.843	2.098	2.157	0
996	1.922	1.824	2.078	2.059	0
997	1.902	1.941	2.078	1.98	0
998	1.863	2.039	2.059	1.922	0
999	1.843	2.098	2.02	1.922	0
1000	2.039	2.02	2.196	2.0	0
1001	2.039	1.882	2.157	2.098	0
1002	1.98	1.941	2.118	2.196	0
1003	2.02	2.098	2.216	2.294	0
1004	1.902	2.275	2.294	2.196	0
1005	1.824	2.176	2.176	2.059	0
1006	1.843	2.118	1.961	1.882	0
1007	1.882	2.0	1.961	1.765	0
1008	2.02	1.98	2.059	1.784	0
1009	2.078	1.863	2.118	1.882	0
1010	2.078	1.824	2.137	2.059	0
1011	2.02	1.824	2.196	2.196	0
1012	2.059	1.863	2.137	2.176	0
1013	2.0	1.784	2.078	2.098	0
1014	1.98	1.784	2.098	2.02	0
1015	2.078	1.784	2.137	1.961	0
1016	2.176	1.941	2.196	1.941	0
1017	2.176	1.961	2.196	1.98	0
1018	2.078	1.804	2.059	2.039	0
1019	2.0	1.804	2.078	2.059	0
1020	1.98	1.941	2.176	2.157	0
1021	1.98	2.059	2.176	2.176	0
1022	2.059	1.98	2.059	2.059	0
1023	2.118	2.0	2.196	1.882	0
1024	2.078	1.902	2.196	1.804	0
1025	1.941	1.824	2.0	1.804	0
1026	1.98	1.784	1.863	1.922	0
1027	2.039	1.745	2.098	2.078	0
1028	1.961	1.627	2.157	2.137	0
1029	1.922	1.529	2.137	2.176	0
1030	1.941	1.529	2.02	2.098	0
1031	1.863	1.49	1.98	2.02	0
1032	1.941	1.588	2.098	1.922	0
1033	2.0	1.745	2.02	1.922	0
1034	2.02	1.745	2.098	1.941	0
1035	1.902	1.647	2.118	2.059	0
1036	1.824	1.627	1.863	2.137	0
1037	1.784	1.863	1.882	2.118	0
1038	1.98	2.118	2.098	2.059	0
1039	2.02	2.02	1.941	1.941	0
1040	2.039	2.039	2.098	1.882	0
1041	2.118	2.137	2.059	1.882	0
1042	2.137	2.098	2.196	1.882	0
1043	2.0	1.804	2.059	1.961	0
1044	2.02	1.725	2.0	2.059	0
1045	2.02	1.804	2.0	2.137	0
1046	1.882	1.843	2.118	2.098	0
1047	1.922	1.843	2.137	2.098	0
1048	1.961	1.902	2.216	2.0	0
1049	2.02	2.039	2.118	1.922	0
1050	2.118	2.216	1.941	1.922	0
1051	2.176	2.157	2.196	1.961	0
1052	2.176	2.118	2.275	2.059	0
1053	1.961	1.941	2.078	2.118	0
1054	2.02	1.922	2.039	2.137	0
1055	2.0	2.137	2.157	2.078	0
1056	2.039	2.314	2.137	1.961	0
1057	1.98	2.333	2.157	1.863	0
1058	2.059	2.294	2.157	1.804	0
1059	2.098	2.235	2.176	1.824	0
1060	2.039	2.039	2.137	1.902	0
1061	2.02	2.02	2.137	2.0	0
1062	1.98	1.941	2.235	2.137	0
1063	1.922	1.863	2.176	2.118	0
1064	1.824	1.667	1.922	2.098	0
1065	1.804	1.686	2.098	1.98	0
1066	1.843	1.706	2.098	1.902	0
1067	1.961	1.725	1.863	1.843	0
1068	1.824	1.647	2.039	1.843	0
1069	1.529	1.431	2.059	1.961	0
1070	1.49	1.451	2.039	2.098	0
1071	1.529	1.667	2.039	2.157	0
1072	1.784	1.725	1.941	2.039	0
1073	1.941	1.745	1.784	1.882	0
1074	2.0	1.804	1.784	1.725	0
1075	1.941	2.078	2.039	1.745	0
1076	2.0	2.314	2.294	1.863	0
1077	2.039	2.314	2.157	2.039	0
1078	1.941	2.039	2.039	2.137	0
1079	1.902	1.765	1.922	2.078	0
1080	1.804	1.843	1.922	1.961	0
1081	1.706	2.0	2.0	1.941	0
1082	1.922	2.235	2.039	1.922	0
1083	2.294	2.353	2.039	1.902	0
1084	2.471	2.294	2.059	1.941	0
1085	2.392	2.157	2.118	1.922	0
1086	2.275	2.176	2.275	2.078	0
1087	2.078	2.196	2.216	2.216	0
1088	1.902	2.157	2.157	2.235	0
1089	1.902	2.235	2.118	2.098	0
1090	1.961	2.216	2.098	1.961	0
1091	2.02	2.255	2.118	1.863	0
1092	2.176	2.176	2.118	1.824	0
1093	2.118	2.0	2.137	1.863	0
1094	1.961	1.863	2.176	1.902	0
1095	2.0	1.804	2.098	2.059	0
1096	2.078	1.824	2.098	2.098	0
1097	2.039	1.843	2.176	2.196	0
1098	1.961	1.863	2.196	2.157	0
1099	2.078	1.941	2.255	2.078	0
1100	2.039	1.98	2.275	2.039	0
1101	1.745	1.941	2.059	1.941	0
1102	1.941	1.922	2.039	1.882	0
1103	2.196	1.882	2.098	1.941	0
1104	2.176	1.882	2.157	2.098	0
1105	2.275	2.039	2.275	2.216	0
1106	2.157	2.078	2.294	2.255	0
1107	1.941	1.961	2.078	2.098	0
1108	1.863	1.941	1.98	1.863	0
1109	1.922	1.961	2.02	1.706	0
1110	1.98	2.039	2.039	1.745	0
1111	2.0	1.784	2.02	1.843	0
1112	2.059	1.706	2.0	2.0	0
1113	2.02	1.647	2.0	2.137	0
1114	2.02	1.706	1.98	2.098	0
1115	1.941	1.725	2.118	2.059	0
1116	1.824	1.745	2.137	2.02	0
1117	1.784	1.765	2.137	1.98	0
1118	1.804	1.784	2.137	1.961	0
1119	1.824	1.784	2.118	1.961	0
1120	1.843	1.745	2.0	1.98	0
1121	1.804	1.765	1.863	2.078	0
1122	1.784	1.941	2.02	2.078	0
1123	1.725	2.02	2.176	2.098	0
1124	1.863	1.941	2.176	2.078	0
1125	1.941	2.0	2.333	1.98	0
1126	1.922	1.961	2.255	1.882	0
1127	1.843	1.725	1.725	1.804	0
1128	1.98	1.627	1.745	1.863	0
1129	1.98	1.608	2.157	1.961	0
1130	1.902	1.49	2.196	2.118	0
1131	1.804	1.647	2.196	2.176	0
1132	1.627	1.51	2.196	2.157	0
1133	1.706	1.353	1.882	2.02	0
1134	1.922	1.255	1.686	1.863	0
1135	2.098	1.647	1.843	1.765	0
1136	2.0	1.824	2.039	1.824	0
1137	1.98	1.804	2.216	2.02	0
1138	2.059	2.0	2.235	2.216	0
1139	2.039	2.118	2.078	2.294	0
1140	2.039	2.039	2.0	2.216	0
1141	2.098	2.02	2.059	1.98	0
1142	2.098	2.216	2.02	1.804	0
1143	2.176	2.294	2.02	1.725	0
1144	2.098	2.314	2.118	1.804	0
1145	2.059	2.353	2.255	2.0	0
1146	2.176	2.196	2.137	2.157	0
1147	2.176	2.157	2.098	2.216	0
1148	2.098	2.118	2.196	2.157	0
1149	2.118	2.118	2.196	2.078	0
1150	2.196	2.137	2.157	1.98	0
1151	2.137	2.098	2.118	1.941	0
1152	2.039	2.078	2.059	1.902	0
1153	2.02	1.98	2.118	1.922	0
1154	1.98	1.961	2.137	2.02	0
1155	2.02	1.843	2.039	2.137	0
1156	2.0	1.941	1.961	2.157	0
1157	2.039	1.922	2.059	2.039	0
1158	2.078	1.902	2.02	1.922	0
1159	2.0	2.0	1.98	1.824	0
1160	2.0	2.02	2.078	1.804	0
1161	2.059	2.039	2.176	1.843	0
1162	2.098	1.961	2.196	1.922	0
1163	2.0	1.765	2.059	2.02	0
1164	1.882	1.706	2.059	2.118	0
1165	1.882	1.667	2.078	2.098	0
1166	1.902	1.706	2.196	2.059	0
1167	1.902	1.863	2.137	1.961	0
1168	1.863	1.863	2.0	1.922	0
1169	1.902	1.882	1.961	1.863	0
1170	1.941	1.902	2.176	1.941	0
1171	1.843	1.882	2.255	2.0	0
1172	1.686	1.902	2.098	2.059	0
1173	1.706	2.059	1.824	2.176	0
1174	1.765	2.157	1.961	2.098	0
1175	1.961	2.137	2.098	1.961	0
1176	2.02	2.176	2.098	1.843	0
1177	2.059	2.216	2.02	1.765	0
1178	2.0	2.196	2.059	1.804	0
1179	1.922	2.059	2.078	1.902	0
1180	1.941	1.98	2.078	2.02	0
1181	1.961	1.941	2.059	2.098	0
1182	1.941	1.961	2.0	2.098	0
1183	1.961	1.902	1.961	2.0	0
1184	2.039	1.922	2.02	1.941	0
1185	2.02	1.902	2.098	1.902	0
1186	1.902	1.961	2.098	1.922	0
1187	1.804	1.922	2.059	2.0	0
1188	1.843	1.863	2.098	2.059	0
1189	1.961	1.882	2.098	2.098	0
1190	1.961	1.922	2.039	2.059	0
1191	2.039	1.961	2.059	2.02	0
1192	2.078	1.922	2.137	2.0	0
1193	1.98	2.078	2.157	2.0	0
1194	1.804	2.078	2.196	1.922	0
1195	1.784	1.882	2.098	1.902	0
1196	1.804	1.725	2.0	1.902	0
1197	1.922	1.804	2.039	2.0	0
1198	2.039	1.922	2.176	2.078	0
1199	2.078	1.902	2.176	2.137	0
1200	1.98	1.745	2.157	2.137	0
1201	1.941	1.765	2.059	2.059	0
1202	2.0	1.824	2.02	1.961	0
1203	2.059	1.843	2.059	1.863	0
1204	2.098	1.902	2.137	1.902	0
1205	2.137	2.0	2.176	2.02	0
1206	2.098	2.02	2.196	2.137	0
1207	2.039	2.0	2.078	2.216	0
1208	1.98	1.961	2.02	2.118	0
1209	2.0	2.0	2.098	1.98	0
1210	2.0	2.02	2.118	1.882	0
1211	2.078	1.961	2.039	1.784	0
1212	2.039	2.0	1.98	1.765	0
1213	1.98	2.0	1.98	1.863	0
1214	2.039	1.882	1.98	1.961	0
1215	2.118	1.725	2.0	2.02	0
1216	2.118	1.667	2.059	2.098	0
1217	1.961	1.627	2.118	2.118	0
1218	1.882	1.804	2.098	2.039	0
1219	1.882	1.882	2.157	1.98	0
1220	2.0	1.922	2.098	1.922	0
1221	2.039	1.863	2.059	1.941	0
1222	1.98	1.843	2.098	2.0	0
1223	1.941	1.804	2.078	2.098	0
1224	1.882	1.941	2.157	2.078	0
1225	2.0	2.059	2.235	2.118	0
1226	2.059	1.961	1.941	2.02	0
1227	2.039	2.02	2.118	1.922	0
1228	1.98	2.078	2.196	1.863	0
1229	2.0	2.02	2.255	1.863	0
1230	2.0	1.863	2.176	1.941	0
1231	1.961	1.804	2.098	2.059	0
1232	1.961	1.745	2.137	2.137	0
1233	1.863	1.725	2.098	2.137	0
1234	1.882	1.706	2.078	2.059	0
1235	1.902	1.824	2.078	2.0	0
1236	1.941	1.843	2.039	1.922	0
1237	1.961	1.902	2.059	1.902	0
1238	2.0	1.863	2.078	1.922	0
1239	1.902	1.863	2.078	1.98	0
1240	1.863	1.882	2.059	2.059	0
1241	1.902	2.039	2.078	2.176	0
1242	1.882	2.078	2.059	2.098	0
1243	1.922	2.0	2.0	2.0	0
1244	1.941	2.039	2.059	1.882	0
1245	1.98	2.039	2.059	1.784	0
1246	2.0	1.941	1.961	1.784	0
1247	1.961	1.824	2.02	1.863	0
1248	1.863	1.706	2.196	2.02	0
1249	1.824	1.706	2.157	2.157	0
1250	1.902	1.784	1.922	2.098	0
1251	1.863	1.686	1.843	2.059	0
1252	1.882	1.706	2.0	1.98	0
1253	1.922	1.784	2.196	1.922	0
1254	1.961	1.843	2.176	1.922	0
1255	1.922	1.843	2.059	1.922	0
1256	1.902	1.863	2.039	2.0	0
1257	1.843	1.784	2.02	2.098	0
1258	1.843	1.922	1.941	2.098	0
1259	1.882	2.039	1.961	2.078	0
1260	1.98	2.078	2.0	1.98	0
1261	2.0	2.059	2.059	1.882	0
1262	1.98	2.0	2.0	1.843	0
1263	2.02	2.0	2.098	1.804	0
1264	2.0	1.922	2.078	1.882	0
1265	1.922	1.824	1.961	2.0	0
1266	1.922	1.765	1.98	2.157	0
1267	1.882	1.804	2.02	2.098	0
1268	1.961	1.765	2.0	2.039	0
1269	2.02	1.863	2.059	1.98	0
1270	2.078	1.961	2.098	1.941	0
1271	2.118	1.922	2.078	1.922	0
1272	2.059	1.882	2.098	1.922	0
1273	2.039	1.902	2.118	2.02	0
1274	2.02	1.98	2.098	2.078	0
1275	1.941	2.059	2.118	2.137	0
1276	2.02	2.176	2.118	2.137	0
1277	2.078	2.176	2.078	2.02	0
1278	2.078	2.157	2.078	1.882	0
1279	2.098	2.196	2.098	1.804	0
1280	2.098	2.137	2.137	1.784	0
1281	2.059	2.039	2.118	1.902	0
1282	2.0	1.922	2.098	2.02	0
1283	2.0	1.863	2.118	2.157	0
1284	2.0	1.902	2.137	2.157	0
1285	1.98	1.843	2.118	2.137	0
1286	2.0	1.863	2.098	2.02	0
1287	2.02	1.863	2.118	1.98	0
1288	2.039	1.922	2.098	1.902	0
1289	2.0	1.902	2.098	1.941	0
1290	1.961	1.863	2.118	2.0	0
1291	1.922	1.902	2.137	2.137	0
1292	1.882	2.02	2.118	2.176	0
1293	1.98	2.098	2.137	2.176	0
1294	2.0	2.098	2.118	2.039	0
1295	1.98	2.059	2.078	1.922	0
1296	2.039	2.059	2.078	1.804	0
1297	2.02	2.039	2.118	1.804	0
1298	1.98	1.922	2.137	1.922	0
1299	1.902	1.824	2.078	2.078	0
1300	1.882	1.824	2.078	2.157	0
1301	1.98	1.824	2.118	2.176	0
1302	1.941	1.784	2.137	2.098	0
1303	1.902	1.784	2.078	2.02	0
1304	1.941	1.824	2.098	1.961	0
1305	1.98	1.882	2.098	1.902	0
1306	1.98	1.882	2.078	1.922	0
1307	1.941	1.843	2.098	2.02	0
1308	1.941	1.902	2.118	2.137	0
1309	1.863	2.0	2.176	2.176	0
1310	1.941	2.039	2.118	2.157	0
1311	1.98	2.059	2.039	2.039	0
1312	1.961	2.039	2.039	1.902	0
1313	2.0	2.039	2.078	1.824	0
1314	2.039	2.039	2.098	1.784	0
1315	2.039	1.941	2.078	1.882	0
1316	1.961	1.843	2.098	2.02	0
1317	1.941	1.784	2.118	2.098	0
1318	1.98	1.784	2.078	2.118	0
1319	1.961	1.765	2.059	2.059	0
1320	1.961	1.804	2.059	1.98	0
1321	1.961	1.824	2.078	1.941	0
1322	1.98	1.863	2.059	1.902	0
1323	1.98	1.902	2.098	1.882	0
1324	1.941	1.882	2.118	2.02	0
1325	1.922	1.902	2.098	2.078	0
1326	1.902	1.961	2.078	2.176	0
1327	1.922	2.059	2.098	2.157	0
1328	2.0	2.078	2.059	2.0	0
1329	1.941	2.098	2.059	1.902	0
1330	1.98	2.098	2.098	1.784	0
1331	2.0	2.039	2.098	1.824	0
1332	1.961	1.961	2.098	1.902	0
1333	1.922	1.863	2.098	2.039	0
1334	1.922	1.863	2.137	2.157	0
1335	1.961	1.863	2.137	2.137	0
1336	1.941	1.804	2.078	2.098	0
1337	1.922	1.843	2.078	1.98	0
1338	1.961	1.863	2.078	1.941	0
1339	1.98	1.922	2.098	1.882	0
1340	2.02	1.941	2.098	1.882	0
1341	1.941	1.922	2.098	2.0	0
1342	1.902	1.922	2.098	2.078	0
1343	1.863	2.02	2.078	2.137	0
1344	1.922	2.098	2.137	2.137	0
1345	1.98	2.137	2.078	2.039	0
1346	1.98	2.137	2.059	1.882	0
1347	2.02	2.118	2.059	1.784	0
1348	2.0	2.098	2.078	1.784	0
1349	1.98	1.961	2.118	1.863	0
1350	1.961	1.902	2.059	2.0	0
1351	1.941	1.882	2.059	2.02	0
1352	1.941	1.882	2.078	2.098	0
1353	1.98	1.843	2.078	2.078	0
1354	1.941	1.882	2.078	2.02	0
1355	1.98	1.902	2.098	1.961	0
1356	1.961	1.922	2.078	1.902	0
1357	2.0	1.941	2.039	1.882	0
1358	1.961	1.922	2.078	1.98	0
1359	1.922	1.941	2.078	2.118	0
1360	1.922	2.0	2.078	2.157	0
1361	2.0	2.078	2.098	2.157	0
1362	2.0	2.137	2.078	2.059	0
1363	1.98	2.098	2.059	1.922	0
1364	2.02	2.098	2.059	1.824	0
1365	2.039	2.039	2.059	1.784	0
1366	2.02	1.941	2.078	1.882	0
1367	1.941	1.843	2.078	2.02	0
1368	1.941	1.824	2.059	2.137	0
1369	1.882	1.824	2.078	2.118	0
1370	1.922	1.745	2.059	2.098	0
1371	1.941	1.824	2.059	2.02	0
1372	1.98	1.804	2.078	1.941	0
1373	2.0	1.882	2.059	1.902	0
1374	2.02	1.863	2.059	1.902	0
1375	1.961	1.843	2.059	1.961	0
1376	1.902	1.843	2.078	2.059	0
1377	1.882	1.863	2.098	2.137	0
1378	1.98	1.961	2.078	2.137	0
1379	2.02	2.039	2.059	2.039	0
1380	2.0	2.039	2.059	1.922	0
1381	2.02	2.039	2.098	1.804	0
1382	2.039	2.0	2.098	1.804	0
1383	2.039	1.902	2.098	1.863	0
1384	2.0	1.824	2.098	2.0	0
1385	1.941	1.765	2.059	2.137	0
1386	2.0	1.745	2.059	2.137	0
1387	2.0	1.784	2.137	2.098	0
1388	1.961	1.824	2.118	2.02	0
1389	2.0	1.784	2.098	1.961	0
1390	1.98	1.843	2.098	1.902	0
1391	2.039	1.824	2.098	1.882	0
1392	1.98	1.784	2.098	1.941	0
1393	1.98	1.804	2.098	2.039	0
1394	1.98	1.863	2.118	2.137	0
1395	2.02	1.98	2.137	2.118	0
1396	2.039	2.02	2.078	2.059	0
1397	2.02	1.98	2.059	1.902	0
1398	2.098	2.02	2.078	1.804	0
1399	2.059	1.98	2.078	1.784	0
1400	2.039	1.843	2.098	1.863	0
1401	1.98	1.745	2.078	2.0	0
1402	1.98	1.725	2.098	2.137	0
1403	1.922	1.765	2.118	2.176	0
1404	2.0	1.706	2.098	2.078	0
1405	2.0	1.784	2.078	2.02	0
1406	2.039	1.784	2.059	1.922	0
1407	2.059	1.804	2.039	1.863	0
1408	2.059	1.824	2.059	1.863	0
1409	2.02	1.765	2.098	1.941	0
1410	2.02	1.804	2.078	2.059	0
1411	2.039	1.863	2.039	2.137	0
1412	2.02	1.922	2.039	2.098	0
1413	2.02	2.098	2.039	2.0	0
1414	1.882	2.098	2.118	1.922	0
1415	1.922	2.118	2.118	1.882	0
1416	2.02	2.02	2.059	1.863	0
1417	2.098	1.902	2.059	1.902	0
1418	2.0	1.843	2.078	1.98	0
1419	1.922	1.843	2.059	2.137	0
1420	1.922	1.902	2.098	2.157	0
1421	1.882	1.882	2.098	2.118	0
1422	1.843	1.902	2.098	2.098	0
1423	1.902	1.902	2.118	2.039	0
1424	1.922	1.941	2.098	2.0	0
1425	1.961	1.922	2.078	1.941	0
1426	1.961	1.902	2.098	1.98	0
1427	1.922	1.922	2.118	2.078	0
1428	1.882	2.02	2.118	2.216	0
1429	1.863	2.059	2.137	2.176	0
1430	2.0	2.078	2.059	2.078	0
1431	2.0	2.059	2.039	1.922	0
1432	2.039	2.059	2.078	1.824	0
1433	2.078	2.02	2.059	1.824	0
1434	2.039	1.922	2.078	1.843	0
1435	2.0	1.843	2.059	2.039	0
1436	1.98	1.824	2.098	2.157	0
1437	1.941	1.843	2.098	2.157	0
1438	1.961	1.784	2.078	2.157	0
1439	1.961	1.804	2.078	2.039	0
1440	1.98	1.824	2.059	1.961	0
1441	2.0	1.863	2.078	1.882	0
1442	2.02	1.882	2.078	1.882	0
1443	1.98	1.863	2.078	1.961	0
1444	2.0	1.882	2.078	2.078	0
1445	1.941	1.961	2.059	2.196	0
1446	1.961	2.078	2.098	2.176	0
1447	2.0	2.118	2.078	2.078	0
1448	1.98	2.059	2.078	1.922	0
1449	2.039	2.078	2.078	1.843	0
1450	2.039	2.039	2.078	1.784	0
1451	2.02	1.941	2.098	1.863	0
1452	1.98	1.843	2.118	2.0	0
1453	1.961	1.804	2.098	2.078	0
1454	2.059	1.843	2.098	2.118	0
1455	1.98	1.784	2.118	2.098	0
1456	1.961	1.804	2.078	2.039	0
1457	1.98	1.843	2.078	1.941	0
1458	2.02	1.882	2.078	1.882	0
1459	2.02	1.902	2.078	1.882	0
1460	1.98	1.863	2.118	1.961	0
1461	1.961	1.863	2.078	2.078	0
1462	1.922	1.961	2.098	2.118	0
1463	2.0	2.02	2.098	2.137	0
1464	2.02	2.059	2.059	2.039	0
1465	2.02	2.039	2.059	1.902	0
1466	2.078	2.078	2.098	1.804	0
1467	2.059	2.02	2.059	1.765	0
1468	2.039	1.922	2.078	1.863	0
1469	2.02	1.824	2.098	1.98	0
1470	1.961	1.784	2.059	2.137	0
1471	1.941	1.765	2.078	2.098	0
1472	1.941	1.824	2.098	2.098	0
1473	1.961	1.804	2.078	2.02	0
1474	2.0	1.804	2.078	1.941	0
1475	2.0	1.882	2.059	1.902	0
1476	2.02	1.882	2.078	1.882	0
1477	1.98	1.863	2.078	1.98	0
1478	1.98	1.863	2.098	2.078	0
1479	1.941	1.922	2.157	2.176	0
1480	1.98	2.039	2.078	2.137	0
1481	2.0	2.078	2.078	2.039	0
1482	1.98	2.059	2.078	1.922	0
1483	2.039	2.059	2.078	1.804	0
1484	2.02	2.02	2.059	1.784	0
1485	2.02	1.922	2.059	1.843	0
1486	2.0	1.804	2.078	1.98	0
1487	1.941	1.804	2.098	2.039	0
1488	1.902	1.804	2.098	2.098	0
1489	1.961	1.765	2.078	2.098	0
1490	1.961	1.804	2.039	2.02	0
1491	1.941	1.824	2.059	1.961	0
1492	1.98	1.863	2.078	1.902	0
1493	2.02	1.863	2.059	1.882	0
1494	1.98	1.843	2.059	1.961	0
1495	1.941	1.863	2.078	2.039	0
1496	1.941	1.902	2.098	2.118	0
1497	2.0	2.039	2.098	2.137	0
1498	2.0	2.118	2.059	2.039	0
1499	1.961	2.059	2.039	1.902	0
