time	channel1	channel2	channel3	channel4	class
0	1.882	1.824	1.961	1.961	5
1	2.0	1.843	1.961	2.02	5
2	2.039	1.804	2.02	2.02	5
3	1.941	1.784	2.039	1.922	5
4	1.902	1.804	2.059	1.843	5
5	1.706	1.941	2.078	1.882	5
6	1.784	2.059	2.157	1.98	5
7	2.059	1.941	2.059	2.078	5
8	2.039	1.765	1.961	2.059	5
9	2.078	1.784	1.902	2.0	5
10	2.059	1.824	2.039	2.0	5
11	1.98	1.902	2.137	2.02	5
12	1.863	1.902	2.196	2.039	5
13	1.784	1.902	2.176	2.02	5
14	1.765	1.922	2.118	2.0	5
15	1.824	1.961	2.098	1.961	5
16	1.863	2.0	2.098	1.961	5
17	1.882	2.02	2.157	2.0	5
18	1.961	2.078	2.118	2.059	5
19	1.961	2.039	2.118	2.059	5
20	1.824	1.961	2.078	2.039	5
21	1.804	1.98	2.098	1.98	5
22	1.902	2.059	2.098	1.922	5
23	1.98	2.059	2.157	1.941	5
24	2.0	1.98	2.078	2.0	5
25	1.961	1.902	2.0	2.059	5
26	2.02	1.843	2.0	2.078	5
27	2.118	1.863	2.078	2.078	5
28	2.039	1.804	2.137	2.078	5
29	1.922	1.804	2.157	2.039	5
30	2.0	1.804	2.118	2.0	5
31	2.059	1.784	2.078	1.922	5
32	2.0	1.824	2.098	1.882	5
33	1.941	1.902	2.098	1.902	5
34	1.902	1.961	2.157	2.0	5
35	1.824	1.941	2.02	2.078	5
36	1.843	1.922	2.0	2.078	5
37	1.882	1.98	2.078	2.02	5
38	2.039	2.118	2.216	1.941	5
39	1.961	2.196	2.216	1.882	5
40	1.941	2.078	2.098	1.882	5
41	2.02	1.98	2.0	1.941	5
42	1.941	1.961	2.039	2.039	5
43	2.02	1.922	2.078	2.157	5
44	2.078	1.922	2.039	2.157	5
45	2.098	1.804	2.02	2.059	5
46	1.922	1.863	2.098	1.961	5
47	1.902	1.961	2.157	1.863	5
48	2.02	1.922	2.157	1.902	5
49	2.098	1.863	2.118	1.902	5
50	2.039	1.882	2.059	1.961	5
51	1.98	1.902	2.039	2.0	5
52	2.039	1.98	2.078	2.02	5
53	2.137	1.98	2.078	2.039	5
54	2.02	1.941	2.118	2.0	5
55	1.961	1.961	2.078	1.961	5
56	1.941	2.0	2.098	1.941	5
57	1.98	2.059	2.118	1.961	5
58	2.059	1.98	2.02	1.941	5
59	2.118	1.922	1.98	1.961	5
60	2.157	1.902	1.961	2.0	5
61	2.157	1.843	2.0	2.0	5
62	2.039	1.843	2.059	2.0	5
63	1.902	1.784	2.098	1.922	5
64	1.882	1.804	2.059	1.863	5
65	1.98	1.902	2.039	1.902	5
66	1.922	1.843	2.078	1.902	5
67	1.843	1.765	2.02	1.941	5
68	1.902	1.706	2.0	1.941	5
69	1.961	1.765	2.059	1.98	5
70	2.0	1.784	2.078	1.961	5
71	1.922	1.745	2.098	1.922	5
72	1.863	1.725	2.059	1.863	5
73	1.863	1.804	2.059	1.882	5
74	1.882	2.059	2.137	1.961	5
75	1.882	1.98	2.098	2.098	5
76	1.863	1.843	2.039	2.157	5
77	1.941	1.843	2.039	2.137	5
78	1.922	1.902	2.078	2.118	5
79	1.863	1.863	2.118	2.078	5
80	1.804	1.824	2.157	2.039	5
81	1.843	1.922	2.196	2.02	5
82	1.804	2.0	2.078	2.0	5
83	1.843	2.039	2.098	2.0	5
84	1.725	2.137	2.039	1.98	5
85	1.745	2.196	2.0	1.941	5
86	1.804	2.216	2.039	1.98	5
87	1.824	2.176	2.078	2.039	5
88	1.804	2.157	2.118	2.098	5
89	1.922	2.098	2.098	2.098	5
90	1.902	2.216	2.235	2.078	5
91	1.941	2.235	2.137	2.039	5
92	1.882	2.157	2.059	2.039	5
93	1.941	2.098	2.02	2.039	5
94	2.02	1.961	1.902	2.0	5
95	1.98	1.941	1.863	1.941	5
96	2.118	2.0	1.961	1.922	5
97	2.118	1.941	1.961	1.961	5
98	2.039	1.863	2.078	1.98	5
99	1.98	1.902	2.098	2.02	5
100	1.745	1.941	2.02	2.0	5
101	1.824	2.039	1.922	2.02	5
102	2.098	1.98	1.863	2.078	5
103	2.431	1.902	1.824	2.118	5
104	2.333	1.824	1.843	2.098	5
105	1.863	1.902	1.941	2.0	5
106	1.706	1.961	1.902	1.941	5
107	1.961	1.98	1.863	1.902	5
108	2.098	2.098	1.824	2.0	5
109	2.078	2.039	1.745	2.157	5
110	1.98	1.941	1.765	2.235	5
111	2.039	1.902	1.765	2.196	5
112	2.216	1.882	1.804	2.137	5
113	2.314	1.843	1.882	2.137	5
114	2.039	1.765	1.902	2.118	5
115	1.824	1.725	1.843	2.039	5
116	1.843	1.765	1.804	2.0	5
117	2.078	1.765	1.765	1.863	5
118	2.118	1.843	1.824	1.843	5
119	2.039	1.882	2.0	2.0	5
120	1.98	1.882	1.922	2.118	5
121	1.98	1.706	1.843	2.118	5
122	1.941	1.765	1.882	2.0	5
123	1.98	1.863	1.941	1.882	5
124	2.039	1.941	1.98	1.902	5
125	2.02	1.922	2.078	1.922	5
126	2.0	1.824	1.745	1.961	5
127	1.863	1.725	1.725	1.961	5
128	1.941	1.765	1.941	1.98	5
129	1.961	1.765	1.922	1.961	5
130	1.961	1.686	1.98	1.961	5
131	2.0	1.647	2.0	1.922	5
132	2.078	1.725	1.961	1.824	5
133	2.137	1.863	2.02	1.824	5
134	2.059	1.941	2.078	1.863	5
135	2.0	1.824	1.922	1.863	5
136	1.961	1.863	2.0	1.902	5
137	1.902	2.02	2.176	1.941	5
138	1.863	1.824	2.078	1.961	5
139	1.765	1.784	1.922	1.922	5
140	1.784	1.843	1.941	1.843	5
141	1.922	1.902	2.137	1.784	5
142	2.098	1.941	2.216	1.843	5
143	2.216	1.843	2.216	2.0	5
144	2.333	1.843	2.118	2.098	5
145	2.216	1.863	2.098	2.098	5
146	2.078	1.961	2.157	2.039	5
147	2.118	1.784	2.196	1.98	5
148	1.882	1.647	2.255	1.941	5
149	1.902	1.824	2.294	1.98	5
150	1.961	2.0	2.294	1.98	5
151	1.882	1.882	2.235	1.98	5
152	1.941	1.804	2.137	1.902	5
153	1.98	1.961	2.216	1.882	5
154	2.078	2.196	2.412	1.961	5
155	2.098	2.196	2.373	2.078	5
156	1.961	2.02	2.157	2.078	5
157	1.863	2.059	1.863	1.902	5
158	1.98	2.373	2.137	1.824	5
159	1.922	2.451	2.373	1.902	5
160	1.902	2.353	2.275	2.02	5
161	1.902	2.216	2.275	2.176	5
162	2.039	2.235	2.275	2.255	5
163	2.02	2.02	2.196	2.176	5
164	1.98	2.02	2.176	2.02	5
165	2.059	2.118	2.216	1.882	5
166	1.863	2.039	2.235	1.784	5
167	1.882	2.0	2.255	1.843	5
168	1.824	1.98	2.137	1.902	5
169	1.784	2.039	2.078	1.922	5
170	1.549	1.922	2.059	1.98	5
171	1.51	1.922	1.961	2.0	5
172	1.745	1.922	2.039	2.059	5
173	1.784	1.941	2.137	2.078	5
174	1.824	1.843	2.137	1.98	5
175	1.824	1.941	2.176	1.804	5
176	1.745	2.02	2.157	1.686	5
177	1.824	1.922	2.176	1.824	5
178	2.059	1.961	2.196	1.98	5
179	1.922	1.882	2.059	2.02	5
180	1.765	1.745	1.882	2.0	5
181	1.765	1.608	1.863	1.961	5
182	1.882	1.627	2.039	1.922	5
183	2.02	1.725	2.216	1.902	5
184	2.137	1.824	2.294	1.922	5
185	2.255	1.824	2.235	1.882	5
186	1.98	1.843	2.255	1.882	5
187	2.078	1.902	2.373	2.0	5
188	2.078	1.765	2.137	2.0	5
189	1.863	1.588	2.02	1.843	5
190	1.902	1.608	2.098	1.667	5
191	2.078	1.863	2.255	1.686	5
192	1.922	1.941	2.294	1.882	5
193	2.02	1.863	2.216	2.098	5
194	2.235	1.98	2.216	2.235	5
195	2.196	1.941	2.216	2.216	5
196	2.373	1.941	2.255	2.137	5
197	2.255	1.824	2.157	2.039	5
198	1.961	1.686	2.118	1.98	5
199	1.902	1.667	2.157	1.922	5
200	1.902	1.745	2.235	1.98	5
201	2.176	1.902	2.314	2.0	5
202	2.176	1.882	2.255	2.059	5
203	2.176	1.941	2.196	2.098	5
204	2.294	1.902	2.216	2.118	5
205	2.294	1.843	2.176	2.078	5
206	2.137	1.804	2.118	1.961	5
207	1.941	1.725	2.078	1.882	5
208	1.98	1.902	2.118	2.0	5
209	2.333	2.059	2.353	2.294	5
210	2.412	2.176	2.667	2.451	5
211	2.235	1.941	2.392	2.373	5
212	1.784	1.392	1.863	2.157	5
213	1.647	1.569	1.804	1.922	5
214	2.098	1.843	2.118	1.941	5
215	2.294	1.784	2.216	2.059	5
216	2.157	1.765	2.196	2.176	5
217	2.039	1.961	2.412	2.157	5
218	2.118	2.078	2.333	2.098	5
219	1.98	1.863	1.98	2.059	5
220	1.882	1.804	2.039	2.039	5
221	1.902	1.784	2.137	2.039	5
222	1.824	1.863	2.078	2.0	5
223	1.765	2.0	1.98	1.941	5
224	1.51	2.118	2.137	1.961	5
225	1.588	2.196	2.176	2.02	5
226	1.804	2.275	1.863	2.0	5
227	1.941	2.118	1.902	1.902	5
228	1.922	2.118	2.039	1.863	5
229	1.804	2.118	1.98	1.902	5
230	1.863	2.02	1.941	1.961	5
231	1.98	1.922	2.098	2.078	5
232	1.882	1.765	2.059	2.137	5
233	2.0	1.922	1.961	2.078	5
234	2.02	2.039	2.039	1.961	5
235	1.882	1.98	1.961	1.882	5
236	1.725	1.941	2.0	1.843	5
237	1.941	1.961	2.098	1.863	5
238	2.059	2.02	2.216	1.882	5
239	2.039	1.98	2.039	1.98	5
240	2.078	1.941	1.824	2.0	5
241	2.059	1.98	2.059	2.0	5
242	2.137	2.039	2.137	1.98	5
243	2.078	2.235	2.118	1.961	5
244	1.922	2.275	2.176	1.961	5
245	1.941	2.157	2.02	1.941	5
246	1.922	2.098	2.02	1.98	5
247	2.0	2.118	2.0	2.039	5
248	2.059	1.961	1.941	2.02	5
249	2.098	1.824	2.0	1.961	5
250	1.98	1.882	2.0	1.824	5
251	1.686	1.843	2.0	1.824	5
252	1.627	1.725	1.941	1.843	5
253	1.686	1.725	1.882	1.98	5
254	1.549	1.961	2.0	2.0	5
255	1.686	1.804	2.0	1.961	5
256	1.863	1.647	1.882	1.922	5
257	2.02	1.667	1.961	1.843	5
258	1.98	1.608	1.961	1.784	5
259	1.765	1.686	1.941	1.784	5
260	1.569	1.725	1.961	1.824	5
261	1.588	1.882	1.98	1.961	5
262	1.804	1.882	1.902	2.039	5
263	1.667	1.804	1.804	2.157	5
264	1.745	1.902	1.667	2.196	5
265	2.02	1.824	1.824	2.118	5
266	2.137	1.706	1.961	1.941	5
267	2.235	1.824	2.235	1.843	5
268	2.294	2.078	2.373	1.941	5
269	2.216	2.176	2.373	2.039	5
270	2.216	2.078	2.059	2.118	5
271	1.843	1.961	1.824	2.078	5
272	1.922	2.0	2.0	2.098	5
273	1.804	2.078	2.118	2.059	5
274	1.961	2.157	2.216	2.078	5
275	2.294	2.157	2.275	2.059	5
276	2.569	2.098	2.255	2.059	5
277	2.529	2.137	2.294	1.961	5
278	2.294	2.235	2.392	1.902	5
279	2.157	2.235	2.235	1.863	5
280	1.98	2.0	2.157	1.882	5
281	2.0	1.961	2.078	2.039	5
282	2.333	1.941	2.137	2.275	5
283	2.647	1.922	2.235	2.353	5
284	2.529	1.745	2.294	2.275	5
285	2.039	1.725	2.353	2.039	5
286	1.725	1.784	2.235	1.804	5
287	1.784	1.686	2.196	1.686	5
288	2.078	1.706	2.118	1.804	5
289	2.255	1.647	2.0	1.941	5
290	2.275	1.686	2.098	2.02	5
291	2.314	1.863	2.314	2.059	5
292	2.157	1.922	2.51	2.118	5
293	1.922	1.765	2.294	2.157	5
294	1.745	1.608	2.02	2.098	5
295	1.824	1.667	2.255	1.98	5
296	1.843	1.647	2.0	1.882	5
297	2.02	1.627	1.902	1.902	5
298	2.098	1.647	2.0	2.0	5
299	2.118	1.608	2.078	2.098	5
300	2.176	1.667	2.118	2.078	5
301	2.059	1.686	2.294	2.078	5
302	1.725	1.745	2.078	2.039	5
303	1.51	1.843	1.922	1.98	5
304	1.627	1.961	2.078	1.98	5
305	1.608	2.0	2.039	2.02	5
306	1.922	1.941	2.0	2.098	5
307	2.059	1.902	1.961	2.059	5
308	2.02	2.078	2.039	2.02	5
309	1.843	2.118	2.137	2.078	5
310	1.784	2.059	1.961	2.098	5
311	1.725	2.118	1.902	2.0	5
312	1.667	2.176	2.0	1.961	5
313	1.745	2.255	1.922	1.941	5
314	1.569	2.039	1.843	1.922	5
315	1.706	1.98	1.843	2.02	5
316	2.157	2.059	1.941	2.098	5
317	2.216	2.216	2.176	2.157	5
318	2.02	2.0	2.235	2.118	5
319	1.922	1.804	2.137	2.039	5
320	2.02	1.902	2.059	2.0	5
321	2.059	1.98	2.0	1.922	5
322	1.784	1.863	1.882	1.824	5
323	1.863	1.961	1.961	1.745	5
324	2.059	2.0	2.059	1.784	5
325	2.098	2.039	2.059	1.98	5
326	1.961	2.176	2.118	2.078	5
327	1.843	2.294	2.275	2.157	5
328	2.0	2.294	2.098	2.176	5
329	2.0	2.059	1.922	2.02	5
330	1.98	2.098	1.98	1.922	5
331	2.118	2.039	2.039	1.843	5
332	2.216	1.941	2.0	1.863	5
333	2.176	1.98	2.137	1.98	5
334	2.02	1.902	2.098	2.118	5
335	1.706	1.686	1.882	2.118	5
336	1.569	1.804	1.98	2.039	5
337	1.843	1.941	2.078	1.902	5
338	1.922	1.843	1.902	1.784	5
339	1.824	1.863	2.059	1.784	5
340	2.314	2.118	2.314	1.902	5
341	2.196	1.824	1.941	1.98	5
342	1.961	1.51	1.784	1.922	5
343	1.882	1.784	2.039	1.824	5
344	1.765	1.843	2.02	1.804	5
345	1.745	1.882	2.0	1.804	5
346	2.176	2.0	2.176	1.98	5
347	2.333	2.02	2.118	2.118	5
348	2.255	2.059	2.02	2.118	5
349	2.02	2.098	2.039	2.059	5
350	1.941	1.902	2.059	2.0	5
351	2.078	1.902	2.137	2.078	5
352	1.922	1.843	2.196	2.059	5
353	2.02	1.745	2.078	1.902	5
354	2.0	1.765	1.961	1.686	5
355	2.0	1.902	2.196	1.725	5
356	1.863	1.922	2.157	1.922	5
357	1.608	1.902	2.118	2.098	5
358	1.51	1.922	2.02	2.176	5
359	1.882	1.98	2.059	2.098	5
360	2.039	1.863	2.078	2.0	5
361	2.255	2.0	2.196	1.941	5
362	2.098	2.275	2.412	2.0	5
363	2.137	2.333	2.471	2.118	5
364	2.098	2.02	2.157	2.157	5
365	1.843	1.725	2.0	2.039	5
366	1.863	1.765	2.078	1.941	5
367	2.098	1.902	2.196	1.961	5
368	2.255	1.961	2.157	2.157	5
369	2.196	1.863	2.176	2.235	5
370	1.922	1.882	2.275	2.196	5
371	1.804	1.882	2.078	2.02	5
372	1.765	1.725	2.0	1.902	5
373	2.02	1.667	2.039	1.824	5
374	2.275	1.647	2.216	1.863	5
375	2.314	2.039	2.51	2.098	5
376	2.078	1.961	2.235	2.314	5
377	1.922	1.627	2.0	2.275	5
378	1.843	1.51	1.882	1.98	5
379	1.667	1.627	2.0	1.765	5
380	1.843	1.706	2.137	1.706	5
381	1.961	1.784	2.0	1.843	5
382	2.098	1.765	1.941	1.98	5
383	2.216	1.667	1.961	2.039	5
384	2.255	1.902	2.098	2.118	5
385	2.078	2.157	2.392	2.294	5
386	1.804	1.941	2.196	2.412	5
387	1.882	1.725	1.941	2.255	5
388	2.02	1.843	2.098	1.922	5
389	2.059	1.882	2.039	1.706	5
390	1.824	1.784	1.961	1.706	5
391	1.745	1.961	2.216	1.922	5
392	1.902	2.098	1.98	2.098	5
393	2.039	2.059	1.98	2.157	5
394	2.0	2.059	2.294	2.176	5
395	1.667	1.882	1.98	2.039	5
396	1.725	1.961	2.039	1.863	5
397	1.706	1.706	1.941	1.765	5
398	1.784	1.706	1.882	1.745	5
399	1.961	1.843	1.922	1.824	5
400	2.059	1.882	2.118	1.961	5
401	2.098	1.765	2.118	2.137	5
402	1.824	1.804	1.824	2.275	5
403	1.588	2.078	2.118	2.333	5
404	1.863	2.02	2.078	2.216	5
405	2.098	1.902	2.039	1.863	5
406	1.961	1.824	2.157	1.667	5
407	1.804	1.922	2.157	1.706	5
408	1.98	2.157	2.059	1.922	5
409	2.216	2.353	2.118	2.157	5
410	2.176	2.412	2.196	2.314	5
411	1.804	2.353	2.098	2.314	5
412	1.765	2.333	2.039	2.157	5
413	2.0	2.471	2.196	2.078	5
414	2.176	2.588	2.176	1.98	5
415	2.059	2.412	2.176	2.02	5
416	1.922	2.216	2.039	2.02	5
417	1.863	2.118	1.98	2.039	5
418	1.98	2.078	1.961	2.059	5
419	2.176	1.98	1.902	2.078	5
420	1.961	1.863	1.882	1.98	5
421	1.804	1.941	2.078	1.922	5
422	1.784	1.882	2.0	1.902	5
423	1.784	1.843	1.941	1.824	5
424	1.863	1.824	1.961	1.725	5
425	1.98	1.98	2.098	1.804	5
426	1.784	1.843	2.02	1.863	5
427	1.686	1.765	1.765	1.843	5
428	1.647	1.765	1.765	1.725	5
429	1.745	1.784	1.824	1.706	5
430	1.863	1.843	1.941	1.784	5
431	1.941	1.882	1.961	1.863	5
432	1.98	1.961	2.02	1.98	5
433	2.157	1.941	2.157	2.098	5
434	2.333	1.843	1.98	2.02	5
435	2.157	1.765	2.059	1.941	5
436	2.235	1.824	2.176	1.922	5
437	2.294	1.765	2.235	1.863	5
438	2.176	1.667	2.078	1.882	5
439	2.039	1.706	1.961	1.843	5
440	1.98	1.765	2.039	1.765	5
441	1.98	1.882	2.235	1.824	5
442	2.157	1.863	2.216	2.039	5
443	2.196	1.765	2.118	2.157	5
444	2.294	1.922	2.176	2.118	5
445	2.098	1.804	2.216	2.02	5
446	2.098	1.824	2.216	1.941	5
447	2.216	2.039	2.392	1.98	5
448	2.196	2.039	2.314	2.078	5
449	2.216	1.961	2.216	2.098	5
450	2.059	1.804	2.118	2.118	5
451	1.745	1.765	2.059	2.039	5
452	1.941	1.784	2.137	2.039	5
453	2.176	1.863	2.216	2.118	5
454	2.176	1.784	2.176	2.137	5
455	1.961	1.686	2.137	2.02	5
456	1.98	1.706	2.294	1.902	5
457	1.98	1.569	2.471	1.961	5
458	1.922	1.608	2.275	1.98	5
459	1.863	1.706	1.725	1.941	5
460	1.824	1.863	1.922	1.922	5
461	1.922	1.941	2.314	1.98	5
462	1.863	1.941	2.549	2.078	5
463	1.98	1.882	2.353	2.118	5
464	1.961	1.725	2.039	2.098	5
465	1.706	1.765	2.098	1.98	5
466	1.745	1.824	1.98	1.843	5
467	1.824	1.961	1.824	1.784	5
468	1.941	2.078	2.137	1.882	5
469	1.98	2.137	2.02	2.0	5
470	2.0	2.098	2.059	2.176	5
471	1.941	1.863	2.039	2.275	5
472	1.941	1.686	2.078	2.157	5
473	2.0	1.706	2.078	1.98	5
474	1.98	1.745	2.0	1.843	5
475	1.804	1.804	2.02	1.882	5
476	1.902	1.804	2.0	1.98	5
477	1.882	1.824	1.882	2.039	5
478	2.02	2.157	2.098	2.157	5
479	1.98	1.784	2.02	2.137	5
480	2.059	1.686	1.941	2.039	5
481	2.059	2.0	2.157	1.941	5
482	2.02	2.137	2.059	1.961	5
483	1.882	2.118	2.0	1.961	5
484	1.941	1.941	2.235	2.059	5
485	1.98	2.059	1.98	2.157	5
486	1.824	1.765	1.627	2.176	5
487	1.922	1.804	1.902	2.157	5
488	1.98	2.078	2.255	2.118	5
489	2.039	2.353	2.157	2.098	5
490	1.882	2.353	2.235	2.098	5
491	1.843	2.255	2.137	2.078	5
492	2.039	2.157	1.98	2.02	5
493	2.078	2.078	1.882	1.922	5
494	1.882	2.176	1.941	1.882	5
495	1.824	2.294	2.078	1.961	5
496	1.647	2.314	2.118	2.039	5
497	1.686	2.255	2.039	2.078	5
498	1.843	2.196	1.941	2.02	5
499	1.98	2.235	2.0	2.02	5
500	2.039	2.235	2.0	1.941	5
501	2.078	2.098	2.059	1.882	5
502	2.157	2.078	2.196	1.902	5
503	1.98	1.98	2.098	2.0	5
504	1.824	1.882	1.902	2.078	5
505	1.863	1.804	1.922	2.098	5
506	1.941	1.667	2.02	2.02	5
507	1.922	1.647	2.196	1.902	5
508	1.804	1.804	2.176	1.784	5
509	1.824	1.902	2.196	1.725	5
510	1.922	1.804	2.137	1.863	5
511	2.137	1.647	2.0	1.902	5
512	2.078	1.647	1.902	1.902	5
513	1.902	1.725	1.941	1.863	5
514	1.843	1.824	2.0	1.804	5
515	2.0	1.824	1.941	1.745	5
516	1.98	1.843	1.98	1.647	5
517	1.941	1.922	2.039	1.706	5
518	1.98	1.902	2.098	1.922	5
519	2.098	2.0	2.039	2.176	5
520	2.059	1.784	1.824	2.196	5
521	2.294	1.569	1.784	2.039	5
522	2.431	1.706	2.118	1.843	5
523	2.353	1.98	2.255	1.804	5
524	1.843	1.784	2.0	1.824	5
525	1.902	1.667	1.961	1.922	5
526	1.961	1.725	2.02	2.039	5
527	1.843	1.745	2.0	2.078	5
528	1.922	1.745	1.961	2.0	5
529	2.059	1.745	1.922	1.882	5
530	1.882	1.725	2.176	1.922	5
531	1.882	1.686	2.353	2.039	5
532	1.98	1.667	2.157	2.157	5
533	1.882	1.627	1.902	2.118	5
534	1.941	1.824	2.078	2.137	5
535	2.02	1.863	2.235	2.216	5
536	2.118	1.902	2.314	2.275	5
537	2.275	1.725	2.255	2.235	5
538	1.922	1.549	2.216	2.078	5
539	1.824	1.588	2.314	1.961	5
540	2.02	1.686	2.235	1.98	5
541	2.078	1.902	2.255	2.078	5
542	2.314	1.941	2.373	2.216	5
543	2.118	1.745	2.51	2.137	5
544	2.098	1.843	2.118	2.039	5
545	2.137	2.196	2.0	2.02	5
546	2.255	2.196	2.176	2.078	5
547	2.196	2.039	2.294	2.137	5
548	2.078	2.078	2.314	2.059	5
549	2.059	2.176	2.314	2.0	5
550	2.0	2.294	2.235	2.039	5
551	2.02	2.373	2.353	2.02	5
552	1.824	2.078	2.235	2.0	5
553	1.627	1.863	1.49	1.961	5
554	1.961	1.902	1.314	1.961	5
555	2.039	1.882	1.824	1.941	5
556	2.255	1.902	2.176	1.902	5
557	2.294	1.863	2.275	1.941	5
558	1.941	1.882	2.176	1.941	5
559	1.471	1.843	2.0	1.922	5
560	1.529	1.824	1.902	1.902	5
561	1.922	1.686	1.686	1.804	5
562	2.059	1.627	1.745	1.765	5
563	1.843	2.118	2.118	1.922	5
564	1.706	2.51	2.333	2.176	5
565	1.863	1.961	2.137	2.255	5
566	1.843	1.569	1.765	2.078	5
567	2.235	2.059	1.98	1.882	5
568	2.255	2.275	2.216	1.843	5
569	2.255	2.059	2.137	1.961	5
570	1.922	2.059	2.118	2.098	5
571	1.647	2.078	2.078	2.137	5
572	1.902	2.02	1.922	2.118	5
573	2.0	2.157	2.0	2.059	5
574	1.824	2.373	2.294	2.059	5
575	1.824	2.451	2.431	2.078	5
576	1.961	2.176	2.196	2.0	5
577	1.824	1.863	1.98	1.863	5
578	1.863	2.02	1.863	1.824	5
579	1.882	2.098	2.078	1.882	5
580	2.0	2.196	2.118	1.922	5
581	1.784	2.216	1.902	1.863	5
582	1.588	2.216	1.882	1.863	5
583	1.647	2.216	2.02	1.882	5
584	1.627	2.196	2.098	1.922	5
585	1.843	2.294	2.118	2.02	5
586	2.0	2.157	2.02	2.098	5
587	2.059	2.0	1.961	2.078	5
588	2.059	1.882	2.039	2.039	5
589	2.0	1.804	2.039	2.0	5
590	1.922	1.725	2.0	1.98	5
591	1.627	1.686	1.941	1.941	5
592	1.686	1.588	1.902	1.863	5
593	1.745	1.686	1.98	1.882	5
594	1.667	1.765	1.961	1.902	5
595	2.039	1.824	1.922	1.922	5
596	2.137	1.843	1.98	1.941	5
597	1.882	1.824	1.941	2.0	5
598	1.647	1.824	1.902	1.941	5
599	1.882	1.824	2.02	1.784	5
600	2.353	1.765	2.0	1.725	5
601	2.51	1.725	2.02	1.784	5
602	2.02	1.882	2.137	2.02	5
603	1.667	2.0	2.196	2.235	5
604	2.294	2.0	2.098	2.333	5
605	2.333	1.902	1.941	2.255	5
606	2.275	1.863	2.039	2.078	5
607	2.137	1.725	1.961	1.882	5
608	2.02	1.706	2.078	1.686	5
609	2.216	1.627	2.255	1.804	5
610	2.431	1.588	2.314	1.941	5
611	2.235	1.608	2.255	2.118	5
612	1.961	1.725	2.176	2.216	5
613	2.039	1.725	2.118	2.216	5
614	2.333	1.765	2.137	2.176	5
615	2.137	1.745	2.294	2.176	5
616	2.02	1.804	2.373	2.216	5
617	1.961	1.745	2.255	2.059	5
618	1.882	1.765	2.039	1.824	5
619	1.941	1.882	2.216	1.765	5
620	2.078	1.824	2.431	1.843	5
621	2.157	1.863	2.275	2.078	5
622	2.118	1.824	2.0	2.255	5
623	2.059	1.882	2.137	2.294	5
624	1.98	1.902	2.353	2.216	5
625	1.824	1.725	2.137	2.02	5
626	1.784	1.627	1.941	1.863	5
627	2.078	1.765	2.196	1.765	5
628	2.216	2.039	2.353	1.863	5
629	2.098	2.196	2.314	2.02	5
630	1.902	1.902	2.137	2.059	5
631	1.804	1.725	1.961	1.98	5
632	1.882	1.961	2.137	1.902	5
633	1.824	2.098	2.118	1.824	5
634	2.0	1.98	1.902	1.784	5
635	1.922	1.804	2.039	1.745	5
636	1.784	1.98	2.216	1.882	5
637	1.824	2.294	2.314	2.118	5
638	2.0	2.255	2.255	2.275	5
639	1.922	1.627	1.431	2.157	5
640	1.882	1.608	1.431	1.882	5
641	1.98	1.863	2.255	1.824	5
642	1.922	1.882	2.255	1.843	5
643	1.941	1.98	2.157	1.941	5
644	1.902	1.98	1.98	2.078	5
645	1.824	1.706	2.039	2.039	5
646	1.922	1.765	1.98	2.039	5
647	1.882	2.02	2.02	2.098	5
648	1.725	1.941	1.98	2.137	5
649	1.667	1.686	1.706	2.078	5
650	1.765	1.843	1.804	1.961	5
651	1.843	2.118	2.059	1.902	5
652	2.02	2.216	2.098	1.961	5
653	2.098	2.118	1.961	2.039	5
654	1.98	2.137	1.902	2.078	5
655	1.784	2.196	1.863	2.059	5
656	1.706	2.314	1.941	2.078	5
657	1.843	2.255	2.059	2.118	5
658	1.98	2.039	2.098	2.137	5
659	1.882	1.784	1.922	2.0	5
660	1.824	1.863	1.922	1.882	5
661	1.961	2.118	2.176	1.902	5
662	1.843	2.02	2.118	1.941	5
663	1.529	1.922	1.902	1.961	5
664	1.412	1.98	2.02	1.98	5
665	1.784	2.255	2.176	2.039	5
666	1.824	2.02	1.961	2.059	5
667	1.961	1.961	2.0	1.98	5
668	2.0	2.098	2.157	1.843	5
669	1.824	1.961	2.176	1.863	5
670	1.98	2.059	2.196	1.941	5
671	1.824	1.902	1.961	1.961	5
672	1.804	1.961	1.961	1.902	5
673	2.235	2.02	2.0	1.902	5
674	2.314	2.059	2.098	2.0	5
675	2.059	2.0	2.157	2.078	5
676	2.02	2.118	2.176	2.137	5
677	1.941	2.098	2.196	2.059	5
678	1.941	2.039	2.098	1.941	5
679	2.196	1.922	2.059	1.765	5
680	2.471	1.902	2.059	1.725	5
681	2.667	1.961	2.137	1.824	5
682	2.392	2.039	2.137	1.961	5
683	1.961	2.059	2.176	2.078	5
684	1.922	2.0	2.118	2.137	5
685	2.255	1.882	2.157	2.255	5
686	2.588	1.922	2.137	2.314	5
687	2.176	1.902	2.059	2.137	5
688	1.725	1.843	1.922	1.784	5
689	2.078	1.824	1.941	1.627	5
690	2.451	1.922	2.255	1.784	5
691	2.51	1.941	2.353	2.157	5
692	2.392	1.745	2.098	2.412	5
693	2.157	1.706	2.137	2.392	5
694	2.098	1.706	2.235	2.137	5
695	1.765	1.608	2.059	1.784	5
696	1.412	1.588	2.078	1.627	5
697	1.294	1.667	2.02	1.667	5
698	1.294	1.647	1.902	1.706	5
699	1.49	1.608	1.804	1.745	5
700	1.902	1.529	1.843	1.706	5
701	2.275	1.529	2.059	1.784	5
702	2.49	1.941	2.529	2.059	5
703	2.0	2.059	2.569	2.314	5
704	1.824	1.961	2.353	2.333	5
705	1.882	1.824	2.275	2.137	5
706	1.745	1.686	2.275	1.941	5
707	1.843	1.51	1.902	1.784	5
708	2.118	1.549	1.706	1.765	5
709	2.216	1.647	2.039	1.863	5
710	2.137	1.804	2.235	2.078	5
711	2.137	2.0	2.51	2.235	5
712	2.275	2.059	2.549	2.275	5
713	2.353	1.765	2.333	2.157	5
714	2.216	1.569	2.118	1.98	5
715	2.137	1.529	2.078	1.941	5
716	2.235	1.725	2.255	2.059	5
717	2.412	1.804	2.0	2.039	5
718	2.196	1.706	1.902	1.902	5
719	1.843	2.0	2.039	1.824	5
720	1.608	2.373	2.176	2.0	5
721	1.745	2.235	2.196	2.216	5
722	2.039	2.02	2.196	2.314	5
723	2.059	2.039	2.078	2.176	5
724	2.059	2.137	1.863	2.02	5
725	1.98	2.157	2.078	1.922	5
726	1.98	2.196	2.333	1.961	5
727	1.863	2.137	2.039	2.098	5
728	1.647	1.941	1.922	2.098	5
729	1.627	2.059	2.137	2.118	5
730	1.765	2.275	2.294	2.098	5
731	1.941	2.353	2.0	2.098	5
732	1.784	2.255	2.039	2.078	5
733	1.706	2.118	2.039	2.039	5
734	1.765	2.078	2.157	2.0	5
735	1.765	2.02	2.118	1.961	5
736	1.667	1.98	1.882	1.882	5
737	1.686	2.059	1.98	1.922	5
738	1.843	2.02	1.961	1.98	5
739	1.922	1.863	2.059	1.98	5
740	1.765	1.941	1.941	1.98	5
741	1.745	2.02	1.647	2.0	5
742	1.863	2.0	1.843	2.078	5
743	1.902	2.039	2.039	2.078	5
744	1.824	1.961	2.0	1.941	5
745	1.902	1.922	1.863	1.863	5
746	1.784	1.922	1.98	1.745	5
747	1.784	1.961	2.059	1.725	5
748	1.745	2.118	1.863	1.784	5
749	1.863	1.961	1.863	1.882	5
750	2.098	1.863	1.941	2.0	5
751	2.157	1.843	2.02	2.02	5
752	1.882	1.882	2.059	1.902	5
753	1.941	1.922	1.882	1.725	5
754	2.0	1.941	1.882	1.706	5
755	1.784	1.941	2.0	1.745	5
756	1.784	1.824	1.98	1.882	5
757	1.745	1.824	1.902	2.039	5
758	2.157	1.863	1.941	2.098	5
759	2.255	1.706	1.961	2.039	5
760	2.137	1.627	1.902	1.902	5
761	2.02	1.745	2.0	1.824	5
762	1.941	1.961	2.157	1.902	5
763	2.039	2.0	2.255	2.039	5
764	2.039	1.922	2.157	2.059	5
765	1.725	1.843	2.0	2.0	5
766	1.745	1.882	2.02	1.961	5
767	2.02	2.059	2.098	2.059	5
768	2.118	2.0	2.059	2.118	5
769	2.059	1.902	2.059	2.118	5
770	2.118	1.882	2.059	2.039	5
771	2.02	1.804	2.176	2.0	5
772	1.804	1.98	2.373	2.176	5
773	1.863	1.882	2.118	2.216	5
774	2.039	1.667	1.882	2.0	5
775	2.157	1.667	2.059	1.843	5
776	2.275	1.784	2.451	1.941	5
777	2.176	1.686	2.275	2.196	5
778	1.863	1.529	2.039	2.314	5
779	1.98	1.706	2.098	2.157	5
780	2.118	1.824	2.157	1.98	5
781	2.039	1.784	2.255	1.863	5
782	2.216	1.706	2.255	1.824	5
783	1.961	1.608	2.078	1.863	5
784	1.804	1.784	2.137	1.961	5
785	1.922	1.863	2.255	2.098	5
786	1.902	1.902	2.275	2.157	5
787	2.039	1.922	2.216	2.0	5
788	2.294	1.961	2.255	1.922	5
789	2.235	2.078	2.176	1.961	5
790	2.294	2.176	2.216	2.059	5
791	2.451	2.255	2.255	2.157	5
792	2.196	1.98	2.078	2.196	5
793	1.941	1.961	2.255	2.157	5
794	1.902	1.882	2.118	2.098	5
795	2.039	1.824	2.137	1.98	5
796	2.157	1.784	2.314	1.863	5
797	2.118	1.667	2.118	1.882	5
798	2.059	1.725	2.039	1.941	5
799	2.0	1.863	2.059	1.98	5
800	1.902	1.745	2.118	2.0	5
801	1.98	1.941	2.078	2.039	5
802	2.137	2.02	2.196	2.039	5
803	1.961	1.843	2.02	2.0	5
804	1.765	1.843	2.059	1.941	5
805	1.824	2.078	2.294	1.922	5
806	2.098	2.059	2.333	1.961	5
807	2.118	1.745	1.922	2.0	5
808	1.98	1.706	1.804	1.98	5
809	2.0	1.882	1.863	1.961	5
810	2.039	1.863	2.039	2.0	5
811	2.098	1.922	2.098	2.059	5
812	2.039	2.059	2.039	2.02	5
813	1.961	2.196	2.098	1.941	5
814	1.804	2.314	2.255	1.941	5
815	1.843	2.216	2.333	2.039	5
816	1.804	2.02	2.137	2.137	5
817	1.863	1.843	2.02	2.098	5
818	1.882	1.824	2.059	1.98	5
819	2.078	2.078	2.098	1.922	5
820	1.863	2.196	2.02	1.824	5
821	1.784	2.255	1.765	1.863	5
822	1.725	2.412	2.078	2.0	5
823	1.843	2.176	2.333	2.118	5
824	1.961	2.118	2.196	2.176	5
825	1.863	2.0	1.961	2.098	5
826	1.843	1.941	1.824	2.0	5
827	1.902	1.843	1.843	1.941	5
828	2.098	1.765	1.922	1.922	5
829	2.118	1.745	1.922	1.922	5
830	2.0	1.882	1.941	1.922	5
831	1.647	1.941	1.961	1.941	5
832	1.608	1.882	1.941	1.961	5
833	1.843	2.02	1.922	1.98	5
834	1.941	2.0	2.059	2.0	5
835	2.039	1.902	1.98	1.961	5
836	2.039	1.922	1.98	1.922	5
837	1.902	2.02	2.0	1.843	5
838	1.745	2.039	1.961	1.843	5
839	1.706	1.961	1.922	1.882	5
840	1.706	2.157	2.039	1.98	5
841	1.804	2.157	1.98	2.059	5
842	1.784	2.137	1.961	2.039	5
843	1.882	2.118	2.078	2.0	5
844	2.039	2.098	2.196	2.02	5
845	2.039	1.941	2.078	2.039	5
846	1.725	1.843	2.137	2.059	5
847	1.725	1.922	2.157	2.039	5
848	1.745	1.863	2.02	1.843	5
849	1.804	1.745	2.02	1.804	5
850	1.941	1.745	2.059	1.824	5
851	2.039	1.765	2.098	1.922	5
852	2.059	1.804	2.098	2.078	5
853	2.118	1.824	2.216	2.137	5
854	2.118	1.961	2.255	2.098	5
855	2.118	1.882	2.137	1.98	5
856	1.922	1.765	2.02	1.961	5
857	1.922	1.824	2.078	2.078	5
858	2.157	1.863	2.137	2.157	5
859	2.294	1.941	2.176	2.157	5
860	2.314	1.765	1.98	2.0	5
861	2.314	1.863	2.098	1.961	5
862	2.255	2.0	2.333	2.078	5
863	2.098	1.882	2.196	2.137	5
864	1.961	1.725	2.078	2.137	5
865	1.98	1.706	2.098	2.059	5
866	2.059	1.706	2.098	1.961	5
867	2.059	1.765	2.059	1.863	5
868	2.176	1.843	2.118	1.843	5
869	2.098	1.902	2.02	1.804	5
870	1.941	1.98	1.98	1.745	5
871	2.02	1.882	2.0	1.804	5
872	2.176	1.745	2.078	1.98	5
873	2.196	1.863	2.157	2.039	5
874	1.922	1.804	2.196	2.0	5
875	1.608	1.686	2.137	1.922	5
876	1.824	1.627	2.059	1.902	5
877	2.255	1.804	1.922	1.961	5
878	2.392	1.98	2.059	2.02	5
879	2.255	1.922	2.216	2.078	5
880	2.059	1.784	2.137	2.0	5
881	2.02	1.725	2.196	1.941	5
882	1.941	1.686	2.196	2.039	5
883	1.922	1.863	2.373	2.118	5
884	2.0	2.098	2.294	2.157	5
885	1.98	1.98	2.118	2.098	5
886	1.902	1.765	2.216	2.078	5
887	1.725	1.784	2.294	2.059	5
888	1.49	1.882	2.216	2.02	5
889	1.667	2.098	2.02	2.02	5
890	1.824	2.039	2.059	1.961	5
891	1.922	1.765	1.98	1.882	5
892	2.02	1.824	2.098	1.902	5
893	1.784	1.706	2.02	1.961	5
894	1.863	1.745	2.098	2.02	5
895	1.882	1.745	2.02	2.098	5
896	1.804	1.627	1.706	2.059	5
897	2.059	1.804	1.922	1.941	5
898	1.902	2.039	2.294	1.824	5
899	1.882	2.098	2.412	1.882	5
900	1.745	1.824	1.784	1.902	5
901	1.882	1.843	1.51	1.843	5
902	2.157	1.922	2.039	1.863	5
903	2.216	2.275	2.333	1.98	5
904	2.294	2.373	2.059	2.098	5
905	2.039	2.294	1.922	2.137	5
906	2.0	2.412	2.098	2.098	5
907	2.0	2.49	2.157	2.078	5
908	1.98	2.392	2.314	2.059	5
909	2.196	2.196	2.118	2.059	5
910	2.216	2.118	1.882	1.941	5
911	2.176	2.176	1.922	1.941	5
912	1.922	2.118	2.039	2.078	5
913	1.902	2.098	2.118	2.216	5
914	1.882	2.118	2.039	2.235	5
915	1.765	2.137	2.02	2.039	5
916	1.902	2.02	2.098	1.961	5
917	1.941	1.863	2.059	1.863	5
918	2.078	1.882	2.0	1.902	5
919	1.961	1.961	1.961	1.941	5
920	1.647	1.843	1.804	1.961	5
921	1.569	1.863	1.961	2.02	5
922	1.667	1.961	2.039	2.039	5
923	2.0	2.039	1.843	1.902	5
924	1.98	2.118	2.098	1.804	5
925	1.784	2.314	2.235	1.902	5
926	1.627	2.176	1.922	2.0	5
927	1.784	1.765	1.745	1.98	5
928	2.196	1.647	1.824	1.843	5
929	2.235	1.902	2.098	1.902	5
930	2.078	1.922	2.098	2.02	5
931	1.882	1.824	2.078	2.02	5
932	1.824	1.843	2.0	1.941	5
933	1.804	1.863	1.98	1.765	5
934	1.667	1.647	1.882	1.667	5
935	1.824	1.686	1.98	1.784	5
936	2.0	1.745	2.059	1.941	5
937	2.314	1.784	2.118	2.039	5
938	2.294	1.922	2.353	2.078	5
939	1.725	1.863	2.235	2.02	5
940	1.588	1.784	1.98	1.922	5
941	1.863	1.784	2.078	1.902	5
942	2.059	1.843	2.176	1.902	5
943	2.176	1.98	2.118	1.98	5
944	2.098	1.941	2.157	2.098	5
945	2.216	1.863	2.196	2.137	5
946	2.216	1.765	2.157	2.098	5
947	1.98	1.804	2.235	2.098	5
948	2.0	1.902	2.255	2.118	5
949	2.078	1.824	2.137	2.098	5
950	2.157	1.784	2.196	2.02	5
951	2.392	1.863	2.294	2.0	5
952	2.275	1.98	2.373	2.039	5
953	2.02	2.0	2.294	2.039	5
954	2.059	1.98	2.216	2.039	5
955	2.098	1.863	2.157	2.02	5
956	1.98	1.824	2.118	1.961	5
957	2.039	1.922	2.176	1.902	5
958	2.039	1.941	2.157	1.961	5
959	1.961	1.882	2.176	2.059	5
960	1.98	1.843	2.039	2.137	5
961	2.098	1.882	2.118	2.137	5
962	2.255	1.843	2.196	2.137	5
963	2.216	1.804	2.078	2.118	5
964	2.078	1.569	2.0	2.078	5
965	1.902	1.412	2.078	1.98	5
966	1.706	1.569	2.157	1.922	5
967	1.51	1.667	2.137	1.922	5
968	1.765	1.667	2.098	1.902	5
969	1.98	1.647	1.902	1.941	5
970	2.059	1.647	2.02	1.961	5
971	1.941	1.706	2.02	1.98	5
972	1.922	1.627	1.882	2.02	5
973	1.902	1.588	1.941	1.961	5
974	1.922	1.51	2.0	1.863	5
975	1.941	1.667	2.137	1.784	5
976	1.961	1.882	2.157	1.882	5
977	1.941	1.745	1.902	1.882	5
978	2.0	1.765	1.98	1.902	5
979	2.039	1.941	1.882	2.02	5
980	2.059	2.039	1.863	2.157	5
981	1.882	1.902	2.02	2.216	5
982	1.725	1.745	2.157	2.039	5
983	1.863	2.196	2.157	1.922	5
984	1.902	2.235	2.02	1.745	5
985	1.824	2.294	2.118	1.725	5
986	1.902	2.255	1.98	1.824	5
987	2.078	2.176	1.902	1.941	5
988	2.118	2.314	2.235	2.059	5
989	2.059	2.49	2.549	2.098	5
990	1.882	2.549	2.569	2.039	5
991	1.765	2.373	1.863	2.0	5
992	1.824	2.176	1.667	2.0	5
993	1.804	2.255	2.137	2.0	5
994	1.863	2.471	2.176	2.039	5
995	1.843	2.431	2.137	2.059	5
996	1.941	2.255	2.137	2.02	5
997	1.941	2.078	2.059	2.0	5
998	2.02	1.902	2.0	2.0	5
999	2.118	1.804	1.98	2.059	5
1000	2.118	2.02	2.078	2.02	5
1001	2.02	2.157	2.098	2.078	5
1002	1.824	2.078	2.039	2.098	5
1003	1.824	1.961	1.961	2.039	5
1004	1.863	1.922	1.882	1.98	5
1005	1.824	2.02	2.0	2.0	5
1006	1.922	2.118	2.157	2.059	5
1007	1.961	2.098	2.098	2.098	5
1008	1.98	1.961	2.0	2.039	5
1009	1.725	1.804	1.922	1.961	5
1010	1.765	1.922	1.961	1.902	5
1011	1.961	1.941	1.882	1.882	5
1012	1.941	1.824	1.902	1.941	5
1013	2.176	1.941	2.02	2.02	5
1014	2.196	2.0	2.098	2.118	5
1015	2.118	1.824	2.078	2.176	5
1016	1.941	1.608	2.039	2.039	5
1017	1.745	1.608	2.02	1.882	5
1018	1.784	1.725	2.059	1.804	5
1019	2.078	1.745	2.039	1.804	5
1020	1.98	1.804	2.02	1.843	5
1021	2.078	1.843	2.059	1.941	5
1022	2.0	1.784	1.98	2.039	5
1023	2.059	1.745	1.941	2.039	5
1024	1.922	1.824	2.118	1.961	5
1025	1.882	1.843	2.098	1.804	5
1026	1.902	1.765	1.98	1.686	5
1027	1.961	1.804	2.059	1.765	5
1028	2.216	1.941	2.196	1.902	5
1029	2.02	1.824	2.098	2.118	5
1030	2.137	1.745	2.0	2.196	5
1031	2.353	1.686	2.059	2.196	5
1032	2.255	1.686	2.098	2.059	5
1033	2.078	1.569	2.118	1.922	5
1034	1.804	1.549	2.137	1.804	5
1035	1.706	1.745	2.118	1.765	5
1036	1.882	1.804	2.118	1.902	5
1037	1.804	1.725	1.941	2.0	5
1038	1.922	1.725	1.882	2.0	5
1039	2.098	1.824	2.059	1.902	5
1040	2.49	2.02	2.471	2.039	5
1041	2.549	2.078	2.569	2.255	5
1042	2.157	1.961	2.294	2.275	5
1043	1.922	1.941	2.118	2.196	5
1044	2.0	2.039	2.137	2.02	5
1045	2.059	2.02	2.157	2.0	5
1046	2.137	1.98	2.176	2.059	5
1047	2.275	2.098	2.176	2.176	5
1048	2.294	2.118	2.275	2.275	5
1049	2.235	2.039	2.353	2.294	5
1050	2.137	2.0	2.431	2.216	5
1051	2.0	2.039	2.471	2.118	5
1052	2.098	1.902	2.333	1.961	5
1053	2.059	1.706	2.118	1.922	5
1054	1.98	1.549	2.02	1.922	5
1055	1.98	1.51	2.0	1.902	5
1056	1.922	1.588	2.039	1.941	5
1057	1.961	1.569	2.039	2.0	5
1058	1.765	1.529	2.275	2.059	5
1059	1.608	1.647	2.216	2.039	5
1060	1.725	1.706	2.02	1.941	5
1061	1.804	1.824	1.882	1.902	5
1062	1.882	1.902	1.922	1.922	5
1063	2.039	1.843	1.98	1.941	5
1064	2.196	1.725	1.961	1.961	5
1065	2.039	1.647	1.961	1.961	5
1066	1.843	1.804	2.0	1.98	5
1067	1.824	2.02	2.098	2.039	5
1068	1.843	2.02	1.98	2.02	5
1069	1.843	2.078	2.059	1.941	5
1070	1.902	2.118	2.059	1.843	5
1071	1.745	2.275	1.843	1.824	5
1072	2.0	2.451	2.176	1.902	5
1073	2.098	2.314	2.392	2.059	5
1074	2.059	2.0	2.118	2.039	5
1075	1.882	1.961	1.647	1.941	5
1076	1.882	2.255	1.804	1.863	5
1077	1.961	2.294	2.314	1.902	5
1078	2.039	2.412	2.314	2.039	5
1079	1.961	2.275	2.098	2.059	5
1080	1.863	1.98	2.078	2.059	5
1081	1.745	2.039	2.137	2.059	5
1082	1.765	2.02	1.863	2.059	5
1083	2.02	1.961	1.765	2.039	5
1084	2.0	2.059	2.275	1.882	5
1085	1.745	2.176	2.412	1.824	5
1086	1.647	2.176	1.902	1.922	5
1087	1.824	2.235	1.882	2.02	5
1088	1.706	2.255	2.078	2.078	5
1089	1.569	2.078	2.137	2.059	5
1090	1.529	1.922	2.0	2.0	5
1091	1.804	2.059	2.098	1.961	5
1092	1.804	2.216	2.098	1.98	5
1093	1.706	2.275	2.039	1.961	5
1094	1.647	2.137	1.902	1.765	5
1095	1.784	1.98	1.941	1.686	5
1096	1.961	1.961	1.824	1.706	5
1097	1.961	1.902	1.824	1.824	5
1098	2.137	1.961	1.98	2.02	5
1099	2.118	2.0	2.118	2.255	5
1100	2.098	1.902	2.0	2.196	5
1101	1.941	1.745	1.863	1.98	5
1102	1.882	1.765	1.902	1.784	5
1103	1.902	1.804	1.922	1.745	5
1104	2.157	1.882	2.098	1.863	5
1105	2.02	1.804	2.02	1.961	5
1106	2.059	1.686	1.98	2.0	5
1107	2.294	1.706	2.02	2.02	5
1108	2.235	1.784	2.039	2.039	5
1109	2.275	1.784	2.157	2.118	5
1110	2.373	1.843	2.255	2.176	5
1111	2.255	1.824	2.275	2.059	5
1112	2.078	1.706	2.078	1.961	5
1113	1.922	1.667	1.98	1.98	5
1114	2.0	1.51	1.902	2.0	5
1115	1.902	1.549	1.922	2.039	5
1116	2.098	1.667	2.118	2.157	5
1117	2.314	1.667	2.255	2.255	5
1118	2.275	1.706	2.294	2.196	5
1119	2.039	1.725	2.294	2.02	5
1120	1.922	1.784	2.255	1.843	5
1121	2.02	1.745	2.216	1.843	5
1122	2.02	1.647	2.176	1.902	5
1123	2.039	1.725	2.157	1.961	5
1124	2.0	1.824	2.137	2.0	5
1125	1.98	1.863	2.196	2.0	5
1126	2.0	1.863	2.235	2.039	5
1127	1.98	1.824	2.235	2.059	5
1128	2.098	1.941	2.255	2.0	5
1129	2.235	2.039	2.275	1.98	5
1130	2.176	2.059	2.255	2.0	5
1131	2.157	1.961	2.137	2.059	5
1132	2.137	1.843	2.078	2.039	5
1133	2.176	1.706	2.078	2.059	5
1134	2.255	1.627	2.098	2.059	5
1135	2.196	1.667	2.176	2.059	5
1136	1.961	1.706	2.196	2.059	5
1137	1.882	1.765	2.118	2.039	5
1138	1.745	1.922	2.196	1.98	5
1139	1.804	1.784	2.0	1.863	5
1140	1.882	1.843	1.941	1.843	5
1141	1.98	1.863	1.961	1.863	5
1142	2.059	1.784	1.98	1.902	5
1143	2.02	1.882	2.02	1.824	5
1144	1.882	2.0	2.118	1.824	5
1145	1.804	2.118	2.255	1.863	5
1146	1.961	2.059	2.098	1.98	5
1147	1.824	2.059	1.902	2.059	5
1148	1.549	1.961	2.118	2.137	5
1149	1.725	1.922	2.118	2.098	5
1150	1.902	1.824	2.0	2.02	5
1151	1.922	1.961	1.961	1.941	5
1152	1.882	1.824	2.0	1.882	5
1153	1.922	1.745	2.0	1.804	5
1154	1.922	1.863	2.235	1.902	5
1155	1.961	2.059	2.471	2.039	5
1156	1.824	1.902	2.451	2.118	5
1157	1.706	1.549	1.725	2.039	5
1158	1.784	1.745	1.588	1.98	5
1159	1.941	2.137	2.412	2.137	5
1160	1.804	2.196	2.392	2.255	5
1161	1.824	2.157	2.0	2.235	5
1162	1.922	2.118	1.922	2.059	5
1163	1.922	2.196	2.235	1.882	5
1164	2.078	2.275	2.059	1.863	5
1165	1.98	2.235	1.863	2.0	5
1166	1.961	2.314	1.882	2.157	5
1167	2.059	2.294	1.961	2.235	5
1168	2.176	2.275	2.059	2.235	5
1169	2.137	2.118	2.078	2.059	5
1170	1.882	2.078	2.078	1.843	5
1171	1.725	2.196	2.098	1.745	5
1172	1.941	2.275	1.941	1.824	5
1173	1.902	2.059	1.686	1.941	5
1174	1.922	2.216	1.745	1.961	5
1175	1.824	2.471	1.961	1.98	5
1176	1.824	2.294	1.98	1.922	5
1177	1.765	1.863	1.882	1.843	5
1178	1.824	1.843	1.863	1.765	5
1179	1.882	1.941	1.902	1.804	5
1180	1.745	1.98	1.941	1.804	5
1181	1.804	2.235	1.961	1.843	5
1182	1.863	2.176	1.843	1.843	5
1183	1.98	2.118	2.059	1.941	5
1184	1.961	1.961	1.98	2.02	5
1185	1.941	1.706	1.863	2.059	5
1186	1.922	1.706	2.078	2.098	5
1187	1.804	1.745	2.039	2.0	5
1188	1.667	1.784	1.941	1.922	5
1189	1.824	1.824	2.02	1.902	5
1190	2.0	1.941	2.196	2.02	5
1191	2.235	1.961	2.157	2.039	5
1192	2.255	1.843	2.118	1.961	5
1193	2.275	1.725	2.157	1.98	5
1194	1.941	1.725	2.294	2.02	5
1195	1.98	1.922	2.412	2.078	5
1196	1.941	1.784	2.078	2.098	5
1197	1.922	1.706	1.98	2.176	5
1198	2.216	1.863	2.059	2.176	5
1199	2.255	1.902	2.059	2.098	5
1200	2.098	1.902	2.098	2.02	5
1201	2.353	1.843	2.235	2.0	5
1202	2.451	1.549	2.098	2.039	5
1203	2.373	1.431	2.196	2.039	5
1204	2.02	1.588	2.196	1.961	5
1205	1.922	1.686	2.216	1.961	5
1206	1.922	1.745	2.196	1.961	5
1207	1.824	1.627	2.039	1.941	5
1208	2.118	1.529	1.98	1.902	5
1209	2.098	1.686	2.059	1.882	5
1210	2.098	1.882	2.235	1.941	5
1211	2.098	1.843	2.196	2.039	5
1212	2.02	1.745	2.118	2.078	5
1213	2.0	1.824	2.157	2.02	5
1214	1.961	1.961	2.196	1.882	5
1215	2.02	1.941	2.098	1.843	5
1216	2.02	1.784	2.137	2.0	5
1217	2.078	1.765	2.137	2.176	5
1218	2.196	1.745	2.118	2.235	5
1219	2.196	1.765	2.078	2.118	5
1220	2.039	1.667	2.098	1.961	5
1221	1.922	1.686	2.137	1.843	5
1222	2.039	1.706	2.294	1.863	5
1223	2.157	1.745	2.255	2.0	5
1224	2.0	1.431	2.039	2.118	5
1225	2.039	1.294	2.137	2.157	5
1226	2.098	1.608	2.294	2.098	5
1227	1.902	1.706	2.118	2.02	5
1228	1.588	1.843	1.902	1.922	5
1229	1.608	1.941	2.0	1.882	5
1230	2.0	1.922	2.49	1.902	5
1231	2.02	1.745	2.471	1.961	5
1232	1.804	1.804	1.804	1.98	5
1233	1.882	2.059	1.667	2.098	5
1234	1.922	2.098	2.078	2.157	5
1235	2.196	2.137	2.176	2.176	5
1236	2.235	2.373	2.235	2.078	5
1237	1.98	2.49	2.529	2.059	5
1238	1.549	2.235	2.216	2.039	5
1239	1.49	1.824	1.784	2.0	5
1240	1.882	2.275	2.118	1.941	5
1241	2.039	2.569	2.255	1.941	5
1242	2.118	2.51	1.882	1.961	5
1243	1.922	2.392	1.922	1.98	5
1244	1.863	2.588	2.216	2.039	5
1245	1.686	2.451	2.157	2.059	5
1246	1.863	2.275	1.882	2.039	5
1247	2.078	2.373	1.843	1.941	5
1248	2.02	2.392	2.02	1.804	5
1249	1.804	2.353	2.196	1.824	5
1250	1.686	2.098	2.098	1.941	5
1251	1.922	1.922	1.882	2.157	5
1252	2.039	1.863	1.902	2.235	5
1253	2.039	1.863	1.882	2.137	5
1254	1.922	1.843	1.863	1.941	5
1255	1.824	2.078	1.941	1.824	5
1256	1.843	2.157	2.078	1.784	5
1257	1.804	1.882	2.118	1.843	5
1258	1.784	1.784	1.961	1.98	5
1259	1.922	1.824	1.902	2.039	5
1260	1.922	1.725	1.902	2.02	5
1261	1.98	1.843	1.961	1.922	5
1262	1.941	1.804	1.961	1.843	5
1263	1.804	1.902	1.902	1.765	5
1264	1.647	2.059	1.922	1.765	5
1265	1.549	2.157	1.98	1.922	5
1266	1.431	2.039	1.804	2.02	5
1267	1.686	1.804	1.647	1.961	5
1268	2.275	1.902	1.784	1.824	5
1269	2.51	2.157	2.157	1.902	5
1270	2.294	2.0	2.078	1.98	5
1271	1.922	1.804	2.02	2.078	5
1272	1.706	1.608	1.863	1.961	5
1273	1.765	1.824	2.137	1.843	5
1274	1.98	1.824	2.137	1.824	5
1275	2.02	1.667	1.961	1.843	5
1276	2.255	1.745	1.941	1.902	5
1277	2.118	1.765	1.961	1.98	5
1278	2.333	1.843	2.098	2.118	5
1279	2.333	1.765	2.157	2.137	5
1280	2.294	1.706	2.255	2.0	5
1281	2.078	1.804	2.235	1.882	5
1282	2.0	1.902	2.353	1.863	5
1283	2.157	1.902	2.412	2.02	5
1284	2.431	1.882	2.314	2.098	5
1285	2.392	1.686	1.961	2.098	5
1286	2.118	1.529	1.98	2.118	5
1287	2.0	1.667	2.196	2.078	5
1288	1.98	1.706	2.275	2.078	5
1289	1.922	1.627	2.255	1.961	5
1290	2.02	1.667	2.275	1.922	5
1291	2.098	1.784	2.275	1.902	5
1292	1.961	1.765	2.255	1.922	5
1293	2.157	1.784	2.255	2.0	5
1294	2.196	1.824	2.333	2.098	5
1295	2.059	1.745	2.235	2.196	5
1296	1.784	1.667	2.157	2.137	5
1297	1.804	1.686	2.196	2.039	5
1298	1.98	1.824	2.157	2.0	5
1299	1.961	1.784	2.02	1.902	5
1300	1.922	1.863	2.098	1.961	5
1301	2.0	1.784	2.118	2.059	5
1302	1.961	1.725	2.059	2.078	5
1303	2.0	1.627	2.02	2.137	5
1304	2.059	1.549	2.0	2.157	5
1305	2.039	1.627	2.176	2.137	5
1306	1.824	1.647	2.235	2.098	5
1307	1.824	1.627	2.255	2.0	5
1308	1.863	1.529	2.039	1.882	5
1309	1.882	1.451	2.039	1.804	5
1310	2.078	1.725	2.059	1.824	5
1311	2.078	2.255	2.255	2.0	5
1312	1.941	2.412	2.471	2.137	5
1313	1.647	1.765	1.98	2.118	5
1314	1.686	1.706	1.686	1.961	5
1315	2.0	1.922	1.961	1.882	5
1316	2.039	2.118	2.373	1.902	5
1317	2.098	2.098	2.392	2.039	5
1318	2.196	1.804	2.078	2.098	5
1319	2.235	1.686	1.843	2.02	5
1320	2.216	1.706	1.922	2.0	5
1321	2.196	1.902	1.824	1.961	5
1322	2.137	2.039	1.843	1.961	5
1323	1.843	2.255	2.02	1.98	5
1324	1.706	2.392	2.255	2.02	5
1325	1.863	2.216	2.078	2.059	5
1326	1.784	2.137	1.863	2.059	5
1327	1.922	2.275	1.941	2.02	5
1328	1.863	2.255	1.902	1.961	5
1329	1.804	2.255	1.902	1.941	5
1330	1.745	2.451	1.941	1.961	5
1331	1.745	2.588	2.02	2.02	5
1332	1.804	2.706	2.098	2.098	5
1333	1.941	2.922	2.294	2.118	5
1334	1.843	2.961	2.275	2.196	5
1335	1.863	2.804	2.0	2.196	5
1336	1.804	2.706	1.922	2.196	5
1337	1.882	2.49	2.039	2.157	5
1338	1.961	2.255	2.157	2.118	5
1339	1.882	2.157	2.137	2.118	5
1340	1.686	2.137	2.118	2.078	5
1341	1.725	2.157	2.078	2.059	5
1342	2.059	2.039	2.059	1.902	5
1343	2.216	2.0	2.118	1.843	5
1344	2.216	1.98	2.059	1.882	5
1345	1.98	1.922	2.0	1.902	5
1346	1.765	1.863	1.863	1.824	5
1347	1.765	1.725	1.804	1.863	5
1348	1.843	1.725	1.863	2.039	5
1349	1.902	1.706	1.843	2.098	5
1350	1.843	1.784	1.961	1.902	5
1351	1.941	1.863	2.176	1.804	5
1352	2.157	1.941	2.392	1.824	5
1353	2.078	1.745	1.961	1.882	5
1354	2.059	1.529	1.765	1.941	5
1355	2.118	1.51	1.882	2.059	5
1356	2.039	1.549	2.039	2.118	5
1357	1.843	1.608	2.137	2.078	5
1358	1.843	1.647	2.176	1.922	5
1359	2.078	1.686	2.235	1.765	5
1360	2.078	1.706	2.235	1.804	5
1361	2.059	1.706	2.157	1.941	5
1362	2.078	1.765	2.196	2.098	5
1363	2.157	1.725	2.176	2.157	5
1364	2.098	1.784	2.255	2.157	5
1365	2.02	1.765	2.255	2.078	5
1366	2.0	1.784	2.196	1.961	5
1367	2.039	1.863	2.137	1.863	5
1368	2.0	1.824	2.098	1.843	5
1369	2.059	1.725	2.039	1.882	5
1370	2.098	1.765	2.078	1.961	5
1371	2.157	1.863	2.235	2.216	5
1372	2.118	1.824	2.157	2.353	5
1373	2.098	1.706	2.118	2.216	5
1374	1.961	1.647	2.059	1.961	5
1375	1.843	1.706	2.118	1.725	5
1376	1.961	1.745	2.118	1.725	5
1377	1.922	1.765	2.118	1.843	5
1378	2.0	1.784	2.039	2.0	5
1379	1.98	1.824	2.078	2.137	5
1380	2.039	1.882	2.098	2.137	5
1381	1.941	1.863	2.137	2.059	5
1382	1.824	1.824	2.098	1.941	5
1383	1.863	1.843	2.059	1.882	5
1384	1.961	1.941	2.098	1.902	5
1385	1.98	2.0	2.059	2.0	5
1386	1.941	1.882	2.0	2.059	5
1387	1.961	1.882	2.0	2.059	5
1388	2.02	1.863	2.0	2.059	5
1389	2.039	1.863	2.059	2.078	5
1390	1.98	1.843	2.216	2.059	5
1391	1.863	1.765	2.196	2.02	5
1392	1.922	1.784	1.843	1.941	5
1393	1.863	1.843	1.961	1.882	5
1394	1.882	1.804	2.078	1.902	5
1395	1.961	1.882	2.137	1.941	5
1396	2.0	2.039	2.216	2.039	5
1397	1.941	1.843	2.02	2.059	5
1398	1.882	1.784	1.98	2.02	5
1399	1.863	1.941	1.961	1.961	5
1400	1.922	1.98	2.118	1.902	5
1401	1.804	1.922	2.078	1.902	5
1402	1.902	2.0	2.059	1.941	5
1403	2.02	1.961	2.039	2.02	5
1404	2.0	1.922	2.02	2.059	5
1405	2.0	1.863	2.0	2.078	5
1406	2.059	1.922	2.039	2.078	5
1407	2.02	1.902	2.118	2.059	5
1408	1.882	1.804	2.157	2.0	5
1409	1.804	1.843	2.059	1.941	5
1410	1.98	1.98	1.922	1.902	5
1411	1.902	1.902	1.98	1.882	5
1412	1.961	1.941	2.137	1.922	5
1413	1.922	1.922	2.098	2.0	5
1414	1.922	1.882	2.0	2.02	5
1415	1.902	1.922	2.039	1.98	5
1416	1.863	2.0	2.078	1.941	5
1417	1.902	2.039	2.118	1.961	5
1418	1.882	2.098	2.059	1.961	5
1419	1.902	2.118	2.059	1.98	5
1420	2.039	2.02	2.0	1.98	5
1421	2.0	1.98	1.98	1.98	5
1422	2.059	1.98	2.02	2.0	5
1423	2.059	1.941	2.039	2.039	5
1424	2.059	1.922	2.078	2.078	5
1425	1.922	1.902	2.118	2.0	5
1426	1.902	1.882	2.137	1.941	5
1427	1.882	1.941	2.078	1.882	5
1428	1.902	1.922	2.098	1.882	5
1429	2.0	1.941	2.078	1.941	5
1430	1.961	1.98	2.039	1.98	5
1431	2.02	2.0	2.078	2.02	5
1432	2.0	2.0	2.137	2.02	5
1433	1.922	1.98	2.137	1.98	5
1434	1.882	1.961	2.059	1.922	5
1435	1.961	2.02	2.118	1.882	5
1436	2.02	2.118	2.157	1.922	5
1437	2.098	1.961	2.02	1.98	5
1438	2.098	1.961	2.0	2.039	5
1439	2.078	1.941	2.098	2.059	5
1440	2.098	1.902	2.098	2.098	5
1441	2.078	1.863	2.098	2.098	5
1442	1.961	1.843	2.118	2.02	5
1443	1.922	1.824	2.078	1.961	5
1444	1.941	1.824	2.059	1.863	5
1445	2.0	1.863	2.078	1.863	5
1446	2.039	1.902	2.039	1.882	5
1447	2.02	1.922	2.078	1.98	5
1448	2.0	1.941	2.039	2.059	5
1449	1.941	1.902	2.059	2.059	5
1450	1.882	1.941	2.098	2.02	5
1451	1.941	1.941	2.118	1.922	5
1452	1.961	1.961	2.118	1.863	5
1453	1.98	1.98	2.078	1.863	5
1454	2.0	1.882	2.02	1.941	5
1455	2.078	1.961	2.039	2.02	5
1456	2.137	1.961	2.039	2.118	5
1457	2.118	1.882	2.059	2.137	5
1458	2.098	1.843	2.118	2.118	5
1459	2.0	1.863	2.137	2.0	5
1460	1.922	1.843	2.196	1.843	5
1461	1.961	1.824	2.118	1.882	5
1462	1.98	1.843	2.137	1.882	5
1463	2.02	1.882	2.098	1.941	5
1464	2.039	1.961	2.118	1.98	5
1465	2.059	1.98	2.118	2.039	5
1466	2.0	1.922	2.098	2.02	5
1467	1.922	1.961	2.157	1.961	5
1468	1.961	2.0	2.157	1.902	5
1469	1.98	2.0	2.137	1.902	5
1470	1.98	2.078	2.137	1.961	5
1471	2.039	2.0	2.059	2.02	5
1472	2.039	2.039	2.059	2.02	5
1473	2.118	2.039	2.059	2.039	5
1474	2.059	1.961	2.078	2.078	5
1475	2.0	1.863	2.098	2.098	5
1476	1.902	1.843	2.118	2.02	5
1477	1.941	1.882	2.078	1.98	5
1478	1.863	1.941	2.098	1.882	5
1479	1.863	1.961	2.118	1.882	5
1480	1.941	1.98	2.039	1.922	5
1481	1.941	1.941	2.0	1.98	5
1482	1.961	2.0	2.078	2.02	5
1483	1.922	1.98	2.137	2.059	5
1484	1.882	2.02	2.059	2.039	5
1485	1.902	2.0	2.078	1.922	5
1486	1.863	1.98	2.078	1.961	5
1487	1.941	2.039	2.098	1.961	5
1488	1.98	1.98	2.059	2.0	5
1489	1.961	1.961	2.02	2.059	5
1490	2.02	1.922	2.02	2.078	5
1491	2.039	1.882	2.039	2.098	5
1492	2.02	1.843	2.078	2.078	5
1493	1.882	1.804	2.098	2.02	5
1494	1.843	1.824	2.039	1.922	5
1495	1.922	1.843	2.059	1.882	5
1496	1.902	1.863	2.059	1.902	5
1497	1.922	1.882	2.059	1.941	5
1498	1.922	1.902	2.039	2.0	5
1499	1.941	1.922	2.039	2.02	5
