time	channel1	channel2	channel3	channel4	class
0	2.039	1.961	1.98	1.961	2
1	1.784	2.059	2.078	1.961	2
2	1.725	2.137	2.059	2.059	2
3	1.882	2.216	1.922	2.118	2
4	1.922	2.333	1.843	2.02	2
5	2.0	2.392	1.922	1.961	2
6	1.882	2.196	1.98	1.922	2
7	1.902	2.157	2.02	1.922	2
8	2.0	2.02	2.02	1.941	2
9	1.961	1.98	1.961	1.922	2
10	1.765	1.843	1.882	1.784	2
11	1.686	1.882	1.961	1.745	2
12	1.941	1.961	2.039	1.882	2
13	2.059	1.804	2.078	1.941	2
14	2.02	1.608	1.922	1.98	2
15	2.0	1.627	1.882	1.922	2
16	1.784	1.686	1.941	1.902	2
17	1.922	1.588	1.922	1.824	2
18	2.039	1.647	1.863	1.804	2
19	1.98	1.706	1.824	1.765	2
20	1.745	2.02	2.078	1.882	2
21	1.745	2.157	2.137	2.078	2
22	1.922	2.059	2.118	2.118	2
23	2.118	1.804	1.922	1.961	2
24	2.255	1.745	1.961	1.725	2
25	2.235	1.745	1.98	1.608	2
26	2.137	1.922	2.098	1.627	2
27	1.863	1.961	2.059	1.824	2
28	1.667	2.0	2.02	2.137	2
29	1.686	1.961	2.157	2.196	2
30	2.0	2.098	2.255	2.255	2
31	1.941	2.098	2.176	2.098	2
32	1.961	2.0	2.137	2.02	2
33	1.941	1.961	2.137	2.02	2
34	2.02	2.039	2.255	2.098	2
35	1.98	2.137	2.255	2.216	2
36	2.0	2.059	2.235	2.314	2
37	2.059	2.0	2.314	2.314	2
38	2.118	1.961	2.255	2.314	2
39	2.118	1.941	2.235	2.314	2
40	2.098	1.882	2.255	2.216	2
41	2.098	1.863	2.275	2.196	2
42	2.118	1.863	2.353	2.196	2
43	2.196	1.902	2.333	2.176	2
44	2.098	1.882	2.314	2.196	2
45	1.941	1.902	2.314	2.196	2
46	2.078	1.863	2.294	2.255	2
47	2.196	1.784	2.216	2.216	2
48	2.137	1.686	2.235	2.157	2
49	2.196	1.588	2.216	2.02	2
50	2.039	1.686	2.157	2.0	2
51	1.961	1.647	2.118	2.0	2
52	1.941	1.745	2.235	2.078	2
53	2.0	2.039	2.333	2.157	2
54	2.098	1.98	2.118	2.137	2
55	2.059	1.725	1.843	2.039	2
56	1.98	1.922	2.078	1.902	2
57	2.02	1.902	2.275	1.902	2
58	2.137	1.98	2.294	1.941	2
59	2.176	2.078	2.314	2.02	2
60	2.098	1.765	2.137	1.98	2
61	1.902	1.745	2.098	1.941	2
62	1.765	1.902	2.039	1.941	2
63	1.902	2.0	2.039	2.0	2
64	2.02	2.118	2.098	1.961	2
65	1.882	2.118	2.176	2.0	2
66	1.863	2.059	2.137	1.961	2
67	1.882	2.098	1.98	1.961	2
68	1.902	2.059	1.961	1.902	2
69	1.843	2.059	2.02	1.941	2
70	1.784	1.961	2.078	1.98	2
71	1.863	2.0	2.039	1.98	2
72	2.059	1.941	1.961	2.0	2
73	2.059	1.882	1.941	1.922	2
74	2.0	1.824	1.824	1.843	2
75	2.02	1.765	1.863	1.784	2
76	2.0	1.804	2.0	1.824	2
77	2.0	1.784	1.98	1.863	2
78	1.941	1.706	1.863	1.902	2
79	1.686	1.804	1.902	1.98	2
80	1.647	1.667	1.922	1.961	2
81	1.98	1.529	1.824	1.922	2
82	1.961	1.725	1.961	1.902	2
83	1.961	1.863	2.0	1.902	2
84	1.863	1.706	1.824	1.882	2
85	1.686	1.745	1.686	1.922	2
86	1.588	2.059	1.843	2.02	2
87	1.706	2.02	1.941	2.059	2
88	1.804	1.882	2.059	2.078	2
89	1.843	1.824	2.039	2.039	2
90	1.882	1.941	1.961	1.941	2
91	1.784	1.98	1.941	1.902	2
92	1.863	2.118	2.078	1.882	2
93	1.922	1.941	2.098	1.824	2
94	1.941	1.843	2.039	1.824	2
95	1.941	2.0	2.059	1.902	2
96	1.745	2.0	1.961	1.941	2
97	1.667	1.902	1.784	1.961	2
98	1.804	2.098	2.078	1.961	2
99	1.863	2.216	2.216	2.0	2
100	1.902	2.176	2.275	2.02	2
101	1.961	2.078	2.157	1.98	2
102	2.02	1.961	1.941	1.922	2
103	1.98	1.961	1.922	1.902	2
104	1.941	2.059	2.059	1.922	2
105	1.961	2.039	2.176	1.961	2
106	2.039	2.098	2.098	1.961	2
107	2.039	1.961	2.039	1.961	2
108	2.078	1.824	1.98	1.941	2
109	2.157	1.882	1.98	1.843	2
110	2.216	1.863	2.039	1.804	2
111	2.216	1.922	2.118	1.824	2
112	2.098	1.784	2.078	1.863	2
113	1.961	1.765	2.0	1.941	2
114	2.0	1.824	2.0	2.0	2
115	2.176	1.804	2.02	1.961	2
116	2.118	1.882	2.059	1.961	2
117	2.216	1.843	2.059	1.941	2
118	2.137	1.824	2.059	1.961	2
119	2.176	1.863	2.059	1.98	2
120	2.078	1.863	2.118	2.0	2
121	2.157	1.882	2.216	2.039	2
122	2.235	1.961	2.098	2.02	2
123	2.196	1.902	1.882	2.02	2
124	2.216	1.922	2.098	1.98	2
125	2.275	1.882	2.176	1.922	2
126	2.392	1.98	2.216	1.902	2
127	2.294	1.863	2.216	1.922	2
128	2.235	1.706	2.235	1.941	2
129	2.118	1.686	2.196	2.02	2
130	2.059	1.784	2.196	2.078	2
131	2.078	1.784	2.216	2.157	2
132	2.157	1.843	2.157	2.137	2
133	2.098	1.745	2.0	2.039	2
134	2.078	1.784	2.098	2.0	2
135	2.078	1.941	2.157	2.0	2
136	2.0	1.941	2.098	2.059	2
137	1.843	1.961	2.196	2.157	2
138	1.922	2.078	2.196	2.216	2
139	1.961	2.059	2.137	2.176	2
140	1.961	1.882	2.078	2.157	2
141	1.961	1.804	2.059	2.039	2
142	1.961	1.765	2.078	1.941	2
143	2.059	1.725	2.118	1.882	2
144	2.157	1.784	2.216	1.902	2
145	2.196	1.882	2.176	1.961	2
146	1.941	1.765	2.255	2.039	2
147	1.784	1.804	2.176	2.157	2
148	1.667	2.02	1.922	2.118	2
149	1.784	2.059	2.137	2.078	2
150	1.882	1.961	2.255	2.039	2
151	2.059	1.765	2.157	1.961	2
152	2.078	1.804	2.196	1.902	2
153	2.02	1.941	2.235	1.941	2
154	1.824	1.902	2.137	2.039	2
155	1.784	2.137	1.961	2.137	2
156	1.706	2.275	2.0	2.216	2
157	1.745	2.412	2.216	2.176	2
158	1.863	2.373	2.255	2.157	2
159	1.902	2.098	2.118	2.059	2
160	1.941	2.078	2.118	1.98	2
161	1.961	2.137	2.059	1.922	2
162	1.98	2.157	2.059	1.882	2
163	1.765	2.078	2.098	1.961	2
164	1.588	2.078	2.118	2.039	2
165	1.647	2.157	2.137	2.176	2
166	1.804	2.0	1.98	2.157	2
167	1.784	1.863	1.882	2.039	2
168	1.824	2.118	2.059	1.922	2
169	1.882	2.118	2.078	1.863	2
170	1.98	1.941	2.0	1.863	2
171	1.843	1.863	2.0	1.98	2
172	1.784	1.98	2.157	2.059	2
173	1.765	1.824	2.0	2.157	2
174	1.922	1.765	1.98	1.961	2
175	2.078	1.725	1.941	1.843	2
176	1.98	1.784	1.961	1.824	2
177	1.706	1.863	2.078	1.843	2
178	1.882	1.667	2.098	1.863	2
179	2.196	1.667	2.0	1.824	2
180	2.0	1.882	1.863	1.843	2
181	1.745	1.922	1.98	1.902	2
182	1.784	1.824	2.039	1.922	2
183	1.961	1.706	1.98	1.941	2
184	1.961	1.824	2.039	1.98	2
185	1.863	1.922	1.882	2.02	2
186	1.824	2.02	1.863	2.0	2
187	1.765	1.98	1.882	1.941	2
188	1.686	1.98	1.922	1.902	2
189	1.902	2.078	1.941	1.941	2
190	1.98	2.059	1.961	1.941	2
191	2.0	2.059	1.941	2.078	2
192	1.98	1.941	1.804	1.98	2
193	2.0	1.941	1.843	1.941	2
194	2.078	2.098	2.098	1.941	2
195	2.118	1.98	2.118	1.98	2
196	2.157	1.784	2.078	1.961	2
197	2.059	1.765	2.059	1.961	2
198	1.941	1.863	2.078	2.02	2
199	1.902	1.804	2.078	2.02	2
200	2.039	1.765	2.098	2.02	2
201	2.0	1.804	2.137	2.02	2
202	2.098	1.863	2.157	2.0	2
203	2.098	1.863	2.078	1.98	2
204	2.059	1.902	2.098	1.941	2
205	1.961	1.882	2.216	2.0	2
206	2.059	1.961	2.255	2.078	2
207	2.137	1.882	2.275	2.078	2
208	2.137	1.824	2.157	2.098	2
209	2.098	1.824	2.118	1.961	2
210	2.098	1.804	2.137	1.902	2
211	2.078	1.804	2.176	1.882	2
212	2.216	1.804	2.176	1.882	2
213	2.294	1.804	2.157	1.882	2
214	2.098	1.745	2.157	1.941	2
215	1.882	1.784	2.157	1.961	2
216	1.941	1.824	2.098	2.039	2
217	1.98	1.863	2.137	2.039	2
218	2.039	1.784	2.078	2.02	2
219	2.098	1.784	2.098	2.0	2
220	2.098	1.922	2.118	2.0	2
221	2.078	1.922	2.157	2.039	2
222	1.961	2.059	2.196	2.137	2
223	1.961	2.059	2.157	2.176	2
224	1.98	2.02	2.118	2.235	2
225	1.941	1.98	2.118	2.059	2
226	2.02	2.039	2.098	2.02	2
227	2.078	2.02	2.098	2.0	2
228	2.078	1.98	2.157	2.0	2
229	2.137	1.98	2.216	2.0	2
230	2.196	1.922	2.255	1.961	2
231	1.98	1.745	2.157	1.98	2
232	1.882	1.706	2.176	2.02	2
233	1.804	1.725	2.059	2.078	2
234	1.961	1.745	2.196	2.078	2
235	2.02	1.98	2.157	2.098	2
236	1.961	1.941	2.176	2.039	2
237	1.922	1.784	2.216	1.941	2
238	2.039	1.765	1.922	1.902	2
239	2.0	1.706	1.98	1.882	2
240	1.882	1.824	2.196	1.98	2
241	1.765	1.824	2.235	2.078	2
242	1.882	1.667	2.137	2.137	2
243	1.941	1.922	2.137	2.118	2
244	2.039	1.98	1.98	1.98	2
245	2.078	1.961	2.0	1.882	2
246	1.961	2.078	1.863	1.824	2
247	1.902	2.235	2.059	1.863	2
248	1.804	2.02	2.176	1.98	2
249	1.725	1.843	2.098	2.098	2
250	1.745	1.922	2.0	2.157	2
251	1.843	2.098	1.941	2.157	2
252	1.784	2.118	2.0	2.059	2
253	1.843	2.098	2.02	1.98	2
254	1.863	2.157	2.0	1.902	2
255	1.882	2.255	1.902	1.863	2
256	1.784	2.314	1.882	1.922	2
257	1.784	2.314	1.961	2.0	2
258	1.804	2.255	1.902	2.098	2
259	1.824	2.176	2.137	2.176	2
260	1.882	2.078	2.078	2.118	2
261	1.961	2.039	1.98	2.0	2
262	2.078	2.098	2.059	1.863	2
263	2.118	2.02	2.039	1.765	2
264	2.059	1.922	2.0	1.725	2
265	1.784	1.941	2.137	1.843	2
266	1.49	1.961	2.039	2.0	2
267	1.824	1.961	2.0	2.078	2
268	2.039	1.922	2.098	2.098	2
269	1.961	1.784	2.039	2.02	2
270	1.961	1.745	1.98	1.961	2
271	1.941	1.882	2.02	1.922	2
272	1.961	1.941	2.039	1.941	2
273	1.863	1.922	2.137	2.02	2
274	1.882	1.843	2.118	2.078	2
275	1.922	1.745	2.098	2.078	2
276	2.0	1.902	2.0	2.059	2
277	2.02	1.98	2.02	2.039	2
278	2.118	1.902	2.118	1.98	2
279	2.098	1.784	2.039	1.98	2
280	2.137	1.745	2.059	1.882	2
281	2.255	1.745	2.118	1.843	2
282	2.137	1.706	2.059	1.863	2
283	1.922	1.824	2.176	2.0	2
284	1.882	1.98	2.078	2.157	2
285	2.098	1.765	2.098	2.196	2
286	2.098	1.745	2.137	2.157	2
287	2.157	1.804	2.157	2.039	2
288	2.176	1.902	2.039	1.961	2
289	2.137	1.902	2.0	1.882	2
290	2.039	1.804	2.039	1.902	2
291	2.098	1.745	2.098	2.02	2
292	2.137	1.882	2.098	2.059	2
293	2.235	2.0	2.176	2.137	2
294	2.078	1.843	2.039	2.02	2
295	2.078	1.745	1.98	1.863	2
296	2.216	1.882	2.059	1.745	2
297	2.294	1.725	2.0	1.725	2
298	2.275	1.706	2.059	1.784	2
299	2.176	1.824	2.118	1.922	2
300	1.961	1.784	2.059	2.039	2
301	1.824	1.843	2.0	2.098	2
302	2.039	1.824	2.0	2.0	2
303	2.059	1.882	2.039	1.902	2
304	2.176	1.843	2.02	1.843	2
305	2.157	1.961	2.157	1.863	2
306	2.216	2.039	2.157	1.961	2
307	2.137	1.902	2.098	2.078	2
308	2.059	1.961	2.137	2.137	2
309	2.0	1.961	2.157	2.157	2
310	2.02	2.0	2.176	2.118	2
311	1.98	2.0	2.176	2.0	2
312	2.0	1.882	2.176	2.0	2
313	2.137	1.961	2.196	1.941	2
314	2.176	1.902	2.176	1.902	2
315	2.118	1.843	2.137	1.922	2
316	1.882	1.843	2.098	2.0	2
317	1.686	1.882	2.118	2.137	2
318	1.784	1.765	2.196	2.196	2
319	1.98	1.647	2.176	2.235	2
320	1.98	1.647	2.118	2.118	2
321	1.902	1.588	2.0	1.961	2
322	1.843	1.824	2.059	1.824	2
323	1.843	1.98	2.157	1.843	2
324	1.706	2.059	2.098	2.02	2
325	1.804	2.118	2.0	2.157	2
326	1.882	2.039	2.02	2.275	2
327	1.882	1.961	2.098	2.196	2
328	1.863	2.0	2.098	2.098	2
329	1.98	2.0	2.02	2.0	2
330	2.098	2.314	2.059	1.922	2
331	2.02	2.255	2.137	1.882	2
332	1.902	2.216	2.235	1.922	2
333	1.902	2.176	2.196	1.961	2
334	1.784	2.216	2.0	2.0	2
335	1.765	2.137	2.0	1.961	2
336	1.902	2.216	2.157	1.98	2
337	1.882	2.392	2.176	2.0	2
338	1.882	2.451	2.176	2.02	2
339	1.725	2.294	2.098	2.039	2
340	1.765	2.137	2.176	2.0	2
341	1.725	1.98	2.039	1.98	2
342	1.765	1.941	1.98	1.98	2
343	1.745	2.078	1.902	2.0	2
344	1.784	2.137	2.078	1.961	2
345	1.882	2.373	2.255	2.039	2
346	1.98	2.176	2.137	2.078	2
347	1.941	1.922	1.961	2.02	2
348	1.961	1.784	1.98	1.902	2
349	2.0	1.647	2.157	1.745	2
350	1.882	1.588	2.255	1.765	2
351	1.765	1.686	2.098	1.902	2
352	1.765	1.922	1.863	2.02	2
353	1.745	1.941	1.941	2.176	2
354	1.784	1.922	2.039	2.176	2
355	1.824	1.843	1.784	2.02	2
356	1.843	1.765	1.902	1.882	2
357	1.961	1.647	1.941	1.804	2
358	1.961	1.843	2.098	1.882	2
359	2.02	1.922	2.118	2.0	2
360	1.922	1.863	2.0	2.039	2
361	1.882	2.0	1.863	2.098	2
362	1.922	2.137	1.824	2.098	2
363	1.902	1.902	1.922	2.02	2
364	2.02	1.843	1.961	1.902	2
365	2.098	1.804	2.0	1.843	2
366	2.176	1.902	2.078	1.784	2
367	2.078	1.941	2.118	1.922	2
368	1.882	1.902	2.078	2.039	2
369	1.922	2.039	1.98	2.137	2
370	2.039	1.961	1.961	2.078	2
371	2.02	1.941	2.039	2.0	2
372	2.059	1.902	2.02	1.902	2
373	2.039	1.863	2.039	1.902	2
374	2.039	1.941	2.098	1.961	2
375	2.0	1.824	2.059	2.02	2
376	2.039	1.882	2.098	2.059	2
377	2.02	1.902	2.0	2.118	2
378	2.0	1.882	2.098	2.059	2
379	2.137	1.902	2.118	2.0	2
380	2.098	1.706	2.02	1.961	2
381	2.118	1.824	2.098	1.961	2
382	2.137	1.804	2.098	1.941	2
383	2.157	1.765	2.118	1.902	2
384	2.039	1.686	2.137	1.902	2
385	1.961	1.765	2.137	1.961	2
386	2.02	1.765	2.118	2.039	2
387	2.098	1.882	2.098	2.078	2
388	2.059	1.804	2.078	2.039	2
389	2.118	1.863	2.137	2.0	2
390	2.118	1.941	2.176	1.961	2
391	2.157	1.961	2.176	1.961	2
392	1.961	1.882	2.137	1.98	2
393	1.941	1.961	2.137	2.039	2
394	1.961	1.902	2.176	2.039	2
395	2.118	1.961	2.098	2.059	2
396	2.137	1.902	2.059	1.98	2
397	2.216	1.765	2.137	1.922	2
398	2.294	1.902	2.314	1.902	2
399	2.176	1.765	2.255	1.941	2
400	2.039	1.706	2.137	1.961	2
401	1.98	1.824	2.118	2.0	2
402	1.804	1.961	2.176	2.098	2
403	1.863	1.784	2.235	2.098	2
404	2.157	1.706	2.235	2.137	2
405	2.078	1.667	2.216	2.078	2
406	2.098	1.961	2.157	2.039	2
407	2.0	2.039	2.098	2.0	2
408	2.039	2.118	2.118	1.98	2
409	1.902	2.118	2.137	2.02	2
410	1.725	2.157	2.157	2.098	2
411	1.706	2.196	2.176	2.275	2
412	1.961	2.118	2.176	2.196	2
413	2.02	1.98	2.118	2.137	2
414	1.922	1.902	2.118	2.02	2
415	2.0	2.0	2.059	1.882	2
416	1.941	1.922	2.0	1.784	2
417	1.941	1.843	2.059	1.725	2
418	1.902	1.863	2.196	1.824	2
419	1.804	2.078	2.216	1.941	2
420	1.804	2.118	2.039	2.118	2
421	1.824	1.863	1.961	2.176	2
422	1.765	1.686	1.98	2.118	2
423	1.882	1.745	2.02	1.961	2
424	1.98	2.0	2.059	1.922	2
425	1.824	1.98	1.961	1.902	2
426	1.706	1.784	1.922	1.922	2
427	1.804	1.765	1.98	1.961	2
428	1.902	1.863	1.98	2.039	2
429	1.882	1.941	1.98	2.059	2
430	1.922	1.941	1.941	2.02	2
431	1.843	1.961	1.902	1.961	2
432	1.961	1.941	1.902	1.902	2
433	2.078	1.98	2.039	1.882	2
434	2.176	1.882	2.137	1.863	2
435	2.176	1.667	2.235	1.902	2
436	1.941	1.549	2.059	2.0	2
437	1.745	1.706	1.706	1.98	2
438	1.843	2.078	1.902	2.059	2
439	1.824	1.902	2.098	2.02	2
440	2.02	1.725	2.039	1.98	2
441	1.882	1.863	2.118	1.961	2
442	2.098	1.902	2.078	1.961	2
443	2.059	1.765	1.98	2.02	2
444	1.961	1.843	1.784	2.078	2
445	1.922	1.843	1.902	2.039	2
446	1.922	2.0	2.157	2.059	2
447	1.922	2.098	2.157	2.078	2
448	1.961	2.0	2.0	2.098	2
449	2.098	1.824	1.98	2.039	2
450	2.098	1.765	1.961	1.941	2
451	2.118	2.078	2.098	1.863	2
452	2.02	2.098	2.039	1.882	2
453	1.804	1.902	1.941	1.961	2
454	1.784	2.039	1.961	2.0	2
455	2.02	2.118	2.059	2.02	2
456	2.02	2.098	2.0	2.0	2
457	2.118	2.078	2.039	1.941	2
458	2.098	2.039	2.039	1.882	2
459	2.118	2.118	2.078	1.882	2
460	1.98	2.157	2.059	1.902	2
461	2.0	2.118	2.098	1.961	2
462	1.98	2.118	2.137	2.0	2
463	2.098	2.157	2.216	2.098	2
464	2.157	2.059	2.176	2.137	2
465	2.118	1.863	2.098	2.039	2
466	2.137	1.824	2.078	1.902	2
467	2.176	1.882	2.098	1.784	2
468	2.176	1.784	2.196	1.784	2
469	2.137	1.824	2.333	1.922	2
470	2.0	1.922	2.255	2.098	2
471	1.941	1.882	2.098	2.255	2
472	1.922	1.804	2.176	2.196	2
473	1.961	1.784	2.176	2.137	2
474	2.078	1.863	2.157	2.02	2
475	2.039	1.941	2.235	2.0	2
476	2.039	1.882	2.216	2.059	2
477	1.922	1.922	2.275	2.137	2
478	2.0	2.0	2.196	2.157	2
479	1.922	1.902	2.039	2.118	2
480	1.922	1.902	2.137	2.039	2
481	2.078	1.902	2.196	2.0	2
482	2.059	1.745	2.216	2.02	2
483	2.039	1.784	2.275	2.0	2
484	2.098	1.922	2.353	2.02	2
485	2.059	1.863	2.118	1.98	2
486	1.902	1.745	1.961	1.98	2
487	1.902	1.961	2.039	1.98	2
488	2.078	2.02	2.255	2.0	2
489	2.098	1.706	2.196	1.961	2
490	1.863	1.588	2.059	1.941	2
491	1.941	1.902	2.176	1.941	2
492	1.922	2.02	2.098	1.922	2
493	1.922	2.118	1.941	1.961	2
494	1.745	2.137	2.02	2.039	2
495	2.039	2.02	2.02	2.137	2
496	2.098	1.902	1.98	2.098	2
497	1.922	1.784	2.039	2.02	2
498	1.882	1.863	2.059	1.843	2
499	1.98	1.882	2.02	1.824	2
500	2.039	2.0	2.078	1.843	2
501	2.0	1.922	2.02	1.922	2
502	1.98	1.843	1.941	1.941	2
503	1.824	1.784	1.961	1.941	2
504	1.706	1.686	2.02	1.961	2
505	1.863	1.608	2.078	1.961	2
506	2.02	1.49	2.078	1.961	2
507	1.98	1.569	2.059	1.98	2
508	1.98	1.961	2.059	2.0	2
509	1.686	2.118	2.137	2.078	2
510	1.765	2.137	1.961	2.098	2
511	1.922	1.922	1.765	1.961	2
512	1.98	1.98	2.02	1.922	2
513	1.922	2.196	2.196	1.98	2
514	1.706	2.0	2.098	2.039	2
515	1.863	1.98	2.098	2.059	2
516	1.98	2.039	2.059	2.039	2
517	1.961	2.176	2.078	1.922	2
518	1.98	2.137	2.176	1.863	2
519	2.059	2.039	2.275	1.843	2
520	1.922	1.98	2.196	1.882	2
521	1.882	1.961	1.725	1.922	2
522	1.647	2.078	1.784	2.0	2
523	1.627	1.902	2.157	2.02	2
524	1.863	1.882	2.137	2.039	2
525	2.039	2.098	2.098	1.98	2
526	1.98	2.176	2.216	1.961	2
527	1.98	2.098	2.216	1.922	2
528	1.843	1.882	1.922	1.902	2
529	1.882	1.941	1.824	1.922	2
530	1.843	2.0	2.078	2.059	2
531	1.863	2.0	2.059	2.059	2
532	1.98	2.02	2.02	2.059	2
533	2.118	1.98	1.98	1.98	2
534	2.078	1.941	2.0	1.824	2
535	2.118	1.961	2.02	1.784	2
536	2.255	1.902	2.059	1.863	2
537	2.176	1.902	2.078	2.02	2
538	1.824	1.824	2.059	2.196	2
539	1.765	1.765	1.961	2.157	2
540	2.059	1.765	1.961	2.059	2
541	2.078	1.843	1.961	1.941	2
542	2.176	1.882	2.059	1.902	2
543	2.098	1.882	2.02	1.922	2
544	2.059	1.863	2.02	2.0	2
545	1.961	1.941	2.039	2.098	2
546	2.0	2.059	2.078	2.176	2
547	2.137	2.039	2.02	2.216	2
548	2.118	1.98	2.039	2.118	2
549	2.078	1.902	2.078	2.039	2
550	2.02	1.882	2.02	1.922	2
551	2.059	1.824	2.0	1.863	2
552	2.059	1.706	2.02	1.882	2
553	2.137	1.765	2.137	1.902	2
554	2.059	1.686	2.059	1.961	2
555	1.863	1.667	2.078	1.98	2
556	1.882	1.706	2.0	2.0	2
557	2.137	1.824	2.118	2.039	2
558	2.157	1.863	2.176	2.059	2
559	2.137	1.686	2.118	2.039	2
560	1.941	1.627	2.078	2.0	2
561	1.902	1.706	2.078	1.922	2
562	1.843	1.706	2.078	1.902	2
563	1.863	1.725	2.078	1.902	2
564	1.961	1.725	2.078	1.961	2
565	1.961	1.765	2.137	2.078	2
566	1.941	1.882	2.216	2.098	2
567	1.98	1.824	2.098	2.059	2
568	1.961	1.784	2.235	1.98	2
569	2.059	1.824	2.373	1.922	2
570	2.039	1.627	2.216	1.824	2
571	1.961	1.529	2.157	1.804	2
572	1.941	1.588	2.137	1.902	2
573	1.941	1.706	2.137	1.98	2
574	2.02	2.039	2.216	2.098	2
575	1.784	2.078	2.216	2.176	2
576	1.765	1.941	2.333	2.196	2
577	1.941	1.804	2.235	2.118	2
578	2.02	1.804	2.157	1.961	2
579	1.941	1.784	2.196	1.922	2
580	2.098	1.941	2.157	1.922	2
581	2.059	1.961	2.196	1.98	2
582	1.941	2.157	2.0	2.039	2
583	1.824	2.176	2.118	2.118	2
584	1.882	2.118	2.314	2.118	2
585	1.922	2.039	2.294	2.039	2
586	2.078	1.961	1.902	1.941	2
587	2.098	1.941	2.039	1.843	2
588	2.078	1.961	2.118	1.843	2
589	1.706	2.078	2.059	1.98	2
590	1.647	2.157	2.02	2.039	2
591	1.824	1.922	1.863	2.078	2
592	1.922	1.98	1.902	2.02	2
593	2.098	2.02	1.941	1.922	2
594	2.0	2.235	2.078	1.922	2
595	1.882	2.569	2.196	2.02	2
596	1.647	2.529	2.0	2.118	2
597	1.784	2.196	1.784	2.176	2
598	1.922	2.196	2.059	2.137	2
599	1.961	2.216	2.0	2.039	2
600	1.843	2.02	1.784	1.98	2
601	1.922	1.941	1.941	1.882	2
602	2.039	2.059	1.941	1.882	2
603	2.0	2.216	2.039	1.902	2
604	2.0	2.216	2.314	1.961	2
605	2.02	2.059	2.235	2.02	2
606	1.922	1.863	2.039	2.039	2
607	1.922	1.745	1.824	2.0	2
608	1.922	1.882	1.824	1.98	2
609	1.902	2.118	2.039	1.961	2
610	1.804	2.039	2.137	2.039	2
611	1.882	1.882	2.157	2.059	2
612	2.059	1.922	2.176	2.0	2
613	1.961	1.843	2.02	1.941	2
614	1.902	1.882	1.745	1.882	2
615	1.961	1.902	1.98	1.98	2
616	1.961	1.863	2.059	1.98	2
617	2.059	1.922	2.078	2.02	2
618	2.137	1.902	1.922	2.059	2
619	2.118	2.02	1.922	2.0	2
620	1.902	2.157	2.118	1.941	2
621	1.941	2.059	2.216	1.882	2
622	2.118	1.647	2.118	1.843	2
623	2.0	1.784	1.961	1.902	2
624	1.902	2.059	1.863	2.039	2
625	2.0	2.02	2.039	2.078	2
626	1.98	1.941	2.039	2.039	2
627	2.059	2.02	2.078	1.98	2
628	2.02	2.098	2.118	1.961	2
629	2.059	2.157	2.098	2.0	2
630	1.961	2.118	2.098	2.098	2
631	1.98	2.059	2.059	2.137	2
632	2.02	1.98	2.059	2.059	2
633	1.98	2.02	2.02	1.961	2
634	2.059	2.02	2.098	1.863	2
635	2.059	1.863	2.078	1.902	2
636	2.098	1.843	2.118	1.98	2
637	2.176	1.784	2.137	2.02	2
638	2.235	1.745	2.196	1.961	2
639	2.157	1.725	2.216	1.922	2
640	1.922	1.686	2.137	1.961	2
641	1.902	1.765	2.137	2.0	2
642	2.059	1.804	2.216	2.098	2
643	2.039	1.686	2.176	2.098	2
644	2.059	1.667	2.098	2.078	2
645	2.02	1.706	2.02	1.98	2
646	2.039	1.824	2.137	1.961	2
647	1.941	1.804	2.216	2.078	2
648	2.039	1.843	2.157	2.118	2
649	2.059	1.882	2.098	2.059	2
650	2.059	1.902	2.255	2.02	2
651	1.941	1.824	2.098	2.02	2
652	1.961	1.627	2.059	1.961	2
653	2.078	1.706	2.118	1.922	2
654	2.176	1.784	2.176	1.902	2
655	2.255	1.784	2.157	1.902	2
656	2.02	1.706	2.157	1.961	2
657	1.863	1.725	2.137	2.098	2
658	1.902	1.784	2.157	2.078	2
659	2.078	1.863	2.176	2.02	2
660	1.98	1.725	2.157	1.961	2
661	2.02	1.745	2.196	1.941	2
662	2.039	1.804	2.137	2.039	2
663	2.098	1.843	2.176	2.098	2
664	1.98	1.902	2.157	2.098	2
665	1.922	1.902	2.137	2.078	2
666	1.961	1.902	2.196	2.0	2
667	2.02	2.118	2.176	2.02	2
668	1.922	2.078	2.294	2.098	2
669	1.941	1.902	2.216	2.078	2
670	1.941	1.765	2.039	1.98	2
671	2.039	1.706	1.902	1.863	2
672	2.0	1.686	2.039	1.784	2
673	1.941	1.725	2.235	1.824	2
674	1.784	1.784	2.196	1.961	2
675	1.745	1.667	2.098	2.118	2
676	1.804	1.843	2.098	2.176	2
677	1.882	1.725	2.137	2.059	2
678	1.902	1.725	2.196	1.941	2
679	1.961	1.804	1.98	1.824	2
680	2.039	1.765	1.745	1.745	2
681	1.843	1.922	1.882	1.824	2
682	1.706	2.039	2.039	2.059	2
683	1.706	2.0	1.922	2.118	2
684	1.784	2.02	2.118	2.216	2
685	1.961	2.039	2.098	2.098	2
686	2.039	1.961	2.039	1.922	2
687	2.078	2.0	2.0	1.784	2
688	2.0	2.078	1.882	1.745	2
689	1.941	2.235	1.902	1.804	2
690	1.902	2.0	1.902	1.922	2
691	1.863	1.941	1.941	1.98	2
692	1.902	1.98	1.882	2.039	2
693	2.059	2.078	1.902	2.02	2
694	1.98	2.176	1.922	1.961	2
695	2.0	2.118	2.039	1.961	2
696	1.843	2.176	2.118	1.98	2
697	1.784	2.137	2.039	2.02	2
698	1.941	2.176	1.941	2.02	2
699	1.961	2.176	1.824	2.059	2
700	2.02	2.078	1.941	1.961	2
701	2.02	2.078	2.039	1.902	2
702	1.941	2.118	2.059	1.922	2
703	2.02	2.059	2.0	1.922	2
704	2.059	2.078	2.02	1.941	2
705	2.059	2.039	2.078	1.922	2
706	2.078	2.02	2.078	1.941	2
707	1.922	2.059	2.098	1.922	2
708	1.765	2.039	2.098	2.0	2
709	1.843	1.922	2.118	2.039	2
710	1.98	1.902	2.078	2.0	2
711	1.922	1.902	2.0	1.98	2
712	2.0	1.941	2.059	1.941	2
713	2.059	1.941	2.059	1.922	2
714	2.078	1.961	2.137	1.941	2
715	1.922	1.98	2.137	1.98	2
716	1.863	1.961	2.157	2.02	2
717	1.961	1.922	2.118	2.098	2
718	2.02	2.02	2.176	2.02	2
719	2.078	1.961	2.137	2.02	2
720	2.078	1.745	2.078	1.98	2
721	2.157	1.765	2.118	1.922	2
722	2.157	1.843	2.157	1.863	2
723	2.176	1.863	2.176	1.863	2
724	2.059	1.745	2.118	1.902	2
725	1.882	1.804	2.118	2.02	2
726	1.941	1.627	2.196	2.059	2
727	2.098	1.706	2.196	2.039	2
728	2.059	1.843	2.137	2.0	2
729	2.157	1.941	2.157	1.961	2
730	2.137	1.941	2.157	1.961	2
731	2.137	1.882	2.176	1.98	2
732	1.902	1.804	2.216	2.098	2
733	1.902	1.961	2.196	2.157	2
734	2.059	1.922	2.137	2.255	2
735	2.0	1.922	2.137	2.118	2
736	2.02	1.98	2.098	2.039	2
737	1.98	1.863	2.137	2.0	2
738	1.961	1.863	2.078	1.882	2
739	2.078	1.98	2.235	1.882	2
740	2.176	2.0	2.294	1.922	2
741	2.059	1.863	2.294	2.0	2
742	1.863	1.784	2.118	2.098	2
743	1.706	1.765	2.0	2.176	2
744	1.863	1.863	2.02	2.157	2
745	1.902	2.0	2.196	2.098	2
746	1.941	1.98	2.176	2.0	2
747	1.941	1.922	2.078	1.882	2
748	1.98	1.922	2.255	1.882	2
749	1.863	1.902	2.216	2.02	2
750	1.784	1.706	1.902	2.098	2
751	1.824	1.725	1.824	2.078	2
752	2.039	1.941	2.098	2.157	2
753	2.039	1.961	2.157	2.02	2
754	2.059	1.863	2.118	1.902	2
755	1.961	1.882	2.059	1.824	2
756	2.0	1.725	2.118	1.784	2
757	2.098	1.588	2.078	1.863	2
758	1.98	1.745	2.216	2.039	2
759	1.686	2.02	2.157	2.216	2
760	1.647	1.961	1.863	2.196	2
761	1.941	1.882	1.863	2.078	2
762	1.902	1.863	1.902	1.941	2
763	1.882	1.941	2.02	1.843	2
764	1.824	2.118	2.176	1.882	2
765	1.902	2.216	2.137	2.0	2
766	1.902	2.216	1.98	2.098	2
767	1.863	2.176	2.098	2.157	2
768	1.941	2.255	2.039	2.235	2
769	1.922	2.176	2.059	2.078	2
770	1.824	2.059	2.02	1.98	2
771	1.922	1.941	1.843	1.843	2
772	1.98	2.02	1.882	1.784	2
773	2.02	2.118	2.039	1.824	2
774	2.137	2.157	2.02	1.882	2
775	2.02	2.039	2.059	1.98	2
776	1.745	2.039	2.118	2.059	2
777	1.784	1.804	2.02	2.078	2
778	2.02	1.745	1.941	2.02	2
779	2.039	1.902	1.98	1.922	2
780	2.118	2.039	1.961	1.843	2
781	2.02	1.961	1.961	1.824	2
782	2.0	2.02	2.0	1.863	2
783	1.961	2.078	2.078	1.961	2
784	1.961	2.059	2.059	2.098	2
785	2.0	2.059	2.02	2.098	2
786	1.98	2.098	2.0	2.118	2
787	2.0	2.078	2.078	2.059	2
788	2.02	1.843	2.118	1.941	2
789	2.157	1.863	2.118	1.843	2
790	2.275	1.941	2.118	1.804	2
791	2.216	1.882	2.098	1.843	2
792	2.039	1.843	2.078	1.941	2
793	1.863	1.863	2.098	2.039	2
794	1.882	1.882	2.059	2.098	2
795	2.059	1.863	2.02	2.098	2
796	2.039	1.824	2.039	2.039	2
797	2.157	1.902	2.059	1.922	2
798	2.02	1.882	2.039	1.863	2
799	2.02	1.941	2.059	1.882	2
800	2.0	1.863	2.098	1.941	2
801	1.98	1.902	2.118	2.059	2
802	1.98	1.98	2.078	2.098	2
803	1.98	1.941	2.0	2.059	2
804	1.961	1.941	2.02	2.0	2
805	2.059	1.824	2.0	1.882	2
806	2.078	1.804	2.039	1.824	2
807	2.078	1.784	2.078	1.804	2
808	2.078	1.784	2.098	1.843	2
809	2.039	1.647	2.137	1.902	2
810	1.882	1.686	2.098	1.98	2
811	1.882	1.765	1.922	1.98	2
812	1.882	1.725	2.059	1.98	2
813	1.98	1.725	2.078	1.941	2
814	2.078	1.765	2.059	1.902	2
815	1.98	1.843	2.059	1.961	2
816	1.941	1.824	2.078	2.0	2
817	1.863	1.765	2.137	2.078	2
818	1.882	1.843	2.235	2.118	2
819	2.02	1.882	2.235	2.176	2
820	1.961	1.961	2.059	2.059	2
821	1.882	1.902	2.0	1.961	2
822	1.941	1.882	2.176	1.882	2
823	2.02	1.882	2.255	1.902	2
824	2.137	1.882	2.196	1.941	2
825	2.078	1.765	2.275	1.961	2
826	2.059	1.784	2.314	2.02	2
827	1.824	1.882	2.137	2.078	2
828	1.725	1.784	2.137	2.039	2
829	1.843	1.765	2.157	1.98	2
830	1.922	1.765	2.098	1.98	2
831	2.0	1.941	2.039	2.0	2
832	1.843	1.961	2.118	2.02	2
833	1.843	1.941	2.176	2.078	2
834	1.804	1.902	2.137	2.118	2
835	1.922	1.941	2.157	2.157	2
836	2.02	2.039	2.176	2.137	2
837	1.882	1.941	2.098	2.098	2
838	1.863	2.02	1.922	2.039	2
839	1.843	1.863	1.961	1.961	2
840	1.941	1.804	2.176	1.941	2
841	2.098	1.863	2.235	2.0	2
842	2.098	1.804	2.059	2.039	2
843	1.961	1.824	1.961	2.039	2
844	1.765	1.824	2.039	2.078	2
845	1.725	1.98	2.176	2.039	2
846	1.882	2.0	2.294	2.078	2
847	1.941	1.843	2.118	2.078	2
848	2.078	1.843	1.725	1.961	2
849	2.02	1.863	1.863	1.882	2
850	1.98	1.922	2.176	1.882	2
851	1.863	1.961	2.176	1.98	2
852	1.863	2.098	2.098	2.137	2
853	1.863	1.941	1.98	2.196	2
854	1.824	2.039	1.98	2.078	2
855	1.98	2.176	1.98	2.0	2
856	2.098	2.137	2.078	1.941	2
857	2.137	2.0	2.235	1.902	2
858	2.216	1.863	1.98	1.882	2
859	2.216	1.922	1.922	1.863	2
860	2.059	1.882	2.118	1.902	2
861	1.863	1.961	2.137	2.02	2
862	1.843	2.039	2.118	2.039	2
863	1.961	2.0	2.0	2.137	2
864	1.882	1.941	1.922	2.039	2
865	2.02	1.98	2.078	1.941	2
866	2.039	2.0	2.039	1.882	2
867	2.0	2.059	2.098	1.922	2
868	1.882	2.059	2.02	2.0	2
869	1.882	1.961	1.98	2.059	2
870	1.941	2.0	2.02	2.098	2
871	2.098	2.176	2.039	2.118	2
872	2.039	2.176	1.98	2.059	2
873	2.0	2.039	2.0	1.961	2
874	1.961	1.941	2.059	1.922	2
875	2.059	1.922	2.059	1.882	2
876	2.098	1.902	2.118	1.882	2
877	2.039	1.843	2.137	1.902	2
878	1.882	1.843	2.039	1.98	2
879	1.922	1.941	2.0	2.059	2
880	2.059	1.843	2.02	2.039	2
881	2.118	1.824	2.039	2.02	2
882	2.196	2.0	2.137	1.98	2
883	2.118	2.02	2.078	1.98	2
884	2.039	1.98	2.059	1.98	2
885	1.98	1.922	2.039	1.961	2
886	1.941	1.902	2.02	1.961	2
887	1.941	1.941	2.039	1.882	2
888	2.118	2.098	2.137	1.98	2
889	2.059	2.098	2.059	2.02	2
890	2.118	1.961	2.02	1.961	2
891	2.137	1.961	2.098	1.902	2
892	2.137	1.961	2.157	1.882	2
893	2.176	1.902	2.157	1.863	2
894	2.078	1.784	2.118	1.882	2
895	1.961	1.882	2.118	1.98	2
896	1.902	1.902	2.059	2.098	2
897	1.941	1.863	2.098	2.098	2
898	1.941	1.902	2.059	2.059	2
899	2.02	1.843	2.078	1.98	2
900	2.02	1.941	2.137	1.941	2
901	1.961	1.902	2.118	1.922	2
902	1.902	1.824	2.098	1.961	2
903	1.922	1.745	2.059	2.078	2
904	2.02	1.882	2.039	2.157	2
905	1.922	2.02	2.059	2.157	2
906	1.961	1.98	2.118	2.078	2
907	1.98	1.902	2.059	2.039	2
908	2.0	1.863	2.059	1.941	2
909	2.098	1.784	2.098	1.882	2
910	2.078	1.686	2.118	1.863	2
911	1.961	1.627	2.176	1.863	2
912	1.824	1.725	2.157	1.961	2
913	1.824	1.882	2.176	2.039	2
914	2.02	1.745	2.137	2.137	2
915	1.863	1.647	1.961	2.059	2
916	1.902	1.843	1.98	1.98	2
917	1.863	1.941	2.118	1.882	2
918	1.941	1.784	2.137	1.863	2
919	1.843	1.765	2.078	1.961	2
920	1.745	1.824	2.078	2.098	2
921	1.882	1.745	1.98	2.137	2
922	1.941	1.98	2.039	2.059	2
923	2.059	2.078	2.059	1.941	2
924	1.961	2.039	2.196	1.922	2
925	1.922	2.02	2.216	1.922	2
926	1.961	1.784	2.039	1.902	2
927	1.98	1.745	1.922	1.882	2
928	1.961	1.922	2.118	1.902	2
929	1.824	1.961	2.176	2.0	2
930	1.843	2.137	2.275	2.098	2
931	2.0	2.196	2.176	2.118	2
932	2.02	2.176	2.118	2.078	2
933	2.039	2.059	2.098	2.0	2
934	1.922	1.941	2.078	1.941	2
935	1.882	2.02	2.078	1.922	2
936	1.824	2.176	2.137	2.0	2
937	1.784	2.196	2.0	2.059	2
938	1.882	2.176	1.922	2.039	2
939	2.059	2.176	2.078	2.059	2
940	1.941	2.176	2.157	2.02	2
941	2.02	1.941	2.098	1.902	2
942	2.039	1.941	2.078	1.863	2
943	2.059	1.882	2.0	1.824	2
944	2.078	1.843	1.98	1.804	2
945	1.98	1.804	2.078	1.863	2
946	1.784	1.745	2.0	1.98	2
947	1.843	1.902	1.882	2.118	2
948	1.882	1.941	2.059	2.118	2
949	2.02	1.843	2.137	2.118	2
950	1.98	1.706	2.078	2.039	2
951	1.882	1.843	2.02	1.98	2
952	1.902	1.882	2.02	1.922	2
953	2.02	1.804	1.98	1.98	2
954	2.059	1.922	2.059	2.039	2
955	1.98	1.98	2.078	2.078	2
956	2.039	1.961	2.137	2.176	2
957	2.0	1.961	2.157	2.157	2
958	2.039	1.843	2.02	2.078	2
959	2.02	1.784	2.0	1.922	2
960	2.098	1.961	2.196	1.882	2
961	2.098	1.902	2.176	1.882	2
962	2.078	1.843	2.078	1.941	2
963	1.922	1.824	1.98	2.02	2
964	1.843	1.824	1.98	2.078	2
965	1.961	1.882	2.157	2.078	2
966	2.0	1.98	2.059	2.039	2
967	2.098	2.078	2.02	2.02	2
968	2.078	1.98	2.059	1.98	2
969	2.059	1.941	2.118	1.98	2
970	1.961	2.039	2.137	2.0	2
971	1.902	2.0	2.078	2.078	2
972	1.941	1.961	1.961	2.098	2
973	1.941	2.078	2.059	2.078	2
974	2.0	2.137	2.078	2.059	2
975	1.98	2.02	2.0	2.0	2
976	2.0	1.922	2.02	1.922	2
977	2.137	1.961	2.078	1.882	2
978	2.196	1.98	2.137	1.843	2
979	2.098	1.784	2.118	1.922	2
980	1.863	1.608	2.098	2.0	2
981	1.941	1.863	1.961	2.137	2
982	2.078	1.922	2.02	2.157	2
983	2.0	1.824	2.02	2.078	2
984	1.961	1.804	2.02	1.961	2
985	1.941	1.824	2.078	1.882	2
986	2.039	1.902	2.176	1.882	2
987	2.039	1.843	2.137	1.941	2
988	1.98	1.882	2.098	2.02	2
989	2.118	2.02	2.176	2.059	2
990	2.039	2.02	2.118	2.137	2
991	2.0	2.02	2.078	2.059	2
992	2.02	1.922	2.0	2.0	2
993	1.98	1.863	2.059	1.922	2
994	2.118	1.941	2.157	1.824	2
995	2.118	1.922	2.176	1.804	2
996	1.98	1.824	2.216	1.843	2
997	1.804	1.941	2.235	1.98	2
998	1.824	1.922	2.0	2.078	2
999	2.0	1.961	2.059	2.039	2
1000	1.98	2.02	2.118	2.02	2
1001	1.961	1.941	2.216	2.0	2
1002	1.843	1.824	2.078	1.98	2
1003	1.882	1.804	2.039	1.941	2
1004	1.863	1.941	1.98	1.941	2
1005	1.843	1.961	2.098	1.961	2
1006	1.843	2.02	2.078	2.02	2
1007	1.843	2.02	2.196	2.118	2
1008	1.765	1.98	2.157	2.137	2
1009	1.824	1.745	2.137	2.078	2
1010	1.882	1.667	2.098	1.961	2
1011	2.039	1.804	1.882	1.863	2
1012	2.098	1.824	1.882	1.784	2
1013	2.0	1.922	2.176	1.804	2
1014	1.765	1.804	2.314	1.922	2
1015	1.725	1.647	2.157	2.078	2
1016	1.882	2.039	1.863	2.078	2
1017	1.902	1.98	1.804	2.039	2
1018	1.863	1.922	1.98	1.922	2
1019	1.824	1.882	2.098	1.882	2
1020	1.922	1.902	2.039	1.922	2
1021	1.902	1.922	1.961	1.98	2
1022	1.941	2.059	2.059	2.059	2
1023	2.078	2.275	2.0	2.059	2
1024	2.098	2.235	2.0	2.02	2
1025	2.02	2.216	2.078	1.961	2
1026	2.039	1.98	2.0	1.902	2
1027	2.039	1.922	1.941	1.863	2
1028	2.137	1.941	1.961	1.843	2
1029	2.098	1.941	2.118	1.961	2
1030	2.02	1.941	2.176	2.059	2
1031	1.843	1.863	2.059	2.098	2
1032	1.941	2.02	1.804	2.078	2
1033	2.098	1.961	2.0	2.02	2
1034	2.0	1.804	2.098	1.98	2
1035	2.059	1.843	2.176	1.961	2
1036	2.02	1.882	2.02	1.98	2
1037	2.059	2.0	1.922	2.039	2
1038	2.039	2.02	2.078	2.157	2
1039	1.863	1.941	2.078	2.216	2
1040	1.863	1.765	1.961	2.275	2
1041	1.863	1.824	2.039	2.059	2
1042	1.98	1.902	2.078	1.961	2
1043	2.059	2.059	2.059	1.863	2
1044	2.02	2.078	2.039	1.863	2
1045	2.039	1.824	2.039	1.922	2
1046	2.098	1.725	2.118	2.0	2
1047	2.137	1.725	2.098	2.078	2
1048	1.863	1.961	2.059	2.137	2
1049	1.706	2.039	2.059	2.176	2
1050	1.824	2.0	2.176	2.137	2
1051	1.98	1.863	2.118	2.0	2
1052	2.059	1.863	2.059	1.941	2
1053	2.0	1.941	2.078	1.902	2
1054	2.02	2.02	2.176	1.941	2
1055	1.922	2.02	2.137	2.039	2
1056	1.882	1.961	2.098	2.118	2
1057	2.0	1.961	2.098	2.118	2
1058	2.137	2.02	2.157	2.118	2
1059	2.0	2.02	2.137	2.059	2
1060	2.118	1.922	2.118	1.961	2
1061	2.118	1.941	2.118	1.882	2
1062	2.098	1.843	2.137	1.824	2
1063	2.059	1.667	2.137	1.804	2
1064	2.02	1.725	2.157	1.824	2
1065	1.843	1.686	2.078	1.882	2
1066	1.941	1.667	2.078	1.961	2
1067	2.02	1.745	2.137	2.078	2
1068	1.98	1.765	2.098	2.059	2
1069	2.0	1.902	2.059	1.98	2
1070	1.961	1.922	2.039	1.863	2
1071	1.961	1.882	2.02	1.824	2
1072	1.922	1.863	2.078	1.824	2
1073	1.902	1.941	2.118	1.98	2
1074	2.0	1.961	2.118	2.078	2
1075	2.137	1.98	2.098	2.078	2
1076	2.02	2.137	2.118	2.078	2
1077	1.98	2.059	2.059	1.961	2
1078	1.961	2.02	2.059	1.843	2
1079	2.0	1.98	2.137	1.765	2
1080	2.02	2.0	2.176	1.784	2
1081	1.941	1.98	2.196	1.863	2
1082	1.824	1.922	2.216	1.98	2
1083	1.882	1.843	2.216	2.078	2
1084	2.059	1.882	2.118	2.137	2
1085	2.098	1.843	1.922	2.039	2
1086	2.039	1.843	2.039	1.961	2
1087	1.882	2.0	2.137	1.961	2
1088	1.902	2.0	2.176	1.98	2
1089	1.902	1.902	2.137	2.02	2
1090	1.902	1.824	2.176	2.02	2
1091	1.98	2.0	2.216	2.039	2
1092	1.941	1.98	1.98	2.059	2
1093	2.0	2.0	2.039	2.059	2
1094	2.059	1.902	2.118	2.059	2
1095	2.02	1.863	2.157	2.0	2
1096	2.078	1.824	2.118	1.961	2
1097	2.137	1.922	2.216	1.941	2
1098	2.157	1.882	2.216	1.961	2
1099	1.784	1.745	2.137	2.039	2
1100	1.725	1.706	1.902	2.098	2
1101	1.98	1.843	1.961	2.078	2
1102	1.941	1.902	2.059	2.059	2
1103	2.02	1.961	2.196	2.059	2
1104	1.941	1.902	2.137	2.02	2
1105	1.902	1.863	2.098	2.0	2
1106	1.863	1.863	2.02	2.0	2
1107	1.863	1.902	2.039	2.059	2
1108	1.98	1.824	1.98	1.98	2
1109	1.98	1.961	2.039	2.059	2
1110	1.941	1.98	2.078	2.118	2
1111	2.02	1.882	1.961	2.039	2
1112	2.02	1.882	1.922	1.98	2
1113	2.039	1.902	2.039	1.902	2
1114	2.118	1.843	2.118	1.843	2
1115	2.039	1.843	2.137	1.882	2
1116	1.882	1.961	2.02	2.0	2
1117	1.843	1.98	1.98	2.098	2
1118	1.961	1.882	2.02	2.118	2
1119	1.902	1.824	2.0	2.039	2
1120	2.02	1.98	2.059	1.961	2
1121	2.02	1.961	2.078	1.922	2
1122	2.02	2.02	2.157	1.941	2
1123	1.98	2.098	2.118	2.02	2
1124	1.902	1.98	2.0	2.098	2
1125	1.941	1.863	1.941	2.059	2
1126	2.039	1.98	2.02	2.059	2
1127	1.922	2.039	2.078	2.039	2
1128	2.039	2.02	2.078	1.98	2
1129	2.039	1.941	2.098	1.961	2
1130	2.098	1.824	2.078	1.941	2
1131	2.098	1.725	2.078	1.882	2
1132	2.039	1.745	2.137	1.902	2
1133	1.804	1.765	2.02	1.941	2
1134	1.765	1.706	1.941	1.961	2
1135	1.902	1.745	2.039	2.0	2
1136	1.961	1.922	2.039	2.02	2
1137	2.0	2.02	2.059	2.02	2
1138	1.922	1.922	2.02	1.98	2
1139	1.941	1.902	2.02	1.922	2
1140	1.902	1.941	2.039	1.941	2
1141	1.922	2.0	2.059	1.98	2
1142	2.02	2.02	2.078	2.059	2
1143	1.941	2.039	2.039	2.02	2
1144	1.961	2.059	2.098	1.98	2
1145	2.0	2.039	2.098	1.98	2
1146	2.039	2.0	2.059	1.902	2
1147	2.078	1.961	2.098	1.863	2
1148	2.137	1.902	2.137	1.824	2
1149	2.118	1.941	2.157	1.902	2
1150	1.902	1.922	2.098	2.0	2
1151	1.902	1.863	2.02	2.098	2
1152	1.961	1.922	2.098	2.098	2
1153	2.02	1.902	2.098	2.02	2
1154	2.059	1.941	2.098	2.0	2
1155	2.039	1.922	2.098	1.961	2
1156	2.0	1.922	2.118	1.941	2
1157	1.98	1.941	2.078	2.0	2
1158	1.941	1.98	2.078	2.078	2
1159	1.98	1.98	2.118	2.059	2
1160	2.02	1.941	2.098	2.137	2
1161	1.941	2.0	2.098	2.078	2
1162	2.059	1.922	2.059	2.0	2
1163	2.039	1.902	2.059	1.941	2
1164	2.098	1.902	2.098	1.902	2
1165	2.118	1.824	2.157	1.902	2
1166	2.059	1.784	2.137	1.941	2
1167	1.863	1.745	2.059	1.98	2
1168	1.804	1.863	2.039	2.02	2
1169	1.98	1.863	2.078	2.039	2
1170	1.961	1.765	2.039	2.02	2
1171	2.039	1.843	1.98	1.941	2
1172	2.039	1.922	2.059	1.902	2
1173	1.98	1.922	2.118	1.882	2
1174	1.902	1.863	2.118	2.0	2
1175	1.843	1.922	2.098	2.137	2
1176	1.922	1.941	2.078	2.196	2
1177	2.02	1.941	2.0	2.078	2
1178	1.941	2.02	2.0	2.0	2
1179	2.0	1.902	2.059	1.882	2
1180	2.02	1.902	2.098	1.824	2
1181	2.059	1.882	2.078	1.824	2
1182	2.059	1.922	2.137	1.863	2
1183	2.0	1.882	2.157	1.98	2
1184	1.804	1.863	2.078	2.098	2
1185	1.804	1.804	2.02	2.118	2
1186	1.941	1.941	1.941	2.078	2
1187	1.902	1.882	2.0	2.039	2
1188	1.961	1.941	2.078	1.961	2
1189	1.961	2.02	2.118	1.941	2
1190	1.961	2.0	2.078	1.961	2
1191	1.922	1.961	2.059	2.0	2
1192	1.882	1.961	2.039	2.039	2
1193	1.941	1.961	2.039	2.039	2
1194	1.961	1.961	2.039	2.039	2
1195	1.961	2.059	2.078	2.078	2
1196	1.98	1.941	2.02	2.02	2
1197	2.0	1.922	2.078	1.922	2
1198	2.059	1.922	2.118	1.902	2
1199	2.098	1.882	2.078	1.863	2
1200	2.039	1.843	2.118	1.902	2
1201	1.843	1.863	2.078	1.98	2
1202	1.804	1.784	2.039	2.039	2
1203	1.922	1.843	2.059	2.118	2
1204	1.98	1.863	2.059	2.059	2
1205	2.0	1.941	2.098	2.0	2
1206	2.02	1.98	2.098	1.922	2
1207	1.98	1.98	2.078	1.941	2
1208	1.882	1.922	2.059	1.961	2
1209	1.902	1.961	2.078	2.02	2
1210	1.941	1.98	2.078	2.059	2
1211	2.02	1.941	2.098	2.118	2
1212	2.02	2.02	2.059	2.039	2
1213	2.059	1.941	2.02	1.961	2
1214	2.039	1.922	2.039	1.863	2
1215	2.098	1.922	2.078	1.863	2
1216	2.098	1.863	2.137	1.843	2
1217	2.039	1.843	2.157	1.902	2
1218	1.882	1.804	2.078	2.0	2
1219	1.843	1.824	2.059	2.039	2
1220	1.922	1.824	2.078	2.118	2
1221	1.961	1.843	2.059	2.059	2
1222	2.0	1.863	2.039	1.961	2
1223	2.0	1.941	2.118	1.941	2
1224	2.02	1.98	2.118	1.941	2
1225	1.941	1.961	2.137	2.0	2
1226	1.882	1.922	2.02	2.078	2
1227	1.961	1.941	2.039	2.098	2
1228	1.902	1.98	2.078	2.078	2
1229	2.0	2.039	2.157	2.02	2
1230	2.02	1.941	2.059	2.0	2
1231	2.02	1.902	2.059	1.922	2
1232	2.118	1.882	2.078	1.863	2
1233	2.118	1.863	2.118	1.863	2
1234	2.078	1.843	2.176	1.902	2
1235	1.863	1.882	2.118	2.02	2
1236	1.843	1.824	2.137	2.098	2
1237	1.961	1.902	2.039	2.078	2
1238	1.98	1.882	2.059	2.059	2
1239	2.02	1.902	2.098	1.98	2
1240	1.98	1.922	2.059	1.941	2
1241	1.98	1.98	2.098	1.922	2
1242	1.922	1.941	2.078	1.98	2
1243	1.863	1.922	2.039	2.059	2
1244	1.961	1.961	2.0	2.137	2
1245	1.922	2.039	2.078	2.078	2
1246	1.961	2.039	2.118	2.039	2
1247	2.0	1.941	2.059	1.98	2
1248	1.98	1.922	2.098	1.922	2
1249	2.078	1.902	2.078	1.882	2
1250	2.078	1.843	2.078	1.863	2
1251	2.0	1.824	2.118	1.922	2
1252	1.863	1.843	2.137	2.0	2
1253	1.804	1.922	2.176	2.098	2
1254	1.922	1.824	1.941	2.098	2
1255	1.961	1.804	1.98	2.039	2
1256	1.98	1.922	2.059	1.98	2
1257	1.922	1.922	2.098	1.922	2
1258	1.941	1.941	2.059	1.961	2
1259	1.902	1.961	2.078	1.98	2
1260	1.902	1.961	2.059	2.059	2
1261	1.941	1.98	2.059	2.059	2
1262	2.039	1.961	2.098	2.078	2
1263	2.0	2.02	2.078	2.078	2
1264	2.0	1.941	2.02	1.961	2
1265	2.02	1.961	2.059	1.902	2
1266	2.078	1.941	2.118	1.882	2
1267	2.098	1.882	2.137	1.902	2
1268	2.02	1.804	2.157	1.922	2
1269	1.824	1.765	2.039	1.98	2
1270	1.804	1.922	2.078	2.0	2
1271	2.0	1.922	2.118	2.098	2
1272	2.0	1.922	2.059	2.059	2
1273	1.98	1.882	2.078	1.98	2
1274	1.961	1.922	2.059	1.941	2
1275	1.941	1.98	2.078	1.961	2
1276	1.922	1.961	2.098	2.02	2
1277	1.882	1.922	2.059	2.039	2
1278	1.961	1.922	2.0	2.02	2
1279	2.039	1.961	2.098	2.02	2
1280	1.98	2.059	2.118	2.039	2
1281	2.039	1.922	2.039	2.02	2
1282	2.059	1.922	2.059	1.941	2
1283	2.137	1.902	2.098	1.902	2
1284	2.098	1.863	2.118	1.863	2
1285	2.059	1.843	2.137	1.902	2
1286	1.882	1.843	2.118	2.0	2
1287	1.882	1.824	2.118	2.098	2
1288	2.0	1.882	2.098	2.118	2
1289	2.02	1.882	2.078	2.059	2
1290	2.039	1.882	2.078	2.02	2
1291	2.02	1.941	2.059	1.941	2
1292	2.02	1.961	2.098	1.922	2
1293	1.961	1.961	2.078	2.0	2
1294	1.941	1.941	2.078	2.039	2
1295	1.98	1.961	2.059	2.157	2
1296	1.961	2.059	2.078	2.157	2
1297	2.0	2.059	2.118	2.078	2
1298	2.059	1.941	2.059	1.98	2
1299	2.059	1.922	2.098	1.922	2
1300	2.118	1.922	2.118	1.882	2
1301	2.176	1.882	2.176	1.882	2
1302	2.098	1.843	2.137	1.882	2
1303	1.882	1.804	2.118	2.0	2
1304	1.863	1.863	2.0	1.98	2
1305	1.98	1.882	2.098	2.059	2
1306	2.039	1.863	2.059	2.02	2
1307	2.039	1.941	2.078	1.961	2
1308	2.02	1.941	2.098	1.941	2
1309	2.0	1.98	2.098	1.941	2
1310	1.941	1.961	2.078	1.98	2
1311	1.922	1.941	2.059	2.059	2
1312	1.98	1.961	2.059	2.118	2
1313	1.922	2.02	2.078	2.118	2
1314	2.0	2.039	2.118	2.039	2
1315	2.059	1.922	2.039	1.98	2
1316	2.039	1.902	2.039	1.902	2
1317	2.078	1.882	2.098	1.882	2
1318	2.118	1.902	2.118	1.882	2
1319	2.078	1.824	2.118	1.882	2
1320	1.863	1.804	2.078	1.98	2
1321	1.843	1.784	2.0	2.098	2
1322	1.902	1.843	2.078	2.078	2
1323	1.961	1.863	2.039	2.059	2
1324	2.0	1.882	2.059	1.98	2
1325	1.98	1.882	2.078	1.922	2
1326	1.961	1.941	2.098	1.941	2
1327	1.902	1.941	2.078	2.0	2
1328	1.863	1.922	2.059	2.039	2
1329	1.98	1.902	2.059	2.098	2
1330	2.039	1.961	2.098	2.078	2
1331	1.941	2.0	2.098	2.059	2
1332	1.98	1.922	2.02	1.98	2
1333	1.98	1.922	2.059	1.922	2
1334	2.059	1.922	2.098	1.902	2
1335	2.078	1.863	2.118	1.882	2
1336	2.02	1.804	2.137	1.902	2
1337	1.824	1.804	2.078	1.98	2
1338	1.784	1.804	2.059	2.059	2
1339	1.863	1.941	2.0	2.039	2
1340	1.902	1.882	2.059	2.039	2
1341	1.961	1.922	2.059	2.0	2
1342	1.941	1.961	2.078	1.941	2
1343	1.941	1.941	2.059	1.922	2
1344	1.863	1.922	2.039	1.98	2
1345	1.843	1.902	2.039	2.039	2
1346	1.882	1.961	2.039	2.039	2
1347	2.0	2.02	2.098	2.098	2
1348	1.922	2.0	2.098	2.078	2
1349	1.98	1.922	2.02	1.98	2
1350	1.961	1.882	2.039	1.922	2
1351	2.039	1.882	2.078	1.863	2
1352	2.078	1.863	2.118	1.843	2
1353	2.02	1.824	2.118	1.902	2
1354	1.784	1.765	2.078	1.98	2
1355	1.804	1.824	2.078	2.078	2
1356	1.882	1.902	2.098	2.098	2
1357	1.922	1.863	2.02	2.039	2
1358	1.961	1.922	2.059	1.98	2
1359	1.941	1.922	2.078	1.941	2
1360	1.922	1.941	2.078	1.922	2
1361	1.902	1.941	2.078	1.941	2
1362	1.882	1.941	2.078	2.039	2
1363	1.961	1.98	2.059	2.137	2
1364	1.98	2.02	2.078	2.098	2
1365	1.941	2.02	2.078	2.059	2
1366	2.02	1.961	2.039	1.98	2
1367	1.98	1.961	2.059	1.922	2
1368	2.098	1.922	2.098	1.882	2
1369	2.118	1.863	2.098	1.863	2
1370	2.078	1.843	2.098	1.902	2
1371	1.863	1.824	2.078	1.98	2
1372	1.843	1.882	2.0	2.039	2
1373	1.941	1.922	2.059	2.098	2
1374	1.98	1.882	2.039	2.059	2
1375	2.039	1.922	2.078	2.0	2
1376	2.02	1.961	2.078	1.941	2
1377	2.0	1.98	2.078	1.922	2
1378	1.922	1.961	2.039	1.98	2
1379	1.882	1.98	2.039	2.039	2
1380	1.98	1.98	2.059	2.078	2
1381	2.02	1.98	2.118	2.078	2
1382	1.961	2.02	2.118	2.059	2
1383	2.02	1.941	2.02	1.98	2
1384	2.02	1.961	2.078	1.961	2
1385	2.118	1.941	2.098	1.882	2
1386	2.118	1.902	2.157	1.863	2
1387	2.059	1.843	2.157	1.902	2
1388	1.882	1.824	2.098	1.98	2
1389	1.843	1.843	1.98	2.059	2
1390	1.882	1.941	2.059	2.098	2
1391	2.0	1.922	2.059	2.059	2
1392	2.02	1.98	2.059	2.0	2
1393	1.98	1.961	2.098	1.961	2
1394	1.98	1.98	2.078	1.941	2
1395	1.941	1.98	2.078	1.98	2
1396	1.902	1.98	2.098	2.059	2
1397	1.961	1.98	2.039	2.059	2
1398	2.039	1.961	2.078	2.078	2
1399	2.039	2.039	2.098	2.039	2
1400	2.0	1.922	2.059	1.98	2
1401	2.02	1.882	2.02	1.922	2
1402	2.078	1.941	2.118	1.863	2
1403	2.118	1.882	2.137	1.863	2
1404	2.039	1.863	2.118	1.902	2
1405	1.843	1.804	2.098	2.0	2
1406	1.824	1.804	2.098	2.039	2
1407	1.941	1.922	2.02	2.059	2
1408	1.98	1.882	2.059	2.059	2
1409	2.02	1.922	2.078	2.0	2
1410	1.961	1.922	2.078	1.961	2
1411	1.941	1.941	2.059	1.941	2
1412	1.902	1.941	2.059	1.98	2
1413	1.882	1.941	2.059	2.059	2
1414	1.922	1.922	2.059	2.098	2
1415	2.02	1.98	2.059	2.078	2
1416	1.961	2.02	2.078	2.039	2
1417	2.0	1.863	2.039	2.0	2
1418	2.0	1.902	2.059	1.941	2
1419	2.078	1.922	2.118	1.882	2
1420	2.098	1.843	2.118	1.882	2
1421	2.059	1.784	2.098	1.902	2
1422	1.824	1.765	2.078	1.961	2
1423	1.804	1.804	2.0	2.059	2
1424	1.882	1.863	2.02	2.118	2
1425	1.961	1.843	2.059	2.078	2
1426	2.0	1.863	2.059	1.98	2
1427	1.961	1.882	2.098	1.941	2
1428	1.941	1.922	2.098	1.922	2
1429	1.902	1.941	2.078	2.0	2
1430	1.843	1.922	2.059	2.02	2
1431	1.941	1.941	2.039	2.098	2
1432	1.882	1.961	2.078	2.078	2
1433	1.961	1.98	2.137	2.078	2
1434	2.0	1.882	2.02	2.0	2
1435	2.0	1.922	2.039	1.922	2
1436	2.059	1.961	2.098	1.882	2
1437	2.078	1.902	2.157	1.863	2
1438	2.02	1.824	2.098	1.922	2
1439	1.824	1.843	2.078	1.961	2
1440	1.824	1.882	1.98	2.118	2
1441	1.941	1.961	2.039	2.137	2
1442	2.02	1.941	2.098	2.059	2
1443	1.98	1.941	2.078	2.0	2
1444	1.961	1.922	2.059	1.941	2
1445	1.98	1.961	2.059	1.922	2
1446	1.922	1.961	2.078	1.941	2
1447	1.882	1.98	2.078	2.059	2
1448	1.941	1.961	2.039	2.078	2
1449	2.039	1.98	2.118	2.059	2
1450	1.941	2.039	2.118	2.078	2
1451	2.0	1.902	2.039	2.0	2
1452	2.02	1.882	2.059	1.922	2
1453	2.078	1.863	2.078	1.863	2
1454	2.118	1.843	2.118	1.863	2
1455	2.078	1.824	2.157	1.902	2
1456	1.863	1.784	2.098	2.0	2
1457	1.824	1.863	2.137	2.02	2
1458	1.98	1.824	2.02	2.078	2
1459	1.961	1.824	2.059	2.039	2
1460	1.98	1.843	2.098	2.0	2
1461	1.98	1.882	2.078	1.961	2
1462	1.98	1.941	2.118	1.941	2
1463	1.941	1.922	2.078	1.961	2
1464	1.902	1.961	2.059	2.039	2
1465	1.961	1.961	2.098	2.098	2
1466	2.0	2.02	2.078	2.059	2
1467	1.98	1.98	2.118	2.059	2
1468	2.039	1.902	2.059	2.0	2
1469	2.039	1.922	2.059	1.922	2
1470	2.098	1.902	2.098	1.902	2
1471	2.118	1.882	2.157	1.863	2
1472	2.098	1.843	2.157	1.882	2
1473	1.902	1.863	2.078	1.961	2
1474	1.824	1.804	2.118	2.039	2
1475	1.941	1.863	2.098	2.118	2
1476	1.98	1.843	2.059	2.059	2
1477	2.039	1.922	2.059	1.98	2
1478	2.0	1.961	2.098	1.98	2
1479	2.02	2.0	2.098	1.941	2
1480	1.98	1.961	2.098	1.98	2
1481	1.882	1.961	2.078	2.02	2
1482	1.98	2.02	2.059	2.098	2
1483	1.922	2.118	2.078	2.039	2
1484	1.98	2.039	2.098	2.059	2
1485	2.039	1.961	2.039	1.98	2
1486	2.039	1.922	2.059	1.922	2
1487	2.098	1.961	2.098	1.882	2
1488	2.137	1.882	2.118	1.882	2
1489	2.098	1.843	2.137	1.922	2
1490	1.882	1.863	2.098	1.98	2
1491	1.863	1.902	2.02	2.157	2
1492	1.922	1.941	2.059	2.118	2
1493	2.02	1.882	2.078	2.078	2
1494	2.059	1.98	2.098	1.98	2
1495	2.02	1.922	2.078	1.98	2
1496	2.0	1.98	2.078	1.941	2
1497	1.961	1.961	2.098	1.98	2
1498	1.863	1.902	2.039	2.059	2
1499	1.98	1.922	2.059	2.039	2
