time	channel1	channel2	channel3	channel4	class
0	1.902	1.961	2.039	2.02	4
1	1.686	1.922	2.118	2.039	4
2	1.745	2.0	2.137	2.02	4
3	1.686	2.118	2.098	2.039	4
4	1.667	2.059	2.098	2.02	4
5	1.922	2.059	2.02	2.0	4
6	1.961	2.02	2.0	1.98	4
7	1.98	1.98	2.0	2.0	4
8	1.98	1.961	2.02	2.0	4
9	1.98	1.902	2.039	2.039	4
10	1.765	1.882	2.078	2.02	4
11	1.725	1.804	2.118	2.059	4
12	1.686	1.882	2.039	2.0	4
13	1.824	1.882	2.0	1.941	4
14	1.784	1.941	2.0	1.98	4
15	1.863	1.961	1.98	1.961	4
16	1.882	1.922	1.961	1.98	4
17	1.882	1.824	1.961	2.0	4
18	1.667	1.784	1.961	1.98	4
19	1.784	1.824	1.961	1.941	4
20	1.941	1.843	2.02	1.922	4
21	1.941	1.843	1.98	1.941	4
22	2.0	1.784	1.863	1.902	4
23	1.961	1.843	1.902	1.941	4
24	2.02	1.843	1.882	1.941	4
25	2.02	1.725	1.882	1.941	4
26	2.059	1.686	1.961	1.98	4
27	1.863	1.588	2.059	1.98	4
28	1.902	1.588	2.137	2.0	4
29	1.529	1.667	2.059	1.941	4
30	1.667	1.608	1.961	1.941	4
31	1.824	1.784	1.922	1.961	4
32	1.804	1.725	1.941	1.98	4
33	1.902	1.784	1.98	2.02	4
34	1.98	1.765	2.02	2.039	4
35	1.824	1.843	2.0	2.02	4
36	1.784	1.902	1.941	1.961	4
37	1.941	1.98	2.0	1.961	4
38	1.882	2.078	1.922	1.98	4
39	2.02	2.02	1.843	1.961	4
40	2.059	2.098	1.824	1.961	4
41	2.059	2.176	1.843	1.961	4
42	2.098	2.157	1.765	1.922	4
43	2.039	2.02	1.784	1.902	4
44	1.765	1.843	1.765	1.882	4
45	1.725	1.824	1.804	1.902	4
46	1.686	1.961	1.784	1.863	4
47	1.902	2.039	1.725	1.882	4
48	1.843	2.078	1.686	1.922	4
49	1.843	2.02	1.667	1.902	4
50	1.922	2.039	1.667	1.882	4
51	1.902	1.98	1.745	1.902	4
52	1.824	1.922	1.863	1.922	4
53	1.941	1.961	1.863	1.922	4
54	1.882	1.882	1.824	1.941	4
55	2.02	2.0	1.784	1.941	4
56	2.02	1.902	1.745	1.922	4
57	1.863	1.863	1.784	1.941	4
58	2.078	2.0	1.863	1.961	4
59	2.078	2.098	1.922	1.961	4
60	2.02	1.961	1.98	2.0	4
61	1.745	1.882	2.0	2.0	4
62	1.725	1.824	2.02	2.02	4
63	1.686	1.882	2.0	1.98	4
64	1.863	1.98	2.039	1.961	4
65	1.745	2.039	2.02	1.961	4
66	1.784	2.039	2.039	2.039	4
67	1.863	2.078	2.078	2.078	4
68	1.922	2.098	2.137	2.118	4
69	1.765	2.039	2.216	2.098	4
70	1.706	2.059	2.235	2.098	4
71	1.804	2.118	2.196	2.039	4
72	1.902	2.118	2.157	2.02	4
73	1.843	2.078	2.157	2.039	4
74	1.863	2.0	2.078	2.039	4
75	2.0	2.039	2.157	2.078	4
76	2.078	2.059	2.216	2.118	4
77	2.02	1.961	2.255	2.157	4
78	1.843	1.784	2.392	2.176	4
79	1.804	1.725	2.392	2.157	4
80	1.725	1.667	2.235	2.039	4
81	1.686	1.667	2.196	2.039	4
82	1.902	1.843	2.196	2.039	4
83	1.863	1.843	2.255	2.078	4
84	1.961	1.882	2.255	2.118	4
85	1.98	1.784	2.275	2.118	4
86	1.804	1.667	2.235	2.118	4
87	1.725	1.725	2.255	2.078	4
88	1.941	1.627	2.373	2.098	4
89	1.961	1.725	2.275	2.098	4
90	1.941	1.765	2.176	2.039	4
91	2.0	1.784	2.137	2.02	4
92	2.0	1.824	2.176	2.039	4
93	2.02	1.784	2.196	2.078	4
94	1.98	1.804	2.314	2.176	4
95	1.765	1.804	2.294	2.176	4
96	1.725	1.804	2.235	2.137	4
97	1.784	1.745	2.235	2.098	4
98	1.765	1.706	2.275	2.039	4
99	1.706	1.725	2.294	2.078	4
100	1.804	1.745	2.157	2.059	4
101	1.765	1.843	2.098	2.059	4
102	1.824	1.863	2.235	2.157	4
103	1.706	1.882	2.275	2.176	4
104	1.784	1.98	2.333	2.157	4
105	1.922	1.882	2.314	2.098	4
106	1.824	1.863	2.294	2.137	4
107	1.784	1.843	2.196	2.059	4
108	1.902	1.843	2.176	2.059	4
109	1.961	1.961	2.216	2.078	4
110	1.941	1.922	2.176	2.078	4
111	1.961	1.863	2.235	2.098	4
112	1.863	1.922	2.176	2.098	4
113	1.765	2.0	2.216	2.098	4
114	1.451	1.961	2.196	2.02	4
115	1.784	1.941	2.176	1.961	4
116	1.824	2.039	2.137	1.941	4
117	1.824	2.176	2.176	2.0	4
118	1.902	2.314	2.157	2.059	4
119	1.902	2.333	2.137	2.078	4
120	1.784	2.235	2.176	2.039	4
121	1.686	2.157	2.137	2.02	4
122	1.706	2.235	2.196	2.059	4
123	1.804	2.157	2.157	2.039	4
124	1.863	1.941	2.098	2.0	4
125	2.039	1.686	2.039	1.961	4
126	1.98	1.686	1.961	1.922	4
127	2.039	1.765	2.0	1.941	4
128	1.98	1.745	2.078	2.0	4
129	1.922	1.647	2.157	2.039	4
130	1.765	1.686	2.216	2.059	4
131	1.882	1.765	2.157	2.039	4
132	2.0	1.706	2.118	2.02	4
133	1.902	1.706	2.059	1.98	4
134	1.824	1.804	2.039	1.98	4
135	1.882	1.922	2.118	2.039	4
136	1.961	2.02	2.157	2.078	4
137	1.784	1.98	2.176	2.078	4
138	1.784	2.039	2.039	2.0	4
139	2.0	2.059	2.098	2.02	4
140	1.843	2.235	2.275	2.078	4
141	2.039	2.373	2.157	2.02	4
142	2.02	2.235	2.078	1.98	4
143	2.059	2.216	2.098	2.0	4
144	2.157	2.02	2.157	2.059	4
145	2.078	1.961	2.157	2.098	4
146	1.98	2.157	2.235	2.118	4
147	1.922	2.059	2.255	2.098	4
148	1.647	1.902	2.196	2.059	4
149	1.922	1.706	2.157	2.02	4
150	1.863	1.588	2.137	2.02	4
151	1.922	1.686	2.137	2.078	4
152	1.941	1.902	2.118	2.098	4
153	1.941	2.02	2.118	2.118	4
154	1.824	2.039	2.137	2.118	4
155	1.882	2.078	2.176	2.098	4
156	1.941	2.059	2.118	2.118	4
157	1.922	2.196	2.196	2.098	4
158	1.941	2.0	2.078	2.059	4
159	2.02	1.863	2.059	2.078	4
160	2.0	1.98	2.118	2.118	4
161	2.098	2.0	2.118	2.059	4
162	2.059	1.824	2.02	2.059	4
163	1.902	1.667	2.118	2.059	4
164	1.843	1.667	2.176	2.039	4
165	2.137	1.647	2.137	2.02	4
166	2.0	1.647	2.078	2.02	4
167	1.725	1.647	1.98	1.98	4
168	1.824	1.667	2.039	2.02	4
169	1.784	1.667	2.039	2.039	4
170	1.863	1.706	2.039	2.0	4
171	1.843	1.745	2.078	2.059	4
172	1.667	1.784	2.098	2.0	4
173	1.765	1.765	1.941	2.02	4
174	1.843	1.922	2.078	2.02	4
175	1.902	1.941	1.941	1.922	4
176	1.902	1.882	1.882	1.922	4
177	2.039	2.059	1.98	1.941	4
178	2.02	1.961	1.98	1.961	4
179	1.902	1.843	1.961	1.961	4
180	1.824	1.725	1.98	1.922	4
181	1.843	1.608	2.0	1.882	4
182	1.431	1.529	1.941	1.843	4
183	1.725	1.549	2.0	1.922	4
184	1.686	1.647	1.98	1.961	4
185	1.745	1.569	2.0	2.039	4
186	1.922	1.647	2.02	2.039	4
187	2.02	1.824	2.02	2.039	4
188	1.765	1.725	2.098	2.02	4
189	1.725	1.647	2.098	2.02	4
190	1.725	1.667	2.196	1.961	4
191	1.882	1.706	2.078	1.98	4
192	1.863	2.0	2.0	2.02	4
193	1.804	2.275	2.157	2.098	4
194	1.863	2.373	2.176	2.118	4
195	1.882	2.314	2.059	2.078	4
196	1.922	2.098	2.02	2.02	4
197	1.745	2.235	2.196	2.118	4
198	1.706	2.51	2.333	2.137	4
199	1.529	2.51	2.275	2.059	4
200	1.784	2.235	2.118	2.02	4
201	1.725	2.098	2.157	2.039	4
202	1.784	2.235	2.02	2.0	4
203	1.843	2.196	2.0	2.0	4
204	1.882	2.078	2.098	2.059	4
205	1.784	1.882	2.078	2.0	4
206	1.686	1.961	1.98	1.98	4
207	1.784	2.039	2.098	1.961	4
208	1.784	1.98	1.98	2.0	4
209	1.941	2.176	2.078	1.961	4
210	1.941	2.235	2.059	2.0	4
211	1.961	2.176	1.98	2.0	4
212	1.98	1.961	1.961	2.039	4
213	1.98	1.804	1.961	2.02	4
214	1.882	1.902	2.118	2.02	4
215	1.98	1.98	2.118	1.98	4
216	1.941	2.176	2.118	1.922	4
217	1.863	2.314	1.98	1.902	4
218	1.902	2.314	2.039	1.98	4
219	1.882	2.235	2.137	2.098	4
220	2.0	2.137	2.078	2.078	4
221	2.0	2.118	2.059	2.039	4
222	1.902	1.98	2.157	2.039	4
223	1.784	1.863	2.118	1.961	4
224	1.843	1.902	1.941	1.902	4
225	1.843	2.0	1.961	1.922	4
226	2.02	1.902	1.941	1.902	4
227	2.157	1.745	1.961	1.922	4
228	1.961	1.549	1.961	1.98	4
229	2.039	1.529	2.059	2.078	4
230	1.98	1.608	2.059	2.078	4
231	1.784	1.569	2.078	2.02	4
232	1.765	1.627	2.039	1.941	4
233	1.725	1.647	2.039	1.922	4
234	1.824	1.588	2.039	1.961	4
235	2.0	1.647	2.078	1.961	4
236	1.863	1.529	1.961	1.98	4
237	1.765	1.529	1.961	2.039	4
238	1.941	1.647	2.118	2.137	4
239	1.961	1.863	2.216	2.176	4
240	1.843	1.98	2.216	2.118	4
241	1.882	2.02	2.118	2.078	4
242	1.706	2.039	2.216	2.059	4
243	1.882	1.902	2.118	2.059	4
244	1.941	1.608	2.078	2.059	4
245	1.98	1.569	2.02	2.059	4
246	2.02	1.706	2.02	2.039	4
247	2.059	1.765	2.118	2.078	4
248	2.0	1.804	2.216	2.098	4
249	1.824	1.706	2.216	2.118	4
250	1.706	1.686	2.078	2.02	4
251	1.647	1.706	2.098	1.961	4
252	1.588	1.686	2.078	1.941	4
253	1.667	1.667	2.02	1.941	4
254	1.765	1.588	1.941	1.941	4
255	1.745	1.569	1.98	2.0	4
256	1.686	1.588	2.078	2.0	4
257	1.725	1.725	2.098	2.0	4
258	1.824	1.902	2.059	1.98	4
259	1.745	2.0	2.098	1.961	4
260	1.745	2.039	2.039	1.98	4
261	1.765	2.098	2.078	2.02	4
262	1.961	2.216	2.078	2.02	4
263	2.078	2.196	2.0	2.0	4
264	2.157	2.216	2.059	2.039	4
265	1.98	2.196	2.157	2.039	4
266	1.843	2.059	2.137	2.039	4
267	1.843	2.157	2.118	2.0	4
268	1.922	2.157	2.098	2.0	4
269	2.078	2.176	2.059	1.98	4
270	2.196	2.196	2.078	1.961	4
271	2.235	2.098	2.078	2.0	4
272	2.235	2.157	2.176	2.098	4
273	2.02	2.176	2.314	2.196	4
274	1.922	1.941	2.137	2.137	4
275	2.059	1.804	2.02	2.0	4
276	2.059	1.843	2.059	1.941	4
277	1.941	1.824	2.059	1.902	4
278	1.902	1.882	2.0	1.902	4
279	1.922	1.922	2.0	1.98	4
280	2.059	1.882	1.922	1.98	4
281	2.059	1.647	1.902	1.98	4
282	1.902	1.333	2.196	2.02	4
283	1.706	1.569	2.176	2.02	4
284	1.647	1.765	2.137	1.98	4
285	1.745	1.804	1.961	2.0	4
286	1.784	1.765	2.059	2.02	4
287	1.882	1.765	2.039	1.98	4
288	1.765	1.863	2.02	1.961	4
289	1.824	2.137	2.078	2.02	4
290	1.627	2.118	2.118	2.059	4
291	1.627	2.098	2.118	2.059	4
292	1.765	2.196	2.0	2.078	4
293	1.863	2.51	2.196	2.098	4
294	1.745	2.863	2.294	2.137	4
295	1.725	2.49	2.157	2.137	4
296	2.02	2.137	1.98	2.059	4
297	1.941	2.118	1.941	2.0	4
298	1.941	2.235	2.02	2.02	4
299	1.784	2.216	2.196	2.059	4
300	1.706	2.333	2.216	2.078	4
301	1.706	2.314	2.118	2.039	4
302	1.941	2.314	2.118	2.02	4
303	1.627	1.98	2.039	2.039	4
304	1.843	1.961	2.059	2.039	4
305	1.725	2.098	2.176	2.078	4
306	1.843	2.078	2.118	2.078	4
307	1.824	1.882	2.098	2.059	4
308	1.843	1.725	1.98	1.98	4
309	1.667	1.588	1.882	1.922	4
310	1.863	1.529	2.02	1.843	4
311	1.784	1.627	2.039	1.882	4
312	1.902	1.647	2.098	2.0	4
313	1.961	1.745	2.0	1.98	4
314	2.039	1.686	1.804	1.941	4
315	2.098	1.765	1.882	1.98	4
316	1.961	1.647	2.059	1.98	4
317	1.686	1.431	2.098	1.961	4
318	1.824	1.431	2.098	1.922	4
319	1.745	1.529	1.98	1.863	4
320	1.98	1.608	1.98	1.882	4
321	1.961	1.765	2.02	2.0	4
322	2.0	1.941	2.078	2.098	4
323	2.059	1.922	2.039	2.059	4
324	1.902	1.843	2.059	2.02	4
325	1.824	1.922	2.059	1.941	4
326	1.765	1.922	2.039	1.922	4
327	2.02	1.804	2.118	1.961	4
328	1.725	1.784	2.0	1.961	4
329	1.961	1.882	1.961	1.98	4
330	1.941	1.941	1.98	1.98	4
331	2.0	1.961	2.02	2.02	4
332	1.98	1.882	2.078	2.039	4
333	1.882	1.725	2.098	2.059	4
334	1.804	1.706	2.137	2.039	4
335	1.824	1.647	2.157	2.0	4
336	1.824	1.804	2.216	2.039	4
337	1.902	1.824	2.157	2.059	4
338	1.98	1.922	2.0	2.02	4
339	1.784	1.961	2.02	2.039	4
340	1.765	1.961	2.02	2.0	4
341	1.882	1.843	2.02	1.961	4
342	2.039	1.863	2.118	2.02	4
343	1.961	2.0	2.314	2.098	4
344	1.922	2.098	2.294	2.137	4
345	1.941	2.039	2.196	2.157	4
346	1.863	1.98	2.078	2.118	4
347	1.941	2.118	2.059	2.098	4
348	2.098	2.176	2.176	2.059	4
349	2.235	1.863	2.059	2.02	4
350	2.216	1.706	2.176	2.078	4
351	1.941	1.784	2.235	2.098	4
352	1.667	1.686	2.157	2.098	4
353	1.765	1.569	2.118	2.0	4
354	1.843	1.627	2.118	2.02	4
355	2.039	1.784	2.118	2.02	4
356	1.961	1.824	2.078	2.039	4
357	1.98	1.941	2.078	2.059	4
358	1.902	1.765	2.157	2.118	4
359	1.784	1.843	2.216	2.118	4
360	1.784	1.961	2.196	2.118	4
361	2.0	2.039	2.255	2.098	4
362	2.216	2.157	2.059	2.02	4
363	2.039	2.098	2.059	2.02	4
364	2.078	1.902	2.02	1.98	4
365	2.02	1.804	1.961	1.941	4
366	1.941	1.941	2.0	1.961	4
367	1.882	2.059	2.118	2.059	4
368	1.667	2.157	2.137	2.078	4
369	1.608	2.098	2.078	2.02	4
370	1.667	1.98	2.02	1.98	4
371	1.784	1.843	2.0	1.922	4
372	1.902	2.0	1.941	1.922	4
373	1.765	2.176	2.0	1.961	4
374	1.882	2.137	1.98	1.98	4
375	1.961	1.961	1.941	1.98	4
376	1.824	1.961	1.961	1.941	4
377	1.667	2.137	2.0	1.941	4
378	2.02	2.353	2.059	1.941	4
379	1.941	2.353	1.961	1.961	4
380	1.706	2.353	2.02	2.078	4
381	1.784	2.451	2.157	2.157	4
382	1.922	2.49	2.118	2.137	4
383	1.98	2.314	1.98	2.02	4
384	2.039	2.235	2.078	1.98	4
385	1.882	2.176	2.137	1.941	4
386	1.745	2.039	2.196	1.961	4
387	1.784	2.118	2.098	2.02	4
388	1.765	1.98	2.176	2.118	4
389	1.627	1.941	2.098	2.118	4
390	1.784	1.98	2.059	2.157	4
391	1.824	2.039	2.098	2.157	4
392	1.824	1.941	2.118	2.118	4
393	1.804	1.725	2.078	2.02	4
394	1.725	1.941	2.294	2.059	4
395	1.588	2.137	2.098	2.0	4
396	1.647	2.255	2.039	2.02	4
397	1.843	2.118	1.941	2.02	4
398	1.804	1.922	1.922	1.98	4
399	1.961	1.745	1.941	1.922	4
400	1.961	1.745	2.0	1.922	4
401	1.922	1.824	2.039	1.961	4
402	1.706	2.02	2.078	2.039	4
403	1.745	2.216	2.059	2.0	4
404	1.843	2.255	2.02	1.98	4
405	1.941	2.098	2.039	1.98	4
406	1.882	2.078	2.0	1.941	4
407	1.863	2.02	1.98	1.961	4
408	1.941	1.882	2.02	1.98	4
409	1.98	1.765	2.078	2.02	4
410	1.863	1.902	1.98	1.98	4
411	1.745	1.882	2.059	1.961	4
412	2.059	1.882	2.098	1.941	4
413	1.745	1.98	2.02	1.902	4
414	2.0	1.843	1.941	1.941	4
415	2.059	1.784	1.961	1.922	4
416	2.196	1.765	1.98	2.0	4
417	2.255	1.706	2.039	2.02	4
418	2.216	1.686	2.176	2.078	4
419	1.961	1.549	2.176	2.059	4
420	1.569	1.373	2.118	2.039	4
421	1.686	1.431	2.078	1.902	4
422	1.745	1.353	2.0	1.922	4
423	1.824	1.294	1.843	1.882	4
424	1.804	1.373	1.922	1.882	4
425	1.843	1.51	1.98	1.961	4
426	2.0	1.588	2.157	2.098	4
427	1.824	1.647	2.176	2.118	4
428	1.686	1.49	2.059	2.078	4
429	2.0	1.412	2.059	2.059	4
430	1.627	1.627	2.118	2.059	4
431	1.843	1.471	1.941	1.941	4
432	1.784	1.373	1.961	1.961	4
433	1.922	1.529	2.078	2.039	4
434	2.078	1.549	2.118	2.078	4
435	2.078	1.549	2.137	2.118	4
436	1.863	1.549	2.157	2.078	4
437	1.804	1.471	2.078	2.039	4
438	1.804	1.373	2.118	2.0	4
439	1.961	1.451	2.216	2.059	4
440	2.216	1.471	2.255	2.078	4
441	2.02	1.196	2.02	2.0	4
442	2.118	1.314	1.98	2.02	4
443	2.118	1.725	2.137	2.118	4
444	1.961	2.118	2.255	2.176	4
445	1.882	1.961	2.255	2.137	4
446	1.765	1.569	2.098	2.098	4
447	1.98	1.51	2.118	2.02	4
448	2.059	1.765	2.098	2.059	4
449	1.941	2.059	2.176	2.098	4
450	2.0	2.157	2.157	2.078	4
451	2.059	2.137	2.02	2.039	4
452	2.059	2.098	2.118	2.059	4
453	1.922	2.216	2.275	2.118	4
454	1.686	2.353	2.314	2.039	4
455	1.804	2.314	2.059	2.0	4
456	1.765	2.157	2.137	2.039	4
457	1.941	2.275	2.176	2.059	4
458	1.961	2.392	2.196	2.118	4
459	1.961	2.647	2.333	2.196	4
460	1.922	2.686	2.333	2.196	4
461	1.686	2.275	2.02	1.961	4
462	1.725	2.118	1.863	1.863	4
463	1.941	2.353	2.02	1.902	4
464	1.843	2.667	2.275	2.0	4
465	1.882	2.725	2.275	2.157	4
466	1.922	2.451	2.137	2.118	4
467	2.02	2.294	2.0	2.059	4
468	2.039	2.176	1.941	1.98	4
469	1.941	1.941	1.98	1.941	4
470	1.765	1.863	1.961	1.882	4
471	1.686	1.784	2.118	1.941	4
472	1.824	1.902	2.039	1.941	4
473	1.922	2.0	2.059	1.98	4
474	1.843	2.137	2.059	2.059	4
475	1.745	2.137	2.098	2.059	4
476	1.824	2.039	1.922	2.0	4
477	1.686	2.0	1.941	2.039	4
478	1.627	2.02	2.137	2.059	4
479	1.667	2.039	2.098	2.0	4
480	1.569	1.882	2.02	1.961	4
481	1.745	1.941	1.922	1.882	4
482	1.882	1.98	1.863	1.882	4
483	1.863	1.961	1.941	1.922	4
484	1.824	1.941	1.961	1.961	4
485	1.863	1.784	1.98	1.98	4
486	1.765	1.627	1.98	2.0	4
487	1.686	1.588	1.98	1.961	4
488	1.569	1.804	1.941	1.882	4
489	1.706	1.922	2.039	1.941	4
490	1.863	1.843	2.078	1.961	4
491	1.922	1.784	2.0	1.98	4
492	1.824	1.706	1.941	1.98	4
493	1.784	1.824	1.941	1.98	4
494	1.804	1.961	1.961	1.98	4
495	1.765	2.039	2.118	2.059	4
496	1.647	2.059	2.137	2.039	4
497	1.569	2.176	2.059	2.02	4
498	1.686	2.255	2.157	1.98	4
499	2.02	2.392	2.098	1.98	4
500	2.02	2.431	2.137	2.02	4
501	2.039	2.314	2.098	2.098	4
502	1.882	2.275	2.118	2.137	4
503	1.902	2.196	2.039	2.059	4
504	1.863	1.961	2.039	1.961	4
505	1.902	1.824	2.059	1.863	4
506	2.059	2.02	2.216	1.961	4
507	1.882	1.98	2.157	2.02	4
508	1.882	1.922	2.137	2.118	4
509	1.824	1.824	2.059	2.039	4
510	1.804	1.745	1.98	1.941	4
511	1.961	1.804	2.039	1.941	4
512	1.902	1.765	2.118	2.0	4
513	1.745	1.784	2.235	2.078	4
514	1.843	1.902	2.176	2.118	4
515	1.843	1.922	2.176	2.118	4
516	1.824	1.824	2.0	2.02	4
517	1.843	1.745	2.0	1.98	4
518	2.039	1.745	2.02	1.941	4
519	2.078	1.686	2.078	1.98	4
520	2.137	1.627	2.216	2.078	4
521	2.157	1.569	2.255	2.137	4
522	1.961	1.667	2.196	2.137	4
523	2.196	1.647	2.216	2.137	4
524	1.902	1.627	2.176	2.078	4
525	1.98	1.627	2.098	2.039	4
526	2.02	1.549	2.039	2.0	4
527	2.02	1.412	2.0	2.0	4
528	2.059	1.412	1.98	2.0	4
529	2.02	1.314	2.039	2.039	4
530	1.902	1.294	2.118	2.039	4
531	1.784	1.49	2.059	2.039	4
532	1.706	1.49	2.137	2.098	4
533	2.137	1.49	2.039	2.078	4
534	1.941	1.471	2.039	2.098	4
535	1.922	1.667	2.098	2.078	4
536	1.961	1.647	2.039	2.02	4
537	1.765	1.588	1.961	1.961	4
538	1.608	1.725	2.098	1.961	4
539	1.745	1.647	2.039	1.941	4
540	1.824	1.706	2.098	1.98	4
541	1.824	1.902	2.118	2.0	4
542	1.882	1.922	2.078	2.039	4
543	1.902	1.961	2.098	2.118	4
544	1.765	2.098	2.118	2.098	4
545	1.706	2.275	2.078	2.078	4
546	1.745	2.451	2.118	2.0	4
547	1.824	2.294	2.118	1.961	4
548	1.745	2.314	2.098	1.961	4
549	1.98	2.275	2.157	2.02	4
550	1.961	2.118	2.118	2.02	4
551	2.0	2.118	2.02	2.02	4
552	2.059	2.098	2.0	2.039	4
553	2.039	2.294	2.176	2.098	4
554	2.118	2.157	2.176	2.059	4
555	1.98	2.059	2.118	2.0	4
556	1.902	2.039	2.255	2.0	4
557	2.078	2.098	2.275	2.02	4
558	1.784	2.0	2.118	2.0	4
559	1.922	2.0	2.098	2.02	4
560	1.902	2.098	2.078	2.02	4
561	1.961	2.255	1.98	2.0	4
562	1.882	2.137	2.098	2.098	4
563	1.725	2.137	2.196	2.098	4
564	1.765	2.039	2.078	2.02	4
565	1.686	2.137	2.0	2.0	4
566	1.784	2.255	2.02	2.0	4
567	1.725	2.294	2.098	2.039	4
568	1.784	2.275	2.275	2.157	4
569	1.824	2.333	2.118	2.059	4
570	1.765	2.039	1.706	1.902	4
571	1.725	1.608	1.784	1.961	4
572	1.588	1.529	2.118	2.0	4
573	1.686	1.686	2.078	1.902	4
574	1.882	1.941	1.98	1.882	4
575	1.863	2.216	2.039	1.922	4
576	1.686	2.314	2.0	1.941	4
577	1.784	2.216	2.0	1.961	4
578	1.882	2.118	2.039	2.039	4
579	1.961	2.196	2.039	2.078	4
580	1.882	2.118	2.02	2.078	4
581	1.686	2.039	2.02	1.98	4
582	1.843	2.078	2.157	1.902	4
583	2.078	2.333	2.02	1.922	4
584	1.902	2.451	1.961	1.902	4
585	1.843	2.392	1.961	1.961	4
586	1.941	2.314	1.98	2.02	4
587	2.098	2.078	1.961	2.02	4
588	2.039	1.922	1.941	1.98	4
589	1.784	1.784	2.0	1.98	4
590	1.725	1.922	2.176	2.039	4
591	1.647	2.098	2.216	1.98	4
592	1.569	2.059	2.118	1.961	4
593	1.549	1.745	1.863	1.882	4
594	1.784	1.588	1.804	1.902	4
595	1.961	1.667	1.824	1.902	4
596	1.961	1.804	1.941	2.0	4
597	1.941	1.882	2.157	2.098	4
598	1.902	1.882	2.176	2.098	4
599	1.627	1.784	1.941	2.02	4
600	1.373	1.706	2.0	1.961	4
601	1.569	1.863	2.02	1.922	4
602	1.784	1.765	1.882	1.902	4
603	1.902	1.843	2.0	1.98	4
604	2.255	1.843	2.078	2.059	4
605	2.373	1.745	2.176	2.137	4
606	2.216	1.725	2.235	2.235	4
607	1.863	1.588	2.294	2.196	4
608	1.843	1.569	2.216	2.059	4
609	1.882	1.627	2.0	1.941	4
610	1.882	1.647	2.02	1.922	4
611	2.118	1.667	2.098	2.039	4
612	2.314	1.725	2.235	2.157	4
613	2.392	1.627	2.294	2.216	4
614	2.098	1.353	2.176	2.118	4
615	2.02	1.216	2.0	1.961	4
616	1.902	1.529	2.216	2.0	4
617	1.902	1.686	2.235	2.078	4
618	2.059	1.627	2.039	2.0	4
619	2.059	1.431	1.902	1.961	4
620	2.118	1.569	1.98	1.98	4
621	2.255	1.725	2.039	1.98	4
622	2.255	1.627	2.039	2.0	4
623	1.922	1.51	2.118	1.98	4
624	1.784	1.549	2.118	1.98	4
625	1.529	1.667	2.098	2.039	4
626	1.804	1.667	2.118	2.059	4
627	1.706	1.745	2.039	2.039	4
628	1.941	1.98	2.078	2.02	4
629	2.098	2.039	2.059	2.0	4
630	2.02	1.863	2.02	2.0	4
631	1.824	1.725	2.098	2.02	4
632	1.843	1.745	2.098	2.0	4
633	1.824	1.569	2.235	2.02	4
634	1.824	1.588	2.157	2.059	4
635	2.02	1.745	2.039	2.02	4
636	1.804	1.784	1.882	1.98	4
637	1.843	1.804	1.961	1.98	4
638	1.961	1.784	2.02	1.98	4
639	2.059	1.686	2.078	1.98	4
640	2.02	1.549	2.118	2.039	4
641	1.824	1.667	2.333	2.137	4
642	1.98	1.706	2.216	2.118	4
643	1.902	1.765	2.02	2.02	4
644	2.0	1.686	2.0	2.0	4
645	1.961	1.843	2.118	2.039	4
646	1.863	2.176	2.275	2.098	4
647	1.843	2.471	2.137	2.078	4
648	1.804	2.51	2.157	2.059	4
649	1.745	2.549	2.078	2.059	4
650	1.843	2.647	2.157	2.098	4
651	2.0	2.824	2.353	2.137	4
652	1.922	2.608	2.216	2.078	4
653	2.0	2.294	1.961	2.0	4
654	1.941	2.314	1.961	1.98	4
655	2.098	2.373	2.0	1.961	4
656	2.137	2.314	2.118	2.0	4
657	1.922	2.314	2.216	2.098	4
658	1.784	2.353	2.196	2.078	4
659	1.784	2.51	2.157	2.02	4
660	1.941	2.49	2.02	1.961	4
661	1.824	2.118	1.902	1.863	4
662	1.745	1.922	1.902	1.941	4
663	1.784	1.882	2.118	2.039	4
664	1.843	1.922	2.039	2.039	4
665	1.882	1.902	1.961	2.0	4
666	1.922	2.157	2.098	2.039	4
667	1.706	2.137	2.039	2.0	4
668	1.529	1.843	2.02	1.98	4
669	1.667	1.922	1.922	1.922	4
670	1.863	1.961	1.882	1.922	4
671	1.98	2.235	1.882	1.961	4
672	1.98	2.216	2.039	2.059	4
673	1.784	1.98	2.157	2.157	4
674	1.725	1.824	2.235	2.118	4
675	1.745	1.863	2.059	1.98	4
676	1.804	1.863	2.078	1.922	4
677	1.843	2.059	2.078	1.98	4
678	1.706	2.078	2.078	1.98	4
679	1.627	1.961	2.0	2.0	4
680	1.706	1.961	1.941	2.02	4
681	1.627	2.02	1.941	2.039	4
682	1.549	1.961	2.078	2.078	4
683	1.667	1.902	2.039	2.0	4
684	1.706	2.0	2.157	1.98	4
685	1.725	2.098	2.176	2.02	4
686	1.784	2.078	2.078	2.0	4
687	1.784	1.922	1.98	1.98	4
688	1.686	1.941	1.922	1.961	4
689	1.784	1.922	1.882	1.961	4
690	1.941	1.745	1.922	1.941	4
691	1.784	1.667	1.882	1.882	4
692	1.686	1.706	1.882	1.824	4
693	1.863	1.882	2.0	1.882	4
694	1.941	1.882	2.098	2.0	4
695	1.804	1.824	2.118	2.059	4
696	1.784	1.686	1.922	1.98	4
697	1.902	1.569	1.745	1.863	4
698	2.118	1.627	1.882	1.882	4
699	2.078	1.725	2.098	1.961	4
700	2.039	1.627	2.118	2.0	4
701	1.882	1.588	2.098	1.98	4
702	1.804	1.745	2.098	2.02	4
703	1.686	1.824	2.059	2.059	4
704	2.098	1.627	2.118	2.059	4
705	2.235	1.451	2.059	2.039	4
706	2.216	1.373	2.196	2.098	4
707	2.137	1.412	2.235	2.098	4
708	1.98	1.608	2.176	2.118	4
709	1.98	1.647	2.235	2.137	4
710	2.157	1.667	2.255	2.078	4
711	2.078	1.745	2.176	2.078	4
712	1.922	1.765	2.196	2.078	4
713	1.941	1.922	2.275	2.157	4
714	2.02	1.804	2.176	2.137	4
715	2.0	1.667	2.176	2.137	4
716	2.0	1.863	2.294	2.157	4
717	1.824	1.902	2.196	2.118	4
718	1.784	2.02	2.118	2.137	4
719	1.843	2.118	2.157	2.137	4
720	1.706	2.157	2.098	2.039	4
721	1.686	1.863	1.98	1.98	4
722	1.667	1.922	2.02	1.98	4
723	1.882	2.0	2.0	1.961	4
724	2.059	1.824	1.98	1.961	4
725	2.137	1.961	2.216	2.039	4
726	2.02	1.98	2.216	2.059	4
727	1.902	2.039	2.255	2.098	4
728	1.882	2.02	2.137	2.078	4
729	1.765	1.725	1.98	1.98	4
730	1.863	1.824	2.078	2.02	4
731	1.922	1.961	2.078	2.02	4
732	1.922	1.863	2.059	2.02	4
733	1.863	1.686	2.098	2.039	4
734	1.902	1.667	2.235	2.078	4
735	1.922	1.961	2.0	1.941	4
736	1.824	1.843	2.059	1.98	4
737	1.922	1.961	2.157	2.039	4
738	1.941	2.314	2.216	2.098	4
739	2.098	2.275	2.176	2.137	4
740	2.176	2.039	2.118	2.118	4
741	2.118	1.922	2.255	2.157	4
742	1.941	1.667	2.196	2.078	4
743	1.627	1.49	1.863	1.882	4
744	1.647	1.725	1.941	1.863	4
745	1.941	1.902	2.039	1.922	4
746	1.784	2.059	2.157	2.02	4
747	2.0	2.235	2.157	2.078	4
748	2.039	2.314	2.118	2.098	4
749	1.941	2.353	2.118	2.118	4
750	1.804	2.216	2.118	2.039	4
751	1.686	2.078	1.961	1.961	4
752	1.667	2.235	2.098	1.922	4
753	2.039	2.255	2.059	1.98	4
754	1.843	2.235	2.0	1.941	4
755	1.804	2.157	1.98	1.941	4
756	1.843	2.098	1.98	1.98	4
757	1.98	2.059	1.961	1.98	4
758	1.98	2.118	1.98	1.98	4
759	1.882	2.0	2.039	1.961	4
760	1.843	1.922	2.039	1.941	4
761	1.745	1.941	2.157	1.98	4
762	1.843	2.02	2.039	1.98	4
763	1.843	2.02	2.039	1.98	4
764	1.863	2.0	2.0	1.98	4
765	1.745	1.922	1.961	1.98	4
766	1.784	1.843	1.961	1.98	4
767	1.667	1.765	2.02	2.0	4
768	1.569	1.804	2.078	2.0	4
769	1.686	1.745	2.02	1.922	4
770	1.843	1.824	2.0	1.961	4
771	1.706	2.078	2.0	1.941	4
772	1.902	1.902	1.922	1.941	4
773	1.824	1.765	1.961	1.961	4
774	1.784	1.686	1.941	1.961	4
775	1.765	1.804	1.98	2.0	4
776	1.843	1.824	2.098	2.02	4
777	1.686	1.549	2.0	2.0	4
778	1.608	1.686	2.098	2.0	4
779	1.902	1.824	2.078	1.941	4
780	1.725	1.745	2.039	1.922	4
781	1.863	1.922	2.0	1.941	4
782	1.843	1.882	2.02	1.961	4
783	1.549	1.824	1.98	2.039	4
784	1.569	1.784	2.059	2.059	4
785	1.784	1.784	2.059	2.0	4
786	1.961	1.882	2.039	1.922	4
787	2.059	2.02	2.02	1.902	4
788	2.353	2.078	2.078	2.0	4
789	2.039	1.922	2.196	2.098	4
790	1.922	1.902	2.176	2.118	4
791	1.961	1.882	2.02	2.059	4
792	1.863	1.765	2.0	2.0	4
793	2.0	1.627	2.157	2.0	4
794	2.02	1.608	2.059	1.941	4
795	1.804	1.706	2.0	1.941	4
796	1.961	1.784	2.196	2.059	4
797	2.039	1.588	2.137	2.098	4
798	1.98	1.667	2.137	2.118	4
799	1.922	1.882	2.196	2.118	4
800	1.882	2.176	2.118	2.078	4
801	1.824	2.157	2.118	2.098	4
802	1.902	1.922	2.235	2.137	4
803	1.941	1.804	2.255	2.098	4
804	2.294	1.784	2.216	2.059	4
805	2.059	1.922	2.157	2.02	4
806	2.02	1.941	2.118	2.02	4
807	1.824	1.902	2.098	2.02	4
808	1.922	1.882	2.039	2.0	4
809	2.0	1.725	2.0	2.02	4
810	2.098	1.647	2.098	2.039	4
811	2.039	1.686	2.176	2.059	4
812	1.882	1.627	2.333	2.039	4
813	1.941	1.745	2.235	2.059	4
814	1.824	1.706	2.137	2.02	4
815	1.882	1.588	1.922	1.98	4
816	1.941	1.882	2.039	2.078	4
817	1.922	2.0	2.137	2.098	4
818	1.725	2.02	2.098	2.078	4
819	1.784	2.235	2.157	2.059	4
820	1.863	2.431	2.176	2.039	4
821	2.216	2.333	2.216	2.098	4
822	1.922	2.529	2.118	2.059	4
823	1.98	2.686	2.098	2.078	4
824	2.02	2.941	2.098	2.059	4
825	2.059	2.902	2.078	2.059	4
826	2.02	2.745	2.059	2.039	4
827	1.922	2.667	2.118	2.059	4
828	1.941	2.451	2.118	2.02	4
829	1.706	2.451	2.02	2.039	4
830	1.627	2.431	2.157	1.98	4
831	1.804	2.314	2.0	1.941	4
832	1.843	2.412	1.98	1.961	4
833	1.824	2.451	2.059	2.0	4
834	1.882	2.627	2.02	2.0	4
835	1.784	2.588	2.02	1.98	4
836	1.549	2.216	1.922	1.922	4
837	1.686	2.0	1.98	1.922	4
838	1.804	2.373	2.176	1.98	4
839	1.745	2.667	2.098	2.02	4
840	1.922	2.569	1.98	2.02	4
841	1.804	2.627	2.059	2.039	4
842	1.882	2.51	2.059	2.02	4
843	2.02	2.529	2.039	2.02	4
844	2.039	2.569	2.176	2.039	4
845	1.941	2.333	2.157	2.0	4
846	1.745	2.196	2.098	1.902	4
847	2.0	2.235	2.098	1.941	4
848	1.961	2.255	2.059	1.98	4
849	1.863	2.235	2.0	2.02	4
850	1.765	2.137	2.078	2.078	4
851	1.824	2.039	2.078	2.078	4
852	1.784	1.824	2.078	2.078	4
853	1.784	1.569	2.0	2.0	4
854	1.902	1.549	2.059	1.98	4
855	1.922	1.784	2.059	2.02	4
856	1.765	1.725	2.059	1.98	4
857	1.902	1.588	1.882	1.941	4
858	1.627	1.51	1.804	1.922	4
859	1.725	1.353	1.882	1.902	4
860	1.784	1.314	2.0	1.98	4
861	1.863	1.176	2.157	2.059	4
862	1.843	1.157	2.157	2.059	4
863	1.882	1.353	2.039	1.922	4
864	2.059	1.471	2.039	2.02	4
865	2.039	1.314	2.216	2.039	4
866	1.922	1.275	2.157	2.039	4
867	1.961	1.431	2.078	2.059	4
868	1.98	1.549	2.039	2.039	4
869	1.902	1.431	2.059	2.039	4
870	1.667	1.471	2.098	2.039	4
871	1.627	1.569	2.078	2.039	4
872	1.98	1.608	2.137	2.078	4
873	2.059	1.647	2.098	2.059	4
874	2.0	1.49	1.941	2.02	4
875	2.02	1.569	2.059	1.961	4
876	1.941	1.647	2.02	1.961	4
877	2.039	1.471	2.0	1.98	4
878	2.039	1.49	2.216	2.118	4
879	1.902	1.569	2.157	2.098	4
880	1.765	1.412	2.176	2.098	4
881	1.922	1.412	2.137	2.02	4
882	1.922	1.471	2.137	2.0	4
883	2.0	1.569	2.118	2.0	4
884	1.98	1.588	2.059	2.0	4
885	2.039	1.647	2.078	2.098	4
886	2.098	1.608	2.157	2.098	4
887	1.882	1.51	2.078	2.059	4
888	2.039	1.627	2.137	2.059	4
889	2.078	1.725	2.176	2.02	4
890	2.137	1.725	2.118	2.039	4
891	2.078	1.569	2.0	1.98	4
892	2.059	1.588	2.0	1.961	4
893	2.078	1.588	2.0	1.98	4
894	2.02	1.569	2.059	2.02	4
895	2.059	1.51	2.0	2.0	4
896	1.98	1.412	2.059	2.0	4
897	1.922	1.412	2.118	1.922	4
898	1.902	1.51	1.922	1.882	4
899	1.804	1.373	2.02	1.941	4
900	1.784	1.588	2.039	1.961	4
901	1.843	1.686	2.02	2.039	4
902	1.941	1.784	2.0	2.078	4
903	1.902	1.725	2.078	2.078	4
904	1.647	1.647	2.039	2.0	4
905	1.667	1.686	2.02	2.02	4
906	1.961	1.824	2.137	2.0	4
907	1.804	1.961	2.078	2.0	4
908	2.0	1.863	2.02	1.98	4
909	2.098	1.961	2.039	2.0	4
910	2.059	1.941	2.039	2.039	4
911	1.843	1.941	2.098	2.098	4
912	1.961	1.804	2.137	2.118	4
913	1.784	1.549	2.078	2.02	4
914	1.667	1.412	1.922	1.902	4
915	1.804	1.51	1.98	1.863	4
916	1.824	1.608	2.196	1.941	4
917	1.725	1.824	2.137	2.02	4
918	1.961	1.882	2.137	2.078	4
919	2.059	1.961	2.118	2.078	4
920	1.98	2.059	2.02	2.059	4
921	1.745	2.137	2.118	2.0	4
922	1.667	1.922	2.118	2.0	4
923	1.608	2.0	2.118	2.039	4
924	1.824	2.216	2.275	2.118	4
925	2.118	2.176	2.235	2.098	4
926	1.863	2.157	2.098	2.098	4
927	1.941	2.275	2.039	2.059	4
928	2.039	2.549	2.078	2.039	4
929	2.039	2.49	2.157	2.098	4
930	1.706	2.255	2.294	2.078	4
931	1.588	2.196	2.216	2.078	4
932	1.451	2.314	2.157	2.059	4
933	2.0	2.235	2.059	2.0	4
934	1.863	2.255	2.039	2.02	4
935	2.0	2.451	2.157	2.078	4
936	1.961	2.471	2.196	2.118	4
937	1.902	2.235	2.137	2.078	4
938	1.686	2.02	2.078	2.02	4
939	1.765	1.98	2.059	1.941	4
940	2.039	1.98	1.98	1.843	4
941	2.02	2.235	1.961	1.863	4
942	2.0	2.137	1.961	1.902	4
943	1.961	2.118	1.961	1.961	4
944	1.98	2.098	1.922	1.961	4
945	1.922	1.863	1.882	1.922	4
946	2.0	1.627	1.941	1.922	4
947	1.882	1.706	2.059	1.941	4
948	1.863	1.824	2.176	2.02	4
949	1.51	1.686	2.078	1.961	4
950	1.784	1.529	1.961	1.941	4
951	1.706	1.706	1.804	1.843	4
952	1.706	1.843	1.902	1.922	4
953	1.824	2.196	2.02	1.98	4
954	1.824	2.275	2.02	2.039	4
955	1.686	2.176	2.059	2.059	4
956	1.902	2.02	2.098	2.059	4
957	1.961	2.098	2.235	2.059	4
958	1.98	2.314	2.157	2.059	4
959	1.902	2.373	2.078	2.059	4
960	1.941	2.431	2.039	2.039	4
961	1.843	2.431	2.059	2.078	4
962	1.863	2.333	2.098	2.078	4
963	2.0	2.196	2.176	2.118	4
964	1.941	2.137	2.196	2.098	4
965	1.882	2.0	2.235	2.039	4
966	1.745	1.98	2.0	1.961	4
967	1.843	1.882	2.039	1.961	4
968	1.824	1.941	2.02	1.98	4
969	1.863	1.961	2.039	1.98	4
970	1.725	1.902	2.02	2.039	4
971	1.667	1.804	2.078	2.118	4
972	1.373	1.706	2.176	2.118	4
973	1.745	1.686	2.137	2.059	4
974	1.882	1.765	2.059	2.039	4
975	1.922	1.686	2.078	2.02	4
976	1.961	1.863	2.02	1.961	4
977	1.784	1.882	1.941	1.941	4
978	1.902	1.804	1.922	1.941	4
979	2.059	1.824	2.0	2.039	4
980	1.961	1.706	2.078	2.137	4
981	1.725	1.706	2.176	2.196	4
982	1.745	1.725	2.235	2.196	4
983	2.039	1.824	2.118	1.961	4
984	2.02	1.745	2.0	1.882	4
985	2.059	1.804	2.059	1.922	4
986	1.98	1.686	2.098	2.0	4
987	1.98	1.706	2.098	2.118	4
988	2.059	1.667	2.059	2.137	4
989	1.941	1.588	2.118	2.098	4
990	2.0	1.647	2.118	2.02	4
991	2.157	1.725	2.118	1.941	4
992	2.157	1.863	2.235	1.961	4
993	2.02	1.706	2.137	2.0	4
994	2.02	1.784	2.118	2.078	4
995	2.235	1.922	2.118	2.078	4
996	2.137	1.824	1.98	2.039	4
997	2.118	1.765	2.039	2.0	4
998	2.0	1.824	2.098	2.0	4
999	1.922	1.922	2.235	2.02	4
1000	1.843	1.863	2.078	1.941	4
1001	1.941	1.471	2.078	1.98	4
1002	2.0	1.549	2.196	2.098	4
1003	2.02	1.608	2.176	2.098	4
1004	1.98	1.725	2.059	2.059	4
1005	2.039	1.824	1.941	2.039	4
1006	1.824	1.98	2.078	2.078	4
1007	1.745	2.157	2.255	2.078	4
1008	1.961	2.078	2.196	2.039	4
1009	1.804	2.0	2.157	2.078	4
1010	1.902	1.804	2.118	2.039	4
1011	1.882	1.784	2.0	1.961	4
1012	1.843	2.02	1.882	1.961	4
1013	1.941	2.039	2.0	2.0	4
1014	1.98	1.98	2.098	2.098	4
1015	1.745	2.0	2.157	2.098	4
1016	1.745	2.0	2.176	2.137	4
1017	1.961	2.078	2.039	2.059	4
1018	1.824	1.824	1.922	1.941	4
1019	1.745	1.745	1.863	1.902	4
1020	1.804	1.941	1.961	1.941	4
1021	1.863	2.137	2.039	1.98	4
1022	1.902	1.922	2.02	2.0	4
1023	1.686	1.686	1.961	2.0	4
1024	1.608	1.784	1.922	1.941	4
1025	1.824	1.706	2.0	1.863	4
1026	1.863	1.882	1.961	1.922	4
1027	1.902	2.275	2.059	1.98	4
1028	2.0	2.373	2.118	2.039	4
1029	2.098	2.451	2.039	2.059	4
1030	2.0	2.235	2.078	2.039	4
1031	1.843	1.882	2.0	2.0	4
1032	1.745	2.0	1.922	1.902	4
1033	1.843	2.314	2.098	2.0	4
1034	1.824	2.333	2.216	1.98	4
1035	1.784	2.275	2.157	2.02	4
1036	1.882	2.196	2.137	2.039	4
1037	1.961	2.314	2.098	2.078	4
1038	2.02	2.49	2.059	2.078	4
1039	1.922	2.451	2.059	2.039	4
1040	1.843	2.549	2.157	2.059	4
1041	1.902	2.529	2.275	2.059	4
1042	1.902	2.431	2.118	2.118	4
1043	1.961	2.176	2.137	2.02	4
1044	2.176	2.118	2.059	2.02	4
1045	2.137	2.255	2.078	2.02	4
1046	2.02	2.314	2.039	2.02	4
1047	1.843	2.333	2.039	2.059	4
1048	1.804	2.314	2.039	2.02	4
1049	1.784	2.333	2.039	2.0	4
1050	1.745	2.333	2.078	1.922	4
1051	1.647	2.373	2.02	1.961	4
1052	1.961	2.275	2.059	2.0	4
1053	1.882	2.275	2.157	2.118	4
1054	1.745	2.333	2.255	2.176	4
1055	1.863	2.176	2.137	2.137	4
1056	2.059	1.902	2.02	2.098	4
1057	1.745	1.863	2.118	2.059	4
1058	1.529	1.824	2.059	1.98	4
1059	1.686	1.627	2.098	1.902	4
1060	1.882	1.667	2.02	1.98	4
1061	1.902	1.627	2.0	1.961	4
1062	1.863	1.608	2.098	2.039	4
1063	1.941	1.608	2.078	2.039	4
1064	1.98	1.49	2.039	2.059	4
1065	2.02	1.353	2.059	2.098	4
1066	2.02	1.275	2.118	2.059	4
1067	1.882	1.235	2.098	1.98	4
1068	1.588	1.196	2.098	1.961	4
1069	1.843	1.098	2.118	1.961	4
1070	1.863	1.392	2.039	1.961	4
1071	1.98	1.569	2.078	2.0	4
1072	1.902	1.745	2.098	2.039	4
1073	1.882	1.745	2.059	2.02	4
1074	1.804	1.608	2.039	2.039	4
1075	1.765	1.765	2.118	2.02	4
1076	2.02	1.804	2.078	2.02	4
1077	1.824	2.078	2.098	2.02	4
1078	1.843	2.255	2.078	2.039	4
1079	2.0	2.216	2.098	2.098	4
1080	2.216	2.235	2.059	2.078	4
1081	2.196	1.882	2.02	2.059	4
1082	2.078	1.569	2.098	2.039	4
1083	1.804	1.412	2.176	2.039	4
1084	1.686	1.529	2.078	1.98	4
1085	2.059	1.608	2.137	1.98	4
1086	1.608	1.667	2.02	2.02	4
1087	1.745	1.686	2.0	2.0	4
1088	1.804	1.765	1.98	2.039	4
1089	1.902	1.922	2.059	2.078	4
1090	1.961	2.059	2.196	2.137	4
1091	1.784	1.745	2.176	2.118	4
1092	1.706	1.569	2.137	2.039	4
1093	1.784	1.51	2.039	2.039	4
1094	1.725	1.569	2.137	1.98	4
1095	1.882	1.745	2.0	1.961	4
1096	1.922	1.863	2.0	2.0	4
1097	2.02	2.235	2.078	2.078	4
1098	2.039	2.255	2.157	2.078	4
1099	2.059	2.137	2.196	2.098	4
1100	1.922	1.863	2.216	2.078	4
1101	1.804	1.51	2.176	1.98	4
1102	1.706	1.294	1.961	1.941	4
1103	1.941	1.255	2.176	2.02	4
1104	1.745	1.333	2.137	2.0	4
1105	1.882	1.412	1.882	1.941	4
1106	1.843	1.961	1.961	2.02	4
1107	1.941	2.039	2.059	2.059	4
1108	1.765	1.627	2.059	2.0	4
1109	1.745	1.529	2.02	1.941	4
1110	1.706	1.961	2.157	2.02	4
1111	1.863	2.275	2.118	2.098	4
1112	1.863	2.216	2.098	2.02	4
1113	1.784	2.098	1.922	1.98	4
1114	1.882	2.314	1.863	1.922	4
1115	2.0	2.529	2.0	2.0	4
1116	1.98	2.588	2.137	2.078	4
1117	2.0	2.51	2.157	2.059	4
1118	1.784	2.569	2.137	2.02	4
1119	1.902	2.333	2.02	1.98	4
1120	1.608	2.176	2.039	2.0	4
1121	1.765	2.235	2.059	2.0	4
1122	2.02	2.137	2.039	2.0	4
1123	2.0	1.941	1.98	2.0	4
1124	1.922	1.902	2.02	2.039	4
1125	1.804	2.039	2.098	2.059	4
1126	1.784	2.235	2.118	2.02	4
1127	1.824	2.275	2.098	1.98	4
1128	1.863	2.02	2.0	1.98	4
1129	1.902	1.961	1.98	1.961	4
1130	2.039	2.0	1.961	1.941	4
1131	1.98	2.098	1.98	1.98	4
1132	1.902	2.137	1.98	1.98	4
1133	1.843	2.157	2.039	2.0	4
1134	1.804	2.078	2.0	1.961	4
1135	1.608	2.157	2.0	1.902	4
1136	1.451	2.255	1.98	1.922	4
1137	1.627	2.373	2.098	1.98	4
1138	1.745	2.294	2.078	1.98	4
1139	1.941	2.176	2.0	2.02	4
1140	1.902	2.118	2.059	2.039	4
1141	1.922	2.059	2.02	2.02	4
1142	1.745	2.0	2.039	2.0	4
1143	1.725	1.98	2.098	1.98	4
1144	1.824	1.941	2.078	1.941	4
1145	1.863	1.863	2.059	2.0	4
1146	1.941	1.804	1.98	1.941	4
1147	1.902	1.569	1.941	1.961	4
1148	1.961	1.667	1.863	1.902	4
1149	2.02	1.667	1.843	1.882	4
1150	1.98	1.725	2.02	1.961	4
1151	1.784	1.608	2.118	1.98	4
1152	1.706	1.49	2.078	1.98	4
1153	2.039	1.412	2.078	1.961	4
1154	1.98	1.529	2.078	2.0	4
1155	1.745	1.667	2.098	2.039	4
1156	2.059	1.725	2.059	2.059	4
1157	1.961	1.765	2.098	2.078	4
1158	1.902	1.843	2.098	2.02	4
1159	1.784	1.824	2.137	2.0	4
1160	1.667	1.824	2.157	2.02	4
1161	1.843	1.804	2.196	2.118	4
1162	1.941	1.941	2.196	2.176	4
1163	2.157	1.922	2.216	2.137	4
1164	1.941	1.706	2.137	2.137	4
1165	1.941	1.667	2.118	2.078	4
1166	2.0	1.608	2.137	2.039	4
1167	1.882	1.549	2.02	1.98	4
1168	1.804	1.49	2.118	1.98	4
1169	1.627	1.451	2.157	1.98	4
1170	1.451	1.373	2.098	1.98	4
1171	1.863	1.235	2.039	1.98	4
1172	1.784	1.588	2.078	2.039	4
1173	1.961	1.882	2.157	2.118	4
1174	1.961	1.706	2.137	2.118	4
1175	1.843	1.49	2.059	2.02	4
1176	1.647	1.333	1.98	2.0	4
1177	1.569	1.392	2.078	1.961	4
1178	1.667	1.588	2.118	1.941	4
1179	2.039	1.784	2.098	1.98	4
1180	1.961	2.02	2.118	2.098	4
1181	2.235	1.922	2.157	2.157	4
1182	2.157	1.882	2.078	2.137	4
1183	2.157	2.0	2.098	2.118	4
1184	2.059	2.196	2.176	2.098	4
1185	2.039	2.176	2.275	2.118	4
1186	1.941	1.961	2.216	2.078	4
1187	1.922	1.725	2.157	2.098	4
1188	1.941	1.627	2.157	2.02	4
1189	2.039	1.843	2.078	2.0	4
1190	2.078	2.0	2.039	2.0	4
1191	2.02	1.98	2.059	2.078	4
1192	2.118	2.137	2.078	2.098	4
1193	2.039	1.922	2.059	2.039	4
1194	1.922	1.765	2.059	2.039	4
1195	1.804	1.941	2.059	2.059	4
1196	1.745	1.922	2.118	1.961	4
1197	1.98	2.02	2.059	1.941	4
1198	1.902	2.098	2.059	1.98	4
1199	1.98	2.294	1.98	1.961	4
1200	2.039	2.235	1.902	1.922	4
1201	1.98	1.98	1.843	1.902	4
1202	1.824	2.039	2.02	1.961	4
1203	1.588	2.275	2.137	2.02	4
1204	1.745	2.529	2.216	2.078	4
1205	2.039	2.725	2.216	2.098	4
1206	1.824	2.569	2.137	2.059	4
1207	1.882	2.529	2.039	2.039	4
1208	1.961	2.549	2.078	2.039	4
1209	1.98	2.569	2.137	2.059	4
1210	1.882	2.451	2.176	2.078	4
1211	1.882	2.471	2.196	2.137	4
1212	1.863	2.569	2.275	2.098	4
1213	1.725	2.529	2.216	2.176	4
1214	1.98	2.569	2.196	2.098	4
1215	2.059	2.333	2.059	2.02	4
1216	1.902	2.176	1.961	1.98	4
1217	1.98	2.059	1.98	2.0	4
1218	1.882	1.941	2.098	2.078	4
1219	1.882	1.902	2.176	2.098	4
1220	1.882	1.882	2.137	2.02	4
1221	1.824	1.843	2.078	2.02	4
1222	1.824	1.843	2.039	2.02	4
1223	1.667	1.863	2.039	1.961	4
1224	1.765	1.902	1.941	1.98	4
1225	1.824	1.98	1.961	2.0	4
1226	1.882	2.0	2.02	2.02	4
1227	1.647	1.922	2.039	2.0	4
1228	1.608	1.941	1.941	1.941	4
1229	1.686	1.961	1.98	1.863	4
1230	1.627	2.02	2.0	1.961	4
1231	1.725	1.98	2.02	2.0	4
1232	1.824	1.824	1.941	1.941	4
1233	1.706	1.725	1.882	1.941	4
1234	1.725	1.804	1.922	1.941	4
1235	1.882	1.765	1.98	1.941	4
1236	1.961	1.569	1.98	1.941	4
1237	1.765	1.451	2.078	2.0	4
1238	1.784	1.529	2.098	2.039	4
1239	1.824	1.431	2.078	2.0	4
1240	1.549	1.255	1.902	1.961	4
1241	1.784	1.392	1.922	1.902	4
1242	1.902	1.451	1.922	1.902	4
1243	1.902	1.569	2.0	1.98	4
1244	1.902	1.647	2.078	2.02	4
1245	1.882	1.765	2.176	2.098	4
1246	1.98	1.863	2.235	2.137	4
1247	2.059	1.725	2.176	2.098	4
1248	1.961	1.706	2.118	2.098	4
1249	1.902	1.667	2.078	2.02	4
1250	1.843	1.824	2.059	1.961	4
1251	2.137	1.961	2.157	2.0	4
1252	2.157	1.98	2.137	2.039	4
1253	1.961	1.902	2.176	2.098	4
1254	1.804	1.824	2.137	2.078	4
1255	1.843	1.824	2.02	1.98	4
1256	2.098	1.882	2.098	1.961	4
1257	1.961	1.627	2.078	1.961	4
1258	1.922	1.471	2.118	2.02	4
1259	1.922	1.51	2.078	2.059	4
1260	1.882	1.549	2.039	2.059	4
1261	1.843	1.647	2.176	2.078	4
1262	1.863	1.882	2.196	2.059	4
1263	1.824	1.863	2.098	2.039	4
1264	1.471	1.725	2.176	2.02	4
1265	2.02	1.863	2.137	2.0	4
1266	1.843	1.745	1.922	1.98	4
1267	1.902	1.784	1.941	1.961	4
1268	1.941	1.824	1.941	1.98	4
1269	1.941	1.49	1.941	1.961	4
1270	1.882	1.569	2.157	2.078	4
1271	1.804	1.824	2.255	2.078	4
1272	1.863	1.569	2.157	2.02	4
1273	1.843	1.667	2.0	2.0	4
1274	1.863	2.039	2.078	1.98	4
1275	1.804	2.157	2.0	1.98	4
1276	1.863	2.333	2.157	2.098	4
1277	1.882	2.392	2.196	2.137	4
1278	1.824	2.176	2.098	2.078	4
1279	1.725	2.0	2.02	2.02	4
1280	1.843	1.902	2.137	2.0	4
1281	1.706	2.098	2.216	2.078	4
1282	1.863	2.275	2.176	2.059	4
1283	1.902	2.235	2.02	2.0	4
1284	1.922	2.216	1.922	1.961	4
1285	2.078	2.333	1.961	2.0	4
1286	2.039	2.353	2.098	2.059	4
1287	1.961	2.216	2.196	2.098	4
1288	1.804	2.216	2.216	2.078	4
1289	1.784	2.255	2.196	2.02	4
1290	1.961	2.196	2.098	2.0	4
1291	1.804	2.176	2.059	2.0	4
1292	1.843	2.196	1.961	1.941	4
1293	1.863	2.098	2.0	2.0	4
1294	1.922	2.176	2.059	2.059	4
1295	1.863	2.176	2.118	2.059	4
1296	1.784	2.157	2.118	2.039	4
1297	1.745	2.294	2.118	1.98	4
1298	1.843	2.353	2.0	1.98	4
1299	1.549	2.333	2.059	1.98	4
1300	1.804	2.255	2.0	2.0	4
1301	1.843	2.294	2.02	2.0	4
1302	1.922	2.176	2.0	2.0	4
1303	1.961	1.98	1.922	1.98	4
1304	1.804	1.745	2.0	2.0	4
1305	1.647	1.627	2.02	1.98	4
1306	1.549	1.784	2.137	1.98	4
1307	1.706	1.804	2.098	1.98	4
1308	1.784	1.804	2.078	1.941	4
1309	1.765	1.745	1.922	1.941	4
1310	1.882	1.784	1.941	1.98	4
1311	1.843	1.706	1.98	2.0	4
1312	1.765	1.706	2.078	2.059	4
1313	1.686	1.824	2.078	2.059	4
1314	1.725	1.824	2.078	2.0	4
1315	1.706	1.961	2.118	2.0	4
1316	1.706	2.0	1.98	1.902	4
1317	1.961	1.941	1.882	1.922	4
1318	1.98	1.922	1.941	1.98	4
1319	2.078	1.882	2.039	2.059	4
1320	2.059	1.941	2.196	2.098	4
1321	1.902	1.902	2.216	2.078	4
1322	1.686	1.804	2.137	2.039	4
1323	1.686	1.804	2.235	2.0	4
1324	1.922	1.843	2.098	1.941	4
1325	1.98	1.765	2.059	1.98	4
1326	2.098	1.804	2.098	2.02	4
1327	1.922	1.725	2.118	2.039	4
1328	1.706	1.804	2.039	2.02	4
1329	1.706	1.784	2.039	1.98	4
1330	1.765	1.804	2.098	2.039	4
1331	1.961	1.843	2.118	2.0	4
1332	2.275	1.784	2.176	2.078	4
1333	1.941	1.961	2.196	2.059	4
1334	1.765	1.824	2.059	2.02	4
1335	2.039	1.902	2.039	2.02	4
1336	2.157	1.902	2.039	2.02	4
1337	2.059	1.804	2.059	2.02	4
1338	1.98	1.706	2.078	2.02	4
1339	1.784	1.667	2.176	2.059	4
1340	1.882	1.706	2.176	2.059	4
1341	1.686	1.725	2.176	2.059	4
1342	1.667	1.667	2.118	2.098	4
1343	1.922	1.784	2.078	2.059	4
1344	1.922	1.725	2.059	2.059	4
1345	1.961	1.725	2.118	2.098	4
1346	1.902	1.647	2.176	2.098	4
1347	1.843	1.627	2.078	2.039	4
1348	1.706	1.549	2.039	1.98	4
1349	1.961	1.412	2.059	2.0	4
1350	1.824	1.49	2.059	2.02	4
1351	1.902	1.471	2.0	2.0	4
1352	1.882	1.49	1.98	2.0	4
1353	1.941	1.725	2.078	2.039	4
1354	1.961	1.824	2.059	2.02	4
1355	1.941	1.667	2.059	2.02	4
1356	1.745	1.667	2.098	2.039	4
1357	1.706	1.882	2.078	2.039	4
1358	1.765	1.882	2.098	1.98	4
1359	1.843	1.784	2.059	1.98	4
1360	1.784	1.863	2.02	2.0	4
1361	1.882	2.059	2.137	2.059	4
1362	1.941	2.196	2.118	2.059	4
1363	1.902	2.196	2.059	2.039	4
1364	1.784	2.255	2.118	2.059	4
1365	1.784	2.294	2.137	2.078	4
1366	1.569	2.549	2.176	2.078	4
1367	1.745	2.49	2.176	2.059	4
1368	2.02	2.392	2.039	2.0	4
1369	1.941	2.412	2.078	2.02	4
1370	2.0	2.373	2.078	2.059	4
1371	2.078	2.157	2.059	2.039	4
1372	2.02	1.902	2.078	2.039	4
1373	1.863	1.745	2.078	2.0	4
1374	1.686	1.922	2.176	1.98	4
1375	1.725	2.078	2.02	1.98	4
1376	1.863	2.157	2.078	1.98	4
1377	1.941	2.255	2.0	1.98	4
1378	1.882	2.157	1.98	2.0	4
1379	1.824	2.137	2.0	2.02	4
1380	1.824	2.059	2.059	2.0	4
1381	1.824	2.059	2.118	2.02	4
1382	1.824	2.196	2.137	2.039	4
1383	1.98	2.176	2.176	2.078	4
1384	1.804	2.333	2.157	2.059	4
1385	1.843	2.196	2.039	2.02	4
1386	1.784	2.137	2.0	1.98	4
1387	1.902	2.118	2.02	1.98	4
1388	1.98	2.078	2.02	2.0	4
1389	1.922	2.02	2.118	2.02	4
1390	1.824	1.961	2.137	2.059	4
1391	1.745	1.98	2.196	2.0	4
1392	1.863	2.0	2.137	2.02	4
1393	1.686	1.902	2.157	2.039	4
1394	1.843	1.941	2.098	2.0	4
1395	1.882	1.882	2.059	2.0	4
1396	1.882	1.902	2.059	2.02	4
1397	1.882	1.804	2.078	2.059	4
1398	1.784	1.784	2.118	2.039	4
1399	1.745	1.784	2.118	2.02	4
1400	1.647	1.882	2.078	2.0	4
1401	1.647	1.863	2.078	1.98	4
1402	1.902	1.824	1.961	1.961	4
1403	1.902	1.824	1.961	1.941	4
1404	1.941	1.804	1.961	1.98	4
1405	1.961	1.784	1.98	2.0	4
1406	1.922	1.667	2.059	2.039	4
1407	1.863	1.667	2.098	2.02	4
1408	1.647	1.706	2.059	2.0	4
1409	1.843	1.706	2.078	1.98	4
1410	1.824	1.686	2.059	1.961	4
1411	1.824	1.725	2.02	1.98	4
1412	1.902	1.765	2.0	2.0	4
1413	1.922	1.784	2.0	2.02	4
1414	1.882	1.804	2.059	2.02	4
1415	1.804	1.765	2.098	2.02	4
1416	1.686	1.804	2.078	2.0	4
1417	1.627	1.902	2.078	2.0	4
1418	1.804	1.922	2.078	1.98	4
1419	1.902	1.902	2.0	1.961	4
1420	1.882	1.882	2.0	1.98	4
1421	1.961	1.902	1.98	2.0	4
1422	1.961	1.863	2.039	2.0	4
1423	2.039	1.804	2.039	2.02	4
1424	1.784	1.745	2.118	2.0	4
1425	1.706	1.765	2.039	2.0	4
1426	1.588	1.765	2.059	1.98	4
1427	1.784	1.784	2.078	1.98	4
1428	1.863	1.843	2.02	1.961	4
1429	1.902	1.824	2.039	2.0	4
1430	1.882	1.863	2.02	2.02	4
1431	1.902	1.863	2.078	2.059	4
1432	1.824	1.882	2.098	2.078	4
1433	1.863	1.882	2.098	2.02	4
1434	1.98	1.863	2.098	2.0	4
1435	1.902	2.039	2.118	1.961	4
1436	1.922	1.98	2.02	1.941	4
1437	1.941	1.98	1.98	1.98	4
1438	1.961	1.98	2.059	2.039	4
1439	2.0	2.02	2.078	2.078	4
1440	2.039	1.902	2.098	2.078	4
1441	1.784	1.784	2.078	2.039	4
1442	1.824	1.843	2.176	2.0	4
1443	1.902	1.824	2.039	2.0	4
1444	1.922	1.922	2.059	2.0	4
1445	1.843	1.922	2.078	2.02	4
1446	1.902	1.941	2.039	2.02	4
1447	1.922	1.961	2.059	2.039	4
1448	1.941	1.941	2.098	2.078	4
1449	1.804	1.902	2.137	2.059	4
1450	1.686	1.941	2.118	2.02	4
1451	1.686	2.118	2.039	2.0	4
1452	1.745	2.059	2.118	2.02	4
1453	1.941	2.02	1.98	2.0	4
1454	1.961	2.02	2.02	2.0	4
1455	1.941	2.0	2.02	2.02	4
1456	1.941	2.0	2.078	2.039	4
1457	1.882	1.902	2.137	2.078	4
1458	1.824	1.863	2.118	2.059	4
1459	1.745	1.863	2.137	1.961	4
1460	2.02	1.941	2.059	2.0	4
1461	1.941	1.863	2.098	1.98	4
1462	1.882	1.922	2.059	2.039	4
1463	1.941	1.922	2.098	2.059	4
1464	1.922	1.941	2.039	2.059	4
1465	1.863	1.922	2.118	2.078	4
1466	1.784	1.882	2.176	2.078	4
1467	1.725	1.941	2.118	2.059	4
1468	1.863	1.98	2.176	2.039	4
1469	1.98	2.118	2.137	2.02	4
1470	1.804	2.02	2.059	2.0	4
1471	1.882	1.98	2.039	2.02	4
1472	1.941	1.98	2.059	2.02	4
1473	2.0	1.961	2.059	2.02	4
1474	2.02	1.902	2.098	2.059	4
1475	1.804	1.804	2.157	2.059	4
1476	1.725	1.804	2.157	2.02	4
1477	1.804	1.863	2.137	2.0	4
1478	1.765	1.824	2.078	2.0	4
1479	1.804	1.882	2.039	1.98	4
1480	1.882	1.882	2.059	2.02	4
1481	1.902	1.922	2.039	2.039	4
1482	1.902	1.882	2.098	2.039	4
1483	1.784	1.882	2.137	2.039	4
1484	1.765	1.922	2.118	2.02	4
1485	1.804	1.98	2.157	2.0	4
1486	1.804	2.0	2.118	2.0	4
1487	1.902	1.98	2.0	2.0	4
1488	1.941	1.961	2.0	2.0	4
1489	1.961	1.961	2.039	2.02	4
1490	2.0	1.922	2.059	2.039	4
1491	1.941	1.843	2.078	2.039	4
1492	1.784	1.784	2.098	2.02	4
1493	1.725	1.765	2.118	1.941	4
1494	2.02	1.784	2.118	2.0	4
1495	2.02	1.824	2.078	1.98	4
1496	1.784	1.784	2.059	1.98	4
1497	1.941	1.843	2.02	2.0	4
1498	1.922	1.843	2.039	2.039	4
1499	1.922	1.843	2.098	2.059	4
