time	channel1	channel2	channel3	channel4	class
0	1.804	1.922	2.02	2.078	4
1	1.824	1.902	2.098	2.078	4
2	1.941	1.882	2.157	2.059	4
3	1.902	1.902	2.196	2.039	4
4	1.98	1.843	2.235	2.0	4
5	2.02	1.843	2.196	1.98	4
6	2.039	1.824	2.176	1.922	4
7	2.059	1.824	2.137	1.922	4
8	2.118	1.843	2.098	1.843	4
9	2.098	1.843	2.059	1.843	4
10	2.039	1.843	1.922	1.843	4
11	2.02	1.863	1.882	1.824	4
12	2.0	1.882	1.824	1.843	4
13	1.941	1.902	1.882	1.902	4
14	1.902	1.922	1.882	1.98	4
15	1.882	1.922	1.902	1.98	4
16	1.882	1.922	1.922	2.02	4
17	1.843	1.922	2.0	2.039	4
18	1.824	1.882	2.098	2.059	4
19	1.922	1.902	2.137	2.059	4
20	1.902	1.863	2.196	2.039	4
21	1.98	1.843	2.235	2.02	4
22	2.0	1.863	2.216	1.961	4
23	2.02	1.843	2.196	1.961	4
24	2.02	1.843	2.196	1.922	4
25	2.118	1.824	2.098	1.922	4
26	2.059	1.882	2.059	1.863	4
27	2.02	1.843	1.941	1.843	4
28	2.0	1.863	1.902	1.843	4
29	1.961	1.922	1.863	1.863	4
30	1.922	1.922	1.882	1.922	4
31	1.902	1.922	1.882	1.961	4
32	1.902	1.922	1.922	1.98	4
33	1.863	1.902	1.922	2.0	4
34	1.843	1.863	2.0	2.059	4
35	1.843	1.902	2.098	2.059	4
36	1.902	1.863	2.137	2.039	4
37	1.902	1.863	2.196	2.039	4
38	1.98	1.824	2.196	1.98	4
39	2.02	1.824	2.196	1.941	4
40	2.0	1.824	2.196	1.941	4
41	2.059	1.804	2.176	1.941	4
42	2.059	1.863	2.118	1.902	4
43	2.078	1.843	2.039	1.843	4
44	2.039	1.863	1.922	1.824	4
45	1.941	1.922	1.941	1.843	4
46	1.961	1.961	1.882	1.902	4
47	1.902	1.961	1.882	1.98	4
48	1.922	1.941	1.882	1.98	4
49	1.882	1.98	1.902	2.0	4
50	1.843	2.0	1.961	2.02	4
51	1.843	1.98	2.02	2.059	4
52	1.824	1.941	2.118	2.059	4
53	1.902	1.922	2.157	2.078	4
54	1.882	1.902	2.196	2.059	4
55	1.961	1.863	2.255	2.02	4
56	1.98	1.843	2.196	1.98	4
57	2.0	1.843	2.196	1.941	4
58	2.039	1.843	2.196	1.922	4
59	2.039	1.863	2.118	1.902	4
60	2.098	1.902	2.059	1.882	4
61	2.059	1.843	1.922	1.843	4
62	2.039	1.863	1.922	1.804	4
63	1.98	1.922	1.863	1.863	4
64	1.922	1.922	1.863	1.922	4
65	1.902	1.922	1.882	1.98	4
66	1.902	1.941	1.902	1.98	4
67	1.882	1.902	1.941	2.0	4
68	1.863	1.941	2.0	2.039	4
69	1.863	1.941	2.098	2.059	4
70	1.922	1.902	2.176	2.059	4
71	1.922	1.882	2.196	2.039	4
72	1.98	1.863	2.216	2.0	4
73	2.0	1.843	2.196	1.961	4
74	2.039	1.843	2.176	1.941	4
75	2.039	1.824	2.157	1.902	4
76	2.137	1.882	2.118	1.882	4
77	2.059	1.863	2.059	1.863	4
78	2.039	1.843	1.961	1.863	4
79	2.0	1.863	1.902	1.843	4
80	2.0	1.882	1.843	1.843	4
81	1.922	1.902	1.863	1.882	4
82	1.902	1.922	1.863	1.941	4
83	1.863	1.902	1.902	1.98	4
84	1.843	1.902	1.902	2.0	4
85	1.882	1.902	1.98	2.039	4
86	1.863	1.882	2.078	2.039	4
87	1.922	1.843	2.137	2.059	4
88	1.922	1.863	2.176	2.039	4
89	2.0	1.824	2.235	2.0	4
90	2.02	1.804	2.176	1.941	4
91	2.0	1.824	2.196	1.922	4
92	1.98	1.804	2.176	1.941	4
93	2.059	1.843	2.118	1.902	4
94	2.078	1.863	2.078	1.882	4
95	2.059	1.863	1.922	1.843	4
96	1.98	1.882	1.941	1.824	4
97	1.961	1.922	1.863	1.863	4
98	1.902	1.941	1.882	1.922	4
99	1.882	1.98	1.902	1.98	4
100	1.863	2.0	1.922	2.02	4
101	1.824	1.961	2.0	2.059	4
102	1.843	1.98	2.039	2.078	4
103	1.824	1.961	2.118	2.078	4
104	1.902	1.922	2.137	2.059	4
105	1.882	1.902	2.216	2.059	4
106	1.961	1.863	2.235	2.02	4
107	1.98	1.863	2.176	1.98	4
108	2.039	1.843	2.176	1.941	4
109	2.039	1.843	2.157	1.902	4
110	2.039	1.824	2.118	1.902	4
111	2.059	1.843	2.059	1.882	4
112	2.059	1.843	1.922	1.843	4
113	2.0	1.863	1.922	1.824	4
114	1.98	1.902	1.843	1.863	4
115	1.922	1.902	1.882	1.902	4
116	1.902	1.902	1.882	1.98	4
117	1.902	1.922	1.902	1.98	4
118	1.902	1.922	1.941	2.059	4
119	1.902	1.902	2.0	2.02	4
120	1.882	1.922	2.078	2.078	4
121	1.922	1.843	2.118	2.039	4
122	1.941	1.863	2.176	2.02	4
123	1.98	1.843	2.196	2.0	4
124	2.02	1.804	2.216	1.961	4
125	2.039	1.784	2.157	1.941	4
126	2.059	1.804	2.137	1.902	4
127	2.039	1.824	2.118	1.882	4
128	2.098	1.882	2.098	1.863	4
129	2.078	1.863	1.941	1.843	4
130	2.0	1.843	1.902	1.824	4
131	2.0	1.882	1.843	1.843	4
132	1.922	1.922	1.863	1.922	4
133	1.902	1.941	1.902	1.941	4
134	1.882	1.922	1.922	2.02	4
135	1.843	1.961	1.922	2.02	4
136	1.863	1.922	2.02	2.059	4
137	1.804	1.941	2.098	2.078	4
138	1.882	1.863	2.176	2.078	4
139	1.902	1.863	2.196	2.078	4
140	1.961	1.843	2.235	2.0	4
141	2.0	1.824	2.196	1.961	4
142	2.0	1.824	2.196	1.941	4
143	2.02	1.804	2.196	1.922	4
144	2.098	1.882	2.157	1.902	4
145	2.118	1.843	2.078	1.843	4
146	2.059	1.843	1.941	1.824	4
147	2.0	1.843	1.941	1.824	4
148	2.02	1.882	1.863	1.843	4
149	1.922	1.902	1.863	1.882	4
150	1.922	1.941	1.882	1.941	4
151	1.902	1.922	1.882	1.98	4
152	1.863	1.902	1.902	2.039	4
153	1.843	1.902	2.02	2.039	4
154	1.863	1.922	2.078	2.078	4
155	1.882	1.902	2.137	2.059	4
156	1.863	1.882	2.196	2.039	4
157	1.961	1.843	2.216	2.02	4
158	2.039	1.843	2.196	1.98	4
159	2.039	1.804	2.176	1.902	4
160	2.02	1.843	2.157	1.922	4
161	2.039	1.824	2.157	1.902	4
162	2.059	1.863	2.098	1.882	4
163	2.039	1.843	1.941	1.843	4
164	1.98	1.882	1.941	1.843	4
165	1.961	1.941	1.882	1.882	4
166	1.882	1.961	1.902	1.922	4
167	1.863	1.941	1.902	1.98	4
168	1.863	1.941	1.922	2.0	4
169	1.843	1.961	1.961	2.039	4
170	1.804	1.941	2.02	2.059	4
171	1.824	1.961	2.098	2.098	4
172	1.902	1.902	2.176	2.078	4
173	1.902	1.882	2.176	2.039	4
174	1.941	1.863	2.235	2.02	4
175	1.98	1.843	2.196	1.961	4
176	2.02	1.824	2.176	1.961	4
177	2.039	1.804	2.157	1.922	4
178	2.059	1.784	2.118	1.902	4
179	2.059	1.882	2.078	1.843	4
180	2.059	1.843	1.941	1.843	4
181	2.02	1.882	1.961	1.843	4
182	2.02	1.902	1.863	1.863	4
183	1.941	1.922	1.863	1.902	4
184	1.902	1.922	1.882	1.961	4
185	1.882	1.922	1.902	2.0	4
186	1.863	1.98	1.941	2.059	4
187	1.882	1.98	2.02	2.059	4
188	1.824	1.961	2.078	2.059	4
189	1.902	1.902	2.157	2.059	4
190	1.902	1.922	2.196	2.039	4
191	1.961	1.863	2.235	2.0	4
192	2.0	1.863	2.216	1.961	4
193	1.98	1.882	2.196	1.961	4
194	2.0	1.863	2.176	1.961	4
195	2.02	1.902	2.137	1.902	4
196	2.078	1.882	2.078	1.863	4
197	2.039	1.882	1.961	1.843	4
198	1.98	1.882	1.941	1.824	4
199	1.98	1.941	1.902	1.863	4
200	1.922	1.941	1.863	1.902	4
201	1.922	1.941	1.882	1.961	4
202	1.863	1.941	1.902	1.98	4
203	1.863	1.902	1.941	2.0	4
204	1.882	1.961	2.0	2.039	4
205	1.843	1.902	2.039	2.039	4
206	1.902	1.882	2.137	2.039	4
207	1.902	1.863	2.196	2.039	4
208	1.961	1.824	2.216	2.02	4
209	2.02	1.824	2.216	1.961	4
210	2.039	1.824	2.196	1.961	4
211	2.039	1.824	2.176	1.922	4
212	2.02	1.843	2.118	1.902	4
213	2.039	1.824	2.059	1.863	4
214	2.098	1.824	1.961	1.824	4
215	2.0	1.843	1.922	1.843	4
216	2.02	1.882	1.882	1.843	4
217	1.941	1.882	1.863	1.922	4
218	1.902	1.902	1.863	1.941	4
219	1.922	1.902	1.882	1.98	4
220	1.882	1.941	1.882	2.039	4
221	1.804	1.882	2.0	2.039	4
222	1.843	1.902	2.059	2.078	4
223	1.882	1.863	2.137	2.059	4
224	1.922	1.882	2.157	2.039	4
225	1.961	1.863	2.216	2.02	4
226	2.0	1.824	2.196	1.98	4
227	2.0	1.804	2.176	1.941	4
228	2.039	1.824	2.157	1.922	4
229	2.02	1.824	2.118	1.882	4
230	2.078	1.882	2.098	1.882	4
231	2.059	1.882	1.941	1.863	4
232	1.961	1.863	1.922	1.843	4
233	1.98	1.902	1.882	1.863	4
234	1.902	1.941	1.863	1.922	4
235	1.902	1.941	1.882	1.98	4
236	1.863	1.941	1.902	2.0	4
237	1.863	1.961	1.922	2.059	4
238	1.882	1.941	2.02	2.02	4
239	1.843	1.941	2.078	2.059	4
240	1.882	1.882	2.137	2.078	4
241	1.902	1.902	2.176	2.059	4
242	1.961	1.843	2.216	2.0	4
243	2.0	1.843	2.196	1.961	4
244	2.02	1.824	2.196	1.941	4
245	2.02	1.804	2.157	1.941	4
246	2.059	1.843	2.137	1.882	4
247	2.078	1.843	2.059	1.843	4
248	2.098	1.843	1.941	1.824	4
249	2.02	1.843	1.922	1.824	4
250	2.0	1.882	1.863	1.843	4
251	1.922	1.902	1.863	1.882	4
252	1.922	1.922	1.863	1.941	4
253	1.922	1.902	1.882	1.98	4
254	1.882	1.922	1.902	2.02	4
255	1.863	1.941	2.0	2.02	4
256	1.843	1.961	2.059	2.059	4
257	1.882	1.922	2.157	2.078	4
258	1.941	1.922	2.196	2.059	4
259	1.941	1.882	2.235	2.02	4
260	2.0	1.824	2.196	1.961	4
261	2.0	1.843	2.176	1.941	4
262	2.0	1.863	2.176	1.902	4
263	2.059	1.824	2.137	1.902	4
264	2.02	1.882	2.098	1.882	4
265	2.059	1.882	1.98	1.882	4
266	1.98	1.902	1.941	1.843	4
267	1.941	1.922	1.902	1.863	4
268	1.882	1.941	1.882	1.922	4
269	1.863	1.941	1.902	1.961	4
270	1.902	1.961	1.922	2.0	4
271	1.843	1.98	1.922	2.02	4
272	1.804	1.941	2.0	2.059	4
273	1.804	1.922	2.039	2.078	4
274	1.882	1.882	2.137	2.059	4
275	1.902	1.882	2.176	2.039	4
276	1.922	1.863	2.235	2.02	4
277	2.0	1.882	2.216	2.0	4
278	1.98	1.843	2.176	1.961	4
279	2.039	1.824	2.176	1.922	4
280	2.059	1.824	2.118	1.902	4
281	2.059	1.843	2.078	1.863	4
282	2.078	1.824	1.941	1.843	4
283	2.02	1.843	1.902	1.824	4
284	2.02	1.863	1.863	1.843	4
285	1.941	1.922	1.843	1.882	4
286	1.941	1.902	1.863	1.941	4
287	1.882	1.922	1.882	1.98	4
288	1.863	1.922	1.922	1.98	4
289	1.902	1.941	1.98	2.039	4
290	1.843	1.922	2.039	2.059	4
291	1.882	1.863	2.137	2.078	4
292	1.922	1.882	2.176	2.039	4
293	1.98	1.843	2.196	2.0	4
294	2.0	1.863	2.196	1.98	4
295	1.98	1.824	2.196	1.961	4
296	2.039	1.824	2.157	1.941	4
297	2.098	1.804	2.157	1.863	4
298	2.078	1.863	2.078	1.882	4
299	2.078	1.863	1.961	1.843	4
300	1.98	1.882	1.941	1.843	4
301	1.961	1.882	1.882	1.863	4
302	1.941	1.922	1.863	1.902	4
303	1.922	1.922	1.863	1.922	4
304	1.882	1.922	1.922	1.98	4
305	1.863	1.922	1.922	1.98	4
306	1.882	1.902	2.0	2.02	4
307	1.863	1.941	2.039	2.059	4
308	1.882	1.902	2.137	2.078	4
309	1.902	1.902	2.176	2.059	4
310	1.961	1.863	2.216	2.02	4
311	2.0	1.843	2.216	1.961	4
312	2.02	1.824	2.196	1.941	4
313	2.02	1.824	2.157	1.941	4
314	2.039	1.824	2.098	1.882	4
315	2.059	1.863	2.078	1.863	4
316	2.059	1.882	1.941	1.843	4
317	1.98	1.902	1.941	1.824	4
318	1.98	1.902	1.882	1.863	4
319	1.922	1.941	1.863	1.902	4
320	1.902	1.941	1.863	1.941	4
321	1.902	1.961	1.922	1.98	4
322	1.863	1.961	1.902	2.039	4
323	1.882	1.922	2.0	2.02	4
324	1.863	1.922	2.039	2.078	4
325	1.863	1.902	2.118	2.039	4
326	1.902	1.882	2.176	2.039	4
327	1.941	1.843	2.235	2.02	4
328	2.0	1.824	2.176	1.98	4
329	2.02	1.824	2.176	1.941	4
330	2.02	1.824	2.176	1.902	4
331	2.078	1.824	2.196	1.902	4
332	2.059	1.843	2.078	1.882	4
333	2.078	1.804	1.961	1.863	4
334	2.0	1.863	1.941	1.824	4
335	2.0	1.882	1.902	1.843	4
336	1.941	1.922	1.863	1.902	4
337	1.902	1.922	1.882	1.941	4
338	1.902	1.922	1.902	1.98	4
339	1.882	1.941	1.922	2.02	4
340	1.902	1.941	2.0	2.02	4
341	1.863	1.922	2.059	2.078	4
342	1.882	1.882	2.137	2.059	4
343	1.902	1.882	2.157	2.039	4
344	1.961	1.863	2.216	2.0	4
345	2.0	1.863	2.196	1.961	4
346	2.0	1.843	2.176	1.941	4
347	2.039	1.824	2.157	1.922	4
348	2.098	1.804	2.176	1.902	4
349	2.078	1.902	2.098	1.882	4
350	2.118	1.843	1.98	1.843	4
351	2.0	1.882	1.941	1.843	4
352	2.0	1.882	1.902	1.843	4
353	1.941	1.902	1.863	1.902	4
354	1.922	1.922	1.882	1.961	4
355	1.922	1.922	1.902	1.98	4
356	1.882	1.902	1.902	2.039	4
357	1.922	1.882	1.961	2.02	4
358	1.863	1.882	2.0	2.039	4
359	1.863	1.863	2.118	2.039	4
360	1.882	1.863	2.157	2.078	4
361	1.941	1.843	2.196	2.02	4
362	2.0	1.824	2.196	1.98	4
363	2.0	1.843	2.176	1.941	4
364	2.039	1.824	2.176	1.922	4
365	2.039	1.824	2.098	1.922	4
366	2.039	1.824	2.078	1.863	4
367	2.059	1.843	1.98	1.843	4
368	1.98	1.902	1.961	1.863	4
369	2.0	1.941	1.902	1.863	4
370	1.902	1.961	1.863	1.922	4
371	1.902	1.961	1.882	1.941	4
372	1.863	1.98	1.922	2.02	4
373	1.863	1.961	1.961	2.0	4
374	1.882	1.961	2.0	2.059	4
375	1.843	1.922	2.039	2.078	4
376	1.882	1.882	2.157	2.078	4
377	1.922	1.902	2.157	2.039	4
378	1.941	1.843	2.235	2.02	4
379	2.0	1.824	2.196	1.98	4
380	2.0	1.824	2.176	1.941	4
381	2.059	1.824	2.157	1.922	4
382	2.078	1.804	2.176	1.902	4
383	2.039	1.824	2.098	1.882	4
384	2.078	1.824	1.98	1.843	4
385	2.0	1.863	1.941	1.863	4
386	2.0	1.922	1.882	1.863	4
387	1.961	1.922	1.882	1.902	4
388	1.941	1.902	1.882	1.98	4
389	1.882	1.941	1.902	1.98	4
390	1.863	1.961	1.941	2.02	4
391	1.765	1.98	2.02	2.02	4
392	1.804	1.941	2.039	2.059	4
393	1.863	1.902	2.137	2.078	4
394	1.902	1.902	2.196	2.078	4
395	1.941	1.882	2.216	2.059	4
396	2.02	1.863	2.216	1.98	4
397	2.0	1.843	2.196	1.961	4
398	2.039	1.843	2.157	1.922	4
399	2.098	1.804	2.196	1.902	4
400	2.078	1.882	2.078	1.882	4
401	2.098	1.843	1.98	1.843	4
402	2.0	1.843	1.922	1.843	4
403	2.02	1.882	1.863	1.824	4
404	1.961	1.922	1.843	1.882	4
405	1.902	1.922	1.882	1.941	4
406	1.863	1.902	1.902	1.98	4
407	1.863	1.922	1.922	2.0	4
408	1.824	1.922	1.98	2.039	4
409	1.882	1.922	2.039	2.059	4
410	1.863	1.863	2.137	2.059	4
411	1.902	1.863	2.157	2.078	4
412	1.941	1.843	2.216	2.02	4
413	2.0	1.843	2.196	1.98	4
414	1.98	1.863	2.196	1.961	4
415	2.0	1.843	2.196	1.941	4
416	2.02	1.863	2.176	1.961	4
417	2.0	1.843	2.098	1.902	4
418	2.059	1.863	1.98	1.863	4
419	1.98	1.882	1.941	1.843	4
420	1.98	1.902	1.902	1.843	4
421	1.922	1.941	1.863	1.902	4
422	1.882	1.941	1.863	1.941	4
423	1.882	1.961	1.902	1.98	4
424	1.863	1.961	1.922	2.02	4
425	1.843	1.941	1.961	2.039	4
426	1.863	1.941	2.02	2.059	4
427	1.863	1.882	2.118	2.039	4
428	1.882	1.902	2.157	2.039	4
429	1.922	1.863	2.235	2.02	4
430	2.0	1.843	2.176	1.98	4
431	2.0	1.843	2.176	1.941	4
432	2.02	1.824	2.157	1.922	4
433	2.039	1.824	2.137	1.902	4
434	2.039	1.804	2.078	1.863	4
435	2.078	1.863	2.0	1.863	4
436	2.0	1.863	1.941	1.843	4
437	2.02	1.902	1.882	1.843	4
438	1.961	1.941	1.863	1.902	4
439	1.922	1.941	1.863	1.961	4
440	1.922	1.941	1.902	2.0	4
441	1.902	1.941	1.902	2.039	4
442	1.863	1.941	2.0	2.059	4
443	1.843	1.922	2.039	2.039	4
444	1.863	1.882	2.137	2.059	4
445	1.922	1.882	2.157	2.059	4
446	1.941	1.863	2.196	2.02	4
447	2.0	1.824	2.216	1.961	4
448	2.0	1.824	2.196	1.961	4
449	2.02	1.824	2.157	1.922	4
450	2.078	1.824	2.157	1.863	4
451	2.078	1.843	2.098	1.882	4
452	2.098	1.824	2.0	1.863	4
453	2.0	1.843	1.922	1.843	4
454	2.02	1.863	1.882	1.824	4
455	1.961	1.902	1.843	1.882	4
456	1.902	1.922	1.882	1.941	4
457	1.922	1.961	1.902	1.98	4
458	1.882	1.902	1.902	2.02	4
459	1.843	1.941	1.98	1.98	4
460	1.882	1.902	2.02	2.059	4
461	1.882	1.863	2.157	2.059	4
462	1.922	1.863	2.137	2.059	4
463	1.941	1.843	2.235	2.02	4
464	2.02	1.843	2.196	1.961	4
465	2.0	1.824	2.196	1.941	4
466	2.0	1.824	2.176	1.922	4
467	2.039	1.804	2.157	1.882	4
468	2.098	1.863	2.098	1.863	4
469	2.118	1.843	1.98	1.843	4
470	2.0	1.843	1.941	1.824	4
471	2.0	1.863	1.902	1.843	4
472	1.941	1.902	1.863	1.882	4
473	1.922	1.922	1.863	1.941	4
474	1.882	1.922	1.882	1.961	4
475	1.882	1.902	1.922	2.0	4
476	1.843	1.902	1.961	2.02	4
477	1.882	1.902	2.039	2.078	4
478	1.882	1.863	2.137	2.078	4
479	1.902	1.843	2.137	2.039	4
480	1.922	1.824	2.196	2.02	4
481	2.0	1.784	2.157	1.961	4
482	2.039	1.765	2.157	1.902	4
483	2.039	1.824	2.157	1.902	4
484	2.039	1.824	2.137	1.902	4
485	2.078	1.843	2.098	1.882	4
486	2.059	1.824	1.98	1.863	4
487	2.059	1.824	1.922	1.824	4
488	2.02	1.882	1.882	1.824	4
489	1.922	1.941	1.882	1.863	4
490	1.824	1.961	1.902	1.941	4
491	1.843	1.961	1.922	1.98	4
492	1.882	1.961	1.922	2.078	4
493	1.882	1.98	2.0	2.078	4
494	1.863	2.0	2.059	2.098	4
495	1.843	1.961	2.196	2.078	4
496	1.902	1.922	2.176	2.059	4
497	1.902	1.902	2.235	2.02	4
498	1.98	1.863	2.235	2.0	4
499	2.02	1.863	2.196	1.98	4
500	2.0	1.824	2.157	1.941	4
501	2.039	1.824	2.118	1.902	4
502	2.059	1.863	2.059	1.863	4
503	2.078	1.843	1.98	1.843	4
504	1.961	1.863	1.922	1.843	4
505	1.941	1.863	1.902	1.863	4
506	1.961	1.902	1.843	1.922	4
507	1.941	1.922	1.882	1.98	4
508	1.902	1.902	1.882	2.0	4
509	1.882	1.941	1.902	1.98	4
510	1.824	1.98	1.961	2.0	4
511	1.843	2.0	2.0	2.059	4
512	1.824	1.922	2.157	2.078	4
513	1.882	1.902	2.157	2.118	4
514	1.922	1.863	2.196	2.078	4
515	2.0	1.863	2.196	2.0	4
516	2.0	1.882	2.176	1.941	4
517	2.0	1.863	2.176	1.882	4
518	2.039	1.843	2.137	1.804	4
519	2.078	1.843	2.078	1.804	4
520	2.118	1.843	1.98	1.824	4
521	2.02	1.824	1.922	1.863	4
522	2.02	1.882	1.882	1.882	4
523	1.961	1.941	1.843	1.882	4
524	1.902	1.941	1.902	1.922	4
525	1.843	1.961	1.902	1.961	4
526	1.863	1.922	1.902	2.02	4
527	1.882	1.941	1.941	2.02	4
528	1.863	1.922	2.02	2.02	4
529	1.882	1.922	2.157	2.059	4
530	1.902	1.922	2.176	2.078	4
531	1.922	1.922	2.216	2.078	4
532	1.961	1.902	2.235	2.02	4
533	1.98	1.902	2.196	1.98	4
534	1.961	1.882	2.157	1.922	4
535	2.02	1.863	2.157	1.882	4
536	2.039	1.882	2.078	1.902	4
537	2.059	1.863	2.02	1.863	4
538	2.0	1.863	1.922	1.843	4
539	1.98	1.882	1.882	1.804	4
540	1.922	1.902	1.843	1.882	4
541	1.902	1.902	1.843	1.922	4
542	1.902	1.882	1.882	1.941	4
543	1.863	1.922	1.902	1.961	4
544	1.843	1.922	1.922	1.98	4
545	1.843	1.843	1.98	2.039	4
546	1.863	1.843	2.098	2.059	4
547	1.961	1.824	2.118	2.039	4
548	1.941	1.784	2.196	2.0	4
549	2.02	1.765	2.196	1.902	4
550	2.039	1.784	2.137	1.882	4
551	2.078	1.765	2.137	1.843	4
552	2.137	1.745	2.157	1.902	4
553	2.157	1.843	2.098	1.922	4
554	2.176	1.804	1.98	1.882	4
555	2.039	1.745	1.863	1.824	4
556	2.137	1.824	1.922	1.824	4
557	2.098	1.922	1.902	1.843	4
558	1.882	1.941	1.922	1.961	4
559	1.804	1.98	1.902	2.02	4
560	1.961	1.961	1.902	2.059	4
561	1.961	1.941	1.941	2.02	4
562	1.961	1.882	1.98	2.039	4
563	1.922	1.843	2.157	2.039	4
564	1.941	1.882	2.176	2.059	4
565	1.922	1.941	2.333	2.059	4
566	1.98	1.941	2.314	2.059	4
567	1.902	1.863	2.235	2.0	4
568	1.922	1.804	2.137	2.0	4
569	2.039	1.902	2.235	1.98	4
570	2.039	1.961	2.176	1.922	4
571	2.059	1.882	2.059	1.882	4
572	1.961	1.843	1.961	1.843	4
573	1.922	1.882	1.922	1.804	4
574	1.902	1.98	1.882	1.804	4
575	1.882	2.02	1.922	1.882	4
576	1.863	1.98	1.902	1.98	4
577	1.863	1.843	1.922	2.039	4
578	1.882	1.941	1.961	2.059	4
579	1.863	1.961	2.02	2.098	4
580	1.922	1.882	2.157	2.039	4
581	1.941	1.765	2.137	1.98	4
582	1.961	1.667	2.059	1.902	4
583	2.137	1.667	2.216	1.902	4
584	2.196	1.627	2.216	1.941	4
585	2.137	1.627	2.039	1.922	4
586	2.098	1.706	2.0	1.922	4
587	2.118	1.725	2.02	1.882	4
588	2.196	1.725	1.98	1.804	4
589	2.098	1.686	1.804	1.784	4
590	2.059	1.686	1.765	1.784	4
591	2.0	1.784	1.804	1.843	4
592	1.922	1.941	1.882	1.961	4
593	1.882	2.02	1.922	2.078	4
594	1.824	2.118	1.941	2.078	4
595	1.804	2.157	2.0	2.118	4
596	1.725	2.059	2.0	2.157	4
597	1.706	2.039	2.118	2.118	4
598	1.725	2.059	2.118	2.098	4
599	1.725	2.098	2.255	2.02	4
600	1.765	2.118	2.353	2.02	4
601	1.824	2.137	2.373	2.0	4
602	1.941	2.0	2.255	1.941	4
603	1.98	1.902	2.118	1.941	4
604	1.961	1.882	2.118	1.882	4
605	1.922	1.902	2.118	1.882	4
606	1.882	1.824	1.941	1.824	4
607	2.059	1.843	1.804	1.804	4
608	2.0	1.843	1.804	1.745	4
609	1.961	1.784	1.882	1.765	4
610	1.863	1.804	1.882	1.824	4
611	1.765	1.863	1.902	1.961	4
612	1.863	1.902	1.941	2.078	4
613	2.02	1.804	1.98	2.098	4
614	2.039	1.784	2.059	2.039	4
615	2.02	1.863	2.039	2.0	4
616	2.0	1.804	2.059	1.98	4
617	2.078	1.804	2.157	1.941	4
618	2.059	1.765	2.118	1.941	4
619	2.137	1.667	2.0	1.941	4
620	2.255	1.588	2.02	1.863	4
621	2.275	1.667	2.039	1.863	4
622	2.235	1.725	1.941	1.804	4
623	2.118	1.824	1.863	1.745	4
624	2.137	2.039	1.863	1.765	4
625	1.882	2.118	1.902	1.882	4
626	1.686	1.941	2.0	2.059	4
627	1.745	1.765	1.961	2.157	4
628	2.059	1.686	1.882	2.078	4
629	2.02	1.843	1.863	1.922	4
630	1.784	2.098	2.059	1.843	4
631	1.647	2.176	2.275	1.922	4
632	1.843	2.118	2.314	2.039	4
633	1.843	2.078	2.412	2.078	4
634	1.745	1.882	2.431	2.059	4
635	1.804	1.784	2.157	2.039	4
636	1.902	1.824	2.098	2.0	4
637	1.843	1.961	2.314	1.98	4
638	1.843	2.235	2.49	2.02	4
639	2.0	2.157	2.412	2.098	4
640	1.961	2.0	2.235	2.078	4
641	1.98	1.902	2.059	1.922	4
642	1.863	1.882	1.627	1.765	4
643	1.902	1.765	1.569	1.686	4
644	2.02	1.667	1.902	1.804	4
645	2.059	1.882	2.02	1.98	4
646	1.961	2.118	2.078	2.176	4
647	1.941	2.098	2.118	2.294	4
648	1.784	1.902	1.961	2.255	4
649	1.843	1.667	1.902	2.098	4
650	1.824	1.647	2.078	1.941	4
651	1.922	1.882	2.353	1.941	4
652	2.039	2.098	2.392	2.059	4
653	2.137	2.118	2.255	2.078	4
654	2.118	1.902	2.02	1.941	4
655	2.137	1.863	1.922	1.745	4
656	1.922	2.0	1.961	1.647	4
657	1.863	2.0	1.922	1.765	4
658	1.843	2.0	1.98	2.059	4
659	1.843	2.157	1.961	2.235	4
660	1.863	2.235	1.961	2.235	4
661	1.882	2.216	2.098	2.118	4
662	1.922	2.235	2.039	2.0	4
663	1.863	2.137	2.02	1.98	4
664	1.745	2.02	2.059	2.059	4
665	1.882	2.0	2.196	2.157	4
666	2.059	2.078	2.255	2.235	4
667	2.098	2.02	2.255	2.196	4
668	2.275	1.922	2.314	2.118	4
669	2.451	1.863	2.392	2.118	4
670	2.451	1.745	2.353	2.098	4
671	2.353	1.725	2.196	1.98	4
672	2.314	1.784	2.118	1.922	4
673	2.588	1.882	1.98	1.882	4
674	2.608	1.902	2.059	1.922	4
675	2.471	1.706	2.137	1.941	4
676	2.431	1.667	2.0	1.941	4
677	2.49	1.804	1.863	1.922	4
678	2.51	1.765	1.745	1.882	4
679	2.451	1.706	1.784	1.863	4
680	2.275	1.804	2.02	1.922	4
681	2.02	1.961	2.255	2.098	4
682	2.039	1.941	2.235	2.235	4
683	2.235	1.706	2.0	2.157	4
684	2.275	1.529	1.961	1.941	4
685	2.216	1.569	2.059	1.745	4
686	2.137	1.784	2.176	1.725	4
687	2.039	1.863	2.137	1.824	4
688	1.98	1.765	1.98	1.882	4
689	2.02	1.765	1.824	1.882	4
690	1.941	1.804	1.863	1.784	4
691	1.902	1.902	1.784	1.745	4
692	1.824	1.902	1.843	1.765	4
693	1.745	2.02	1.824	1.824	4
694	1.804	1.902	1.765	1.843	4
695	1.843	1.706	1.608	1.804	4
696	1.706	1.745	1.647	1.804	4
697	1.686	1.824	1.784	1.843	4
698	1.745	1.765	1.922	1.922	4
699	1.784	1.725	2.098	1.961	4
700	1.902	1.824	2.039	1.98	4
701	1.863	1.686	1.961	1.922	4
702	1.882	1.647	2.059	1.804	4
703	1.843	1.667	2.137	1.745	4
704	1.765	1.725	2.196	1.843	4
705	1.922	1.725	2.196	1.941	4
706	2.137	1.686	2.02	1.922	4
707	2.098	1.804	2.0	1.843	4
708	1.902	1.922	1.961	1.765	4
709	1.784	1.882	1.922	1.784	4
710	1.765	1.922	1.804	1.843	4
711	1.686	1.922	1.843	1.902	4
712	1.647	2.039	1.863	1.961	4
713	1.608	2.078	1.902	1.941	4
714	1.529	2.098	2.039	1.961	4
715	1.451	2.275	2.235	2.078	4
716	1.549	2.275	2.294	2.216	4
717	1.804	2.137	2.196	2.255	4
718	1.706	1.961	2.137	2.157	4
719	1.627	1.784	2.098	1.922	4
720	1.667	1.784	2.078	1.765	4
721	1.843	2.039	2.255	1.784	4
722	1.941	2.078	2.353	1.941	4
723	1.98	2.059	2.235	2.039	4
724	2.137	1.98	2.098	2.02	4
725	2.118	1.882	1.941	2.0	4
726	2.02	1.784	1.922	1.882	4
727	1.922	1.784	1.804	1.843	4
728	1.824	1.824	1.922	1.882	4
729	1.922	1.882	2.02	2.02	4
730	1.941	1.98	1.843	2.118	4
731	1.941	2.059	1.961	2.137	4
732	1.902	2.0	2.235	2.137	4
733	1.824	1.843	2.314	2.098	4
734	1.961	1.765	2.137	2.118	4
735	2.118	1.784	2.02	2.078	4
736	2.059	1.804	2.216	2.039	4
737	1.922	1.804	2.275	1.98	4
738	2.0	1.843	2.196	1.961	4
739	2.039	1.843	2.157	1.98	4
740	1.941	1.843	2.078	1.863	4
741	1.98	1.961	2.078	1.784	4
742	1.882	1.922	1.961	1.784	4
743	1.922	1.922	1.941	1.843	4
744	2.039	1.902	1.824	1.922	4
745	1.98	1.784	1.765	1.961	4
746	1.961	1.843	1.824	1.922	4
747	1.824	1.961	1.961	1.863	4
748	1.706	2.02	2.059	1.882	4
749	1.647	1.882	2.078	2.0	4
750	1.667	1.784	1.922	2.059	4
751	1.686	1.824	2.02	2.118	4
752	1.784	1.863	2.157	2.078	4
753	1.804	1.824	2.275	2.0	4
754	1.863	1.765	2.275	1.941	4
755	1.922	1.725	2.098	1.902	4
756	2.02	1.706	2.137	1.863	4
757	2.235	1.824	2.078	1.922	4
758	2.059	1.843	2.039	1.902	4
759	1.961	1.824	1.941	1.882	4
760	1.902	1.843	1.902	1.863	4
761	1.902	1.902	1.824	1.882	4
762	1.863	1.843	1.765	1.941	4
763	1.961	1.863	1.824	1.922	4
764	1.824	1.804	1.863	1.843	4
765	1.765	1.784	1.863	1.843	4
766	1.941	1.824	1.922	1.941	4
767	1.98	1.824	2.196	2.039	4
768	2.02	1.804	2.294	2.098	4
769	1.961	1.725	2.275	2.118	4
770	1.941	1.647	2.098	2.02	4
771	1.863	1.51	2.098	1.863	4
772	2.059	1.549	2.118	1.765	4
773	2.216	1.686	2.196	1.765	4
774	2.196	1.725	2.157	1.745	4
775	2.157	1.667	1.961	1.745	4
776	2.098	1.647	1.725	1.784	4
777	2.098	1.686	1.745	1.765	4
778	2.137	1.725	1.824	1.824	4
779	2.157	1.863	1.922	1.941	4
780	2.098	1.902	1.941	2.02	4
781	1.902	1.961	2.039	2.098	4
782	1.843	1.98	2.039	2.176	4
783	2.0	1.961	1.941	2.255	4
784	2.137	1.804	2.098	2.137	4
785	2.059	1.686	2.078	2.039	4
786	1.961	1.686	2.098	1.961	4
787	2.157	1.902	2.255	2.0	4
788	2.157	2.137	2.275	2.039	4
789	1.98	2.235	2.412	2.137	4
790	1.784	2.314	2.451	2.275	4
791	1.725	2.157	2.314	2.216	4
792	1.863	1.961	2.176	2.157	4
793	1.941	1.98	2.0	2.02	4
794	1.922	2.098	1.98	1.902	4
795	1.824	2.275	1.882	1.843	4
796	1.686	2.314	1.863	1.863	4
797	1.725	2.333	1.941	1.941	4
798	1.725	2.294	1.98	2.098	4
799	1.725	2.255	1.941	2.176	4
800	1.706	2.118	1.961	2.118	4
801	1.667	2.0	2.059	2.02	4
802	1.667	1.98	2.098	1.961	4
803	1.706	2.0	2.157	1.941	4
804	1.863	2.059	2.196	1.941	4
805	1.961	1.961	2.137	1.941	4
806	2.02	1.784	2.039	1.863	4
807	2.02	1.804	2.118	1.784	4
808	2.0	1.941	2.137	1.804	4
809	2.118	2.098	2.157	1.882	4
810	2.118	1.961	1.941	1.922	4
811	1.784	1.824	1.824	1.882	4
812	1.765	1.863	1.765	1.784	4
813	1.961	1.941	1.824	1.745	4
814	1.98	2.0	1.902	1.824	4
815	1.961	2.118	2.02	1.941	4
816	1.902	2.078	2.118	2.039	4
817	1.882	2.0	2.216	2.078	4
818	1.843	2.0	2.196	2.137	4
819	1.863	1.961	2.118	2.118	4
820	1.549	1.843	2.294	2.118	4
821	1.922	1.667	2.196	2.039	4
822	2.098	1.706	2.059	1.863	4
823	2.039	1.745	2.176	1.765	4
824	2.118	1.882	2.314	1.843	4
825	2.216	2.02	2.196	1.843	4
826	2.118	1.902	2.059	1.882	4
827	2.039	1.804	1.902	1.922	4
828	2.039	1.824	1.961	1.922	4
829	1.902	1.784	1.784	1.922	4
830	1.824	1.843	1.843	1.902	4
831	1.843	1.98	1.941	1.941	4
832	1.863	2.039	1.98	1.961	4
833	1.882	1.98	1.863	2.0	4
834	1.882	1.902	1.941	2.0	4
835	1.902	1.765	2.039	2.078	4
836	2.02	1.706	2.118	2.098	4
837	2.098	1.706	2.196	2.078	4
838	2.059	1.667	2.255	2.059	4
839	1.941	1.667	2.235	2.039	4
840	2.059	1.686	2.157	1.902	4
841	2.02	1.686	2.078	1.745	4
842	2.157	1.784	2.059	1.686	4
843	2.275	1.804	2.059	1.804	4
844	2.235	1.765	2.039	1.941	4
845	2.098	1.745	1.922	2.02	4
846	1.98	1.804	1.804	1.98	4
847	1.902	1.804	1.784	1.922	4
848	1.882	1.725	1.745	1.882	4
849	1.941	1.784	1.863	1.902	4
850	1.961	1.941	1.922	2.02	4
851	1.941	1.882	2.02	2.059	4
852	2.059	1.941	2.196	2.137	4
853	2.059	1.843	2.118	2.176	4
854	1.922	1.725	2.078	2.196	4
855	1.961	1.745	2.176	2.098	4
856	2.02	1.863	2.314	2.02	4
857	1.961	1.784	2.314	1.882	4
858	2.078	1.627	2.255	1.843	4
859	2.294	1.608	1.98	1.882	4
860	2.353	1.706	2.0	1.902	4
861	2.275	1.667	1.961	1.922	4
862	2.118	1.686	1.843	1.882	4
863	2.078	1.706	1.922	1.824	4
864	1.941	1.686	1.922	1.804	4
865	1.961	1.784	1.843	1.843	4
866	1.961	1.784	1.765	1.902	4
867	1.961	1.706	1.882	1.98	4
868	1.922	1.686	1.941	2.02	4
869	1.882	1.784	2.059	2.0	4
870	1.902	1.784	2.059	1.961	4
871	1.784	1.824	2.098	1.98	4
872	1.784	1.784	2.098	1.98	4
873	1.961	1.784	2.098	1.98	4
874	1.902	1.824	2.078	1.922	4
875	1.863	1.922	2.078	1.863	4
876	1.784	1.961	2.078	1.824	4
877	1.922	1.961	2.039	1.824	4
878	2.039	1.961	1.941	1.882	4
879	2.0	1.941	2.0	1.902	4
880	1.922	1.98	1.902	1.902	4
881	1.725	2.059	1.824	1.922	4
882	1.667	2.176	1.804	1.98	4
883	1.765	2.157	1.922	2.02	4
884	1.882	2.118	1.941	2.039	4
885	1.882	2.059	2.039	2.039	4
886	1.824	2.02	2.157	2.098	4
887	1.843	1.941	2.157	2.059	4
888	1.843	1.863	2.216	2.02	4
889	2.059	1.902	2.176	1.961	4
890	2.098	1.804	2.02	1.863	4
891	2.039	1.941	2.137	1.824	4
892	1.824	2.137	2.294	1.922	4
893	1.882	2.02	2.216	2.02	4
894	2.02	1.922	2.118	1.941	4
895	2.059	1.922	1.941	1.824	4
896	1.941	1.882	1.863	1.765	4
897	1.902	2.078	1.941	1.784	4
898	1.706	2.176	1.961	1.882	4
899	1.588	2.216	2.0	2.02	4
900	1.784	2.157	1.961	2.137	4
901	1.765	2.157	2.0	2.157	4
902	1.804	2.157	2.059	2.118	4
903	1.824	2.157	2.176	2.078	4
904	1.804	2.098	2.294	2.098	4
905	1.784	2.137	2.314	2.157	4
906	1.941	2.157	2.353	2.137	4
907	2.0	2.157	2.294	2.078	4
908	1.863	2.0	2.255	2.039	4
909	1.941	1.922	2.275	1.961	4
910	2.176	1.98	2.216	1.922	4
911	2.235	1.902	2.02	1.824	4
912	2.157	1.863	1.882	1.784	4
913	1.922	1.941	2.02	1.843	4
914	1.98	1.941	2.02	1.961	4
915	1.941	1.824	1.941	2.0	4
916	1.745	1.765	1.843	1.941	4
917	1.765	1.824	1.627	1.843	4
918	1.824	1.902	1.784	1.745	4
919	1.765	1.882	1.98	1.784	4
920	1.784	1.765	2.02	1.824	4
921	1.863	1.804	2.098	1.922	4
922	1.824	1.725	2.118	2.039	4
923	1.863	1.706	2.137	2.098	4
924	1.98	1.745	2.039	2.0	4
925	2.196	1.627	2.02	1.824	4
926	2.196	1.627	2.137	1.745	4
927	2.196	1.804	2.196	1.824	4
928	2.118	1.882	2.059	1.882	4
929	2.098	1.824	1.902	1.922	4
930	2.196	1.824	1.902	1.902	4
931	2.235	1.843	1.922	1.922	4
932	2.118	1.784	1.902	1.98	4
933	2.078	1.765	1.843	2.059	4
934	2.176	1.804	1.961	2.098	4
935	2.235	1.824	2.059	2.176	4
936	2.176	1.843	2.098	2.176	4
937	2.059	1.804	2.176	2.118	4
938	2.078	1.765	2.255	2.02	4
939	2.02	1.725	2.216	1.902	4
940	2.0	1.667	2.196	1.902	4
941	2.039	1.667	2.196	1.98	4
942	2.0	1.588	2.176	2.078	4
943	2.059	1.471	2.118	2.0	4
944	2.02	1.431	2.0	1.824	4
945	2.059	1.667	2.157	1.725	4
946	2.157	1.765	2.059	1.765	4
947	2.098	1.784	1.863	1.824	4
948	2.098	1.882	1.824	1.863	4
949	1.941	1.863	1.902	1.902	4
950	1.804	1.863	1.863	1.961	4
951	1.804	1.843	1.863	1.98	4
952	2.0	1.863	2.0	2.0	4
953	2.059	1.902	1.961	2.098	4
954	2.02	1.902	2.059	2.157	4
955	2.078	1.784	2.216	2.118	4
956	1.98	1.745	2.078	2.039	4
957	2.039	1.667	2.216	1.882	4
958	2.176	1.922	2.255	1.882	4
959	2.137	1.902	2.137	1.902	4
960	2.098	1.902	2.098	1.902	4
961	2.02	1.863	2.02	1.863	4
962	1.922	1.863	2.02	1.843	4
963	2.0	1.863	1.902	1.824	4
964	1.902	2.0	2.02	1.824	4
965	1.863	2.02	1.882	1.843	4
966	1.686	2.039	1.843	1.863	4
967	1.745	2.059	1.804	1.882	4
968	1.824	2.059	1.804	1.902	4
969	1.765	2.078	1.863	1.941	4
970	1.667	2.039	1.941	1.922	4
971	1.686	2.118	2.059	2.0	4
972	1.725	2.02	2.098	2.039	4
973	1.686	2.0	2.157	2.098	4
974	1.843	2.137	2.412	2.059	4
975	1.882	2.02	2.275	2.02	4
976	2.039	1.804	2.098	1.941	4
977	2.137	1.765	2.039	1.882	4
978	2.098	1.784	2.098	1.863	4
979	2.157	1.98	2.176	1.882	4
980	2.078	1.922	1.941	1.843	4
981	1.941	1.863	1.843	1.804	4
982	1.863	2.098	1.863	1.843	4
983	1.745	2.255	1.902	1.941	4
984	1.686	2.196	1.961	2.059	4
985	1.784	2.176	1.941	2.098	4
986	1.784	2.118	1.98	2.098	4
987	1.765	2.118	2.059	2.157	4
988	1.745	2.137	2.176	2.196	4
989	1.765	2.118	2.235	2.196	4
990	1.863	2.196	2.392	2.176	4
991	1.863	2.196	2.431	2.137	4
992	1.804	1.961	2.255	2.059	4
993	1.725	1.843	2.118	2.0	4
994	1.922	1.882	2.235	1.941	4
995	2.157	1.882	2.176	1.902	4
996	2.078	1.863	2.176	1.922	4
997	2.118	1.804	2.039	1.922	4
998	2.098	1.824	2.02	1.941	4
999	2.078	1.961	1.941	1.941	4
1000	1.902	1.922	1.882	1.941	4
1001	1.902	1.843	1.902	1.922	4
1002	1.824	1.843	1.882	1.882	4
1003	1.843	1.765	1.824	1.843	4
1004	1.961	1.824	1.863	1.882	4
1005	1.784	1.922	2.059	2.02	4
1006	1.667	1.941	2.137	2.059	4
1007	1.784	1.902	2.137	2.02	4
1008	1.961	1.863	2.098	1.863	4
1009	2.02	1.745	1.961	1.706	4
1010	1.961	1.745	2.059	1.686	4
1011	2.059	1.843	2.235	1.745	4
1012	2.078	1.902	2.196	1.882	4
1013	2.039	1.824	2.039	1.941	4
1014	2.098	1.765	1.902	1.882	4
1015	2.039	1.725	1.863	1.843	4
1016	2.02	1.706	1.824	1.843	4
1017	2.078	1.804	1.863	1.843	4
1018	2.02	1.804	1.863	1.922	4
1019	1.824	1.843	1.843	1.941	4
1020	1.824	1.784	1.863	2.0	4
1021	1.863	1.745	1.98	2.078	4
1022	1.961	1.765	2.118	2.118	4
1023	2.137	1.863	2.275	2.176	4
1024	2.137	1.882	2.275	2.235	4
1025	2.216	1.784	2.255	2.196	4
1026	2.176	1.686	2.196	2.078	4
1027	2.118	1.725	2.196	1.941	4
1028	2.02	1.745	2.137	1.863	4
1029	2.098	1.804	2.157	1.824	4
1030	2.157	1.765	2.078	1.843	4
1031	2.216	1.725	1.961	1.824	4
1032	2.157	1.784	1.98	1.843	4
1033	2.235	1.765	1.98	1.922	4
1034	2.176	1.804	2.02	1.98	4
1035	2.098	1.784	1.863	1.98	4
1036	2.0	1.765	1.765	1.922	4
1037	1.98	1.824	1.961	1.843	4
1038	1.961	1.902	2.118	1.922	4
1039	1.922	1.902	2.216	2.118	4
1040	2.039	1.863	2.157	2.235	4
1041	2.0	1.941	2.235	2.216	4
1042	1.98	1.882	2.255	2.059	4
1043	1.961	1.863	2.216	1.902	4
1044	1.98	1.843	2.157	1.843	4
1045	2.078	1.922	2.216	1.843	4
1046	2.157	1.902	2.078	1.902	4
1047	2.039	1.902	2.078	2.0	4
1048	2.039	1.863	2.059	2.02	4
1049	2.0	1.98	1.961	1.98	4
1050	1.961	1.922	1.725	1.882	4
1051	1.824	1.922	1.804	1.882	4
1052	1.804	1.902	1.902	1.922	4
1053	1.843	1.843	1.843	1.98	4
1054	1.824	1.902	1.882	2.0	4
1055	1.765	1.902	1.902	2.039	4
1056	1.784	1.824	2.039	2.078	4
1057	1.784	1.706	2.098	2.039	4
1058	1.843	1.843	2.098	2.02	4
1059	1.843	1.902	2.235	1.98	4
1060	1.902	1.902	2.118	1.941	4
1061	1.961	1.843	2.02	1.922	4
1062	2.039	1.667	2.078	1.824	4
1063	2.176	1.725	2.098	1.706	4
1064	2.216	1.804	1.902	1.667	4
1065	2.196	1.824	1.725	1.647	4
1066	2.118	1.686	1.765	1.647	4
1067	2.118	1.51	1.588	1.627	4
1068	2.059	1.608	1.725	1.667	4
1069	1.98	1.824	1.902	1.804	4
1070	1.843	2.039	1.863	1.98	4
1071	1.667	2.078	1.902	2.157	4
1072	1.451	2.059	2.098	2.196	4
1073	1.667	1.941	2.02	2.157	4
1074	1.667	1.725	1.902	1.961	4
1075	1.686	1.882	2.039	1.843	4
1076	1.843	2.039	2.216	1.824	4
1077	1.804	2.216	2.294	1.902	4
1078	1.667	2.294	2.353	2.098	4
1079	1.667	2.235	2.333	2.235	4
1080	1.608	2.196	2.255	2.216	4
1081	1.569	2.235	2.196	2.157	4
1082	1.627	2.294	2.118	2.039	4
1083	1.765	2.255	2.078	1.941	4
1084	1.824	2.098	1.941	1.863	4
1085	1.843	2.098	1.902	1.863	4
1086	1.98	2.157	2.0	1.902	4
1087	1.843	2.157	2.059	2.0	4
1088	1.667	2.137	2.039	2.098	4
1089	1.706	1.882	1.98	2.118	4
1090	1.843	1.824	1.961	2.059	4
1091	2.039	1.863	2.078	1.941	4
1092	2.039	1.961	2.216	1.882	4
1093	2.0	1.902	2.255	1.882	4
1094	1.98	1.804	2.216	1.902	4
1095	2.039	1.804	2.137	1.961	4
1096	2.137	1.863	2.196	1.941	4
1097	2.255	1.961	2.196	1.863	4
1098	2.157	1.843	2.059	1.843	4
1099	2.157	1.784	1.922	1.882	4
1100	2.039	1.843	1.98	1.882	4
1101	2.098	1.902	1.863	1.902	4
1102	2.137	1.922	1.902	1.922	4
1103	2.216	2.039	2.059	1.98	4
1104	2.098	2.02	1.98	2.059	4
1105	1.961	1.902	1.922	2.157	4
1106	2.157	1.882	2.059	2.137	4
1107	2.098	1.843	2.078	2.157	4
1108	2.137	1.784	2.196	2.118	4
1109	2.118	1.804	2.216	2.039	4
1110	2.157	1.765	2.333	2.02	4
1111	2.255	1.784	2.333	2.078	4
1112	2.216	1.843	2.314	2.098	4
1113	2.235	1.745	2.235	2.059	4
1114	2.235	1.667	2.098	1.922	4
1115	2.196	1.569	2.039	1.804	4
1116	2.118	1.667	1.98	1.804	4
1117	2.02	1.686	1.98	1.824	4
1118	1.922	1.725	1.882	1.843	4
1119	1.882	1.824	1.902	1.902	4
1120	2.02	1.902	1.941	1.98	4
1121	1.98	1.745	2.0	2.059	4
1122	1.902	1.686	1.98	2.118	4
1123	1.784	1.725	1.961	2.039	4
1124	1.667	1.804	1.922	1.98	4
1125	1.745	1.784	2.02	1.941	4
1126	1.843	1.706	2.157	1.98	4
1127	2.0	1.686	2.294	2.059	4
1128	2.118	1.706	2.196	2.059	4
1129	2.02	1.784	2.157	1.98	4
1130	1.98	1.922	2.216	1.902	4
1131	2.039	1.941	2.216	1.863	4
1132	2.118	1.922	2.078	1.843	4
1133	2.118	1.824	1.765	1.804	4
1134	1.941	1.902	1.804	1.765	4
1135	1.98	1.961	1.863	1.745	4
1136	1.941	2.039	1.863	1.843	4
1137	1.902	2.059	1.882	1.941	4
1138	1.902	2.0	1.882	2.039	4
1139	1.941	1.98	1.882	2.039	4
1140	1.824	2.02	2.0	1.98	4
1141	1.804	1.961	1.941	2.02	4
1142	1.863	1.804	1.961	1.98	4
1143	1.922	1.765	2.0	1.922	4
1144	2.02	1.667	2.078	1.843	4
1145	2.157	1.549	2.039	1.784	4
1146	2.098	1.49	2.02	1.765	4
1147	2.059	1.431	1.941	1.765	4
1148	2.059	1.627	1.824	1.745	4
1149	2.039	1.784	1.863	1.725	4
1150	1.922	1.922	1.922	1.804	4
1151	1.863	1.941	2.039	1.863	4
1152	2.02	1.961	2.118	1.941	4
1153	1.98	1.824	1.804	1.961	4
1154	1.961	1.902	1.745	1.902	4
1155	1.922	1.941	1.922	1.843	4
1156	1.824	1.863	1.745	1.882	4
1157	1.667	2.098	1.824	1.941	4
1158	1.745	2.353	2.176	2.118	4
1159	1.588	2.353	2.451	2.255	4
1160	1.412	2.235	2.471	2.353	4
1161	1.569	2.039	2.314	2.294	4
1162	1.784	1.961	2.157	2.098	4
1163	1.902	2.02	2.176	1.902	4
1164	1.902	2.02	2.176	1.843	4
1165	1.941	1.98	2.176	1.824	4
1166	2.039	2.02	2.196	1.922	4
1167	2.0	1.863	1.961	1.98	4
1168	1.824	1.98	1.941	1.98	4
1169	1.686	2.235	1.863	1.98	4
1170	1.471	2.216	1.863	1.922	4
1171	1.667	2.137	1.922	1.902	4
1172	1.98	2.157	1.941	1.902	4
1173	1.882	2.039	1.784	1.941	4
1174	1.627	2.0	1.922	1.941	4
1175	1.804	2.137	2.176	2.137	4
1176	1.863	2.118	2.275	2.255	4
1177	1.863	2.098	2.275	2.255	4
1178	2.0	2.0	2.314	2.137	4
1179	2.078	1.922	2.255	2.0	4
1180	2.118	1.863	2.275	1.961	4
1181	2.255	1.882	2.333	1.961	4
1182	2.216	1.843	2.275	1.98	4
1183	2.059	1.804	2.098	1.941	4
1184	2.216	1.804	2.0	1.941	4
1185	2.216	1.784	1.941	1.882	4
1186	2.176	1.725	1.863	1.804	4
1187	2.098	1.824	1.882	1.765	4
1188	2.078	1.824	1.941	1.765	4
1189	2.0	1.804	1.882	1.863	4
1190	1.98	1.784	1.882	2.039	4
1191	2.02	1.765	1.922	2.137	4
1192	1.863	1.765	1.922	2.078	4
1193	1.98	1.765	2.137	1.941	4
1194	2.118	1.824	2.196	1.902	4
1195	2.059	1.765	2.216	1.922	4
1196	2.02	1.647	2.078	1.941	4
1197	1.961	1.647	2.039	1.902	4
1198	2.039	1.725	2.098	1.902	4
1199	2.059	1.804	2.098	1.922	4
1200	2.118	1.765	2.039	1.902	4
1201	2.216	1.667	1.922	1.902	4
1202	2.157	1.706	1.98	1.941	4
1203	2.118	1.765	1.941	2.0	4
1204	2.059	1.882	1.902	2.059	4
1205	2.059	1.824	1.902	2.078	4
1206	1.98	1.686	1.882	2.059	4
1207	1.98	1.706	1.902	2.0	4
1208	1.824	1.745	1.922	1.98	4
1209	1.725	1.686	1.961	2.02	4
1210	1.863	1.549	2.098	2.059	4
1211	1.98	1.667	2.216	2.078	4
1212	2.098	1.863	2.275	2.078	4
1213	2.137	1.824	2.275	2.039	4
1214	2.078	1.667	2.255	1.961	4
1215	1.863	1.627	2.157	1.922	4
1216	1.941	1.686	2.137	1.824	4
1217	2.176	1.824	2.078	1.765	4
1218	2.157	1.941	2.059	1.745	4
1219	2.059	1.961	2.059	1.765	4
1220	2.059	2.059	2.0	1.824	4
1221	1.961	2.118	1.922	1.922	4
1222	1.941	2.02	1.804	1.961	4
1223	1.843	2.0	1.98	1.98	4
1224	1.941	2.353	2.118	2.059	4
1225	1.863	2.275	2.176	2.078	4
1226	1.804	2.039	2.078	2.039	4
1227	1.686	1.784	2.02	1.941	4
1228	1.922	1.98	2.059	1.882	4
1229	1.98	1.98	2.196	1.882	4
1230	2.118	1.961	2.275	1.902	4
1231	2.039	1.824	2.196	1.961	4
1232	1.98	1.667	2.216	1.941	4
1233	2.118	1.706	1.961	1.882	4
1234	2.118	1.725	1.824	1.725	4
1235	2.098	1.706	1.922	1.667	4
1236	1.941	1.686	1.98	1.706	4
1237	2.059	1.725	1.784	1.765	4
1238	2.118	1.686	1.549	1.824	4
1239	2.0	1.745	1.667	1.804	4
1240	1.863	1.98	1.863	1.863	4
1241	1.667	2.137	2.039	1.961	4
1242	1.569	2.0	2.098	2.157	4
1243	1.686	1.784	1.941	2.196	4
1244	1.843	1.725	1.98	2.078	4
1245	1.843	1.961	2.098	1.98	4
1246	1.784	2.098	2.255	1.922	4
1247	1.784	2.216	2.275	1.98	4
1248	1.686	2.176	2.275	2.059	4
1249	1.686	2.118	2.275	2.118	4
1250	1.765	1.961	2.137	2.118	4
1251	1.882	1.922	2.118	1.961	4
1252	1.882	1.941	2.02	1.843	4
1253	1.725	1.98	2.0	1.863	4
1254	1.725	2.098	1.98	1.902	4
1255	1.725	2.098	1.961	1.98	4
1256	1.706	2.098	1.902	2.098	4
1257	1.706	2.059	1.863	2.137	4
1258	1.725	1.941	1.902	2.118	4
1259	1.765	2.098	2.02	2.039	4
1260	1.863	2.098	2.098	2.039	4
1261	1.922	2.059	2.314	2.098	4
1262	1.922	1.961	2.294	2.157	4
1263	1.824	1.902	2.118	2.118	4
1264	1.902	1.902	2.098	2.078	4
1265	1.882	1.882	2.157	2.078	4
1266	1.98	1.843	2.098	2.02	4
1267	2.118	1.765	2.059	1.902	4
1268	2.137	1.863	2.039	1.824	4
1269	2.235	1.804	1.922	1.745	4
1270	2.216	1.902	1.922	1.745	4
1271	2.216	2.059	2.02	1.863	4
1272	2.039	2.02	1.961	2.02	4
1273	1.961	1.843	1.765	2.039	4
1274	2.0	1.804	1.745	1.941	4
1275	2.02	1.784	1.784	1.882	4
1276	1.961	1.824	1.941	1.882	4
1277	2.118	2.0	2.118	2.0	4
1278	2.039	1.961	2.235	2.078	4
1279	2.02	1.902	2.216	2.137	4
1280	2.078	1.882	2.255	2.039	4
1281	2.118	1.725	2.196	1.882	4
1282	2.176	1.725	2.235	1.804	4
1283	2.157	1.725	2.275	1.804	4
1284	2.176	1.745	2.235	1.863	4
1285	2.196	1.765	2.118	1.941	4
1286	2.275	1.804	2.059	1.961	4
1287	2.02	1.765	2.0	1.882	4
1288	2.0	1.725	1.961	1.765	4
1289	2.0	1.824	1.922	1.765	4
1290	1.98	1.863	1.882	1.863	4
1291	1.922	1.824	1.882	1.98	4
1292	1.863	1.784	1.922	2.059	4
1293	1.784	1.784	1.941	2.039	4
1294	1.765	1.941	1.98	2.0	4
1295	1.863	1.882	2.216	2.039	4
1296	1.922	1.863	2.196	2.098	4
1297	2.02	1.784	2.235	2.118	4
1298	2.137	1.784	2.294	2.118	4
1299	2.078	1.745	2.216	2.059	4
1300	1.961	1.725	2.157	1.98	4
1301	1.941	1.588	2.098	1.922	4
1302	2.0	1.745	2.098	1.863	4
1303	2.216	1.902	2.0	1.843	4
1304	2.098	1.765	1.941	1.863	4
1305	2.118	1.765	1.941	1.922	4
1306	2.039	1.784	1.902	1.98	4
1307	2.0	1.843	1.941	2.02	4
1308	1.941	1.922	1.804	2.0	4
1309	1.882	1.902	1.804	2.02	4
1310	1.843	1.824	1.941	1.98	4
1311	1.902	1.863	2.039	2.02	4
1312	1.863	1.941	2.294	2.078	4
1313	1.941	1.941	2.196	2.118	4
1314	1.941	1.824	2.059	2.098	4
1315	1.961	1.784	2.098	2.0	4
1316	1.98	1.863	2.196	1.922	4
1317	2.039	1.902	2.196	1.843	4
1318	2.118	1.902	2.196	1.784	4
1319	2.0	1.941	2.02	1.804	4
1320	1.863	1.863	1.863	1.804	4
1321	1.882	1.863	1.824	1.824	4
1322	1.961	2.118	1.922	1.824	4
1323	1.863	2.118	1.922	1.922	4
1324	1.784	1.843	1.804	1.922	4
1325	1.784	1.824	1.765	1.941	4
1326	1.804	1.882	1.784	1.902	4
1327	1.745	1.902	1.843	1.902	4
1328	1.804	2.078	2.098	1.961	4
1329	1.843	2.02	2.235	2.039	4
1330	1.902	1.98	2.039	2.078	4
1331	1.804	1.902	2.098	2.0	4
1332	1.824	1.902	2.196	1.961	4
1333	1.98	1.98	2.176	1.922	4
1334	2.0	1.922	2.157	1.902	4
1335	2.039	1.804	2.0	1.843	4
1336	2.137	1.765	1.961	1.725	4
1337	2.196	1.784	1.902	1.667	4
1338	2.118	1.863	1.902	1.667	4
1339	1.941	1.961	1.882	1.745	4
1340	1.882	2.0	1.804	1.863	4
1341	1.941	1.902	1.745	1.902	4
1342	1.804	1.961	1.765	1.902	4
1343	1.608	2.078	1.882	1.98	4
1344	1.608	2.157	2.039	2.118	4
1345	1.765	2.02	1.98	2.157	4
1346	1.863	1.863	2.02	2.098	4
1347	1.941	1.922	2.137	2.0	4
1348	1.882	1.941	2.235	1.941	4
1349	1.902	1.902	2.235	1.961	4
1350	2.039	1.961	2.314	2.039	4
1351	1.922	1.961	2.392	2.118	4
1352	1.824	1.902	2.216	2.118	4
1353	1.922	1.824	2.02	2.078	4
1354	2.078	1.902	2.137	1.961	4
1355	2.059	2.02	2.098	1.961	4
1356	2.02	1.961	2.039	1.98	4
1357	2.098	2.039	2.0	2.02	4
1358	2.059	2.039	2.02	2.078	4
1359	1.941	1.922	2.02	2.098	4
1360	1.902	1.824	1.98	2.078	4
1361	1.922	1.902	2.039	2.078	4
1362	1.843	1.922	2.0	2.059	4
1363	1.706	1.902	2.118	2.0	4
1364	1.863	1.961	2.196	1.98	4
1365	1.922	1.961	2.255	2.02	4
1366	2.059	1.882	2.216	2.02	4
1367	2.078	1.863	2.235	2.0	4
1368	2.059	1.824	2.176	1.961	4
1369	2.098	1.765	2.216	1.941	4
1370	2.078	1.725	2.059	1.824	4
1371	2.098	1.843	2.0	1.745	4
1372	2.0	1.882	1.941	1.745	4
1373	2.157	1.902	1.922	1.765	4
1374	2.118	1.941	1.863	1.863	4
1375	1.882	1.863	1.804	1.961	4
1376	1.882	1.765	1.804	2.0	4
1377	1.941	1.804	1.882	1.98	4
1378	2.0	1.902	1.941	1.941	4
1379	1.98	1.804	1.98	1.902	4
1380	1.843	1.725	2.176	1.922	4
1381	1.882	1.804	2.235	2.02	4
1382	2.0	1.765	2.176	2.098	4
1383	2.078	1.745	2.196	2.078	4
1384	2.118	1.824	2.196	1.941	4
1385	1.922	1.627	2.078	1.843	4
1386	1.941	1.549	1.98	1.784	4
1387	2.078	1.647	2.02	1.784	4
1388	2.137	1.765	2.0	1.784	4
1389	2.0	1.745	1.98	1.843	4
1390	2.059	1.784	1.98	1.902	4
1391	2.059	1.824	1.961	1.941	4
1392	1.941	1.882	1.804	1.98	4
1393	1.863	1.863	1.863	1.98	4
1394	1.804	1.804	1.941	1.961	4
1395	1.882	1.863	1.922	2.0	4
1396	1.941	1.863	2.0	2.118	4
1397	1.941	1.961	2.176	2.216	4
1398	1.961	1.961	2.314	2.255	4
1399	2.039	1.961	2.373	2.216	4
1400	2.039	2.0	2.255	2.098	4
1401	1.98	1.922	2.176	1.98	4
1402	1.922	1.882	2.216	1.922	4
1403	2.098	1.882	2.314	1.922	4
1404	2.255	1.941	2.059	1.922	4
1405	2.137	1.863	1.941	1.843	4
1406	2.078	1.902	1.961	1.843	4
1407	2.137	2.078	2.0	1.843	4
1408	2.098	2.098	1.804	1.882	4
1409	1.961	1.882	1.765	1.941	4
1410	2.0	1.882	1.804	1.941	4
1411	1.941	1.922	1.863	1.902	4
1412	1.863	1.922	2.0	1.902	4
1413	1.765	1.882	2.0	2.0	4
1414	1.843	1.863	1.98	2.0	4
1415	1.863	1.902	2.098	2.059	4
1416	1.843	1.941	2.216	2.078	4
1417	1.922	1.902	2.118	2.039	4
1418	1.922	1.843	2.098	1.961	4
1419	1.941	1.784	2.176	1.902	4
1420	2.0	1.824	2.118	1.863	4
1421	1.941	1.843	2.02	1.843	4
1422	1.941	1.843	2.02	1.882	4
1423	1.902	1.882	1.961	1.882	4
1424	1.902	1.843	1.843	1.902	4
1425	1.882	1.98	1.922	1.863	4
1426	1.863	1.882	1.824	1.882	4
1427	1.824	1.784	1.686	1.941	4
1428	1.843	1.882	1.843	1.902	4
1429	1.804	1.941	1.98	1.922	4
1430	1.745	1.863	1.961	1.961	4
1431	1.902	1.784	2.0	1.941	4
1432	1.902	1.941	2.059	1.98	4
1433	1.647	2.098	2.294	2.039	4
1434	1.824	2.059	2.333	2.078	4
1435	2.02	1.922	2.137	2.039	4
1436	1.922	1.863	2.039	1.902	4
1437	1.922	1.941	2.059	1.804	4
1438	1.98	2.078	2.078	1.725	4
1439	1.98	2.137	2.118	1.784	4
1440	1.98	2.059	2.118	1.941	4
1441	2.059	2.039	1.961	2.078	4
1442	1.745	2.02	1.784	2.078	4
1443	1.745	2.078	1.902	2.02	4
1444	1.804	2.078	1.961	1.941	4
1445	1.863	2.0	2.02	1.98	4
1446	1.824	1.922	2.059	2.039	4
1447	1.961	1.902	2.078	2.098	4
1448	1.961	1.922	2.216	2.157	4
1449	1.902	1.941	2.235	2.176	4
1450	1.961	1.882	2.255	2.157	4
1451	2.02	1.824	2.255	2.02	4
1452	1.941	1.824	2.216	1.961	4
1453	1.98	1.824	2.176	1.922	4
1454	1.98	1.804	2.137	1.843	4
1455	1.882	1.824	2.02	1.824	4
1456	2.02	1.843	1.961	1.784	4
1457	2.02	1.843	2.0	1.863	4
1458	2.137	1.882	1.98	1.941	4
1459	2.118	1.824	1.902	1.961	4
1460	1.98	1.824	1.882	2.02	4
1461	1.902	1.863	1.922	2.0	4
1462	1.882	1.941	1.961	2.039	4
1463	1.765	2.0	1.98	2.059	4
1464	1.941	1.824	1.961	2.059	4
1465	1.98	1.745	2.118	2.02	4
1466	2.078	1.706	2.157	2.039	4
1467	2.078	1.765	2.275	2.039	4
1468	2.255	1.863	2.353	2.078	4
1469	2.275	1.784	2.275	2.078	4
1470	2.216	1.686	2.196	2.0	4
1471	2.255	1.706	2.176	1.902	4
1472	2.196	1.686	2.098	1.843	4
1473	2.255	1.804	2.098	1.843	4
1474	2.157	1.922	2.039	1.863	4
1475	2.157	1.804	1.961	1.882	4
1476	2.118	1.824	1.922	1.922	4
1477	2.059	1.765	1.902	1.961	4
1478	1.961	1.686	1.804	1.941	4
1479	1.902	1.902	1.922	1.882	4
1480	1.902	2.118	2.039	1.902	4
1481	1.882	2.0	2.059	2.0	4
1482	1.824	1.843	2.059	2.059	4
1483	1.745	1.765	2.039	2.02	4
1484	1.882	1.843	2.255	1.98	4
1485	2.039	1.961	2.275	1.961	4
1486	2.039	1.922	2.137	1.961	4
1487	2.0	1.804	2.157	1.961	4
1488	1.941	1.784	2.137	1.902	4
1489	1.961	1.922	2.039	1.902	4
1490	1.922	1.941	2.02	1.765	4
1491	1.804	1.922	1.941	1.725	4
1492	1.824	1.843	1.725	1.745	4
1493	1.843	1.843	1.725	1.824	4
1494	1.902	1.922	1.882	2.0	4
1495	1.922	1.941	1.824	2.039	4
1496	1.941	1.824	1.804	2.039	4
1497	1.863	1.98	2.02	2.039	4
1498	1.706	2.0	2.157	2.059	4
1499	1.765	2.02	2.255	2.137	4
1500	1.882	1.941	2.0	2.118	4
1501	1.863	1.843	1.961	2.078	4
1502	2.098	1.804	2.157	1.941	4
1503	2.137	1.725	2.196	1.882	4
1504	2.098	1.667	2.176	1.863	4
1505	2.059	1.725	2.216	1.902	4
1506	2.137	1.961	2.157	1.961	4
1507	2.235	1.98	2.078	1.98	4
1508	2.176	1.922	1.922	1.922	4
1509	2.137	1.922	1.902	1.804	4
1510	1.941	1.922	1.804	1.824	4
1511	1.784	1.902	1.843	1.863	4
1512	1.784	1.922	1.863	1.961	4
1513	1.882	1.882	1.843	1.98	4
1514	1.902	1.882	1.882	1.941	4
1515	1.922	1.882	1.882	1.941	4
1516	1.863	1.824	2.039	1.902	4
1517	1.961	1.804	2.098	1.902	4
1518	1.922	1.765	2.0	1.941	4
1519	2.0	1.706	2.039	1.922	4
1520	1.98	1.804	2.039	1.863	4
1521	1.824	1.941	2.196	1.882	4
1522	1.667	1.804	2.137	1.941	4
1523	1.843	1.627	2.02	1.941	4
1524	2.098	1.686	1.98	1.863	4
1525	2.059	1.824	1.902	1.843	4
1526	2.059	1.941	1.902	1.843	4
1527	1.941	1.961	1.902	1.902	4
1528	1.784	1.98	1.863	1.961	4
1529	1.647	2.02	1.882	2.0	4
1530	1.667	2.157	2.02	2.039	4
1531	1.725	2.314	2.176	2.176	4
1532	1.784	2.275	2.275	2.314	4
1533	1.784	2.235	2.333	2.353	4
1534	1.725	2.098	2.314	2.275	4
1535	1.765	2.039	2.373	2.157	4
1536	1.902	2.02	2.353	2.078	4
1537	1.941	2.0	2.353	2.078	4
1538	2.02	1.961	2.275	2.078	4
1539	2.059	1.882	2.216	2.0	4
1540	2.157	1.902	2.196	1.941	4
1541	2.176	1.941	2.118	1.863	4
1542	2.118	1.941	2.02	1.863	4
1543	1.98	1.882	1.961	1.863	4
1544	2.0	1.98	1.902	1.902	4
1545	1.922	1.961	1.882	1.941	4
1546	1.941	1.863	1.843	2.0	4
1547	1.902	1.843	1.804	1.98	4
1548	1.824	1.902	1.843	1.941	4
1549	1.784	1.863	1.902	1.922	4
1550	1.765	2.078	2.118	1.98	4
1551	1.863	1.961	2.098	2.02	4
1552	1.882	1.843	2.118	2.0	4
1553	2.039	1.843	2.196	1.902	4
1554	2.137	1.804	2.137	1.863	4
1555	1.941	1.745	2.118	1.843	4
1556	2.02	1.765	2.098	1.824	4
1557	2.196	1.804	2.098	1.863	4
1558	2.176	1.902	2.098	1.824	4
1559	2.098	1.882	1.941	1.804	4
1560	2.02	1.804	1.843	1.745	4
1561	2.0	1.765	1.765	1.784	4
1562	2.059	1.784	1.824	1.824	4
1563	2.098	1.843	1.922	1.902	4
1564	2.118	1.922	1.961	1.961	4
1565	2.02	1.902	1.941	2.0	4
1566	1.98	1.725	1.98	2.039	4
1567	1.941	1.765	2.098	2.039	4
1568	2.039	1.941	2.196	2.059	4
1569	1.863	1.863	2.137	2.039	4
1570	1.902	1.725	2.196	1.98	4
1571	2.137	1.784	2.235	1.941	4
1572	2.235	1.784	2.176	1.941	4
1573	2.039	1.706	2.098	1.863	4
1574	2.02	1.765	2.118	1.863	4
1575	2.078	1.804	2.039	1.843	4
1576	1.922	1.843	1.961	1.843	4
1577	1.98	1.941	1.98	1.882	4
1578	2.02	1.863	1.745	1.863	4
1579	1.941	1.804	1.765	1.843	4
1580	2.039	1.882	1.961	1.863	4
1581	2.02	1.961	2.078	1.961	4
1582	1.843	1.961	2.078	2.078	4
1583	1.804	1.882	2.118	2.196	4
1584	1.824	1.804	2.078	2.176	4
1585	1.941	1.745	2.098	2.078	4
1586	2.0	1.725	2.196	2.0	4
1587	1.98	1.745	2.314	1.902	4
1588	2.059	1.824	2.333	1.941	4
1589	2.0	1.824	2.235	2.0	4
1590	2.0	1.745	2.196	1.98	4
1591	2.157	1.863	2.176	2.059	4
1592	2.078	1.745	2.02	1.941	4
1593	1.941	1.765	1.863	1.882	4
1594	1.863	1.784	1.902	1.824	4
1595	1.961	1.843	1.804	1.824	4
1596	1.882	1.902	1.804	1.941	4
1597	1.902	1.961	1.843	1.98	4
1598	1.863	1.941	1.824	2.059	4
1599	1.725	1.98	1.961	2.039	4
1600	1.745	1.98	1.98	2.098	4
1601	1.686	1.922	2.0	2.059	4
1602	1.824	1.784	1.941	1.961	4
1603	1.863	1.784	2.02	1.902	4
1604	2.02	1.843	2.216	1.922	4
1605	2.098	2.02	2.255	2.0	4
1606	2.196	2.0	2.235	2.0	4
1607	2.078	1.765	2.078	2.0	4
1608	2.039	1.745	1.98	1.863	4
1609	2.078	1.922	2.0	1.765	4
1610	2.039	2.039	1.961	1.784	4
1611	1.902	2.059	1.98	1.824	4
1612	1.902	2.02	1.824	1.922	4
1613	1.922	2.039	1.804	1.922	4
1614	1.961	2.078	1.843	1.941	4
1615	1.863	2.118	1.922	1.941	4
1616	1.804	2.157	2.02	2.0	4
1617	1.627	2.176	2.02	2.078	4
1618	1.588	2.0	1.98	2.059	4
1619	1.745	1.941	2.02	2.02	4
1620	1.922	1.922	2.098	1.941	4
1621	1.961	1.902	2.196	1.922	4
1622	1.922	1.922	2.196	1.922	4
1623	1.804	1.784	2.137	1.961	4
1624	1.765	1.706	2.02	1.843	4
1625	1.98	1.863	2.0	1.804	4
1626	2.039	1.961	2.0	1.784	4
1627	2.059	1.804	1.922	1.824	4
1628	2.157	1.784	1.98	1.922	4
1629	2.235	1.784	1.902	1.941	4
1630	2.098	1.804	1.882	1.961	4
1631	1.98	1.882	1.863	1.941	4
1632	1.902	1.941	1.902	1.922	4
1633	1.922	1.961	2.039	1.98	4
1634	2.0	2.059	2.216	2.098	4
1635	2.039	2.157	2.353	2.216	4
1636	2.0	2.078	2.353	2.294	4
1637	2.0	1.941	2.373	2.255	4
1638	1.902	1.902	2.373	2.137	4
1639	1.902	1.902	2.275	2.02	4
1640	1.961	1.941	2.314	1.98	4
1641	2.118	1.941	2.373	2.0	4
1642	2.0	1.922	2.196	1.961	4
1643	1.98	1.922	2.02	1.902	4
1644	2.02	1.922	2.0	1.863	4
1645	2.059	1.941	2.039	1.882	4
1646	1.98	1.922	1.941	1.941	4
1647	1.824	2.0	1.922	2.0	4
1648	1.863	1.882	1.843	1.98	4
1649	1.784	1.843	1.863	1.941	4
1650	1.745	1.902	1.922	1.941	4
1651	1.725	1.863	1.98	1.922	4
1652	1.608	1.902	2.078	1.941	4
1653	1.784	1.824	2.059	1.941	4
1654	1.98	1.784	2.039	1.902	4
1655	2.078	1.647	2.078	1.902	4
1656	2.078	1.647	2.118	1.882	4
1657	1.98	1.804	2.196	1.902	4
1658	2.02	1.922	2.216	1.902	4
1659	2.118	1.843	2.157	1.922	4
1660	2.059	1.824	2.059	1.882	4
1661	1.804	1.804	1.843	1.824	4
1662	1.784	1.745	1.843	1.804	4
1663	1.902	1.765	1.765	1.804	4
1664	1.941	1.765	1.824	1.863	4
1665	1.941	1.824	1.98	2.0	4
1666	1.902	1.804	1.941	2.118	4
1667	1.922	1.902	1.941	2.176	4
1668	2.118	1.902	2.039	2.235	4
1669	2.039	1.863	2.157	2.235	4
1670	1.961	1.863	2.235	2.098	4
1671	1.784	1.804	2.216	1.98	4
1672	1.784	1.588	2.137	1.902	4
1673	2.039	1.49	2.157	1.922	4
1674	2.235	1.667	2.196	1.98	4
1675	2.294	1.941	2.196	2.039	4
1676	2.255	1.922	2.157	2.0	4
1677	2.255	1.824	2.157	1.902	4
1678	2.137	1.824	2.039	1.824	4
1679	2.078	1.824	1.961	1.784	4
1680	2.157	1.882	1.843	1.784	4
1681	2.098	2.02	2.0	1.863	4
1682	2.02	2.157	2.039	1.941	4
1683	1.922	2.02	1.843	1.961	4
1684	1.863	2.0	1.843	1.961	4
1685	1.882	1.922	2.0	2.02	4
1686	1.843	2.098	2.098	2.059	4
1687	1.922	2.157	2.176	2.098	4
1688	2.02	2.137	2.294	2.078	4
1689	2.078	1.98	2.314	2.039	4
1690	1.902	1.725	2.059	1.922	4
1691	1.863	1.824	2.059	1.843	4
1692	1.961	1.941	2.118	1.824	4
1693	1.98	1.961	2.078	1.824	4
1694	2.059	1.98	2.137	1.863	4
1695	2.059	1.902	1.98	1.922	4
1696	1.961	1.843	1.882	1.922	4
1697	1.961	1.824	1.686	1.882	4
1698	1.882	1.902	1.745	1.824	4
1699	1.804	1.902	1.882	1.863	4
1700	1.804	1.863	1.804	1.922	4
1701	1.863	1.843	1.922	1.941	4
1702	1.824	1.961	2.059	2.02	4
1703	1.706	1.941	2.137	2.078	4
1704	1.863	1.902	2.118	2.098	4
1705	1.941	1.863	2.098	2.039	4
1706	2.0	1.804	2.216	1.98	4
1707	1.941	1.804	2.137	1.922	4
1708	1.843	1.765	2.02	1.824	4
1709	1.902	1.725	2.0	1.784	4
1710	1.941	1.706	1.98	1.745	4
1711	2.039	1.843	1.98	1.784	4
1712	2.137	1.824	1.843	1.804	4
1713	2.157	1.784	1.863	1.824	4
1714	2.176	1.667	1.706	1.843	4
1715	2.039	1.725	1.667	1.843	4
1716	1.902	1.824	1.765	1.863	4
1717	1.961	2.059	1.98	1.922	4
1718	1.804	2.098	1.98	2.039	4
1719	1.784	1.98	2.039	2.059	4
1720	1.843	1.843	2.02	2.098	4
1721	1.706	1.765	2.0	2.059	4
1722	1.804	1.882	2.176	2.02	4
1723	1.961	1.961	2.275	2.0	4
1724	1.961	1.961	2.314	2.02	4
1725	2.118	2.039	2.314	2.02	4
1726	2.078	2.02	2.235	2.0	4
1727	1.941	1.98	2.216	1.941	4
1728	1.922	2.039	2.176	1.863	4
1729	1.882	2.02	2.02	1.863	4
1730	1.706	1.98	2.0	1.843	4
1731	1.725	1.98	1.961	1.843	4
1732	1.686	2.0	1.902	1.882	4
1733	1.647	2.0	1.902	1.941	4
1734	1.706	1.961	1.922	2.039	4
1735	1.863	1.961	2.0	2.059	4
1736	1.98	1.902	1.98	2.098	4
1737	1.922	1.961	2.176	2.078	4
1738	1.961	1.941	2.235	2.078	4
1739	1.902	1.882	2.255	2.059	4
1740	1.863	1.784	2.235	2.039	4
1741	1.902	1.804	2.196	1.961	4
1742	1.863	1.765	2.216	1.941	4
1743	2.0	1.706	2.196	1.961	4
1744	2.216	1.667	2.118	1.98	4
1745	2.255	1.745	2.137	1.961	4
1746	2.235	1.667	1.941	1.941	4
1747	2.157	1.588	1.902	1.922	4
1748	2.118	1.647	1.863	1.902	4
1749	2.059	1.863	1.941	1.922	4
1750	1.941	1.882	1.961	2.02	4
1751	1.902	1.863	1.941	2.078	4
1752	1.902	1.843	2.0	2.137	4
1753	1.941	1.765	1.961	2.118	4
1754	1.902	1.667	1.98	2.078	4
1755	1.882	1.725	2.078	2.02	4
1756	1.961	1.961	2.275	2.02	4
1757	2.078	2.118	2.392	2.059	4
1758	2.059	2.078	2.294	2.098	4
1759	2.0	1.961	2.255	2.078	4
1760	2.02	1.961	2.216	2.02	4
1761	2.059	1.961	2.137	1.902	4
1762	2.059	1.98	2.118	1.804	4
1763	2.137	2.039	2.039	1.804	4
1764	2.118	2.039	2.0	1.863	4
1765	2.039	2.039	2.0	1.922	4
1766	1.922	2.0	1.941	2.0	4
1767	1.863	1.961	1.843	2.0	4
1768	1.843	1.843	1.824	1.961	4
1769	1.882	1.863	1.902	1.922	4
1770	1.882	1.804	1.98	1.941	4
1771	1.824	1.745	2.039	1.98	4
1772	1.843	1.725	2.059	2.0	4
1773	1.824	1.863	2.196	2.02	4
1774	1.882	1.863	2.275	1.961	4
1775	1.98	1.745	2.137	1.882	4
1776	2.039	1.706	2.078	1.843	4
1777	1.941	1.608	2.0	1.784	4
1778	1.961	1.667	1.922	1.765	4
1779	2.098	1.843	2.02	1.765	4
1780	2.039	1.863	1.863	1.784	4
1781	1.941	1.882	1.882	1.784	4
1782	1.843	1.902	1.863	1.784	4
1783	1.804	1.98	1.765	1.804	4
1784	1.882	2.059	1.824	1.824	4
1785	1.941	2.137	1.922	1.902	4
1786	1.961	2.098	1.961	2.02	4
1787	1.843	1.98	2.0	2.118	4
1788	1.784	1.863	2.0	2.078	4
1789	1.882	1.882	2.0	2.0	4
1790	1.863	1.922	2.02	1.941	4
1791	1.961	1.843	2.235	1.98	4
1792	2.059	1.863	2.314	2.039	4
1793	2.039	1.863	2.235	2.078	4
1794	2.0	1.824	2.137	2.0	4
1795	2.118	1.882	2.118	1.941	4
1796	2.078	2.0	2.078	1.804	4
1797	2.098	1.824	1.882	1.784	4
1798	1.961	1.725	1.843	1.843	4
1799	1.941	1.843	1.882	1.882	4
1800	1.882	2.02	1.98	1.98	4
1801	1.961	2.02	1.784	2.039	4
1802	2.0	1.98	1.882	2.02	4
1803	2.0	2.0	2.039	2.059	4
1804	1.784	1.824	1.941	2.02	4
1805	1.686	1.863	1.922	2.0	4
1806	1.745	2.0	2.059	1.961	4
1807	1.824	2.0	2.216	2.0	4
1808	2.059	1.882	2.216	2.02	4
1809	2.137	1.843	2.137	2.039	4
1810	2.078	1.824	2.157	2.02	4
1811	2.078	1.882	2.216	1.98	4
1812	2.039	1.922	2.137	1.922	4
1813	1.902	1.863	2.02	1.804	4
1814	2.0	1.843	1.882	1.745	4
1815	2.157	1.882	1.902	1.784	4
1816	2.098	1.98	1.882	1.882	4
1817	2.059	2.039	1.961	2.0	4
1818	2.059	2.02	1.98	2.078	4
1819	2.039	1.98	1.941	2.078	4
1820	2.118	1.941	1.961	2.02	4
1821	2.098	1.902	2.078	2.0	4
1822	2.02	1.882	2.098	2.0	4
1823	1.961	1.824	2.157	2.0	4
1824	2.059	1.784	2.196	2.02	4
1825	2.098	1.784	2.314	2.0	4
1826	2.118	1.804	2.275	2.0	4
1827	2.137	1.745	2.216	1.961	4
1828	2.255	1.667	2.196	1.941	4
1829	2.098	1.667	2.118	1.902	4
1830	2.078	1.804	2.137	1.863	4
1831	2.157	1.784	2.02	1.882	4
1832	2.098	1.725	1.941	1.882	4
1833	2.078	1.784	1.882	1.863	4
1834	1.961	1.843	1.863	1.902	4
1835	1.706	1.882	1.902	1.98	4
1836	1.549	1.863	1.882	2.0	4
1837	1.667	1.863	1.941	2.078	4
1838	1.843	1.824	1.98	2.098	4
1839	1.745	1.686	1.922	2.059	4
1840	1.843	1.784	2.137	2.02	4
1841	1.922	1.863	2.216	2.0	4
1842	1.882	1.765	2.275	1.98	4
1843	1.765	1.686	2.176	1.961	4
1844	1.804	1.667	2.176	1.922	4
1845	2.0	1.686	2.118	1.863	4
1846	2.02	1.843	2.137	1.843	4
1847	1.98	1.941	2.098	1.843	4
1848	1.941	1.902	2.02	1.882	4
1849	1.882	1.882	1.98	1.882	4
1850	1.902	1.902	1.882	1.882	4
1851	1.863	1.902	1.843	1.863	4
1852	1.863	1.941	1.863	1.882	4
1853	1.784	2.0	1.902	1.922	4
1854	1.745	2.157	2.0	2.02	4
1855	1.686	2.275	2.216	2.118	4
1856	1.804	2.235	2.294	2.294	4
1857	1.843	2.039	2.255	2.294	4
1858	1.804	1.98	2.216	2.157	4
1859	1.824	1.98	2.275	2.039	4
1860	1.902	2.02	2.275	1.961	4
1861	1.922	1.98	2.275	1.961	4
1862	2.02	2.0	2.294	1.961	4
1863	2.098	2.02	2.137	1.941	4
1864	1.961	1.98	2.02	1.902	4
1865	2.059	2.02	2.059	1.882	4
1866	2.098	2.137	2.02	1.882	4
1867	2.118	2.059	1.922	1.902	4
1868	1.941	1.98	1.863	1.961	4
1869	1.961	2.02	1.902	1.98	4
1870	1.961	1.961	1.902	2.0	4
1871	1.843	1.98	1.98	1.961	4
1872	1.804	2.02	1.98	2.0	4
1873	1.843	1.882	1.863	2.039	4
1874	1.882	1.804	2.02	1.98	4
1875	1.882	1.745	2.118	1.961	4
1876	1.961	1.706	2.098	1.882	4
1877	2.059	1.745	2.098	1.882	4
1878	1.98	1.784	2.098	1.863	4
1879	1.98	1.686	2.078	1.863	4
1880	2.02	1.725	2.039	1.882	4
1881	1.961	1.745	2.0	1.863	4
1882	1.98	1.765	1.804	1.824	4
1883	1.922	1.804	1.745	1.725	4
1884	2.02	1.961	1.784	1.706	4
1885	2.02	1.922	1.765	1.725	4
1886	1.941	1.882	1.745	1.784	4
1887	1.765	1.882	1.725	1.863	4
1888	1.745	1.98	1.824	1.961	4
1889	1.765	2.078	1.98	2.02	4
1890	1.882	2.039	2.0	2.098	4
1891	1.882	1.902	2.039	2.078	4
1892	1.98	1.902	2.059	2.039	4
1893	2.157	1.922	2.235	1.98	4
1894	2.294	1.922	2.275	1.961	4
1895	2.118	1.843	2.196	1.941	4
1896	1.98	1.784	2.137	1.902	4
1897	2.059	1.804	2.118	1.824	4
1898	2.02	1.686	1.98	1.784	4
1899	2.275	1.745	1.961	1.843	4
1900	2.294	1.784	1.98	1.902	4
1901	2.255	1.863	2.0	2.02	4
1902	2.157	1.941	2.078	2.118	4
1903	1.98	1.863	1.922	2.157	4
1904	1.902	1.784	1.961	2.078	4
1905	1.961	1.843	2.039	1.941	4
1906	2.0	1.882	2.078	1.961	4
1907	2.0	1.843	2.118	2.039	4
1908	2.02	1.784	2.216	2.078	4
1909	2.02	1.804	2.255	2.118	4
1910	2.0	1.784	2.314	2.176	4
1911	2.02	1.745	2.275	2.137	4
1912	2.02	1.725	2.196	2.078	4
1913	2.059	1.667	2.176	1.98	4
1914	2.137	1.706	2.118	1.902	4
1915	2.059	1.804	2.098	1.843	4
1916	2.02	1.784	2.02	1.863	4
1917	1.98	1.804	2.0	1.922	4
1918	2.039	1.765	1.863	1.922	4
1919	1.902	1.765	1.804	1.902	4
1920	1.863	1.863	1.863	1.902	4
1921	1.882	1.922	1.902	1.941	4
1922	1.922	1.902	1.961	1.961	4
1923	1.941	1.882	1.941	2.039	4
1924	1.784	1.882	2.02	2.078	4
1925	1.824	1.725	2.098	2.039	4
1926	1.882	1.745	2.157	1.98	4
1927	1.902	1.706	2.196	1.941	4
1928	1.824	1.549	2.157	1.941	4
1929	1.863	1.529	2.137	1.961	4
1930	2.0	1.549	2.118	1.941	4
1931	2.118	1.51	2.059	1.824	4
1932	2.118	1.647	2.039	1.765	4
1933	2.02	1.843	1.941	1.765	4
1934	1.765	2.039	2.039	1.843	4
1935	1.784	2.059	1.961	1.941	4
1936	1.824	2.02	1.902	2.0	4
1937	1.863	1.863	1.882	2.0	4
1938	1.804	1.922	1.882	1.98	4
1939	1.725	2.196	1.941	1.922	4
1940	1.647	2.431	2.078	2.02	4
1941	1.667	2.471	2.196	2.118	4
1942	1.745	2.49	2.333	2.235	4
1943	1.804	2.49	2.392	2.216	4
1944	1.804	2.373	2.412	2.157	4
1945	1.863	2.294	2.294	2.039	4
1946	1.902	2.235	2.196	1.922	4
1947	1.961	2.235	2.235	1.863	4
1948	2.098	2.196	2.235	1.882	4
1949	2.0	2.137	2.196	1.902	4
1950	2.059	2.098	2.118	1.922	4
1951	2.02	2.059	2.039	1.922	4
1952	2.02	1.98	1.882	1.902	4
1953	1.941	1.863	1.725	1.882	4
1954	1.882	1.941	1.843	1.863	4
1955	1.961	2.039	1.941	1.882	4
1956	1.941	2.0	1.922	1.941	4
1957	1.961	1.98	1.98	2.02	4
1958	1.941	1.922	1.98	2.078	4
1959	1.941	1.804	2.098	2.059	4
1960	1.941	1.765	2.118	2.02	4
1961	1.98	1.804	2.157	1.941	4
1962	2.059	1.784	2.157	1.902	4
1963	2.059	1.765	2.157	1.902	4
1964	2.098	1.725	2.118	1.922	4
1965	2.118	1.745	2.098	1.922	4
1966	2.137	1.765	2.059	1.843	4
1967	2.137	1.765	1.922	1.824	4
1968	2.059	1.765	1.882	1.804	4
1969	2.059	1.784	1.804	1.804	4
1970	1.961	1.784	1.765	1.863	4
1971	1.941	1.804	1.824	1.941	4
1972	1.922	1.824	1.863	1.961	4
1973	1.902	1.804	1.863	2.0	4
1974	1.784	1.824	1.941	1.98	4
1975	1.843	1.824	2.0	2.02	4
1976	1.882	1.765	2.118	2.02	4
1977	1.902	1.765	2.118	2.02	4
1978	1.941	1.725	2.176	1.98	4
1979	2.0	1.725	2.157	1.941	4
1980	1.98	1.706	2.157	1.922	4
1981	2.02	1.745	2.157	1.922	4
1982	2.039	1.725	2.078	1.902	4
1983	2.039	1.765	2.039	1.863	4
1984	2.059	1.745	1.922	1.843	4
1985	1.961	1.745	1.902	1.824	4
1986	1.98	1.784	1.843	1.824	4
1987	1.941	1.843	1.843	1.882	4
1988	1.922	1.843	1.863	1.941	4
1989	1.882	1.863	1.863	1.98	4
1990	1.882	1.882	1.902	2.039	4
1991	1.882	1.902	2.02	2.0	4
1992	1.863	1.863	2.039	2.098	4
1993	1.843	1.843	2.118	2.059	4
1994	1.882	1.824	2.176	2.059	4
1995	1.941	1.804	2.196	2.039	4
1996	1.98	1.784	2.216	1.98	4
1997	2.0	1.784	2.176	1.922	4
1998	2.0	1.784	2.176	1.902	4
1999	2.059	1.784	2.157	1.882	4
