time	channel1	channel2	channel3	channel4	class
0	2.039	1.725	2.02	1.843	0
1	2.059	1.745	2.02	1.882	0
2	2.02	1.804	2.0	1.902	0
3	1.941	1.824	1.98	1.961	0
4	1.843	1.902	1.98	1.961	0
5	1.824	2.0	2.0	2.02	0
6	1.843	2.02	2.02	2.02	0
7	1.804	2.059	2.0	2.02	0
8	1.804	2.039	2.059	2.02	0
9	1.863	2.02	2.059	1.98	0
10	1.882	2.02	2.059	1.961	0
11	1.902	1.961	2.078	1.961	0
12	1.941	1.843	2.118	1.941	0
13	2.02	1.824	2.118	1.941	0
14	2.098	1.745	2.059	1.902	0
15	2.059	1.706	2.098	1.882	0
16	2.078	1.706	2.059	1.863	0
17	2.078	1.686	2.02	1.863	0
18	2.039	1.745	2.039	1.902	0
19	2.02	1.765	2.0	1.902	0
20	1.961	1.843	2.0	1.98	0
21	1.902	1.902	2.0	1.98	0
22	1.843	2.0	1.98	2.039	0
23	1.843	2.02	2.039	2.059	0
24	1.824	2.059	2.0	2.039	0
25	1.804	2.059	2.059	2.039	0
26	1.863	2.039	2.059	2.02	0
27	1.882	2.02	2.059	2.0	0
28	1.941	1.941	2.078	1.961	0
29	2.02	1.843	2.098	1.922	0
30	2.039	1.843	2.118	1.922	0
31	2.098	1.725	2.078	1.902	0
32	2.059	1.686	2.059	1.843	0
33	2.118	1.686	2.039	1.843	0
34	2.078	1.706	2.02	1.863	0
35	2.059	1.725	2.02	1.882	0
36	2.02	1.745	1.98	1.922	0
37	1.961	1.824	2.0	1.941	0
38	1.941	1.922	2.0	1.961	0
39	1.824	2.02	1.98	2.02	0
40	1.824	2.059	2.02	2.039	0
41	1.784	2.078	2.0	2.059	0
42	1.824	2.059	2.039	2.02	0
43	1.902	2.039	2.039	2.0	0
44	1.882	2.02	2.078	1.961	0
45	1.922	1.961	2.098	1.98	0
46	1.98	1.882	2.118	1.922	0
47	2.059	1.843	2.118	1.941	0
48	2.118	1.765	2.059	1.863	0
49	2.039	1.686	2.078	1.863	0
50	2.118	1.667	2.02	1.843	0
51	2.078	1.706	2.0	1.843	0
52	2.078	1.706	1.98	1.863	0
53	2.02	1.745	1.98	1.882	0
54	1.941	1.824	1.98	1.961	0
55	1.902	1.922	1.961	1.98	0
56	1.863	1.98	1.941	2.02	0
57	1.824	2.0	2.0	2.02	0
58	1.784	2.039	2.02	2.039	0
59	1.804	2.039	2.039	2.039	0
60	1.882	2.039	2.039	1.98	0
61	1.863	2.039	2.078	2.02	0
62	1.902	1.98	2.098	2.0	0
63	2.0	1.922	2.118	1.98	0
64	2.02	1.843	2.118	1.961	0
65	2.098	1.745	2.098	1.882	0
66	2.078	1.706	2.078	1.863	0
67	2.118	1.706	2.059	1.843	0
68	2.059	1.725	2.039	1.882	0
69	2.0	1.745	2.02	1.922	0
70	2.02	1.765	2.0	1.941	0
71	1.941	1.843	1.961	1.961	0
72	1.902	1.882	1.98	1.98	0
73	1.843	1.98	1.961	2.02	0
74	1.804	2.0	2.0	2.02	0
75	1.804	2.059	2.0	2.039	0
76	1.804	2.078	2.039	2.02	0
77	1.863	2.039	2.078	2.02	0
78	1.882	2.02	2.098	2.0	0
79	1.902	1.961	2.118	2.0	0
80	2.02	1.922	2.078	1.941	0
81	2.02	1.843	2.137	1.922	0
82	2.118	1.725	2.059	1.902	0
83	2.059	1.706	2.059	1.843	0
84	2.118	1.686	2.039	1.824	0
85	2.039	1.725	2.02	1.863	0
86	2.0	1.725	2.039	1.902	0
87	2.0	1.765	1.98	1.941	0
88	1.98	1.824	1.98	1.922	0
89	1.882	1.902	1.98	1.98	0
90	1.824	1.98	1.961	2.02	0
91	1.824	2.02	2.0	2.039	0
92	1.804	2.098	2.0	2.039	0
93	1.804	2.078	2.059	2.059	0
94	1.863	2.059	2.059	2.02	0
95	1.863	2.039	2.059	2.0	0
96	1.882	1.961	2.078	1.98	0
97	2.0	1.882	2.137	1.941	0
98	2.02	1.863	2.118	1.941	0
99	2.118	1.765	2.078	1.882	0
100	2.059	1.725	2.098	1.863	0
101	2.098	1.706	2.039	1.863	0
102	2.039	1.725	2.02	1.863	0
103	2.02	1.745	2.0	1.882	0
104	2.0	1.784	2.02	1.922	0
105	1.961	1.824	1.98	1.98	0
106	1.882	1.902	1.961	1.98	0
107	1.843	2.0	1.98	2.02	0
108	1.843	2.039	2.0	2.02	0
109	1.804	2.078	2.02	2.039	0
110	1.824	2.059	2.039	2.039	0
111	1.882	2.039	2.039	2.0	0
112	1.882	2.02	2.059	2.0	0
113	1.902	1.961	2.098	1.98	0
114	1.941	1.902	2.098	1.961	0
115	2.059	1.863	2.118	1.941	0
116	2.098	1.745	2.078	1.922	0
117	2.098	1.686	2.059	1.843	0
118	2.118	1.667	2.039	1.824	0
119	2.078	1.706	2.039	1.863	0
120	2.02	1.745	2.039	1.902	0
121	2.02	1.765	1.98	1.922	0
122	1.961	1.824	2.0	1.922	0
123	1.902	1.902	1.961	1.941	0
124	1.824	2.0	1.941	2.02	0
125	1.804	2.039	2.0	2.02	0
126	1.804	2.078	2.039	2.039	0
127	1.784	2.098	2.078	2.078	0
128	1.882	2.039	2.078	2.039	0
129	1.902	2.039	2.078	2.02	0
130	1.902	1.98	2.078	1.98	0
131	1.961	1.922	2.118	1.941	0
132	2.02	1.843	2.157	1.941	0
133	2.098	1.745	2.078	1.902	0
134	2.078	1.725	2.098	1.863	0
135	2.098	1.725	2.059	1.863	0
136	2.039	1.745	2.059	1.922	0
137	2.0	1.745	2.039	1.922	0
138	2.02	1.765	2.0	1.961	0
139	1.98	1.843	2.02	1.941	0
140	1.922	1.902	2.02	1.98	0
141	1.843	1.961	1.98	2.02	0
142	1.824	2.0	2.02	2.039	0
143	1.824	2.059	2.02	2.039	0
144	1.824	2.059	2.059	2.039	0
145	1.863	2.039	2.059	2.02	0
146	1.863	2.0	2.078	2.0	0
147	1.882	1.961	2.078	1.98	0
148	2.0	1.922	2.078	1.941	0
149	2.098	1.824	2.118	1.922	0
150	2.118	1.725	2.059	1.882	0
151	2.078	1.686	2.078	1.843	0
152	2.137	1.667	2.02	1.824	0
153	2.078	1.706	2.0	1.843	0
154	2.059	1.745	2.0	1.882	0
155	2.02	1.745	2.0	1.922	0
156	1.961	1.804	1.98	1.922	0
157	1.961	1.882	1.941	1.941	0
158	1.824	1.961	1.941	1.98	0
159	1.804	2.02	1.98	2.0	0
160	1.784	2.02	2.0	2.02	0
161	1.824	2.039	2.039	2.02	0
162	1.843	2.039	2.059	2.02	0
163	1.882	2.02	2.078	2.02	0
164	1.922	1.98	2.078	2.0	0
165	2.0	1.863	2.137	1.961	0
166	2.0	1.843	2.098	1.922	0
167	2.078	1.745	2.078	1.882	0
168	2.039	1.725	2.098	1.863	0
169	2.078	1.686	2.078	1.863	0
170	2.039	1.706	2.02	1.922	0
171	2.0	1.745	2.02	1.922	0
172	2.02	1.784	2.0	1.941	0
173	1.961	1.843	1.98	1.941	0
174	1.902	1.882	2.0	2.0	0
175	1.863	1.961	1.961	2.02	0
176	1.824	2.0	2.0	2.039	0
177	1.804	2.039	2.0	2.059	0
178	1.804	2.039	2.039	2.059	0
179	1.882	2.0	2.039	2.039	0
180	1.902	2.0	2.039	2.0	0
181	1.922	1.961	2.059	1.98	0
182	1.98	1.922	2.098	1.941	0
183	2.059	1.843	2.118	1.941	0
184	2.118	1.725	2.059	1.922	0
185	2.059	1.686	2.059	1.863	0
186	2.137	1.647	2.039	1.843	0
187	2.059	1.706	2.0	1.863	0
188	2.039	1.745	2.0	1.902	0
189	2.0	1.784	2.0	1.941	0
190	1.98	1.843	1.941	1.961	0
191	1.843	1.902	1.961	1.961	0
192	1.843	1.98	1.98	2.02	0
193	1.824	2.02	1.98	2.039	0
194	1.804	2.078	2.0	2.02	0
195	1.843	2.059	2.02	2.02	0
196	1.863	2.059	2.039	2.0	0
197	1.863	2.02	2.078	1.98	0
198	1.882	1.961	2.078	1.98	0
199	1.98	1.882	2.157	1.961	0
200	2.039	1.863	2.137	1.941	0
201	2.157	1.745	2.059	1.882	0
202	2.059	1.706	2.078	1.843	0
203	2.098	1.706	2.039	1.843	0
204	2.059	1.745	2.02	1.863	0
205	2.0	1.765	2.02	1.902	0
206	2.0	1.804	2.02	1.941	0
207	1.922	1.843	1.961	2.0	0
208	1.843	1.902	1.98	1.961	0
209	1.843	2.0	1.961	1.98	0
210	1.804	2.02	2.0	2.0	0
211	1.804	2.059	2.02	2.02	0
212	1.804	2.059	2.02	2.02	0
213	1.882	2.039	2.039	1.98	0
214	1.882	2.039	2.059	1.98	0
215	1.941	2.0	2.098	1.98	0
216	1.961	1.922	2.118	1.941	0
217	2.039	1.882	2.157	1.941	0
218	2.118	1.745	2.078	1.902	0
219	2.059	1.706	2.059	1.863	0
220	2.118	1.686	2.039	1.843	0
221	2.078	1.725	2.0	1.863	0
222	2.059	1.745	2.02	1.882	0
223	2.039	1.765	1.98	1.941	0
224	1.98	1.843	1.98	1.961	0
225	1.843	1.941	2.0	2.0	0
226	1.863	2.02	1.98	2.02	0
227	1.824	2.02	2.0	2.059	0
228	1.804	2.078	2.0	2.039	0
229	1.804	2.059	2.039	2.039	0
230	1.863	2.039	2.039	2.02	0
231	1.863	2.0	2.059	1.98	0
232	1.902	1.98	2.078	2.0	0
233	1.961	1.941	2.118	1.961	0
234	2.039	1.863	2.137	1.941	0
235	2.098	1.745	2.059	1.902	0
236	2.059	1.706	2.059	1.863	0
237	2.118	1.725	2.059	1.843	0
238	2.059	1.725	2.039	1.863	0
239	2.0	1.725	2.0	1.902	0
240	2.02	1.765	2.0	1.902	0
241	1.98	1.824	2.0	1.902	0
242	1.922	1.922	1.98	2.0	0
243	1.863	1.98	1.98	2.0	0
244	1.824	2.0	2.0	2.039	0
245	1.824	2.059	2.0	2.039	0
246	1.824	2.059	2.039	2.039	0
247	1.882	2.039	2.059	1.98	0
248	1.902	2.0	2.078	1.98	0
249	1.922	1.941	2.078	1.98	0
250	1.941	1.902	2.078	1.941	0
251	2.02	1.863	2.137	1.941	0
252	2.078	1.765	2.098	1.902	0
253	2.078	1.686	2.078	1.863	0
254	2.137	1.667	2.039	1.824	0
255	2.078	1.706	2.02	1.843	0
256	2.0	1.765	2.039	1.882	0
257	2.02	1.804	2.02	1.941	0
258	1.941	1.863	2.02	1.941	0
259	1.922	1.922	2.0	2.0	0
260	1.824	1.98	1.98	2.02	0
261	1.804	2.02	2.02	2.02	0
262	1.824	2.078	2.02	2.039	0
263	1.804	2.059	2.039	2.039	0
264	1.882	2.059	2.059	2.02	0
265	1.882	2.039	2.059	2.0	0
266	1.882	1.961	2.098	1.98	0
267	1.98	1.922	2.078	1.961	0
268	2.02	1.843	2.118	1.922	0
269	2.118	1.745	2.078	1.882	0
270	2.059	1.706	2.059	1.843	0
271	2.098	1.686	2.059	1.824	0
272	2.059	1.706	2.02	1.843	0
273	2.02	1.745	2.0	1.882	0
274	2.02	1.784	2.0	1.941	0
275	2.0	1.843	1.98	1.922	0
276	1.961	1.902	1.98	2.0	0
277	1.882	1.961	1.961	2.0	0
278	1.824	1.98	2.0	2.02	0
279	1.804	2.059	2.0	2.039	0
280	1.804	2.059	2.059	2.02	0
281	1.882	2.039	2.059	2.0	0
282	1.902	2.0	2.039	1.961	0
283	1.922	1.961	2.078	1.941	0
284	1.961	1.922	2.118	1.941	0
285	2.02	1.863	2.137	1.961	0
286	2.137	1.745	2.098	1.902	0
287	2.098	1.686	2.078	1.843	0
288	2.118	1.686	2.039	1.824	0
289	2.059	1.686	2.039	1.843	0
290	2.02	1.725	2.02	1.902	0
291	2.0	1.765	2.0	1.922	0
292	1.98	1.804	1.98	1.98	0
293	1.941	1.902	1.961	1.98	0
294	1.843	1.98	1.98	2.0	0
295	1.824	2.0	2.0	2.02	0
296	1.824	2.039	2.0	2.0	0
297	1.824	2.039	2.039	2.0	0
298	1.863	2.02	2.059	2.0	0
299	1.882	1.98	2.059	2.0	0
300	1.902	1.941	2.059	1.98	0
301	1.98	1.863	2.137	1.941	0
302	2.039	1.902	2.137	1.922	0
303	2.098	1.745	2.098	1.902	0
304	2.078	1.745	2.098	1.863	0
305	2.118	1.686	2.039	1.843	0
306	2.078	1.725	2.02	1.843	0
307	2.02	1.765	2.02	1.882	0
308	1.961	1.784	2.02	1.922	0
309	1.922	1.843	2.0	1.98	0
310	1.804	1.941	2.02	2.02	0
311	1.804	2.039	1.98	2.039	0
312	1.765	2.059	2.039	2.039	0
313	1.784	2.098	2.02	2.059	0
314	1.784	2.098	2.059	2.02	0
315	1.863	2.059	2.078	2.039	0
316	1.843	2.059	2.078	1.98	0
317	1.882	1.98	2.098	1.98	0
318	1.98	1.902	2.118	1.941	0
319	2.02	1.863	2.157	1.922	0
320	2.118	1.745	2.059	1.882	0
321	2.039	1.706	2.078	1.863	0
322	2.137	1.706	2.059	1.863	0
323	2.078	1.686	2.0	1.843	0
324	2.059	1.725	1.98	1.882	0
325	2.02	1.784	1.98	1.922	0
326	1.961	1.804	1.98	1.902	0
327	1.941	1.882	1.961	2.0	0
328	1.863	1.961	1.941	1.98	0
329	1.824	1.98	1.98	2.02	0
330	1.824	2.059	1.98	2.039	0
331	1.843	2.078	2.039	2.02	0
332	1.882	2.039	2.039	2.0	0
333	1.882	2.0	2.039	1.98	0
334	1.902	1.961	2.059	1.941	0
335	2.0	1.882	2.098	1.961	0
336	2.02	1.863	2.118	1.941	0
337	2.137	1.745	2.078	1.882	0
338	2.078	1.706	2.078	1.843	0
339	2.118	1.686	2.059	1.843	0
340	2.098	1.686	2.039	1.863	0
341	2.039	1.745	2.0	1.902	0
342	2.02	1.765	2.0	1.902	0
343	1.98	1.824	1.98	1.941	0
344	1.863	1.922	2.0	2.0	0
345	1.863	1.961	1.98	2.02	0
346	1.824	2.02	2.0	2.02	0
347	1.843	2.039	2.0	2.02	0
348	1.824	2.059	2.039	2.02	0
349	1.882	2.039	2.078	2.0	0
350	1.882	2.02	2.059	2.0	0
351	1.922	1.98	2.118	1.98	0
352	2.0	1.902	2.137	1.941	0
353	2.039	1.863	2.137	1.922	0
354	2.118	1.745	2.098	1.882	0
355	2.078	1.686	2.078	1.863	0
356	2.137	1.667	2.059	1.843	0
357	2.098	1.706	2.02	1.863	0
358	2.039	1.706	2.02	1.882	0
359	2.02	1.745	2.02	1.941	0
360	1.961	1.804	2.0	1.941	0
361	1.941	1.882	1.98	1.961	0
362	1.882	1.961	1.961	1.98	0
363	1.824	1.98	2.02	2.0	0
364	1.824	2.02	2.0	2.039	0
365	1.843	2.039	2.059	2.039	0
366	1.902	2.0	2.039	2.0	0
367	1.902	2.02	2.078	1.961	0
368	1.882	1.941	2.098	1.961	0
369	1.961	1.863	2.098	1.961	0
370	2.039	1.824	2.118	1.941	0
371	2.157	1.765	2.078	1.882	0
372	2.059	1.686	2.098	1.843	0
373	2.098	1.706	2.059	1.843	0
374	2.02	1.706	2.02	1.843	0
375	1.98	1.745	2.039	1.902	0
376	1.961	1.784	2.02	1.961	0
377	1.98	1.824	1.98	2.0	0
378	1.843	1.902	1.961	2.0	0
379	1.804	2.0	2.0	2.039	0
380	1.784	2.02	2.02	2.02	0
381	1.765	2.078	2.02	2.039	0
382	1.745	2.059	2.059	2.078	0
383	1.824	2.059	2.059	2.039	0
384	1.843	2.039	2.078	2.02	0
385	1.882	2.0	2.098	2.02	0
386	1.961	1.922	2.078	2.0	0
387	1.98	1.843	2.118	1.941	0
388	2.098	1.765	2.059	1.882	0
389	2.078	1.706	2.059	1.863	0
390	2.098	1.706	2.039	1.843	0
391	2.059	1.706	2.039	1.882	0
392	2.02	1.745	2.0	1.922	0
393	2.0	1.784	2.0	1.98	0
394	1.98	1.824	1.98	2.0	0
395	1.902	1.922	2.0	1.98	0
396	1.843	1.98	1.961	2.02	0
397	1.824	2.02	1.98	2.02	0
398	1.843	2.059	1.98	2.02	0
399	1.804	2.078	2.039	2.02	0
400	1.863	2.059	2.059	2.02	0
401	1.863	2.039	2.039	2.02	0
402	1.922	2.0	2.078	1.98	0
403	2.0	1.902	2.118	1.961	0
404	2.059	1.882	2.137	1.941	0
405	2.118	1.745	2.078	1.882	0
406	2.078	1.725	2.059	1.863	0
407	2.118	1.725	2.059	1.843	0
408	2.078	1.745	2.039	1.882	0
409	2.059	1.745	2.02	1.882	0
410	2.02	1.765	1.98	1.941	0
411	1.961	1.843	1.98	1.961	0
412	1.882	1.941	2.0	2.0	0
413	1.863	1.98	1.98	2.0	0
414	1.824	2.0	2.02	2.039	0
415	1.824	2.059	2.0	2.039	0
416	1.824	2.039	2.039	2.02	0
417	1.882	2.039	2.039	2.02	0
418	1.902	2.02	2.078	2.0	0
419	1.882	1.961	2.098	2.0	0
420	1.98	1.863	2.137	1.98	0
421	2.059	1.843	2.118	1.941	0
422	2.137	1.745	2.078	1.902	0
423	2.059	1.686	2.078	1.863	0
424	2.137	1.686	2.039	1.843	0
425	2.098	1.706	2.02	1.843	0
426	2.039	1.706	2.02	1.922	0
427	2.02	1.765	2.0	1.922	0
428	1.98	1.804	2.0	1.922	0
429	1.941	1.902	1.961	1.98	0
430	1.863	1.98	1.961	2.0	0
431	1.804	2.02	2.0	2.02	0
432	1.804	2.059	2.02	2.039	0
433	1.804	2.059	2.039	2.039	0
434	1.902	2.039	2.039	2.0	0
435	1.882	2.039	2.059	2.02	0
436	1.902	2.02	2.078	1.961	0
437	1.961	1.902	2.137	1.941	0
438	2.059	1.882	2.098	1.941	0
439	2.118	1.745	2.059	1.882	0
440	2.078	1.725	2.059	1.843	0
441	2.098	1.686	2.039	1.843	0
442	2.059	1.725	2.039	1.843	0
443	2.039	1.725	2.0	1.902	0
444	2.0	1.784	2.0	1.902	0
445	1.98	1.843	1.98	1.961	0
446	1.882	1.882	1.98	1.961	0
447	1.882	2.0	1.961	2.02	0
448	1.824	2.0	2.02	2.02	0
449	1.824	2.039	1.98	2.02	0
450	1.804	2.059	2.039	2.02	0
451	1.902	2.039	2.078	2.0	0
452	1.863	2.0	2.059	1.98	0
453	1.882	1.961	2.059	1.961	0
454	1.961	1.882	2.059	1.941	0
455	2.02	1.824	2.137	1.922	0
456	2.157	1.725	2.078	1.902	0
457	2.098	1.686	2.059	1.843	0
458	2.118	1.686	2.059	1.863	0
459	2.039	1.725	2.02	1.843	0
460	1.98	1.706	2.02	1.902	0
461	1.98	1.765	2.0	1.941	0
462	1.961	1.824	1.961	1.961	0
463	1.863	1.922	2.0	1.941	0
464	1.804	1.961	1.961	2.0	0
465	1.784	2.0	2.02	2.02	0
466	1.824	2.039	2.0	2.039	0
467	1.824	2.039	2.039	2.039	0
468	1.863	2.039	2.078	2.02	0
469	1.843	2.039	2.078	2.02	0
470	1.882	1.98	2.078	1.98	0
471	1.98	1.922	2.078	1.941	0
472	2.039	1.843	2.137	1.961	0
473	2.118	1.725	2.078	1.882	0
474	2.059	1.706	2.078	1.863	0
475	2.098	1.686	2.059	1.843	0
476	2.059	1.725	2.059	1.863	0
477	2.059	1.745	2.02	1.902	0
478	2.02	1.784	2.0	1.922	0
479	1.961	1.824	2.0	1.961	0
480	1.922	1.922	1.98	1.941	0
481	1.902	1.961	1.961	2.0	0
482	1.804	2.039	2.0	2.02	0
483	1.824	2.059	2.0	2.039	0
484	1.804	2.059	2.039	2.039	0
485	1.882	2.059	2.039	2.0	0
486	1.863	2.039	2.059	2.0	0
487	1.882	2.0	2.078	1.98	0
488	1.98	1.882	2.137	1.961	0
489	2.02	1.843	2.118	1.941	0
490	2.118	1.765	2.078	1.882	0
491	2.059	1.725	2.059	1.843	0
492	2.118	1.686	2.059	1.863	0
493	2.078	1.706	2.02	1.882	0
494	2.078	1.725	2.0	1.902	0
495	2.039	1.784	2.0	1.922	0
496	1.98	1.843	1.98	1.98	0
497	1.902	1.922	2.0	2.02	0
498	1.882	1.941	1.961	2.02	0
499	1.843	2.0	1.98	2.02	0
500	1.843	2.059	2.02	2.039	0
501	1.824	2.078	2.059	2.039	0
502	1.882	2.039	2.059	2.02	0
503	1.882	2.039	2.078	2.02	0
504	1.902	2.0	2.098	2.0	0
505	1.98	1.922	2.098	1.98	0
506	2.02	1.863	2.157	1.98	0
507	2.098	1.765	2.078	1.902	0
508	2.078	1.725	2.059	1.863	0
509	2.118	1.706	2.078	1.843	0
510	2.059	1.725	2.059	1.882	0
511	2.0	1.725	2.039	1.922	0
512	2.02	1.784	2.02	1.961	0
513	1.961	1.824	1.98	1.98	0
514	1.843	1.902	1.98	2.0	0
515	1.804	1.98	1.98	2.02	0
516	1.784	2.0	2.0	2.039	0
517	1.804	2.039	2.0	2.039	0
518	1.804	2.059	2.039	2.039	0
519	1.843	2.039	2.059	2.02	0
520	1.863	2.0	2.078	2.0	0
521	1.863	1.941	2.078	2.0	0
522	1.922	1.902	2.137	1.941	0
523	2.02	1.843	2.137	1.922	0
524	2.098	1.745	2.078	1.902	0
525	2.039	1.667	2.078	1.863	0
526	2.098	1.667	2.039	1.843	0
527	2.078	1.686	2.0	1.863	0
528	2.039	1.725	2.0	1.882	0
529	2.0	1.765	2.02	1.922	0
530	1.961	1.804	1.961	1.961	0
531	1.941	1.902	1.961	1.941	0
532	1.843	1.941	1.922	1.98	0
533	1.784	2.0	1.98	2.0	0
534	1.784	2.059	2.0	2.039	0
535	1.784	2.059	2.02	2.059	0
536	1.882	2.02	2.02	2.0	0
537	1.902	2.0	2.039	1.98	0
538	1.922	1.961	2.059	1.941	0
539	1.961	1.882	2.078	1.922	0
540	2.0	1.843	2.078	1.922	0
541	2.098	1.745	2.059	1.902	0
542	2.078	1.706	2.059	1.863	0
543	2.118	1.667	2.059	1.843	0
544	2.078	1.686	2.0	1.863	0
545	2.039	1.686	1.98	1.863	0
546	2.039	1.725	1.98	1.882	0
547	1.98	1.824	1.961	1.941	0
548	1.882	1.863	1.98	1.961	0
549	1.804	1.961	1.941	2.02	0
550	1.804	2.0	2.0	2.0	0
551	1.804	2.078	2.02	2.039	0
552	1.804	2.078	2.059	2.039	0
553	1.882	2.059	2.078	2.02	0
554	1.882	2.02	2.039	1.98	0
555	1.941	1.98	2.059	1.98	0
556	1.941	1.941	2.098	1.941	0
557	2.078	1.863	2.137	1.922	0
558	2.137	1.784	2.098	1.902	0
559	2.059	1.725	2.098	1.902	0
560	2.098	1.706	2.078	1.882	0
561	2.098	1.745	2.02	1.863	0
562	2.078	1.765	2.02	1.882	0
563	2.039	1.784	2.02	1.902	0
564	2.0	1.824	2.02	1.941	0
565	1.902	1.941	2.02	2.039	0
566	1.843	2.039	2.02	2.059	0
567	1.784	2.059	2.02	2.098	0
568	1.804	2.059	2.0	2.039	0
569	1.824	2.078	2.059	2.0	0
570	1.843	2.078	2.078	1.98	0
571	1.863	2.039	2.098	1.98	0
572	1.843	2.0	2.098	2.0	0
573	1.902	1.922	2.157	1.961	0
574	1.98	1.863	2.157	1.961	0
575	2.059	1.765	2.098	1.922	0
576	2.02	1.706	2.098	1.882	0
577	2.078	1.667	2.039	1.843	0
578	2.078	1.706	2.02	1.863	0
579	2.039	1.745	2.02	1.882	0
580	2.02	1.745	2.0	1.922	0
581	1.98	1.804	1.98	1.941	0
582	1.882	1.902	1.961	1.98	0
583	1.843	1.961	1.941	2.0	0
584	1.784	2.02	1.98	2.0	0
585	1.784	2.059	2.0	2.02	0
586	1.784	2.059	2.02	2.039	0
587	1.882	2.039	2.039	2.039	0
588	1.902	2.02	2.02	1.98	0
589	1.882	1.98	2.078	1.961	0
590	1.941	1.902	2.078	1.922	0
591	2.02	1.882	2.078	1.922	0
592	2.118	1.765	2.078	1.882	0
593	2.02	1.725	2.078	1.882	0
594	2.118	1.667	2.059	1.843	0
595	2.098	1.667	2.0	1.882	0
596	2.078	1.706	2.0	1.902	0
597	2.039	1.725	1.98	1.882	0
598	1.98	1.804	1.98	1.882	0
599	1.922	1.843	1.961	1.961	0
600	1.863	1.941	1.941	2.02	0
601	1.863	2.0	2.0	2.039	0
602	1.902	2.059	1.98	2.02	0
603	1.863	2.039	2.039	2.0	0
604	1.882	2.02	2.02	2.0	0
605	1.843	2.02	2.078	1.98	0
606	1.863	1.98	2.078	2.0	0
607	1.902	1.882	2.137	1.961	0
608	2.039	1.843	2.098	1.922	0
609	2.078	1.765	2.059	1.882	0
610	2.02	1.725	2.039	1.843	0
611	2.039	1.706	2.02	1.824	0
612	2.0	1.745	2.039	1.843	0
613	1.961	1.745	2.02	1.902	0
614	1.98	1.745	2.0	1.941	0
615	2.0	1.804	1.98	1.98	0
616	1.902	1.922	1.98	2.0	0
617	1.902	1.98	1.98	2.02	0
618	1.804	2.02	2.02	2.039	0
619	1.824	2.059	2.02	2.039	0
620	1.804	2.02	2.02	2.02	0
621	1.863	2.039	2.039	2.02	0
622	1.922	2.078	2.118	2.0	0
623	1.961	1.98	2.098	2.02	0
624	2.078	1.922	2.176	1.98	0
625	2.176	1.863	2.157	1.961	0
626	2.216	1.784	2.157	1.922	0
627	2.157	1.725	2.098	1.922	0
628	2.216	1.667	2.059	1.863	0
629	2.176	1.667	2.02	1.843	0
630	2.039	1.706	2.0	1.863	0
631	2.078	1.765	2.039	1.902	0
632	2.0	1.804	2.0	1.941	0
633	1.882	1.863	1.961	1.98	0
634	1.863	2.039	1.98	2.059	0
635	1.784	2.039	2.0	2.039	0
636	1.765	2.02	1.961	2.059	0
637	1.804	2.078	2.02	2.02	0
638	1.922	2.039	2.0	1.961	0
639	1.843	1.98	2.0	1.961	0
640	1.843	1.941	2.098	1.961	0
641	1.98	1.902	2.098	1.961	0
642	2.039	1.882	2.118	1.941	0
643	2.098	1.804	2.098	1.922	0
644	2.039	1.765	2.098	1.882	0
645	2.118	1.686	2.098	1.843	0
646	2.098	1.686	2.02	1.863	0
647	2.059	1.745	2.02	1.882	0
648	2.059	1.784	2.039	1.902	0
649	2.0	1.843	2.039	1.961	0
650	1.922	1.902	2.02	2.0	0
651	1.882	1.98	2.039	2.059	0
652	1.843	2.059	2.118	2.098	0
653	1.902	2.118	2.078	2.098	0
654	1.863	2.098	2.098	2.059	0
655	1.882	2.039	2.078	2.02	0
656	1.824	1.961	2.039	1.961	0
657	1.843	1.902	2.039	1.922	0
658	1.941	1.902	2.137	1.902	0
659	2.098	1.941	2.196	1.98	0
660	2.118	1.804	2.098	1.941	0
661	2.039	1.725	2.059	1.922	0
662	2.098	1.686	2.02	1.863	0
663	2.118	1.706	2.02	1.843	0
664	2.078	1.784	2.02	1.863	0
665	2.059	1.804	2.0	1.863	0
666	1.98	1.863	1.961	1.902	0
667	1.902	1.961	1.98	1.941	0
668	1.863	2.039	1.941	1.98	0
669	1.784	2.039	1.961	2.0	0
670	1.824	2.118	1.98	1.98	0
671	1.882	2.157	2.039	1.98	0
672	1.882	2.118	2.078	1.961	0
673	1.941	2.059	2.059	1.961	0
674	1.922	1.961	2.039	1.902	0
675	1.98	1.941	2.118	1.863	0
676	2.059	1.922	2.137	1.882	0
677	2.078	1.784	2.137	1.863	0
678	1.922	1.686	2.039	1.824	0
679	1.98	1.647	2.0	1.804	0
680	2.059	1.627	1.941	1.784	0
681	2.059	1.686	1.961	1.765	0
682	2.02	1.706	1.98	1.804	0
683	1.941	1.725	1.902	1.863	0
684	1.824	1.667	1.843	1.882	0
685	1.804	1.745	1.824	1.922	0
686	1.725	1.843	1.922	1.922	0
687	1.725	1.961	1.941	1.961	0
688	1.667	2.039	2.0	2.02	0
689	1.804	1.98	2.059	2.078	0
690	1.863	1.922	2.0	2.059	0
691	1.765	1.765	1.961	1.941	0
692	1.804	1.667	1.902	1.804	0
693	1.922	1.627	1.941	1.765	0
694	2.157	1.529	1.961	1.804	0
695	2.216	1.431	1.922	1.784	0
696	2.255	1.549	1.98	1.843	0
697	2.196	1.765	2.098	1.902	0
698	2.098	1.863	2.137	1.961	0
699	1.961	1.922	2.157	2.039	0
700	1.784	1.941	2.176	2.078	0
701	1.784	1.922	2.059	2.098	0
702	1.804	1.882	1.863	2.039	0
703	1.902	1.961	1.98	1.961	0
704	1.98	2.235	2.098	1.98	0
705	1.843	2.353	2.235	2.078	0
706	1.824	2.294	2.157	2.157	0
707	1.765	2.255	2.176	2.196	0
708	1.804	2.216	2.216	2.157	0
709	1.804	2.157	2.314	2.098	0
710	1.902	2.098	2.314	2.039	0
711	1.961	1.941	2.216	1.98	0
712	1.902	1.863	2.196	1.941	0
713	2.02	1.824	2.157	1.98	0
714	2.118	1.824	2.098	2.02	0
715	2.078	1.765	2.02	2.039	0
716	1.961	1.706	1.98	1.961	0
717	1.824	1.765	1.961	1.941	0
718	1.843	1.98	1.98	1.961	0
719	1.843	2.098	2.0	2.059	0
720	1.843	2.137	2.078	2.137	0
721	1.922	2.157	2.059	2.157	0
722	1.882	2.0	2.0	2.118	0
723	1.922	1.922	2.02	2.078	0
724	1.98	2.02	2.059	2.02	0
725	1.98	2.02	2.137	2.02	0
726	2.059	1.922	2.078	1.961	0
727	2.059	1.922	2.176	1.961	0
728	2.176	1.824	2.118	1.902	0
729	2.118	1.686	2.098	1.843	0
730	2.216	1.706	2.059	1.824	0
731	2.176	1.765	2.039	1.863	0
732	2.118	1.706	2.0	1.902	0
733	2.078	1.627	1.941	1.882	0
734	2.02	1.706	1.922	1.843	0
735	1.902	1.863	1.941	1.843	0
736	1.863	1.98	2.0	1.961	0
737	1.843	1.961	2.02	2.0	0
738	1.824	1.941	1.922	2.02	0
739	1.843	1.922	1.941	1.98	0
740	1.961	1.843	1.98	1.922	0
741	1.961	1.902	2.02	1.843	0
742	1.961	1.961	2.098	1.882	0
743	2.078	1.863	2.118	1.922	0
744	2.157	1.725	2.078	1.941	0
745	2.078	1.588	2.0	1.922	0
746	2.02	1.627	2.078	1.863	0
747	2.176	1.706	2.078	1.843	0
748	2.098	1.627	1.961	1.804	0
749	2.059	1.627	1.941	1.824	0
750	2.078	1.745	1.98	1.882	0
751	2.098	1.804	2.0	1.941	0
752	2.02	1.922	2.02	2.0	0
753	1.961	1.98	2.039	2.02	0
754	1.902	1.98	2.039	2.039	0
755	1.843	2.059	1.941	2.059	0
756	1.824	2.078	2.0	2.02	0
757	1.882	2.098	2.059	2.0	0
758	1.843	2.0	2.039	1.941	0
759	1.863	1.941	2.078	1.941	0
760	1.961	1.922	2.157	1.922	0
761	1.98	1.961	2.176	1.961	0
762	2.039	1.765	2.059	1.941	0
763	2.059	1.725	2.039	1.882	0
764	2.078	1.647	2.0	1.843	0
765	2.059	1.686	1.98	1.804	0
766	1.961	1.765	2.02	1.843	0
767	1.922	1.902	2.039	1.902	0
768	1.784	1.824	1.961	1.922	0
769	1.745	1.804	1.922	1.941	0
770	1.745	1.882	1.902	1.98	0
771	1.765	2.0	1.961	1.98	0
772	1.824	1.98	1.902	2.0	0
773	1.824	1.922	1.961	2.0	0
774	1.961	1.922	2.039	1.98	0
775	1.941	2.0	2.078	1.961	0
776	1.843	1.941	2.039	1.922	0
777	1.902	1.902	2.078	1.961	0
778	2.039	1.902	2.059	1.902	0
779	2.216	1.804	2.118	1.922	0
780	2.137	1.608	2.0	1.863	0
781	2.157	1.588	1.941	1.784	0
782	2.118	1.706	2.0	1.784	0
783	2.02	1.863	2.078	1.843	0
784	2.0	1.961	2.059	1.961	0
785	1.961	2.0	2.02	2.059	0
786	1.922	2.039	2.0	2.098	0
787	1.882	2.059	1.98	2.098	0
788	1.686	2.02	2.039	2.059	0
789	1.569	2.098	2.078	2.059	0
790	1.627	2.235	2.157	2.098	0
791	1.706	2.176	2.078	2.137	0
792	1.686	2.137	2.0	2.078	0
793	1.784	2.059	2.137	2.098	0
794	1.961	1.941	2.216	2.039	0
795	2.137	1.804	2.098	2.0	0
796	2.118	1.667	2.039	1.882	0
797	2.059	1.784	2.235	1.863	0
798	2.059	1.824	2.176	1.882	0
799	2.02	1.784	2.02	1.863	0
800	2.176	1.745	1.941	1.863	0
801	2.216	1.686	1.902	1.843	0
802	2.137	1.706	1.941	1.843	0
803	2.176	1.784	1.98	1.882	0
804	2.137	2.0	1.98	1.961	0
805	1.863	2.02	2.0	2.0	0
806	1.882	1.98	1.941	2.02	0
807	1.98	2.0	2.0	2.0	0
808	2.039	2.02	2.039	1.961	0
809	2.0	1.98	2.0	1.941	0
810	1.922	1.902	2.039	1.922	0
811	2.0	1.902	2.118	1.961	0
812	2.078	1.843	2.157	1.98	0
813	2.078	1.824	2.196	1.961	0
814	2.039	1.765	2.137	1.941	0
815	2.0	1.627	2.0	1.902	0
816	1.961	1.647	2.02	1.882	0
817	1.941	1.804	2.098	1.902	0
818	1.98	1.843	2.098	2.0	0
819	1.882	1.863	2.039	2.039	0
820	1.745	1.961	2.098	2.098	0
821	1.765	2.059	2.059	2.098	0
822	1.725	2.118	2.078	2.078	0
823	1.745	2.137	2.078	2.098	0
824	1.706	2.118	2.118	2.078	0
825	1.765	2.0	2.078	2.02	0
826	1.745	1.941	1.98	1.941	0
827	1.804	1.882	1.961	1.863	0
828	1.961	1.863	2.078	1.843	0
829	2.039	1.863	2.118	1.922	0
830	2.059	1.824	2.118	1.941	0
831	1.961	1.804	2.098	1.922	0
832	2.02	1.725	2.098	1.922	0
833	2.02	1.725	2.0	1.824	0
834	2.02	1.667	1.922	1.765	0
835	2.059	1.667	1.902	1.765	0
836	1.961	1.765	1.961	1.784	0
837	1.843	1.941	1.961	1.941	0
838	1.824	2.02	1.961	2.02	0
839	1.765	2.098	2.0	2.078	0
840	1.725	2.118	2.0	2.078	0
841	1.725	2.078	2.02	2.039	0
842	1.725	2.0	2.0	1.941	0
843	1.765	2.02	2.039	1.902	0
844	1.941	2.039	2.098	1.941	0
845	2.0	1.922	2.078	1.922	0
846	2.0	1.765	2.039	1.882	0
847	2.0	1.706	2.039	1.843	0
848	2.0	1.686	2.078	1.843	0
849	2.118	1.706	2.078	1.843	0
850	2.176	1.725	2.059	1.863	0
851	2.118	1.667	2.0	1.882	0
852	2.02	1.647	1.922	1.863	0
853	2.0	1.706	1.941	1.863	0
854	2.039	1.902	2.0	1.922	0
855	2.078	1.961	2.039	2.0	0
856	2.059	2.02	2.059	2.059	0
857	1.941	2.02	2.0	2.039	0
858	1.843	2.039	2.039	2.02	0
859	2.02	2.02	2.098	1.961	0
860	2.098	2.039	2.137	2.02	0
861	1.98	1.98	2.118	1.98	0
862	2.0	1.882	2.118	1.941	0
863	2.137	1.804	2.098	1.922	0
864	2.314	1.706	2.059	1.863	0
865	2.294	1.686	2.039	1.824	0
866	2.235	1.647	2.059	1.824	0
867	2.176	1.608	1.98	1.843	0
868	2.176	1.549	1.961	1.863	0
869	2.137	1.569	1.922	1.843	0
870	2.0	1.627	1.863	1.882	0
871	1.863	1.647	1.824	1.863	0
872	1.941	1.725	1.824	1.902	0
873	1.941	1.902	1.902	1.941	0
874	1.922	1.98	1.902	2.02	0
875	1.784	1.961	1.941	2.039	0
876	1.882	1.824	1.941	2.0	0
877	1.902	1.804	1.882	1.922	0
878	2.02	1.784	1.863	1.824	0
879	2.078	1.686	1.882	1.725	0
880	2.098	1.569	1.902	1.725	0
881	2.157	1.569	1.961	1.745	0
882	2.059	1.667	2.098	1.824	0
883	1.961	1.725	2.176	1.961	0
884	1.863	1.725	2.059	2.02	0
885	1.941	1.667	1.941	1.961	0
886	1.961	1.686	1.902	1.882	0
887	1.804	1.902	2.039	1.863	0
888	1.686	2.157	2.216	2.02	0
889	1.667	2.078	2.137	2.176	0
890	1.51	2.039	2.059	2.235	0
891	1.647	2.255	2.137	2.216	0
892	1.686	2.333	2.196	2.176	0
893	1.608	2.294	2.216	2.137	0
894	1.627	2.275	2.235	2.137	0
895	1.765	2.353	2.333	2.176	0
896	1.765	2.294	2.373	2.196	0
897	1.863	2.275	2.373	2.176	0
898	1.902	2.118	2.294	2.078	0
899	1.863	1.922	2.314	2.0	0
900	1.98	1.784	2.196	1.961	0
901	2.216	1.804	2.039	1.941	0
902	2.255	1.824	2.039	1.922	0
903	2.196	1.863	2.118	1.922	0
904	2.039	1.882	2.078	1.941	0
905	2.02	1.961	2.078	1.98	0
906	1.961	1.961	2.02	2.0	0
907	1.745	2.098	2.078	2.039	0
908	1.784	2.059	2.039	2.059	0
909	1.804	2.059	1.98	2.059	0
910	1.843	2.098	2.039	2.02	0
911	1.824	2.118	2.078	2.039	0
912	1.863	2.02	2.118	2.059	0
913	1.961	1.922	2.078	2.0	0
914	1.941	1.902	2.059	1.941	0
915	1.941	1.902	2.118	1.902	0
916	1.941	1.843	2.098	1.882	0
917	1.961	1.745	2.02	1.882	0
918	2.0	1.765	2.0	1.922	0
919	1.98	1.804	1.98	1.922	0
920	1.961	1.843	2.039	1.98	0
921	1.941	1.902	2.02	2.039	0
922	1.804	1.882	1.941	2.039	0
923	1.765	1.941	1.863	2.039	0
924	1.706	1.941	1.922	2.02	0
925	1.745	1.922	1.863	2.0	0
926	1.725	1.941	1.922	2.0	0
927	1.804	1.922	1.941	1.98	0
928	1.843	1.922	1.941	1.941	0
929	1.882	1.961	2.039	1.98	0
930	1.961	1.902	2.098	1.941	0
931	2.0	1.725	1.98	1.922	0
932	1.922	1.647	1.98	1.882	0
933	2.098	1.608	2.0	1.824	0
934	2.235	1.51	1.863	1.784	0
935	2.216	1.471	1.843	1.765	0
936	2.294	1.647	2.0	1.804	0
937	2.216	1.784	2.078	1.902	0
938	2.098	1.843	2.039	1.961	0
939	2.059	1.902	2.0	2.0	0
940	2.059	1.882	1.961	2.0	0
941	2.039	1.98	2.0	2.0	0
942	2.157	2.039	2.0	1.98	0
943	2.137	2.078	2.059	2.0	0
944	2.176	2.039	2.078	1.98	0
945	2.176	2.02	2.118	1.98	0
946	2.137	2.02	2.118	2.0	0
947	2.118	1.961	2.157	1.941	0
948	2.157	1.941	2.137	1.902	0
949	2.059	1.784	2.098	1.843	0
950	2.039	1.706	2.059	1.804	0
951	2.176	1.647	2.02	1.765	0
952	2.176	1.647	1.98	1.765	0
953	2.059	1.667	1.961	1.824	0
954	1.98	1.706	2.0	1.863	0
955	1.941	1.765	1.961	1.961	0
956	1.765	1.843	1.961	1.961	0
957	1.667	1.902	1.922	2.0	0
958	1.686	1.902	1.882	1.961	0
959	1.686	1.902	1.863	1.941	0
960	1.647	1.882	1.902	1.922	0
961	1.824	1.902	2.02	1.98	0
962	1.98	2.0	2.078	2.039	0
963	1.98	2.02	2.176	2.078	0
964	1.922	1.863	2.137	2.118	0
965	1.882	1.745	2.118	2.0	0
966	2.02	1.647	2.039	1.922	0
967	2.118	1.627	2.02	1.863	0
968	2.157	1.647	2.078	1.863	0
969	2.137	1.667	2.039	1.902	0
970	2.137	1.706	2.059	1.961	0
971	2.176	1.765	2.059	1.98	0
972	2.078	1.843	2.078	2.0	0
973	2.039	1.863	2.059	2.059	0
974	2.0	1.863	1.961	2.039	0
975	1.843	1.863	1.961	2.02	0
976	1.902	2.0	2.0	2.059	0
977	1.902	2.098	2.059	2.059	0
978	1.843	1.98	2.0	2.02	0
979	1.784	1.922	2.0	1.961	0
980	1.882	1.902	2.059	1.922	0
981	2.02	1.941	2.216	1.941	0
982	2.137	1.961	2.275	2.0	0
983	2.176	1.863	2.098	1.98	0
984	1.941	1.647	2.02	1.882	0
985	1.961	1.667	2.078	1.863	0
986	2.059	1.804	2.098	1.843	0
987	1.98	1.863	2.059	1.902	0
988	1.922	1.882	2.02	1.922	0
989	1.98	1.961	2.02	1.961	0
990	1.882	2.098	2.02	1.98	0
991	1.824	1.98	2.0	2.02	0
992	1.765	2.02	1.961	2.02	0
993	1.824	2.118	2.02	2.0	0
994	1.765	2.157	2.039	1.98	0
995	1.765	2.059	2.02	1.961	0
996	1.804	2.02	2.039	1.941	0
997	1.902	1.922	2.039	1.941	0
998	2.0	1.725	1.941	1.882	0
999	2.059	1.686	1.941	1.784	0
1000	2.098	1.745	2.039	1.725	0
1001	1.941	1.824	2.176	1.804	0
1002	1.98	1.745	2.176	1.902	0
1003	2.02	1.667	2.078	2.02	0
1004	1.961	1.627	2.0	2.0	0
1005	1.922	1.667	1.98	1.941	0
1006	1.882	1.843	2.0	1.902	0
1007	1.804	2.0	2.118	1.902	0
1008	1.784	2.078	2.098	2.0	0
1009	1.667	2.196	2.098	2.098	0
1010	1.608	2.255	2.137	2.196	0
1011	1.608	2.353	2.294	2.255	0
1012	1.686	2.294	2.137	2.235	0
1013	1.725	2.216	2.137	2.118	0
1014	1.745	2.176	2.235	2.059	0
1015	1.843	2.078	2.216	2.078	0
1016	1.98	2.039	2.196	2.0	0
1017	2.098	1.961	2.196	1.961	0
1018	1.98	1.824	2.118	1.922	0
1019	1.961	1.667	2.02	1.843	0
1020	1.941	1.745	1.98	1.804	0
1021	1.922	1.843	2.0	1.882	0
1022	2.0	1.902	1.98	1.922	0
1023	1.961	1.784	1.961	1.922	0
1024	1.863	1.784	1.961	1.961	0
1025	1.961	1.902	1.902	1.941	0
1026	1.98	1.98	1.98	2.0	0
1027	1.804	2.078	2.0	2.059	0
1028	1.667	2.039	1.98	2.059	0
1029	1.784	1.961	1.922	2.0	0
1030	1.863	1.902	1.922	1.902	0
1031	1.902	1.882	1.941	1.882	0
1032	1.941	1.843	2.02	1.863	0
1033	1.961	1.824	2.118	1.922	0
1034	2.078	1.745	2.098	1.922	0
1035	2.118	1.725	2.157	1.902	0
1036	2.078	1.588	2.059	1.863	0
1037	2.02	1.431	1.843	1.843	0
1038	2.176	1.51	1.824	1.824	0
1039	2.255	1.647	2.02	1.882	0
1040	2.255	1.824	2.176	1.922	0
1041	2.196	2.039	2.157	2.039	0
1042	2.0	2.0	2.02	2.078	0
1043	1.765	1.98	1.961	2.059	0
1044	1.922	2.0	2.0	2.0	0
1045	2.02	1.98	2.02	1.98	0
1046	2.118	2.0	2.098	2.0	0
1047	2.176	2.039	2.157	2.02	0
1048	2.078	2.078	2.176	2.039	0
1049	2.098	2.039	2.157	2.039	0
1050	2.216	2.0	2.137	1.98	0
1051	2.275	1.863	2.176	1.922	0
1052	2.314	1.804	2.176	1.882	0
1053	2.353	1.745	2.137	1.843	0
1054	2.255	1.667	2.078	1.863	0
1055	2.098	1.706	2.078	1.902	0
1056	1.902	1.725	1.98	1.863	0
1057	1.882	1.745	1.922	1.863	0
1058	1.941	1.843	1.941	1.882	0
1059	1.98	2.0	1.961	1.941	0
1060	1.922	2.0	2.02	2.0	0
1061	1.98	2.02	2.039	2.078	0
1062	1.843	2.0	2.02	2.078	0
1063	1.686	2.0	2.02	2.059	0
1064	1.725	1.98	2.02	1.941	0
1065	1.765	1.902	2.02	1.882	0
1066	1.902	1.902	2.02	1.843	0
1067	1.98	1.843	2.02	1.843	0
1068	2.078	1.745	2.02	1.863	0
1069	2.176	1.706	2.0	1.863	0
1070	2.255	1.667	2.039	1.843	0
1071	2.137	1.647	1.961	1.824	0
1072	1.961	1.608	1.941	1.843	0
1073	1.961	1.627	1.843	1.843	0
1074	1.941	1.667	1.863	1.882	0
1075	1.824	1.843	1.902	1.941	0
1076	1.824	1.804	1.843	1.961	0
1077	1.745	1.843	1.863	2.0	0
1078	1.686	1.941	1.961	2.078	0
1079	1.627	1.941	2.02	2.118	0
1080	1.902	1.863	2.02	2.078	0
1081	1.98	1.98	2.039	2.02	0
1082	1.902	2.059	2.059	1.961	0
1083	1.902	1.98	2.137	1.98	0
1084	1.922	1.961	2.176	1.98	0
1085	1.941	1.902	2.216	2.02	0
1086	1.941	1.824	2.176	1.98	0
1087	2.039	1.824	2.118	1.941	0
1088	2.02	1.765	2.078	1.922	0
1089	2.02	1.843	2.137	1.922	0
1090	2.078	1.882	2.098	1.922	0
1091	1.98	1.882	2.039	1.922	0
1092	1.902	2.02	2.078	1.98	0
1093	1.863	2.02	2.059	2.039	0
1094	1.765	2.02	2.059	2.059	0
1095	1.882	2.078	2.059	2.059	0
1096	1.843	2.039	2.02	2.02	0
1097	1.824	1.863	1.98	1.941	0
1098	1.824	1.902	1.961	1.922	0
1099	1.863	1.843	1.922	1.863	0
1100	1.882	1.863	2.059	1.863	0
1101	1.961	1.863	2.137	1.882	0
1102	1.941	1.804	2.098	1.902	0
1103	1.863	1.784	2.0	1.902	0
1104	1.922	1.706	2.039	1.902	0
1105	2.176	1.765	2.078	1.922	0
1106	2.137	1.784	2.078	1.941	0
1107	2.02	1.843	2.039	1.902	0
1108	1.902	1.882	1.961	1.902	0
1109	1.784	1.961	2.0	1.902	0
1110	1.745	2.137	2.059	2.02	0
1111	1.745	2.176	2.137	2.157	0
1112	1.804	2.137	2.0	2.216	0
1113	1.745	2.137	2.039	2.157	0
1114	1.784	2.118	2.118	2.118	0
1115	1.784	2.098	2.078	2.0	0
1116	1.863	2.0	2.098	1.961	0
1117	1.882	1.902	2.02	2.0	0
1118	1.941	1.902	2.098	1.941	0
1119	1.922	1.882	2.118	1.961	0
1120	1.941	1.686	2.02	1.941	0
1121	1.902	1.647	1.922	1.882	0
1122	1.98	1.667	1.863	1.804	0
1123	2.078	1.667	1.863	1.784	0
1124	2.098	1.824	1.961	1.824	0
1125	2.098	1.882	1.98	1.922	0
1126	1.922	1.902	1.98	1.98	0
1127	1.784	1.902	1.941	2.0	0
1128	1.627	2.0	1.882	2.0	0
1129	1.686	2.02	1.804	1.941	0
1130	1.863	2.02	1.863	1.922	0
1131	2.059	1.941	1.941	1.902	0
1132	2.039	1.863	1.98	1.941	0
1133	2.137	1.902	2.118	2.0	0
1134	2.157	1.843	2.235	2.0	0
1135	1.98	1.843	2.118	2.0	0
1136	2.118	1.765	2.098	1.882	0
1137	2.255	1.647	2.078	1.804	0
1138	2.235	1.627	2.137	1.784	0
1139	2.196	1.647	2.078	1.843	0
1140	2.098	1.647	2.0	1.922	0
1141	2.078	1.686	2.02	1.961	0
1142	2.039	1.843	2.059	1.98	0
1143	2.098	1.961	2.098	2.039	0
1144	2.039	1.941	2.059	2.118	0
1145	1.843	1.941	2.098	2.137	0
1146	1.941	2.0	2.118	2.137	0
1147	1.784	2.176	2.216	2.137	0
1148	1.706	2.078	2.157	2.118	0
1149	1.784	2.02	2.059	2.059	0
1150	1.882	2.02	2.098	1.98	0
1151	1.98	1.941	2.176	1.902	0
1152	2.118	1.922	2.216	1.941	0
1153	2.275	1.863	2.235	1.961	0
1154	2.255	1.804	2.176	2.0	0
1155	2.176	1.745	2.118	1.961	0
1156	2.098	1.804	2.098	1.902	0
1157	2.02	1.863	2.059	1.882	0
1158	1.941	1.784	1.922	1.824	0
1159	2.059	1.784	1.941	1.824	0
1160	2.157	1.941	2.039	1.902	0
1161	2.157	2.02	2.118	2.02	0
1162	1.961	2.078	2.137	2.098	0
1163	1.882	2.118	2.0	2.059	0
1164	1.706	2.137	2.02	2.0	0
1165	1.745	2.02	2.039	1.961	0
1166	1.863	1.922	1.98	1.922	0
1167	2.0	1.941	2.059	1.922	0
1168	1.98	1.882	2.059	1.922	0
1169	2.078	1.804	2.118	1.902	0
1170	2.118	1.725	2.157	1.922	0
1171	2.118	1.686	2.196	1.902	0
1172	2.098	1.608	2.098	1.902	0
1173	1.882	1.51	1.922	1.824	0
1174	1.824	1.569	1.922	1.784	0
1175	1.922	1.706	1.941	1.765	0
1176	1.98	1.765	1.922	1.863	0
1177	1.961	1.902	2.02	1.922	0
1178	2.0	2.0	2.078	2.078	0
1179	1.922	1.922	2.02	2.098	0
1180	1.902	1.902	1.961	2.059	0
1181	1.725	2.0	2.0	2.0	0
1182	1.745	2.078	2.039	1.922	0
1183	1.843	2.02	1.922	1.902	0
1184	1.824	1.863	1.941	1.902	0
1185	1.98	1.765	2.0	1.863	0
1186	2.255	1.745	2.0	1.882	0
1187	2.157	1.569	1.902	1.765	0
1188	1.98	1.588	1.961	1.686	0
1189	1.961	1.804	2.137	1.745	0
1190	1.98	1.902	2.137	1.922	0
1191	1.961	1.725	2.0	2.059	0
1192	1.961	1.588	1.922	2.039	0
1193	1.922	1.627	1.843	1.922	0
1194	1.863	1.784	1.882	1.824	0
1195	1.922	1.882	1.882	1.824	0
1196	1.784	2.02	2.039	1.902	0
1197	1.765	2.137	2.02	2.039	0
1198	1.647	2.196	2.078	2.137	0
1199	1.706	2.098	2.039	2.157	0
1200	1.569	2.039	1.961	2.059	0
1201	1.549	2.02	1.98	1.961	0
1202	1.706	2.039	2.118	1.922	0
1203	1.922	2.02	2.196	1.941	0
1204	1.961	1.882	2.255	2.059	0
1205	1.824	1.706	2.059	2.02	0
1206	1.804	1.647	1.961	1.961	0
1207	1.882	1.647	1.863	1.863	0
1208	1.922	1.725	1.98	1.824	0
1209	1.863	1.804	2.039	1.863	0
1210	1.804	1.882	2.078	2.0	0
1211	1.647	1.961	1.98	2.098	0
1212	1.588	1.98	1.98	2.196	0
1213	1.784	2.078	2.059	2.235	0
1214	1.98	2.078	2.039	2.176	0
1215	1.902	2.157	2.059	2.098	0
1216	1.843	2.157	2.078	2.039	0
1217	1.922	2.176	2.157	2.039	0
1218	2.039	2.157	2.176	2.078	0
1219	2.137	2.078	2.176	2.02	0
1220	2.275	2.02	2.176	2.0	0
1221	2.333	1.902	2.176	1.961	0
1222	2.255	1.765	2.059	1.863	0
1223	2.098	1.745	2.059	1.804	0
1224	2.216	1.941	2.137	1.804	0
1225	2.235	1.922	2.098	1.863	0
1226	2.176	1.824	2.098	1.922	0
1227	2.176	1.804	2.039	2.0	0
1228	2.059	1.882	1.941	1.98	0
1229	1.941	1.961	1.941	1.98	0
1230	1.863	2.039	2.02	1.961	0
1231	2.039	2.078	2.078	1.98	0
1232	1.98	2.039	2.059	2.02	0
1233	1.941	1.941	2.039	2.0	0
1234	1.98	1.961	2.059	2.0	0
1235	2.039	1.961	2.098	2.0	0
1236	2.078	1.902	2.137	1.941	0
1237	2.137	1.902	2.176	1.961	0
1238	2.216	1.765	2.157	1.922	0
1239	2.196	1.608	2.039	1.882	0
1240	2.118	1.549	2.039	1.784	0
1241	1.961	1.51	1.902	1.725	0
1242	1.863	1.471	1.843	1.686	0
1243	2.02	1.569	1.98	1.745	0
1244	2.216	1.863	2.098	1.922	0
1245	2.176	2.0	2.098	2.02	0
1246	2.098	1.843	2.039	2.118	0
1247	1.863	1.824	1.922	2.078	0
1248	1.608	1.98	1.922	2.02	0
1249	1.471	2.118	2.059	1.941	0
1250	1.686	2.0	1.98	1.902	0
1251	1.784	1.902	1.784	1.882	0
1252	1.941	1.961	1.922	1.882	0
1253	2.157	2.0	2.098	1.961	0
1254	2.098	1.98	2.255	2.02	0
1255	1.941	1.961	2.216	2.039	0
1256	2.137	1.824	2.078	2.0	0
1257	2.137	1.647	2.0	1.922	0
1258	1.941	1.647	1.941	1.843	0
1259	1.941	1.725	1.961	1.824	0
1260	2.157	1.804	2.0	1.882	0
1261	2.137	1.745	2.02	1.922	0
1262	2.039	1.804	2.039	1.961	0
1263	1.902	1.922	2.0	2.02	0
1264	1.843	2.059	2.078	2.078	0
1265	1.725	1.941	1.922	2.059	0
1266	1.765	1.902	1.941	2.0	0
1267	1.98	2.02	2.098	1.98	0
1268	2.039	2.176	2.235	2.02	0
1269	2.039	2.118	2.196	2.059	0
1270	2.059	1.882	2.176	2.02	0
1271	2.216	1.765	2.118	2.0	0
1272	2.216	1.765	2.176	1.941	0
1273	2.137	1.725	2.176	1.902	0
1274	2.078	1.647	2.078	1.843	0
1275	2.098	1.647	2.02	1.843	0
1276	2.137	1.784	2.059	1.863	0
1277	2.118	1.824	2.098	1.961	0
1278	2.039	1.863	2.098	2.02	0
1279	1.941	1.961	2.039	2.039	0
1280	1.902	1.882	1.922	2.0	0
1281	1.725	1.804	1.804	1.941	0
1282	1.725	1.922	1.941	1.922	0
1283	1.824	2.059	2.098	2.0	0
1284	1.863	2.02	2.059	2.02	0
1285	1.725	1.941	1.941	1.98	0
1286	1.745	1.824	1.882	1.882	0
1287	1.804	1.784	1.961	1.804	0
1288	1.98	1.882	2.059	1.804	0
1289	2.098	1.863	2.137	1.824	0
1290	2.078	1.745	2.039	1.882	0
1291	2.039	1.569	2.0	1.882	0
1292	2.078	1.549	1.922	1.843	0
1293	1.98	1.627	1.902	1.765	0
1294	1.863	1.569	1.784	1.745	0
1295	1.824	1.706	1.863	1.784	0
1296	1.863	2.02	2.02	1.922	0
1297	1.922	2.137	2.039	2.059	0
1298	1.765	2.157	2.039	2.118	0
1299	1.706	2.078	2.02	2.137	0
1300	1.647	2.039	2.0	2.098	0
1301	1.765	2.02	2.02	2.0	0
1302	1.804	2.118	2.039	1.941	0
1303	1.765	2.216	2.137	1.961	0
1304	1.745	2.196	2.176	2.0	0
1305	1.961	2.118	2.216	2.039	0
1306	2.0	2.02	2.196	2.059	0
1307	1.882	1.824	2.098	1.98	0
1308	1.961	1.824	2.078	1.922	0
1309	1.902	1.824	1.98	1.902	0
1310	1.686	1.765	1.961	1.882	0
1311	1.627	1.804	1.98	1.922	0
1312	1.667	1.961	2.039	1.98	0
1313	1.549	1.902	1.843	2.039	0
1314	1.686	1.804	1.863	2.039	0
1315	1.706	1.843	1.941	2.059	0
1316	1.784	1.863	2.0	2.078	0
1317	1.725	1.922	2.059	2.137	0
1318	1.863	1.961	2.02	2.118	0
1319	1.843	1.98	2.02	2.039	0
1320	1.725	2.02	2.078	1.98	0
1321	1.863	1.843	2.118	1.961	0
1322	2.098	1.725	2.078	1.941	0
1323	2.255	1.647	2.078	1.902	0
1324	2.373	1.804	2.216	1.922	0
1325	2.51	1.922	2.333	1.961	0
1326	2.49	1.784	2.196	1.98	0
1327	2.294	1.667	2.059	1.961	0
1328	2.216	1.745	2.059	1.902	0
1329	2.255	1.98	2.118	1.902	0
1330	2.255	2.137	2.157	1.941	0
1331	2.137	2.098	2.078	1.961	0
1332	1.863	2.137	2.0	1.98	0
1333	1.98	2.118	2.02	2.0	0
1334	1.98	2.118	2.039	2.039	0
1335	1.922	2.078	2.02	2.0	0
1336	2.0	2.059	2.059	1.961	0
1337	2.02	2.02	2.157	1.961	0
1338	2.078	1.961	2.118	1.961	0
1339	1.98	1.804	1.98	1.902	0
1340	2.0	1.745	2.0	1.824	0
1341	2.039	1.725	2.059	1.804	0
1342	2.059	1.647	1.98	1.804	0
1343	1.98	1.627	1.922	1.824	0
1344	2.039	1.667	1.941	1.863	0
1345	2.118	1.627	1.902	1.882	0
1346	2.039	1.647	1.902	1.882	0
1347	1.961	1.784	1.98	1.922	0
1348	1.941	1.922	2.0	1.98	0
1349	1.843	2.02	2.039	2.078	0
1350	1.961	2.039	2.02	2.118	0
1351	1.98	2.059	2.078	2.137	0
1352	1.804	2.0	2.0	2.039	0
1353	1.412	1.922	1.882	1.902	0
1354	1.549	1.961	1.961	1.882	0
1355	1.863	1.902	2.039	1.882	0
1356	2.137	1.745	2.02	1.961	0
1357	2.333	1.725	2.098	1.961	0
1358	2.392	1.686	2.176	1.961	0
1359	2.275	1.745	2.196	1.941	0
1360	2.059	1.765	2.078	1.902	0
1361	1.961	1.843	2.137	1.902	0
1362	2.078	1.725	1.98	1.902	0
1363	1.98	1.686	1.902	1.922	0
1364	1.961	1.843	1.941	1.941	0
1365	2.02	1.922	2.0	1.98	0
1366	1.882	2.0	2.02	2.039	0
1367	1.941	2.059	2.059	2.059	0
1368	1.922	2.118	2.137	2.118	0
1369	1.98	2.118	2.157	2.098	0
1370	2.039	2.059	2.176	2.078	0
1371	1.922	1.922	2.059	2.02	0
1372	1.863	1.863	2.039	1.902	0
1373	1.961	1.843	2.078	1.863	0
1374	1.98	1.843	2.176	1.882	0
1375	2.039	1.824	2.157	1.922	0
1376	2.0	1.647	2.0	1.882	0
1377	1.765	1.588	1.843	1.824	0
1378	1.804	1.647	1.882	1.843	0
1379	1.98	1.745	1.98	1.882	0
1380	2.118	1.765	1.98	1.902	0
1381	2.0	1.843	2.0	1.922	0
1382	1.941	1.961	2.0	1.961	0
1383	1.667	2.118	2.0	2.0	0
1384	1.706	2.0	1.863	2.0	0
1385	1.706	1.902	1.824	1.902	0
1386	1.922	2.039	2.02	1.863	0
1387	2.0	2.137	2.078	1.902	0
1388	1.961	2.02	2.098	1.961	0
1389	2.118	1.98	2.137	2.02	0
1390	2.314	1.863	2.098	1.961	0
1391	2.275	1.725	2.098	1.863	0
1392	2.216	1.647	2.059	1.784	0
1393	2.176	1.588	2.098	1.725	0
1394	2.157	1.627	2.137	1.745	0
1395	2.039	1.706	2.039	1.824	0
1396	2.0	1.784	1.961	1.961	0
1397	1.961	1.765	2.0	1.98	0
1398	1.922	1.725	1.98	2.0	0
1399	1.824	1.824	1.961	1.941	0
1400	1.686	1.824	1.941	1.922	0
1401	1.725	1.863	1.941	1.961	0
1402	1.725	1.922	1.98	2.0	0
1403	1.706	2.0	2.02	2.02	0
1404	1.588	2.176	2.118	2.039	0
1405	1.588	2.275	2.176	2.137	0
1406	1.667	2.039	2.157	2.137	0
1407	1.784	1.863	2.118	2.118	0
1408	2.0	1.863	2.118	2.0	0
1409	2.039	1.882	2.176	1.941	0
1410	1.922	1.882	2.118	1.882	0
1411	1.765	1.863	2.039	1.882	0
1412	1.784	1.922	2.039	1.941	0
1413	1.902	1.961	2.118	2.02	0
1414	1.961	2.118	2.137	2.118	0
1415	1.804	2.157	2.137	2.118	0
1416	1.824	2.098	2.059	2.118	0
1417	1.745	2.078	2.02	2.098	0
1418	1.725	2.137	2.059	2.078	0
1419	1.765	2.157	2.118	2.059	0
1420	1.784	2.039	2.039	2.0	0
1421	1.863	1.941	1.98	1.98	0
1422	1.922	1.922	2.039	1.98	0
1423	1.863	1.902	2.059	1.98	0
1424	1.824	1.804	2.098	1.941	0
1425	1.863	1.706	2.059	1.941	0
1426	2.02	1.667	2.0	1.902	0
1427	2.255	1.608	1.98	1.824	0
1428	2.176	1.431	1.784	1.706	0
1429	1.922	1.549	1.882	1.706	0
1430	2.039	1.882	2.137	1.843	0
1431	2.059	1.98	2.176	2.039	0
1432	1.941	1.941	2.098	2.176	0
1433	1.784	1.843	1.863	2.157	0
1434	1.765	1.804	1.843	2.02	0
1435	1.804	2.0	1.941	1.941	0
1436	1.882	2.196	2.059	1.902	0
1437	2.059	2.176	2.118	1.98	0
1438	2.059	2.137	2.118	2.059	0
1439	1.941	2.118	2.137	2.118	0
1440	2.078	2.02	2.118	2.098	0
1441	2.157	1.882	2.098	1.961	0
1442	2.314	1.784	2.196	1.882	0
1443	2.51	1.843	2.294	1.882	0
1444	2.392	1.686	2.176	1.863	0
1445	2.196	1.647	2.059	1.863	0
1446	2.118	1.686	2.02	1.882	0
1447	2.098	1.706	1.98	1.902	0
1448	2.157	1.686	1.98	1.882	0
1449	2.157	1.804	2.02	1.941	0
1450	2.02	1.863	1.961	1.98	0
1451	1.843	1.765	1.922	2.0	0
1452	1.843	1.784	1.863	1.941	0
1453	1.686	1.902	1.98	1.922	0
1454	1.784	2.176	2.137	2.0	0
1455	1.843	2.098	2.078	2.039	0
1456	1.745	1.824	2.02	2.039	0
1457	1.824	1.804	2.039	2.0	0
1458	1.922	1.725	2.02	1.922	0
1459	2.02	1.608	1.961	1.784	0
1460	2.0	1.588	1.961	1.745	0
1461	2.235	1.745	2.118	1.824	0
1462	2.314	1.843	2.137	1.922	0
1463	2.059	1.824	2.059	1.961	0
1464	1.961	1.824	2.02	1.98	0
1465	2.039	1.824	2.02	1.961	0
1466	2.118	2.0	2.078	2.0	0
1467	2.137	2.02	2.059	2.02	0
1468	2.059	2.0	2.059	2.039	0
1469	2.118	2.078	2.137	2.059	0
1470	2.216	2.216	2.176	2.078	0
1471	2.098	2.137	2.137	2.078	0
1472	1.98	2.118	2.157	2.059	0
1473	2.02	2.078	2.157	2.0	0
1474	2.098	2.02	2.157	1.941	0
1475	2.039	1.882	2.118	1.902	0
1476	2.137	1.765	2.137	1.843	0
1477	2.157	1.804	2.157	1.843	0
1478	2.157	1.824	2.157	1.843	0
1479	2.157	1.725	2.059	1.882	0
1480	2.0	1.647	2.0	1.882	0
1481	2.039	1.667	1.941	1.882	0
1482	2.078	1.784	1.961	1.824	0
1483	1.902	1.804	1.882	1.804	0
1484	1.824	1.843	1.863	1.843	0
1485	1.784	1.922	1.863	1.882	0
1486	1.863	2.0	1.804	1.922	0
1487	1.843	1.98	1.882	1.902	0
1488	1.941	1.922	1.961	1.922	0
1489	1.882	1.941	2.0	1.902	0
1490	1.765	1.98	2.039	1.941	0
1491	1.725	1.922	2.02	1.98	0
1492	1.882	1.824	2.059	1.941	0
1493	2.078	1.784	2.059	1.843	0
1494	2.078	1.745	2.0	1.765	0
1495	2.02	1.667	1.941	1.745	0
1496	1.961	1.627	1.882	1.765	0
1497	1.824	1.647	1.941	1.843	0
1498	1.745	1.667	1.961	1.922	0
1499	1.627	1.765	1.961	1.961	0
1500	1.529	1.902	2.059	2.059	0
1501	1.569	2.059	2.098	2.157	0
1502	1.706	2.0	2.0	2.176	0
1503	1.686	1.941	1.863	2.098	0
1504	1.549	2.216	2.059	2.078	0
1505	1.647	2.412	2.333	2.118	0
1506	1.588	2.216	2.196	2.137	0
1507	1.529	2.0	1.961	2.118	0
1508	1.588	1.824	1.98	2.02	0
1509	1.667	1.941	2.098	1.98	0
1510	1.863	2.0	2.196	1.98	0
1511	1.98	1.902	2.137	2.0	0
1512	2.02	1.863	2.216	2.02	0
1513	2.078	1.784	2.137	2.0	0
1514	1.863	1.667	1.98	1.941	0
1515	1.843	1.765	1.961	1.843	0
1516	1.882	2.059	2.098	1.882	0
1517	1.941	2.157	2.059	1.941	0
1518	1.882	1.882	2.0	2.059	0
1519	1.882	1.863	1.961	2.078	0
1520	1.824	1.922	1.961	2.059	0
1521	1.667	2.059	1.98	2.059	0
1522	1.863	2.137	2.059	2.039	0
1523	1.961	2.098	2.059	2.02	0
1524	1.961	1.98	1.98	1.961	0
1525	2.0	1.863	1.961	1.863	0
1526	2.235	1.882	2.078	1.863	0
1527	2.431	2.039	2.275	1.902	0
1528	2.49	1.941	2.196	1.941	0
1529	2.353	1.725	2.118	1.922	0
1530	2.078	1.667	2.0	1.843	0
1531	1.882	1.725	1.98	1.804	0
1532	2.059	1.706	1.922	1.843	0
1533	2.098	1.706	1.824	1.824	0
1534	1.745	1.804	1.784	1.843	0
1535	1.804	2.02	1.882	1.882	0
1536	1.98	2.059	2.0	1.961	0
1537	2.196	1.98	2.0	2.039	0
1538	2.431	1.922	2.137	2.059	0
1539	2.529	1.941	2.255	2.059	0
1540	1.824	1.902	2.098	2.0	0
1541	1.549	1.961	2.078	1.941	0
1542	1.922	2.059	2.118	1.882	0
1543	2.098	1.882	2.0	1.922	0
1544	2.275	1.784	2.098	1.922	0
1545	2.471	1.686	2.118	1.902	0
1546	2.451	1.667	2.137	1.902	0
1547	2.451	1.667	2.137	1.902	0
1548	2.431	1.765	2.216	2.0	0
1549	2.431	1.843	2.235	2.039	0
1550	2.314	1.725	2.157	2.059	0
1551	1.98	1.765	2.059	2.059	0
1552	1.941	1.922	2.02	1.98	0
1553	1.922	2.137	2.098	2.0	0
1554	1.863	2.098	2.137	2.059	0
1555	1.686	2.0	2.059	2.118	0
1556	1.588	1.922	1.98	2.078	0
1557	1.627	1.902	1.922	1.98	0
1558	1.686	1.902	1.98	1.922	0
1559	1.804	1.882	2.078	1.902	0
1560	2.02	1.843	2.137	1.941	0
1561	2.098	1.725	2.118	1.961	0
1562	2.078	1.588	2.039	1.922	0
1563	1.922	1.627	2.118	1.882	0
1564	1.922	1.686	2.02	1.843	0
1565	1.941	1.667	1.961	1.843	0
1566	1.98	1.627	1.941	1.843	0
1567	1.902	1.745	1.961	1.882	0
1568	1.882	1.804	1.961	1.941	0
1569	1.843	1.941	1.941	2.0	0
1570	1.784	2.098	2.02	2.039	0
1571	1.863	2.02	1.961	2.078	0
1572	1.843	1.941	1.902	2.039	0
1573	1.902	1.941	2.039	2.0	0
1574	2.059	2.078	2.137	2.0	0
1575	1.941	1.98	2.098	2.0	0
1576	1.784	1.922	2.059	1.941	0
1577	1.902	1.922	2.118	1.902	0
1578	2.118	1.824	2.137	1.882	0
1579	2.098	1.686	1.843	1.804	0
1580	2.098	1.627	1.902	1.765	0
1581	2.059	1.549	1.961	1.765	0
1582	2.02	1.569	2.0	1.804	0
1583	2.0	1.667	1.961	1.863	0
1584	1.98	1.784	1.98	1.922	0
1585	1.941	1.882	2.0	1.98	0
1586	1.804	1.941	1.902	2.0	0
1587	1.765	1.922	1.882	1.98	0
1588	1.863	1.902	1.941	1.961	0
1589	1.824	1.941	1.98	1.941	0
1590	1.882	1.961	1.941	1.941	0
1591	1.784	1.961	1.922	1.922	0
1592	1.706	2.02	1.98	1.922	0
1593	1.706	2.039	2.118	1.902	0
1594	1.725	1.98	2.196	2.0	0
1595	1.941	1.902	2.157	2.059	0
1596	2.059	1.686	1.941	2.0	0
1597	1.961	1.549	1.863	1.843	0
1598	1.922	1.569	1.863	1.725	0
1599	1.961	1.706	1.922	1.725	0
1600	1.941	1.784	1.922	1.784	0
1601	1.863	1.863	1.98	1.902	0
1602	1.922	1.98	2.059	2.02	0
1603	1.922	1.941	1.961	2.098	0
1604	1.941	2.137	2.039	2.059	0
1605	1.882	2.235	2.098	2.059	0
1606	1.627	2.098	2.02	2.078	0
1607	1.647	2.078	2.059	2.059	0
1608	1.804	2.059	2.02	2.02	0
1609	1.804	2.078	2.098	2.0	0
1610	1.804	2.118	2.235	2.02	0
1611	1.863	2.216	2.275	2.078	0
1612	1.922	1.922	2.118	2.02	0
1613	1.922	1.686	1.98	1.941	0
1614	1.961	1.784	2.118	1.824	0
1615	2.0	1.941	2.235	1.863	0
1616	2.039	2.039	2.275	2.0	0
1617	2.157	1.882	2.196	2.118	0
1618	1.882	1.824	2.078	2.118	0
1619	1.725	1.902	2.078	2.039	0
1620	1.765	2.098	1.98	2.0	0
1621	1.667	2.118	2.039	1.961	0
1622	1.824	2.137	2.078	1.98	0
1623	1.843	2.235	2.098	2.098	0
1624	1.941	2.275	2.196	2.176	0
1625	2.0	2.118	2.176	2.216	0
1626	2.098	2.039	2.157	2.157	0
1627	2.176	1.98	2.216	2.078	0
1628	2.176	1.98	2.294	1.941	0
1629	2.039	1.922	2.235	1.922	0
1630	1.98	1.784	2.098	1.863	0
1631	2.0	1.647	2.0	1.843	0
1632	1.98	1.627	1.882	1.804	0
1633	1.922	1.627	1.922	1.784	0
1634	2.02	1.784	2.039	1.882	0
1635	2.137	1.804	2.078	2.0	0
1636	2.176	1.784	2.039	2.098	0
1637	2.098	1.804	2.0	2.137	0
1638	1.824	1.745	1.882	2.039	0
1639	1.588	1.765	1.745	1.863	0
1640	1.569	1.98	1.843	1.765	0
1641	1.824	2.196	1.98	1.824	0
1642	2.02	2.176	2.059	1.941	0
1643	1.961	1.882	1.961	2.039	0
1644	2.059	1.765	2.059	2.039	0
1645	2.431	1.765	2.059	2.0	0
1646	2.471	1.765	2.157	1.902	0
1647	2.412	1.784	2.255	1.843	0
1648	2.353	1.765	2.176	1.843	0
1649	2.235	1.765	2.039	1.902	0
1650	2.039	1.784	1.98	1.922	0
1651	2.059	1.745	2.02	1.922	0
1652	2.098	1.725	2.02	1.922	0
1653	2.118	1.745	1.98	1.902	0
1654	2.176	1.784	2.0	1.902	0
1655	2.118	1.941	2.118	2.0	0
1656	2.118	2.078	2.216	2.098	0
1657	2.02	2.176	2.235	2.157	0
1658	1.902	1.98	2.118	2.078	0
1659	1.941	1.882	2.059	2.0	0
1660	1.902	1.882	2.078	1.941	0
1661	1.922	1.804	2.078	1.941	0
1662	2.0	1.745	2.059	1.902	0
1663	2.078	1.745	2.137	1.882	0
1664	2.157	1.725	2.118	1.882	0
1665	2.078	1.725	2.137	1.882	0
1666	2.059	1.686	2.059	1.863	0
1667	2.0	1.627	1.961	1.863	0
1668	2.0	1.569	1.863	1.843	0
1669	2.02	1.588	1.863	1.843	0
1670	2.039	1.843	2.02	1.902	0
1671	1.902	2.0	1.98	1.941	0
1672	1.745	1.882	1.824	1.98	0
1673	1.843	1.882	1.804	1.941	0
1674	1.784	1.922	1.961	1.882	0
1675	1.882	1.902	1.902	1.863	0
1676	2.0	1.941	1.804	1.824	0
1677	2.02	1.882	1.902	1.804	0
1678	1.922	1.804	2.039	1.843	0
1679	1.941	1.667	2.078	1.863	0
1680	1.98	1.608	1.961	1.843	0
1681	2.039	1.627	1.922	1.804	0
1682	1.922	1.647	1.941	1.784	0
1683	1.922	1.647	1.941	1.784	0
1684	1.98	1.745	2.0	1.843	0
1685	1.98	1.765	1.98	1.902	0
1686	1.843	1.725	1.922	1.922	0
1687	1.725	1.902	1.961	2.02	0
1688	1.608	2.02	1.98	2.059	0
1689	1.471	2.098	1.98	2.118	0
1690	1.451	2.255	2.059	2.176	0
1691	1.569	2.333	2.098	2.216	0
1692	1.647	2.275	2.157	2.216	0
1693	1.627	2.137	2.118	2.157	0
1694	1.647	2.176	2.118	2.118	0
1695	1.647	2.255	2.196	2.059	0
1696	1.765	2.118	2.235	2.078	0
1697	2.02	2.059	2.216	2.078	0
1698	2.176	1.961	2.216	2.0	0
1699	2.078	1.941	2.196	1.941	0
1700	2.02	1.843	2.039	1.922	0
1701	1.961	1.745	2.039	1.922	0
1702	1.961	1.784	2.039	1.922	0
1703	2.0	1.922	2.039	1.961	0
1704	2.039	2.02	2.078	1.98	0
1705	2.059	2.0	2.078	2.02	0
1706	1.98	2.098	2.098	2.059	0
1707	2.0	2.118	2.0	2.039	0
1708	1.882	2.118	1.98	1.98	0
1709	1.824	2.078	2.039	1.922	0
1710	1.804	2.098	2.059	1.922	0
1711	1.843	2.0	2.02	1.922	0
1712	1.961	1.882	2.078	1.98	0
1713	2.196	1.824	2.059	1.922	0
1714	2.196	1.745	2.078	1.882	0
1715	2.098	1.784	2.039	1.843	0
1716	2.078	1.667	2.02	1.804	0
1717	2.137	1.667	2.059	1.843	0
1718	2.118	1.667	2.059	1.863	0
1719	1.941	1.588	1.941	1.902	0
1720	1.725	1.549	1.784	1.882	0
1721	1.725	1.725	1.804	1.902	0
1722	1.804	1.843	1.863	1.961	0
1723	1.843	1.902	1.961	2.02	0
1724	1.98	2.059	2.078	2.098	0
1725	1.922	2.118	2.196	2.137	0
1726	1.824	2.02	2.098	2.157	0
1727	1.843	1.902	2.0	2.059	0
1728	1.98	1.882	2.02	2.0	0
1729	2.118	1.882	2.059	1.902	0
1730	2.078	1.843	2.039	1.804	0
1731	2.157	2.02	2.176	1.843	0
1732	2.137	1.922	2.157	1.863	0
1733	2.078	1.725	2.078	1.882	0
1734	2.275	1.686	2.059	1.882	0
1735	2.294	1.725	2.078	1.902	0
1736	2.275	1.784	2.137	1.902	0
1737	2.333	1.843	2.118	1.922	0
1738	2.078	1.902	2.118	1.98	0
1739	1.843	1.98	1.98	1.98	0
1740	1.706	2.039	1.902	2.0	0
1741	1.725	1.961	1.843	1.941	0
1742	1.765	1.98	1.882	1.922	0
1743	1.902	2.078	2.059	1.961	0
1744	2.176	2.118	2.176	2.039	0
1745	2.078	1.941	2.118	2.098	0
1746	2.039	1.902	2.196	2.118	0
1747	2.078	1.902	2.176	2.02	0
1748	2.039	1.824	2.137	1.961	0
1749	2.157	1.765	2.098	1.902	0
1750	2.275	1.706	2.078	1.863	0
1751	2.176	1.627	2.02	1.863	0
1752	2.059	1.647	2.039	1.902	0
1753	2.216	1.784	2.078	1.961	0
1754	2.176	1.804	2.078	2.0	0
1755	2.118	1.843	2.039	1.98	0
1756	2.039	1.922	2.078	2.039	0
1757	1.882	1.941	2.078	2.039	0
1758	1.902	1.961	2.059	2.078	0
1759	1.843	2.02	2.059	2.078	0
1760	1.824	1.961	1.98	2.02	0
1761	1.824	1.882	1.941	1.961	0
1762	1.843	1.98	2.118	1.961	0
1763	1.902	2.039	2.137	1.98	0
1764	1.961	1.863	2.078	1.961	0
1765	1.902	1.725	1.98	1.882	0
1766	1.922	1.529	1.902	1.804	0
1767	1.961	1.529	1.941	1.725	0
1768	2.039	1.588	1.941	1.745	0
1769	2.039	1.667	2.0	1.804	0
1770	1.902	1.627	1.902	1.863	0
1771	1.843	1.588	1.824	1.843	0
1772	1.98	1.667	1.765	1.843	0
1773	1.961	1.843	1.922	1.843	0
1774	1.725	1.98	2.0	1.902	0
1775	1.686	1.98	1.941	2.02	0
1776	1.784	1.902	1.863	2.02	0
1777	1.902	1.882	1.961	1.98	0
1778	1.843	1.922	2.0	1.922	0
1779	1.706	2.039	2.039	1.941	0
1780	1.765	2.078	2.078	1.941	0
1781	1.941	2.02	2.059	1.961	0
1782	1.961	1.863	2.078	1.941	0
1783	2.0	1.667	2.0	1.882	0
1784	1.922	1.745	2.078	1.863	0
1785	1.882	1.941	2.098	1.882	0
1786	1.843	1.941	2.0	1.922	0
1787	1.98	1.882	2.0	1.941	0
1788	2.059	2.02	2.098	2.0	0
1789	1.804	2.059	2.157	2.098	0
1790	1.784	2.118	2.157	2.157	0
1791	1.667	2.098	2.118	2.216	0
1792	1.667	2.059	2.039	2.157	0
1793	1.784	2.118	2.039	2.137	0
1794	1.784	2.196	2.118	2.059	0
1795	1.765	2.137	2.098	2.039	0
1796	1.804	2.098	2.137	2.02	0
1797	2.02	2.059	2.196	2.0	0
1798	2.176	1.98	2.216	2.059	0
1799	2.176	1.863	2.235	2.0	0
1800	2.255	1.784	2.176	1.961	0
1801	2.157	1.647	2.157	1.902	0
1802	2.078	1.627	2.118	1.882	0
1803	2.02	1.725	2.039	1.863	0
1804	1.941	1.843	2.0	1.882	0
1805	1.882	1.922	2.0	1.922	0
1806	1.922	1.961	2.0	2.02	0
1807	1.902	1.922	1.941	2.0	0
1808	1.843	1.961	1.961	2.0	0
1809	1.882	2.078	2.039	2.02	0
1810	1.686	2.137	2.078	2.039	0
1811	1.588	2.098	2.02	2.039	0
1812	1.588	2.078	1.961	2.02	0
1813	1.725	2.0	1.961	1.941	0
1814	1.843	1.902	2.0	1.922	0
1815	2.039	1.941	2.196	1.941	0
1816	2.294	2.039	2.294	2.0	0
1817	2.039	1.804	2.137	1.98	0
1818	1.804	1.647	2.02	1.902	0
1819	1.863	1.588	1.882	1.784	0
1820	2.059	1.647	1.882	1.765	0
1821	2.157	1.706	1.961	1.824	0
1822	2.235	1.745	2.02	1.902	0
1823	2.196	1.843	2.02	1.941	0
1824	2.0	1.843	2.02	1.98	0
1825	1.902	2.0	2.0	2.0	0
1826	1.804	2.078	2.0	2.039	0
1827	1.804	2.039	1.98	2.02	0
1828	1.961	1.941	2.0	2.0	0
1829	2.039	1.941	2.059	1.98	0
1830	2.039	1.98	2.059	2.0	0
1831	2.176	1.941	2.196	2.02	0
1832	2.275	1.784	2.157	2.039	0
1833	2.098	1.686	2.098	1.961	0
1834	2.235	1.569	2.02	1.863	0
1835	2.216	1.569	2.059	1.784	0
1836	2.157	1.627	2.059	1.765	0
1837	2.216	1.745	2.039	1.863	0
1838	2.176	1.784	2.02	1.941	0
1839	2.157	1.824	2.02	2.02	0
1840	2.157	1.843	2.0	2.0	0
1841	2.078	1.804	2.02	2.02	0
1842	2.059	1.941	2.078	2.059	0
1843	2.098	2.02	2.098	2.039	0
1844	1.941	2.098	2.098	2.02	0
1845	1.765	2.078	2.078	2.0	0
1846	1.784	2.0	2.039	1.961	0
1847	1.961	2.078	2.078	1.941	0
1848	2.059	2.078	2.118	1.941	0
1849	2.039	1.98	2.157	1.941	0
1850	2.039	1.765	2.137	1.922	0
1851	2.059	1.667	2.059	1.902	0
1852	2.098	1.667	2.098	1.843	0
1853	2.157	1.647	2.039	1.824	0
1854	2.02	1.588	2.0	1.804	0
1855	1.902	1.647	1.98	1.863	0
1856	1.882	1.765	2.0	1.902	0
1857	1.843	1.745	1.882	1.941	0
1858	1.725	1.725	1.882	1.941	0
1859	1.706	1.902	1.941	1.922	0
1860	1.843	1.961	1.882	1.941	0
1861	1.804	1.941	1.863	1.941	0
1862	1.765	2.02	2.039	2.0	0
1863	1.765	2.039	2.059	2.039	0
1864	1.804	1.824	1.922	1.961	0
1865	1.882	1.725	1.882	1.882	0
1866	2.039	1.843	2.02	1.765	0
1867	2.157	1.922	2.137	1.784	0
1868	2.039	1.725	2.02	1.824	0
1869	1.961	1.569	1.961	1.843	0
1870	2.137	1.549	1.961	1.824	0
1871	2.157	1.608	1.902	1.804	0
1872	2.039	1.725	1.882	1.804	0
1873	1.961	1.922	2.078	1.863	0
1874	1.882	2.157	2.137	2.078	0
1875	1.765	2.02	2.098	2.137	0
1876	1.804	2.039	1.961	2.118	0
1877	1.882	2.078	2.02	2.039	0
1878	1.804	2.118	2.059	2.0	0
1879	1.627	2.098	2.118	2.0	0
1880	1.588	2.176	2.137	2.059	0
1881	1.784	2.235	2.176	2.176	0
1882	1.902	2.176	2.255	2.176	0
1883	1.804	2.02	2.196	2.137	0
1884	1.824	1.922	2.157	2.0	0
1885	1.902	1.863	2.118	1.922	0
1886	1.882	1.902	2.196	1.922	0
1887	1.961	1.961	2.216	1.961	0
1888	1.843	1.824	2.059	2.02	0
1889	1.824	1.725	2.0	2.02	0
1890	1.824	1.765	1.961	1.98	0
1891	1.784	1.863	2.0	1.941	0
1892	1.824	2.02	1.961	2.0	0
1893	1.569	2.078	1.902	2.02	0
1894	1.569	2.098	1.882	2.039	0
1895	1.706	2.137	1.961	2.078	0
1896	1.608	2.0	1.961	2.059	0
1897	1.706	2.0	1.941	2.0	0
1898	2.02	1.98	2.059	1.961	0
1899	2.059	1.902	2.078	1.922	0
1900	1.882	1.784	2.02	1.882	0
1901	2.039	1.784	2.059	1.863	0
1902	2.235	1.784	2.059	1.863	0
1903	2.157	1.745	2.118	1.882	0
1904	2.137	1.667	2.059	1.882	0
1905	2.039	1.549	1.922	1.863	0
1906	2.118	1.608	1.882	1.863	0
1907	2.235	1.686	1.961	1.843	0
1908	2.275	1.765	1.941	1.882	0
1909	2.314	1.922	2.059	1.941	0
1910	2.196	2.157	2.196	2.02	0
1911	2.098	2.255	2.196	2.098	0
1912	2.02	2.196	2.157	2.098	0
1913	2.098	2.059	2.078	2.039	0
1914	2.059	2.039	2.078	1.961	0
1915	2.02	2.02	2.098	1.941	0
1916	2.098	2.02	2.176	1.922	0
1917	2.216	1.98	2.176	1.922	0
1918	2.216	1.961	2.216	1.902	0
1919	2.294	1.843	2.137	1.882	0
1920	2.157	1.824	2.157	1.863	0
1921	2.157	1.765	2.118	1.882	0
1922	2.059	1.706	2.039	1.863	0
1923	1.98	1.706	2.039	1.902	0
1924	2.039	1.765	2.039	1.961	0
1925	2.02	1.843	1.941	1.98	0
1926	1.745	1.843	1.922	1.941	0
1927	1.686	2.0	1.941	1.961	0
1928	1.882	1.98	1.961	2.02	0
1929	1.863	1.863	1.941	2.039	0
1930	1.745	1.961	2.039	2.02	0
1931	1.784	2.0	2.059	2.039	0
1932	1.745	1.961	2.0	2.02	0
1933	1.804	1.804	1.961	1.941	0
1934	2.0	1.824	2.039	1.941	0
1935	2.137	1.882	2.176	1.922	0
1936	2.255	1.765	2.118	1.922	0
1937	2.02	1.667	2.078	1.902	0
1938	2.059	1.667	2.059	1.882	0
1939	2.059	1.725	2.078	1.882	0
1940	2.059	1.706	2.039	1.882	0
1941	2.039	1.804	2.059	1.922	0
1942	1.961	1.902	2.059	2.0	0
1943	1.902	1.902	2.0	2.0	0
1944	1.824	2.02	1.98	2.02	0
1945	1.804	2.039	2.02	2.039	0
1946	1.706	2.059	2.02	2.039	0
1947	1.784	2.059	2.098	2.02	0
1948	1.843	2.059	2.098	2.02	0
1949	1.824	2.039	2.098	1.98	0
1950	1.882	1.961	2.059	1.98	0
1951	1.941	1.961	2.098	1.961	0
1952	1.98	1.843	2.118	1.922	0
1953	2.02	1.706	2.02	1.863	0
1954	2.0	1.706	2.02	1.804	0
1955	2.059	1.725	2.0	1.824	0
1956	2.039	1.725	2.0	1.843	0
1957	2.0	1.745	1.98	1.902	0
1958	1.961	1.725	1.922	1.902	0
1959	1.882	1.745	1.922	1.902	0
1960	1.804	1.843	1.882	1.941	0
1961	1.725	1.922	1.941	1.98	0
1962	1.745	1.941	1.941	2.02	0
1963	1.686	1.941	1.922	2.02	0
1964	1.647	1.863	1.863	1.98	0
1965	1.686	1.882	1.961	1.961	0
1966	1.843	2.0	2.02	1.961	0
1967	1.824	1.961	2.059	1.941	0
1968	1.961	1.804	2.02	1.941	0
1969	2.0	1.725	2.02	1.922	0
1970	2.078	1.686	1.98	1.843	0
1971	2.02	1.608	2.039	1.804	0
1972	2.078	1.706	2.118	1.843	0
1973	2.02	1.804	2.078	1.902	0
1974	2.039	1.843	2.039	1.941	0
1975	2.0	1.843	2.0	2.0	0
1976	2.0	1.863	2.02	1.98	0
1977	1.98	1.961	1.98	1.941	0
1978	1.961	2.078	1.98	1.961	0
1979	1.961	2.098	2.039	1.98	0
1980	1.922	2.078	2.059	2.059	0
1981	2.098	2.078	2.137	2.059	0
1982	2.196	2.078	2.137	2.039	0
1983	1.941	2.039	2.098	2.0	0
1984	2.0	1.98	2.176	1.941	0
1985	2.137	1.922	2.157	1.961	0
1986	2.039	1.902	2.137	1.941	0
1987	2.059	1.784	2.118	1.98	0
1988	2.118	1.706	2.137	1.941	0
1989	2.196	1.686	2.059	1.922	0
1990	2.098	1.686	2.02	1.863	0
1991	2.098	1.804	2.059	1.882	0
1992	2.059	1.902	2.059	1.922	0
1993	1.922	1.902	2.059	1.941	0
1994	1.784	1.961	1.98	2.02	0
1995	1.706	2.059	2.0	2.059	0
1996	1.627	2.098	1.98	2.059	0
1997	1.627	2.137	2.0	2.078	0
1998	1.667	2.078	2.039	2.078	0
1999	1.706	2.039	2.02	2.039	0
