time	channel1	channel2	channel3	channel4	class
0	1.961	2.02	1.922	2.02	2
1	1.843	2.0	1.922	2.02	2
2	1.882	2.059	1.961	2.078	2
3	1.922	2.059	2.02	1.941	2
4	1.647	1.961	1.98	1.941	2
5	1.588	1.98	1.941	2.059	2
6	1.647	2.0	1.902	2.039	2
7	1.667	2.0	1.902	2.0	2
8	1.686	2.039	1.941	2.0	2
9	1.843	2.059	2.0	1.961	2
10	1.882	2.059	2.039	2.0	2
11	1.902	2.0	2.0	2.039	2
12	2.039	1.98	1.961	1.922	2
13	2.059	2.02	1.922	1.941	2
14	2.078	2.02	1.922	1.941	2
15	2.039	1.98	1.941	1.98	2
16	2.098	2.02	1.98	1.961	2
17	2.039	2.039	2.02	1.941	2
18	1.922	2.0	2.059	2.039	2
19	2.0	2.059	2.02	2.078	2
20	1.941	2.059	2.0	1.922	2
21	1.706	1.961	1.941	1.882	2
22	1.627	2.0	1.922	1.941	2
23	1.686	2.02	1.941	1.961	2
24	1.686	2.02	1.941	1.941	2
25	1.686	2.039	2.02	1.98	2
26	1.824	2.02	2.02	2.0	2
27	1.961	2.039	2.0	1.941	2
28	1.941	2.039	1.98	1.941	2
29	2.039	2.02	1.941	1.922	2
30	2.039	2.0	1.941	1.922	2
31	2.098	2.02	1.941	1.902	2
32	2.059	2.039	1.941	1.961	2
33	2.176	2.059	1.961	2.0	2
34	2.118	2.039	1.961	2.0	2
35	1.961	2.039	1.941	2.0	2
36	1.941	2.098	1.98	2.02	2
37	1.961	2.118	2.0	1.882	2
38	1.686	2.02	1.961	1.902	2
39	1.627	2.02	1.922	1.941	2
40	1.667	2.039	1.922	2.0	2
41	1.667	2.078	1.902	1.98	2
42	1.667	2.059	1.941	1.961	2
43	1.765	2.039	1.941	1.941	2
44	1.843	2.078	1.922	1.941	2
45	1.941	2.098	1.98	1.941	2
46	1.98	2.0	1.961	1.961	2
47	1.98	2.02	1.902	1.941	2
48	2.059	2.039	1.902	1.863	2
49	2.02	2.039	1.941	1.922	2
50	2.118	2.078	1.961	1.961	2
51	2.039	2.059	2.0	1.961	2
52	1.961	2.098	2.0	2.098	2
53	1.961	2.118	1.961	2.098	2
54	1.961	2.098	1.961	1.882	2
55	1.667	2.02	1.922	1.902	2
56	1.667	2.059	1.922	1.98	2
57	1.725	2.078	1.902	2.02	2
58	1.784	2.098	1.941	2.0	2
59	1.745	2.098	1.961	1.98	2
60	1.843	2.078	1.98	1.922	2
61	1.922	2.039	1.941	1.941	2
62	2.0	2.098	1.961	1.941	2
63	2.118	2.039	1.941	1.922	2
64	2.137	2.059	1.941	1.941	2
65	2.216	2.118	1.961	1.961	2
66	2.255	2.157	1.961	2.02	2
67	2.333	2.059	1.961	1.961	2
68	2.235	1.98	1.961	1.961	2
69	2.098	2.02	1.941	2.02	2
70	2.176	2.118	1.922	2.098	2
71	2.216	2.137	1.961	1.902	2
72	1.941	2.02	1.961	1.882	2
73	1.922	2.02	1.941	1.941	2
74	1.961	2.0	1.941	1.922	2
75	1.98	1.98	1.941	1.941	2
76	2.0	2.0	1.941	1.98	2
77	2.157	2.0	1.961	1.922	2
78	2.196	2.02	1.941	1.922	2
79	2.216	2.039	1.941	1.961	2
80	2.275	1.98	1.922	1.98	2
81	2.294	1.98	1.902	1.922	2
82	2.333	2.0	1.922	1.863	2
83	2.294	2.0	1.961	1.902	2
84	2.353	2.0	1.961	1.961	2
85	2.294	2.0	1.98	1.941	2
86	2.196	2.02	1.98	1.941	2
87	2.137	2.078	1.98	2.02	2
88	2.098	2.078	2.0	1.98	2
89	1.843	1.98	1.922	1.941	2
90	1.804	2.0	1.882	1.902	2
91	1.824	2.02	1.902	1.922	2
92	1.765	2.02	1.941	1.941	2
93	1.725	2.0	1.961	2.02	2
94	1.863	2.059	1.961	1.961	2
95	1.922	2.059	1.941	1.922	2
96	1.941	2.039	1.941	1.961	2
97	2.059	2.039	1.961	1.902	2
98	2.039	2.039	1.941	1.922	2
99	2.078	2.039	1.961	1.902	2
100	2.137	2.059	1.961	1.882	2
101	2.235	2.078	1.98	1.941	2
102	2.176	2.039	2.0	1.98	2
103	2.039	2.039	1.961	1.98	2
104	2.02	2.098	2.0	2.039	2
105	2.039	2.157	1.98	1.902	2
106	1.765	2.078	2.0	1.882	2
107	1.784	2.059	2.0	1.961	2
108	1.902	2.078	2.0	1.98	2
109	1.902	2.098	1.98	1.961	2
110	1.863	2.118	1.961	2.059	2
111	2.02	2.078	1.961	1.961	2
112	1.98	2.039	1.941	1.941	2
113	1.98	2.059	1.922	1.961	2
114	2.118	2.059	1.961	1.902	2
115	2.137	2.059	2.0	1.902	2
116	2.255	2.059	2.0	1.941	2
117	2.235	2.059	1.98	2.0	2
118	2.216	2.059	1.941	2.02	2
119	2.157	2.039	1.922	2.0	2
120	2.039	2.0	1.922	2.02	2
121	2.02	2.02	1.902	2.098	2
122	2.078	2.098	1.961	1.922	2
123	1.824	2.02	1.961	1.902	2
124	1.667	2.039	1.961	1.961	2
125	1.745	2.02	1.941	1.961	2
126	1.882	2.02	1.902	1.961	2
127	1.902	2.059	1.882	1.98	2
128	1.941	2.059	1.902	1.941	2
129	1.961	2.02	1.941	1.922	2
130	2.0	1.98	1.941	1.922	2
131	2.098	2.0	1.961	1.882	2
132	2.176	1.961	1.941	1.863	2
133	2.235	2.059	1.922	1.902	2
134	2.255	2.098	1.941	1.961	2
135	2.255	2.02	1.902	2.039	2
136	2.176	1.98	1.882	1.922	2
137	2.137	1.98	1.882	1.882	2
138	2.078	2.039	1.941	1.922	2
139	2.196	2.098	1.961	1.824	2
140	1.98	1.961	1.922	1.843	2
141	1.961	2.0	1.882	1.902	2
142	1.961	2.039	1.882	1.941	2
143	1.98	2.02	1.961	1.941	2
144	2.02	2.02	1.961	1.98	2
145	2.216	1.98	1.961	1.824	2
146	2.392	2.02	1.941	1.843	2
147	2.451	2.059	1.902	1.882	2
148	2.569	2.02	1.882	1.882	2
149	2.51	2.0	1.882	1.863	2
150	2.471	2.078	2.02	1.843	2
151	2.569	2.039	2.118	1.922	2
152	2.725	2.039	2.078	1.961	2
153	2.725	2.02	1.98	1.941	2
154	2.686	2.039	1.882	1.961	2
155	2.608	2.098	1.902	2.02	2
156	2.373	2.157	1.98	1.902	2
157	2.235	2.078	2.078	1.863	2
158	2.255	2.039	2.059	1.941	2
159	2.196	2.039	2.039	1.98	2
160	2.137	2.02	1.961	1.98	2
161	2.137	2.078	1.902	2.02	2
162	2.333	2.078	1.882	1.98	2
163	2.373	2.098	1.941	1.98	2
164	2.294	2.098	1.98	1.863	2
165	2.294	2.039	1.98	1.804	2
166	2.294	2.039	1.902	1.804	2
167	2.373	2.039	1.843	1.745	2
168	2.235	2.0	1.863	1.804	2
169	2.314	2.039	1.882	1.941	2
170	2.353	2.039	1.824	2.039	2
171	2.118	2.059	1.863	2.059	2
172	1.922	2.157	1.902	2.196	2
173	1.961	2.157	1.961	1.843	2
174	1.765	2.059	2.02	1.686	2
175	1.647	2.078	2.02	1.843	2
176	1.588	2.137	1.98	2.0	2
177	1.569	2.078	1.863	2.039	2
178	1.529	2.078	1.804	2.0	2
179	1.569	2.059	1.804	1.784	2
180	1.627	2.078	1.902	1.824	2
181	1.686	2.196	2.059	1.961	2
182	1.745	2.255	2.216	2.039	2
183	1.706	2.196	2.157	2.255	2
184	1.765	2.216	2.02	2.314	2
185	1.667	2.118	1.902	1.902	2
186	1.431	1.961	1.804	1.863	2
187	1.49	2.039	1.863	1.863	2
188	1.51	2.137	2.039	2.0	2
189	1.451	2.235	2.216	2.059	2
190	1.51	2.255	2.255	2.078	2
191	1.176	2.0	2.098	2.098	2
192	1.098	2.039	1.922	2.0	2
193	1.255	2.196	1.863	2.118	2
194	1.314	2.176	1.882	2.118	2
195	1.275	2.118	1.863	2.078	2
196	1.373	2.039	1.922	1.98	2
197	1.431	2.0	2.0	1.941	2
198	1.51	2.078	2.118	2.02	2
199	1.667	2.118	2.157	2.078	2
200	1.745	2.118	2.059	2.078	2
201	1.843	2.137	1.98	1.941	2
202	1.784	2.098	1.941	2.02	2
203	1.804	2.098	1.902	2.118	2
204	1.804	2.098	1.843	2.098	2
205	1.667	2.118	1.765	2.059	2
206	1.608	2.176	1.647	2.059	2
207	1.588	2.176	1.588	1.98	2
208	1.275	1.961	1.569	1.922	2
209	1.039	1.804	1.569	2.098	2
210	1.098	1.961	1.765	2.059	2
211	1.118	2.118	2.078	1.941	2
212	1.059	2.255	2.314	2.078	2
213	1.235	2.333	2.314	2.078	2
214	1.235	2.196	1.941	1.941	2
215	1.118	2.039	1.471	1.961	2
216	1.039	1.941	1.235	1.941	2
217	1.02	1.922	1.353	2.02	2
218	1.157	2.098	1.745	2.039	2
219	1.216	2.196	2.196	2.098	2
220	1.216	2.196	2.392	2.078	2
221	1.216	2.235	2.392	2.0	2
222	1.098	2.235	2.333	2.039	2
223	1.0	2.314	2.216	2.157	2
224	1.0	2.275	2.137	2.157	2
225	0.745	2.137	1.98	2.039	2
226	0.647	2.157	1.824	2.0	2
227	0.725	2.176	1.784	2.0	2
228	0.745	2.137	1.784	1.941	2
229	0.686	2.176	1.922	2.02	2
230	0.765	2.137	2.02	1.961	2
231	0.765	2.059	2.137	1.824	2
232	0.863	2.078	2.235	1.843	2
233	1.0	2.176	2.353	1.863	2
234	1.235	2.314	2.373	2.118	2
235	1.333	2.392	2.137	2.118	2
236	1.255	2.196	1.745	1.843	2
237	1.176	2.02	1.549	1.784	2
238	1.255	2.02	1.647	1.824	2
239	1.176	2.0	1.882	1.882	2
240	1.235	2.176	2.176	2.0	2
241	1.412	2.333	2.255	1.961	2
242	1.216	2.137	2.098	1.843	2
243	1.216	2.098	1.843	1.843	2
244	1.157	2.0	1.686	1.941	2
245	1.216	2.0	1.667	1.863	2
246	1.314	2.078	1.824	1.863	2
247	1.49	2.176	1.941	1.804	2
248	1.667	2.137	1.961	1.824	2
249	1.529	1.863	1.863	1.706	2
250	1.588	1.824	1.627	1.843	2
251	1.784	1.961	1.608	1.863	2
252	1.961	2.059	1.843	1.784	2
253	2.02	2.039	1.941	1.804	2
254	1.961	1.824	1.941	1.765	2
255	2.02	1.863	1.882	1.627	2
256	1.902	1.824	1.804	1.706	2
257	1.902	1.784	1.667	1.824	2
258	1.941	1.882	1.588	1.843	2
259	1.765	1.647	1.647	1.686	2
260	1.686	1.667	1.843	1.843	2
261	1.98	1.961	2.216	1.961	2
262	2.059	2.039	2.431	1.804	2
263	1.863	1.863	2.176	1.765	2
264	1.922	1.843	1.745	1.902	2
265	2.078	1.804	1.471	1.843	2
266	2.137	1.784	1.569	1.804	2
267	2.255	1.824	1.843	1.804	2
268	2.255	1.745	2.078	1.824	2
269	2.373	1.843	2.059	1.882	2
270	2.412	1.882	1.902	1.863	2
271	2.51	1.922	1.784	1.843	2
272	2.431	1.784	1.588	1.902	2
273	2.235	1.686	1.353	2.0	2
274	2.216	1.784	1.471	2.02	2
275	2.392	1.98	1.922	1.98	2
276	2.176	1.863	2.353	1.824	2
277	2.098	1.961	2.451	1.961	2
278	2.235	2.02	2.176	2.02	2
279	2.098	1.824	1.549	1.843	2
280	1.902	1.627	0.902	1.706	2
281	1.922	1.667	0.98	1.843	2
282	2.098	1.824	1.745	2.02	2
283	2.235	1.961	2.451	2.098	2
284	2.392	2.039	2.667	2.118	2
285	2.451	1.961	2.314	1.922	2
286	2.314	1.804	1.765	1.902	2
287	2.333	1.902	1.471	1.922	2
288	2.392	1.922	1.667	1.863	2
289	2.392	1.922	2.157	1.784	2
290	2.314	1.961	2.451	1.961	2
291	2.137	1.882	2.451	2.039	2
292	2.255	2.02	2.353	2.157	2
293	2.137	1.98	2.275	1.882	2
294	2.02	2.0	2.039	1.941	2
295	2.059	2.098	1.784	2.078	2
296	1.98	1.961	1.804	1.98	2
297	1.863	1.863	2.0	2.098	2
298	2.039	1.941	2.196	2.02	2
299	2.235	2.118	2.373	1.961	2
300	2.255	2.098	2.431	1.902	2
301	2.216	2.039	2.255	1.882	2
302	2.235	1.98	2.176	1.941	2
303	2.353	2.078	2.275	2.059	2
304	2.373	2.137	2.275	1.961	2
305	2.333	2.039	2.196	2.039	2
306	2.451	2.059	2.02	2.078	2
307	2.392	2.098	1.765	1.941	2
308	2.333	2.098	1.608	1.98	2
309	2.294	2.078	1.902	1.98	2
310	2.098	1.98	2.412	1.863	2
311	2.098	2.098	2.922	1.941	2
312	2.137	2.216	2.941	2.039	2
313	2.176	2.176	2.49	1.98	2
314	2.0	2.059	1.98	1.98	2
315	2.059	2.039	1.686	2.039	2
316	2.137	2.059	1.686	1.98	2
317	2.196	2.078	1.902	1.765	2
318	2.137	2.0	2.196	1.765	2
319	2.176	1.902	2.451	1.843	2
320	2.196	1.961	2.569	1.863	2
321	2.235	2.02	2.471	1.922	2
322	2.196	2.0	2.098	1.902	2
323	2.216	1.941	1.647	1.941	2
324	2.078	1.902	1.529	1.941	2
325	2.039	1.882	1.902	1.765	2
326	2.039	1.922	2.412	1.922	2
327	2.059	2.039	2.647	1.843	2
328	2.02	2.0	2.471	1.804	2
329	1.804	1.863	2.059	1.804	2
330	1.745	1.824	1.745	1.882	2
331	1.784	1.922	1.627	1.961	2
332	1.922	2.0	1.745	1.863	2
333	1.961	1.941	1.902	1.882	2
334	2.02	1.961	2.078	1.941	2
335	2.157	2.0	2.176	1.745	2
336	2.137	2.0	2.157	1.784	2
337	2.275	2.059	1.961	1.922	2
338	2.157	1.882	1.745	1.922	2
339	2.098	1.863	1.745	1.667	2
340	2.255	2.039	2.0	1.686	2
341	2.176	2.039	2.255	1.804	2
342	1.98	1.882	2.196	1.902	2
343	2.039	1.98	1.902	2.02	2
344	2.02	2.059	1.706	1.961	2
345	1.922	2.02	1.647	1.804	2
346	1.882	1.98	1.784	1.863	2
347	1.882	1.961	1.902	1.784	2
348	1.824	1.922	1.922	1.784	2
349	1.824	1.922	1.745	1.804	2
350	1.863	1.922	1.314	1.843	2
351	1.902	1.902	1.118	1.627	2
352	1.804	1.725	1.51	1.667	2
353	1.882	1.863	2.294	1.863	2
354	2.275	2.255	2.98	2.02	2
355	2.157	2.118	2.784	1.902	2
356	1.882	1.824	1.922	2.039	2
357	1.902	1.863	1.098	1.98	2
358	1.922	2.02	0.843	1.922	2
359	1.863	2.02	1.255	1.961	2
360	1.902	2.02	1.98	2.059	2
361	1.784	2.0	2.392	1.961	2
362	1.569	1.941	2.275	1.824	2
363	1.569	1.961	1.922	2.059	2
364	1.549	1.922	1.549	2.078	2
365	1.451	1.941	1.49	2.078	2
366	1.49	2.0	1.863	2.176	2
367	1.765	2.333	2.373	2.333	2
368	2.039	2.588	2.725	2.294	2
369	1.863	2.235	2.51	2.078	2
370	1.588	1.98	1.882	2.059	2
371	1.745	2.137	1.333	2.118	2
372	1.824	2.216	1.196	2.039	2
373	1.725	2.176	1.529	2.059	2
374	1.745	2.137	1.961	2.118	2
375	1.725	2.255	2.078	2.216	2
376	1.667	2.216	1.882	2.333	2
377	1.686	2.275	1.588	2.451	2
378	1.706	2.373	1.451	2.235	2
379	1.49	2.314	1.765	2.137	2
380	1.451	2.314	2.333	2.196	2
381	1.569	2.451	2.725	2.275	2
382	1.627	2.51	2.686	2.255	2
383	1.588	2.471	2.157	2.294	2
384	1.549	2.294	1.588	2.137	2
385	1.529	2.157	1.333	2.078	2
386	1.608	2.196	1.49	2.098	2
387	1.667	2.255	1.98	1.922	2
388	1.706	2.275	2.392	2.157	2
389	1.804	2.333	2.451	2.314	2
390	1.804	2.353	2.392	2.314	2
391	1.902	2.451	2.49	2.137	2
392	1.784	2.333	2.549	2.0	2
393	1.667	2.255	2.431	1.98	2
394	1.667	2.157	2.235	2.098	2
395	1.549	2.078	2.118	2.098	2
396	1.49	2.137	2.039	2.039	2
397	1.529	2.157	2.039	2.137	2
398	1.588	2.176	2.118	2.098	2
399	1.569	2.137	2.176	1.941	2
400	1.608	2.137	2.216	1.784	2
401	1.647	2.078	2.176	1.902	2
402	1.667	2.02	2.078	1.922	2
403	1.784	2.098	1.98	2.02	2
404	1.882	2.078	1.98	2.02	2
405	1.941	2.078	1.824	2.118	2
406	1.98	2.059	1.686	2.0	2
407	1.863	1.922	1.824	1.843	2
408	1.882	1.922	2.098	1.863	2
409	1.863	2.0	2.294	1.902	2
410	1.804	1.922	2.196	1.902	2
411	1.902	1.961	1.961	2.0	2
412	1.863	2.0	1.824	1.98	2
413	1.765	1.961	1.745	2.098	2
414	1.765	2.0	1.765	2.039	2
415	1.765	1.922	1.804	1.961	2
416	1.686	1.843	1.882	1.882	2
417	1.706	1.824	1.843	1.98	2
418	1.824	1.824	1.765	1.961	2
419	1.882	1.882	1.608	1.961	2
420	1.882	1.863	1.529	1.941	2
421	1.941	1.824	1.706	1.882	2
422	1.902	1.824	2.137	1.902	2
423	2.02	1.922	2.49	1.882	2
424	2.0	1.882	2.235	1.961	2
425	2.0	1.824	1.608	1.98	2
426	1.922	1.804	1.098	1.961	2
427	1.824	1.765	1.137	1.98	2
428	1.922	1.843	1.686	2.059	2
429	1.863	1.902	2.294	1.863	2
430	1.765	1.941	2.569	1.863	2
431	1.765	1.882	2.333	1.902	2
432	1.765	1.863	1.765	1.902	2
433	1.667	1.784	1.294	1.804	2
434	1.588	1.627	1.176	1.765	2
435	1.667	1.784	1.49	1.922	2
436	2.118	2.196	2.0	1.941	2
437	2.098	2.078	2.059	1.863	2
438	1.863	1.745	1.882	1.725	2
439	1.706	1.667	1.843	1.784	2
440	2.137	2.176	2.176	1.922	2
441	2.275	2.275	2.51	1.941	2
442	2.137	2.098	2.333	1.843	2
443	1.843	1.902	1.824	1.843	2
444	1.784	1.941	1.412	1.922	2
445	1.961	2.137	1.451	2.059	2
446	2.0	2.176	1.824	1.902	2
447	1.824	2.098	2.255	1.824	2
448	1.784	2.118	2.51	1.882	2
449	1.804	2.137	2.471	2.02	2
450	1.824	2.216	2.333	2.039	2
451	1.961	2.294	2.176	1.98	2
452	1.922	2.216	1.961	1.882	2
453	1.804	2.098	1.863	1.804	2
454	1.882	2.118	2.0	1.961	2
455	2.078	2.255	2.078	1.922	2
456	2.039	2.216	2.118	1.804	2
457	1.961	2.098	1.922	1.882	2
458	1.961	2.118	1.647	1.961	2
459	2.02	2.176	1.647	1.961	2
460	1.961	2.137	1.765	1.863	2
461	1.804	2.098	1.961	1.882	2
462	1.902	2.216	2.118	2.02	2
463	1.902	2.157	2.255	1.922	2
464	1.667	2.059	2.078	1.98	2
465	1.725	2.118	1.667	2.078	2
466	1.725	2.157	1.392	2.059	2
467	1.725	2.098	1.51	1.804	2
468	1.706	2.02	1.961	1.922	2
469	1.824	2.078	2.275	2.059	2
470	1.922	2.216	2.353	2.137	2
471	1.98	2.176	2.176	2.059	2
472	1.941	2.02	1.922	2.0	2
473	1.961	1.98	1.667	1.922	2
474	1.922	1.902	1.529	1.922	2
475	1.922	1.941	1.627	1.961	2
476	1.882	1.863	2.0	1.922	2
477	2.02	2.118	2.431	2.059	2
478	2.059	2.157	2.588	2.137	2
479	1.941	2.0	2.373	2.137	2
480	1.902	1.922	1.922	1.922	2
481	1.686	1.765	1.549	2.039	2
482	1.706	1.824	1.451	2.137	2
483	1.824	1.902	1.608	2.039	2
484	1.765	1.882	1.882	1.863	2
485	1.706	1.804	2.157	1.902	2
486	1.784	1.804	2.333	1.941	2
487	1.902	1.824	2.314	1.922	2
488	1.941	1.804	2.118	1.961	2
489	2.039	1.863	1.941	1.941	2
490	2.0	1.784	1.784	1.882	2
491	2.02	1.804	1.784	1.843	2
492	2.059	1.863	1.902	2.0	2
493	2.098	1.843	2.02	2.0	2
494	1.922	1.765	2.078	1.941	2
495	1.882	1.824	2.02	2.0	2
496	1.941	1.863	2.02	2.02	2
497	1.961	1.843	1.922	1.843	2
498	1.745	1.804	1.549	1.843	2
499	1.745	1.824	1.294	1.922	2
500	1.686	1.745	1.49	1.922	2
501	1.706	1.902	2.118	1.902	2
502	1.922	2.118	2.725	1.922	2
503	1.922	1.98	2.549	1.941	2
504	1.824	1.863	1.843	1.922	2
505	1.863	1.902	1.235	1.941	2
506	1.98	1.902	1.157	1.941	2
507	2.0	2.039	1.451	1.941	2
508	2.02	2.059	1.784	1.863	2
509	1.961	1.961	2.039	1.804	2
510	1.902	1.863	2.255	1.863	2
511	1.863	2.0	2.333	1.961	2
512	2.0	2.275	2.275	2.196	2
513	2.059	2.314	1.941	2.176	2
514	1.922	2.157	1.706	1.863	2
515	1.686	2.039	1.745	1.882	2
516	1.667	2.059	1.765	2.039	2
517	1.745	2.137	1.863	2.098	2
518	1.765	2.157	1.843	2.0	2
519	1.765	2.176	1.843	2.0	2
520	1.824	2.196	2.0	1.961	2
521	1.765	2.118	2.196	1.941	2
522	1.843	2.235	2.373	1.922	2
523	1.961	2.216	2.314	1.843	2
524	1.902	2.196	2.02	1.941	2
525	1.961	2.196	1.804	2.0	2
526	1.98	2.196	1.784	2.059	2
527	2.02	2.176	1.863	2.137	2
528	1.98	2.216	1.902	2.02	2
529	1.902	2.176	1.902	2.02	2
530	1.882	2.216	2.02	2.059	2
531	1.922	2.255	2.314	1.882	2
532	1.686	2.118	2.294	1.961	2
533	1.706	2.157	2.0	2.02	2
534	1.804	2.157	1.824	2.02	2
535	1.765	2.176	1.902	1.961	2
536	1.706	2.137	2.137	2.02	2
537	1.804	2.098	2.176	1.922	2
538	1.882	2.118	2.098	2.176	2
539	2.0	2.196	1.843	2.137	2
540	1.961	2.118	1.667	1.882	2
541	1.941	2.098	1.686	1.922	2
542	1.961	2.059	1.863	2.02	2
543	1.941	2.039	2.039	1.941	2
544	1.961	2.078	2.196	1.941	2
545	1.941	2.098	2.196	1.961	2
546	1.902	2.098	2.0	2.039	2
547	1.922	2.118	1.902	2.078	2
548	1.941	2.157	1.882	2.02	2
549	1.706	2.059	1.882	1.941	2
550	1.667	2.02	1.882	1.941	2
551	1.686	2.0	1.824	1.98	2
552	1.706	2.039	1.765	1.961	2
553	1.784	2.176	1.824	1.961	2
554	1.882	2.137	1.941	1.863	2
555	1.863	2.02	2.02	1.863	2
556	1.824	2.02	2.02	1.941	2
557	1.98	2.098	2.039	1.882	2
558	1.961	2.137	1.98	1.882	2
559	1.98	2.078	2.02	1.824	2
560	1.863	1.98	2.02	1.863	2
561	2.0	2.118	1.922	2.0	2
562	1.98	2.157	1.784	1.961	2
563	1.922	2.118	1.686	2.039	2
564	1.941	2.157	1.627	2.039	2
565	1.804	1.961	1.667	1.843	2
566	1.627	1.922	2.059	1.882	2
567	1.745	2.176	2.549	2.0	2
568	1.804	2.157	2.549	2.059	2
569	1.824	2.176	2.137	2.039	2
570	1.804	2.118	1.725	2.02	2
571	1.804	2.0	1.51	1.98	2
572	1.863	2.02	1.569	2.0	2
573	1.882	2.039	1.902	1.941	2
574	1.98	2.039	2.235	1.941	2
575	1.922	1.961	2.333	1.961	2
576	1.961	2.02	2.157	2.059	2
577	2.078	2.098	1.922	2.059	2
578	2.039	2.0	1.745	2.039	2
579	1.922	1.902	1.745	1.922	2
580	1.941	1.98	1.882	1.902	2
581	1.902	1.961	2.039	1.961	2
582	1.922	2.059	2.157	1.922	2
583	1.843	2.02	1.902	1.961	2
584	1.686	1.882	1.529	2.059	2
585	1.549	1.745	1.51	2.02	2
586	1.745	2.039	2.059	2.0	2
587	1.961	2.255	2.627	2.118	2
588	2.059	2.196	2.608	2.02	2
589	1.922	1.961	2.118	1.902	2
590	1.843	1.922	1.627	1.922	2
591	1.922	1.941	1.471	2.059	2
592	2.02	2.02	1.647	2.02	2
593	2.039	2.039	2.0	1.902	2
594	2.078	2.176	2.294	2.02	2
595	2.157	2.157	2.412	1.941	2
596	1.98	1.98	2.353	1.902	2
597	1.882	2.0	2.157	2.02	2
598	1.863	2.078	1.98	2.176	2
599	1.961	2.137	1.902	2.039	2
600	1.843	2.137	1.765	2.0	2
601	1.765	2.059	1.765	2.02	2
602	1.784	2.0	1.961	1.961	2
603	1.804	2.078	2.157	1.863	2
604	1.706	2.0	2.098	1.843	2
605	1.706	1.882	1.706	1.922	2
606	1.863	2.02	1.49	2.0	2
607	1.922	2.039	1.706	2.0	2
608	1.961	2.0	2.137	1.863	2
609	1.922	1.98	2.294	1.863	2
610	2.02	2.0	2.137	1.922	2
611	2.0	2.0	1.863	1.902	2
612	2.0	2.0	1.686	1.961	2
613	2.039	2.02	1.667	1.941	2
614	1.922	1.961	1.765	2.0	2
615	1.882	2.0	1.961	1.98	2
616	1.922	2.059	2.137	1.843	2
617	1.863	2.039	2.314	1.922	2
618	1.725	2.0	2.333	2.0	2
619	1.706	1.98	2.098	2.059	2
620	1.824	2.039	1.745	2.0	2
621	1.843	2.039	1.588	2.059	2
622	1.882	1.98	1.686	1.961	2
623	1.98	2.137	2.137	1.882	2
624	1.922	2.059	2.373	1.863	2
625	1.922	1.98	2.235	1.922	2
626	1.98	2.0	1.961	1.922	2
627	2.02	2.02	1.784	1.961	2
628	2.039	2.098	1.765	2.02	2
629	2.078	2.059	1.863	2.039	2
630	1.98	2.0	1.961	1.98	2
631	1.961	2.059	2.02	1.961	2
632	1.882	2.078	2.02	2.098	2
633	1.941	2.137	1.98	1.961	2
634	1.784	2.0	1.922	1.922	2
635	1.745	2.02	1.804	2.0	2
636	1.804	2.098	1.667	2.02	2
637	1.824	2.02	1.647	1.882	2
638	1.588	1.863	1.706	1.843	2
639	1.706	1.98	2.059	1.843	2
640	1.98	2.196	2.431	1.961	2
641	2.0	2.137	2.294	1.98	2
642	1.902	1.961	1.824	1.922	2
643	1.902	2.02	1.51	1.843	2
644	1.922	2.0	1.588	1.824	2
645	1.882	2.02	1.706	1.863	2
646	1.961	2.098	1.882	1.882	2
647	2.02	2.078	2.078	1.902	2
648	1.882	1.941	2.235	1.882	2
649	1.804	2.039	2.275	2.078	2
650	1.941	2.235	2.196	1.961	2
651	1.765	2.059	2.039	1.863	2
652	1.667	2.02	1.745	2.02	2
653	1.745	2.039	1.49	2.039	2
654	1.745	2.02	1.569	1.922	2
655	1.765	2.098	2.059	1.98	2
656	1.863	2.157	2.569	1.961	2
657	1.961	2.176	2.49	2.02	2
658	1.922	2.078	1.902	2.0	2
659	1.922	2.0	1.412	1.98	2
660	1.882	2.0	1.471	1.941	2
661	2.0	2.098	1.98	1.941	2
662	2.078	2.137	2.353	2.0	2
663	2.078	2.098	2.314	2.039	2
664	1.941	1.98	2.039	1.902	2
665	1.843	1.98	1.843	1.98	2
666	1.922	2.196	1.843	2.157	2
667	2.039	2.235	2.02	2.039	2
668	1.804	2.039	2.098	1.941	2
669	1.765	2.098	2.118	2.059	2
670	1.784	2.039	2.098	2.0	2
671	1.784	2.098	2.02	1.882	2
672	1.784	2.098	1.98	1.882	2
673	1.882	2.098	2.02	1.902	2
674	1.863	2.02	2.078	1.961	2
675	1.843	2.0	2.02	1.98	2
676	1.98	2.078	1.902	2.0	2
677	2.0	2.078	1.784	1.961	2
678	2.02	2.078	1.804	1.922	2
679	2.0	2.0	1.98	1.843	2
680	1.98	2.039	2.118	1.941	2
681	1.922	2.059	2.0	1.941	2
682	1.922	2.098	1.765	2.0	2
683	1.824	2.098	1.569	2.078	2
684	1.902	2.137	1.588	2.039	2
685	1.765	1.941	1.863	1.882	2
686	1.667	1.922	2.137	1.941	2
687	1.745	2.078	2.294	2.098	2
688	1.784	2.059	2.157	2.098	2
689	1.765	2.039	1.824	2.0	2
690	1.824	2.02	1.569	1.961	2
691	1.882	2.039	1.49	1.941	2
692	1.882	1.98	1.686	1.882	2
693	1.961	1.98	2.02	1.941	2
694	1.961	2.0	2.314	1.98	2
695	2.0	2.059	2.333	1.961	2
696	2.059	2.137	2.078	2.0	2
697	2.039	2.039	1.804	2.059	2
698	1.922	1.863	1.667	2.0	2
699	1.882	1.941	1.843	1.961	2
700	2.02	2.157	2.098	2.078	2
701	1.961	2.137	2.216	2.059	2
702	1.784	1.98	2.176	1.941	2
703	1.765	2.0	2.02	2.02	2
704	1.843	2.02	1.843	2.02	2
705	1.706	1.902	1.706	1.961	2
706	1.608	1.863	1.765	2.039	2
707	1.843	2.098	2.078	2.039	2
708	2.059	2.255	2.314	2.059	2
709	1.98	2.137	2.294	1.961	2
710	1.902	1.941	2.059	1.98	2
711	1.882	1.882	1.824	2.02	2
712	1.98	1.941	1.706	1.961	2
713	2.0	2.039	1.804	1.922	2
714	2.078	2.098	2.02	2.039	2
715	2.059	2.059	2.176	2.0	2
716	1.863	1.98	2.196	1.98	2
717	1.824	1.98	2.02	2.0	2
718	1.922	2.118	1.882	2.0	2
719	1.882	2.059	1.843	1.922	2
720	1.667	1.902	1.902	1.961	2
721	1.627	1.902	1.902	1.98	2
722	1.784	2.039	1.882	2.0	2
723	1.804	2.098	1.784	2.039	2
724	1.902	2.137	1.725	1.941	2
725	1.863	2.0	1.686	1.863	2
726	1.863	2.02	1.784	1.922	2
727	1.98	2.039	1.98	1.902	2
728	1.922	1.941	2.157	1.824	2
729	1.941	2.0	2.294	1.824	2
730	2.0	2.098	2.078	1.961	2
731	2.078	2.118	1.667	1.98	2
732	2.0	2.0	1.49	1.882	2
733	1.882	2.02	1.667	1.843	2
734	1.843	2.059	1.922	2.0	2
735	1.902	2.078	2.118	2.0	2
736	1.804	2.02	2.255	1.882	2
737	1.804	2.078	2.353	1.961	2
738	1.843	2.176	2.255	2.059	2
739	1.804	2.078	2.039	1.902	2
740	1.686	2.039	1.824	1.843	2
741	1.765	2.0	1.765	1.824	2
742	1.843	2.02	1.902	1.824	2
743	1.824	2.039	2.059	1.843	2
744	1.922	2.059	2.176	1.922	2
745	1.941	2.059	2.176	1.961	2
746	2.039	2.118	2.098	2.039	2
747	2.02	2.078	1.98	2.0	2
748	2.02	2.078	1.784	1.922	2
749	1.941	2.0	1.745	1.863	2
750	1.843	1.98	1.863	1.902	2
751	1.824	1.98	2.039	2.02	2
752	1.882	2.118	2.157	2.02	2
753	1.824	2.078	2.078	1.922	2
754	1.706	2.0	1.863	1.98	2
755	1.667	1.961	1.706	2.0	2
756	1.745	2.039	1.784	2.039	2
757	1.784	2.098	1.863	1.961	2
758	1.725	1.961	1.706	1.863	2
759	1.686	1.843	1.627	1.824	2
760	1.804	1.98	1.843	1.882	2
761	1.941	2.137	2.216	1.941	2
762	2.0	2.098	2.275	1.824	2
763	1.961	2.059	1.98	1.882	2
764	1.863	1.941	1.706	1.922	2
765	1.863	1.922	1.706	1.98	2
766	1.941	2.02	1.804	1.922	2
767	1.882	1.98	1.863	1.922	2
768	1.745	1.961	1.882	2.02	2
769	1.863	2.059	2.02	1.98	2
770	1.784	2.059	2.157	1.922	2
771	1.745	2.118	2.137	1.98	2
772	1.784	2.098	1.98	2.02	2
773	1.765	2.059	1.725	2.059	2
774	1.725	2.059	1.667	1.98	2
775	1.765	2.039	1.843	1.902	2
776	1.725	1.922	2.137	1.922	2
777	1.804	2.039	2.314	2.0	2
778	2.039	2.216	2.294	2.059	2
779	2.118	2.196	2.098	2.02	2
780	2.0	2.039	1.765	1.922	2
781	1.902	1.961	1.588	1.863	2
782	1.922	2.02	1.667	1.98	2
783	2.059	2.078	1.98	1.98	2
784	1.902	2.02	2.235	1.902	2
785	1.804	2.0	2.275	2.0	2
786	2.0	2.176	2.235	2.059	2
787	1.902	2.118	2.118	1.902	2
788	1.667	1.98	1.98	1.804	2
789	1.647	2.02	1.882	1.824	2
790	1.706	1.961	1.882	2.078	2
791	1.843	2.039	1.941	2.118	2
792	1.882	2.039	2.0	1.941	2
793	1.824	2.0	1.941	1.961	2
794	1.824	2.02	1.765	1.863	2
795	1.843	1.961	1.686	1.902	2
796	1.98	2.059	1.961	1.843	2
797	2.098	2.098	2.294	1.902	2
798	2.059	2.118	2.353	1.941	2
799	2.0	2.02	2.137	2.02	2
800	1.98	1.98	1.765	2.02	2
801	1.961	2.02	1.588	2.02	2
802	1.922	2.059	1.627	2.098	2
803	1.98	2.059	1.804	2.039	2
804	1.882	2.02	2.059	1.843	2
805	1.745	1.98	2.137	1.902	2
806	1.765	2.02	2.118	2.02	2
807	1.843	2.098	2.078	2.059	2
808	1.804	2.059	2.02	1.902	2
809	1.765	1.98	1.961	1.961	2
810	1.863	2.059	1.941	1.902	2
811	1.902	2.039	1.902	1.882	2
812	1.922	2.059	1.804	1.941	2
813	1.98	2.0	1.706	1.882	2
814	1.941	1.941	1.725	1.863	2
815	1.882	1.922	1.882	1.765	2
816	1.922	1.98	2.078	1.843	2
817	2.039	2.118	2.176	2.02	2
818	1.961	2.059	2.098	2.039	2
819	1.843	2.02	2.039	2.118	2
820	2.02	2.196	1.98	2.078	2
821	1.863	2.059	1.843	1.804	2
822	1.667	1.902	1.647	1.843	2
823	1.725	2.02	1.588	1.98	2
824	1.804	2.039	1.706	2.0	2
825	1.745	1.961	1.922	1.922	2
826	1.765	2.039	2.157	1.941	2
827	1.941	2.157	2.314	1.941	2
828	1.902	2.137	2.255	2.0	2
829	1.961	2.059	2.039	2.02	2
830	1.98	2.039	1.863	1.922	2
831	2.0	2.059	1.824	1.882	2
832	2.02	2.098	1.863	1.882	2
833	2.02	2.059	2.0	1.941	2
834	2.02	2.02	2.078	1.922	2
835	1.922	2.039	2.157	1.922	2
836	1.863	2.039	2.137	2.137	2
837	1.98	2.137	2.02	2.176	2
838	1.941	2.118	2.0	1.882	2
839	1.765	2.02	2.02	1.863	2
840	1.706	2.059	2.059	1.961	2
841	1.784	2.059	2.059	1.941	2
842	1.725	2.0	1.98	1.902	2
843	1.784	2.02	1.941	1.882	2
844	1.824	2.039	1.941	2.039	2
845	1.922	2.098	1.882	2.118	2
846	1.961	2.078	1.784	2.098	2
847	1.961	2.0	1.863	1.922	2
848	1.961	2.059	2.02	1.902	2
849	1.961	2.078	2.137	1.882	2
850	1.961	2.039	2.118	2.02	2
851	2.0	2.0	1.922	2.039	2
852	1.922	2.02	1.765	2.02	2
853	1.784	1.922	1.647	2.098	2
854	1.843	2.02	1.667	2.157	2
855	1.882	2.059	1.784	1.98	2
856	1.784	2.059	1.98	2.02	2
857	1.784	2.078	2.098	2.059	2
858	1.745	2.039	2.137	2.078	2
859	1.784	2.039	2.118	2.02	2
860	1.804	2.039	1.98	2.0	2
861	1.824	2.0	1.863	1.941	2
862	1.882	1.98	1.784	1.922	2
863	1.922	2.059	1.804	2.0	2
864	2.0	2.039	1.922	1.922	2
865	2.0	2.039	1.961	1.941	2
866	2.0	2.02	1.961	1.843	2
867	1.941	2.0	1.98	1.922	2
868	2.039	2.098	2.098	2.059	2
869	2.02	2.098	2.118	2.02	2
870	1.902	2.0	1.902	2.02	2
871	1.922	2.078	1.706	2.059	2
872	1.882	2.02	1.686	1.863	2
873	1.647	1.922	1.882	1.902	2
874	1.804	2.118	2.059	2.059	2
875	1.824	2.078	2.059	1.961	2
876	1.745	2.02	1.961	1.882	2
877	1.784	2.02	1.98	1.902	2
878	1.843	2.02	1.98	1.941	2
879	1.882	2.0	1.824	1.902	2
880	1.902	2.0	1.647	1.961	2
881	1.941	2.039	1.745	1.941	2
882	1.98	2.039	2.0	1.804	2
883	1.98	2.039	2.137	1.824	2
884	2.0	2.02	2.078	1.98	2
885	2.0	1.98	1.98	1.922	2
886	1.824	1.961	1.941	1.98	2
887	1.902	2.078	1.98	2.059	2
888	2.02	2.176	2.039	2.02	2
889	1.902	2.02	2.098	1.843	2
890	1.686	2.0	2.078	1.941	2
891	1.706	2.098	2.02	2.059	2
892	1.784	2.02	1.922	2.039	2
893	1.824	2.059	1.922	2.078	2
894	1.922	2.098	2.0	1.98	2
895	1.863	2.098	2.078	1.922	2
896	1.863	2.078	2.118	1.922	2
897	1.922	2.098	2.059	2.02	2
898	2.0	2.059	2.0	1.941	2
899	1.98	2.059	1.941	1.98	2
900	2.02	2.098	1.961	1.941	2
901	2.02	2.098	1.961	2.02	2
902	2.059	2.098	1.941	2.0	2
903	1.922	2.039	1.902	2.0	2
904	1.882	2.02	1.961	2.059	2
905	1.961	2.078	2.02	2.118	2
906	1.863	2.039	2.02	1.941	2
907	1.725	2.039	1.961	1.922	2
908	1.784	2.118	1.922	1.902	2
909	1.784	2.078	1.941	1.961	2
910	1.745	2.039	1.961	2.0	2
911	1.745	2.039	1.941	2.02	2
912	1.824	2.0	1.922	1.961	2
913	1.902	2.02	1.882	1.863	2
914	1.882	2.039	1.784	1.98	2
915	1.941	1.98	1.647	1.902	2
916	1.961	2.0	1.725	1.882	2
917	1.961	2.0	2.039	1.902	2
918	2.0	2.118	2.314	2.059	2
919	2.137	2.157	2.353	2.078	2
920	2.0	2.078	1.98	2.039	2
921	1.922	2.039	1.627	2.02	2
922	1.922	1.961	1.549	2.059	2
923	1.824	1.961	1.725	1.902	2
924	1.765	2.02	2.059	1.941	2
925	1.804	2.098	2.216	2.059	2
926	1.863	2.078	2.176	2.059	2
927	1.784	2.02	1.98	1.941	2
928	1.765	1.98	1.804	1.922	2
929	1.824	1.961	1.765	1.902	2
930	1.843	2.0	1.882	1.863	2
931	1.961	2.098	2.0	1.941	2
932	1.961	2.0	2.059	1.922	2
933	1.922	1.941	2.039	2.078	2
934	2.02	1.98	1.98	1.941	2
935	1.961	1.98	1.882	1.824	2
936	1.941	1.961	1.804	1.863	2
937	1.843	1.941	1.843	1.902	2
938	1.882	2.059	1.922	1.961	2
939	1.961	2.118	2.078	2.039	2
940	1.824	1.941	2.098	1.824	2
941	1.667	1.922	2.078	1.98	2
942	1.765	1.961	2.0	2.118	2
943	1.784	2.0	1.824	2.02	2
944	1.784	2.078	1.804	1.941	2
945	1.824	2.078	1.882	2.02	2
946	1.863	2.039	1.98	1.922	2
947	1.843	1.98	2.078	1.922	2
948	1.882	2.0	2.059	1.98	2
949	2.02	2.059	2.0	1.902	2
950	2.0	2.039	1.98	1.922	2
951	1.98	2.0	1.941	1.902	2
952	1.922	1.98	1.902	1.98	2
953	2.0	2.059	1.98	2.02	2
954	2.02	2.137	2.059	2.039	2
955	1.941	2.098	2.039	2.078	2
956	1.922	2.059	1.98	2.098	2
957	1.961	2.098	1.882	1.961	2
958	1.725	2.0	1.824	1.882	2
959	1.686	2.0	1.824	1.941	2
960	1.725	2.039	1.843	1.98	2
961	1.745	2.039	1.882	1.961	2
962	1.765	2.098	1.961	1.961	2
963	1.882	2.078	2.098	1.902	2
964	1.902	2.098	2.196	1.922	2
965	1.961	2.118	2.039	2.02	2
966	1.922	2.0	1.784	1.922	2
967	1.882	2.02	1.667	1.882	2
968	1.961	2.039	1.784	1.922	2
969	1.941	2.078	1.922	1.941	2
970	2.0	2.059	1.882	1.961	2
971	1.961	2.059	1.667	1.941	2
972	1.902	2.059	1.706	1.961	2
973	1.882	2.078	1.98	2.078	2
974	2.0	2.235	2.431	1.961	2
975	1.745	2.059	2.451	1.922	2
976	1.686	1.98	2.059	1.98	2
977	1.745	2.0	1.647	1.98	2
978	1.725	2.039	1.51	1.961	2
979	1.784	2.078	1.667	2.0	2
980	1.902	2.118	1.941	1.961	2
981	1.902	2.078	2.216	1.922	2
982	1.961	2.098	2.216	1.98	2
983	1.98	2.059	2.098	1.882	2
984	1.98	2.098	1.843	1.922	2
985	2.039	2.078	1.647	1.902	2
986	1.961	2.0	1.725	1.922	2
987	1.961	2.0	2.098	1.98	2
988	2.0	2.098	2.451	2.02	2
989	2.039	2.216	2.412	2.02	2
990	1.98	2.137	2.098	2.039	2
991	1.902	2.059	1.686	1.824	2
992	1.725	2.0	1.549	1.804	2
993	1.725	2.039	1.706	1.863	2
994	1.706	1.961	1.902	1.941	2
995	1.765	2.078	2.157	1.98	2
996	1.902	2.196	2.255	2.137	2
997	1.941	2.137	2.157	2.0	2
998	1.843	2.0	1.961	1.804	2
999	1.843	1.98	1.725	1.824	2
1000	1.902	2.0	1.745	1.804	2
1001	1.922	2.137	1.941	1.961	2
1002	2.078	2.196	2.176	2.0	2
1003	2.0	2.078	2.196	1.98	2
1004	1.98	2.059	2.078	2.0	2
1005	1.98	2.078	1.941	2.039	2
1006	1.922	2.098	1.863	1.941	2
1007	1.902	2.098	1.843	1.98	2
1008	1.882	2.098	1.922	1.922	2
1009	1.725	2.02	1.98	1.98	2
1010	1.765	2.118	2.02	1.98	2
1011	1.784	2.098	2.039	1.922	2
1012	1.765	2.059	2.039	1.98	2
1013	1.784	2.078	2.039	2.039	2
1014	1.843	2.098	2.0	2.0	2
1015	1.824	2.078	1.922	1.961	2
1016	1.922	2.137	1.922	1.98	2
1017	2.0	2.098	1.922	1.941	2
1018	1.961	2.078	2.0	1.843	2
1019	1.941	2.02	2.02	1.784	2
1020	1.941	2.039	2.02	1.882	2
1021	1.961	2.02	2.0	2.0	2
1022	1.941	2.059	1.941	2.059	2
1023	1.961	2.118	1.902	2.0	2
1024	1.98	2.176	1.902	2.078	2
1025	1.961	2.137	1.863	1.922	2
1026	1.667	1.922	1.843	1.882	2
1027	1.686	1.98	1.922	1.98	2
1028	1.804	2.039	2.059	2.02	2
1029	1.765	2.039	2.0	1.98	2
1030	1.765	2.059	1.765	2.0	2
1031	1.804	1.98	1.667	1.922	2
1032	1.784	1.922	1.824	1.922	2
1033	1.902	2.059	2.137	2.0	2
1034	2.0	2.039	2.235	1.902	2
1035	1.922	1.961	1.961	1.922	2
1036	1.941	1.98	1.706	1.922	2
1037	2.02	2.02	1.627	1.961	2
1038	1.961	2.0	1.765	1.922	2
1039	1.882	1.941	1.961	1.902	2
1040	1.863	1.98	1.98	1.902	2
1041	1.882	2.039	2.0	2.0	2
1042	1.922	2.059	2.0	1.882	2
1043	1.706	1.961	2.098	1.98	2
1044	1.765	2.0	2.098	2.157	2
1045	1.843	2.039	1.98	2.039	2
1046	1.784	2.02	1.882	1.824	2
1047	1.706	2.0	1.824	1.863	2
1048	1.804	1.98	1.843	1.922	2
1049	1.863	1.922	1.902	1.941	2
1050	1.882	2.0	2.098	1.902	2
1051	1.941	1.961	2.196	1.902	2
1052	1.922	2.0	2.157	1.941	2
1053	2.0	2.039	2.078	1.902	2
1054	1.98	2.02	1.98	1.941	2
1055	1.98	1.941	1.922	1.98	2
1056	1.902	1.922	1.902	1.961	2
1057	1.843	1.941	1.882	2.039	2
1058	1.902	2.059	1.941	2.078	2
1059	1.98	2.059	2.0	1.863	2
1060	1.725	1.902	2.02	1.824	2
1061	1.647	1.941	2.059	1.922	2
1062	1.765	2.0	2.118	2.02	2
1063	1.824	2.059	2.059	2.078	2
1064	1.784	2.039	1.902	2.059	2
1065	1.843	2.0	1.765	1.941	2
1066	1.843	1.98	1.706	1.902	2
1067	1.882	1.941	1.824	1.922	2
1068	1.941	1.941	1.961	1.941	2
1069	1.961	1.98	2.059	1.961	2
1070	2.039	2.078	2.137	1.922	2
1071	2.02	2.039	2.118	1.882	2
1072	2.02	2.02	1.98	2.0	2
1073	2.02	2.059	1.863	2.02	2
1074	1.882	1.98	1.667	1.941	2
1075	1.824	1.98	1.647	2.02	2
1076	1.882	2.02	1.882	1.941	2
1077	1.706	1.922	2.196	1.922	2
1078	1.745	2.078	2.353	2.059	2
1079	1.922	2.176	2.255	2.078	2
1080	1.824	2.02	1.941	1.843	2
1081	1.667	1.882	1.608	1.902	2
1082	1.765	1.922	1.471	1.902	2
1083	1.882	2.02	1.725	1.863	2
1084	1.863	2.059	2.137	1.882	2
1085	1.941	2.02	2.392	1.902	2
1086	1.941	2.0	2.216	1.941	2
1087	1.98	2.02	1.941	1.922	2
1088	1.922	2.0	1.765	2.0	2
1089	2.0	2.02	1.784	2.039	2
1090	2.02	2.039	1.843	1.941	2
1091	1.922	2.059	1.765	1.941	2
1092	1.863	2.02	1.765	2.078	2
1093	1.882	2.0	1.941	1.961	2
1094	1.725	2.0	2.255	1.961	2
1095	1.784	2.118	2.392	2.0	2
1096	1.765	2.02	2.137	2.02	2
1097	1.804	2.039	1.765	1.98	2
1098	1.784	2.059	1.588	1.98	2
1099	1.843	2.039	1.667	1.961	2
1100	1.882	2.02	1.863	1.941	2
1101	1.902	2.039	2.078	1.902	2
1102	1.98	2.059	2.118	1.824	2
1103	1.961	2.039	2.098	1.941	2
1104	2.02	2.039	2.0	1.922	2
1105	1.941	2.0	1.843	1.941	2
1106	2.0	2.059	1.765	2.0	2
1107	2.059	2.118	1.902	2.02	2
1108	1.941	2.059	2.098	1.941	2
1109	1.804	2.02	2.196	2.0	2
1110	1.902	2.118	2.118	1.941	2
1111	1.804	2.02	1.941	1.882	2
1112	1.725	2.02	1.784	1.961	2
1113	1.745	2.02	1.784	2.02	2
1114	1.765	2.02	1.902	1.961	2
1115	1.784	2.078	2.059	2.0	2
1116	1.922	2.118	2.157	2.0	2
1117	1.902	2.098	2.078	2.0	2
1118	1.922	2.098	2.0	1.961	2
1119	1.922	2.0	1.882	1.961	2
1120	1.941	2.039	1.882	1.882	2
1121	2.02	2.137	1.941	1.882	2
1122	1.98	2.098	2.039	1.961	2
1123	2.0	2.078	2.039	2.0	2
1124	2.0	2.02	2.02	1.902	2
1125	1.902	2.039	1.941	1.941	2
1126	1.824	2.059	1.902	2.078	2
1127	1.98	2.176	1.941	1.98	2
1128	1.843	2.098	2.02	1.941	2
1129	1.725	1.98	1.882	1.902	2
1130	1.667	1.98	1.686	1.941	2
1131	1.824	2.078	1.725	1.961	2
1132	1.824	2.078	2.0	2.0	2
1133	1.863	2.078	2.235	1.98	2
1134	1.961	2.118	2.216	1.98	2
1135	1.922	2.078	1.98	1.902	2
1136	1.922	2.0	1.765	1.922	2
1137	1.941	2.0	1.667	1.882	2
1138	2.0	2.039	1.765	1.843	2
1139	1.98	2.02	1.902	1.902	2
1140	2.0	2.039	1.961	2.059	2
1141	2.02	2.039	1.922	2.0	2
1142	1.961	2.059	1.882	1.941	2
1143	1.882	2.078	1.941	2.0	2
1144	1.863	2.098	2.078	1.941	2
1145	1.745	1.98	2.098	1.922	2
1146	1.765	2.0	1.98	1.941	2
1147	1.804	2.059	1.882	2.02	2
1148	1.882	2.059	1.843	1.961	2
1149	1.745	1.98	1.784	1.902	2
1150	1.784	2.02	1.725	1.941	2
1151	1.902	2.039	1.804	1.922	2
1152	1.882	2.0	2.02	1.882	2
1153	1.941	2.039	2.216	1.902	2
1154	1.98	2.039	2.216	1.882	2
1155	1.98	2.0	2.02	1.941	2
1156	1.961	1.98	1.824	1.863	2
1157	2.02	2.059	1.745	1.922	2
1158	2.0	2.039	1.784	1.863	2
1159	1.902	1.961	1.98	1.902	2
1160	1.784	1.961	2.118	2.118	2
1161	1.863	2.039	2.098	2.039	2
1162	1.765	2.02	2.039	1.922	2
1163	1.765	2.078	2.059	1.941	2
1164	1.784	2.098	2.039	2.0	2
1165	1.765	2.0	1.941	1.902	2
1166	1.725	1.98	1.882	1.941	2
1167	1.804	2.02	1.882	1.961	2
1168	1.863	2.039	1.941	1.961	2
1169	1.922	2.039	1.922	1.941	2
1170	1.922	2.02	1.902	1.961	2
1171	1.961	2.02	1.941	2.0	2
1172	2.02	2.098	2.02	2.02	2
1173	2.039	2.157	2.078	1.98	2
1174	2.0	2.098	1.98	2.078	2
1175	2.0	2.039	1.902	2.0	2
1176	1.863	1.961	1.902	1.922	2
1177	1.784	2.039	1.941	2.078	2
1178	1.98	2.157	1.98	2.098	2
1179	1.902	2.137	2.0	1.961	2
1180	1.725	1.98	1.922	1.961	2
1181	1.725	2.059	1.922	2.0	2
1182	1.725	2.0	1.902	1.902	2
1183	1.706	2.02	1.902	1.98	2
1184	1.843	2.098	1.98	2.02	2
1185	1.961	2.118	2.0	1.961	2
1186	1.941	2.078	1.961	1.902	2
1187	1.902	2.0	1.863	1.961	2
1188	1.941	1.98	1.784	1.922	2
1189	1.941	2.02	1.843	1.843	2
1190	1.98	2.078	2.02	1.863	2
1191	1.98	2.039	2.137	1.98	2
1192	2.0	2.059	2.039	2.0	2
1193	1.961	2.039	1.902	1.941	2
1194	1.863	2.02	1.784	2.059	2
1195	1.902	2.098	1.824	2.039	2
1196	1.882	2.098	1.922	1.98	2
1197	1.824	2.039	1.941	1.961	2
1198	1.745	1.961	1.882	1.882	2
1199	1.686	1.922	1.863	1.902	2
1200	1.765	2.078	2.0	2.0	2
1201	1.922	2.157	2.157	2.039	2
1202	1.863	2.02	2.078	2.0	2
1203	1.941	2.0	1.882	1.922	2
1204	1.98	2.098	1.765	1.961	2
1205	1.98	2.02	1.824	1.882	2
1206	1.902	1.98	1.902	1.922	2
1207	1.941	2.039	2.0	1.902	2
1208	2.0	2.098	2.039	1.961	2
1209	2.039	2.137	1.961	1.961	2
1210	1.941	2.078	2.0	1.98	2
1211	1.824	2.039	2.078	2.118	2
1212	1.902	2.137	2.157	2.157	2
1213	1.863	2.118	2.078	1.941	2
1214	1.725	2.059	1.941	1.961	2
1215	1.706	2.078	1.863	2.039	2
1216	1.765	2.039	1.863	1.941	2
1217	1.725	2.039	1.98	1.922	2
1218	1.804	2.118	2.098	1.961	2
1219	1.882	2.098	2.118	1.941	2
1220	1.843	2.118	2.02	1.941	2
1221	1.922	2.059	1.961	1.98	2
1222	2.0	2.098	2.0	1.961	2
1223	2.0	2.118	2.078	1.882	2
1224	1.922	2.0	2.059	1.902	2
1225	2.0	2.078	2.02	1.98	2
1226	1.961	2.059	1.961	1.98	2
1227	1.902	2.078	1.941	1.961	2
1228	1.824	2.02	1.902	2.0	2
1229	1.902	2.078	1.902	1.98	2
1230	1.784	2.02	1.961	1.902	2
1231	1.745	2.059	2.039	1.941	2
1232	1.745	2.098	2.078	1.98	2
1233	1.745	2.0	2.0	1.941	2
1234	1.686	2.039	1.902	2.0	2
1235	1.784	2.078	1.804	2.02	2
1236	1.882	2.039	1.804	1.941	2
1237	1.824	2.02	1.902	1.902	2
1238	1.902	2.078	2.039	1.941	2
1239	1.961	2.098	2.118	1.882	2
1240	1.98	2.059	2.078	1.902	2
1241	1.922	2.039	1.941	1.902	2
1242	1.941	2.02	1.824	1.98	2
1243	1.961	2.0	1.784	2.0	2
1244	1.902	2.039	1.843	1.941	2
1245	1.863	2.078	1.941	2.059	2
1246	1.922	2.137	2.02	2.137	2
1247	1.863	2.059	2.098	1.941	2
1248	1.784	2.059	2.039	2.0	2
1249	1.804	2.059	1.941	1.98	2
1250	1.804	2.059	1.843	1.961	2
1251	1.745	2.059	1.824	1.961	2
1252	1.784	2.039	1.843	1.941	2
1253	1.882	2.059	1.922	1.941	2
1254	1.902	2.039	2.0	1.882	2
1255	1.882	2.0	2.02	1.961	2
1256	1.961	2.02	1.922	1.961	2
1257	2.02	2.039	1.725	1.961	2
1258	1.98	2.039	1.706	1.902	2
1259	2.02	2.098	1.922	1.98	2
1260	2.02	2.059	2.157	1.882	2
1261	1.882	1.98	2.216	1.922	2
1262	1.784	1.922	2.039	2.059	2
1263	1.902	2.059	1.824	2.0	2
1264	1.843	2.02	1.725	1.824	2
1265	1.725	1.98	1.765	1.863	2
1266	1.745	2.02	1.961	1.98	2
1267	1.804	2.039	2.118	1.98	2
1268	1.804	2.078	2.098	2.0	2
1269	1.824	2.02	1.98	1.902	2
1270	1.784	1.922	1.922	1.922	2
1271	1.902	2.0	1.902	1.922	2
1272	1.961	2.078	1.941	1.961	2
1273	1.98	2.0	1.941	1.922	2
1274	1.98	2.0	1.98	1.863	2
1275	1.961	2.0	2.098	1.863	2
1276	2.02	2.059	2.098	2.0	2
1277	2.039	2.02	2.02	1.961	2
1278	1.941	2.039	1.922	1.98	2
1279	1.882	2.02	1.863	2.137	2
1280	1.941	2.039	1.824	2.137	2
1281	1.882	2.0	1.882	1.863	2
1282	1.765	1.98	2.02	1.98	2
1283	1.784	2.059	2.137	2.039	2
1284	1.784	2.0	2.196	2.0	2
1285	1.745	2.0	2.118	2.0	2
1286	1.843	2.0	1.961	2.039	2
1287	1.882	2.0	1.784	1.98	2
1288	1.902	2.0	1.804	1.961	2
1289	1.961	2.078	1.922	2.059	2
1290	1.98	2.02	2.02	1.941	2
1291	1.961	2.02	2.059	1.961	2
1292	1.98	2.039	2.039	1.922	2
1293	1.98	2.02	1.98	2.02	2
1294	2.02	2.02	1.941	2.02	2
1295	1.961	2.02	1.941	1.961	2
1296	1.824	1.961	1.922	2.02	2
1297	1.902	2.118	1.922	2.118	2
1298	1.941	2.137	1.941	2.02	2
1299	1.863	2.078	1.961	2.02	2
1300	1.745	2.039	1.98	2.0	2
1301	1.784	2.02	2.0	1.98	2
1302	1.725	2.0	1.941	1.98	2
1303	1.804	2.039	1.843	1.961	2
1304	1.902	2.098	1.863	1.902	2
1305	1.98	2.039	1.941	1.863	2
1306	1.922	2.039	1.961	1.961	2
1307	1.961	2.02	1.941	1.961	2
1308	1.98	2.039	1.922	1.98	2
1309	2.0	2.078	1.961	1.882	2
1310	1.961	2.059	2.0	1.882	2
1311	1.941	2.039	2.0	1.902	2
1312	1.863	2.0	1.98	1.922	2
1313	1.824	2.0	1.941	2.098	2
1314	2.0	2.137	1.961	2.157	2
1315	1.922	2.098	1.98	1.863	2
1316	1.667	1.961	1.98	1.922	2
1317	1.667	2.0	1.922	2.039	2
1318	1.765	2.059	1.882	1.941	2
1319	1.725	2.02	1.863	1.863	2
1320	1.745	2.039	1.922	1.941	2
1321	1.804	1.98	1.961	1.902	2
1322	1.843	1.98	1.882	1.98	2
1323	1.922	2.039	1.843	2.0	2
1324	1.98	2.059	1.922	1.882	2
1325	1.961	2.059	2.039	1.941	2
1326	2.0	2.098	2.078	1.902	2
1327	1.98	2.059	2.02	1.98	2
1328	2.02	2.059	1.863	2.039	2
1329	1.961	2.039	1.725	1.941	2
1330	1.824	1.941	1.686	2.059	2
1331	1.863	2.039	1.824	2.118	2
1332	1.961	2.176	2.118	1.922	2
1333	1.843	2.118	2.275	1.902	2
1334	1.745	2.02	2.078	2.02	2
1335	1.784	2.02	1.765	2.0	2
1336	1.804	2.078	1.706	1.98	2
1337	1.843	2.098	1.902	2.02	2
1338	1.902	2.078	2.118	1.961	2
1339	1.922	2.059	2.157	1.922	2
1340	1.902	2.02	2.02	1.941	2
1341	1.961	2.039	1.843	1.882	2
1342	1.98	2.039	1.588	1.922	2
1343	1.98	2.0	1.49	1.882	2
1344	1.961	2.02	1.804	1.941	2
1345	2.02	2.059	2.294	1.961	2
1346	1.882	2.0	2.549	1.941	2
1347	1.843	2.02	2.314	2.039	2
1348	1.961	2.098	1.922	2.098	2
1349	1.922	2.059	1.627	1.863	2
1350	1.706	1.961	1.608	1.863	2
1351	1.706	2.0	1.765	1.941	2
1352	1.804	2.078	2.02	2.02	2
1353	1.784	2.039	2.196	2.0	2
1354	1.804	2.02	2.176	1.922	2
1355	1.824	2.02	2.078	1.922	2
1356	1.922	2.098	1.98	1.922	2
1357	1.863	2.039	1.922	1.941	2
1358	1.961	2.02	1.882	1.961	2
1359	1.98	2.02	1.863	1.941	2
1360	2.02	2.039	1.902	1.902	2
1361	2.039	2.078	1.98	1.961	2
1362	2.039	2.059	2.039	1.961	2
1363	1.941	2.0	2.039	1.98	2
1364	1.882	2.0	2.02	2.0	2
1365	1.961	2.118	1.98	2.078	2
1366	1.961	2.118	1.863	1.863	2
1367	1.725	1.941	1.804	1.843	2
1368	1.686	1.941	1.804	1.98	2
1369	1.784	2.039	1.941	2.0	2
1370	1.765	2.039	2.039	1.941	2
1371	1.804	2.078	2.059	1.961	2
1372	1.882	2.059	2.02	1.941	2
1373	1.882	2.0	1.961	1.843	2
1374	1.882	2.0	1.863	1.902	2
1375	1.961	2.039	1.843	1.922	2
1376	1.961	2.039	1.902	2.0	2
1377	2.02	2.078	1.98	1.902	2
1378	1.941	2.039	2.039	1.843	2
1379	1.941	1.98	2.02	1.902	2
1380	1.941	2.059	1.98	1.902	2
1381	1.863	2.0	1.941	1.961	2
1382	1.863	2.039	1.882	2.098	2
1383	1.922	2.078	1.961	2.02	2
1384	1.804	2.059	1.98	1.98	2
1385	1.745	2.039	2.039	1.941	2
1386	1.765	2.039	2.039	2.039	2
1387	1.784	2.059	1.98	1.961	2
1388	1.804	2.059	1.922	1.922	2
1389	1.824	2.059	1.902	1.902	2
1390	1.863	1.98	1.941	1.902	2
1391	1.922	2.078	1.941	2.02	2
1392	2.02	2.059	2.0	1.922	2
1393	1.961	2.02	2.02	1.902	2
1394	1.961	2.059	2.02	1.922	2
1395	1.98	2.039	1.98	2.0	2
1396	2.02	2.039	1.941	2.02	2
1397	1.961	2.059	1.922	2.0	2
1398	1.902	2.098	1.941	2.02	2
1399	1.98	2.118	1.98	2.078	2
1400	1.922	2.078	2.02	1.902	2
1401	1.686	1.98	2.02	1.941	2
1402	1.745	2.078	1.98	2.059	2
1403	1.804	2.078	1.902	2.02	2
1404	1.745	1.98	1.863	1.902	2
1405	1.706	1.98	1.824	1.98	2
1406	1.843	2.039	1.804	1.98	2
1407	1.902	2.059	1.804	1.922	2
1408	1.824	2.02	1.863	1.98	2
1409	1.922	2.039	1.98	1.882	2
1410	1.941	2.0	2.078	1.843	2
1411	1.98	2.059	2.157	1.843	2
1412	1.941	2.059	2.039	1.941	2
1413	1.941	1.961	1.882	1.98	2
1414	1.902	2.0	1.745	2.02	2
1415	1.902	2.078	1.765	2.0	2
1416	1.882	2.039	1.902	2.02	2
1417	1.882	2.059	2.039	1.882	2
1418	1.745	2.0	2.098	1.863	2
1419	1.725	1.98	2.059	1.961	2
1420	1.765	2.02	1.98	1.961	2
1421	1.824	2.118	1.941	1.882	2
1422	1.824	2.078	1.902	1.941	2
1423	1.843	2.039	1.922	1.961	2
1424	1.882	2.0	1.98	1.941	2
1425	1.961	2.098	2.078	2.0	2
1426	2.039	2.118	2.098	1.941	2
1427	1.98	2.059	1.961	1.922	2
1428	1.98	2.02	1.784	1.882	2
1429	2.0	2.059	1.804	1.98	2
1430	2.059	2.118	1.961	2.0	2
1431	1.98	2.098	2.118	1.98	2
1432	1.902	2.039	2.078	1.98	2
1433	1.902	2.039	2.0	2.039	2
1434	1.882	2.059	1.922	1.922	2
1435	1.765	2.039	1.882	2.0	2
1436	1.784	2.059	1.922	2.098	2
1437	1.784	2.039	1.941	1.961	2
1438	1.725	2.039	1.98	1.863	2
1439	1.765	2.039	2.0	2.02	2
1440	1.882	2.078	1.98	2.02	2
1441	1.902	2.039	1.941	1.922	2
1442	1.843	1.98	1.902	2.02	2
1443	1.922	1.961	1.843	1.882	2
1444	1.941	2.02	1.863	1.941	2
1445	2.0	2.059	1.941	1.902	2
1446	1.961	2.039	2.02	1.922	2
1447	1.98	1.98	2.039	1.98	2
1448	1.941	1.98	1.961	2.0	2
1449	1.882	2.039	1.882	2.0	2
1450	1.941	2.078	1.863	2.059	2
1451	1.902	2.078	1.941	1.941	2
1452	1.745	2.02	1.961	1.922	2
1453	1.725	1.98	1.941	1.98	2
1454	1.725	2.0	1.961	2.0	2
1455	1.745	2.039	1.961	1.961	2
1456	1.804	2.059	1.98	1.98	2
1457	1.843	2.02	1.98	1.941	2
1458	1.843	2.039	1.941	1.902	2
1459	1.824	2.0	1.941	1.98	2
1460	1.961	2.039	1.902	1.922	2
1461	1.941	2.039	1.941	1.922	2
1462	1.941	2.0	2.0	1.882	2
1463	1.941	2.02	2.039	1.922	2
1464	2.0	2.059	2.02	2.02	2
1465	1.961	2.059	1.961	1.98	2
1466	1.863	2.0	1.922	1.98	2
1467	1.863	2.039	1.902	2.02	2
1468	1.902	2.098	1.98	1.902	2
1469	1.725	1.961	1.98	1.941	2
1470	1.784	2.059	2.0	1.98	2
1471	1.804	2.059	1.98	1.961	2
1472	1.765	2.02	1.961	1.902	2
1473	1.745	2.039	1.961	1.98	2
1474	1.843	2.039	1.941	1.961	2
1475	1.882	1.98	1.922	1.882	2
1476	1.922	2.039	1.941	1.922	2
1477	1.961	2.039	1.961	1.941	2
1478	1.98	2.059	1.98	1.98	2
1479	2.02	2.02	1.922	1.882	2
1480	1.961	2.0	1.863	1.902	2
1481	2.0	2.02	1.882	2.0	2
1482	1.941	2.0	1.922	2.02	2
1483	1.922	2.039	2.0	2.02	2
1484	1.941	2.098	2.039	2.039	2
1485	1.98	2.118	2.059	1.941	2
1486	1.745	2.0	1.961	1.922	2
1487	1.706	1.98	1.882	2.0	2
1488	1.765	2.039	1.863	2.039	2
1489	1.784	2.02	1.863	1.961	2
1490	1.765	2.039	1.922	1.98	2
1491	1.843	2.059	2.0	1.98	2
1492	1.902	2.059	2.02	1.941	2
1493	1.882	2.039	2.02	1.922	2
1494	1.961	2.02	1.941	1.922	2
1495	1.941	2.02	1.882	1.941	2
1496	1.941	1.98	1.882	1.843	2
1497	1.941	2.059	1.961	2.0	2
1498	2.059	2.118	2.039	2.0	2
1499	1.98	2.078	2.039	1.98	2
1500	1.882	2.039	1.98	1.961	2
1501	1.863	2.0	1.922	1.961	2
1502	1.882	2.098	1.922	1.922	2
1503	1.725	1.98	1.922	1.922	2
1504	1.686	2.039	1.922	2.0	2
1505	1.765	2.078	1.941	2.059	2
1506	1.824	2.059	1.941	1.98	2
1507	1.824	2.059	1.922	1.961	2
1508	1.843	2.02	1.843	1.98	2
1509	1.843	2.0	1.706	1.902	2
1510	1.824	1.98	1.765	1.902	2
1511	1.882	1.98	1.961	1.922	2
1512	2.02	2.118	2.235	1.941	2
1513	2.059	2.137	2.275	1.902	2
1514	1.98	2.039	2.059	1.922	2
1515	1.961	1.98	1.804	2.0	2
1516	1.922	1.98	1.667	1.98	2
1517	1.882	2.0	1.706	1.941	2
1518	1.882	2.118	1.922	2.02	2
1519	1.941	2.098	2.118	1.98	2
1520	1.765	2.0	2.157	1.941	2
1521	1.745	2.039	2.098	1.961	2
1522	1.824	2.098	2.02	2.02	2
1523	1.863	2.098	2.0	1.941	2
1524	1.804	2.059	2.0	2.0	2
1525	1.824	2.02	1.961	2.0	2
1526	1.882	2.059	1.941	1.882	2
1527	1.882	2.02	1.941	1.941	2
1528	1.98	2.039	1.961	1.961	2
1529	2.0	2.078	2.0	1.98	2
1530	2.039	2.078	2.0	1.922	2
1531	2.0	2.059	1.98	1.941	2
1532	2.078	2.118	1.961	2.02	2
1533	2.039	2.059	1.902	1.941	2
1534	1.863	1.98	1.784	1.941	2
1535	1.843	2.059	1.804	2.039	2
1536	1.961	2.137	1.98	2.0	2
1537	1.824	2.098	2.157	1.922	2
1538	1.745	2.02	2.137	1.98	2
1539	1.725	2.02	1.941	2.0	2
1540	1.765	2.02	1.784	1.961	2
1541	1.784	2.02	1.745	1.961	2
1542	1.804	2.02	1.824	1.941	2
1543	1.843	2.0	1.941	1.902	2
1544	1.941	2.098	2.02	1.902	2
1545	2.02	2.098	2.098	1.941	2
1546	1.922	2.039	2.02	1.922	2
1547	1.941	2.0	1.922	1.902	2
1548	1.922	2.0	1.863	1.902	2
1549	1.98	2.02	1.922	1.961	2
1550	1.98	2.039	1.961	1.961	2
1551	1.902	2.039	1.961	1.902	2
1552	1.843	2.0	1.941	1.98	2
1553	1.863	2.098	1.961	1.902	2
1554	1.765	2.039	2.02	1.882	2
1555	1.745	2.059	2.039	1.941	2
1556	1.804	2.039	1.98	2.078	2
1557	1.804	2.039	1.902	1.941	2
1558	1.706	2.039	1.902	1.882	2
1559	1.784	2.0	1.922	1.882	2
1560	1.863	2.059	1.941	1.882	2
1561	1.941	2.098	2.0	1.961	2
1562	2.0	2.078	2.0	1.98	2
1563	1.961	2.039	1.98	1.902	2
1564	1.941	2.039	1.941	1.882	2
1565	1.922	2.039	1.922	1.922	2
1566	1.961	2.0	1.922	2.039	2
1567	1.98	2.078	1.902	2.02	2
1568	1.961	2.137	1.922	2.0	2
1569	1.843	2.118	1.961	2.059	2
1570	1.882	2.078	2.059	2.0	2
1571	1.745	2.0	2.02	1.941	2
1572	1.686	2.0	1.922	1.98	2
1573	1.745	2.039	1.863	2.02	2
1574	1.745	2.059	1.843	1.902	2
1575	1.745	2.078	1.922	1.961	2
1576	1.843	2.078	1.98	1.961	2
1577	1.882	2.078	1.98	1.961	2
1578	1.863	2.078	2.0	1.902	2
1579	1.882	2.02	1.98	1.902	2
1580	1.882	2.0	1.941	1.941	2
1581	1.98	2.059	1.922	1.922	2
1582	2.0	2.098	1.941	1.922	2
1583	1.98	2.098	1.98	1.961	2
1584	1.922	2.039	2.0	1.922	2
1585	1.882	2.078	1.961	1.98	2
1586	1.941	2.118	1.961	2.059	2
1587	1.98	2.137	2.0	1.961	2
1588	1.765	2.059	2.0	1.902	2
1589	1.647	1.98	1.98	1.98	2
1590	1.725	2.039	1.961	2.02	2
1591	1.804	2.078	1.941	2.0	2
1592	1.765	2.118	1.922	2.0	2
1593	1.863	2.118	1.941	1.941	2
1594	1.882	2.059	1.941	1.98	2
1595	1.922	2.078	1.98	1.941	2
1596	1.98	2.039	1.961	1.961	2
1597	1.961	2.0	1.922	1.882	2
1598	2.0	2.02	1.922	1.882	2
1599	1.941	2.02	1.902	1.882	2
1600	1.922	2.0	1.922	1.961	2
1601	1.941	2.02	1.961	1.922	2
1602	1.863	2.039	2.0	1.941	2
1603	1.843	2.059	1.961	2.059	2
1604	1.922	2.118	1.922	2.0	2
1605	1.784	2.02	1.902	1.941	2
1606	1.667	1.941	1.882	1.922	2
1607	1.725	2.0	1.922	1.98	2
1608	1.784	2.02	1.961	1.941	2
1609	1.745	2.02	2.0	1.98	2
1610	1.824	2.0	1.961	1.961	2
1611	1.882	2.02	1.922	1.863	2
1612	1.882	2.0	1.941	1.941	2
1613	1.98	2.02	1.922	2.0	2
1614	1.961	2.0	1.922	1.902	2
1615	1.98	2.039	1.961	1.922	2
1616	1.98	1.98	1.98	1.902	2
1617	1.961	1.961	1.98	1.961	2
1618	1.941	2.0	1.98	1.941	2
1619	1.902	2.0	1.98	1.941	2
1620	1.824	2.039	1.98	2.059	2
1621	1.902	2.078	2.0	1.98	2
1622	1.765	1.98	1.961	1.902	2
1623	1.686	1.961	1.922	1.961	2
1624	1.745	2.0	1.902	2.078	2
1625	1.765	2.0	1.882	2.0	2
1626	1.686	1.941	1.941	1.941	2
1627	1.765	1.961	1.98	1.902	2
1628	1.843	2.02	2.02	1.882	2
1629	1.941	2.039	1.98	1.961	2
1630	1.98	2.039	1.882	2.0	2
1631	1.961	1.98	1.784	1.941	2
1632	1.941	1.961	1.765	1.922	2
1633	1.941	1.941	1.882	1.941	2
1634	1.98	1.961	1.98	2.02	2
1635	2.078	2.059	2.059	2.0	2
1636	2.02	2.098	2.078	2.0	2
1637	1.922	2.078	2.059	2.098	2
1638	1.98	2.059	1.98	2.059	2
1639	1.843	2.0	1.882	1.941	2
1640	1.745	1.961	1.784	1.98	2
1641	1.765	2.0	1.824	1.98	2
1642	1.784	2.02	1.902	1.922	2
1643	1.765	2.02	2.0	1.961	2
1644	1.824	2.0	2.039	2.0	2
1645	1.902	2.039	2.039	2.02	2
1646	1.941	2.118	2.098	1.961	2
1647	1.941	2.059	2.059	1.961	2
1648	1.941	1.98	1.941	1.941	2
1649	2.02	1.98	1.902	1.843	2
1650	1.941	2.0	1.882	1.804	2
1651	1.863	2.039	1.922	1.922	2
1652	1.784	2.0	2.0	1.961	2
1653	1.745	2.039	2.0	2.078	2
1654	1.843	2.059	2.0	2.157	2
1655	1.902	2.098	2.0	2.059	2
1656	1.745	2.02	2.02	1.922	2
1657	1.706	1.98	1.941	1.941	2
1658	1.902	2.039	1.922	1.941	2
1659	1.941	2.039	1.882	1.902	2
1660	1.745	2.02	1.902	1.922	2
1661	1.686	2.02	1.941	1.941	2
1662	1.745	2.02	2.0	1.941	2
1663	1.863	2.059	1.98	1.922	2
1664	2.059	2.059	2.0	1.922	2
1665	2.118	2.02	1.941	1.902	2
1666	2.176	2.078	1.902	1.902	2
1667	2.098	2.02	1.902	1.824	2
1668	2.039	2.02	1.922	1.902	2
1669	2.039	2.0	1.941	1.882	2
1670	1.941	2.02	1.941	1.882	2
1671	1.863	2.02	1.98	1.98	2
1672	1.922	2.078	1.98	1.961	2
1673	1.843	2.078	1.98	1.863	2
1674	1.765	2.039	1.961	1.941	2
1675	1.765	2.02	1.922	1.941	2
1676	1.745	2.02	1.922	1.941	2
1677	1.725	2.039	1.882	1.922	2
1678	1.765	2.039	1.882	1.902	2
1679	1.843	2.039	1.941	1.882	2
1680	1.902	2.059	2.0	1.922	2
1681	1.961	2.078	2.0	2.0	2
1682	1.961	2.02	1.961	1.941	2
1683	1.941	2.0	1.902	1.902	2
1684	1.941	2.0	1.863	1.882	2
1685	1.922	2.039	1.902	1.941	2
1686	1.941	2.02	1.941	2.0	2
1687	1.863	2.02	1.98	1.922	2
1688	1.745	2.039	2.02	1.941	2
1689	1.725	2.059	2.02	1.98	2
1690	1.667	2.0	1.98	1.902	2
1691	1.569	1.961	1.922	1.961	2
1692	1.529	2.0	1.902	1.961	2
1693	1.608	2.059	1.922	2.0	2
1694	1.686	2.098	1.961	2.059	2
1695	1.824	2.078	1.98	2.039	2
1696	1.882	2.02	1.961	1.98	2
1697	1.961	2.039	1.922	1.922	2
1698	1.882	2.059	1.922	1.902	2
1699	1.804	2.02	1.922	1.941	2
1700	1.882	2.078	1.922	2.0	2
1701	2.02	2.078	2.0	2.0	2
1702	2.059	2.059	1.98	2.059	2
1703	2.118	2.078	1.941	2.059	2
1704	2.02	2.039	1.922	2.078	2
1705	1.941	2.059	1.882	2.157	2
1706	1.941	2.118	1.902	2.098	2
1707	1.824	2.02	1.941	1.902	2
1708	1.706	1.98	1.922	1.98	2
1709	1.745	2.02	1.902	2.039	2
1710	1.824	2.059	1.922	2.039	2
1711	1.784	2.059	1.941	1.98	2
1712	1.784	2.039	1.941	1.941	2
1713	1.804	2.059	1.941	1.882	2
1714	1.863	2.098	1.941	1.902	2
1715	1.843	2.02	1.941	1.902	2
1716	1.882	1.98	1.961	1.843	2
1717	1.922	2.02	1.98	1.941	2
1718	2.039	2.078	2.0	1.941	2
1719	2.02	2.098	2.0	1.98	2
1720	1.98	2.059	1.98	1.961	2
1721	1.902	2.02	1.941	2.02	2
1722	1.922	2.059	1.902	2.176	2
1723	2.02	2.098	1.961	2.098	2
1724	1.941	2.059	2.0	1.863	2
1725	1.804	2.039	2.039	1.941	2
1726	1.725	2.039	2.0	2.02	2
1727	1.765	2.098	1.941	2.039	2
1728	1.784	2.098	1.922	2.0	2
1729	1.843	2.039	1.902	2.0	2
1730	1.922	2.039	1.961	1.961	2
1731	1.922	2.059	1.98	1.961	2
1732	1.961	2.059	1.98	2.0	2
1733	1.941	2.02	1.922	1.941	2
1734	1.98	2.059	1.882	1.941	2
1735	2.0	2.059	1.922	1.902	2
1736	1.961	2.02	1.98	2.0	2
1737	2.0	2.039	2.0	1.98	2
1738	1.922	2.02	2.02	1.882	2
1739	1.804	1.98	1.961	1.98	2
1740	1.882	2.118	1.941	2.059	2
1741	1.863	2.059	1.961	1.882	2
1742	1.686	1.961	1.941	1.882	2
1743	1.588	1.961	1.941	1.922	2
1744	1.725	2.059	1.941	1.922	2
1745	1.745	2.059	1.98	1.941	2
1746	1.882	2.059	2.0	1.961	2
1747	1.961	2.039	1.98	1.882	2
1748	1.98	2.059	1.922	1.863	2
1749	1.922	2.039	1.863	1.98	2
1750	2.059	2.02	1.902	1.902	2
1751	2.02	2.02	1.922	1.824	2
1752	1.961	2.0	1.941	1.824	2
1753	2.0	2.02	1.922	2.0	2
1754	2.118	2.098	1.922	2.059	2
1755	2.02	2.098	1.961	2.02	2
1756	1.941	2.059	1.902	2.118	2
1757	2.02	2.098	1.922	2.059	2
1758	1.843	2.039	1.922	1.863	2
1759	1.627	1.961	1.902	1.922	2
1760	1.667	2.039	1.863	2.0	2
1761	1.725	2.059	1.882	1.98	2
1762	1.725	2.039	1.902	1.961	2
1763	1.745	2.02	1.922	2.0	2
1764	1.804	2.0	1.922	1.961	2
1765	1.902	2.059	1.922	1.961	2
1766	1.941	2.078	1.902	2.0	2
1767	2.0	2.039	1.922	1.902	2
1768	1.941	2.02	1.902	1.882	2
1769	1.902	2.02	1.902	1.902	2
1770	1.882	2.039	1.902	1.961	2
1771	1.961	2.059	1.902	2.0	2
1772	1.882	2.039	1.941	2.0	2
1773	1.765	2.0	1.941	2.098	2
1774	1.882	2.098	1.922	2.137	2
1775	1.882	2.078	1.922	1.922	2
1776	1.686	2.0	1.902	1.941	2
1777	1.686	2.059	1.882	1.98	2
1778	1.725	2.059	1.882	1.961	2
1779	1.647	2.02	1.902	1.941	2
1780	1.686	2.059	1.941	1.961	2
1781	1.804	2.078	1.922	1.902	2
1782	1.843	2.039	1.922	2.039	2
1783	1.922	2.039	1.922	2.02	2
1784	2.0	2.02	1.882	1.902	2
1785	2.02	2.039	1.902	2.0	2
1786	2.039	2.078	1.941	1.98	2
1787	2.0	2.039	1.941	1.98	2
1788	1.961	1.98	1.922	1.902	2
1789	1.824	1.98	1.922	1.902	2
1790	1.804	2.039	1.922	2.059	2
1791	1.922	2.098	1.961	2.118	2
1792	1.863	2.059	2.0	1.922	2
1793	1.706	1.98	1.961	1.941	2
1794	1.667	2.02	1.922	2.039	2
1795	1.706	2.02	1.922	2.059	2
1796	1.667	2.0	1.922	2.0	2
1797	1.686	2.0	1.922	2.02	2
1798	1.824	2.039	1.961	2.02	2
1799	2.0	2.059	1.98	1.961	2
1800	1.941	2.039	1.961	1.941	2
1801	1.961	2.0	1.961	1.843	2
1802	1.922	1.98	1.941	1.902	2
1803	1.961	2.0	1.941	1.922	2
1804	2.02	2.059	1.961	2.02	2
1805	2.078	2.098	1.98	2.02	2
1806	2.0	2.059	1.98	1.98	2
1807	1.882	2.0	1.941	2.059	2
1808	1.961	2.059	1.961	2.137	2
1809	1.902	2.039	1.98	1.902	2
1810	1.667	1.961	1.961	1.902	2
1811	1.686	2.0	1.922	2.0	2
1812	1.745	2.039	1.922	2.0	2
1813	1.725	2.039	1.941	1.98	2
1814	1.725	2.02	1.941	2.02	2
1815	1.765	1.961	1.941	2.078	2
1816	1.863	1.98	1.922	2.02	2
1817	1.843	1.98	1.941	1.98	2
1818	1.882	2.0	1.961	1.941	2
1819	1.824	1.98	1.961	1.98	2
1820	1.863	1.98	1.941	2.0	2
1821	1.863	2.0	1.941	2.098	2
1822	1.922	2.0	1.941	2.078	2
1823	1.686	1.961	1.941	2.098	2
1824	1.608	1.98	1.902	2.216	2
1825	1.686	2.059	1.941	2.275	2
1826	1.667	2.02	1.941	2.02	2
1827	1.471	1.922	1.941	2.059	2
1828	1.451	1.941	1.941	2.118	2
1829	1.51	1.98	1.961	2.098	2
1830	1.529	2.0	1.961	2.039	2
1831	1.608	2.0	1.941	1.98	2
1832	1.647	2.02	1.941	1.941	2
1833	1.706	2.02	1.98	2.02	2
1834	1.784	2.02	1.98	2.098	2
1835	1.843	1.922	1.961	1.961	2
1836	1.882	1.98	1.941	1.922	2
1837	1.961	2.039	1.961	1.941	2
1838	2.059	2.059	2.0	1.98	2
1839	2.059	2.02	1.98	1.98	2
1840	1.961	2.0	2.0	1.882	2
1841	1.824	1.98	2.02	1.961	2
1842	1.902	2.059	2.02	2.02	2
1843	1.961	2.098	2.039	1.882	2
1844	1.784	2.02	2.02	1.843	2
1845	1.784	2.02	1.961	1.882	2
1846	1.745	2.059	1.941	1.902	2
1847	1.765	2.039	1.98	1.863	2
1848	1.765	2.02	1.98	1.863	2
1849	1.784	1.98	2.02	1.824	2
1850	1.941	2.039	2.039	1.824	2
1851	1.961	2.059	2.02	1.804	2
1852	2.02	2.02	2.02	1.784	2
1853	2.059	2.02	2.0	1.804	2
1854	2.039	2.0	1.98	1.784	2
1855	1.98	2.0	1.98	1.784	2
1856	2.059	2.039	2.0	1.902	2
1857	2.039	2.059	2.0	1.941	2
1858	1.961	2.059	2.039	1.922	2
1859	1.902	2.059	2.039	1.902	2
1860	1.882	2.098	2.059	1.804	2
1861	1.745	2.02	2.039	1.784	2
1862	1.686	2.039	2.0	1.843	2
1863	1.667	2.02	1.98	1.863	2
1864	1.706	2.039	1.98	1.902	2
1865	1.745	2.098	2.0	1.941	2
1866	1.843	2.078	2.02	1.941	2
1867	1.922	2.059	2.039	1.882	2
1868	1.922	2.078	2.039	1.863	2
1869	2.02	2.098	2.059	1.843	2
1870	2.02	2.059	2.039	1.863	2
1871	2.059	2.078	2.0	1.863	2
1872	2.059	2.078	1.98	1.902	2
1873	2.118	2.059	1.961	1.961	2
1874	2.0	2.078	1.961	1.922	2
1875	1.882	2.039	2.039	1.902	2
1876	1.882	2.118	2.078	2.0	2
1877	2.0	2.176	2.118	1.882	2
1878	1.784	2.078	2.078	1.843	2
1879	1.725	2.059	2.0	1.882	2
1880	1.706	2.059	1.941	1.941	2
1881	1.765	2.078	1.941	1.902	2
1882	1.745	2.098	1.961	1.922	2
1883	1.804	2.098	1.98	1.941	2
1884	1.961	2.098	1.941	1.922	2
1885	2.02	2.118	1.961	1.941	2
1886	2.098	2.078	1.98	1.882	2
1887	2.098	2.098	2.039	1.882	2
1888	2.02	2.059	2.059	1.824	2
1889	2.02	2.059	2.02	1.843	2
1890	2.098	2.078	1.961	1.922	2
1891	2.078	2.118	1.922	1.961	2
1892	2.02	2.137	1.98	2.039	2
1893	1.98	2.137	2.0	2.137	2
1894	1.961	2.118	2.02	2.02	2
1895	1.725	2.039	2.0	1.961	2
1896	1.725	2.059	1.98	1.961	2
1897	1.784	2.098	1.961	1.98	2
1898	1.784	2.078	1.98	1.941	2
1899	1.765	2.078	1.98	1.98	2
1900	1.824	2.098	1.98	1.961	2
1901	1.922	2.137	2.02	1.98	2
1902	1.98	2.137	2.0	2.059	2
1903	2.0	2.039	1.941	2.039	2
1904	2.0	2.0	1.824	2.0	2
1905	2.078	2.0	1.804	1.941	2
1906	2.078	2.039	1.843	2.0	2
1907	2.216	2.118	1.941	2.098	2
1908	2.196	2.118	2.039	2.078	2
1909	2.059	2.078	2.118	2.137	2
1910	2.039	2.098	2.059	2.176	2
1911	1.98	2.118	1.941	1.98	2
1912	1.725	2.0	1.824	1.941	2
1913	1.686	2.0	1.784	2.059	2
1914	1.784	2.02	1.824	2.098	2
1915	1.843	2.098	1.902	2.078	2
1916	1.843	2.137	1.961	2.118	2
1917	1.902	2.078	1.961	2.039	2
1918	1.882	2.02	1.98	1.961	2
1919	1.941	2.078	2.0	2.0	2
1920	2.02	2.078	2.039	2.0	2
1921	2.039	2.059	2.0	2.059	2
1922	2.078	2.059	1.941	2.02	2
1923	2.078	2.039	1.882	1.98	2
1924	2.118	2.039	1.882	1.98	2
1925	2.02	2.059	1.902	2.02	2
1926	1.922	2.02	1.941	2.039	2
1927	1.961	2.078	1.961	2.157	2
1928	2.059	2.157	2.0	2.02	2
1929	1.725	2.0	1.98	1.941	2
1930	1.647	1.98	1.941	2.0	2
1931	1.686	2.02	1.882	2.0	2
1932	1.706	2.039	1.902	1.961	2
1933	1.725	2.039	1.922	2.0	2
1934	1.824	2.078	1.961	2.118	2
1935	1.941	2.078	1.941	2.098	2
1936	1.98	2.078	1.922	2.039	2
1937	2.039	2.039	1.902	1.922	2
1938	1.961	1.961	1.882	1.863	2
1939	1.961	1.961	1.882	1.902	2
1940	2.0	2.039	1.882	1.941	2
1941	2.059	2.059	1.922	1.98	2
1942	2.0	2.059	1.98	1.941	2
1943	1.98	2.118	1.961	2.0	2
1944	2.0	2.039	2.0	2.059	2
1945	1.922	2.059	1.941	1.961	2
1946	1.686	2.0	1.863	1.961	2
1947	1.765	2.078	1.843	2.039	2
1948	1.745	2.039	1.863	1.922	2
1949	1.667	2.0	1.902	1.843	2
1950	1.608	2.0	1.922	1.882	2
1951	1.765	2.039	1.922	1.902	2
1952	1.882	2.059	1.922	1.863	2
1953	1.922	2.059	1.941	1.961	2
1954	1.98	2.02	1.902	1.902	2
1955	1.961	2.0	1.882	1.882	2
1956	2.059	2.02	1.863	1.863	2
1957	2.02	2.039	1.882	1.922	2
1958	2.039	2.0	1.902	1.961	2
1959	2.0	2.039	1.922	1.961	2
1960	1.941	2.039	1.922	1.98	2
1961	1.922	2.078	1.941	1.961	2
1962	1.941	2.098	1.961	1.863	2
1963	1.745	2.02	1.922	1.882	2
1964	1.686	2.0	1.902	1.922	2
1965	1.686	2.039	1.902	2.039	2
1966	1.745	2.078	1.902	2.02	2
1967	1.745	2.098	1.922	1.941	2
1968	1.765	2.039	1.922	1.882	2
1969	1.824	2.059	1.902	1.863	2
1970	1.882	2.059	1.922	1.922	2
1971	1.941	2.059	1.922	1.922	2
1972	1.98	2.039	1.922	1.98	2
1973	2.078	2.098	1.902	2.0	2
1974	2.118	2.098	1.922	1.902	2
1975	1.98	2.0	1.941	1.902	2
1976	1.922	2.0	1.961	1.941	2
1977	1.863	2.02	1.941	1.902	2
1978	1.863	2.059	1.961	1.961	2
1979	1.902	2.078	1.98	1.941	2
1980	1.706	2.039	1.98	1.922	2
1981	1.745	2.137	1.98	2.078	2
1982	1.784	2.078	1.941	2.157	2
1983	1.725	2.0	1.922	1.902	2
1984	1.647	2.02	1.922	1.804	2
1985	1.686	2.02	1.941	1.765	2
1986	1.745	1.961	1.98	1.765	2
1987	1.863	2.039	1.98	1.824	2
1988	2.0	2.0	2.02	1.882	2
1989	2.039	2.078	2.02	1.961	2
1990	2.078	2.059	1.98	2.039	2
1991	2.078	2.02	1.902	2.157	2
1992	2.216	2.078	1.882	2.059	2
1993	2.157	2.039	1.902	1.882	2
1994	1.902	1.98	1.961	1.882	2
1995	1.804	2.0	2.0	2.02	2
1996	1.922	2.098	2.0	1.941	2
1997	1.784	2.039	1.98	1.961	2
1998	1.765	2.02	1.941	2.118	2
1999	1.824	2.039	1.902	2.137	2
