time	channel1	channel2	channel3	channel4	class
0	1.902	2.078	2.118	2.098	0
1	1.765	2.059	2.118	2.098	0
2	1.882	1.804	2.02	2.02	0
3	1.941	1.667	2.02	1.922	0
4	1.98	1.706	2.02	1.863	0
5	1.961	1.725	2.039	1.843	0
6	2.02	1.686	2.039	1.902	0
7	1.98	1.784	2.039	1.961	0
8	1.863	1.941	2.098	2.02	0
9	1.765	2.02	2.059	2.059	0
10	1.863	2.02	2.039	2.0	0
11	1.922	1.922	1.98	1.922	0
12	2.059	1.961	2.039	1.882	0
13	2.157	1.941	2.039	1.882	0
14	2.176	1.922	2.02	1.863	0
15	2.098	1.98	2.039	1.941	0
16	2.078	1.98	2.059	2.0	0
17	1.902	2.039	2.118	2.078	0
18	1.745	2.02	2.118	2.118	0
19	1.863	1.784	2.0	2.02	0
20	1.961	1.647	2.0	1.902	0
21	1.98	1.706	2.039	1.843	0
22	1.961	1.725	2.059	1.863	0
23	2.02	1.667	2.02	1.902	0
24	2.0	1.725	2.02	1.941	0
25	1.882	1.941	2.078	2.02	0
26	1.745	2.02	2.098	2.059	0
27	1.843	2.0	2.039	2.039	0
28	1.922	1.902	2.0	1.922	0
29	2.098	1.941	2.0	1.863	0
30	2.118	1.941	2.0	1.824	0
31	2.157	1.941	2.059	1.882	0
32	2.059	1.98	2.039	1.961	0
33	2.059	1.98	2.059	2.02	0
34	1.902	2.059	2.118	2.059	0
35	1.725	2.059	2.118	2.098	0
36	1.824	1.784	2.02	2.039	0
37	1.902	1.647	2.0	1.922	0
38	1.961	1.706	2.039	1.882	0
39	1.941	1.725	2.039	1.863	0
40	1.961	1.667	2.059	1.902	0
41	2.0	1.765	2.059	1.961	0
42	1.863	1.922	2.078	2.0	0
43	1.725	2.0	2.039	2.02	0
44	1.824	2.0	2.039	2.0	0
45	1.882	1.961	2.039	1.941	0
46	2.039	1.961	2.0	1.902	0
47	2.098	1.902	1.98	1.843	0
48	2.157	1.922	2.0	1.863	0
49	2.059	1.98	2.039	1.941	0
50	2.059	1.98	2.059	2.02	0
51	1.902	2.059	2.098	2.059	0
52	1.784	2.078	2.098	2.098	0
53	1.824	1.824	2.0	2.02	0
54	1.922	1.647	2.0	1.902	0
55	1.98	1.686	2.02	1.843	0
56	1.961	1.706	2.02	1.843	0
57	2.02	1.667	2.0	1.863	0
58	2.0	1.745	2.02	1.922	0
59	1.882	1.902	2.059	2.0	0
60	1.745	2.0	2.059	2.059	0
61	1.863	2.0	2.039	2.02	0
62	1.902	1.922	2.0	1.922	0
63	2.059	1.922	2.02	1.863	0
64	2.137	1.922	2.02	1.863	0
65	2.176	1.902	2.02	1.863	0
66	2.098	1.961	2.059	1.941	0
67	2.078	1.98	2.059	2.02	0
68	1.902	2.02	2.098	2.078	0
69	1.765	2.02	2.118	2.098	0
70	1.843	1.784	2.02	2.02	0
71	1.941	1.627	2.0	1.902	0
72	1.961	1.667	2.039	1.843	0
73	1.941	1.686	2.059	1.863	0
74	2.0	1.647	2.039	1.902	0
75	2.02	1.725	2.059	1.941	0
76	1.882	1.902	2.118	2.0	0
77	1.745	1.961	2.098	2.039	0
78	1.843	1.941	2.039	2.02	0
79	1.902	1.902	2.0	1.902	0
80	2.098	1.902	2.02	1.843	0
81	2.137	1.902	2.02	1.843	0
82	2.157	1.902	2.078	1.882	0
83	2.078	1.961	2.078	1.961	0
84	2.098	1.941	2.078	2.02	0
85	1.941	2.039	2.098	2.039	0
86	1.765	2.039	2.137	2.078	0
87	1.824	1.804	2.039	2.02	0
88	1.961	1.627	2.0	1.902	0
89	2.02	1.667	2.078	1.882	0
90	2.0	1.725	2.059	1.843	0
91	2.02	1.667	2.059	1.882	0
92	2.02	1.725	2.059	1.961	0
93	1.922	1.882	2.078	2.0	0
94	1.784	1.98	2.078	2.02	0
95	1.863	2.02	2.059	2.02	0
96	1.882	1.941	2.039	1.941	0
97	2.059	1.941	2.02	1.882	0
98	2.137	1.902	2.0	1.843	0
99	2.216	1.922	2.02	1.882	0
100	2.098	1.961	2.059	1.941	0
101	2.078	1.941	2.059	2.02	0
102	1.922	2.059	2.098	2.059	0
103	1.784	2.078	2.118	2.098	0
104	1.824	1.863	2.039	2.039	0
105	1.922	1.667	2.02	1.941	0
106	1.961	1.686	2.039	1.882	0
107	1.98	1.725	2.039	1.863	0
108	2.0	1.667	2.02	1.882	0
109	2.02	1.745	2.059	1.941	0
110	1.922	1.922	2.098	2.02	0
111	1.765	2.02	2.078	2.039	0
112	1.882	2.02	2.039	2.02	0
113	1.882	1.961	2.0	1.941	0
114	2.059	1.941	2.02	1.882	0
115	2.118	1.902	1.98	1.863	0
116	2.176	1.902	2.0	1.863	0
117	2.098	1.961	2.039	1.922	0
118	2.059	1.98	2.059	2.0	0
119	1.941	2.039	2.098	2.059	0
120	1.804	2.078	2.098	2.098	0
121	1.902	1.882	2.039	2.0	0
122	1.98	1.686	1.98	1.882	0
123	1.941	1.686	2.039	1.843	0
124	1.922	1.706	2.02	1.863	0
125	2.0	1.686	2.02	1.902	0
126	2.039	1.765	2.039	1.961	0
127	1.902	1.922	2.078	2.0	0
128	1.745	2.02	2.078	2.039	0
129	1.863	2.02	2.039	2.02	0
130	1.902	1.961	1.98	1.922	0
131	2.098	1.941	2.0	1.863	0
132	2.118	1.941	2.0	1.843	0
133	2.176	1.941	2.02	1.882	0
134	2.078	1.98	2.02	1.941	0
135	2.098	1.961	2.02	2.0	0
136	1.941	2.078	2.098	2.039	0
137	1.784	2.098	2.137	2.078	0
138	1.804	1.882	2.039	2.059	0
139	1.902	1.686	1.98	1.941	0
140	2.0	1.686	2.02	1.902	0
141	1.98	1.725	2.039	1.863	0
142	1.961	1.686	2.039	1.902	0
143	2.0	1.725	2.02	1.961	0
144	1.902	1.882	2.059	2.0	0
145	1.745	2.02	2.059	2.059	0
146	1.804	2.02	2.059	2.059	0
147	1.863	1.941	2.0	2.0	0
148	2.059	1.941	2.0	1.902	0
149	2.118	1.941	2.0	1.863	0
150	2.157	1.941	2.0	1.882	0
151	2.059	2.0	2.059	1.941	0
152	2.039	1.98	2.039	2.02	0
153	1.941	2.039	2.059	2.078	0
154	1.784	2.078	2.098	2.098	0
155	1.804	1.902	2.039	2.059	0
156	1.922	1.686	2.02	1.961	0
157	1.98	1.686	2.02	1.882	0
158	1.941	1.725	2.039	1.863	0
159	1.941	1.725	2.039	1.902	0
160	2.0	1.745	2.059	1.961	0
161	1.922	1.902	2.059	2.039	0
162	1.745	2.039	2.078	2.059	0
163	1.863	2.02	2.039	2.039	0
164	1.863	2.0	2.02	1.98	0
165	2.059	1.961	2.039	1.922	0
166	2.118	1.961	2.039	1.902	0
167	2.176	1.922	2.02	1.902	0
168	2.098	1.98	2.039	1.941	0
169	2.078	1.98	2.059	2.0	0
170	1.961	2.059	2.098	2.078	0
171	1.804	2.098	2.098	2.118	0
172	1.863	1.902	2.02	2.059	0
173	1.941	1.686	2.0	1.941	0
174	1.98	1.667	2.039	1.863	0
175	1.961	1.706	2.059	1.902	0
176	2.0	1.706	2.039	1.922	0
177	2.059	1.745	2.039	1.961	0
178	1.922	1.882	2.059	2.0	0
179	1.765	2.02	2.078	2.039	0
180	1.824	2.0	2.039	2.02	0
181	1.882	1.961	2.0	1.961	0
182	2.078	1.961	2.02	1.902	0
183	2.098	1.922	2.02	1.882	0
184	2.176	1.902	2.02	1.902	0
185	2.118	1.98	2.039	1.922	0
186	2.098	1.98	2.059	1.98	0
187	1.961	2.059	2.098	2.078	0
188	1.765	2.078	2.137	2.098	0
189	1.824	1.902	2.059	2.078	0
190	1.922	1.647	1.98	1.941	0
191	1.98	1.647	2.02	1.863	0
192	1.98	1.706	2.039	1.804	0
193	1.98	1.667	2.039	1.843	0
194	2.039	1.725	2.059	1.941	0
195	1.961	1.863	2.059	2.02	0
196	1.745	2.0	2.059	2.059	0
197	1.784	1.961	2.059	2.039	0
198	1.824	1.922	1.98	1.961	0
199	1.961	1.882	1.961	1.843	0
200	1.961	1.843	1.961	1.804	0
201	2.039	1.863	1.98	1.843	0
202	2.059	1.941	2.039	1.922	0
203	2.02	1.922	2.02	2.02	0
204	1.824	2.02	2.039	2.059	0
205	1.706	2.039	2.078	2.078	0
206	1.863	1.824	2.0	2.02	0
207	1.98	1.569	1.961	1.902	0
208	1.902	1.569	1.98	1.824	0
209	1.961	1.686	2.02	1.824	0
210	2.02	1.667	1.98	1.863	0
211	2.02	1.647	2.039	1.902	0
212	1.961	1.863	2.098	2.0	0
213	1.725	2.118	2.137	2.078	0
214	1.843	2.078	2.098	2.098	0
215	1.882	1.961	1.961	2.02	0
216	1.902	1.804	1.902	1.882	0
217	1.941	1.863	1.941	1.804	0
218	2.235	2.0	2.059	1.804	0
219	2.137	2.078	2.098	1.902	0
220	2.098	2.039	2.118	2.02	0
221	2.098	2.157	2.176	2.137	0
222	1.882	2.176	2.176	2.137	0
223	1.882	2.039	2.098	2.098	0
224	1.843	1.804	2.02	1.961	0
225	1.765	1.686	2.0	1.843	0
226	1.745	1.686	1.98	1.843	0
227	1.765	1.686	2.0	1.922	0
228	1.863	1.745	2.02	2.02	0
229	1.882	1.863	2.078	2.078	0
230	1.843	2.039	2.039	2.098	0
231	1.882	1.922	1.98	1.961	0
232	2.039	2.059	2.02	1.863	0
233	2.098	1.961	2.039	1.824	0
234	2.118	1.922	2.039	1.843	0
235	2.137	1.843	2.02	1.922	0
236	2.118	1.882	2.0	1.961	0
237	2.294	1.922	1.98	1.961	0
238	1.98	1.863	1.922	1.961	0
239	1.608	1.961	2.059	1.98	0
240	1.667	1.882	2.0	1.98	0
241	1.745	1.686	1.961	1.922	0
242	1.902	1.725	2.039	1.882	0
243	2.216	1.706	2.039	1.902	0
244	2.157	1.627	2.02	1.922	0
245	1.98	1.686	2.059	1.882	0
246	1.745	1.922	2.157	1.98	0
247	1.608	1.98	1.941	2.059	0
248	1.941	2.0	2.0	2.039	0
249	2.078	2.02	1.961	1.882	0
250	2.039	1.863	1.922	1.725	0
251	1.667	1.98	2.039	1.725	0
252	1.824	1.98	2.078	1.843	0
253	1.98	2.0	2.039	2.0	0
254	2.176	2.0	2.078	2.118	0
255	2.078	2.039	2.059	2.118	0
256	1.784	2.02	2.0	2.039	0
257	1.647	1.824	1.961	1.961	0
258	1.588	1.608	1.922	1.922	0
259	1.549	1.725	2.078	1.941	0
260	1.706	1.765	2.118	1.98	0
261	2.255	1.588	1.902	1.98	0
262	2.255	1.529	1.882	1.922	0
263	2.157	1.863	2.059	1.902	0
264	1.706	2.02	2.137	1.98	0
265	1.471	2.039	2.137	2.137	0
266	1.431	1.961	2.02	2.196	0
267	1.863	1.686	1.804	2.118	0
268	2.0	1.588	1.745	1.98	0
269	2.216	1.745	1.824	1.863	0
270	2.275	2.02	2.098	1.922	0
271	2.314	2.196	2.235	2.157	0
272	2.118	2.176	2.235	2.373	0
273	2.039	2.157	2.255	2.353	0
274	2.098	1.843	2.059	2.059	0
275	2.078	1.569	1.902	1.745	0
276	2.039	1.51	1.824	1.569	0
277	2.078	1.627	1.941	1.588	0
278	2.216	1.765	2.02	1.784	0
279	2.412	1.843	2.0	2.0	0
280	2.333	1.784	1.941	2.157	0
281	1.824	1.843	1.961	2.196	0
282	2.0	2.137	2.137	2.059	0
283	2.0	2.157	2.039	1.843	0
284	2.255	1.902	1.922	1.627	0
285	2.49	1.961	2.02	1.51	0
286	2.627	1.961	1.98	1.569	0
287	2.235	1.922	1.902	1.745	0
288	2.098	1.98	1.922	1.941	0
289	1.98	2.196	2.078	2.118	0
290	1.765	2.098	2.02	2.196	0
291	1.647	1.824	1.922	2.078	0
292	2.0	1.647	1.961	1.843	0
293	2.118	1.804	2.078	1.667	0
294	2.039	1.765	1.98	1.647	0
295	1.902	1.667	1.745	1.725	0
296	1.902	1.569	1.843	1.745	0
297	1.941	1.824	2.176	1.843	0
298	1.843	2.098	2.275	2.0	0
299	1.235	1.882	1.882	2.039	0
300	1.078	1.588	1.529	1.824	0
301	1.706	1.451	1.627	1.549	0
302	2.353	1.686	1.765	1.431	0
303	2.941	1.941	1.961	1.51	0
304	2.961	2.333	2.235	1.725	0
305	2.02	2.235	2.255	1.922	0
306	1.373	2.059	2.176	2.098	0
307	1.451	1.882	2.02	2.118	0
308	1.804	1.843	2.0	2.02	0
309	1.922	1.863	1.843	1.902	0
310	1.882	1.882	2.02	1.765	0
311	1.922	1.922	2.353	1.706	0
312	2.039	1.882	2.294	1.706	0
313	2.196	2.137	2.412	1.824	0
314	2.02	2.294	2.392	2.0	0
315	1.824	2.529	2.333	2.196	0
316	1.824	2.49	2.118	2.235	0
317	1.745	2.471	1.961	2.098	0
318	1.627	2.059	1.922	1.824	0
319	1.529	1.941	1.922	1.667	0
320	1.706	1.922	2.039	1.745	0
321	1.98	2.392	2.176	1.961	0
322	2.255	2.275	2.137	2.039	0
323	2.49	2.255	1.902	1.961	0
324	2.294	2.294	1.941	1.824	0
325	2.157	2.098	1.725	1.588	0
326	2.02	1.686	1.647	1.451	0
327	2.118	1.588	1.627	1.529	0
328	2.333	1.627	1.686	1.627	0
329	2.549	1.627	1.725	1.804	0
330	2.745	1.627	1.667	1.863	0
331	2.824	1.843	1.686	1.784	0
332	2.686	2.118	1.725	1.706	0
333	2.51	2.118	1.725	1.706	0
334	2.569	2.275	1.824	1.745	0
335	2.863	2.059	1.686	1.706	0
336	3.039	1.882	1.627	1.627	0
337	3.235	1.882	1.667	1.608	0
338	2.961	2.02	1.686	1.725	0
339	2.608	2.059	1.745	1.98	0
340	2.333	2.098	1.784	2.176	0
341	2.196	2.157	1.863	2.255	0
342	2.137	2.078	1.922	2.137	0
343	2.275	1.784	1.804	1.961	0
344	2.216	1.647	1.706	1.863	0
345	2.039	1.529	1.667	1.902	0
346	1.667	1.588	1.627	2.0	0
347	1.745	1.647	1.529	2.0	0
348	1.804	1.667	1.569	2.039	0
349	1.314	1.647	1.627	2.098	0
350	1.216	1.49	1.51	2.098	0
351	1.49	1.569	1.627	2.039	0
352	1.784	1.843	1.922	2.039	0
353	1.922	1.961	1.98	2.059	0
354	1.725	1.804	1.784	2.078	0
355	1.353	1.686	1.569	2.098	0
356	1.098	1.647	1.686	2.098	0
357	0.824	1.824	1.804	2.255	0
358	0.843	1.843	1.843	2.353	0
359	1.392	2.039	2.098	2.373	0
360	1.647	1.882	2.196	2.275	0
361	1.549	1.961	2.314	2.157	0
362	1.216	1.843	2.118	2.176	0
363	1.0	1.784	2.078	2.235	0
364	1.078	1.843	2.098	2.314	0
365	1.137	1.98	2.098	2.353	0
366	1.118	2.275	2.255	2.431	0
367	1.137	2.294	2.255	2.431	0
368	1.059	2.255	2.098	2.373	0
369	1.216	2.373	2.02	2.333	0
370	1.294	2.353	1.98	2.275	0
371	1.451	2.118	2.137	2.216	0
372	1.392	2.118	2.275	2.216	0
373	1.353	2.157	2.078	2.255	0
374	1.451	2.275	1.667	2.275	0
375	1.176	2.216	1.471	2.235	0
376	0.961	2.118	1.804	2.176	0
377	1.137	1.961	1.882	2.078	0
378	1.275	1.843	1.667	1.98	0
379	1.294	1.824	1.569	1.902	0
380	1.353	1.863	1.549	1.922	0
381	1.49	1.902	1.529	1.961	0
382	1.784	2.078	1.667	1.98	0
383	1.667	2.608	1.902	2.098	0
384	1.647	2.549	1.941	2.137	0
385	1.549	2.353	1.804	2.118	0
386	1.765	2.196	1.725	1.98	0
387	1.98	2.431	1.941	1.941	0
388	2.235	2.51	2.039	1.941	0
389	2.235	2.471	2.098	1.922	0
390	2.294	2.569	2.314	1.98	0
391	2.196	2.529	2.412	2.098	0
392	2.02	2.627	2.51	2.255	0
393	1.922	2.529	2.549	2.314	0
394	2.216	2.078	2.431	2.196	0
395	2.569	2.02	2.51	2.039	0
396	2.725	2.0	2.608	1.961	0
397	2.549	1.882	2.667	1.98	0
398	2.412	1.706	2.627	2.02	0
399	2.373	1.765	2.686	2.118	0
400	2.294	1.98	2.804	2.176	0
401	2.314	2.0	2.804	2.176	0
402	2.333	2.0	2.706	2.137	0
403	2.569	1.784	2.608	2.118	0
404	2.725	1.608	2.627	2.039	0
405	2.765	1.451	2.725	1.961	0
406	2.667	1.451	2.706	1.961	0
407	2.529	1.49	2.706	2.039	0
408	2.569	1.588	2.667	2.157	0
409	2.314	1.627	2.627	2.216	0
410	1.98	1.431	2.608	2.196	0
411	1.961	1.098	2.569	2.098	0
412	2.235	0.98	2.451	1.922	0
413	2.529	1.059	2.569	1.843	0
414	2.725	1.294	2.706	1.902	0
415	2.725	1.294	2.608	2.059	0
416	2.294	1.235	2.608	2.078	0
417	1.882	1.235	2.49	1.98	0
418	2.02	1.333	2.314	1.843	0
419	2.137	1.373	2.255	1.765	0
420	2.373	1.294	2.196	1.706	0
421	2.431	1.294	2.157	1.647	0
422	2.412	1.275	2.294	1.608	0
423	2.235	1.373	2.392	1.725	0
424	2.392	1.49	2.451	2.0	0
425	2.686	1.608	2.451	2.176	0
426	2.333	1.569	2.353	2.137	0
427	2.039	1.49	2.333	1.922	0
428	2.176	1.196	2.176	1.667	0
429	2.157	1.353	2.314	1.569	0
430	2.118	1.49	2.431	1.686	0
431	1.941	1.314	2.294	1.922	0
432	2.137	1.255	2.294	2.059	0
433	2.608	1.627	2.569	2.059	0
434	2.333	1.922	2.569	2.098	0
435	1.765	1.863	2.412	2.078	0
436	1.627	1.824	2.333	2.02	0
437	1.882	1.824	2.451	1.941	0
438	2.275	1.941	2.471	1.882	0
439	2.824	2.0	2.471	1.902	0
440	2.784	2.078	2.529	1.98	0
441	2.196	2.255	2.667	2.118	0
442	1.922	2.118	2.451	2.196	0
443	1.745	1.98	2.294	2.176	0
444	1.706	2.02	2.392	2.098	0
445	1.941	1.765	2.294	1.98	0
446	2.039	1.706	2.333	1.922	0
447	2.137	1.765	2.294	1.941	0
448	2.137	1.745	2.196	1.902	0
449	2.078	1.686	2.137	1.922	0
450	1.784	1.725	2.098	2.039	0
451	1.569	1.863	2.098	2.137	0
452	1.647	1.902	2.02	2.137	0
453	1.765	1.902	1.98	2.039	0
454	1.941	1.784	2.0	1.882	0
455	1.961	1.922	2.059	1.804	0
456	2.137	1.863	2.0	1.765	0
457	2.098	1.902	1.941	1.843	0
458	1.784	1.882	1.902	1.941	0
459	1.706	1.882	1.882	2.039	0
460	1.588	1.922	1.941	2.078	0
461	1.608	1.922	2.0	2.039	0
462	1.863	1.667	1.902	1.882	0
463	1.902	1.608	1.863	1.745	0
464	1.667	1.588	1.902	1.745	0
465	1.667	1.588	1.941	1.843	0
466	1.804	1.608	1.941	2.0	0
467	1.863	1.706	1.922	2.039	0
468	1.902	1.882	1.961	1.98	0
469	1.824	1.941	1.882	1.863	0
470	1.922	2.039	1.902	1.784	0
471	1.882	1.804	1.706	1.765	0
472	1.706	1.608	1.686	1.784	0
473	1.824	1.706	1.824	1.882	0
474	2.02	1.98	2.0	1.98	0
475	2.118	2.059	1.961	2.078	0
476	2.176	1.961	1.882	2.039	0
477	2.02	1.902	1.843	1.961	0
478	1.765	1.882	1.922	1.882	0
479	1.784	1.647	1.902	1.784	0
480	1.804	1.627	1.941	1.784	0
481	1.843	1.843	1.961	1.863	0
482	1.882	1.784	1.922	1.961	0
483	1.98	1.725	2.0	2.0	0
484	1.98	1.824	2.137	2.059	0
485	1.765	2.098	2.176	2.157	0
486	1.765	2.078	2.0	2.157	0
487	1.843	2.235	2.0	2.02	0
488	1.882	2.118	2.059	1.804	0
489	1.627	2.137	2.137	1.765	0
490	1.804	2.196	2.216	1.941	0
491	2.294	2.392	2.333	2.118	0
492	2.51	2.451	2.294	2.216	0
493	2.137	2.294	2.157	2.118	0
494	1.549	2.412	2.275	2.059	0
495	1.49	2.255	2.196	2.02	0
496	1.765	1.961	2.118	2.0	0
497	1.922	1.922	2.196	1.98	0
498	2.02	2.039	2.235	1.98	0
499	2.02	2.0	2.314	1.961	0
500	2.078	1.882	2.176	1.902	0
501	1.961	1.961	2.02	1.863	0
502	1.765	2.137	1.843	1.941	0
503	1.725	2.078	1.863	2.059	0
504	1.922	2.078	2.137	2.098	0
505	2.118	2.02	2.216	1.98	0
506	2.098	2.059	2.098	1.824	0
507	2.118	1.902	1.843	1.706	0
508	2.118	2.0	1.922	1.706	0
509	2.078	1.98	1.882	1.745	0
510	2.078	2.0	1.941	1.843	0
511	1.902	2.059	2.0	1.98	0
512	1.765	2.039	2.02	2.02	0
513	1.882	1.725	1.863	1.902	0
514	1.922	1.627	1.863	1.765	0
515	1.922	1.745	1.98	1.706	0
516	2.02	1.784	1.98	1.686	0
517	2.078	1.706	1.922	1.667	0
518	1.941	1.824	1.98	1.706	0
519	1.824	2.02	2.02	1.843	0
520	1.745	1.98	1.941	2.02	0
521	1.843	1.98	1.941	2.0	0
522	2.039	1.961	1.961	1.843	0
523	2.078	2.0	1.922	1.706	0
524	2.098	1.863	1.863	1.627	0
525	2.216	1.902	1.961	1.647	0
526	2.078	1.941	2.0	1.765	0
527	2.059	1.922	1.961	1.863	0
528	1.843	2.02	2.02	1.98	0
529	1.667	2.078	2.078	2.078	0
530	1.843	1.706	1.902	2.0	0
531	1.961	1.569	1.863	1.902	0
532	2.039	1.667	1.902	1.804	0
533	1.863	1.627	1.863	1.745	0
534	1.627	1.471	1.765	1.745	0
535	1.667	1.667	1.882	1.765	0
536	1.98	1.941	2.078	1.863	0
537	2.235	2.059	2.196	2.039	0
538	2.216	2.196	2.314	2.216	0
539	1.941	2.039	2.137	2.216	0
540	1.882	1.961	1.922	2.059	0
541	2.02	1.922	1.922	1.863	0
542	2.157	2.0	2.039	1.745	0
543	2.157	2.078	2.176	1.843	0
544	2.216	2.176	2.235	2.078	0
545	1.98	2.196	2.216	2.314	0
546	1.882	2.314	2.451	2.451	0
547	2.059	2.039	2.275	2.353	0
548	2.137	1.706	2.078	2.098	0
549	2.059	1.725	2.118	1.902	0
550	2.039	1.863	2.235	1.843	0
551	2.118	1.902	2.216	1.922	0
552	2.118	1.98	2.216	2.059	0
553	2.0	2.059	2.196	2.157	0
554	1.902	1.98	2.059	2.176	0
555	1.843	2.02	1.882	2.039	0
556	1.922	1.882	1.804	1.902	0
557	2.118	1.824	2.0	1.843	0
558	2.275	1.863	2.059	1.804	0
559	2.196	1.922	2.039	1.784	0
560	2.059	1.922	1.902	1.804	0
561	2.098	1.804	1.784	1.863	0
562	1.902	1.843	1.863	1.941	0
563	1.745	1.902	1.941	1.961	0
564	1.824	1.667	1.843	1.843	0
565	1.882	1.51	1.745	1.686	0
566	1.98	1.529	1.804	1.686	0
567	1.961	1.549	1.804	1.824	0
568	1.745	1.49	1.725	1.863	0
569	1.784	1.706	1.922	1.863	0
570	1.804	1.941	2.0	1.882	0
571	1.804	2.0	2.118	1.882	0
572	1.98	2.098	2.157	2.0	0
573	1.882	1.902	1.941	2.0	0
574	1.784	1.882	1.863	1.961	0
575	1.667	2.02	2.0	1.902	0
576	2.098	2.02	2.039	1.882	0
577	2.157	2.098	2.137	1.961	0
578	2.176	2.137	2.157	2.078	0
579	1.941	2.235	2.157	2.216	0
580	1.627	2.176	2.137	2.255	0
581	1.784	1.902	2.157	2.176	0
582	2.02	1.804	2.235	2.078	0
583	2.0	1.824	2.216	2.078	0
584	1.941	1.765	2.137	2.078	0
585	2.098	1.765	2.196	2.039	0
586	2.157	1.804	2.039	2.02	0
587	1.902	1.941	1.98	1.98	0
588	1.804	2.0	1.941	1.98	0
589	1.961	1.98	2.039	1.941	0
590	2.039	1.882	2.02	1.863	0
591	2.118	1.784	1.863	1.824	0
592	2.157	1.725	1.843	1.784	0
593	2.176	2.02	2.0	1.863	0
594	2.137	1.961	1.961	1.961	0
595	2.118	1.941	2.0	2.098	0
596	1.941	1.98	2.098	2.098	0
597	1.824	1.961	2.098	2.078	0
598	1.745	1.647	1.882	1.98	0
599	1.902	1.608	1.941	1.843	0
600	1.961	1.725	1.941	1.765	0
601	1.922	1.667	1.941	1.765	0
602	2.0	1.725	2.0	1.863	0
603	1.961	1.765	2.02	1.961	0
604	1.784	1.922	2.078	2.078	0
605	1.725	2.039	2.118	2.137	0
606	1.824	2.059	2.098	2.098	0
607	1.882	1.941	2.078	2.02	0
608	1.98	1.961	2.059	1.941	0
609	2.098	1.902	1.941	1.922	0
610	2.176	1.961	2.059	1.941	0
611	2.098	2.02	2.137	2.0	0
612	2.039	2.059	2.176	2.0	0
613	1.882	2.196	2.216	2.0	0
614	1.706	2.059	2.137	2.098	0
615	1.745	1.706	1.98	2.196	0
616	1.902	1.647	2.0	2.196	0
617	1.961	1.725	2.059	2.059	0
618	1.961	1.765	2.078	1.922	0
619	1.922	1.706	2.039	1.824	0
620	1.902	1.804	2.0	1.902	0
621	1.784	1.961	2.039	2.0	0
622	1.647	1.98	2.039	2.118	0
623	1.765	1.902	1.941	2.157	0
624	1.941	1.902	2.059	2.059	0
625	2.196	1.98	2.078	1.922	0
626	2.157	1.961	1.98	1.843	0
627	2.078	1.863	1.882	1.804	0
628	1.961	1.824	1.784	1.804	0
629	1.882	1.824	1.824	1.902	0
630	1.608	1.902	1.784	2.039	0
631	1.529	1.804	1.922	2.098	0
632	1.882	1.569	1.882	2.039	0
633	2.235	1.392	1.863	1.863	0
634	2.235	1.51	1.843	1.765	0
635	1.961	1.647	1.765	1.706	0
636	1.863	1.529	1.706	1.706	0
637	1.922	1.588	1.745	1.804	0
638	1.902	1.804	1.902	1.961	0
639	1.863	1.961	2.02	2.098	0
640	1.98	2.02	2.039	2.157	0
641	1.941	1.902	1.922	2.078	0
642	2.039	1.902	1.824	1.941	0
643	2.196	1.961	1.922	1.843	0
644	2.216	2.039	2.039	1.843	0
645	2.098	2.059	2.059	1.941	0
646	2.059	2.078	2.078	2.098	0
647	1.941	2.176	2.137	2.196	0
648	1.863	2.176	2.216	2.275	0
649	1.902	2.02	2.176	2.176	0
650	1.98	1.863	2.157	2.02	0
651	2.02	1.824	2.137	1.922	0
652	1.902	1.725	2.059	1.882	0
653	1.941	1.686	2.0	1.922	0
654	1.961	1.765	2.0	1.941	0
655	1.863	2.039	2.039	2.039	0
656	1.706	2.078	2.02	2.039	0
657	1.902	2.078	2.078	2.059	0
658	2.0	2.02	2.137	2.039	0
659	2.118	2.059	2.196	2.02	0
660	2.137	2.0	2.098	1.98	0
661	2.196	1.961	2.039	1.902	0
662	2.196	2.059	2.02	1.882	0
663	2.078	2.039	2.039	1.941	0
664	1.804	2.176	2.137	2.078	0
665	1.569	2.235	2.196	2.216	0
666	1.686	1.961	2.137	2.216	0
667	1.98	1.765	2.157	2.098	0
668	2.333	1.843	2.235	1.941	0
669	2.235	1.824	2.216	1.882	0
670	2.0	1.824	2.176	1.882	0
671	1.902	1.824	2.137	2.0	0
672	1.804	1.922	2.137	2.118	0
673	1.706	2.059	2.235	2.176	0
674	1.902	2.059	2.176	2.118	0
675	2.02	1.882	2.02	1.902	0
676	2.157	1.922	2.039	1.706	0
677	2.196	1.902	2.039	1.647	0
678	2.176	1.863	2.0	1.745	0
679	2.157	1.882	2.0	1.843	0
680	2.235	1.941	2.078	2.0	0
681	2.039	2.02	2.039	2.098	0
682	1.765	1.961	2.098	2.098	0
683	1.765	1.784	2.02	2.0	0
684	1.863	1.549	1.941	1.804	0
685	2.02	1.647	2.0	1.725	0
686	2.02	1.667	2.02	1.725	0
687	2.078	1.608	2.0	1.784	0
688	2.039	1.647	1.922	1.882	0
689	1.902	1.843	1.902	1.98	0
690	1.706	1.922	1.98	2.0	0
691	1.843	1.922	2.039	1.922	0
692	1.804	1.863	1.922	1.843	0
693	2.0	1.863	1.961	1.765	0
694	2.098	1.843	2.039	1.784	0
695	2.275	1.843	1.882	1.863	0
696	2.275	1.922	1.706	1.941	0
697	2.137	1.843	1.686	1.961	0
698	1.745	1.843	1.902	2.0	0
699	1.608	1.843	2.078	1.961	0
700	1.804	1.745	2.078	1.882	0
701	1.98	1.569	1.961	1.784	0
702	2.078	1.627	1.98	1.804	0
703	2.078	1.647	1.882	1.863	0
704	2.078	1.588	1.843	1.882	0
705	2.039	1.667	1.941	1.843	0
706	1.863	1.843	2.0	1.922	0
707	1.706	2.0	2.059	2.0	0
708	1.843	2.039	2.059	2.0	0
709	1.882	2.059	2.059	1.922	0
710	2.0	2.059	2.118	1.882	0
711	2.078	1.961	2.118	1.902	0
712	2.137	1.961	2.196	1.922	0
713	2.02	2.0	2.137	1.941	0
714	2.059	2.02	2.157	1.98	0
715	1.98	2.235	2.294	2.118	0
716	1.784	2.216	2.314	2.196	0
717	1.824	2.0	2.157	2.157	0
718	1.824	1.804	1.98	2.0	0
719	1.843	1.686	2.02	1.824	0
720	1.882	1.745	2.157	1.784	0
721	2.039	1.745	2.137	1.784	0
722	2.059	1.765	1.98	1.843	0
723	1.863	1.804	1.941	1.902	0
724	1.725	2.059	2.039	1.941	0
725	1.843	2.059	2.098	1.98	0
726	1.961	2.0	2.118	1.98	0
727	2.059	1.902	2.039	1.941	0
728	2.098	1.863	1.941	1.863	0
729	2.157	1.922	1.941	1.784	0
730	1.98	2.059	2.059	1.804	0
731	2.059	2.039	2.098	1.941	0
732	1.961	2.157	2.196	2.098	0
733	1.843	2.176	2.255	2.196	0
734	1.902	1.902	2.137	2.176	0
735	1.941	1.686	2.078	2.0	0
736	1.882	1.725	2.059	1.902	0
737	1.765	1.765	2.078	1.882	0
738	1.863	1.784	2.157	1.902	0
739	1.98	1.824	2.255	1.98	0
740	1.941	2.059	2.294	2.157	0
741	1.725	2.098	2.235	2.235	0
742	1.804	2.02	2.216	2.157	0
743	1.824	2.02	2.157	2.039	0
744	2.02	1.98	2.118	1.863	0
745	2.118	1.961	2.137	1.784	0
746	2.216	1.961	2.157	1.824	0
747	2.078	1.941	2.098	1.941	0
748	2.0	1.922	2.137	2.078	0
749	1.843	2.02	2.176	2.157	0
750	1.824	2.098	2.157	2.118	0
751	1.941	1.902	2.176	2.039	0
752	2.098	1.627	2.039	1.902	0
753	2.039	1.608	2.078	1.784	0
754	1.941	1.647	2.02	1.804	0
755	2.0	1.667	1.98	1.902	0
756	2.098	1.706	2.02	1.961	0
757	1.863	1.882	2.176	2.039	0
758	1.765	1.961	2.137	2.039	0
759	1.941	1.941	2.059	1.98	0
760	1.804	1.784	1.902	1.843	0
761	2.02	1.863	1.98	1.765	0
762	2.176	1.902	1.961	1.725	0
763	2.196	1.863	1.98	1.745	0
764	2.059	1.941	2.039	1.824	0
765	2.0	1.863	2.0	2.0	0
766	1.902	1.824	1.882	2.157	0
767	1.843	1.961	2.039	2.196	0
768	1.961	1.863	2.02	2.078	0
769	1.941	1.608	1.922	1.824	0
770	1.824	1.549	1.882	1.667	0
771	1.725	1.471	1.863	1.667	0
772	1.922	1.588	2.02	1.784	0
773	2.255	1.725	1.98	1.941	0
774	2.098	1.863	1.98	2.059	0
775	1.824	1.961	2.0	2.137	0
776	1.843	1.922	1.98	2.039	0
777	1.902	1.98	2.098	2.0	0
778	2.137	2.039	2.098	1.961	0
779	2.255	1.941	2.02	1.882	0
780	2.373	1.882	1.941	1.863	0
781	2.216	1.902	1.941	1.882	0
782	2.157	2.0	2.098	2.02	0
783	1.98	2.137	2.137	2.137	0
784	1.843	2.137	2.157	2.176	0
785	1.961	1.961	2.137	2.118	0
786	2.039	1.745	2.078	1.98	0
787	2.0	1.569	1.902	1.824	0
788	2.0	1.647	1.961	1.765	0
789	2.0	1.745	2.098	1.843	0
790	2.078	1.804	2.137	2.0	0
791	2.0	1.922	2.137	2.137	0
792	1.824	2.118	2.137	2.137	0
793	1.863	2.02	2.098	2.059	0
794	1.863	1.882	1.98	1.941	0
795	2.118	1.882	2.078	1.843	0
796	2.176	1.902	1.98	1.804	0
797	2.078	1.922	1.843	1.804	0
798	1.941	1.863	1.549	1.902	0
799	2.039	1.824	1.824	1.98	0
800	2.098	2.078	2.157	2.118	0
801	1.882	2.255	2.333	2.137	0
802	1.745	2.039	2.294	2.137	0
803	1.882	1.647	1.941	2.078	0
804	1.922	1.627	1.843	1.941	0
805	1.902	1.686	1.843	1.863	0
806	1.882	1.569	1.843	1.804	0
807	2.039	1.706	1.98	1.863	0
808	1.961	1.824	1.941	1.98	0
809	1.725	1.882	1.922	2.078	0
810	1.765	1.961	2.0	2.059	0
811	1.804	1.98	1.98	2.0	0
812	1.902	1.902	1.882	1.941	0
813	1.98	1.961	1.961	1.922	0
814	2.157	1.941	2.059	1.98	0
815	2.137	2.02	2.118	2.02	0
816	2.137	2.039	2.157	2.078	0
817	1.843	2.059	2.059	2.118	0
818	1.569	2.078	2.078	2.118	0
819	1.725	1.98	2.078	2.078	0
820	1.824	1.667	2.0	2.0	0
821	1.98	1.745	2.118	1.961	0
822	2.02	1.902	2.216	2.02	0
823	1.941	1.961	2.275	2.118	0
824	1.941	1.961	2.216	2.176	0
825	1.824	1.961	2.137	2.157	0
826	1.706	2.098	2.196	2.118	0
827	1.863	2.098	2.157	2.0	0
828	1.941	2.118	2.176	1.98	0
829	2.176	2.137	2.235	1.961	0
830	2.078	2.078	2.216	2.02	0
831	2.176	2.059	2.176	2.059	0
832	2.176	2.118	2.196	2.059	0
833	2.137	2.098	2.216	2.059	0
834	1.961	2.098	2.176	2.039	0
835	1.843	2.059	2.137	2.059	0
836	1.882	1.961	2.157	1.98	0
837	2.02	1.765	2.098	1.902	0
838	2.02	1.745	2.118	1.863	0
839	2.0	1.725	2.098	1.882	0
840	2.02	1.706	2.039	1.902	0
841	2.078	1.686	1.98	1.902	0
842	1.941	1.784	2.0	1.902	0
843	1.745	2.02	2.137	1.961	0
844	1.863	2.0	2.039	2.059	0
845	1.843	1.843	1.882	2.02	0
846	2.059	1.843	1.961	1.882	0
847	2.137	1.863	1.98	1.784	0
848	2.157	1.882	2.02	1.784	0
849	2.098	1.902	1.98	1.863	0
850	2.098	1.922	2.039	1.941	0
851	2.0	2.0	2.02	2.039	0
852	1.765	2.02	2.0	2.039	0
853	1.745	1.765	1.922	1.961	0
854	1.922	1.529	1.863	1.804	0
855	2.078	1.608	1.941	1.706	0
856	2.059	1.667	2.02	1.765	0
857	1.941	1.647	2.039	1.922	0
858	2.02	1.686	1.941	2.039	0
859	2.0	1.784	1.882	2.02	0
860	1.804	1.922	1.961	1.882	0
861	1.804	1.98	2.059	1.804	0
862	1.863	1.922	2.0	1.804	0
863	2.118	1.804	1.863	1.824	0
864	2.078	1.843	1.804	1.804	0
865	2.098	1.843	1.902	1.804	0
866	2.02	1.941	2.0	1.863	0
867	2.078	1.902	1.98	1.941	0
868	2.098	2.059	1.98	2.078	0
869	1.843	2.039	1.98	2.157	0
870	1.706	1.882	2.02	2.059	0
871	1.843	1.588	1.941	1.882	0
872	1.902	1.549	1.961	1.765	0
873	2.059	1.706	2.02	1.765	0
874	2.039	1.765	2.059	1.902	0
875	1.961	1.725	1.941	2.02	0
876	1.902	1.863	2.02	2.098	0
877	1.745	2.0	2.02	2.098	0
878	1.804	1.902	1.941	1.98	0
879	1.863	1.961	2.0	1.902	0
880	2.176	2.0	2.078	1.824	0
881	2.196	1.882	2.039	1.824	0
882	2.196	1.824	1.941	1.863	0
883	2.059	1.843	1.843	1.922	0
884	2.0	1.882	1.863	2.0	0
885	1.922	2.0	2.039	2.02	0
886	1.824	2.059	2.137	2.039	0
887	1.882	2.02	2.118	2.02	0
888	2.0	1.627	1.843	1.922	0
889	1.922	1.51	1.863	1.765	0
890	1.843	1.647	2.02	1.725	0
891	1.843	1.627	1.98	1.843	0
892	1.98	1.725	2.039	1.98	0
893	2.039	1.843	2.0	2.118	0
894	1.765	2.0	2.059	2.196	0
895	1.667	1.941	2.0	2.137	0
896	1.725	1.961	1.98	1.961	0
897	2.059	1.922	2.039	1.843	0
898	2.118	2.02	2.078	1.784	0
899	2.235	2.0	2.098	1.824	0
900	2.059	2.039	2.098	1.941	0
901	2.039	2.02	2.137	2.02	0
902	1.961	2.098	2.176	2.118	0
903	1.725	2.235	2.176	2.216	0
904	1.725	2.098	2.216	2.216	0
905	1.902	1.804	2.137	2.078	0
906	1.941	1.745	2.176	1.902	0
907	1.902	1.843	2.176	1.843	0
908	1.882	1.706	2.059	1.843	0
909	1.98	1.765	2.098	1.902	0
910	2.059	2.0	2.176	1.98	0
911	1.824	2.157	2.176	2.078	0
912	1.745	2.157	2.157	2.118	0
913	1.804	2.216	2.216	2.078	0
914	1.98	2.039	2.137	2.0	0
915	1.941	1.961	2.118	1.941	0
916	2.078	2.0	2.137	1.902	0
917	1.961	2.059	2.118	1.961	0
918	1.941	2.039	2.098	2.02	0
919	2.039	2.137	2.176	2.078	0
920	1.922	2.157	2.216	2.137	0
921	1.882	2.039	2.216	2.098	0
922	1.941	1.745	2.137	1.98	0
923	1.863	1.588	2.0	1.882	0
924	1.824	1.647	2.0	1.843	0
925	2.0	1.667	1.961	1.843	0
926	2.098	1.765	2.039	1.922	0
927	2.039	1.882	2.157	1.961	0
928	1.902	1.98	2.098	1.98	0
929	1.882	1.902	2.039	1.961	0
930	1.843	1.922	2.0	1.902	0
931	1.98	1.824	1.922	1.804	0
932	2.059	1.824	1.882	1.804	0
933	2.314	1.843	1.961	1.784	0
934	2.373	1.98	2.059	1.824	0
935	2.333	2.0	2.078	1.843	0
936	2.059	1.98	2.078	1.902	0
937	1.765	1.961	2.0	2.0	0
938	1.765	1.843	1.961	2.0	0
939	2.0	1.647	1.961	1.902	0
940	2.02	1.647	2.02	1.804	0
941	2.098	1.745	2.098	1.784	0
942	2.059	1.725	2.078	1.882	0
943	2.078	1.706	2.039	1.941	0
944	1.941	1.784	2.02	1.98	0
945	1.725	1.843	2.0	2.0	0
946	1.745	1.941	2.059	1.961	0
947	1.882	2.039	2.059	1.902	0
948	2.098	1.843	1.961	1.843	0
949	2.059	1.882	2.0	1.824	0
950	2.196	1.922	2.098	1.843	0
951	2.118	2.02	2.078	1.922	0
952	2.039	1.902	1.98	1.98	0
953	1.961	1.941	1.98	2.02	0
954	1.686	1.98	2.059	2.039	0
955	1.647	1.941	2.137	2.039	0
956	1.922	1.667	1.98	1.922	0
957	2.02	1.627	1.922	1.824	0
958	2.059	1.745	1.98	1.804	0
959	2.0	1.667	1.961	1.843	0
960	2.02	1.647	1.98	1.902	0
961	1.941	1.745	2.02	1.922	0
962	1.765	1.941	2.02	1.98	0
963	1.784	2.0	1.98	1.98	0
964	1.882	1.98	1.98	1.922	0
965	2.098	1.961	2.059	1.922	0
966	2.118	1.961	2.039	1.961	0
967	2.196	1.882	1.98	1.902	0
968	2.059	1.922	1.98	1.882	0
969	2.039	1.922	1.961	1.863	0
970	2.078	2.078	2.118	1.961	0
971	1.922	2.157	2.216	2.137	0
972	1.824	2.059	2.196	2.216	0
973	1.941	1.765	2.098	2.078	0
974	1.882	1.686	2.059	1.941	0
975	1.784	1.686	2.02	1.863	0
976	1.902	1.706	2.02	1.843	0
977	2.098	1.843	2.137	1.922	0
978	2.078	1.941	2.176	2.059	0
979	1.863	2.078	2.137	2.098	0
980	1.824	2.02	2.059	2.078	0
981	1.804	2.0	2.0	1.98	0
982	1.941	1.902	1.98	1.902	0
983	2.02	1.882	1.961	1.863	0
984	2.235	1.882	1.961	1.863	0
985	2.216	2.0	2.02	1.902	0
986	2.078	2.02	2.078	1.961	0
987	2.039	2.137	2.216	2.078	0
988	1.843	2.157	2.137	2.176	0
989	1.804	1.941	1.98	2.098	0
990	1.98	1.667	1.902	1.941	0
991	1.961	1.647	2.02	1.843	0
992	1.902	1.647	2.059	1.843	0
993	1.98	1.725	2.098	1.863	0
994	2.118	1.765	2.059	1.902	0
995	2.059	1.843	2.039	1.941	0
996	1.784	1.98	2.059	2.0	0
997	1.686	1.98	2.039	2.02	0
998	1.824	1.98	2.02	2.02	0
999	2.078	1.922	2.059	1.961	0
1000	2.098	2.02	2.118	1.941	0
1001	2.176	1.98	2.098	1.922	0
1002	2.157	1.961	2.098	1.941	0
1003	2.059	1.941	2.078	1.961	0
1004	1.98	2.02	2.078	2.02	0
1005	1.745	2.118	2.078	2.118	0
1006	1.686	2.039	2.039	2.118	0
1007	1.863	1.706	2.0	2.02	0
1008	1.922	1.725	2.098	1.961	0
1009	1.941	1.686	2.039	1.922	0
1010	1.843	1.667	2.0	1.922	0
1011	1.922	1.667	1.98	1.961	0
1012	1.922	1.882	2.059	2.0	0
1013	1.804	1.961	2.02	2.059	0
1014	1.843	2.059	2.098	2.039	0
1015	1.902	2.137	2.137	2.059	0
1016	2.02	1.961	2.059	2.039	0
1017	2.039	1.941	1.98	1.961	0
1018	2.098	1.902	2.02	1.843	0
1019	2.118	1.961	2.059	1.863	0
1020	2.078	1.941	2.02	1.941	0
1021	2.078	2.078	2.137	2.059	0
1022	1.922	2.176	2.216	2.176	0
1023	1.863	2.078	2.176	2.216	0
1024	1.98	1.725	2.078	2.098	0
1025	2.02	1.647	2.039	1.961	0
1026	2.02	1.804	2.118	1.882	0
1027	2.02	1.843	2.157	1.863	0
1028	2.059	1.667	2.02	1.882	0
1029	1.961	1.745	2.02	1.941	0
1030	1.784	1.922	2.0	2.039	0
1031	1.804	1.922	1.98	2.039	0
1032	1.941	2.0	2.0	2.039	0
1033	2.098	1.941	2.098	1.961	0
1034	2.118	1.922	2.039	1.882	0
1035	2.078	1.843	1.941	1.824	0
1036	2.0	1.804	1.882	1.843	0
1037	1.961	1.843	1.882	1.922	0
1038	2.078	1.941	1.961	2.039	0
1039	1.863	2.0	2.078	2.059	0
1040	1.863	1.922	2.02	2.02	0
1041	1.941	1.686	1.941	1.922	0
1042	1.863	1.627	1.961	1.882	0
1043	1.824	1.569	1.863	1.882	0
1044	1.922	1.529	1.882	1.843	0
1045	2.255	1.686	2.039	1.882	0
1046	2.078	1.824	2.137	1.941	0
1047	1.745	2.0	2.157	2.02	0
1048	1.745	1.98	2.039	2.039	0
1049	1.863	1.98	1.98	1.961	0
1050	2.02	1.922	2.0	1.863	0
1051	2.157	1.961	2.02	1.863	0
1052	2.176	1.863	1.961	1.902	0
1053	2.176	2.0	2.059	1.902	0
1054	2.078	2.0	2.059	1.941	0
1055	2.0	2.039	2.098	2.02	0
1056	1.882	2.137	2.157	2.078	0
1057	1.824	2.078	2.216	2.098	0
1058	2.078	1.824	2.157	2.0	0
1059	2.118	1.647	2.039	1.902	0
1060	1.941	1.686	2.0	1.863	0
1061	1.863	1.706	1.863	1.882	0
1062	1.961	1.765	1.922	1.941	0
1063	1.961	1.882	2.137	2.02	0
1064	1.765	1.98	2.157	2.078	0
1065	1.804	1.961	2.078	2.078	0
1066	1.941	2.02	2.0	1.98	0
1067	2.137	1.922	1.941	1.843	0
1068	2.176	1.922	1.941	1.765	0
1069	2.196	1.941	1.961	1.784	0
1070	2.157	1.961	1.98	1.922	0
1071	2.02	1.941	1.98	2.078	0
1072	2.059	2.02	2.02	2.137	0
1073	1.882	2.137	2.078	2.137	0
1074	1.725	2.078	2.118	2.078	0
1075	1.824	1.745	2.02	1.961	0
1076	1.961	1.627	1.941	1.824	0
1077	1.961	1.647	1.922	1.784	0
1078	1.922	1.686	1.961	1.824	0
1079	1.98	1.686	1.98	1.882	0
1080	1.922	1.824	2.0	2.0	0
1081	1.745	2.02	2.0	2.078	0
1082	1.686	1.941	1.941	2.02	0
1083	1.725	2.02	2.02	1.98	0
1084	2.02	1.922	2.059	1.922	0
1085	2.235	1.98	2.059	1.882	0
1086	2.235	1.961	2.02	1.863	0
1087	2.059	1.98	2.02	1.902	0
1088	1.902	1.98	2.059	1.941	0
1089	1.98	2.039	2.118	2.02	0
1090	1.882	2.118	2.137	2.078	0
1091	1.843	2.098	2.176	2.137	0
1092	1.961	1.843	2.098	2.078	0
1093	2.02	1.725	2.118	1.941	0
1094	2.059	1.765	2.078	1.882	0
1095	2.039	1.706	2.02	1.843	0
1096	2.078	1.706	2.059	1.882	0
1097	2.039	1.804	2.098	1.922	0
1098	1.882	2.0	2.176	2.02	0
1099	1.843	2.078	2.176	2.078	0
1100	1.961	2.078	2.059	2.039	0
1101	2.0	1.882	1.961	1.961	0
1102	2.039	1.922	2.0	1.882	0
1103	2.118	1.863	1.941	1.824	0
1104	2.118	1.922	2.02	1.824	0
1105	2.039	1.922	2.0	1.922	0
1106	1.941	1.922	2.02	2.039	0
1107	1.804	2.0	2.137	2.118	0
1108	1.843	2.059	2.137	2.098	0
1109	1.902	1.686	1.98	1.961	0
1110	1.902	1.667	2.02	1.824	0
1111	1.902	1.745	2.039	1.863	0
1112	1.863	1.686	1.98	1.922	0
1113	1.98	1.647	1.98	1.922	0
1114	1.961	1.765	2.059	1.98	0
1115	1.902	2.02	2.118	2.02	0
1116	1.745	2.078	2.176	2.059	0
1117	1.804	2.02	2.059	2.059	0
1118	1.902	1.863	1.941	1.941	0
1119	2.039	1.843	1.902	1.824	0
1120	2.078	1.863	1.98	1.765	0
1121	2.118	2.059	2.176	1.863	0
1122	2.078	2.078	2.176	2.02	0
1123	2.176	2.059	2.098	2.078	0
1124	1.941	2.078	2.098	2.098	0
1125	1.667	1.961	2.118	2.078	0
1126	1.804	1.686	2.0	2.0	0
1127	1.922	1.647	1.961	1.882	0
1128	2.0	1.627	1.961	1.824	0
1129	1.98	1.686	2.059	1.843	0
1130	2.059	1.686	2.078	1.863	0
1131	2.0	1.765	2.0	1.882	0
1132	1.824	1.902	2.0	1.922	0
1133	1.745	2.0	2.059	2.0	0
1134	1.882	2.0	2.02	2.0	0
1135	1.98	1.824	2.02	1.922	0
1136	2.098	1.922	2.039	1.843	0
1137	2.098	1.824	1.941	1.765	0
1138	2.0	1.824	1.922	1.765	0
1139	1.98	1.824	2.02	1.863	0
1140	2.176	2.0	2.098	2.0	0
1141	2.098	2.078	2.078	2.039	0
1142	1.784	2.039	2.176	2.059	0
1143	1.725	1.745	2.02	1.961	0
1144	1.843	1.608	1.961	1.843	0
1145	1.882	1.588	1.922	1.765	0
1146	1.922	1.667	1.961	1.784	0
1147	2.039	1.706	2.059	1.902	0
1148	1.961	1.745	2.098	2.02	0
1149	1.824	1.922	2.078	2.098	0
1150	1.843	2.02	2.078	2.059	0
1151	1.98	2.039	2.0	1.98	0
1152	1.98	1.922	2.0	1.882	0
1153	1.961	1.961	2.078	1.843	0
1154	2.039	1.98	2.059	1.863	0
1155	2.137	1.961	2.02	1.882	0
1156	2.02	1.961	2.039	1.961	0
1157	2.02	2.02	2.078	2.098	0
1158	1.843	2.098	2.176	2.196	0
1159	1.804	2.118	2.235	2.196	0
1160	1.98	1.784	2.118	2.039	0
1161	1.98	1.706	2.078	1.902	0
1162	1.902	1.686	2.059	1.863	0
1163	1.863	1.745	2.059	1.882	0
1164	1.941	1.784	2.078	1.902	0
1165	1.941	1.882	2.157	2.039	0
1166	1.745	2.078	2.157	2.137	0
1167	1.686	2.02	2.157	2.176	0
1168	1.98	2.157	2.275	2.137	0
1169	2.235	2.059	2.176	2.02	0
1170	2.137	2.02	2.098	1.922	0
1171	2.078	1.961	2.098	1.902	0
1172	2.157	2.039	2.118	1.941	0
1173	2.059	2.02	2.059	1.98	0
1174	2.098	2.118	2.118	2.059	0
1175	1.863	2.137	2.157	2.118	0
1176	1.784	2.098	2.216	2.118	0
1177	1.882	1.784	2.039	2.059	0
1178	2.039	1.725	2.078	1.922	0
1179	2.118	1.745	2.059	1.863	0
1180	2.02	1.765	2.059	1.843	0
1181	2.059	1.667	2.039	1.882	0
1182	2.0	1.706	1.98	1.961	0
1183	1.863	1.902	2.0	2.0	0
1184	1.804	2.02	2.039	2.0	0
1185	1.824	1.961	2.0	1.941	0
1186	1.961	1.922	1.961	1.843	0
1187	2.078	1.902	1.941	1.804	0
1188	2.157	1.863	1.961	1.843	0
1189	2.157	1.902	1.98	1.941	0
1190	2.02	1.902	2.02	2.0	0
1191	2.078	1.98	2.059	2.02	0
1192	1.843	2.0	1.961	2.0	0
1193	1.745	1.941	1.941	1.98	0
1194	1.882	1.706	1.961	1.902	0
1195	1.902	1.627	2.039	1.882	0
1196	1.804	1.647	1.98	1.922	0
1197	1.784	1.647	1.922	1.941	0
1198	1.961	1.627	1.922	1.922	0
1199	2.098	1.667	1.961	1.922	0
1200	2.176	1.961	2.078	1.98	0
1201	1.804	1.961	2.02	2.0	0
1202	1.706	1.902	1.922	1.961	0
1203	1.843	1.804	1.882	1.902	0
1204	2.078	1.922	2.0	1.882	0
1205	2.137	1.843	1.941	1.882	0
1206	2.137	1.882	1.961	1.882	0
1207	2.157	1.961	2.0	1.941	0
1208	2.137	1.922	2.0	2.0	0
1209	1.941	2.0	2.059	2.078	0
1210	1.843	2.0	2.118	2.098	0
1211	1.941	1.765	2.0	2.039	0
1212	2.02	1.647	1.961	1.902	0
1213	2.059	1.745	2.078	1.824	0
1214	2.039	1.686	2.039	1.863	0
1215	2.039	1.647	2.039	1.922	0
1216	2.02	1.765	2.059	2.039	0
1217	1.902	2.02	2.118	2.078	0
1218	1.784	2.039	2.098	2.078	0
1219	1.882	2.02	2.059	2.059	0
1220	1.98	1.941	2.0	1.941	0
1221	2.118	2.0	2.02	1.863	0
1222	2.157	1.941	2.039	1.863	0
1223	2.176	1.961	2.078	1.902	0
1224	2.137	2.059	2.078	1.961	0
1225	2.078	2.02	2.118	2.059	0
1226	1.824	2.098	2.118	2.118	0
1227	1.745	2.059	2.137	2.118	0
1228	1.902	1.843	2.039	2.039	0
1229	1.941	1.686	2.02	1.922	0
1230	1.882	1.686	2.078	1.902	0
1231	1.882	1.706	2.078	1.922	0
1232	2.02	1.686	2.078	1.922	0
1233	2.0	1.784	2.078	1.902	0
1234	1.843	1.961	2.059	1.941	0
1235	1.686	2.0	2.02	2.02	0
1236	1.784	2.02	2.059	2.059	0
1237	1.922	1.941	2.039	2.02	0
1238	2.078	1.941	2.078	1.902	0
1239	2.196	1.941	2.078	1.843	0
1240	2.157	1.961	2.02	1.863	0
1241	1.98	1.941	2.02	1.922	0
1242	1.961	1.98	2.059	1.98	0
1243	1.843	2.039	2.078	2.078	0
1244	1.765	2.039	2.137	2.137	0
1245	1.863	1.765	2.059	2.078	0
1246	1.941	1.686	2.078	1.941	0
1247	2.0	1.725	2.098	1.843	0
1248	1.961	1.725	2.02	1.843	0
1249	1.98	1.686	1.941	1.882	0
1250	1.98	1.706	1.922	1.941	0
1251	1.824	1.902	1.961	2.039	0
1252	1.706	1.961	2.039	2.039	0
1253	1.784	1.922	2.02	2.0	0
1254	1.843	1.863	1.922	1.922	0
1255	2.0	1.882	1.922	1.882	0
1256	2.196	1.843	1.961	1.824	0
1257	2.333	1.902	2.02	1.824	0
1258	2.157	1.961	2.02	1.902	0
1259	2.098	1.941	2.039	1.98	0
1260	1.804	2.0	2.02	2.098	0
1261	1.627	2.02	2.078	2.118	0
1262	1.804	1.804	2.0	2.059	0
1263	1.961	1.647	1.941	1.922	0
1264	2.039	1.784	2.118	1.843	0
1265	1.98	1.765	2.078	1.843	0
1266	2.039	1.706	2.078	1.882	0
1267	2.039	1.765	2.118	1.98	0
1268	1.922	2.0	2.196	2.078	0
1269	1.765	2.098	2.118	2.118	0
1270	1.863	2.039	1.961	2.02	0
1271	1.941	1.98	1.961	1.922	0
1272	2.098	2.02	2.078	1.824	0
1273	2.157	1.98	2.118	1.863	0
1274	2.235	2.02	2.176	1.941	0
1275	2.098	1.941	2.059	1.961	0
1276	2.059	1.902	2.02	1.98	0
1277	1.902	2.118	2.118	2.0	0
1278	1.824	2.02	2.059	2.039	0
1279	1.882	1.784	2.02	2.0	0
1280	1.98	1.667	2.0	1.961	0
1281	1.961	1.706	2.02	1.902	0
1282	1.961	1.745	2.098	1.863	0
1283	2.039	1.706	2.078	1.882	0
1284	2.02	1.706	2.059	1.902	0
1285	1.922	1.902	2.098	2.02	0
1286	1.804	2.039	2.059	2.059	0
1287	1.843	2.078	2.176	2.039	0
1288	1.902	2.078	2.176	2.02	0
1289	2.039	1.922	2.0	1.961	0
1290	2.098	1.882	2.02	1.922	0
1291	2.176	2.0	2.118	1.922	0
1292	2.098	2.078	2.157	1.98	0
1293	2.118	2.059	2.157	2.02	0
1294	1.922	2.098	2.157	2.039	0
1295	1.745	2.078	2.196	2.078	0
1296	1.843	1.784	2.098	2.059	0
1297	1.922	1.667	2.078	2.02	0
1298	1.941	1.667	2.0	1.961	0
1299	1.961	1.647	1.98	1.922	0
1300	2.0	1.706	2.078	1.882	0
1301	2.0	1.804	2.118	1.902	0
1302	1.843	1.902	2.02	1.941	0
1303	1.784	1.98	2.02	2.0	0
1304	1.882	1.941	2.02	2.02	0
1305	1.863	1.843	1.922	1.961	0
1306	2.02	1.863	1.941	1.882	0
1307	2.078	1.843	1.941	1.824	0
1308	2.137	1.863	1.961	1.843	0
1309	2.039	1.941	2.0	1.882	0
1310	2.078	1.902	2.0	1.941	0
1311	1.961	1.98	1.98	1.98	0
1312	1.725	2.02	2.039	2.0	0
1313	1.804	1.686	1.882	1.941	0
1314	1.902	1.451	1.784	1.824	0
1315	1.98	1.608	1.922	1.765	0
1316	2.039	1.706	1.941	1.804	0
1317	2.02	1.667	1.98	1.843	0
1318	1.98	1.667	1.98	1.902	0
1319	1.863	1.804	1.961	1.98	0
1320	1.804	1.902	1.922	1.941	0
1321	1.941	1.941	1.961	1.863	0
1322	1.902	1.922	1.961	1.863	0
1323	2.059	1.941	1.941	1.843	0
1324	2.078	1.882	1.961	1.863	0
1325	2.157	1.902	2.0	1.882	0
1326	2.039	1.961	2.02	1.922	0
1327	2.059	2.02	2.137	2.02	0
1328	2.0	2.196	2.176	2.098	0
1329	1.843	2.137	2.157	2.118	0
1330	1.765	1.824	2.059	2.02	0
1331	1.902	1.686	2.039	1.941	0
1332	1.98	1.706	2.02	1.902	0
1333	2.0	1.765	2.098	1.882	0
1334	1.941	1.745	2.098	1.902	0
1335	1.843	1.765	2.059	1.961	0
1336	1.784	1.902	2.157	2.118	0
1337	1.824	2.118	2.196	2.216	0
1338	2.02	2.098	2.157	2.098	0
1339	1.98	2.0	2.078	1.941	0
1340	2.078	1.98	2.059	1.824	0
1341	2.137	1.961	2.059	1.804	0
1342	2.118	1.902	2.039	1.863	0
1343	2.0	1.98	2.039	1.961	0
1344	2.059	2.039	2.137	2.039	0
1345	1.98	2.098	2.176	2.118	0
1346	1.824	2.098	2.176	2.196	0
1347	1.843	1.843	2.118	2.176	0
1348	1.98	1.706	2.059	2.039	0
1349	2.0	1.667	2.039	1.863	0
1350	1.961	1.725	2.098	1.824	0
1351	1.98	1.725	2.078	1.882	0
1352	2.02	1.824	2.118	1.98	0
1353	1.902	1.98	2.137	2.059	0
1354	1.784	2.098	2.098	2.098	0
1355	1.824	2.02	2.059	2.059	0
1356	1.882	1.961	2.078	1.961	0
1357	2.137	1.961	2.059	1.922	0
1358	2.176	1.902	2.039	1.843	0
1359	2.294	1.961	2.098	1.863	0
1360	2.098	2.0	2.059	1.922	0
1361	2.078	1.98	2.059	1.961	0
1362	1.922	2.098	2.059	2.02	0
1363	1.745	2.098	2.157	2.078	0
1364	1.863	1.882	2.078	2.059	0
1365	2.0	1.667	2.059	1.98	0
1366	2.039	1.667	2.098	1.902	0
1367	2.02	1.667	2.039	1.824	0
1368	2.02	1.647	2.0	1.824	0
1369	1.98	1.706	2.02	1.843	0
1370	1.863	1.804	2.02	1.941	0
1371	1.725	1.922	2.02	2.059	0
1372	1.882	1.922	2.02	2.039	0
1373	1.922	1.863	2.0	1.961	0
1374	2.078	1.843	1.922	1.824	0
1375	2.078	1.804	1.922	1.784	0
1376	2.157	1.843	1.98	1.843	0
1377	2.118	1.922	2.02	1.922	0
1378	2.157	1.863	1.98	1.941	0
1379	1.941	1.922	2.039	1.98	0
1380	1.804	2.0	2.039	2.078	0
1381	1.824	1.804	2.02	2.098	0
1382	1.922	1.647	2.02	2.039	0
1383	1.961	1.667	2.039	1.941	0
1384	1.961	1.706	2.098	1.882	0
1385	2.0	1.627	1.961	1.843	0
1386	1.961	1.725	1.902	1.843	0
1387	1.863	1.941	2.02	1.98	0
1388	1.784	2.02	2.059	2.098	0
1389	1.961	2.0	2.137	2.157	0
1390	1.961	1.98	2.118	2.059	0
1391	1.961	1.961	2.078	1.961	0
1392	1.941	1.941	2.0	1.882	0
1393	2.176	1.941	2.02	1.863	0
1394	2.078	2.02	2.039	1.902	0
1395	2.078	1.961	2.02	1.961	0
1396	1.98	2.059	2.078	2.039	0
1397	1.784	2.078	2.098	2.098	0
1398	1.765	1.882	2.059	2.078	0
1399	1.882	1.686	2.02	1.98	0
1400	1.961	1.588	1.961	1.843	0
1401	1.922	1.647	2.0	1.804	0
1402	1.902	1.667	2.039	1.863	0
1403	1.941	1.745	2.02	1.961	0
1404	1.843	1.863	2.098	2.059	0
1405	1.765	1.961	2.02	2.078	0
1406	1.902	1.961	1.961	1.961	0
1407	1.843	1.941	1.961	1.784	0
1408	2.078	1.941	1.961	1.725	0
1409	2.059	1.863	1.941	1.784	0
1410	2.059	1.843	2.0	1.922	0
1411	1.961	1.961	2.059	2.059	0
1412	2.02	1.98	2.098	2.137	0
1413	2.0	2.137	2.118	2.137	0
1414	1.843	2.118	2.157	2.098	0
1415	1.843	1.922	2.157	2.039	0
1416	1.941	1.667	2.078	1.941	0
1417	1.941	1.667	2.02	1.922	0
1418	1.98	1.784	2.039	1.882	0
1419	2.039	1.765	2.059	1.902	0
1420	2.078	1.784	2.078	1.961	0
1421	1.941	1.922	2.176	2.039	0
1422	1.745	2.059	2.137	2.118	0
1423	1.843	2.039	2.118	2.098	0
1424	1.902	2.0	2.078	2.02	0
1425	2.078	1.961	2.078	1.961	0
1426	2.098	1.922	2.039	1.902	0
1427	2.157	1.902	2.02	1.902	0
1428	2.078	2.0	2.078	1.961	0
1429	2.059	2.039	2.098	2.0	0
1430	1.902	2.039	2.059	2.02	0
1431	1.745	2.078	2.098	2.078	0
1432	1.843	1.902	2.059	2.039	0
1433	2.039	1.667	2.02	1.922	0
1434	2.0	1.686	2.02	1.804	0
1435	1.882	1.706	1.961	1.784	0
1436	1.863	1.608	1.804	1.843	0
1437	1.961	1.667	1.902	1.941	0
1438	1.98	1.882	2.059	2.039	0
1439	1.804	2.0	2.137	2.059	0
1440	1.843	1.902	1.961	1.961	0
1441	1.863	1.843	1.882	1.804	0
1442	2.137	1.922	1.961	1.725	0
1443	2.196	1.882	1.902	1.745	0
1444	2.157	1.784	1.941	1.824	0
1445	2.039	1.882	1.961	1.961	0
1446	2.059	1.843	1.902	1.98	0
1447	2.039	2.059	2.098	1.98	0
1448	1.902	2.196	2.196	2.039	0
1449	1.902	2.0	2.137	2.059	0
1450	1.941	1.706	2.0	1.98	0
1451	1.922	1.647	2.0	1.882	0
1452	1.902	1.686	2.039	1.863	0
1453	1.961	1.706	2.059	1.843	0
1454	2.078	1.784	2.098	1.902	0
1455	1.961	1.98	2.176	1.961	0
1456	1.824	2.137	2.216	2.078	0
1457	1.804	2.137	2.255	2.176	0
1458	1.843	2.059	2.176	2.176	0
1459	2.078	2.039	2.118	2.059	0
1460	2.118	1.98	2.078	1.902	0
1461	2.216	1.941	2.059	1.765	0
1462	2.078	2.02	2.118	1.804	0
1463	2.059	2.0	2.118	1.961	0
1464	1.922	2.059	2.078	2.118	0
1465	1.784	2.059	2.078	2.235	0
1466	1.863	1.902	2.059	2.176	0
1467	1.98	1.706	2.098	2.0	0
1468	2.059	1.765	2.118	1.902	0
1469	2.059	1.706	2.039	1.843	0
1470	1.961	1.608	1.98	1.863	0
1471	1.922	1.647	1.98	1.922	0
1472	1.902	1.784	2.039	2.039	0
1473	1.843	2.078	2.137	2.098	0
1474	1.941	2.078	2.098	2.059	0
1475	1.922	1.961	2.0	1.922	0
1476	2.118	1.961	2.059	1.843	0
1477	2.078	1.902	2.0	1.863	0
1478	2.196	1.941	2.059	1.922	0
1479	2.118	2.0	2.059	2.039	0
1480	2.078	2.0	2.078	2.078	0
1481	2.0	2.078	2.176	2.078	0
1482	1.824	2.137	2.176	2.098	0
1483	1.843	1.961	2.098	2.078	0
1484	1.961	1.725	2.039	1.98	0
1485	1.98	1.686	2.059	1.902	0
1486	1.961	1.725	2.078	1.882	0
1487	1.98	1.706	2.078	1.843	0
1488	2.039	1.765	2.039	1.882	0
1489	1.882	1.863	2.039	1.941	0
1490	1.725	1.941	2.039	2.02	0
1491	1.843	1.882	2.0	2.039	0
1492	1.961	1.882	2.0	1.941	0
1493	2.157	1.824	2.0	1.804	0
1494	2.059	1.784	1.882	1.725	0
1495	2.098	1.804	1.843	1.765	0
1496	2.118	1.941	1.843	1.863	0
1497	2.118	1.902	1.922	1.922	0
1498	2.039	2.0	2.078	2.0	0
1499	1.824	1.98	2.118	2.059	0
1500	1.824	1.745	1.922	2.02	0
1501	1.98	1.549	1.882	1.863	0
1502	2.02	1.588	1.941	1.745	0
1503	1.941	1.686	1.98	1.725	0
1504	1.941	1.686	2.0	1.804	0
1505	2.0	1.784	2.078	1.961	0
1506	1.961	1.882	2.039	2.059	0
1507	1.686	1.922	1.98	2.059	0
1508	1.765	1.961	1.98	1.98	0
1509	1.902	2.02	2.059	1.941	0
1510	2.176	2.039	2.196	1.902	0
1511	2.078	2.039	2.176	1.941	0
1512	2.059	1.98	2.078	1.902	0
1513	2.02	2.0	2.078	1.902	0
1514	2.02	1.98	2.059	1.961	0
1515	2.02	2.059	2.098	2.02	0
1516	1.882	2.196	2.275	2.118	0
1517	1.784	2.098	2.216	2.137	0
1518	1.863	1.745	2.118	2.059	0
1519	1.941	1.725	2.078	1.961	0
1520	1.941	1.725	2.059	1.882	0
1521	1.922	1.686	2.039	1.882	0
1522	1.941	1.765	2.098	1.961	0
1523	1.961	1.961	2.137	2.039	0
1524	1.863	2.098	2.118	2.078	0
1525	1.941	2.02	2.059	2.059	0
1526	1.902	2.0	2.059	2.0	0
1527	2.078	1.98	2.118	1.941	0
1528	2.059	1.941	2.02	1.961	0
1529	2.137	1.882	1.98	1.922	0
1530	2.098	2.0	2.059	1.961	0
1531	2.098	2.0	2.039	2.0	0
1532	2.0	2.059	2.118	2.078	0
1533	1.843	2.078	2.078	2.118	0
1534	1.784	1.922	2.039	2.059	0
1535	1.941	1.706	2.0	1.961	0
1536	2.0	1.686	2.02	1.882	0
1537	1.922	1.647	1.961	1.882	0
1538	1.961	1.667	2.02	1.882	0
1539	2.02	1.686	2.118	2.0	0
1540	2.02	1.843	2.059	2.02	0
1541	1.824	1.98	1.98	2.0	0
1542	1.725	1.922	1.882	1.961	0
1543	1.765	1.902	1.843	1.863	0
1544	2.0	1.824	1.902	1.804	0
1545	2.078	1.863	2.0	1.804	0
1546	2.157	1.922	2.078	1.882	0
1547	2.098	2.0	2.02	1.941	0
1548	2.078	1.882	1.922	1.961	0
1549	1.961	1.961	1.941	1.98	0
1550	1.784	2.02	2.0	2.02	0
1551	1.784	1.941	2.02	2.02	0
1552	1.902	1.667	1.941	1.922	0
1553	1.961	1.647	2.0	1.863	0
1554	1.922	1.667	1.98	1.843	0
1555	1.961	1.667	1.98	1.824	0
1556	2.059	1.686	1.98	1.882	0
1557	1.98	1.863	2.078	1.98	0
1558	1.843	2.078	2.137	2.078	0
1559	1.882	2.02	2.118	2.098	0
1560	1.902	2.02	2.039	2.02	0
1561	2.078	1.941	2.02	1.863	0
1562	2.059	1.961	2.039	1.804	0
1563	2.078	1.941	2.059	1.843	0
1564	2.02	1.961	2.078	1.961	0
1565	2.039	2.039	2.157	2.059	0
1566	2.02	2.098	2.137	2.078	0
1567	1.882	2.176	2.196	2.098	0
1568	1.863	2.098	2.216	2.098	0
1569	1.863	1.745	2.078	2.02	0
1570	1.863	1.667	2.039	1.922	0
1571	1.941	1.725	2.039	1.843	0
1572	1.941	1.784	2.078	1.882	0
1573	1.98	1.725	2.098	1.941	0
1574	1.902	1.843	2.098	2.02	0
1575	1.824	2.02	2.118	2.02	0
1576	1.882	2.0	2.078	2.0	0
1577	1.824	2.02	2.039	1.98	0
1578	2.059	1.922	2.039	1.902	0
1579	2.098	1.941	2.02	1.863	0
1580	2.157	1.961	2.059	1.843	0
1581	2.157	2.0	2.059	1.902	0
1582	2.098	1.98	2.078	1.98	0
1583	2.059	2.039	2.118	2.078	0
1584	1.882	2.098	2.157	2.098	0
1585	1.882	2.02	2.118	2.078	0
1586	1.941	1.706	2.0	1.961	0
1587	2.0	1.647	2.039	1.843	0
1588	1.98	1.706	2.039	1.843	0
1589	1.98	1.706	2.059	1.863	0
1590	2.078	1.706	2.078	1.98	0
1591	2.02	1.824	2.078	2.02	0
1592	1.804	2.0	2.078	2.059	0
1593	1.824	1.98	2.02	2.02	0
1594	1.863	1.922	2.0	1.922	0
1595	2.059	1.863	2.039	1.843	0
1596	2.078	1.941	2.059	1.863	0
1597	2.118	1.882	1.98	1.922	0
1598	2.098	1.941	2.0	1.941	0
1599	2.078	1.922	1.98	1.961	0
1600	1.961	2.02	2.039	1.98	0
1601	1.784	2.059	2.157	2.059	0
1602	1.745	1.902	2.039	2.059	0
1603	1.922	1.647	1.961	1.941	0
1604	1.941	1.647	2.02	1.863	0
1605	1.902	1.725	2.02	1.863	0
1606	1.922	1.686	2.02	1.922	0
1607	2.0	1.765	2.078	1.961	0
1608	1.961	1.824	2.0	1.98	0
1609	1.745	1.902	1.961	1.961	0
1610	1.706	1.863	1.98	1.941	0
1611	1.843	1.961	2.0	1.941	0
1612	2.059	1.961	2.02	1.882	0
1613	2.059	1.902	1.961	1.824	0
1614	2.157	1.863	1.902	1.824	0
1615	2.098	1.843	1.863	1.902	0
1616	2.196	1.941	2.039	2.02	0
1617	2.098	2.059	2.176	2.059	0
1618	1.824	2.137	2.196	2.118	0
1619	1.745	1.961	2.078	2.078	0
1620	1.941	1.627	1.941	1.941	0
1621	2.039	1.588	1.922	1.765	0
1622	2.02	1.667	1.98	1.725	0
1623	2.02	1.765	2.039	1.804	0
1624	2.098	1.784	2.118	1.941	0
1625	2.0	1.863	2.118	2.059	0
1626	1.824	2.02	2.118	2.078	0
1627	1.843	2.039	2.098	2.039	0
1628	1.882	2.078	2.059	1.941	0
1629	2.039	1.941	2.02	1.863	0
1630	2.059	1.98	2.039	1.863	0
1631	2.157	1.98	2.078	1.902	0
1632	2.098	2.0	2.098	1.961	0
1633	2.039	1.98	2.118	2.02	0
1634	2.059	2.078	2.118	2.059	0
1635	1.804	2.118	2.118	2.059	0
1636	1.765	2.0	2.078	2.039	0
1637	1.902	1.686	1.961	1.961	0
1638	1.882	1.647	2.0	1.882	0
1639	1.882	1.706	2.039	1.902	0
1640	1.941	1.725	2.059	1.902	0
1641	2.059	1.745	2.059	1.961	0
1642	1.98	1.843	2.039	1.941	0
1643	1.765	2.0	2.059	2.0	0
1644	1.765	1.98	2.059	2.02	0
1645	1.863	1.98	2.039	2.039	0
1646	2.02	1.882	2.0	1.941	0
1647	2.059	1.922	2.039	1.843	0
1648	2.118	1.922	2.039	1.824	0
1649	2.118	2.02	2.039	1.863	0
1650	2.078	1.98	2.02	1.941	0
1651	2.0	2.039	2.059	2.02	0
1652	1.824	2.098	2.157	2.098	0
1653	1.784	2.059	2.176	2.118	0
1654	1.922	1.784	2.078	2.02	0
1655	1.98	1.765	2.118	1.902	0
1656	1.941	1.804	2.137	1.882	0
1657	1.902	1.765	2.078	1.922	0
1658	2.039	1.745	2.059	1.941	0
1659	1.98	1.843	2.078	2.0	0
1660	1.745	2.039	2.098	2.078	0
1661	1.784	2.059	2.118	2.078	0
1662	1.804	2.059	2.078	2.059	0
1663	1.961	1.961	2.059	1.941	0
1664	2.196	2.039	2.039	1.843	0
1665	2.176	1.922	2.02	1.804	0
1666	2.078	1.961	2.078	1.882	0
1667	2.02	1.961	2.078	2.02	0
1668	1.961	2.0	2.059	2.098	0
1669	1.824	2.078	2.098	2.157	0
1670	1.784	1.98	2.078	2.078	0
1671	1.961	1.667	1.961	1.922	0
1672	2.0	1.608	2.0	1.784	0
1673	2.039	1.667	2.0	1.804	0
1674	1.941	1.647	1.941	1.882	0
1675	2.0	1.608	1.961	1.941	0
1676	1.98	1.765	2.02	2.0	0
1677	1.843	2.0	2.039	2.0	0
1678	1.843	2.0	2.02	1.961	0
1679	1.863	1.961	2.0	1.941	0
1680	2.02	1.863	1.98	1.941	0
1681	2.098	1.922	1.961	1.882	0
1682	2.196	1.922	1.98	1.843	0
1683	2.137	1.98	2.0	1.843	0
1684	2.059	1.961	2.078	1.902	0
1685	2.02	1.941	2.059	2.02	0
1686	1.824	2.059	2.098	2.118	0
1687	1.784	2.02	2.059	2.157	0
1688	1.922	1.745	1.941	2.039	0
1689	1.961	1.627	1.98	1.882	0
1690	1.922	1.627	1.961	1.765	0
1691	1.941	1.647	1.941	1.745	0
1692	1.98	1.667	1.961	1.843	0
1693	1.941	1.725	1.961	1.922	0
1694	1.765	1.941	2.02	2.078	0
1695	1.765	1.882	1.941	2.078	0
1696	1.843	1.745	1.882	1.98	0
1697	2.0	1.725	1.882	1.843	0
1698	2.059	1.941	2.02	1.784	0
1699	2.137	1.922	2.0	1.824	0
1700	2.059	1.922	1.922	1.882	0
1701	1.961	1.863	1.922	1.98	0
1702	1.961	1.922	2.02	2.078	0
1703	1.882	2.039	2.137	2.157	0
1704	1.922	2.02	2.176	2.137	0
1705	2.02	1.725	2.02	1.98	0
1706	1.961	1.725	2.059	1.863	0
1707	1.922	1.765	2.098	1.882	0
1708	1.922	1.784	2.098	1.961	0
1709	2.078	1.804	2.098	1.98	0
1710	2.059	1.843	2.118	2.02	0
1711	1.882	2.078	2.137	2.039	0
1712	1.882	2.078	2.137	2.02	0
1713	1.961	2.078	2.098	1.98	0
1714	2.039	1.941	2.059	1.98	0
1715	2.098	2.02	2.078	1.98	0
1716	2.196	2.02	2.118	1.961	0
1717	2.216	2.02	2.059	1.961	0
1718	2.118	1.98	2.059	1.961	0
1719	2.059	2.0	2.059	1.961	0
1720	1.902	2.118	2.137	2.02	0
1721	1.863	2.059	2.196	2.078	0
1722	1.961	1.765	2.059	2.039	0
1723	2.0	1.686	2.059	1.941	0
1724	2.0	1.706	2.039	1.902	0
1725	1.961	1.725	2.078	1.902	0
1726	2.059	1.804	2.118	1.922	0
1727	2.059	1.863	2.078	1.961	0
1728	1.902	2.039	2.078	2.0	0
1729	1.804	2.039	2.078	2.02	0
1730	1.902	2.059	2.157	2.02	0
1731	2.118	2.02	2.137	1.98	0
1732	2.196	2.02	2.118	1.902	0
1733	2.255	1.98	2.098	1.882	0
1734	2.216	2.078	2.157	1.941	0
1735	2.157	2.059	2.157	2.02	0
1736	2.137	2.059	2.137	2.078	0
1737	1.941	2.118	2.196	2.137	0
1738	1.843	2.039	2.176	2.137	0
1739	1.98	1.784	2.059	2.039	0
1740	2.059	1.686	2.0	1.902	0
1741	2.039	1.706	2.0	1.824	0
1742	2.02	1.725	2.02	1.863	0
1743	2.078	1.706	2.039	1.961	0
1744	2.059	1.824	2.078	2.02	0
1745	1.843	1.961	2.059	2.078	0
1746	1.824	2.0	2.039	2.039	0
1747	1.902	1.98	2.0	2.0	0
1748	1.98	1.863	1.961	1.961	0
1749	2.078	1.882	1.961	1.882	0
1750	2.157	1.863	1.941	1.863	0
1751	2.118	1.941	1.98	1.843	0
1752	2.059	1.922	2.0	1.902	0
1753	2.02	1.961	2.059	2.039	0
1754	1.804	2.039	2.059	2.118	0
1755	1.725	1.961	2.059	2.118	0
1756	1.863	1.686	1.941	2.0	0
1757	1.882	1.608	1.98	1.882	0
1758	1.902	1.667	2.02	1.804	0
1759	1.922	1.686	1.98	1.824	0
1760	1.98	1.686	2.02	1.882	0
1761	1.922	1.765	2.059	1.98	0
1762	1.765	1.961	2.059	2.059	0
1763	1.706	2.0	2.059	2.059	0
1764	1.824	2.0	2.02	1.98	0
1765	1.922	1.882	1.98	1.882	0
1766	1.941	1.961	2.039	1.863	0
1767	2.078	1.863	2.0	1.863	0
1768	2.118	1.863	1.941	1.843	0
1769	2.059	1.863	1.98	1.882	0
1770	2.078	1.902	2.02	1.922	0
1771	1.863	2.0	2.118	2.02	0
1772	1.784	2.0	2.137	2.059	0
1773	1.961	1.745	1.98	1.98	0
1774	1.961	1.608	1.922	1.882	0
1775	1.961	1.667	2.039	1.824	0
1776	1.941	1.725	2.098	1.843	0
1777	1.98	1.686	2.059	1.922	0
1778	1.961	1.725	2.02	1.98	0
1779	1.882	1.902	2.0	2.02	0
1780	1.863	2.02	2.039	2.0	0
1781	1.941	2.059	2.059	1.941	0
1782	2.02	1.941	2.02	1.882	0
1783	2.078	2.02	2.039	1.863	0
1784	2.196	2.02	2.059	1.882	0
1785	2.176	2.039	2.078	1.941	0
1786	2.078	2.059	2.118	2.039	0
1787	2.078	2.098	2.118	2.078	0
1788	1.902	2.157	2.157	2.118	0
1789	1.784	2.118	2.176	2.098	0
1790	1.922	1.824	2.078	2.02	0
1791	1.961	1.686	2.02	1.922	0
1792	1.98	1.725	2.059	1.863	0
1793	1.98	1.784	2.098	1.882	0
1794	2.059	1.765	2.098	1.941	0
1795	2.039	1.804	2.059	1.961	0
1796	1.843	1.961	2.098	2.0	0
1797	1.765	2.039	2.098	2.02	0
1798	1.863	2.02	2.059	2.0	0
1799	1.961	1.902	2.0	1.941	0
1800	2.059	1.922	2.0	1.902	0
1801	2.137	1.922	2.02	1.843	0
1802	2.196	1.961	2.039	1.843	0
1803	2.078	1.98	2.039	1.882	0
1804	2.039	1.961	2.059	1.961	0
1805	1.863	2.059	2.078	2.078	0
1806	1.745	2.0	2.098	2.078	0
1807	1.882	1.725	1.98	2.0	0
1808	1.941	1.608	1.961	1.863	0
1809	1.941	1.627	1.98	1.804	0
1810	1.941	1.667	1.98	1.804	0
1811	2.02	1.667	2.02	1.843	0
1812	1.961	1.765	2.059	1.941	0
1813	1.824	1.902	2.02	2.02	0
1814	1.765	1.922	1.98	2.0	0
1815	1.882	1.922	1.961	1.922	0
1816	2.0	1.843	1.98	1.843	0
1817	2.098	1.902	1.941	1.804	0
1818	2.157	1.843	1.941	1.804	0
1819	2.157	1.882	1.961	1.863	0
1820	2.078	2.0	2.098	1.98	0
1821	2.078	2.039	2.118	2.098	0
1822	1.882	2.039	2.039	2.137	0
1823	1.804	1.961	2.078	2.098	0
1824	1.961	1.745	2.0	1.941	0
1825	2.02	1.706	2.02	1.824	0
1826	2.02	1.765	2.059	1.863	0
1827	2.02	1.784	2.078	1.941	0
1828	2.059	1.725	2.059	2.02	0
1829	2.039	1.843	2.078	2.039	0
1830	1.902	2.02	2.098	2.078	0
1831	1.804	2.098	2.078	2.098	0
1832	1.922	2.078	2.098	2.059	0
1833	2.0	1.98	2.039	1.98	0
1834	2.118	2.0	2.039	1.902	0
1835	2.216	1.98	2.078	1.882	0
1836	2.216	2.0	2.098	1.922	0
1837	2.137	2.0	2.078	2.0	0
1838	2.137	2.0	2.078	2.039	0
1839	1.961	2.039	2.078	2.098	0
1840	1.843	2.098	2.157	2.118	0
1841	1.941	1.765	1.98	2.0	0
1842	2.0	1.608	1.922	1.863	0
1843	2.078	1.667	2.02	1.765	0
1844	2.059	1.667	2.039	1.843	0
1845	2.098	1.667	2.02	1.941	0
1846	2.059	1.725	2.039	1.98	0
1847	1.922	1.922	2.078	2.0	0
1848	1.843	2.02	2.059	2.059	0
1849	1.961	2.0	2.02	2.039	0
1850	2.059	1.882	1.961	1.941	0
1851	2.196	1.882	1.941	1.804	0
1852	2.255	1.902	2.039	1.784	0
1853	2.294	1.922	2.02	1.784	0
1854	2.137	1.941	2.0	1.922	0
1855	2.137	1.941	2.078	2.039	0
1856	1.98	2.059	2.137	2.137	0
1857	1.882	2.078	2.196	2.118	0
1858	1.961	1.863	2.059	2.02	0
1859	1.98	1.686	2.02	1.902	0
1860	2.0	1.647	2.02	1.843	0
1861	2.0	1.686	2.039	1.804	0
1862	2.078	1.706	2.059	1.843	0
1863	2.039	1.804	2.098	1.902	0
1864	1.863	1.941	2.157	1.98	0
1865	1.706	1.961	2.078	2.039	0
1866	1.804	1.961	2.039	1.961	0
1867	1.922	1.922	2.039	1.843	0
1868	2.02	2.0	2.078	1.784	0
1869	2.039	1.922	2.059	1.804	0
1870	2.02	1.902	2.02	1.843	0
1871	1.961	1.961	2.059	1.902	0
1872	1.98	2.0	2.118	1.961	0
1873	1.765	2.02	2.118	2.02	0
1874	1.608	1.961	2.098	2.039	0
1875	1.686	1.745	2.0	1.922	0
1876	1.784	1.608	1.961	1.784	0
1877	1.784	1.667	2.02	1.745	0
1878	1.804	1.745	2.059	1.765	0
1879	1.804	1.686	2.02	1.824	0
1880	1.784	1.725	2.0	1.882	0
1881	1.647	1.882	2.0	1.941	0
1882	1.549	2.0	2.039	1.961	0
1883	1.647	2.02	2.059	1.961	0
1884	1.686	1.902	2.0	1.902	0
1885	1.843	1.961	2.02	1.824	0
1886	1.922	1.961	2.02	1.784	0
1887	1.961	1.961	2.059	1.804	0
1888	1.863	2.0	2.059	1.882	0
1889	1.863	2.039	2.098	1.961	0
1890	1.706	2.078	2.118	2.059	0
1891	1.569	2.078	2.098	2.098	0
1892	1.647	1.843	2.039	2.02	0
1893	1.745	1.686	2.02	1.882	0
1894	1.804	1.765	2.098	1.804	0
1895	1.784	1.745	2.078	1.824	0
1896	1.824	1.725	2.078	1.902	0
1897	1.863	1.784	2.078	1.98	0
1898	1.745	1.961	2.078	2.02	0
1899	1.667	2.059	2.059	2.039	0
1900	1.765	2.059	2.039	2.0	0
1901	1.824	1.922	2.0	1.882	0
1902	1.98	1.961	1.98	1.843	0
1903	2.059	1.922	2.0	1.824	0
1904	2.137	1.961	2.02	1.843	0
1905	2.0	2.059	2.039	1.941	0
1906	2.0	2.0	2.02	2.02	0
1907	1.863	2.078	2.039	2.059	0
1908	1.765	2.078	2.078	2.078	0
1909	1.843	1.824	1.961	2.0	0
1910	1.902	1.647	1.961	1.902	0
1911	1.922	1.686	1.961	1.843	0
1912	1.922	1.725	2.0	1.824	0
1913	2.02	1.667	1.961	1.843	0
1914	2.02	1.765	2.02	1.922	0
1915	1.882	1.922	2.039	2.039	0
1916	1.745	2.0	1.98	2.098	0
1917	1.843	2.0	1.98	2.059	0
1918	1.941	1.902	1.961	1.941	0
1919	2.098	1.902	1.961	1.863	0
1920	2.176	1.863	1.941	1.824	0
1921	2.235	1.882	1.941	1.843	0
1922	2.157	1.941	1.941	1.922	0
1923	2.137	1.961	2.0	2.0	0
1924	1.961	2.0	2.118	2.118	0
1925	1.824	2.059	2.157	2.216	0
1926	1.941	1.804	2.0	2.137	0
1927	2.039	1.569	1.922	1.961	0
1928	2.098	1.627	2.0	1.843	0
1929	2.118	1.706	2.059	1.804	0
1930	2.118	1.647	1.98	1.863	0
1931	2.118	1.667	1.98	1.961	0
1932	2.0	1.863	2.02	2.039	0
1933	1.882	2.02	2.118	2.078	0
1934	2.039	1.961	2.078	2.098	0
1935	2.059	1.824	1.98	2.02	0
1936	2.216	1.843	1.98	1.922	0
1937	2.255	1.824	1.961	1.824	0
1938	2.314	1.843	2.0	1.804	0
1939	2.216	1.882	1.961	1.882	0
1940	2.216	1.882	2.0	1.98	0
1941	2.059	1.961	2.059	2.098	0
1942	1.902	1.98	2.078	2.118	0
1943	1.98	1.706	1.98	2.059	0
1944	2.078	1.549	1.941	1.922	0
1945	2.118	1.588	1.961	1.804	0
1946	2.059	1.627	1.941	1.784	0
1947	2.098	1.588	1.98	1.824	0
1948	2.059	1.686	2.02	1.941	0
1949	1.941	1.863	2.059	2.039	0
1950	1.804	1.922	2.02	2.059	0
1951	1.882	1.961	2.02	2.0	0
1952	1.922	1.882	2.039	1.882	0
1953	2.098	1.863	2.0	1.804	0
1954	2.137	1.843	2.0	1.804	0
1955	2.216	1.902	2.0	1.824	0
1956	2.098	2.0	2.039	1.941	0
1957	2.078	2.0	2.118	2.039	0
1958	1.824	2.118	2.196	2.098	0
1959	1.667	2.118	2.216	2.137	0
1960	1.784	1.882	2.118	2.039	0
1961	1.902	1.686	2.078	1.902	0
1962	1.902	1.706	2.078	1.843	0
1963	1.863	1.784	2.118	1.824	0
1964	1.941	1.784	2.137	1.882	0
1965	1.922	1.863	2.137	1.98	0
1966	1.765	2.02	2.176	2.078	0
1967	1.647	2.118	2.176	2.118	0
1968	1.745	2.157	2.176	2.078	0
1969	1.784	2.098	2.118	2.0	0
1970	1.961	2.039	2.098	1.922	0
1971	2.02	2.039	2.118	1.882	0
1972	2.098	2.078	2.137	1.922	0
1973	2.02	2.118	2.137	2.0	0
1974	1.961	2.078	2.118	2.059	0
1975	1.824	2.157	2.196	2.118	0
1976	1.667	2.137	2.176	2.176	0
1977	1.745	1.941	2.098	2.137	0
1978	1.882	1.765	2.078	2.039	0
1979	1.922	1.765	2.118	1.961	0
1980	1.941	1.824	2.137	1.941	0
1981	1.961	1.784	2.098	1.98	0
1982	2.0	1.824	2.078	2.02	0
1983	1.843	1.961	2.098	2.078	0
1984	1.706	2.039	2.078	2.118	0
1985	1.824	2.02	2.078	2.137	0
1986	1.882	2.0	2.059	2.039	0
1987	2.098	1.98	2.039	1.98	0
1988	2.137	1.961	2.039	1.941	0
1989	2.196	1.941	2.078	1.98	0
1990	2.098	2.0	2.059	2.039	0
1991	2.098	1.961	2.059	2.098	0
1992	1.941	2.0	2.078	2.157	0
1993	1.784	2.059	2.157	2.196	0
1994	1.843	1.843	2.059	2.176	0
1995	1.961	1.608	2.0	2.039	0
1996	2.02	1.627	2.02	1.941	0
1997	1.98	1.647	2.02	1.941	0
1998	2.02	1.608	2.059	1.98	0
1999	2.078	1.667	2.02	2.059	0
