time	channel1	channel2	channel3	channel4	class
0	1.98	1.549	2.0	1.902	0
1	2.0	1.588	2.039	1.882	0
2	1.98	1.667	2.078	1.922	0
3	2.02	1.647	2.059	1.941	0
4	2.0	1.745	2.059	2.0	0
5	1.863	2.02	2.098	2.059	0
6	1.804	2.078	2.059	2.078	0
7	1.882	2.098	2.039	2.0	0
8	2.0	1.941	2.0	1.902	0
9	2.02	2.0	2.0	1.863	0
10	2.098	1.922	2.039	1.863	0
11	2.137	2.0	2.059	1.941	0
12	2.078	2.039	2.039	2.0	0
13	2.059	2.078	2.059	2.039	0
14	1.902	2.196	2.118	2.059	0
15	1.843	2.098	2.137	2.059	0
16	1.922	1.706	2.02	1.98	0
17	1.98	1.569	2.0	1.882	0
18	1.98	1.608	2.02	1.843	0
19	1.961	1.608	2.039	1.882	0
20	2.0	1.588	2.02	1.941	0
21	2.0	1.706	2.039	1.961	0
22	1.902	2.0	2.078	2.02	0
23	1.804	2.098	2.039	2.039	0
24	1.843	2.059	2.02	2.0	0
25	1.941	1.902	1.98	1.922	0
26	2.02	1.941	2.0	1.843	0
27	2.118	1.902	2.02	1.843	0
28	2.137	1.961	2.039	1.902	0
29	2.039	2.0	2.039	1.98	0
30	2.0	2.02	2.039	2.02	0
31	1.863	2.137	2.059	2.059	0
32	1.784	2.059	2.078	2.059	0
33	1.882	1.686	2.0	1.961	0
34	1.941	1.549	1.98	1.882	0
35	1.941	1.608	2.039	1.843	0
36	1.961	1.627	2.039	1.863	0
37	2.02	1.588	2.02	1.922	0
38	1.98	1.667	2.02	1.98	0
39	1.843	1.941	2.039	2.02	0
40	1.804	2.078	2.059	2.0	0
41	1.863	2.118	2.059	1.98	0
42	1.941	1.941	2.039	1.922	0
43	2.0	1.98	2.0	1.882	0
44	2.098	1.902	2.0	1.863	0
45	2.157	1.961	2.02	1.902	0
46	2.059	2.02	2.059	1.961	0
47	2.039	2.078	2.098	2.039	0
48	1.863	2.137	2.118	2.078	0
49	1.804	2.059	2.137	2.059	0
50	1.922	1.725	2.02	1.98	0
51	1.98	1.588	2.039	1.882	0
52	1.98	1.608	2.059	1.863	0
53	1.98	1.627	2.039	1.882	0
54	2.0	1.588	2.039	1.902	0
55	1.98	1.686	2.059	1.961	0
56	1.863	1.961	2.098	2.02	0
57	1.765	2.059	2.059	2.039	0
58	1.843	2.059	2.039	1.98	0
59	1.941	1.922	2.02	1.922	0
60	2.02	1.98	2.02	1.863	0
61	2.098	1.882	2.02	1.863	0
62	2.137	1.941	2.039	1.902	0
63	2.059	2.02	2.078	1.941	0
64	2.059	2.078	2.098	2.02	0
65	1.843	2.137	2.118	2.078	0
66	1.745	2.059	2.118	2.098	0
67	1.882	1.706	2.0	1.98	0
68	1.98	1.569	2.02	1.882	0
69	1.98	1.647	2.039	1.843	0
70	1.941	1.647	2.059	1.863	0
71	1.961	1.608	2.039	1.941	0
72	1.961	1.686	2.039	1.961	0
73	1.882	1.961	2.059	2.0	0
74	1.765	2.118	2.078	2.039	0
75	1.882	2.118	2.078	2.0	0
76	1.941	1.961	2.02	1.941	0
77	2.039	2.0	2.02	1.882	0
78	2.098	1.941	2.0	1.843	0
79	2.118	1.941	2.039	1.882	0
80	2.039	2.02	2.039	1.961	0
81	2.039	2.078	2.078	2.02	0
82	1.902	2.176	2.098	2.078	0
83	1.804	2.118	2.118	2.078	0
84	1.922	1.725	2.02	2.0	0
85	1.98	1.569	2.0	1.902	0
86	2.02	1.627	2.039	1.843	0
87	1.98	1.647	2.039	1.863	0
88	2.0	1.627	2.059	1.922	0
89	2.0	1.706	2.078	2.0	0
90	1.902	1.98	2.098	2.059	0
91	1.863	2.078	2.059	2.039	0
92	1.882	2.118	2.059	2.0	0
93	1.961	1.941	2.039	1.922	0
94	2.039	2.0	2.02	1.882	0
95	2.098	1.922	2.02	1.863	0
96	2.157	1.961	2.039	1.902	0
97	2.059	2.039	2.039	1.961	0
98	2.02	2.039	2.078	2.02	0
99	1.863	2.137	2.078	2.078	0
100	1.784	2.078	2.118	2.059	0
101	1.882	1.745	2.02	2.0	0
102	1.961	1.569	2.039	1.902	0
103	1.98	1.608	2.039	1.882	0
104	1.961	1.627	2.039	1.863	0
105	2.0	1.569	2.02	1.902	0
106	1.98	1.667	2.039	1.941	0
107	1.882	1.941	2.059	2.0	0
108	1.804	2.039	2.02	2.039	0
109	1.843	2.059	2.02	2.0	0
110	1.922	1.922	2.02	1.922	0
111	2.02	1.961	2.02	1.863	0
112	2.078	1.882	2.02	1.863	0
113	2.176	1.941	2.039	1.902	0
114	2.118	2.0	2.039	1.961	0
115	2.039	2.02	2.059	2.02	0
116	1.902	2.157	2.098	2.059	0
117	1.824	2.078	2.098	2.098	0
118	1.902	1.745	2.02	2.0	0
119	2.0	1.549	2.0	1.902	0
120	1.98	1.608	2.02	1.863	0
121	1.961	1.627	2.039	1.882	0
122	2.02	1.569	2.039	1.922	0
123	2.039	1.667	2.039	1.941	0
124	1.902	1.922	2.059	2.0	0
125	1.784	2.098	2.078	2.059	0
126	1.882	2.078	2.039	2.039	0
127	1.941	1.922	2.0	1.941	0
128	2.039	1.961	2.02	1.882	0
129	2.078	1.941	2.0	1.863	0
130	2.137	1.922	2.039	1.882	0
131	2.078	2.0	2.039	1.98	0
132	2.039	2.0	2.039	2.02	0
133	1.902	2.118	2.078	2.078	0
134	1.784	2.118	2.118	2.098	0
135	1.882	1.745	2.02	2.02	0
136	1.961	1.549	1.98	1.922	0
137	1.98	1.588	2.02	1.863	0
138	1.941	1.627	2.039	1.863	0
139	1.961	1.588	2.059	1.922	0
140	1.961	1.667	2.02	1.98	0
141	1.882	1.922	2.059	2.0	0
142	1.784	2.098	2.078	2.059	0
143	1.843	2.098	2.059	2.039	0
144	1.902	1.941	2.02	1.941	0
145	2.02	1.961	2.02	1.882	0
146	2.059	1.922	2.0	1.843	0
147	2.137	1.941	2.039	1.882	0
148	2.059	2.039	2.059	1.941	0
149	2.02	2.02	2.059	2.039	0
150	1.882	2.157	2.098	2.078	0
151	1.824	2.137	2.118	2.098	0
152	1.882	1.804	2.039	2.02	0
153	1.941	1.569	2.02	1.922	0
154	2.0	1.627	2.078	1.882	0
155	1.961	1.647	2.039	1.863	0
156	1.98	1.588	2.02	1.902	0
157	1.98	1.667	2.02	1.941	0
158	1.882	1.902	2.059	1.98	0
159	1.765	2.078	2.059	2.02	0
160	1.843	2.059	2.02	2.0	0
161	1.922	1.941	2.0	1.922	0
162	2.039	1.98	2.039	1.863	0
163	2.078	1.922	2.02	1.863	0
164	2.137	1.922	2.02	1.863	0
165	2.059	2.02	2.039	1.922	0
166	2.02	2.039	2.039	2.0	0
167	1.882	2.137	2.078	2.039	0
168	1.804	2.118	2.098	2.078	0
169	1.882	1.784	2.0	1.98	0
170	1.961	1.588	2.0	1.882	0
171	1.98	1.627	2.039	1.843	0
172	1.961	1.647	2.059	1.863	0
173	2.0	1.608	2.039	1.902	0
174	2.02	1.667	2.039	1.941	0
175	1.922	1.941	2.078	1.98	0
176	1.804	2.059	2.078	2.02	0
177	1.843	2.078	2.039	2.02	0
178	1.902	1.961	2.0	1.922	0
179	2.059	1.961	2.02	1.863	0
180	2.078	1.941	2.0	1.843	0
181	2.137	1.922	2.039	1.863	0
182	2.078	2.0	2.039	1.922	0
183	2.039	2.02	2.059	1.98	0
184	1.922	2.137	2.098	2.039	0
185	1.804	2.157	2.137	2.098	0
186	1.882	1.804	2.039	2.039	0
187	1.961	1.569	2.0	1.902	0
188	2.02	1.608	2.039	1.824	0
189	1.98	1.667	2.059	1.843	0
190	1.98	1.588	2.039	1.863	0
191	2.0	1.647	2.039	1.941	0
192	1.922	1.902	2.039	1.98	0
193	1.804	2.078	2.059	2.02	0
194	1.863	2.098	2.059	2.0	0
195	1.902	1.961	2.02	1.941	0
196	2.039	2.0	2.059	1.882	0
197	2.098	1.922	2.02	1.824	0
198	2.157	1.941	2.039	1.863	0
199	2.098	2.02	2.059	1.941	0
200	2.059	2.0	2.039	2.02	0
201	1.922	2.118	2.059	2.059	0
202	1.824	2.118	2.098	2.059	0
203	1.882	1.843	2.039	2.02	0
204	1.941	1.588	2.02	1.902	0
205	1.98	1.608	2.02	1.863	0
206	1.961	1.647	2.02	1.843	0
207	2.0	1.588	2.02	1.882	0
208	2.0	1.667	2.02	1.922	0
209	1.922	1.902	2.059	2.0	0
210	1.804	2.059	2.039	2.02	0
211	1.882	2.078	2.039	2.0	0
212	1.902	2.0	2.02	1.922	0
213	2.02	1.98	2.039	1.863	0
214	2.078	1.941	2.0	1.863	0
215	2.157	1.941	2.02	1.882	0
216	2.098	2.039	2.02	1.922	0
217	2.059	2.039	2.039	2.0	0
218	1.922	2.137	2.098	2.059	0
219	1.824	2.137	2.098	2.078	0
220	1.882	1.863	2.02	2.0	0
221	1.961	1.627	2.0	1.902	0
222	2.0	1.647	2.059	1.863	0
223	1.961	1.667	2.039	1.882	0
224	1.98	1.627	2.039	1.902	0
225	2.02	1.686	2.039	1.941	0
226	1.922	1.941	2.059	2.0	0
227	1.784	2.118	2.078	2.02	0
228	1.843	2.078	2.039	2.02	0
229	1.882	2.0	2.0	1.941	0
230	2.039	2.0	2.02	1.882	0
231	2.059	1.961	2.02	1.863	0
232	2.137	1.941	2.039	1.882	0
233	2.078	2.02	2.039	1.961	0
234	2.059	2.02	2.039	2.0	0
235	1.922	2.176	2.098	2.059	0
236	1.804	2.157	2.137	2.098	0
237	1.882	1.902	2.078	2.059	0
238	1.941	1.608	2.0	1.922	0
239	2.0	1.608	2.02	1.843	0
240	1.961	1.667	2.039	1.863	0
241	1.98	1.608	2.039	1.902	0
242	2.0	1.667	2.039	1.961	0
243	1.922	1.882	2.059	2.0	0
244	1.804	2.078	2.059	2.02	0
245	1.843	2.078	2.059	2.02	0
246	1.882	2.0	2.02	1.961	0
247	2.039	1.961	2.0	1.882	0
248	2.098	1.941	2.0	1.863	0
249	2.137	1.941	2.02	1.882	0
250	2.059	2.02	2.059	1.941	0
251	2.039	2.0	2.039	2.02	0
252	1.902	2.118	2.059	2.059	0
253	1.824	2.137	2.098	2.078	0
254	1.863	1.902	2.039	2.039	0
255	1.941	1.608	2.02	1.941	0
256	1.98	1.608	2.02	1.882	0
257	1.961	1.647	2.039	1.863	0
258	1.98	1.627	2.039	1.902	0
259	1.98	1.686	2.059	1.941	0
260	1.902	1.882	2.059	2.0	0
261	1.784	2.078	2.039	2.02	0
262	1.863	2.078	2.059	2.039	0
263	1.922	2.039	2.0	1.922	0
264	2.039	1.98	2.039	1.882	0
265	2.059	1.961	2.02	1.863	0
266	2.118	1.941	2.02	1.863	0
267	2.078	2.039	2.039	1.941	0
268	2.02	2.039	2.059	2.0	0
269	1.902	2.137	2.078	2.078	0
270	1.824	2.176	2.098	2.078	0
271	1.863	1.941	2.039	2.02	0
272	1.941	1.667	2.0	1.902	0
273	1.98	1.627	2.059	1.843	0
274	1.961	1.686	2.059	1.863	0
275	1.98	1.667	2.039	1.902	0
276	2.02	1.706	2.039	1.941	0
277	1.922	1.922	2.078	2.0	0
278	1.784	2.098	2.098	2.02	0
279	1.824	2.098	2.059	2.02	0
280	1.863	2.039	2.02	1.922	0
281	2.039	2.0	2.02	1.863	0
282	2.078	1.98	2.039	1.863	0
283	2.137	1.941	2.039	1.882	0
284	2.078	2.039	2.059	1.922	0
285	2.059	2.039	2.059	2.0	0
286	1.902	2.157	2.098	2.059	0
287	1.804	2.176	2.137	2.078	0
288	1.863	1.902	2.059	2.039	0
289	1.941	1.627	2.039	1.941	0
290	2.02	1.627	2.059	1.843	0
291	1.961	1.647	2.059	1.863	0
292	1.922	1.608	2.059	1.902	0
293	1.922	1.647	2.039	1.941	0
294	1.882	1.843	2.059	1.98	0
295	1.784	2.078	2.078	2.02	0
296	1.804	2.02	2.059	2.02	0
297	1.843	1.98	2.02	1.961	0
298	2.118	2.0	2.059	1.863	0
299	2.196	1.941	2.0	1.824	0
300	2.098	1.882	2.0	1.843	0
301	2.039	1.98	2.078	1.922	0
302	2.02	1.961	2.059	2.02	0
303	1.941	2.078	2.078	2.059	0
304	1.882	2.118	2.098	2.078	0
305	1.922	1.863	2.02	2.0	0
306	1.961	1.549	1.961	1.902	0
307	1.941	1.529	1.961	1.804	0
308	1.863	1.588	1.98	1.824	0
309	1.902	1.569	2.0	1.882	0
310	1.98	1.608	2.02	1.941	0
311	1.902	1.804	1.98	2.02	0
312	1.725	1.961	1.961	2.0	0
313	1.961	2.02	2.0	1.961	0
314	2.059	2.039	2.0	1.882	0
315	2.098	1.922	2.0	1.863	0
316	1.98	1.922	2.039	1.882	0
317	2.137	1.961	2.059	1.922	0
318	2.0	2.0	2.02	1.961	0
319	1.882	1.902	1.98	1.961	0
320	1.824	2.039	2.0	1.98	0
321	1.745	2.098	2.059	2.02	0
322	1.824	1.902	2.059	2.039	0
323	1.902	1.627	2.0	1.98	0
324	2.098	1.706	2.157	1.941	0
325	2.137	1.863	2.235	1.941	0
326	2.118	1.863	2.196	1.941	0
327	2.157	1.725	2.0	1.902	0
328	1.922	1.745	1.863	1.843	0
329	1.686	2.039	2.039	1.843	0
330	1.765	2.176	2.02	1.863	0
331	1.529	2.196	2.0	2.0	0
332	1.51	2.039	1.882	2.157	0
333	1.843	1.882	1.863	2.157	0
334	2.392	2.0	1.98	2.039	0
335	2.373	2.078	1.941	1.882	0
336	2.176	2.02	2.0	1.824	0
337	2.02	2.235	2.059	1.863	0
338	1.667	2.196	2.059	1.961	0
339	1.471	1.922	2.0	2.098	0
340	1.608	1.608	1.941	2.137	0
341	1.941	1.647	1.961	2.137	0
342	2.157	1.647	1.863	2.059	0
343	2.02	1.471	1.843	1.941	0
344	1.902	1.569	1.98	1.863	0
345	1.961	1.922	1.98	1.882	0
346	1.784	2.137	1.941	2.02	0
347	1.804	2.137	2.02	2.118	0
348	2.02	2.353	2.118	2.176	0
349	2.196	2.235	1.98	2.098	0
350	1.686	1.922	1.765	1.961	0
351	1.49	1.627	1.686	1.804	0
352	1.843	1.725	1.824	1.843	0
353	1.784	1.647	1.804	2.059	0
354	1.627	1.647	1.765	2.196	0
355	1.843	1.882	1.961	2.137	0
356	2.314	2.235	2.216	2.039	0
357	2.275	2.118	2.157	1.941	0
358	1.98	1.863	1.882	1.843	0
359	1.765	1.392	1.627	1.765	0
360	1.706	1.098	1.706	1.863	0
361	1.902	1.294	1.882	2.059	0
362	2.078	1.569	1.882	2.137	0
363	2.059	1.882	1.765	2.039	0
364	2.078	2.039	1.745	1.863	0
365	2.137	2.02	1.706	1.725	0
366	2.314	1.882	1.824	1.627	0
367	2.294	1.882	1.863	1.608	0
368	2.255	1.902	1.843	1.706	0
369	2.059	1.922	1.647	1.784	0
370	2.039	1.745	1.451	1.765	0
371	1.706	1.725	1.431	1.706	0
372	1.667	1.784	1.529	1.627	0
373	1.922	1.51	1.51	1.549	0
374	2.098	1.137	1.51	1.51	0
375	2.294	1.137	1.784	1.549	0
376	2.118	1.216	1.98	1.608	0
377	1.765	1.157	1.804	1.686	0
378	1.725	1.078	1.569	1.667	0
379	1.804	1.412	1.706	1.627	0
380	1.745	1.686	1.863	1.588	0
381	1.824	1.588	2.039	1.627	0
382	2.039	1.667	2.176	1.784	0
383	2.392	2.098	2.49	1.863	0
384	2.451	2.314	2.451	1.902	0
385	2.373	2.039	2.392	1.902	0
386	2.137	2.157	2.706	1.922	0
387	2.078	2.196	2.784	2.0	0
388	1.922	2.118	2.49	2.059	0
389	1.804	2.314	2.549	2.118	0
390	2.176	2.49	2.843	2.216	0
391	2.373	2.176	2.824	2.196	0
392	2.255	2.078	2.627	2.078	0
393	2.118	2.137	2.529	2.0	0
394	2.039	2.333	2.647	2.059	0
395	1.941	2.431	2.824	2.196	0
396	1.961	2.725	2.784	2.333	0
397	1.98	3.02	2.569	2.412	0
398	1.922	2.863	2.471	2.431	0
399	1.902	2.882	2.471	2.373	0
400	2.098	2.863	2.412	2.216	0
401	2.118	2.882	2.118	2.0	0
402	2.157	2.961	2.078	1.941	0
403	2.216	3.255	2.314	2.118	0
404	2.275	3.314	2.412	2.451	0
405	2.235	3.392	2.373	2.804	0
406	1.941	3.49	2.333	2.98	0
407	1.686	3.118	2.216	2.882	0
408	1.745	2.667	2.059	2.588	0
409	1.882	2.412	1.882	2.157	0
410	1.647	2.333	1.765	1.98	0
411	1.588	2.255	1.745	2.098	0
412	1.824	2.176	1.784	2.373	0
413	2.255	2.275	1.863	2.569	0
414	2.216	2.451	1.745	2.569	0
415	1.902	2.451	1.569	2.431	0
416	1.725	2.51	1.647	2.353	0
417	1.961	2.235	1.784	2.333	0
418	2.235	1.98	1.569	2.216	0
419	2.373	1.627	1.373	2.098	0
420	2.196	1.627	1.353	1.941	0
421	2.196	1.588	1.314	1.804	0
422	2.137	1.608	1.176	1.824	0
423	2.059	1.686	1.137	1.843	0
424	2.137	1.333	1.0	1.843	0
425	2.196	0.882	1.0	1.804	0
426	2.275	0.843	1.176	1.765	0
427	2.392	0.961	1.412	1.667	0
428	2.255	0.941	1.431	1.725	0
429	2.0	0.824	1.333	1.843	0
430	1.98	0.824	1.196	1.784	0
431	1.882	1.176	1.216	1.706	0
432	1.824	1.216	1.137	1.588	0
433	1.686	0.922	0.961	1.51	0
434	1.471	0.49	1.098	1.451	0
435	1.588	0.647	1.569	1.451	0
436	1.902	0.804	1.882	1.51	0
437	2.098	1.118	2.0	1.569	0
438	1.745	1.255	1.961	1.627	0
439	1.373	1.196	1.824	1.667	0
440	1.314	1.255	1.961	1.725	0
441	1.686	1.216	2.157	1.686	0
442	1.549	0.804	2.275	1.529	0
443	1.745	0.882	2.471	1.412	0
444	1.941	1.098	2.667	1.431	0
445	1.941	1.157	2.686	1.51	0
446	2.039	1.157	2.706	1.588	0
447	1.863	1.255	2.784	1.686	0
448	1.647	1.667	2.882	1.647	0
449	1.765	1.725	2.902	1.608	0
450	1.804	1.765	2.863	1.569	0
451	2.078	1.765	2.824	1.549	0
452	2.235	1.863	2.745	1.529	0
453	2.294	1.686	2.843	1.549	0
454	2.275	1.824	2.961	1.667	0
455	2.137	1.882	2.961	1.804	0
456	2.098	2.0	2.961	1.882	0
457	2.0	2.098	2.882	1.882	0
458	1.745	1.725	2.549	1.765	0
459	1.471	1.216	2.294	1.569	0
460	1.471	1.059	2.255	1.529	0
461	1.549	1.157	2.353	1.647	0
462	1.961	1.353	2.529	1.784	0
463	2.235	1.431	2.667	1.961	0
464	2.333	1.49	2.647	1.961	0
465	2.451	1.725	2.451	1.843	0
466	1.804	1.745	2.255	1.725	0
467	1.412	1.627	2.02	1.647	0
468	1.51	1.51	2.059	1.725	0
469	1.843	1.667	2.196	1.863	0
470	2.294	1.745	2.235	2.0	0
471	2.431	1.824	2.235	2.098	0
472	2.333	1.882	2.294	2.137	0
473	2.235	2.098	2.255	2.176	0
474	2.039	2.059	2.157	2.118	0
475	1.961	1.843	2.118	2.039	0
476	2.118	1.608	2.118	1.961	0
477	2.176	1.627	2.118	2.0	0
478	2.118	1.706	2.137	2.157	0
479	1.98	1.686	2.0	2.235	0
480	2.02	1.686	1.922	2.216	0
481	1.961	1.902	1.941	2.137	0
482	1.706	2.294	1.961	2.157	0
483	1.588	2.294	1.98	2.196	0
484	1.588	2.216	1.882	2.216	0
485	1.686	2.059	1.882	2.176	0
486	1.765	2.255	1.941	2.137	0
487	1.667	2.216	1.882	2.157	0
488	1.451	2.314	1.843	2.216	0
489	1.451	2.275	1.824	2.255	0
490	1.588	2.412	2.02	2.294	0
491	1.588	2.569	2.0	2.294	0
492	1.627	2.431	1.922	2.216	0
493	1.667	2.059	1.804	2.196	0
494	1.392	1.843	1.882	2.216	0
495	1.333	1.863	2.059	2.235	0
496	1.451	2.059	2.118	2.275	0
497	1.588	2.078	2.078	2.235	0
498	1.745	2.157	2.078	2.176	0
499	1.804	2.608	2.196	2.176	0
500	1.647	2.471	2.02	2.176	0
501	1.549	2.333	1.961	2.137	0
502	1.765	2.333	2.137	2.157	0
503	1.843	2.529	2.294	2.294	0
504	1.882	2.412	2.255	2.373	0
505	1.882	2.412	2.235	2.314	0
506	1.902	2.471	2.314	2.235	0
507	1.824	2.51	2.314	2.275	0
508	1.725	2.471	2.333	2.373	0
509	1.961	2.373	2.431	2.392	0
510	2.059	1.961	2.235	2.314	0
511	1.725	1.824	2.196	2.196	0
512	1.627	1.961	2.216	2.216	0
513	1.529	1.922	2.137	2.314	0
514	1.549	1.863	2.098	2.373	0
515	1.824	1.843	2.059	2.314	0
516	2.216	2.118	2.216	2.235	0
517	2.412	2.431	2.392	2.294	0
518	2.431	2.294	2.294	2.294	0
519	2.412	2.098	2.216	2.235	0
520	2.059	2.118	2.098	2.196	0
521	2.098	1.98	1.961	2.157	0
522	2.412	1.98	2.0	2.098	0
523	2.49	1.922	2.118	2.098	0
524	2.588	1.902	2.02	2.157	0
525	2.569	2.118	2.02	2.216	0
526	2.569	2.157	2.0	2.235	0
527	2.706	1.667	2.02	2.176	0
528	2.765	1.471	2.176	2.078	0
529	2.725	1.412	2.235	2.0	0
530	2.686	1.471	2.216	2.039	0
531	2.706	1.333	2.0	2.059	0
532	2.686	1.471	1.941	2.02	0
533	2.51	1.824	2.0	2.0	0
534	2.392	1.863	2.039	2.0	0
535	2.412	1.863	2.098	2.0	0
536	2.451	1.667	2.137	2.0	0
537	2.451	1.745	2.039	1.941	0
538	2.471	1.647	2.02	1.843	0
539	2.392	1.765	2.118	1.843	0
540	2.333	1.765	2.157	1.902	0
541	2.255	1.922	2.157	2.039	0
542	2.137	2.02	2.059	2.118	0
543	2.078	1.843	2.157	2.078	0
544	1.961	1.451	2.216	2.0	0
545	1.882	1.196	2.196	1.941	0
546	2.039	1.373	2.333	1.941	0
547	2.255	1.667	2.431	2.059	0
548	2.275	1.608	2.431	2.137	0
549	2.118	1.667	2.392	2.157	0
550	1.882	1.941	2.235	2.157	0
551	1.706	2.039	2.235	2.137	0
552	1.863	2.039	2.275	2.098	0
553	2.02	1.922	2.333	2.118	0
554	2.02	2.039	2.373	2.196	0
555	2.137	2.098	2.373	2.216	0
556	2.216	2.118	2.353	2.216	0
557	2.039	2.098	2.353	2.196	0
558	2.0	2.118	2.333	2.235	0
559	1.902	2.255	2.314	2.314	0
560	1.922	2.176	2.275	2.294	0
561	2.0	1.804	2.157	2.176	0
562	1.882	1.667	2.078	2.0	0
563	1.843	1.686	2.0	1.902	0
564	1.824	1.608	1.922	1.902	0
565	1.824	1.588	1.922	1.922	0
566	1.843	1.725	1.941	1.98	0
567	1.725	2.02	1.882	2.039	0
568	1.627	2.078	1.725	2.0	0
569	1.686	2.176	1.745	1.902	0
570	1.765	1.941	1.706	1.804	0
571	1.765	1.941	1.686	1.765	0
572	1.725	1.922	1.569	1.745	0
573	1.647	2.078	1.471	1.745	0
574	1.725	2.078	1.412	1.784	0
575	2.02	2.216	1.686	1.863	0
576	2.039	2.255	1.824	1.922	0
577	1.745	2.118	1.686	1.863	0
578	1.608	1.686	1.431	1.745	0
579	1.686	1.51	1.333	1.667	0
580	1.863	1.549	1.412	1.608	0
581	1.98	1.627	1.529	1.608	0
582	2.039	1.549	1.588	1.627	0
583	1.941	1.667	1.667	1.745	0
584	1.902	1.922	1.627	1.824	0
585	1.941	1.941	1.529	1.765	0
586	2.0	1.922	1.549	1.667	0
587	2.078	1.784	1.667	1.569	0
588	2.118	1.902	1.804	1.588	0
589	2.216	1.882	1.882	1.686	0
590	2.275	1.922	1.824	1.804	0
591	2.137	1.863	1.765	1.843	0
592	2.098	1.863	1.882	1.843	0
593	2.02	1.961	2.02	1.863	0
594	2.0	1.98	2.059	1.863	0
595	2.059	1.627	1.824	1.804	0
596	2.0	1.49	2.02	1.725	0
597	1.961	1.51	2.255	1.725	0
598	1.961	1.569	2.373	1.745	0
599	2.059	1.706	2.431	1.824	0
600	2.118	1.706	2.294	1.824	0
601	1.941	1.98	2.333	1.804	0
602	1.922	2.118	2.314	1.804	0
603	1.941	2.176	2.333	1.804	0
604	1.922	2.0	2.353	1.843	0
605	1.882	1.98	2.373	1.843	0
606	2.02	1.961	2.49	1.824	0
607	2.137	2.039	2.569	1.824	0
608	2.039	2.098	2.569	1.843	0
609	2.02	2.098	2.51	1.882	0
610	1.765	2.137	2.51	1.882	0
611	1.627	2.059	2.451	1.882	0
612	1.686	1.725	2.314	1.843	0
613	1.843	1.608	2.314	1.843	0
614	1.961	1.569	2.392	1.863	0
615	2.137	1.725	2.549	1.882	0
616	2.039	1.627	2.373	1.843	0
617	1.686	1.725	2.333	1.824	0
618	1.706	2.02	2.314	1.843	0
619	1.765	2.02	2.275	1.882	0
620	1.804	2.098	2.314	1.922	0
621	1.922	1.98	2.255	1.863	0
622	2.0	2.059	2.255	1.843	0
623	2.02	2.0	2.275	1.843	0
624	2.059	2.039	2.294	1.882	0
625	2.078	2.118	2.294	1.922	0
626	2.176	2.176	2.255	1.941	0
627	2.02	2.255	2.314	1.941	0
628	2.0	2.333	2.412	2.02	0
629	2.118	2.0	2.255	2.039	0
630	1.98	1.725	2.098	1.98	0
631	1.902	1.627	2.098	1.843	0
632	1.98	1.667	2.176	1.765	0
633	2.078	1.667	2.216	1.804	0
634	2.059	1.745	2.157	1.882	0
635	1.961	2.059	2.196	1.961	0
636	1.882	2.216	2.176	2.02	0
637	1.765	2.137	2.059	1.98	0
638	1.824	1.843	1.902	1.824	0
639	2.02	1.843	1.961	1.706	0
640	2.255	1.863	2.078	1.745	0
641	2.275	2.0	2.02	1.902	0
642	1.961	2.02	1.902	2.098	0
643	1.843	2.0	1.882	2.118	0
644	1.824	1.961	1.863	1.98	0
645	1.804	1.863	1.902	1.863	0
646	1.784	1.49	1.725	1.824	0
647	1.765	1.373	1.784	1.843	0
648	2.02	1.49	1.824	1.882	0
649	2.098	1.51	1.863	1.863	0
650	2.294	1.451	1.804	1.882	0
651	2.196	1.588	1.784	1.98	0
652	1.824	1.647	1.647	2.039	0
653	1.745	1.765	1.725	2.0	0
654	1.941	2.0	1.863	1.941	0
655	2.078	1.882	1.784	1.922	0
656	2.137	1.922	1.902	1.941	0
657	2.176	1.882	1.922	1.98	0
658	2.294	1.922	1.784	1.98	0
659	2.196	1.941	1.824	2.059	0
660	2.118	2.02	1.941	2.098	0
661	1.98	2.176	2.039	2.098	0
662	1.922	2.137	2.0	2.157	0
663	2.02	1.882	1.922	2.098	0
664	2.0	1.686	1.961	2.0	0
665	1.98	1.706	2.0	1.961	0
666	1.902	1.725	1.961	2.02	0
667	1.902	1.804	2.02	2.118	0
668	1.882	1.863	1.961	2.137	0
669	1.725	2.039	1.961	2.176	0
670	1.647	2.176	2.0	2.176	0
671	1.725	2.216	1.98	2.098	0
672	1.745	1.98	1.922	1.961	0
673	1.804	1.902	1.745	1.863	0
674	1.843	1.863	1.647	1.824	0
675	1.961	1.98	1.725	1.902	0
676	1.941	2.039	1.882	2.0	0
677	1.961	2.176	2.02	2.02	0
678	1.725	2.216	2.02	2.0	0
679	1.627	2.078	1.922	1.922	0
680	1.745	1.627	1.745	1.843	0
681	1.784	1.392	1.725	1.784	0
682	1.745	1.451	1.824	1.784	0
683	1.667	1.569	1.843	1.882	0
684	1.824	1.549	1.863	1.941	0
685	1.98	1.686	1.843	1.941	0
686	1.863	1.961	1.902	1.863	0
687	1.804	2.078	1.98	1.784	0
688	1.804	2.157	2.02	1.824	0
689	1.784	2.078	1.98	1.863	0
690	1.922	2.157	2.02	1.882	0
691	2.0	2.157	2.157	1.902	0
692	2.02	2.118	2.157	1.922	0
693	1.902	2.078	2.078	1.902	0
694	1.882	2.157	2.157	1.961	0
695	1.745	2.392	2.235	2.059	0
696	1.784	2.392	2.314	2.078	0
697	1.882	2.118	2.255	1.941	0
698	1.922	1.941	2.314	1.882	0
699	1.882	2.0	2.275	1.98	0
700	1.725	1.941	2.314	2.059	0
701	1.804	1.824	2.255	2.02	0
702	1.882	1.941	2.353	2.0	0
703	1.843	2.216	2.373	2.02	0
704	1.784	2.392	2.373	2.098	0
705	1.804	2.392	2.314	2.098	0
706	1.745	2.176	2.255	2.02	0
707	1.902	2.118	2.294	1.98	0
708	1.961	2.02	2.216	1.961	0
709	1.882	2.0	2.196	1.922	0
710	1.745	2.059	2.157	1.941	0
711	1.804	1.98	2.059	1.961	0
712	2.0	2.078	2.216	1.961	0
713	2.255	2.157	2.314	1.941	0
714	2.098	1.824	2.196	1.882	0
715	1.882	1.588	2.157	1.843	0
716	1.824	1.549	2.059	1.902	0
717	1.882	1.51	1.941	1.941	0
718	2.118	1.471	1.98	1.902	0
719	2.275	1.627	2.059	1.843	0
720	2.059	1.863	2.02	1.824	0
721	1.863	1.882	2.0	1.824	0
722	1.98	1.922	2.02	1.863	0
723	2.118	1.863	2.0	1.843	0
724	2.235	1.843	1.961	1.922	0
725	2.255	1.843	2.039	1.98	0
726	2.392	1.98	2.078	1.98	0
727	2.333	1.863	1.941	1.902	0
728	2.235	1.843	1.961	1.882	0
729	2.0	1.922	1.922	1.941	0
730	1.882	1.882	1.98	2.0	0
731	1.98	1.608	2.0	1.98	0
732	2.02	1.471	1.941	1.922	0
733	2.078	1.51	1.863	1.961	0
734	2.118	1.529	1.824	1.98	0
735	2.039	1.392	1.863	1.941	0
736	1.941	1.412	1.804	1.863	0
737	1.765	1.706	1.882	1.843	0
738	1.745	2.039	1.941	1.98	0
739	1.902	1.941	1.745	2.059	0
740	2.0	1.765	1.667	2.0	0
741	2.0	1.824	1.686	1.882	0
742	2.0	1.706	1.725	1.765	0
743	2.118	1.863	1.941	1.784	0
744	2.078	1.941	1.98	1.922	0
745	2.078	1.902	1.804	2.098	0
746	1.804	2.039	1.627	2.196	0
747	1.627	2.059	1.549	2.196	0
748	1.706	1.745	1.647	2.039	0
749	1.941	1.529	1.98	1.863	0
750	2.098	1.569	2.157	1.804	0
751	2.157	1.647	2.118	1.863	0
752	2.02	1.569	1.882	1.98	0
753	1.98	1.686	1.784	2.078	0
754	1.941	1.98	1.725	2.137	0
755	1.765	2.078	1.804	2.078	0
756	1.863	2.137	1.902	2.039	0
757	1.863	2.059	1.922	1.98	0
758	2.039	2.059	2.059	2.0	0
759	2.137	2.078	2.118	2.059	0
760	2.176	2.078	2.118	2.137	0
761	2.078	2.157	2.098	2.137	0
762	2.0	2.157	2.059	2.137	0
763	1.843	2.216	2.02	2.118	0
764	1.784	2.196	2.02	2.098	0
765	1.804	1.902	2.02	2.02	0
766	1.863	1.745	2.039	1.961	0
767	1.824	1.706	2.039	2.02	0
768	1.706	1.725	2.0	2.118	0
769	1.824	1.667	1.98	2.098	0
770	2.0	1.706	1.98	2.078	0
771	1.824	1.863	2.0	2.078	0
772	2.059	2.196	2.176	2.078	0
773	2.294	2.235	2.157	2.02	0
774	1.922	1.98	2.0	1.922	0
775	1.882	1.941	1.98	1.922	0
776	1.922	1.98	1.98	1.961	0
777	2.157	1.863	1.863	1.961	0
778	2.235	1.98	1.98	1.902	0
779	2.235	2.098	2.137	1.882	0
780	2.078	2.176	2.176	1.961	0
781	2.0	2.118	2.294	2.176	0
782	2.137	1.902	2.235	2.353	0
783	2.176	1.706	2.157	2.235	0
784	2.196	1.608	2.118	1.98	0
785	2.157	1.667	2.176	1.784	0
786	2.137	1.686	2.235	1.745	0
787	2.078	1.725	2.216	1.863	0
788	1.961	1.882	2.275	2.039	0
789	1.922	2.059	2.275	2.137	0
790	1.882	2.039	2.098	2.137	0
791	1.882	1.922	1.941	2.059	0
792	2.0	1.863	2.078	1.922	0
793	2.059	1.824	2.216	1.922	0
794	2.137	1.824	2.157	1.882	0
795	2.059	1.882	2.157	1.961	0
796	1.922	1.804	2.078	2.02	0
797	1.647	1.863	1.961	2.02	0
798	1.588	1.843	2.0	1.98	0
799	1.745	1.627	2.02	1.902	0
800	2.0	1.333	1.98	1.784	0
801	2.098	1.196	1.902	1.725	0
802	2.0	1.314	2.02	1.784	0
803	2.02	1.529	2.196	1.902	0
804	1.863	1.529	2.078	2.0	0
805	1.667	1.667	1.882	2.0	0
806	1.667	1.824	1.824	1.902	0
807	1.843	1.902	1.882	1.784	0
808	1.843	1.804	2.059	1.745	0
809	2.0	1.843	2.118	1.725	0
810	2.078	1.902	2.137	1.804	0
811	2.275	1.941	2.098	1.922	0
812	2.216	2.0	2.039	1.98	0
813	2.176	2.039	2.02	2.0	0
814	2.039	2.157	2.039	2.0	0
815	1.98	2.118	2.235	2.0	0
816	1.961	1.882	2.176	1.961	0
817	1.961	1.627	2.078	1.922	0
818	2.0	1.627	2.118	1.882	0
819	2.0	1.765	2.196	1.922	0
820	1.98	1.686	2.118	1.941	0
821	1.98	1.667	2.078	2.0	0
822	1.843	1.882	2.118	2.02	0
823	1.667	2.137	2.157	2.02	0
824	1.824	2.176	2.157	2.02	0
825	1.863	2.059	2.176	2.039	0
826	2.039	2.059	2.235	2.039	0
827	2.098	2.02	2.196	2.0	0
828	2.039	1.941	2.059	1.941	0
829	1.902	2.039	2.078	1.922	0
830	1.98	2.137	2.176	1.961	0
831	1.922	2.176	2.118	2.02	0
832	1.804	2.137	2.118	2.0	0
833	1.882	1.843	2.078	2.039	0
834	1.941	1.588	2.078	1.98	0
835	1.922	1.549	1.961	1.922	0
836	1.902	1.608	1.902	1.824	0
837	1.961	1.686	2.137	1.784	0
838	1.922	1.647	2.039	1.784	0
839	1.843	1.843	1.922	1.863	0
840	1.725	1.98	1.784	1.941	0
841	1.843	2.039	2.02	1.961	0
842	1.882	1.961	2.039	1.941	0
843	1.941	1.922	2.039	1.843	0
844	2.078	1.961	1.98	1.725	0
845	2.118	1.941	1.941	1.647	0
846	2.0	1.902	1.961	1.686	0
847	2.078	1.961	2.137	1.863	0
848	1.961	2.176	2.216	2.059	0
849	1.843	2.196	2.118	2.255	0
850	1.941	1.98	2.098	2.176	0
851	2.02	1.667	2.098	1.922	0
852	2.039	1.588	2.176	1.706	0
853	2.02	1.706	2.235	1.686	0
854	1.922	1.706	2.157	1.784	0
855	2.0	1.706	2.176	1.902	0
856	2.0	1.941	2.196	2.0	0
857	1.941	2.294	2.333	2.059	0
858	2.0	2.333	2.333	2.118	0
859	1.902	2.216	2.294	2.137	0
860	2.039	2.176	2.353	2.118	0
861	2.02	2.02	2.176	1.961	0
862	2.0	1.961	2.118	1.843	0
863	2.02	2.137	2.196	1.843	0
864	2.118	2.118	2.294	1.98	0
865	1.961	2.314	2.294	2.157	0
866	1.843	2.333	2.314	2.235	0
867	1.725	2.039	2.314	2.196	0
868	1.882	1.784	2.314	2.059	0
869	2.098	1.725	2.294	1.922	0
870	2.0	1.725	2.275	1.902	0
871	2.02	1.686	2.235	1.941	0
872	1.941	1.647	2.157	1.98	0
873	1.882	1.922	2.176	1.98	0
874	1.824	2.137	2.216	1.98	0
875	1.902	2.157	2.275	1.941	0
876	2.02	2.176	2.275	1.941	0
877	2.216	2.118	2.235	1.922	0
878	2.157	1.961	2.118	1.863	0
879	2.157	1.902	2.078	1.863	0
880	2.098	2.0	2.157	1.882	0
881	2.098	2.039	2.216	1.961	0
882	2.0	2.059	2.059	2.039	0
883	1.863	2.118	2.118	2.059	0
884	1.882	1.824	1.98	1.98	0
885	2.0	1.627	1.961	1.843	0
886	1.98	1.549	1.961	1.745	0
887	1.922	1.451	1.922	1.725	0
888	2.039	1.431	1.882	1.765	0
889	2.078	1.608	1.941	1.824	0
890	1.961	1.863	2.02	1.922	0
891	1.725	2.157	2.02	2.02	0
892	1.765	2.02	1.922	1.961	0
893	1.667	1.843	1.765	1.863	0
894	1.765	1.706	1.765	1.765	0
895	1.961	1.804	1.804	1.765	0
896	2.196	1.863	1.824	1.824	0
897	2.176	1.863	1.686	1.902	0
898	2.176	1.882	1.804	1.922	0
899	1.98	2.118	1.922	1.941	0
900	1.725	2.059	1.863	2.0	0
901	1.784	1.745	1.706	2.0	0
902	1.882	1.529	1.686	1.902	0
903	2.0	1.569	1.863	1.804	0
904	2.039	1.49	1.824	1.745	0
905	1.941	1.49	1.706	1.745	0
906	2.0	1.569	1.588	1.804	0
907	1.961	1.706	1.667	1.882	0
908	1.863	1.961	1.824	1.961	0
909	1.882	2.02	1.863	1.961	0
910	1.882	1.98	1.804	1.902	0
911	2.059	1.863	1.686	1.863	0
912	2.118	1.843	1.667	1.843	0
913	2.235	1.882	1.725	1.882	0
914	2.137	2.0	1.863	1.98	0
915	2.118	2.039	1.961	2.039	0
916	1.98	2.157	1.922	2.039	0
917	1.784	2.176	1.863	1.961	0
918	1.745	1.824	1.784	1.961	0
919	1.882	1.549	1.843	1.98	0
920	1.941	1.549	1.922	2.039	0
921	1.922	1.706	2.02	2.039	0
922	1.902	1.667	1.961	2.059	0
923	1.922	1.706	1.98	2.078	0
924	1.882	1.922	2.02	2.098	0
925	1.824	2.098	1.902	2.059	0
926	1.824	2.078	1.863	1.941	0
927	1.824	2.02	1.863	1.902	0
928	1.902	1.98	1.922	1.941	0
929	1.824	1.941	1.882	2.02	0
930	1.922	1.902	1.922	2.039	0
931	2.0	2.0	2.0	2.02	0
932	2.02	2.039	2.059	2.039	0
933	1.784	2.235	2.157	2.137	0
934	1.686	2.353	2.235	2.235	0
935	1.725	2.0	2.059	2.216	0
936	1.824	1.647	1.961	2.078	0
937	1.98	1.667	2.039	1.941	0
938	1.98	1.725	2.118	1.902	0
939	1.863	1.745	2.235	2.0	0
940	2.039	1.882	2.333	2.137	0
941	2.0	2.078	2.294	2.235	0
942	1.745	2.275	2.294	2.235	0
943	1.863	2.196	2.314	2.157	0
944	1.922	2.118	2.196	2.098	0
945	2.078	2.098	2.275	2.059	0
946	2.078	2.176	2.392	2.078	0
947	2.176	2.157	2.431	2.078	0
948	2.431	2.392	2.471	2.059	0
949	2.373	2.255	2.373	1.98	0
950	2.157	2.216	2.314	1.98	0
951	1.922	2.294	2.314	2.059	0
952	1.882	2.039	2.235	2.196	0
953	1.98	1.686	2.02	2.157	0
954	2.039	1.627	2.157	1.961	0
955	2.059	1.667	2.216	1.824	0
956	2.157	1.686	2.255	1.784	0
957	2.196	1.706	2.235	1.902	0
958	2.0	1.804	2.137	2.059	0
959	1.804	2.0	2.02	2.098	0
960	1.863	2.137	2.157	2.098	0
961	1.922	2.157	2.196	2.078	0
962	2.176	2.0	2.098	2.02	0
963	2.196	1.863	2.02	1.863	0
964	2.137	1.804	2.039	1.804	0
965	2.0	1.922	2.078	1.843	0
966	2.039	1.941	2.02	1.922	0
967	2.02	2.039	2.0	2.02	0
968	1.863	2.098	2.059	2.098	0
969	1.922	1.902	2.098	2.078	0
970	2.0	1.51	1.98	1.922	0
971	2.039	1.431	1.961	1.843	0
972	2.02	1.49	1.98	1.824	0
973	2.02	1.569	2.02	1.863	0
974	2.059	1.588	1.98	1.882	0
975	1.98	1.725	2.0	1.922	0
976	1.804	1.882	1.941	1.961	0
977	1.843	1.824	1.902	1.922	0
978	1.902	1.882	1.902	1.922	0
979	2.078	1.902	1.941	1.922	0
980	2.059	1.824	1.863	1.902	0
981	2.118	1.725	1.882	1.843	0
982	2.098	1.843	1.941	1.804	0
983	2.039	1.824	1.941	1.824	0
984	1.961	1.961	1.961	1.941	0
985	1.843	2.0	1.824	2.059	0
986	1.784	1.765	1.784	2.039	0
987	1.863	1.412	1.882	1.961	0
988	1.922	1.412	1.941	1.882	0
989	1.902	1.412	1.902	1.902	0
990	1.941	1.392	1.824	1.902	0
991	2.02	1.431	1.765	1.843	0
992	1.941	1.608	1.745	1.843	0
993	1.765	1.882	1.824	1.902	0
994	1.824	2.039	1.98	2.02	0
995	1.843	1.961	1.961	2.02	0
996	1.941	1.824	1.902	1.941	0
997	1.941	1.882	1.745	1.902	0
998	1.98	1.902	1.804	1.882	0
999	1.961	2.0	1.882	1.922	0
1000	1.902	2.02	2.02	1.961	0
1001	1.843	2.176	2.039	1.98	0
1002	1.706	2.294	2.059	2.039	0
1003	1.784	2.235	2.176	2.078	0
1004	1.843	1.804	2.02	2.039	0
1005	1.922	1.745	2.059	1.941	0
1006	1.902	1.784	2.078	1.902	0
1007	1.843	1.784	2.078	1.961	0
1008	1.882	1.765	2.059	2.02	0
1009	1.902	1.902	2.059	1.961	0
1010	1.863	2.196	2.157	1.922	0
1011	1.882	2.216	2.137	1.902	0
1012	1.98	2.294	2.098	1.922	0
1013	2.078	2.059	2.02	1.98	0
1014	2.078	2.0	2.039	2.0	0
1015	2.176	1.902	2.0	1.98	0
1016	2.176	2.059	2.059	1.882	0
1017	2.137	2.157	2.078	1.922	0
1018	2.098	2.255	2.02	2.02	0
1019	1.961	2.373	2.137	2.098	0
1020	1.863	2.157	2.216	2.098	0
1021	1.922	1.745	2.098	1.98	0
1022	1.961	1.647	2.098	1.863	0
1023	2.118	1.686	2.098	1.784	0
1024	2.039	1.608	2.078	1.863	0
1025	1.98	1.686	2.157	1.98	0
1026	1.902	1.843	2.157	2.078	0
1027	1.784	2.078	2.098	2.098	0
1028	1.804	2.059	2.098	2.0	0
1029	1.804	2.137	2.196	1.902	0
1030	1.98	2.059	2.255	1.882	0
1031	1.98	1.98	2.118	1.902	0
1032	2.059	1.922	2.098	1.961	0
1033	2.157	2.0	2.118	2.0	0
1034	2.059	2.0	2.216	1.961	0
1035	2.0	2.098	2.333	1.922	0
1036	1.745	2.059	2.196	1.922	0
1037	1.686	1.824	1.922	1.882	0
1038	1.882	1.569	1.784	1.902	0
1039	1.98	1.569	2.02	1.941	0
1040	2.098	1.627	2.314	1.98	0
1041	2.137	1.706	2.373	1.98	0
1042	2.059	1.549	2.137	1.882	0
1043	1.882	1.627	2.0	1.863	0
1044	1.725	1.941	2.02	1.922	0
1045	1.804	2.078	2.059	2.02	0
1046	1.902	2.137	2.157	2.059	0
1047	2.137	2.02	2.216	2.039	0
1048	2.176	2.02	2.196	1.941	0
1049	2.137	1.882	2.176	1.843	0
1050	2.078	1.98	2.176	1.863	0
1051	2.039	2.02	2.216	1.941	0
1052	1.941	2.176	2.294	2.137	0
1053	1.804	2.314	2.275	2.294	0
1054	1.902	2.176	2.275	2.275	0
1055	2.098	1.804	2.235	2.098	0
1056	2.137	1.667	2.235	1.902	0
1057	2.078	1.745	2.275	1.843	0
1058	1.98	1.667	2.216	1.902	0
1059	1.922	1.706	2.216	1.961	0
1060	1.902	1.824	2.157	2.039	0
1061	1.843	2.059	2.176	2.098	0
1062	1.824	2.059	2.098	2.078	0
1063	1.902	2.039	2.098	1.98	0
1064	2.157	1.98	2.098	1.843	0
1065	2.118	1.882	2.078	1.765	0
1066	2.078	1.725	2.059	1.843	0
1067	2.098	1.804	1.98	2.0	0
1068	2.078	1.784	1.765	2.02	0
1069	2.02	1.882	1.647	1.922	0
1070	1.804	1.922	1.863	1.824	0
1071	1.745	1.843	2.059	1.824	0
1072	1.941	1.471	1.98	1.843	0
1073	1.961	1.275	1.765	1.804	0
1074	2.0	1.412	1.765	1.706	0
1075	2.118	1.471	1.667	1.667	0
1076	1.98	1.314	1.608	1.686	0
1077	1.824	1.529	1.784	1.824	0
1078	1.824	1.863	1.863	2.02	0
1079	1.882	1.98	1.804	2.078	0
1080	1.922	1.961	1.745	1.961	0
1081	1.941	1.882	1.961	1.784	0
1082	1.98	1.961	2.039	1.745	0
1083	2.039	1.922	2.039	1.843	0
1084	2.157	2.137	1.98	2.059	0
1085	2.118	2.176	1.98	2.196	0
1086	2.098	2.176	2.02	2.137	0
1087	1.922	2.275	2.137	2.039	0
1088	1.804	2.176	2.235	2.0	0
1089	1.941	1.843	2.137	2.0	0
1090	2.0	1.725	1.961	2.02	0
1091	1.961	1.745	1.863	2.059	0
1092	1.961	1.765	2.02	2.118	0
1093	2.0	1.667	2.196	2.118	0
1094	1.941	1.804	2.157	2.098	0
1095	1.784	2.039	2.02	2.039	0
1096	1.784	2.118	1.98	2.039	0
1097	1.863	2.157	2.039	2.02	0
1098	2.02	1.98	2.02	1.961	0
1099	2.02	1.98	1.922	1.98	0
1100	2.0	1.902	1.882	2.02	0
1101	1.98	1.961	1.843	2.02	0
1102	1.941	1.941	1.882	1.98	0
1103	1.961	2.059	2.0	1.941	0
1104	1.902	2.137	2.059	1.961	0
1105	1.863	2.078	2.078	2.039	0
1106	1.843	1.725	1.98	2.039	0
1107	1.765	1.588	2.0	2.02	0
1108	1.804	1.725	2.078	2.0	0
1109	1.902	1.725	2.059	1.98	0
1110	1.961	1.627	1.98	1.941	0
1111	1.882	1.706	2.02	1.902	0
1112	1.863	2.098	2.02	1.941	0
1113	1.765	2.157	1.941	2.0	0
1114	1.686	2.0	1.941	2.0	0
1115	1.824	1.804	2.02	1.922	0
1116	2.0	1.843	2.0	1.824	0
1117	2.118	1.784	1.98	1.765	0
1118	2.157	1.863	1.98	1.765	0
1119	2.078	1.863	1.882	1.824	0
1120	2.078	2.078	1.941	1.941	0
1121	1.902	2.118	2.039	2.059	0
1122	1.902	2.0	2.137	2.059	0
1123	2.039	1.647	2.098	1.863	0
1124	2.059	1.627	2.0	1.667	0
1125	2.059	1.529	1.961	1.647	0
1126	2.059	1.647	2.137	1.863	0
1127	2.176	1.686	2.157	2.039	0
1128	2.118	1.902	2.216	2.157	0
1129	1.922	2.196	2.275	2.078	0
1130	1.902	2.275	2.275	1.98	0
1131	1.941	2.333	2.235	1.902	0
1132	2.02	2.078	2.235	1.882	0
1133	2.137	2.157	2.235	1.922	0
1134	2.255	2.157	2.255	1.922	0
1135	2.294	2.216	2.333	1.98	0
1136	2.235	2.216	2.333	2.039	0
1137	2.059	2.196	2.373	2.157	0
1138	1.863	2.255	2.373	2.294	0
1139	1.804	2.098	2.275	2.235	0
1140	1.902	1.765	2.294	2.02	0
1141	1.941	1.608	2.314	1.843	0
1142	1.961	1.569	2.078	1.863	0
1143	1.941	1.569	1.941	1.902	0
1144	2.098	1.529	1.922	1.922	0
1145	1.941	1.647	2.176	1.98	0
1146	1.706	1.863	2.235	2.039	0
1147	1.725	1.882	2.098	2.078	0
1148	1.882	1.98	2.039	2.02	0
1149	2.137	1.784	1.961	1.882	0
1150	2.098	1.843	1.98	1.784	0
1151	2.039	1.824	2.0	1.804	0
1152	2.078	1.922	2.039	1.863	0
1153	2.118	1.882	2.0	1.961	0
1154	2.078	1.98	2.078	2.059	0
1155	1.961	2.176	2.118	2.078	0
1156	1.843	2.02	2.059	2.039	0
1157	1.922	1.569	1.941	1.882	0
1158	2.0	1.471	1.941	1.784	0
1159	2.02	1.647	1.961	1.784	0
1160	2.039	1.627	1.98	1.824	0
1161	2.059	1.608	2.059	1.902	0
1162	1.961	1.686	2.039	1.941	0
1163	1.804	2.0	2.059	2.0	0
1164	1.765	2.059	2.078	2.059	0
1165	1.804	2.098	2.039	2.078	0
1166	2.0	1.941	1.961	1.98	0
1167	2.059	1.98	1.922	1.902	0
1168	2.059	1.863	1.882	1.804	0
1169	2.118	1.882	1.941	1.784	0
1170	2.0	1.922	1.902	1.843	0
1171	1.941	1.941	1.941	1.941	0
1172	1.824	2.078	2.02	2.098	0
1173	1.745	2.0	1.922	2.137	0
1174	1.824	1.627	1.804	2.059	0
1175	1.922	1.471	1.824	1.882	0
1176	2.0	1.529	1.922	1.784	0
1177	1.863	1.529	2.0	1.804	0
1178	1.941	1.471	1.98	1.863	0
1179	1.941	1.608	1.824	1.941	0
1180	1.824	1.902	1.882	1.98	0
1181	1.804	2.02	1.902	2.039	0
1182	1.843	2.02	1.863	2.02	0
1183	1.941	1.804	1.804	1.922	0
1184	2.0	1.922	1.843	1.824	0
1185	2.039	1.902	1.863	1.784	0
1186	2.059	1.961	1.902	1.824	0
1187	1.98	1.941	1.922	1.863	0
1188	1.902	2.0	1.98	2.0	0
1189	1.824	2.078	1.961	2.118	0
1190	1.863	2.098	2.02	2.137	0
1191	2.039	1.804	1.902	2.02	0
1192	2.059	1.627	1.922	1.863	0
1193	1.882	1.627	1.922	1.804	0
1194	1.706	1.588	2.0	1.804	0
1195	1.824	1.569	1.98	1.863	0
1196	1.824	1.667	1.824	1.941	0
1197	1.725	1.882	1.824	2.039	0
1198	1.745	2.039	1.98	2.059	0
1199	2.02	2.255	2.157	1.98	0
1200	2.176	2.118	2.059	1.843	0
1201	2.137	1.902	1.843	1.725	0
1202	1.941	1.667	1.765	1.686	0
1203	1.882	1.843	1.765	1.765	0
1204	1.922	1.961	1.725	1.98	0
1205	1.961	2.039	2.02	2.216	0
1206	1.863	2.137	2.255	2.275	0
1207	1.98	2.098	2.235	2.137	0
1208	2.196	1.902	2.196	1.922	0
1209	2.176	1.745	2.098	1.824	0
1210	1.961	1.569	1.922	1.804	0
1211	1.882	1.608	1.98	1.902	0
1212	2.039	1.706	2.118	2.039	0
1213	2.02	1.765	2.157	2.098	0
1214	1.843	2.098	2.216	2.157	0
1215	1.824	2.196	2.275	2.157	0
1216	1.922	2.255	2.275	2.157	0
1217	2.059	2.118	2.294	2.059	0
1218	2.294	2.216	2.255	1.961	0
1219	2.216	2.078	2.196	1.922	0
1220	2.059	2.118	2.275	1.941	0
1221	2.098	2.216	2.314	2.02	0
1222	2.137	2.196	2.275	2.098	0
1223	1.941	2.235	2.294	2.176	0
1224	1.922	2.196	2.333	2.196	0
1225	1.941	1.784	2.216	2.078	0
1226	1.961	1.647	2.216	1.902	0
1227	2.059	1.686	2.235	1.824	0
1228	2.0	1.667	2.196	1.824	0
1229	2.078	1.627	2.196	1.882	0
1230	2.078	1.725	2.157	1.961	0
1231	1.922	2.0	2.157	1.98	0
1232	1.902	2.039	2.196	2.0	0
1233	1.922	2.02	2.157	2.039	0
1234	2.0	1.902	2.157	2.0	0
1235	2.078	2.039	2.157	1.922	0
1236	2.137	1.922	2.078	1.843	0
1237	2.098	1.922	2.078	1.824	0
1238	2.0	1.98	2.137	1.902	0
1239	1.98	2.02	2.176	2.02	0
1240	1.902	2.157	2.294	2.157	0
1241	1.843	2.078	2.196	2.137	0
1242	1.824	1.667	2.039	2.039	0
1243	1.882	1.49	2.078	1.882	0
1244	1.941	1.588	2.098	1.804	0
1245	1.941	1.608	2.059	1.804	0
1246	1.98	1.529	2.059	1.863	0
1247	1.902	1.627	2.098	1.98	0
1248	1.765	1.902	2.137	2.137	0
1249	1.784	2.078	2.176	2.118	0
1250	1.922	2.0	2.02	1.941	0
1251	1.961	1.804	1.863	1.706	0
1252	2.02	1.863	1.922	1.647	0
1253	2.078	1.843	1.98	1.824	0
1254	2.137	1.961	2.098	2.039	0
1255	2.059	1.98	2.039	2.098	0
1256	2.078	2.0	2.039	2.039	0
1257	1.941	2.078	2.078	1.941	0
1258	1.804	1.98	2.0	1.882	0
1259	1.863	1.667	1.922	1.824	0
1260	1.941	1.529	1.941	1.784	0
1261	1.941	1.549	2.039	1.843	0
1262	1.922	1.627	2.039	1.941	0
1263	2.0	1.549	2.0	2.0	0
1264	1.98	1.627	2.059	2.039	0
1265	1.804	1.922	1.98	1.98	0
1266	1.765	1.98	1.843	1.902	0
1267	1.882	2.039	1.745	1.824	0
1268	1.902	1.824	1.706	1.745	0
1269	1.882	1.824	1.843	1.765	0
1270	1.922	1.765	1.745	1.824	0
1271	2.098	1.863	1.745	1.863	0
1272	2.235	1.882	1.843	1.863	0
1273	2.235	1.922	1.961	1.843	0
1274	1.882	2.039	2.02	1.902	0
1275	1.765	2.0	2.0	2.02	0
1276	1.922	1.725	1.804	2.118	0
1277	2.0	1.647	1.824	2.02	0
1278	1.961	1.588	1.804	1.863	0
1279	1.902	1.647	1.922	1.784	0
1280	2.02	1.706	2.078	1.843	0
1281	2.02	1.784	2.059	1.961	0
1282	1.922	2.039	2.118	2.098	0
1283	1.863	2.275	2.176	2.157	0
1284	1.941	2.333	2.216	2.176	0
1285	2.0	2.157	2.137	2.118	0
1286	2.078	2.157	2.137	2.02	0
1287	2.059	2.176	2.235	2.02	0
1288	2.039	2.255	2.275	2.098	0
1289	2.0	2.255	2.255	2.157	0
1290	2.039	2.216	2.216	2.235	0
1291	1.902	2.294	2.196	2.216	0
1292	1.804	2.216	2.176	2.176	0
1293	1.863	1.882	2.0	2.098	0
1294	1.941	1.686	2.02	2.0	0
1295	1.941	1.647	1.98	1.922	0
1296	1.863	1.647	1.98	1.882	0
1297	1.941	1.608	1.98	1.922	0
1298	1.961	1.608	1.922	1.922	0
1299	1.863	1.863	1.902	1.941	0
1300	1.824	1.98	1.863	1.902	0
1301	1.863	1.941	1.745	1.863	0
1302	1.843	1.784	1.686	1.824	0
1303	1.824	1.824	1.804	1.824	0
1304	1.941	1.784	1.824	1.824	0
1305	2.0	1.725	1.784	1.784	0
1306	1.961	1.784	1.863	1.843	0
1307	2.0	1.961	2.02	1.941	0
1308	1.961	2.157	2.0	2.039	0
1309	1.804	2.078	2.059	2.039	0
1310	1.824	1.804	1.98	2.0	0
1311	1.765	1.569	1.941	1.882	0
1312	1.804	1.588	2.078	1.804	0
1313	1.941	1.686	2.176	1.804	0
1314	2.0	1.667	2.216	1.804	0
1315	2.039	1.824	2.176	1.941	0
1316	1.902	2.137	2.118	2.098	0
1317	1.745	2.216	2.157	2.157	0
1318	1.863	2.255	2.333	2.118	0
1319	1.941	2.137	2.314	1.961	0
1320	2.078	2.137	2.275	1.882	0
1321	2.157	2.059	2.294	1.882	0
1322	2.196	2.059	2.275	1.961	0
1323	2.118	2.118	2.196	2.039	0
1324	2.157	2.157	2.255	2.078	0
1325	2.0	2.235	2.294	2.078	0
1326	1.902	2.118	2.353	2.078	0
1327	1.941	1.804	2.235	2.02	0
1328	2.059	1.686	2.255	1.961	0
1329	2.059	1.706	2.275	2.0	0
1330	1.941	1.667	2.235	2.039	0
1331	2.078	1.647	2.255	2.039	0
1332	2.078	1.686	2.137	2.0	0
1333	1.902	1.922	2.196	1.98	0
1334	1.863	2.059	2.196	2.02	0
1335	1.882	2.098	2.275	2.039	0
1336	1.961	1.941	2.196	2.02	0
1337	2.059	1.941	2.118	1.922	0
1338	2.157	1.863	2.118	1.843	0
1339	2.196	1.941	2.157	1.902	0
1340	2.157	2.0	2.137	2.039	0
1341	2.078	1.882	2.039	2.098	0
1342	1.882	1.922	2.059	2.0	0
1343	1.804	1.902	2.059	1.941	0
1344	1.863	1.569	1.961	1.863	0
1345	1.941	1.412	1.98	1.863	0
1346	2.0	1.451	2.02	1.882	0
1347	1.922	1.529	2.02	1.941	0
1348	1.882	1.431	1.941	1.961	0
1349	2.02	1.549	1.98	1.902	0
1350	1.902	1.667	1.882	1.941	0
1351	1.863	1.824	1.824	1.941	0
1352	2.02	1.98	1.863	1.98	0
1353	1.961	1.922	1.922	1.882	0
1354	2.0	1.824	1.882	1.824	0
1355	2.098	1.804	1.902	1.765	0
1356	2.196	1.824	1.902	1.784	0
1357	2.059	1.922	1.922	1.882	0
1358	2.039	1.902	1.843	2.0	0
1359	1.98	2.039	1.843	2.098	0
1360	1.922	2.078	2.078	2.118	0
1361	2.02	1.804	2.098	2.02	0
1362	2.039	1.647	2.02	1.863	0
1363	2.039	1.588	2.0	1.784	0
1364	1.902	1.569	1.961	1.824	0
1365	2.0	1.588	1.961	1.863	0
1366	2.059	1.667	1.941	1.941	0
1367	1.922	1.902	2.0	2.039	0
1368	1.824	2.137	2.02	2.118	0
1369	1.941	2.157	2.02	2.078	0
1370	2.0	2.039	2.078	1.98	0
1371	2.039	2.078	2.098	1.922	0
1372	2.02	1.922	2.039	1.882	0
1373	2.02	1.902	1.98	1.922	0
1374	1.98	1.98	2.0	1.961	0
1375	2.039	2.0	1.98	2.0	0
1376	1.922	2.157	2.02	2.02	0
1377	1.863	2.098	2.098	2.078	0
1378	1.902	1.784	1.961	2.059	0
1379	1.902	1.549	1.863	1.961	0
1380	1.941	1.549	1.804	1.882	0
1381	1.902	1.569	1.941	1.843	0
1382	1.961	1.608	2.078	1.824	0
1383	1.902	1.667	2.039	1.765	0
1384	1.863	1.941	2.039	1.843	0
1385	1.745	2.039	1.961	2.02	0
1386	1.902	2.078	1.961	2.078	0
1387	1.902	1.961	1.922	1.98	0
1388	2.02	2.02	2.039	1.824	0
1389	2.059	1.961	2.059	1.784	0
1390	2.098	2.078	2.196	1.882	0
1391	2.02	2.137	2.176	1.98	0
1392	2.0	2.137	2.137	2.039	0
1393	1.863	2.314	2.235	2.098	0
1394	1.725	2.255	2.333	2.176	0
1395	1.843	1.902	2.157	2.118	0
1396	1.941	1.706	2.039	2.0	0
1397	2.0	1.784	2.176	1.863	0
1398	1.961	1.804	2.353	1.824	0
1399	1.941	1.784	2.294	1.902	0
1400	1.922	1.824	2.255	2.0	0
1401	1.824	2.078	2.255	2.157	0
1402	1.765	2.255	2.216	2.196	0
1403	1.824	2.157	2.216	2.137	0
1404	1.843	2.098	2.196	2.0	0
1405	2.02	2.039	2.078	1.902	0
1406	2.098	2.059	2.059	1.863	0
1407	2.196	2.0	2.039	1.882	0
1408	2.078	2.039	2.137	1.961	0
1409	2.118	2.118	2.216	2.0	0
1410	1.941	2.216	2.157	2.059	0
1411	1.843	2.235	2.137	2.078	0
1412	1.882	1.902	2.02	2.039	0
1413	1.882	1.529	1.961	1.98	0
1414	1.961	1.549	2.02	1.922	0
1415	2.02	1.569	1.882	1.882	0
1416	2.0	1.569	2.0	1.863	0
1417	2.0	1.647	2.118	1.922	0
1418	1.902	1.824	2.078	2.039	0
1419	1.804	2.0	1.922	2.059	0
1420	1.882	1.98	1.824	2.0	0
1421	1.902	1.882	1.824	1.922	0
1422	2.02	1.882	2.02	1.882	0
1423	2.039	1.863	2.0	1.843	0
1424	2.118	1.843	1.902	1.843	0
1425	1.98	1.804	1.804	1.863	0
1426	1.902	1.706	1.765	1.941	0
1427	1.863	1.98	1.882	2.059	0
1428	1.784	2.02	1.98	2.118	0
1429	1.863	1.686	1.882	2.0	0
1430	2.098	1.667	2.02	1.863	0
1431	2.0	1.588	1.961	1.824	0
1432	1.824	1.412	1.863	1.863	0
1433	1.882	1.431	1.98	1.882	0
1434	2.039	1.569	1.922	1.902	0
1435	1.922	1.745	1.667	1.922	0
1436	1.745	1.941	1.608	1.941	0
1437	1.882	2.0	1.804	1.902	0
1438	2.059	2.0	2.039	1.843	0
1439	2.176	2.0	2.059	1.804	0
1440	2.157	1.843	1.902	1.804	0
1441	2.176	1.804	1.961	1.902	0
1442	2.157	2.078	2.02	2.02	0
1443	2.235	2.098	1.922	2.039	0
1444	2.118	2.196	1.941	2.02	0
1445	1.961	2.157	2.059	1.961	0
1446	1.98	1.863	2.078	1.902	0
1447	1.922	1.588	2.0	1.863	0
1448	2.0	1.706	2.118	1.902	0
1449	2.02	1.784	2.235	1.98	0
1450	2.039	1.667	2.235	2.0	0
1451	2.039	1.706	2.216	1.941	0
1452	1.98	1.98	2.078	1.941	0
1453	1.843	2.176	2.02	1.902	0
1454	1.882	2.157	2.118	1.843	0
1455	1.902	1.98	2.157	1.824	0
1456	2.02	1.922	2.098	1.824	0
1457	2.02	1.882	2.039	1.843	0
1458	2.098	1.941	1.98	1.882	0
1459	2.039	2.039	2.02	1.961	0
1460	2.0	2.0	2.137	2.059	0
1461	1.922	2.098	2.118	2.118	0
1462	1.824	2.118	2.118	2.098	0
1463	1.843	1.784	1.961	2.059	0
1464	1.882	1.451	1.824	1.922	0
1465	1.902	1.431	1.882	1.784	0
1466	1.902	1.51	1.863	1.725	0
1467	1.961	1.529	1.725	1.824	0
1468	1.922	1.588	1.667	1.98	0
1469	1.804	1.863	1.98	2.118	0
1470	1.725	2.137	2.275	2.235	0
1471	1.843	2.098	2.196	2.196	0
1472	1.902	2.0	2.02	2.098	0
1473	1.98	1.961	1.941	2.039	0
1474	2.039	1.863	2.0	1.941	0
1475	2.078	1.882	2.078	1.902	0
1476	2.02	2.118	2.176	1.941	0
1477	2.078	2.196	2.176	2.02	0
1478	1.961	2.314	2.255	2.118	0
1479	1.843	2.333	2.314	2.196	0
1480	1.843	2.0	2.235	2.118	0
1481	1.902	1.686	2.176	2.02	0
1482	1.961	1.706	2.235	1.961	0
1483	1.941	1.765	2.333	1.961	0
1484	2.02	1.745	2.333	1.98	0
1485	2.059	1.824	2.314	1.98	0
1486	2.0	2.078	2.333	2.0	0
1487	1.843	2.333	2.294	2.039	0
1488	1.843	2.255	2.235	2.039	0
1489	1.902	2.176	2.235	2.0	0
1490	2.059	2.118	2.294	1.98	0
1491	2.059	2.118	2.275	1.98	0
1492	2.078	2.0	2.196	1.98	0
1493	2.039	2.078	2.157	2.0	0
1494	2.078	2.098	2.235	2.039	0
1495	2.059	2.196	2.176	2.02	0
1496	1.902	2.196	2.157	2.02	0
1497	1.863	1.882	2.157	1.98	0
1498	1.922	1.627	2.059	1.902	0
1499	2.02	1.569	2.02	1.824	0
1500	1.941	1.588	1.98	1.824	0
1501	1.902	1.529	2.02	1.863	0
1502	1.902	1.51	2.02	1.882	0
1503	1.882	1.706	2.0	1.902	0
1504	1.843	1.98	2.02	1.961	0
1505	1.863	1.98	1.941	1.98	0
1506	1.824	1.765	1.765	1.882	0
1507	1.961	1.627	1.765	1.745	0
1508	2.078	1.706	1.804	1.667	0
1509	2.255	1.725	1.765	1.725	0
1510	2.118	1.765	1.745	1.824	0
1511	2.118	1.804	1.902	1.902	0
1512	2.039	1.922	1.843	1.902	0
1513	1.863	1.922	1.784	1.902	0
1514	1.824	1.843	1.824	1.863	0
1515	1.941	1.51	1.882	1.843	0
1516	2.02	1.431	1.882	1.863	0
1517	2.0	1.451	1.824	1.863	0
1518	2.059	1.431	1.824	1.882	0
1519	2.098	1.627	1.902	1.902	0
1520	2.02	1.824	1.843	1.922	0
1521	1.843	2.0	1.784	1.961	0
1522	1.922	1.941	1.882	1.941	0
1523	1.98	1.98	1.922	1.922	0
1524	2.118	1.98	1.882	1.922	0
1525	2.078	1.922	1.902	1.882	0
1526	2.098	1.882	1.922	1.843	0
1527	2.059	2.02	1.961	1.922	0
1528	2.039	2.059	2.059	2.059	0
1529	1.902	2.098	2.059	2.235	0
1530	1.824	2.216	2.039	2.314	0
1531	1.941	1.961	2.059	2.157	0
1532	2.02	1.627	1.922	1.882	0
1533	2.02	1.608	1.804	1.706	0
1534	1.843	1.647	2.0	1.725	0
1535	1.922	1.686	2.216	1.863	0
1536	1.98	1.647	2.098	2.078	0
1537	1.922	1.902	2.078	2.235	0
1538	1.804	2.157	2.0	2.216	0
1539	1.824	2.098	1.843	2.039	0
1540	1.843	1.98	1.843	1.784	0
1541	2.0	1.902	1.98	1.686	0
1542	2.02	1.961	2.059	1.725	0
1543	2.118	1.922	2.118	1.843	0
1544	2.039	1.961	2.098	2.02	0
1545	2.02	1.922	2.098	2.118	0
1546	1.961	2.078	2.118	2.196	0
1547	1.765	2.098	2.059	2.157	0
1548	1.784	1.824	1.98	2.0	0
1549	1.902	1.569	1.98	1.804	0
1550	1.98	1.529	1.98	1.745	0
1551	2.0	1.627	2.098	1.843	0
1552	2.0	1.686	2.255	2.02	0
1553	2.0	1.843	2.235	2.157	0
1554	1.922	2.039	2.216	2.157	0
1555	1.765	2.098	2.176	2.118	0
1556	1.824	2.078	2.255	2.059	0
1557	1.902	2.157	2.333	2.0	0
1558	2.157	2.216	2.373	1.961	0
1559	2.118	2.235	2.314	1.961	0
1560	2.137	2.137	2.255	2.039	0
1561	2.078	2.216	2.294	2.098	0
1562	2.118	2.314	2.373	2.157	0
1563	1.98	2.333	2.373	2.157	0
1564	1.706	2.333	2.373	2.216	0
1565	1.745	2.157	2.333	2.216	0
1566	1.882	1.804	2.235	2.078	0
1567	1.961	1.706	2.216	1.941	0
1568	1.98	1.745	2.235	1.843	0
1569	2.0	1.765	2.235	1.863	0
1570	1.922	1.765	2.196	1.941	0
1571	1.804	1.863	2.196	2.039	0
1572	1.843	2.137	2.216	2.118	0
1573	1.882	2.078	2.118	2.078	0
1574	1.882	2.098	2.078	2.0	0
1575	1.941	1.98	2.039	1.902	0
1576	1.961	1.902	2.0	1.824	0
1577	2.118	1.824	1.961	1.784	0
1578	2.137	1.961	1.98	1.863	0
1579	2.157	1.961	1.961	1.922	0
1580	2.078	1.98	1.961	1.941	0
1581	1.922	2.02	1.961	1.922	0
1582	1.922	1.882	2.0	1.902	0
1583	1.98	1.549	1.882	1.882	0
1584	2.0	1.49	1.922	1.882	0
1585	2.0	1.49	1.922	1.902	0
1586	2.0	1.431	1.922	1.882	0
1587	2.039	1.451	1.902	1.863	0
1588	1.941	1.706	1.922	1.941	0
1589	1.824	1.922	1.882	2.039	0
1590	1.863	1.961	1.882	2.039	0
1591	1.902	1.961	1.922	1.98	0
1592	2.098	1.882	2.02	1.922	0
1593	2.098	1.902	2.059	1.902	0
1594	2.157	1.961	2.098	1.941	0
1595	2.02	2.0	2.02	2.059	0
1596	2.02	1.922	1.98	2.118	0
1597	2.02	2.039	2.02	2.118	0
1598	1.843	2.078	2.176	2.098	0
1599	1.804	1.922	2.059	2.02	0
1600	1.902	1.588	1.784	1.902	0
1601	2.0	1.569	1.745	1.882	0
1602	1.98	1.588	2.02	1.941	0
1603	1.941	1.49	2.137	1.941	0
1604	1.98	1.51	2.078	1.941	0
1605	1.902	1.667	1.98	1.882	0
1606	1.804	1.922	1.882	1.882	0
1607	1.824	1.902	1.843	1.902	0
1608	1.784	1.843	1.824	1.922	0
1609	1.922	1.706	1.804	1.882	0
1610	1.961	1.706	1.804	1.824	0
1611	2.098	1.804	1.882	1.765	0
1612	2.137	1.902	1.922	1.784	0
1613	2.137	1.902	1.843	1.902	0
1614	2.059	2.02	1.824	1.98	0
1615	1.902	2.118	1.882	2.059	0
1616	1.804	1.961	1.941	2.02	0
1617	1.824	1.569	1.922	1.863	0
1618	1.941	1.51	2.0	1.765	0
1619	1.98	1.627	2.02	1.765	0
1620	2.039	1.706	1.941	1.824	0
1621	2.078	1.706	1.902	1.863	0
1622	2.0	1.902	2.0	1.902	0
1623	1.843	2.157	2.059	1.941	0
1624	1.882	2.275	2.137	2.02	0
1625	1.902	2.353	2.235	2.098	0
1626	2.078	2.216	2.333	2.137	0
1627	2.098	2.157	2.216	2.118	0
1628	2.176	2.039	2.118	1.98	0
1629	2.118	2.118	2.059	1.824	0
1630	2.039	2.157	2.137	1.824	0
1631	2.0	2.255	2.294	2.0	0
1632	1.843	2.314	2.353	2.235	0
1633	1.824	2.137	2.275	2.333	0
1634	1.902	1.765	2.176	2.216	0
1635	1.941	1.725	2.216	2.039	0
1636	1.941	1.765	2.196	1.941	0
1637	1.941	1.745	2.235	1.902	0
1638	1.98	1.686	2.216	1.98	0
1639	1.804	1.804	2.176	2.078	0
1640	1.706	1.98	2.118	2.137	0
1641	1.804	2.0	2.059	2.118	0
1642	1.843	2.039	2.137	2.0	0
1643	2.098	1.98	2.196	1.922	0
1644	2.078	2.078	2.255	1.902	0
1645	2.098	2.02	2.196	1.922	0
1646	2.039	2.078	2.137	1.961	0
1647	2.039	1.98	2.078	2.02	0
1648	1.98	2.039	2.118	2.039	0
1649	1.843	2.118	2.196	2.039	0
1650	1.824	2.059	2.176	2.0	0
1651	1.98	1.765	2.216	1.882	0
1652	2.059	1.627	2.118	1.863	0
1653	1.961	1.569	1.882	1.863	0
1654	1.98	1.51	1.765	1.882	0
1655	2.078	1.529	1.98	1.882	0
1656	2.02	1.706	2.157	1.882	0
1657	1.882	1.902	2.02	1.882	0
1658	1.863	1.922	1.941	1.902	0
1659	1.922	1.961	1.922	1.882	0
1660	2.118	1.824	1.863	1.804	0
1661	2.196	1.824	1.843	1.804	0
1662	2.196	1.824	1.863	1.784	0
1663	2.078	1.882	1.922	1.824	0
1664	2.059	1.824	1.922	1.961	0
1665	2.059	1.98	1.961	2.059	0
1666	1.902	2.078	1.98	2.078	0
1667	1.824	2.039	2.059	2.0	0
1668	1.961	1.667	1.961	1.863	0
1669	2.0	1.549	1.941	1.784	0
1670	1.941	1.608	2.02	1.824	0
1671	1.98	1.706	2.059	1.941	0
1672	2.059	1.745	2.098	2.02	0
1673	1.941	1.843	2.176	2.098	0
1674	1.784	2.137	2.216	2.118	0
1675	1.922	2.137	2.098	2.039	0
1676	1.882	2.118	2.0	1.922	0
1677	1.902	1.922	1.961	1.863	0
1678	1.902	2.0	2.118	1.863	0
1679	2.118	2.02	2.118	1.941	0
1680	2.098	2.098	2.098	2.098	0
1681	2.0	2.02	1.98	2.157	0
1682	1.98	2.098	2.059	2.118	0
1683	1.882	2.176	2.176	2.039	0
1684	1.784	2.039	2.157	2.0	0
1685	1.863	1.667	2.039	1.961	0
1686	1.902	1.569	2.039	1.98	0
1687	1.922	1.588	1.961	2.0	0
1688	1.902	1.569	1.961	1.941	0
1689	1.961	1.588	2.0	1.922	0
1690	1.882	1.804	2.02	1.961	0
1691	1.745	2.059	2.059	2.039	0
1692	1.725	2.039	2.078	2.059	0
1693	1.824	2.059	2.137	2.0	0
1694	1.98	1.882	2.078	1.941	0
1695	2.02	1.922	1.98	1.902	0
1696	2.157	1.863	1.902	1.843	0
1697	2.157	1.961	1.941	1.824	0
1698	2.039	1.882	1.922	1.843	0
1699	1.843	2.0	1.922	1.922	0
1700	1.804	2.059	1.882	2.0	0
1701	1.765	1.863	1.902	2.0	0
1702	1.941	1.529	1.843	1.882	0
1703	2.078	1.451	1.922	1.804	0
1704	2.0	1.51	1.941	1.765	0
1705	2.039	1.549	1.961	1.745	0
1706	2.157	1.549	1.941	1.745	0
1707	2.02	1.647	1.922	1.804	0
1708	1.804	1.882	1.843	1.922	0
1709	1.804	1.98	1.863	2.0	0
1710	1.941	2.078	1.922	2.039	0
1711	2.118	1.941	2.098	1.922	0
1712	2.176	1.941	2.137	1.784	0
1713	2.196	1.961	2.059	1.725	0
1714	2.176	2.059	2.078	1.843	0
1715	2.118	2.078	2.118	2.039	0
1716	2.078	2.196	2.176	2.157	0
1717	1.941	2.275	2.196	2.137	0
1718	1.863	2.176	2.255	2.078	0
1719	1.922	1.824	2.216	1.98	0
1720	1.961	1.706	2.235	1.902	0
1721	1.98	1.765	2.255	1.922	0
1722	1.961	1.784	2.255	2.0	0
1723	2.02	1.725	2.255	2.098	0
1724	1.941	1.804	2.216	2.118	0
1725	1.804	2.137	2.196	2.078	0
1726	1.824	2.176	2.216	2.02	0
1727	1.902	2.216	2.235	1.961	0
1728	2.039	2.078	2.157	1.961	0
1729	1.98	2.0	2.078	1.98	0
1730	2.02	1.902	2.039	1.98	0
1731	2.059	2.078	2.137	2.039	0
1732	1.98	2.118	2.196	2.118	0
1733	1.98	2.176	2.137	2.118	0
1734	1.863	2.255	2.176	2.078	0
1735	1.824	2.137	2.157	2.039	0
1736	1.882	1.745	2.059	1.961	0
1737	1.902	1.627	2.039	1.902	0
1738	1.922	1.706	2.039	1.902	0
1739	1.902	1.686	2.02	1.941	0
1740	1.961	1.667	2.02	1.961	0
1741	1.98	1.765	2.02	2.0	0
1742	1.784	2.02	2.039	2.039	0
1743	1.784	2.078	2.02	2.02	0
1744	1.882	2.176	2.039	1.98	0
1745	2.0	2.02	2.02	1.922	0
1746	2.039	1.961	2.0	1.882	0
1747	2.098	1.882	1.922	1.882	0
1748	2.098	1.882	1.902	1.863	0
1749	2.078	1.902	1.941	1.882	0
1750	2.059	2.0	1.961	1.941	0
1751	1.922	2.078	2.02	2.02	0
1752	1.843	2.0	2.039	2.078	0
1753	1.961	1.627	1.961	2.0	0
1754	1.98	1.49	1.941	1.902	0
1755	2.0	1.569	2.02	1.863	0
1756	1.961	1.51	1.98	1.863	0
1757	2.02	1.451	1.882	1.843	0
1758	2.0	1.588	1.824	1.902	0
1759	1.824	1.843	1.784	1.922	0
1760	1.843	1.882	1.863	1.882	0
1761	1.902	1.902	1.863	1.902	0
1762	2.02	1.725	1.902	1.882	0
1763	2.078	1.824	1.922	1.863	0
1764	2.078	1.667	1.725	1.804	0
1765	2.02	1.725	1.745	1.804	0
1766	2.0	1.784	1.902	1.843	0
1767	2.02	1.882	2.0	1.922	0
1768	1.882	2.0	1.902	2.0	0
1769	1.882	1.882	1.686	1.98	0
1770	1.863	1.51	1.627	1.882	0
1771	1.882	1.471	1.922	1.804	0
1772	1.941	1.569	2.118	1.824	0
1773	1.941	1.588	2.059	1.922	0
1774	2.02	1.451	1.882	1.961	0
1775	1.961	1.588	1.843	1.961	0
1776	1.765	2.02	2.0	2.039	0
1777	1.804	2.137	2.039	2.02	0
1778	1.882	2.137	2.059	2.02	0
1779	2.039	2.039	2.059	2.0	0
1780	2.098	2.157	2.078	1.922	0
1781	2.157	2.118	2.118	1.902	0
1782	2.157	2.255	2.235	2.0	0
1783	2.137	2.314	2.353	2.137	0
1784	2.078	2.235	2.255	2.235	0
1785	1.882	2.333	2.275	2.176	0
1786	1.824	2.275	2.333	2.118	0
1787	1.922	1.922	2.216	2.0	0
1788	1.98	1.725	2.137	1.98	0
1789	1.98	1.843	2.255	2.039	0
1790	1.961	1.863	2.196	2.0	0
1791	2.02	1.843	2.216	1.941	0
1792	1.98	1.941	2.255	1.922	0
1793	1.843	2.157	2.275	1.961	0
1794	1.824	2.157	2.137	2.039	0
1795	1.882	2.098	2.078	2.078	0
1796	1.882	1.902	2.039	2.02	0
1797	1.882	1.863	2.098	1.922	0
1798	1.941	1.784	2.098	1.882	0
1799	2.0	1.922	2.157	1.882	0
1800	1.961	1.941	2.078	1.941	0
1801	1.98	2.118	2.137	2.0	0
1802	2.039	2.255	2.078	2.039	0
1803	1.745	1.922	2.059	2.0	0
1804	1.804	1.608	2.118	1.961	0
1805	1.941	1.51	2.098	1.863	0
1806	1.824	1.49	2.059	1.863	0
1807	1.882	1.569	1.98	1.922	0
1808	1.98	1.549	1.98	1.941	0
1809	1.98	1.706	2.118	1.941	0
1810	1.882	2.039	2.216	1.941	0
1811	1.843	2.078	2.157	1.922	0
1812	1.882	2.078	2.078	1.941	0
1813	2.0	1.902	2.078	1.941	0
1814	2.118	1.98	2.098	1.922	0
1815	2.216	1.941	2.078	1.882	0
1816	2.235	1.98	2.039	1.863	0
1817	2.137	1.98	2.0	1.843	0
1818	2.137	2.039	2.0	1.902	0
1819	1.961	2.137	2.098	1.98	0
1820	1.863	2.059	2.157	2.0	0
1821	1.961	1.706	2.0	1.941	0
1822	2.02	1.588	2.02	1.843	0
1823	2.02	1.588	2.137	1.843	0
1824	1.98	1.647	2.098	1.902	0
1825	2.039	1.647	1.941	2.0	0
1826	2.02	1.765	1.882	2.02	0
1827	1.882	2.039	2.098	2.0	0
1828	1.824	2.137	2.157	1.961	0
1829	1.902	2.137	2.118	1.941	0
1830	1.98	1.961	2.039	1.922	0
1831	2.039	2.059	2.059	1.941	0
1832	2.098	2.02	2.039	2.078	0
1833	2.137	2.098	2.078	2.098	0
1834	2.039	2.059	2.098	2.098	0
1835	2.0	2.02	2.078	2.059	0
1836	1.824	2.098	2.118	2.039	0
1837	1.784	2.118	2.098	2.039	0
1838	1.804	1.686	1.961	2.02	0
1839	1.804	1.49	2.078	1.98	0
1840	1.902	1.647	2.137	1.961	0
1841	2.0	1.745	2.157	1.98	0
1842	2.02	1.51	1.98	1.98	0
1843	1.902	1.529	2.0	1.961	0
1844	1.882	1.902	2.039	1.98	0
1845	1.804	2.039	2.059	1.98	0
1846	1.882	2.059	1.98	1.941	0
1847	1.922	1.843	1.843	1.863	0
1848	1.98	1.824	1.863	1.824	0
1849	2.098	1.804	1.902	1.804	0
1850	2.176	1.882	1.98	1.804	0
1851	2.078	1.922	2.039	1.863	0
1852	2.039	1.98	2.039	1.98	0
1853	1.922	2.118	2.0	2.078	0
1854	1.863	2.0	1.961	2.039	0
1855	1.902	1.569	1.804	1.863	0
1856	1.941	1.49	1.882	1.725	0
1857	2.039	1.608	2.02	1.725	0
1858	1.98	1.608	2.0	1.843	0
1859	2.039	1.647	2.078	1.961	0
1860	2.039	1.686	2.02	1.961	0
1861	1.824	1.941	2.098	2.039	0
1862	1.765	2.039	2.098	2.118	0
1863	1.824	2.02	1.98	2.078	0
1864	1.98	1.922	1.941	1.941	0
1865	2.078	2.039	2.0	1.804	0
1866	2.118	1.98	2.098	1.745	0
1867	2.118	2.02	2.137	1.804	0
1868	2.039	2.0	2.157	1.922	0
1869	2.059	2.078	2.118	2.078	0
1870	1.882	2.176	2.059	2.255	0
1871	1.824	2.078	2.118	2.294	0
1872	1.882	1.667	1.961	2.098	0
1873	1.902	1.569	2.078	1.863	0
1874	1.941	1.686	2.176	1.824	0
1875	1.922	1.725	2.118	1.882	0
1876	2.0	1.667	2.078	1.922	0
1877	1.922	1.627	1.922	1.961	0
1878	1.784	1.941	2.02	2.039	0
1879	1.804	2.098	2.137	2.078	0
1880	1.922	2.078	2.118	2.059	0
1881	1.98	1.922	1.922	1.98	0
1882	1.98	1.941	1.784	1.882	0
1883	2.059	1.882	1.902	1.824	0
1884	2.118	2.039	2.176	1.863	0
1885	2.059	2.118	2.275	1.98	0
1886	2.02	2.118	2.216	2.098	0
1887	1.882	2.196	2.196	2.216	0
1888	1.824	2.118	2.196	2.235	0
1889	1.922	1.745	2.02	2.059	0
1890	1.961	1.588	1.98	1.843	0
1891	1.98	1.647	2.098	1.725	0
1892	2.02	1.667	2.118	1.765	0
1893	2.098	1.608	2.078	1.863	0
1894	2.02	1.686	2.078	2.039	0
1895	1.824	2.0	2.098	2.157	0
1896	1.804	2.078	2.078	2.098	0
1897	1.922	2.059	2.039	2.0	0
1898	1.941	1.922	2.0	1.882	0
1899	2.098	2.0	2.039	1.824	0
1900	2.235	1.941	2.039	1.804	0
1901	2.137	1.902	2.02	1.902	0
1902	1.961	1.863	1.882	2.0	0
1903	2.039	1.902	1.863	2.039	0
1904	1.882	2.137	2.02	2.078	0
1905	1.843	2.118	2.039	2.078	0
1906	1.941	1.667	1.902	2.0	0
1907	1.902	1.529	1.941	1.843	0
1908	1.98	1.608	2.0	1.765	0
1909	2.02	1.647	1.961	1.804	0
1910	2.039	1.627	1.98	1.922	0
1911	2.0	1.706	2.039	2.039	0
1912	1.824	1.961	2.059	2.098	0
1913	1.784	2.118	2.098	2.078	0
1914	1.902	2.118	2.078	2.0	0
1915	1.98	2.039	2.078	1.902	0
1916	2.039	2.078	2.078	1.843	0
1917	2.078	2.0	2.078	1.882	0
1918	2.118	2.02	2.196	1.961	0
1919	2.078	2.098	2.216	2.039	0
1920	2.098	2.118	2.196	2.137	0
1921	2.0	2.255	2.176	2.137	0
1922	1.824	2.176	2.176	2.137	0
1923	1.882	1.784	2.098	2.02	0
1924	1.922	1.608	2.118	1.882	0
1925	1.961	1.667	2.216	1.843	0
1926	1.941	1.667	2.196	1.941	0
1927	1.98	1.627	2.137	2.059	0
1928	1.98	1.667	2.059	2.078	0
1929	1.863	1.941	2.098	2.059	0
1930	1.804	2.098	2.078	2.039	0
1931	1.882	2.039	2.059	1.98	0
1932	1.941	1.882	1.98	1.902	0
1933	2.0	1.902	2.0	1.843	0
1934	2.059	1.882	2.0	1.843	0
1935	2.118	1.922	1.961	1.902	0
1936	2.039	1.922	1.941	1.961	0
1937	2.02	1.902	2.039	2.0	0
1938	1.941	2.098	2.137	2.039	0
1939	1.863	2.059	2.118	2.0	0
1940	1.824	1.647	1.941	1.824	0
1941	1.882	1.451	1.765	1.706	0
1942	1.961	1.471	1.804	1.706	0
1943	2.0	1.529	1.98	1.804	0
1944	2.02	1.51	1.961	1.882	0
1945	1.941	1.608	1.941	1.863	0
1946	1.863	1.843	1.882	1.863	0
1947	1.804	1.863	1.882	1.843	0
1948	1.843	1.902	1.922	1.902	0
1949	1.922	1.843	1.824	1.961	0
1950	2.059	1.902	1.745	1.98	0
1951	2.118	1.784	1.784	1.804	0
1952	2.176	1.863	1.941	1.667	0
1953	2.078	2.0	1.98	1.745	0
1954	2.098	1.961	2.0	2.0	0
1955	1.902	2.078	1.98	2.216	0
1956	1.784	2.059	1.961	2.196	0
1957	1.843	1.745	1.882	2.059	0
1958	1.902	1.529	1.902	1.902	0
1959	1.941	1.588	2.0	1.863	0
1960	1.941	1.765	2.157	1.961	0
1961	1.98	1.784	2.235	2.098	0
1962	1.902	1.784	2.157	2.176	0
1963	1.784	2.02	2.275	2.216	0
1964	1.784	2.314	2.255	2.216	0
1965	1.863	2.216	2.137	2.078	0
1966	1.961	2.078	2.137	1.941	0
1967	2.039	2.157	2.235	1.902	0
1968	2.078	2.137	2.275	1.941	0
1969	2.059	2.118	2.216	2.039	0
1970	1.941	2.137	2.255	2.118	0
1971	1.961	2.176	2.275	2.157	0
1972	1.863	2.235	2.216	2.216	0
1973	1.824	2.196	2.235	2.216	0
1974	1.941	1.941	2.216	2.118	0
1975	2.039	1.686	2.157	1.922	0
1976	1.98	1.647	2.098	1.824	0
1977	1.98	1.686	2.078	1.824	0
1978	2.039	1.647	2.02	1.922	0
1979	2.02	1.725	2.137	1.98	0
1980	1.922	2.02	2.176	2.02	0
1981	1.843	2.137	2.118	2.02	0
1982	1.902	2.039	2.059	1.98	0
1983	1.961	1.882	1.98	1.882	0
1984	2.118	1.98	1.961	1.824	0
1985	2.137	1.98	1.941	1.824	0
1986	2.098	2.0	2.039	1.882	0
1987	2.078	2.02	2.039	1.941	0
1988	2.078	2.039	2.098	1.98	0
1989	2.0	2.176	2.118	2.02	0
1990	1.882	2.235	2.157	2.02	0
1991	1.922	1.902	2.098	1.961	0
1992	1.98	1.667	2.0	1.863	0
1993	1.961	1.608	1.941	1.804	0
1994	1.922	1.627	2.0	1.843	0
1995	2.0	1.627	2.098	1.922	0
1996	2.02	1.686	2.078	2.0	0
1997	1.902	1.922	2.039	2.0	0
1998	1.863	2.118	2.02	1.98	0
1999	1.882	2.059	2.0	1.941	0
