time	channel1	channel2	channel3	channel4	class
0	2.333	1.961	1.98	1.882	0
1	2.176	2.098	2.118	1.961	0
2	2.137	2.176	2.118	2.039	0
3	1.784	2.235	2.078	2.059	0
4	1.706	2.157	2.098	2.059	0
5	1.863	1.706	2.098	2.0	0
6	1.902	1.529	2.078	1.941	0
7	1.98	1.608	1.98	1.922	0
8	1.961	1.608	2.0	1.902	0
9	2.039	1.569	2.059	1.941	0
10	1.961	1.706	2.098	2.0	0
11	1.765	2.039	2.098	2.039	0
12	1.647	2.157	2.039	2.0	0
13	1.824	2.255	2.039	1.961	0
14	2.0	2.118	2.039	1.922	0
15	2.118	2.098	2.02	1.902	0
16	2.216	1.98	1.961	1.922	0
17	2.235	2.039	2.02	1.922	0
18	2.137	2.039	2.0	1.941	0
19	2.098	2.039	1.98	1.961	0
20	1.804	2.118	2.02	1.961	0
21	1.627	2.059	2.098	1.961	0
22	1.882	1.647	2.02	1.961	0
23	1.961	1.471	2.039	1.941	0
24	2.039	1.588	2.02	1.941	0
25	1.902	1.51	1.961	1.922	0
26	1.961	1.529	2.059	1.902	0
27	1.98	1.686	2.078	1.961	0
28	1.824	2.02	2.059	1.941	0
29	1.627	2.059	2.039	1.961	0
30	1.765	2.196	2.059	1.98	0
31	1.941	2.059	2.0	1.941	0
32	2.098	2.137	1.961	1.922	0
33	2.196	2.059	2.0	1.922	0
34	2.196	2.098	2.039	1.941	0
35	2.078	2.118	2.059	1.98	0
36	2.039	2.176	2.098	2.02	0
37	1.745	2.314	2.137	2.059	0
38	1.569	2.118	2.118	2.078	0
39	1.784	1.627	1.98	2.0	0
40	1.902	1.392	1.941	1.882	0
41	1.961	1.451	2.0	1.843	0
42	1.922	1.49	1.98	1.863	0
43	2.02	1.431	2.039	1.882	0
44	2.02	1.667	2.039	1.941	0
45	1.804	2.02	2.039	1.961	0
46	1.608	2.235	2.118	2.02	0
47	1.725	2.314	2.078	2.039	0
48	1.922	1.922	2.02	2.0	0
49	2.059	1.922	1.961	1.882	0
50	2.294	2.0	1.98	1.843	0
51	2.255	2.118	2.039	1.863	0
52	2.137	2.137	2.078	1.941	0
53	2.098	2.176	2.098	2.039	0
54	1.745	2.333	2.137	2.078	0
55	1.627	2.216	2.137	2.098	0
56	1.784	1.725	2.059	2.02	0
57	1.941	1.529	2.098	1.941	0
58	2.02	1.627	2.059	1.922	0
59	1.961	1.569	2.02	1.902	0
60	2.02	1.49	2.0	1.922	0
61	1.941	1.647	2.059	1.98	0
62	1.745	2.059	2.098	2.098	0
63	1.667	2.176	2.039	2.078	0
64	1.882	2.196	2.039	2.039	0
65	2.078	2.0	2.02	1.961	0
66	2.196	2.039	2.039	1.922	0
67	2.235	1.922	2.0	1.941	0
68	2.294	1.902	1.98	1.941	0
69	2.176	1.98	2.0	2.0	0
70	2.118	2.078	2.039	2.039	0
71	1.843	2.196	2.078	2.098	0
72	1.686	2.059	2.098	2.098	0
73	1.941	1.588	2.0	2.02	0
74	2.039	1.451	2.078	1.961	0
75	2.0	1.51	2.118	1.98	0
76	2.0	1.471	1.98	2.0	0
77	2.137	1.451	2.039	2.0	0
78	2.098	1.647	2.059	2.02	0
79	1.784	2.078	2.118	2.059	0
80	1.706	2.196	2.078	2.078	0
81	1.882	2.216	2.0	2.059	0
82	2.039	2.039	2.0	1.98	0
83	2.176	2.118	2.039	1.98	0
84	2.235	2.02	2.039	2.0	0
85	2.255	2.039	2.02	2.059	0
86	2.157	2.137	2.039	2.059	0
87	2.137	2.196	2.059	2.098	0
88	1.784	2.314	2.059	2.137	0
89	1.647	2.176	2.098	2.098	0
90	1.902	1.706	2.0	2.02	0
91	2.039	1.451	1.941	1.902	0
92	2.039	1.373	1.941	1.882	0
93	1.961	1.471	2.0	1.902	0
94	2.098	1.451	2.0	1.941	0
95	2.02	1.588	2.059	2.02	0
96	1.824	2.098	2.059	2.078	0
97	1.647	2.314	2.059	2.137	0
98	1.784	2.294	2.059	2.078	0
99	1.98	1.961	1.961	1.961	0
100	2.098	2.0	1.961	1.902	0
101	2.275	1.961	1.941	1.863	0
102	2.294	2.118	2.039	1.922	0
103	2.176	2.196	2.098	2.039	0
104	1.98	2.235	2.059	2.176	0
105	1.686	2.373	2.078	2.176	0
106	1.627	2.235	2.098	2.137	0
107	1.804	1.745	2.02	2.039	0
108	1.902	1.549	2.0	1.961	0
109	1.941	1.608	2.039	1.941	0
110	1.941	1.647	2.039	1.961	0
111	2.0	1.608	2.059	2.0	0
112	1.961	1.725	2.039	2.039	0
113	1.745	2.118	2.039	2.098	0
114	1.627	2.275	2.039	2.078	0
115	1.804	2.314	2.02	2.0	0
116	1.98	2.118	1.961	1.902	0
117	2.118	2.078	2.02	1.902	0
118	2.235	2.0	1.98	1.941	0
119	2.275	2.118	2.039	1.961	0
120	2.176	2.235	2.059	2.0	0
121	2.078	2.216	2.098	2.059	0
122	1.824	2.373	2.078	2.059	0
123	1.686	2.216	2.098	2.039	0
124	1.824	1.706	1.961	1.961	0
125	1.961	1.529	1.961	1.882	0
126	2.059	1.588	2.039	1.824	0
127	1.98	1.588	2.039	1.863	0
128	2.118	1.569	2.039	1.882	0
129	2.059	1.765	2.039	1.922	0
130	1.784	2.196	2.078	1.98	0
131	1.706	2.314	2.059	1.98	0
132	1.804	2.333	2.059	1.941	0
133	2.039	2.157	2.059	1.882	0
134	2.176	2.196	2.0	1.843	0
135	2.255	2.02	2.0	1.824	0
136	2.314	2.137	2.059	1.863	0
137	2.176	2.176	2.0	1.863	0
138	2.157	2.216	2.039	1.902	0
139	1.804	2.392	2.118	1.98	0
140	1.686	2.275	2.157	2.0	0
141	1.902	1.745	2.078	1.961	0
142	2.039	1.471	2.0	1.824	0
143	2.059	1.471	2.02	1.745	0
144	2.02	1.529	2.098	1.745	0
145	2.078	1.451	2.078	1.824	0
146	2.059	1.588	1.961	1.863	0
147	1.824	2.039	2.02	1.902	0
148	1.725	2.216	2.118	1.922	0
149	1.863	2.275	2.118	1.902	0
150	2.039	2.0	2.02	1.843	0
151	2.137	2.0	2.0	1.745	0
152	2.294	1.922	2.039	1.765	0
153	2.294	1.98	2.059	1.824	0
154	2.137	1.961	2.039	1.882	0
155	2.137	2.039	2.059	1.941	0
156	1.804	2.176	2.157	1.98	0
157	1.627	2.039	2.098	1.941	0
158	1.824	1.529	2.02	1.882	0
159	1.98	1.314	2.039	1.804	0
160	1.98	1.353	2.098	1.765	0
161	2.0	1.392	2.078	1.784	0
162	2.078	1.333	2.059	1.804	0
163	1.941	1.392	2.0	1.843	0
164	1.686	1.765	2.039	1.863	0
165	1.647	1.922	2.059	1.882	0
166	1.765	1.941	2.02	1.843	0
167	1.961	1.725	1.961	1.765	0
168	2.137	1.784	1.98	1.745	0
169	2.255	1.725	2.0	1.725	0
170	2.333	1.804	2.039	1.765	0
171	2.098	1.804	2.02	1.843	0
172	2.0	1.843	2.098	1.922	0
173	1.686	2.0	2.118	2.0	0
174	1.529	1.863	2.098	1.961	0
175	1.824	1.373	1.98	1.863	0
176	1.961	1.176	1.98	1.765	0
177	1.961	1.196	2.02	1.725	0
178	1.922	1.216	2.02	1.745	0
179	2.02	1.196	2.02	1.804	0
180	1.941	1.412	2.098	1.882	0
181	1.667	1.843	2.098	1.98	0
182	1.627	2.039	2.039	2.0	0
183	1.745	2.059	2.039	1.961	0
184	1.941	1.843	2.02	1.843	0
185	2.078	1.941	2.02	1.804	0
186	2.157	1.745	2.0	1.804	0
187	2.216	1.843	1.961	1.882	0
188	2.078	1.902	1.941	1.922	0
189	2.098	1.98	2.0	1.98	0
190	1.784	2.118	2.039	2.0	0
191	1.588	1.941	2.02	1.98	0
192	1.843	1.49	1.922	1.922	0
193	1.98	1.294	1.902	1.843	0
194	2.0	1.333	1.922	1.804	0
195	1.961	1.353	1.941	1.824	0
196	2.098	1.333	1.941	1.882	0
197	2.059	1.51	1.941	1.922	0
198	1.824	1.902	1.922	1.941	0
199	1.706	2.059	1.922	1.941	0
200	1.863	2.118	1.941	1.922	0
201	2.059	1.902	1.902	1.882	0
202	2.196	2.0	1.941	1.843	0
203	2.314	1.922	1.98	1.863	0
204	2.392	2.098	2.039	1.941	0
205	2.255	2.098	2.02	2.0	0
206	2.157	2.059	2.0	2.0	0
207	1.863	2.196	2.059	2.0	0
208	1.725	2.157	2.157	2.0	0
209	2.0	1.667	2.098	1.961	0
210	2.118	1.451	2.059	1.941	0
211	2.098	1.451	2.059	1.902	0
212	2.059	1.471	2.078	1.922	0
213	2.157	1.451	2.118	1.941	0
214	2.137	1.608	2.176	1.98	0
215	1.902	2.059	2.196	2.0	0
216	1.804	2.196	2.176	2.0	0
217	1.941	2.235	2.176	1.98	0
218	2.118	1.98	2.157	1.941	0
219	2.255	2.02	2.137	1.941	0
220	2.392	1.961	2.157	1.922	0
221	2.431	2.039	2.196	1.98	0
222	2.255	2.098	2.196	2.02	0
223	2.216	2.098	2.235	2.059	0
224	1.922	2.255	2.235	2.118	0
225	1.745	2.157	2.314	2.118	0
226	2.0	1.647	2.196	2.02	0
227	2.078	1.373	2.157	1.941	0
228	2.098	1.392	2.176	1.941	0
229	2.059	1.431	2.176	1.941	0
230	2.176	1.392	2.196	1.98	0
231	2.098	1.549	2.196	2.02	0
232	1.863	1.961	2.216	2.059	0
233	1.725	2.118	2.196	2.059	0
234	1.863	2.176	2.176	2.02	0
235	2.078	1.941	2.137	1.961	0
236	2.176	2.0	2.137	1.961	0
237	2.275	1.882	2.157	1.98	0
238	2.333	1.961	2.157	2.02	0
239	2.216	2.078	2.176	2.059	0
240	2.137	2.059	2.176	2.098	0
241	1.784	2.176	2.176	2.118	0
242	1.608	2.078	2.196	2.098	0
243	1.882	1.608	2.118	2.02	0
244	2.02	1.392	2.118	1.961	0
245	1.98	1.412	2.137	1.941	0
246	1.941	1.412	2.137	1.961	0
247	2.039	1.373	2.078	2.0	0
248	2.0	1.529	2.098	2.0	0
249	1.765	1.98	2.118	2.02	0
250	1.608	2.098	2.098	2.02	0
251	1.706	2.118	2.078	2.0	0
252	1.922	1.941	2.059	1.961	0
253	2.098	2.02	2.059	1.922	0
254	2.196	1.941	2.078	1.941	0
255	2.235	2.0	2.118	2.02	0
256	2.059	2.039	2.059	2.059	0
257	2.039	2.098	2.078	2.059	0
258	1.686	2.216	2.118	2.098	0
259	1.529	2.118	2.118	2.039	0
260	1.765	1.647	2.039	1.98	0
261	1.902	1.431	2.02	1.941	0
262	1.902	1.451	2.059	1.902	0
263	1.863	1.431	2.039	1.922	0
264	1.961	1.373	2.02	1.961	0
265	1.902	1.569	2.059	2.0	0
266	1.667	2.0	2.059	2.02	0
267	1.588	2.176	2.02	2.0	0
268	1.706	2.235	2.02	1.961	0
269	1.882	1.98	2.0	1.922	0
270	2.02	2.039	1.98	1.941	0
271	2.118	1.961	1.961	1.941	0
272	2.118	1.961	1.961	1.98	0
273	1.961	2.059	1.98	2.02	0
274	1.941	2.078	2.02	2.059	0
275	1.608	2.235	2.039	2.078	0
276	1.451	2.137	2.059	2.059	0
277	1.667	1.588	1.98	2.0	0
278	2.0	1.569	2.039	1.941	0
279	1.961	1.529	1.882	1.902	0
280	1.588	1.353	1.824	1.902	0
281	1.765	1.412	2.0	1.98	0
282	1.863	1.588	2.02	2.039	0
283	1.569	1.941	1.882	2.039	0
284	1.49	2.118	1.863	1.961	0
285	1.765	2.275	2.0	1.902	0
286	2.137	2.176	2.098	1.941	0
287	2.294	2.216	2.039	1.941	0
288	2.373	2.137	2.039	1.941	0
289	2.216	2.0	1.902	1.98	0
290	1.863	2.078	1.902	2.02	0
291	1.941	2.196	1.941	2.02	0
292	1.843	2.373	1.98	2.039	0
293	1.843	2.255	2.059	2.02	0
294	2.059	1.725	1.961	1.961	0
295	2.02	1.451	1.961	1.922	0
296	1.961	1.451	1.922	1.902	0
297	1.843	1.392	1.902	1.882	0
298	2.059	1.451	1.98	1.922	0
299	2.078	1.745	2.118	2.02	0
300	1.961	2.196	2.137	2.078	0
301	2.039	2.294	2.0	2.039	0
302	2.098	2.137	1.882	1.902	0
303	1.922	1.922	1.843	1.804	0
304	1.922	2.137	1.784	1.824	0
305	2.098	2.02	1.804	1.902	0
306	2.333	2.098	1.922	2.02	0
307	2.078	2.137	1.98	2.137	0
308	1.922	2.176	1.961	2.157	0
309	1.647	2.275	1.902	2.078	0
310	1.373	2.137	1.882	1.922	0
311	1.686	1.569	1.706	1.765	0
312	2.216	1.451	1.725	1.725	0
313	2.118	1.549	1.843	1.784	0
314	1.922	1.765	2.0	1.922	0
315	1.824	1.49	1.902	2.02	0
316	1.686	1.451	1.804	2.039	0
317	1.941	2.255	1.882	1.882	0
318	2.039	2.569	1.863	1.745	0
319	1.451	2.353	1.745	1.686	0
320	1.294	2.059	1.647	1.686	0
321	1.804	2.118	1.686	1.765	0
322	2.255	2.098	1.647	1.882	0
323	2.157	2.255	1.843	2.039	0
324	2.0	2.471	2.039	2.137	0
325	2.157	2.588	2.137	2.059	0
326	1.745	2.824	2.157	1.843	0
327	1.569	2.667	2.059	1.667	0
328	1.98	2.294	1.941	1.608	0
329	2.078	2.157	2.02	1.745	0
330	1.588	2.118	2.196	2.118	0
331	1.431	2.275	2.373	2.51	0
332	1.725	2.176	2.294	2.686	0
333	1.922	2.588	2.333	2.49	0
334	1.647	3.176	2.353	2.137	0
335	1.333	3.137	2.216	1.843	0
336	1.451	3.059	2.255	1.765	0
337	1.667	2.922	2.451	1.941	0
338	1.686	3.098	2.471	2.255	0
339	1.706	2.922	2.373	2.529	0
340	1.725	2.804	2.353	2.608	0
341	1.706	3.02	2.392	2.569	0
342	1.843	3.098	2.294	2.431	0
343	1.627	3.118	2.353	2.216	0
344	1.275	2.725	2.275	2.059	0
345	1.196	2.137	2.118	1.902	0
346	1.039	1.863	1.98	1.843	0
347	1.549	1.961	2.02	1.824	0
348	1.941	1.824	1.941	1.843	0
349	2.333	1.902	2.098	1.961	0
350	2.176	2.118	2.216	2.098	0
351	1.824	2.529	2.059	2.157	0
352	1.784	2.824	2.059	2.059	0
353	2.137	2.784	2.02	1.863	0
354	2.529	2.588	2.078	1.627	0
355	3.039	2.804	2.118	1.549	0
356	3.0	2.549	2.02	1.627	0
357	2.667	2.471	1.941	1.804	0
358	2.392	2.451	1.941	1.98	0
359	2.431	2.686	2.157	2.078	0
360	2.333	2.902	2.235	2.118	0
361	2.647	2.745	2.373	2.039	0
362	2.961	2.176	2.314	1.863	0
363	2.549	1.373	1.941	1.667	0
364	2.333	1.49	2.216	1.706	0
365	2.353	1.706	2.314	1.863	0
366	2.529	1.451	2.098	1.941	0
367	2.49	1.392	2.039	1.941	0
368	2.392	1.843	2.196	1.902	0
369	2.078	1.765	2.137	1.863	0
370	1.902	1.569	1.98	1.765	0
371	2.176	1.216	1.922	1.647	0
372	2.569	1.059	1.843	1.471	0
373	2.569	0.824	1.824	1.294	0
374	2.255	0.961	2.02	1.471	0
375	2.157	1.098	1.98	1.725	0
376	2.098	1.02	1.902	1.804	0
377	1.667	1.255	1.843	1.765	0
378	1.392	1.294	1.98	1.843	0
379	1.431	0.922	2.137	1.98	0
380	1.49	0.294	1.98	1.961	0
381	1.765	0.0	1.451	1.647	0
382	1.98	0.235	1.51	1.294	0
383	1.843	0.451	1.725	1.314	0
384	1.667	0.686	1.804	1.608	0
385	1.392	0.863	1.647	1.902	0
386	1.078	0.961	1.588	2.078	0
387	0.843	1.235	1.667	2.078	0
388	1.059	1.176	1.549	1.961	0
389	1.373	1.137	1.412	1.882	0
390	1.51	1.078	1.333	1.843	0
391	1.686	1.353	1.392	1.824	0
392	1.431	1.333	1.294	1.863	0
393	1.353	1.353	1.137	1.843	0
394	1.098	1.333	1.0	1.725	0
395	0.725	1.216	0.843	1.667	0
396	0.392	0.627	0.529	1.569	0
397	0.784	0.255	0.529	1.431	0
398	1.549	0.373	0.843	1.451	0
399	2.0	0.588	0.922	1.569	0
400	1.765	0.451	0.922	1.627	0
401	1.431	0.608	0.784	1.686	0
402	1.275	1.039	0.588	1.725	0
403	1.294	1.039	0.549	1.647	0
404	1.412	0.941	0.725	1.549	0
405	1.569	0.902	1.0	1.51	0
406	2.0	1.137	1.098	1.569	0
407	2.255	1.039	1.078	1.627	0
408	2.333	1.157	1.373	1.765	0
409	2.294	1.333	1.569	1.961	0
410	2.294	1.373	1.667	2.02	0
411	2.039	1.549	1.922	2.0	0
412	2.137	1.549	2.216	1.863	0
413	2.412	1.059	2.235	1.843	0
414	2.451	0.863	2.294	1.843	0
415	2.314	0.843	2.333	1.863	0
416	2.392	1.059	2.471	1.941	0
417	2.686	1.157	2.667	2.02	0
418	2.882	1.412	3.118	2.098	0
419	2.392	2.039	3.216	2.255	0
420	2.157	2.275	3.196	2.314	0
421	2.255	2.196	3.353	2.353	0
422	2.745	1.98	3.412	2.255	0
423	3.098	2.0	3.49	2.176	0
424	3.235	2.118	3.588	2.118	0
425	2.941	2.275	3.569	2.02	0
426	2.451	2.333	3.667	1.98	0
427	2.647	2.353	3.706	2.078	0
428	2.627	2.686	3.745	2.216	0
429	2.529	2.706	3.824	2.353	0
430	2.49	2.137	3.784	2.314	0
431	2.529	1.941	3.824	2.196	0
432	2.49	1.98	3.745	2.137	0
433	2.373	2.039	3.588	2.039	0
434	2.627	2.098	3.549	1.922	0
435	2.569	2.353	3.647	1.882	0
436	2.078	2.569	3.451	1.882	0
437	1.667	2.667	3.255	1.843	0
438	1.843	2.765	3.078	1.765	0
439	2.196	2.608	3.02	1.765	0
440	2.471	2.627	2.961	1.765	0
441	2.412	2.392	2.745	1.706	0
442	2.294	2.451	2.667	1.647	0
443	2.196	2.412	2.49	1.667	0
444	2.157	2.451	2.392	1.725	0
445	1.784	2.451	2.235	1.784	0
446	1.725	2.373	2.275	1.804	0
447	1.98	1.922	2.196	1.843	0
448	2.157	1.706	2.059	1.961	0
449	2.196	1.608	1.824	1.941	0
450	2.137	1.667	1.51	1.745	0
451	2.059	1.529	1.353	1.51	0
452	1.863	1.784	1.588	1.647	0
453	1.667	2.314	1.765	2.078	0
454	1.667	2.588	1.745	2.569	0
455	2.078	2.647	1.412	2.804	0
456	2.176	2.471	1.353	2.588	0
457	2.157	2.647	1.275	2.176	0
458	2.255	2.588	1.098	1.922	0
459	2.235	2.647	1.078	1.941	0
460	2.078	2.725	1.039	2.216	0
461	2.118	2.824	1.157	2.588	0
462	1.941	3.196	1.275	2.824	0
463	1.784	3.176	1.275	2.725	0
464	1.804	2.549	0.922	2.471	0
465	1.784	2.412	0.98	2.294	0
466	1.961	2.686	1.137	2.255	0
467	2.118	2.706	1.176	2.196	0
468	2.569	2.686	1.275	2.157	0
469	2.49	2.686	1.216	2.176	0
470	1.863	2.922	1.118	2.196	0
471	1.471	3.118	1.275	2.176	0
472	1.392	3.157	1.451	2.137	0
473	2.039	2.961	1.549	2.157	0
474	2.549	3.157	1.686	2.216	0
475	2.765	2.882	1.765	2.216	0
476	2.863	3.0	1.941	2.216	0
477	2.765	3.118	2.314	2.255	0
478	2.804	3.118	2.353	2.353	0
479	2.118	3.02	2.294	2.294	0
480	1.745	2.667	2.216	2.176	0
481	2.098	2.039	2.353	2.0	0
482	2.49	1.941	2.49	2.118	0
483	2.588	1.98	2.549	2.412	0
484	2.51	1.765	2.529	2.549	0
485	2.706	1.745	2.804	2.608	0
486	2.627	1.686	2.765	2.529	0
487	2.275	1.902	2.725	2.412	0
488	2.176	2.039	2.686	2.314	0
489	2.255	1.961	2.686	2.294	0
490	2.333	1.647	2.725	2.314	0
491	2.373	1.549	2.627	2.333	0
492	2.373	1.333	2.392	2.353	0
493	2.353	1.235	2.294	2.314	0
494	2.314	1.255	2.412	2.255	0
495	2.373	1.431	2.627	2.294	0
496	1.98	1.627	2.725	2.392	0
497	1.588	1.333	2.627	2.412	0
498	1.745	0.745	2.294	2.314	0
499	2.039	0.51	2.176	2.157	0
500	1.902	0.471	2.255	2.059	0
501	1.784	0.51	2.275	2.078	0
502	2.02	0.51	2.275	2.078	0
503	2.02	0.51	2.216	2.098	0
504	1.647	0.882	2.588	2.137	0
505	1.549	1.216	2.314	2.255	0
506	1.745	1.373	2.02	2.275	0
507	1.882	1.196	2.176	2.196	0
508	2.02	1.275	2.216	2.118	0
509	2.059	1.098	2.118	2.039	0
510	2.039	1.137	2.02	1.941	0
511	1.98	1.275	2.078	1.941	0
512	2.0	1.353	2.196	2.0	0
513	1.667	1.588	2.255	2.137	0
514	1.51	1.471	2.176	2.216	0
515	1.529	0.882	1.765	2.157	0
516	1.608	0.706	1.843	2.059	0
517	1.745	0.863	2.118	2.02	0
518	1.824	0.882	2.118	1.961	0
519	2.157	0.902	2.118	1.882	0
520	2.098	1.098	2.039	1.863	0
521	1.667	1.49	1.98	1.882	0
522	1.431	1.588	1.98	1.941	0
523	1.588	1.588	1.941	1.902	0
524	1.765	1.431	1.843	1.824	0
525	1.922	1.51	2.02	1.765	0
526	2.157	1.549	2.216	1.882	0
527	2.333	1.667	2.098	2.02	0
528	2.118	1.686	2.059	2.02	0
529	2.02	1.667	2.098	1.941	0
530	1.549	1.725	2.275	1.882	0
531	1.314	1.941	2.255	1.922	0
532	1.471	1.294	1.824	1.863	0
533	1.686	1.059	1.922	1.784	0
534	1.902	1.137	2.118	1.765	0
535	2.157	1.412	2.235	1.843	0
536	2.098	1.275	2.078	1.882	0
537	1.627	1.373	2.098	1.902	0
538	1.294	1.824	2.137	1.941	0
539	1.549	2.078	2.196	1.941	0
540	1.686	2.02	2.078	1.863	0
541	1.667	1.902	2.02	1.765	0
542	1.824	1.98	2.02	1.667	0
543	2.039	1.863	1.98	1.647	0
544	2.118	2.0	1.941	1.725	0
545	2.039	2.02	1.961	1.804	0
546	1.961	2.039	2.039	1.843	0
547	1.588	2.196	2.098	1.824	0
548	1.49	2.157	2.176	1.765	0
549	1.784	1.804	2.118	1.765	0
550	1.902	1.588	2.098	1.706	0
551	1.824	1.549	2.098	1.667	0
552	1.843	1.549	2.078	1.706	0
553	1.882	1.471	2.02	1.745	0
554	1.843	1.706	2.118	1.824	0
555	1.667	2.176	2.118	1.882	0
556	1.569	2.314	2.098	1.882	0
557	1.608	2.314	2.098	1.784	0
558	1.745	2.118	2.039	1.667	0
559	1.843	2.235	2.137	1.686	0
560	1.98	2.196	2.196	1.824	0
561	2.039	2.294	2.196	1.98	0
562	1.784	2.196	2.0	2.0	0
563	1.647	2.176	1.922	1.941	0
564	1.353	2.471	2.118	1.863	0
565	1.529	2.549	2.373	1.843	0
566	1.961	2.0	2.078	1.824	0
567	2.0	1.686	2.059	1.784	0
568	1.902	1.941	2.275	1.824	0
569	1.765	1.922	2.118	1.863	0
570	1.745	1.706	1.902	1.882	0
571	1.706	1.784	1.941	1.922	0
572	1.686	2.216	1.98	1.961	0
573	1.667	2.549	2.02	2.02	0
574	1.902	2.627	2.059	1.98	0
575	2.078	2.353	2.059	1.922	0
576	2.216	2.412	2.039	1.843	0
577	2.314	2.196	1.902	1.804	0
578	2.294	2.275	1.961	1.745	0
579	2.118	2.235	2.02	1.824	0
580	2.098	2.255	1.882	1.902	0
581	1.824	2.451	1.824	1.961	0
582	1.647	2.353	1.863	1.922	0
583	1.843	1.745	1.843	1.824	0
584	2.02	1.549	1.882	1.686	0
585	2.059	1.51	1.882	1.569	0
586	1.941	1.51	1.922	1.667	0
587	1.941	1.471	1.902	1.882	0
588	1.784	1.608	1.882	2.078	0
589	1.569	1.941	2.0	2.216	0
590	1.588	2.118	2.059	2.176	0
591	1.902	2.216	1.961	1.98	0
592	2.059	2.0	1.98	1.725	0
593	2.157	2.098	2.078	1.647	0
594	2.0	1.98	2.039	1.706	0
595	2.039	2.0	2.02	1.882	0
596	1.843	1.961	1.941	2.059	0
597	2.02	2.118	2.078	2.137	0
598	1.863	2.314	2.294	2.157	0
599	1.706	2.314	2.392	2.176	0
600	1.961	1.804	2.294	2.196	0
601	1.941	1.608	2.137	2.098	0
602	1.882	1.549	1.843	1.902	0
603	1.863	1.431	1.941	1.725	0
604	2.255	1.647	2.235	1.725	0
605	2.137	1.765	2.118	1.843	0
606	1.804	2.0	2.039	2.0	0
607	1.725	2.196	2.02	2.098	0
608	1.863	2.157	1.941	1.98	0
609	2.098	2.196	1.98	1.804	0
610	2.275	2.294	1.961	1.667	0
611	2.333	2.137	1.961	1.647	0
612	2.431	2.196	1.961	1.784	0
613	2.314	2.216	1.941	1.902	0
614	2.157	2.196	1.922	1.941	0
615	1.765	2.412	1.961	1.961	0
616	1.706	2.49	1.922	1.922	0
617	2.0	1.961	1.725	1.804	0
618	1.941	1.588	1.725	1.686	0
619	2.0	1.725	1.843	1.667	0
620	1.941	1.706	1.902	1.725	0
621	1.902	1.804	1.941	1.824	0
622	1.882	2.059	2.039	1.902	0
623	1.667	2.392	1.824	1.98	0
624	1.667	2.412	1.627	1.941	0
625	1.686	2.314	1.647	1.804	0
626	1.863	2.235	1.824	1.706	0
627	2.137	2.314	1.961	1.686	0
628	2.275	2.275	1.922	1.745	0
629	2.098	2.255	1.843	1.882	0
630	1.98	2.333	1.784	2.0	0
631	2.039	2.294	1.706	1.98	0
632	1.843	2.51	1.941	2.059	0
633	1.745	2.412	2.118	2.118	0
634	1.725	1.784	1.961	2.078	0
635	1.843	1.549	1.725	1.902	0
636	2.118	1.647	1.843	1.745	0
637	2.039	1.686	1.98	1.745	0
638	2.118	1.667	2.078	1.922	0
639	2.059	1.725	2.059	2.137	0
640	1.824	2.039	2.098	2.196	0
641	1.725	2.098	2.059	2.176	0
642	1.784	2.137	2.059	2.02	0
643	2.039	1.941	2.02	1.902	0
644	2.078	2.039	2.039	1.902	0
645	2.098	1.902	1.922	1.941	0
646	2.098	1.922	1.98	1.98	0
647	1.98	2.0	2.118	2.02	0
648	2.078	2.078	2.255	2.039	0
649	1.902	2.216	2.294	2.137	0
650	1.667	2.078	2.255	2.176	0
651	1.667	1.549	2.098	2.137	0
652	1.725	1.392	2.294	2.098	0
653	1.686	1.451	2.078	2.078	0
654	1.863	1.471	2.039	2.0	0
655	2.118	1.353	2.098	1.902	0
656	2.137	1.588	2.255	1.922	0
657	1.784	1.922	2.255	2.059	0
658	1.471	2.137	2.255	2.216	0
659	1.608	2.157	2.216	2.235	0
660	1.922	1.902	2.137	2.137	0
661	2.235	1.98	2.216	2.059	0
662	2.412	1.961	2.235	2.02	0
663	2.333	1.98	2.137	2.0	0
664	2.039	2.098	2.235	2.039	0
665	2.118	2.157	2.275	2.137	0
666	1.961	2.255	2.275	2.176	0
667	1.745	2.098	2.176	2.216	0
668	1.922	1.647	2.02	2.137	0
669	2.039	1.431	1.922	1.961	0
670	2.137	1.549	2.098	1.843	0
671	2.137	1.588	2.255	1.843	0
672	2.255	1.529	2.118	1.961	0
673	2.078	1.647	2.078	2.078	0
674	1.765	2.02	2.059	2.196	0
675	1.627	2.059	2.039	2.137	0
676	1.804	2.137	2.039	1.941	0
677	2.137	2.02	2.0	1.725	0
678	2.216	2.098	1.961	1.784	0
679	2.373	2.02	1.706	1.922	0
680	2.392	1.98	1.647	1.98	0
681	2.137	2.059	1.902	2.039	0
682	2.118	2.118	2.118	2.039	0
683	1.843	2.275	2.137	2.059	0
684	1.627	2.137	2.02	2.059	0
685	1.922	1.706	1.843	1.922	0
686	2.078	1.451	1.902	1.784	0
687	1.961	1.51	1.824	1.804	0
688	1.902	1.608	1.863	1.941	0
689	2.0	1.451	1.941	2.0	0
690	2.02	1.647	1.98	2.02	0
691	1.902	1.941	1.922	1.98	0
692	1.804	2.157	2.118	1.961	0
693	1.804	2.216	2.137	1.961	0
694	1.882	1.863	2.039	1.882	0
695	2.196	2.0	2.078	1.902	0
696	2.235	2.0	2.059	1.961	0
697	2.216	1.961	1.961	2.039	0
698	2.059	1.961	1.961	2.0	0
699	2.039	1.961	2.098	2.0	0
700	1.804	2.196	2.216	2.059	0
701	1.667	2.118	2.216	2.098	0
702	1.804	1.686	2.118	2.039	0
703	1.824	1.529	2.059	1.961	0
704	1.725	1.431	1.941	1.902	0
705	1.98	1.549	2.098	1.863	0
706	2.294	1.392	2.0	1.804	0
707	2.314	1.667	2.157	1.824	0
708	1.941	2.0	2.255	1.922	0
709	1.588	2.118	2.078	2.059	0
710	1.725	2.098	1.863	2.0	0
711	1.863	1.922	1.902	1.843	0
712	1.98	2.02	2.098	1.784	0
713	2.176	2.0	2.078	1.824	0
714	2.314	2.039	2.02	1.863	0
715	2.216	2.039	1.98	1.882	0
716	2.176	2.078	1.98	1.882	0
717	2.078	2.255	2.059	1.902	0
718	1.804	2.118	2.196	1.941	0
719	1.941	1.765	2.196	1.98	0
720	1.863	1.412	2.039	2.0	0
721	1.863	1.431	1.902	1.98	0
722	1.941	1.471	1.824	1.882	0
723	2.078	1.471	1.902	1.765	0
724	2.078	1.647	1.98	1.784	0
725	1.863	2.039	2.078	1.922	0
726	1.706	2.118	2.098	2.098	0
727	1.725	2.196	2.098	2.176	0
728	1.902	1.98	2.0	2.098	0
729	2.078	1.961	1.941	1.961	0
730	2.216	1.961	1.941	1.863	0
731	2.216	2.098	2.137	1.882	0
732	2.02	2.137	2.078	2.039	0
733	1.961	2.098	1.922	2.157	0
734	1.667	2.216	1.941	2.176	0
735	1.49	2.176	2.078	2.137	0
736	1.706	1.765	2.039	2.078	0
737	1.765	1.529	1.961	2.02	0
738	1.706	1.451	1.902	1.941	0
739	1.686	1.529	1.863	1.863	0
740	2.02	1.529	2.0	1.843	0
741	2.039	1.647	2.039	1.941	0
742	1.745	1.863	1.941	2.02	0
743	1.529	2.02	1.804	2.059	0
744	1.667	2.157	1.941	2.059	0
745	1.804	1.804	1.961	1.941	0
746	1.922	1.843	1.804	1.765	0
747	2.039	1.804	1.882	1.686	0
748	2.137	1.961	1.98	1.725	0
749	2.137	2.059	2.02	1.902	0
750	2.176	2.039	2.039	2.137	0
751	1.745	2.157	2.059	2.235	0
752	1.627	2.059	2.059	2.137	0
753	1.941	1.725	2.039	1.922	0
754	2.176	1.549	2.098	1.725	0
755	2.098	1.549	2.137	1.706	0
756	1.961	1.569	2.098	1.804	0
757	2.118	1.569	2.137	1.922	0
758	2.078	1.725	2.216	2.039	0
759	1.882	2.0	2.235	2.118	0
760	1.804	2.196	2.294	2.078	0
761	1.98	2.255	2.294	1.961	0
762	2.118	2.078	2.235	1.843	0
763	2.216	2.078	2.294	1.804	0
764	2.471	2.039	2.235	1.843	0
765	2.431	2.157	2.353	1.961	0
766	2.255	2.118	2.314	2.059	0
767	2.235	2.176	2.353	2.118	0
768	2.059	2.314	2.471	2.118	0
769	1.863	2.157	2.392	2.078	0
770	1.98	1.745	2.235	1.922	0
771	2.137	1.588	2.255	1.784	0
772	2.137	1.549	2.275	1.784	0
773	2.078	1.627	2.294	1.882	0
774	2.216	1.588	2.255	1.922	0
775	2.255	1.765	2.333	1.941	0
776	1.961	2.02	2.255	1.941	0
777	1.863	2.039	2.216	1.961	0
778	1.941	2.098	2.157	1.941	0
779	2.078	1.961	2.039	1.882	0
780	2.196	1.98	1.961	1.824	0
781	2.157	1.765	1.902	1.784	0
782	2.255	1.98	2.02	1.824	0
783	2.176	2.0	2.02	1.902	0
784	2.235	2.098	2.078	1.98	0
785	1.98	2.118	2.0	1.961	0
786	1.725	2.02	2.039	1.961	0
787	1.863	1.725	2.02	2.02	0
788	1.863	1.49	1.961	1.961	0
789	2.059	1.569	2.059	1.941	0
790	2.02	1.588	1.863	1.863	0
791	2.078	1.549	1.824	1.804	0
792	2.02	1.627	1.863	1.843	0
793	1.784	1.961	1.843	1.902	0
794	1.725	2.118	2.0	1.961	0
795	1.902	2.196	2.02	1.922	0
796	2.02	2.039	1.863	1.863	0
797	2.118	2.039	1.804	1.863	0
798	2.235	1.902	1.804	1.902	0
799	2.275	1.98	1.863	1.902	0
800	2.137	1.98	1.784	1.863	0
801	2.059	1.961	1.882	1.922	0
802	1.784	2.137	1.98	2.02	0
803	1.588	2.0	1.882	2.059	0
804	1.686	1.667	1.843	2.039	0
805	1.863	1.471	1.804	1.98	0
806	1.882	1.471	1.765	1.882	0
807	1.863	1.51	1.863	1.824	0
808	2.02	1.529	1.863	1.863	0
809	1.784	1.588	1.902	1.98	0
810	1.549	1.843	1.843	2.118	0
811	1.392	1.98	1.922	2.176	0
812	1.608	2.059	1.941	2.196	0
813	1.941	2.0	2.02	2.137	0
814	2.137	2.02	1.863	2.118	0
815	2.098	1.961	1.922	2.137	0
816	2.059	2.0	2.02	2.098	0
817	1.922	1.98	1.922	2.059	0
818	1.784	1.902	1.922	2.059	0
819	1.667	2.039	2.0	2.078	0
820	1.588	2.0	2.098	2.157	0
821	1.824	1.647	2.039	2.157	0
822	1.941	1.529	2.0	2.137	0
823	1.843	1.451	2.0	2.118	0
824	1.824	1.431	1.941	2.059	0
825	2.0	1.451	2.0	1.961	0
826	2.0	1.667	2.118	1.98	0
827	1.765	2.098	2.196	2.078	0
828	1.647	2.078	2.118	2.098	0
829	1.686	2.059	2.118	2.098	0
830	1.863	2.0	2.196	2.039	0
831	2.059	2.157	2.255	1.98	0
832	2.294	2.137	2.235	1.941	0
833	2.373	2.196	2.255	1.961	0
834	2.118	2.176	2.314	2.02	0
835	2.02	2.294	2.392	2.137	0
836	1.745	2.412	2.353	2.235	0
837	1.51	2.275	2.451	2.255	0
838	1.824	1.863	2.412	2.157	0
839	2.157	1.745	2.412	1.961	0
840	2.118	1.706	2.294	1.863	0
841	1.98	1.745	2.275	1.902	0
842	2.0	1.667	2.255	1.941	0
843	1.98	1.804	2.353	2.0	0
844	1.922	2.157	2.392	2.059	0
845	1.784	2.255	2.353	2.078	0
846	1.804	2.216	2.235	2.059	0
847	2.0	2.0	2.157	1.922	0
848	2.353	2.098	2.216	1.804	0
849	2.451	1.98	2.196	1.863	0
850	2.412	2.039	2.216	1.98	0
851	2.216	2.039	2.196	1.98	0
852	2.216	2.078	2.176	1.961	0
853	1.98	2.196	2.157	1.902	0
854	1.765	2.039	2.118	1.882	0
855	1.922	1.706	2.078	1.882	0
856	2.098	1.569	2.137	1.882	0
857	2.196	1.569	2.157	1.863	0
858	2.098	1.608	2.157	1.843	0
859	2.196	1.569	2.059	1.804	0
860	2.02	1.549	2.039	1.784	0
861	1.843	1.961	2.059	1.863	0
862	1.706	2.02	1.961	1.922	0
863	1.863	2.118	1.941	1.922	0
864	2.098	2.039	2.02	1.843	0
865	2.196	2.118	2.118	1.784	0
866	2.255	1.961	1.922	1.784	0
867	2.235	1.922	1.922	1.804	0
868	2.196	2.098	2.039	1.863	0
869	2.098	2.098	2.098	1.902	0
870	1.706	2.059	1.98	1.843	0
871	1.608	2.02	1.961	1.824	0
872	1.902	1.706	1.824	1.843	0
873	1.961	1.49	1.765	1.843	0
874	2.078	1.49	1.863	1.784	0
875	1.961	1.412	1.784	1.725	0
876	2.0	1.392	1.706	1.686	0
877	2.059	1.588	1.824	1.706	0
878	1.843	1.961	1.98	1.784	0
879	1.667	2.039	2.0	1.882	0
880	1.765	2.039	1.843	2.0	0
881	1.941	1.843	1.725	1.98	0
882	2.02	1.922	1.784	1.863	0
883	2.118	1.765	1.725	1.765	0
884	2.098	1.765	1.765	1.765	0
885	2.078	1.98	1.882	1.863	0
886	2.118	2.059	1.902	2.078	0
887	1.745	2.118	1.863	2.157	0
888	1.549	2.059	2.02	2.216	0
889	1.765	1.647	2.0	2.157	0
890	1.882	1.412	1.961	2.0	0
891	1.804	1.412	1.922	1.882	0
892	1.784	1.529	1.961	1.882	0
893	1.882	1.529	2.02	1.941	0
894	1.902	1.667	2.039	2.039	0
895	1.804	2.039	2.078	2.176	0
896	1.725	2.255	2.196	2.196	0
897	1.784	2.176	2.275	2.137	0
898	1.863	1.941	2.176	2.078	0
899	1.98	2.059	1.961	2.039	0
900	2.098	1.941	1.804	2.0	0
901	2.157	2.02	2.0	1.941	0
902	2.098	2.039	2.196	1.922	0
903	2.176	2.059	2.216	1.941	0
904	1.804	2.157	2.157	1.98	0
905	1.627	2.137	2.137	2.078	0
906	1.804	1.686	2.059	2.137	0
907	1.961	1.49	2.078	2.118	0
908	2.059	1.49	2.0	2.0	0
909	1.98	1.471	2.0	1.902	0
910	2.039	1.51	2.02	1.843	0
911	2.0	1.608	2.039	1.882	0
912	1.784	1.961	2.059	2.02	0
913	1.686	2.039	2.039	2.078	0
914	1.882	2.196	2.098	2.078	0
915	2.078	2.059	2.078	2.02	0
916	2.078	1.961	2.0	1.941	0
917	2.196	1.824	1.863	1.784	0
918	2.392	1.843	1.784	1.725	0
919	2.196	1.961	2.0	1.843	0
920	2.098	2.02	2.137	2.039	0
921	1.824	2.118	2.039	2.137	0
922	1.627	1.98	2.039	2.078	0
923	1.784	1.569	1.941	1.941	0
924	1.922	1.412	1.863	1.804	0
925	2.02	1.353	1.843	1.725	0
926	1.98	1.392	1.961	1.784	0
927	2.157	1.49	2.098	1.882	0
928	2.118	1.647	2.059	2.059	0
929	1.804	1.98	2.02	2.196	0
930	1.725	2.039	1.941	2.137	0
931	1.784	2.02	1.98	1.902	0
932	1.98	1.902	1.961	1.745	0
933	2.078	2.02	2.0	1.784	0
934	2.176	2.02	2.137	1.902	0
935	2.216	2.059	2.098	2.078	0
936	2.118	2.078	2.039	2.137	0
937	2.137	2.157	2.137	2.137	0
938	1.784	2.412	2.275	2.118	0
939	1.686	2.333	2.353	2.078	0
940	1.824	1.745	2.118	2.02	0
941	1.941	1.588	2.118	1.941	0
942	1.941	1.725	2.255	1.922	0
943	1.902	1.725	2.255	1.98	0
944	2.02	1.608	2.118	2.039	0
945	2.039	1.745	2.098	2.039	0
946	1.902	2.059	2.059	2.039	0
947	1.667	2.176	2.137	2.02	0
948	1.765	2.235	2.176	2.0	0
949	1.941	2.098	2.118	1.941	0
950	2.098	2.098	2.078	1.882	0
951	2.294	2.0	2.098	1.902	0
952	2.333	2.059	2.098	1.98	0
953	2.196	2.098	2.078	2.059	0
954	2.157	2.098	2.059	2.039	0
955	1.863	2.235	2.118	2.0	0
956	1.706	2.137	2.176	1.961	0
957	1.882	1.627	2.0	1.863	0
958	2.02	1.392	1.922	1.784	0
959	2.02	1.529	2.039	1.843	0
960	2.02	1.549	1.98	1.902	0
961	2.059	1.471	1.843	1.941	0
962	1.961	1.49	1.922	1.882	0
963	1.725	1.902	2.059	1.882	0
964	1.765	2.059	2.059	1.922	0
965	1.98	2.078	1.902	1.902	0
966	2.039	1.941	1.863	1.882	0
967	2.176	1.941	1.922	1.824	0
968	2.235	1.824	1.902	1.765	0
969	2.216	2.0	1.863	1.784	0
970	2.059	2.0	1.843	1.843	0
971	2.078	2.059	2.078	1.961	0
972	1.882	2.235	2.059	2.078	0
973	1.667	2.137	2.02	2.039	0
974	1.824	1.647	1.863	1.902	0
975	1.941	1.471	1.882	1.804	0
976	2.02	1.49	1.922	1.765	0
977	2.02	1.588	1.98	1.804	0
978	2.098	1.608	2.02	1.863	0
979	2.059	1.686	2.0	1.941	0
980	1.824	2.039	2.078	2.0	0
981	1.784	2.176	2.039	2.02	0
982	1.765	2.137	1.98	1.922	0
983	1.922	2.0	2.039	1.843	0
984	2.098	2.059	2.039	1.843	0
985	2.235	1.961	2.059	1.902	0
986	2.275	2.02	2.0	1.961	0
987	2.098	2.039	1.98	1.98	0
988	2.078	2.02	2.0	1.98	0
989	1.784	2.176	2.196	1.98	0
990	1.588	2.137	2.196	2.039	0
991	1.745	1.627	1.98	1.961	0
992	1.961	1.451	2.0	1.863	0
993	2.039	1.588	2.098	1.843	0
994	1.922	1.647	2.196	1.902	0
995	1.961	1.608	2.137	2.0	0
996	1.902	1.627	2.02	2.02	0
997	1.745	1.98	2.078	2.059	0
998	1.608	2.039	2.118	2.118	0
999	1.824	2.176	2.196	2.078	0
1000	1.961	2.039	2.118	1.961	0
1001	2.02	2.039	2.078	1.863	0
1002	2.157	1.902	1.98	1.804	0
1003	2.196	1.941	2.098	1.843	0
1004	2.078	2.039	2.098	1.98	0
1005	2.059	2.059	2.059	2.078	0
1006	1.843	2.176	2.137	2.137	0
1007	1.784	2.216	2.294	2.118	0
1008	1.882	1.725	2.196	2.059	0
1009	1.922	1.49	2.0	1.941	0
1010	1.961	1.49	1.941	1.824	0
1011	1.843	1.49	2.039	1.804	0
1012	1.961	1.51	2.118	1.882	0
1013	2.0	1.706	2.137	2.039	0
1014	1.745	2.0	2.137	2.137	0
1015	1.608	2.039	2.02	2.118	0
1016	1.824	2.059	2.02	2.0	0
1017	2.196	2.078	2.118	1.863	0
1018	2.333	2.157	2.118	1.843	0
1019	2.196	2.039	2.118	1.863	0
1020	2.157	2.02	2.098	1.98	0
1021	2.0	2.039	2.059	2.078	0
1022	2.078	2.078	2.137	2.137	0
1023	1.843	2.196	2.118	2.157	0
1024	1.686	2.039	2.118	2.098	0
1025	1.902	1.569	2.0	1.961	0
1026	2.039	1.588	2.118	1.882	0
1027	2.078	1.569	2.078	1.843	0
1028	2.059	1.569	2.059	1.863	0
1029	2.118	1.471	1.941	1.941	0
1030	2.059	1.647	2.02	2.0	0
1031	1.863	1.961	2.118	2.039	0
1032	1.824	2.176	2.137	2.078	0
1033	1.902	2.196	2.098	2.039	0
1034	2.02	1.922	1.98	1.941	0
1035	2.137	1.961	1.98	1.863	0
1036	2.216	1.941	2.0	1.843	0
1037	2.255	2.02	2.0	1.902	0
1038	2.176	2.098	2.059	1.961	0
1039	2.118	2.157	2.078	2.039	0
1040	1.686	2.196	2.078	2.098	0
1041	1.588	2.02	2.0	2.098	0
1042	1.902	1.686	2.02	1.98	0
1043	2.078	1.549	2.078	1.922	0
1044	2.02	1.608	2.098	1.863	0
1045	1.843	1.549	2.098	1.902	0
1046	2.039	1.549	2.039	1.941	0
1047	2.0	1.569	1.941	1.941	0
1048	1.706	1.882	2.0	1.98	0
1049	1.647	2.098	2.039	1.98	0
1050	1.784	2.118	2.078	1.961	0
1051	2.02	1.922	2.0	1.824	0
1052	2.157	1.941	1.922	1.765	0
1053	2.196	1.882	1.882	1.804	0
1054	2.235	1.961	1.961	1.922	0
1055	2.176	2.059	2.02	1.98	0
1056	2.137	2.02	2.039	1.98	0
1057	1.784	2.118	2.039	2.02	0
1058	1.647	2.039	2.02	2.02	0
1059	1.804	1.549	1.843	1.882	0
1060	2.039	1.471	1.922	1.745	0
1061	2.059	1.529	1.98	1.647	0
1062	2.0	1.549	1.941	1.765	0
1063	2.039	1.49	1.98	2.0	0
1064	1.98	1.569	1.98	2.137	0
1065	1.765	1.961	2.059	2.137	0
1066	1.745	2.137	2.059	2.039	0
1067	1.902	2.176	1.941	1.863	0
1068	1.863	1.804	1.824	1.784	0
1069	2.078	1.902	1.863	1.784	0
1070	2.235	1.941	1.98	1.882	0
1071	2.294	2.02	2.0	1.961	0
1072	2.176	2.118	2.059	2.098	0
1073	2.039	2.039	2.0	2.157	0
1074	1.686	2.137	2.02	2.157	0
1075	1.51	2.02	2.02	2.098	0
1076	1.843	1.667	2.039	1.98	0
1077	2.039	1.51	2.039	1.863	0
1078	2.098	1.529	1.98	1.824	0
1079	1.922	1.431	1.922	1.824	0
1080	1.941	1.431	2.0	1.902	0
1081	1.902	1.667	2.059	2.02	0
1082	1.824	2.059	2.059	2.078	0
1083	1.706	2.137	2.039	2.078	0
1084	1.843	2.216	2.176	1.98	0
1085	2.059	2.098	2.157	1.922	0
1086	2.176	2.078	2.078	1.902	0
1087	2.294	1.941	2.039	1.922	0
1088	2.235	2.02	2.039	1.922	0
1089	2.118	2.157	2.137	2.0	0
1090	2.157	2.216	2.176	2.059	0
1091	1.863	2.314	2.235	2.118	0
1092	1.745	2.235	2.255	2.137	0
1093	1.882	1.706	2.059	1.98	0
1094	1.98	1.529	2.078	1.824	0
1095	2.078	1.647	2.176	1.843	0
1096	2.118	1.706	2.137	1.961	0
1097	2.059	1.608	2.098	2.078	0
1098	2.039	1.725	2.098	2.078	0
1099	1.863	2.02	2.098	2.0	0
1100	1.686	2.137	2.137	1.922	0
1101	1.784	2.157	2.039	1.902	0
1102	1.941	1.922	1.961	1.843	0
1103	2.118	2.02	2.02	1.863	0
1104	2.196	1.98	1.98	1.882	0
1105	2.255	2.02	2.078	1.941	0
1106	2.157	2.098	2.059	2.039	0
1107	2.078	2.059	2.078	2.078	0
1108	1.725	2.157	2.137	2.098	0
1109	1.549	2.059	2.137	2.098	0
1110	1.863	1.745	2.098	2.039	0
1111	2.078	1.549	2.0	1.941	0
1112	2.137	1.569	2.059	1.863	0
1113	1.941	1.588	2.157	1.882	0
1114	1.98	1.49	2.098	1.902	0
1115	1.922	1.608	2.02	1.98	0
1116	1.627	1.98	2.098	2.02	0
1117	1.686	2.157	2.078	2.059	0
1118	1.882	2.216	2.059	2.02	0
1119	2.196	1.98	2.059	1.941	0
1120	2.255	2.02	2.137	1.902	0
1121	2.275	1.98	2.137	1.902	0
1122	2.255	2.0	2.02	1.882	0
1123	2.078	2.059	2.078	1.922	0
1124	2.059	2.059	2.078	2.0	0
1125	1.843	2.235	2.118	2.059	0
1126	1.725	2.078	2.059	2.078	0
1127	1.902	1.647	2.118	1.961	0
1128	2.02	1.549	2.039	1.824	0
1129	2.02	1.529	1.98	1.804	0
1130	1.961	1.51	2.02	1.824	0
1131	2.078	1.451	2.0	1.863	0
1132	2.039	1.627	2.039	1.961	0
1133	1.745	1.922	2.078	2.078	0
1134	1.647	2.02	2.02	2.078	0
1135	1.824	2.118	2.098	1.941	0
1136	2.098	2.098	2.078	1.804	0
1137	2.176	1.98	2.0	1.765	0
1138	2.235	1.922	2.02	1.843	0
1139	2.216	1.961	1.961	1.922	0
1140	2.059	1.922	1.902	1.98	0
1141	2.02	2.0	1.902	2.0	0
1142	1.824	2.118	2.0	2.059	0
1143	1.667	2.078	2.078	2.039	0
1144	1.824	1.725	2.02	1.941	0
1145	2.0	1.49	1.98	1.843	0
1146	2.02	1.49	2.059	1.882	0
1147	2.0	1.549	2.039	1.98	0
1148	2.039	1.49	2.0	2.0	0
1149	1.98	1.667	2.02	1.961	0
1150	1.765	2.039	1.98	1.941	0
1151	1.667	2.098	2.02	2.0	0
1152	1.765	2.137	2.039	2.02	0
1153	1.961	1.922	1.961	2.0	0
1154	2.078	1.98	1.98	1.98	0
1155	2.137	2.02	2.02	2.0	0
1156	2.137	2.039	2.039	2.078	0
1157	2.039	2.098	2.039	2.118	0
1158	2.118	2.137	2.118	2.098	0
1159	1.941	2.275	2.196	2.059	0
1160	1.569	2.039	2.137	2.039	0
1161	1.686	1.686	1.961	1.961	0
1162	1.902	1.569	2.039	1.902	0
1163	2.078	1.588	2.078	1.961	0
1164	1.922	1.569	2.078	2.0	0
1165	2.02	1.549	2.098	1.961	0
1166	2.039	1.706	2.078	1.882	0
1167	1.745	1.882	1.98	1.784	0
1168	1.588	2.078	1.941	1.882	0
1169	1.745	2.216	1.922	2.02	0
1170	1.98	1.961	1.902	2.039	0
1171	2.176	1.941	2.02	1.922	0
1172	2.353	1.902	2.059	1.843	0
1173	2.275	1.961	2.02	1.863	0
1174	2.098	1.922	1.941	1.882	0
1175	2.0	1.98	2.039	1.941	0
1176	1.745	2.235	2.118	2.02	0
1177	1.647	2.118	2.098	2.098	0
1178	1.902	1.627	1.902	2.02	0
1179	2.02	1.412	1.961	1.902	0
1180	2.0	1.529	2.098	1.843	0
1181	1.98	1.647	2.196	1.882	0
1182	2.098	1.588	2.137	1.98	0
1183	1.961	1.627	2.137	2.059	0
1184	1.804	2.039	2.157	2.059	0
1185	1.765	2.157	2.118	2.02	0
1186	1.863	2.176	2.118	1.98	0
1187	2.02	2.039	2.157	1.902	0
1188	2.137	2.118	2.157	1.843	0
1189	2.216	2.02	2.098	1.882	0
1190	2.275	2.176	2.216	1.941	0
1191	2.176	2.196	2.176	2.059	0
1192	2.098	2.137	2.157	2.078	0
1193	1.843	2.255	2.216	2.157	0
1194	1.706	2.216	2.137	2.118	0
1195	1.824	1.725	1.98	1.961	0
1196	1.902	1.569	2.02	1.843	0
1197	1.941	1.529	2.098	1.843	0
1198	1.882	1.51	2.078	1.98	0
1199	2.02	1.569	2.118	2.039	0
1200	2.098	1.745	2.059	2.078	0
1201	1.784	1.961	1.98	2.02	0
1202	1.686	2.02	2.0	1.961	0
1203	1.882	2.118	2.02	1.902	0
1204	2.078	2.0	2.02	1.882	0
1205	2.137	2.0	1.98	1.922	0
1206	2.137	1.863	1.941	1.98	0
1207	2.137	1.922	1.98	2.0	0
1208	2.059	1.961	1.98	2.02	0
1209	2.137	2.078	2.059	2.039	0
1210	1.863	2.196	2.118	2.039	0
1211	1.608	2.0	2.118	2.039	0
1212	1.843	1.627	1.922	1.98	0
1213	1.863	1.392	1.922	1.863	0
1214	1.843	1.451	1.98	1.824	0
1215	1.882	1.569	2.02	1.863	0
1216	2.157	1.529	2.059	1.941	0
1217	2.157	1.647	2.078	2.02	0
1218	1.804	1.882	2.02	2.02	0
1219	1.667	2.0	1.961	1.98	0
1220	1.745	2.02	1.961	1.902	0
1221	1.882	1.804	1.902	1.784	0
1222	2.118	2.02	2.039	1.745	0
1223	2.431	2.059	2.098	1.843	0
1224	2.314	1.98	2.137	1.941	0
1225	2.078	2.0	2.078	2.02	0
1226	2.098	2.039	2.059	2.078	0
1227	1.843	2.137	2.078	2.059	0
1228	1.745	2.059	2.137	1.98	0
1229	2.0	1.686	2.098	1.863	0
1230	2.02	1.51	1.961	1.784	0
1231	1.98	1.51	1.882	1.745	0
1232	1.961	1.549	2.0	1.784	0
1233	2.098	1.627	2.176	1.941	0
1234	2.098	1.765	2.235	2.039	0
1235	1.804	1.941	2.078	2.098	0
1236	1.706	2.02	2.0	2.059	0
1237	1.824	2.098	1.961	1.941	0
1238	1.882	1.961	1.922	1.824	0
1239	2.0	2.059	1.961	1.784	0
1240	2.137	2.039	1.98	1.863	0
1241	2.176	2.059	2.078	2.0	0
1242	2.118	2.137	2.137	2.137	0
1243	2.196	2.157	2.098	2.196	0
1244	1.863	2.235	2.02	2.118	0
1245	1.608	2.098	2.02	1.98	0
1246	1.784	1.745	2.0	1.882	0
1247	1.922	1.627	2.059	1.843	0
1248	1.98	1.608	2.078	1.922	0
1249	1.961	1.647	2.059	2.039	0
1250	2.02	1.627	2.078	2.059	0
1251	2.039	1.725	2.039	1.961	0
1252	1.784	2.02	2.059	1.941	0
1253	1.667	2.098	2.039	1.98	0
1254	1.863	2.137	2.078	2.02	0
1255	2.0	1.941	1.961	1.941	0
1256	2.118	2.059	1.98	1.863	0
1257	2.196	1.98	1.98	1.863	0
1258	2.235	2.039	2.02	1.941	0
1259	2.098	2.02	2.0	1.961	0
1260	2.098	2.039	2.02	2.039	0
1261	1.804	2.157	2.059	2.078	0
1262	1.588	2.059	2.098	2.039	0
1263	1.863	1.725	1.98	1.961	0
1264	1.98	1.549	2.0	1.863	0
1265	2.059	1.529	2.02	1.843	0
1266	2.039	1.608	2.059	1.922	0
1267	2.02	1.529	2.02	2.0	0
1268	2.0	1.667	2.0	2.039	0
1269	1.824	2.059	2.059	2.098	0
1270	1.706	2.118	2.098	2.039	0
1271	1.843	2.157	2.118	1.941	0
1272	2.02	1.961	1.941	1.824	0
1273	2.137	2.02	2.0	1.784	0
1274	2.275	1.961	2.0	1.843	0
1275	2.275	1.961	2.078	1.922	0
1276	2.157	2.118	2.235	2.059	0
1277	2.176	2.176	2.196	2.157	0
1278	1.843	2.157	2.02	2.098	0
1279	1.667	2.078	2.059	2.02	0
1280	1.784	1.706	2.02	1.961	0
1281	1.843	1.51	2.098	1.961	0
1282	1.922	1.588	2.176	1.941	0
1283	2.02	1.608	2.098	1.941	0
1284	2.118	1.647	2.137	1.961	0
1285	1.98	1.686	2.118	2.0	0
1286	1.765	1.882	2.02	2.039	0
1287	1.667	2.039	2.078	2.0	0
1288	1.824	2.196	2.078	2.0	0
1289	1.941	1.98	1.961	2.0	0
1290	2.059	2.0	2.0	1.98	0
1291	2.196	1.941	2.059	1.98	0
1292	2.235	1.922	2.02	1.98	0
1293	2.059	1.961	1.98	1.98	0
1294	2.039	2.039	2.059	1.98	0
1295	1.902	2.235	2.137	1.98	0
1296	1.804	2.078	2.059	2.0	0
1297	1.882	1.569	1.902	1.961	0
1298	1.902	1.431	1.941	1.882	0
1299	1.961	1.49	1.98	1.824	0
1300	1.941	1.549	2.0	1.824	0
1301	2.098	1.549	2.02	1.863	0
1302	2.118	1.647	2.039	1.941	0
1303	1.863	2.039	2.078	1.98	0
1304	1.627	2.118	2.02	2.02	0
1305	1.627	2.059	2.02	1.961	0
1306	1.804	1.902	1.941	1.922	0
1307	2.118	2.02	1.98	1.882	0
1308	2.314	1.922	2.0	1.843	0
1309	2.314	1.922	2.02	1.843	0
1310	2.157	2.02	2.118	1.863	0
1311	2.176	2.137	2.176	1.922	0
1312	1.765	2.255	2.196	2.039	0
1313	1.569	2.078	2.137	2.137	0
1314	1.843	1.667	1.922	2.078	0
1315	1.941	1.451	1.941	1.902	0
1316	1.961	1.529	2.02	1.804	0
1317	1.98	1.608	2.059	1.804	0
1318	2.118	1.529	2.02	1.882	0
1319	2.118	1.647	2.059	1.941	0
1320	1.902	1.961	2.137	2.02	0
1321	1.765	2.216	2.176	2.078	0
1322	1.922	2.196	2.078	2.059	0
1323	2.078	2.0	2.059	2.039	0
1324	2.235	2.078	2.059	1.961	0
1325	2.314	2.02	2.078	1.902	0
1326	2.235	2.0	2.02	1.902	0
1327	2.118	2.059	2.098	1.961	0
1328	2.118	2.098	2.157	2.078	0
1329	1.843	2.176	2.118	2.118	0
1330	1.647	2.098	2.098	2.078	0
1331	1.863	1.745	2.039	1.98	0
1332	2.0	1.608	2.039	1.882	0
1333	2.039	1.588	2.059	1.863	0
1334	1.922	1.608	2.098	1.941	0
1335	2.0	1.569	2.059	2.02	0
1336	1.882	1.569	2.0	2.039	0
1337	1.686	1.98	2.02	2.039	0
1338	1.647	2.078	2.02	1.98	0
1339	1.902	2.118	2.02	1.941	0
1340	1.98	1.961	1.941	1.902	0
1341	2.118	2.059	2.059	1.922	0
1342	2.176	1.961	2.039	1.961	0
1343	2.157	1.922	1.98	2.02	0
1344	2.0	2.039	2.059	2.0	0
1345	2.118	2.176	2.137	2.02	0
1346	1.863	2.216	2.078	2.039	0
1347	1.667	2.059	2.118	2.059	0
1348	1.824	1.627	2.0	2.039	0
1349	1.902	1.51	1.961	1.961	0
1350	1.941	1.569	2.078	1.882	0
1351	2.02	1.588	2.059	1.902	0
1352	2.098	1.51	2.02	1.941	0
1353	2.02	1.686	2.098	1.98	0
1354	1.804	2.039	2.137	2.02	0
1355	1.627	2.078	2.039	2.039	0
1356	1.765	2.039	1.902	1.98	0
1357	1.922	1.863	1.941	1.922	0
1358	2.098	2.059	2.039	1.902	0
1359	2.255	1.941	2.039	1.843	0
1360	2.333	1.902	1.98	1.824	0
1361	2.176	2.059	2.059	1.922	0
1362	2.157	2.078	2.137	2.098	0
1363	1.824	2.157	2.078	2.176	0
1364	1.627	2.0	2.059	2.118	0
1365	1.824	1.627	1.98	1.941	0
1366	2.039	1.549	2.039	1.804	0
1367	2.098	1.588	2.059	1.745	0
1368	2.078	1.588	2.078	1.824	0
1369	2.098	1.529	2.0	1.961	0
1370	2.039	1.686	2.078	2.059	0
1371	1.843	2.0	2.039	2.118	0
1372	1.706	2.098	2.02	2.059	0
1373	1.863	2.098	2.02	1.961	0
1374	2.039	1.902	1.98	1.882	0
1375	2.157	1.941	2.0	1.843	0
1376	2.235	1.902	2.0	1.882	0
1377	2.235	1.961	2.02	1.941	0
1378	2.137	2.039	2.0	2.0	0
1379	2.098	2.039	1.98	2.0	0
1380	1.804	2.176	2.039	2.039	0
1381	1.627	2.059	2.059	2.02	0
1382	1.824	1.647	2.02	1.961	0
1383	2.0	1.549	2.059	1.961	0
1384	2.0	1.569	2.078	1.961	0
1385	1.882	1.49	2.039	1.961	0
1386	1.941	1.471	2.0	1.961	0
1387	2.0	1.608	1.922	1.961	0
1388	1.686	1.961	1.941	1.941	0
1389	1.608	2.157	2.118	1.922	0
1390	1.745	2.216	2.196	1.941	0
1391	1.98	2.039	2.137	1.961	0
1392	2.216	2.039	2.078	1.961	0
1393	2.333	1.882	2.0	1.882	0
1394	2.216	1.941	2.0	1.882	0
1395	1.98	2.039	2.02	1.922	0
1396	1.961	2.059	2.039	1.98	0
1397	1.765	2.098	2.02	2.02	0
1398	1.667	2.078	2.157	2.059	0
1399	1.882	1.745	2.118	2.039	0
1400	1.961	1.529	2.059	1.961	0
1401	1.98	1.549	2.039	1.863	0
1402	2.039	1.686	2.137	1.824	0
1403	2.118	1.608	2.059	1.843	0
1404	1.98	1.667	2.098	1.882	0
1405	1.784	2.02	2.157	2.0	0
1406	1.686	2.137	2.157	2.118	0
1407	1.784	2.176	2.137	2.078	0
1408	2.02	2.078	2.098	2.02	0
1409	2.157	2.137	2.098	1.941	0
1410	2.196	2.02	2.118	1.882	0
1411	2.216	2.078	2.137	1.902	0
1412	2.118	2.118	2.137	1.941	0
1413	2.098	2.137	2.196	2.039	0
1414	1.765	2.235	2.255	2.157	0
1415	1.647	2.157	2.176	2.176	0
1416	1.824	1.647	1.98	2.0	0
1417	1.922	1.471	2.0	1.804	0
1418	1.922	1.608	2.059	1.765	0
1419	1.961	1.647	2.098	1.843	0
1420	2.0	1.49	2.02	1.961	0
1421	1.902	1.549	1.98	2.02	0
1422	1.686	1.922	2.078	2.098	0
1423	1.627	2.078	2.059	2.118	0
1424	1.804	2.02	1.922	2.02	0
1425	2.059	1.843	1.863	1.824	0
1426	2.176	1.961	1.941	1.745	0
1427	2.059	1.882	2.02	1.784	0
1428	2.098	1.922	2.059	1.922	0
1429	2.059	1.941	1.98	2.039	0
1430	2.078	1.941	2.02	2.078	0
1431	1.922	2.176	2.078	2.137	0
1432	1.784	2.098	2.059	2.098	0
1433	1.902	1.608	1.98	1.961	0
1434	1.961	1.412	1.941	1.824	0
1435	2.0	1.471	1.98	1.765	0
1436	2.0	1.471	1.941	1.804	0
1437	2.098	1.471	2.078	1.882	0
1438	2.098	1.686	2.039	1.961	0
1439	1.922	2.039	2.059	2.039	0
1440	1.804	2.137	2.039	2.059	0
1441	1.882	2.157	2.059	2.0	0
1442	2.059	1.922	2.0	1.882	0
1443	2.157	1.98	1.941	1.804	0
1444	2.275	1.98	1.961	1.765	0
1445	2.314	2.02	2.0	1.824	0
1446	2.176	2.078	2.059	1.902	0
1447	2.157	2.078	2.078	2.0	0
1448	1.804	2.176	2.078	2.039	0
1449	1.667	2.137	2.078	2.0	0
1450	1.863	1.706	2.02	1.922	0
1451	1.941	1.51	2.059	1.863	0
1452	2.02	1.529	1.98	1.863	0
1453	1.98	1.49	1.863	1.863	0
1454	2.039	1.471	2.059	1.941	0
1455	2.0	1.647	2.039	1.98	0
1456	1.745	1.922	2.02	2.0	0
1457	1.725	2.078	2.039	1.941	0
1458	1.843	2.098	1.98	1.863	0
1459	1.941	1.941	1.961	1.824	0
1460	2.039	2.039	2.02	1.882	0
1461	2.157	1.941	2.0	1.98	0
1462	2.235	1.961	2.0	2.02	0
1463	2.137	2.039	2.059	2.039	0
1464	2.098	2.118	2.098	2.039	0
1465	1.784	2.196	2.118	2.0	0
1466	1.627	2.118	2.098	2.02	0
1467	1.824	1.686	1.98	1.961	0
1468	1.961	1.549	1.98	1.922	0
1469	2.02	1.686	2.02	1.941	0
1470	1.961	1.627	1.961	1.961	0
1471	1.941	1.49	1.961	1.922	0
1472	1.902	1.706	2.098	1.902	0
1473	1.725	2.039	2.118	1.941	0
1474	1.725	2.196	2.157	2.0	0
1475	1.961	2.255	2.059	2.098	0
1476	1.961	1.961	2.0	2.059	0
1477	2.078	1.941	2.0	1.961	0
1478	2.157	1.961	2.078	1.863	0
1479	2.196	2.059	2.02	1.843	0
1480	2.039	2.02	1.902	1.902	0
1481	2.098	2.078	2.059	2.0	0
1482	1.902	2.275	2.196	2.118	0
1483	1.706	2.176	2.216	2.176	0
1484	1.843	1.745	2.078	2.098	0
1485	1.922	1.451	1.98	1.941	0
1486	2.0	1.569	2.098	1.843	0
1487	1.98	1.647	2.157	1.863	0
1488	2.098	1.667	2.196	1.961	0
1489	2.078	1.784	2.196	2.059	0
1490	1.824	1.98	2.059	2.059	0
1491	1.647	2.02	1.961	2.02	0
1492	1.765	2.176	2.078	1.941	0
1493	2.0	2.039	2.078	1.902	0
1494	2.098	2.059	2.078	1.902	0
1495	2.235	2.0	2.078	1.882	0
1496	2.275	2.059	2.176	1.922	0
1497	2.0	2.039	2.039	2.02	0
1498	1.961	2.0	1.941	2.098	0
1499	1.922	2.176	2.02	2.039	0
1500	1.667	2.118	2.098	1.98	0
1501	1.941	1.745	2.078	1.902	0
1502	2.078	1.471	2.02	1.804	0
1503	1.98	1.51	2.02	1.843	0
1504	1.863	1.588	2.039	1.922	0
1505	2.02	1.529	1.98	1.98	0
1506	2.02	1.608	2.0	1.961	0
1507	1.843	2.0	2.118	1.941	0
1508	1.784	2.098	2.059	1.922	0
1509	1.882	2.118	1.98	1.922	0
1510	2.02	1.941	1.922	1.902	0
1511	2.157	2.02	2.0	1.882	0
1512	2.275	1.961	2.039	1.882	0
1513	2.275	1.98	2.059	1.882	0
1514	2.157	2.02	2.0	1.902	0
1515	2.118	2.059	2.02	1.922	0
1516	1.824	2.196	2.098	1.961	0
1517	1.686	2.137	2.098	2.02	0
1518	1.902	1.725	2.02	2.02	0
1519	2.02	1.51	2.0	1.882	0
1520	1.961	1.529	2.039	1.824	0
1521	1.902	1.588	2.059	1.863	0
1522	2.039	1.549	2.059	1.941	0
1523	2.039	1.686	2.02	2.02	0
1524	1.745	1.98	1.961	1.98	0
1525	1.569	2.039	1.961	1.902	0
1526	1.647	2.059	2.02	1.863	0
1527	1.863	2.0	2.118	1.843	0
1528	2.275	2.059	2.0	1.902	0
1529	2.216	1.824	1.882	1.922	0
1530	2.157	1.922	2.02	1.961	0
1531	2.039	2.078	2.078	2.039	0
1532	2.098	2.176	2.157	2.118	0
1533	1.784	2.216	2.118	2.137	0
1534	1.569	2.039	2.078	2.078	0
1535	1.784	1.667	1.98	1.98	0
1536	1.922	1.49	2.0	1.882	0
1537	1.961	1.549	2.098	1.882	0
1538	1.98	1.588	2.059	1.961	0
1539	2.098	1.51	2.039	2.02	0
1540	2.078	1.745	2.098	2.078	0
1541	1.863	2.059	2.118	2.078	0
1542	1.725	2.137	2.059	2.02	0
1543	1.843	2.157	2.078	1.961	0
1544	2.02	1.843	1.961	1.882	0
1545	2.118	1.961	2.059	1.882	0
1546	2.294	2.0	2.039	1.961	0
1547	2.255	1.98	2.039	2.078	0
1548	2.118	2.059	2.118	2.118	0
1549	2.157	2.118	2.098	2.098	0
1550	1.843	2.196	2.157	2.059	0
1551	1.647	2.039	2.098	2.02	0
1552	1.784	1.569	1.922	1.941	0
1553	1.902	1.451	2.059	1.902	0
1554	2.0	1.588	2.157	1.961	0
1555	2.02	1.608	2.098	1.961	0
1556	2.118	1.529	2.0	1.941	0
1557	2.0	1.667	2.039	1.941	0
1558	1.745	1.961	2.059	1.961	0
1559	1.608	2.039	2.02	1.922	0
1560	1.725	2.118	2.059	1.863	0
1561	2.0	2.0	2.098	1.824	0
1562	2.137	1.98	2.078	1.843	0
1563	2.157	1.902	1.863	1.941	0
1564	2.118	1.863	1.804	1.941	0
1565	2.059	2.059	1.98	1.961	0
1566	2.118	2.078	2.039	2.0	0
1567	1.804	2.118	2.078	2.02	0
1568	1.647	2.039	2.078	1.961	0
1569	1.863	1.667	1.961	1.843	0
1570	1.98	1.471	1.941	1.804	0
1571	2.098	1.549	2.0	1.824	0
1572	1.941	1.549	2.0	1.922	0
1573	2.039	1.529	2.059	2.0	0
1574	2.078	1.706	2.118	2.098	0
1575	1.843	2.039	2.098	2.176	0
1576	1.725	2.157	2.118	2.157	0
1577	1.902	2.196	2.078	2.039	0
1578	2.039	2.039	2.098	1.922	0
1579	2.176	2.098	2.118	1.902	0
1580	2.235	2.02	2.078	1.961	0
1581	2.333	2.078	2.157	2.059	0
1582	2.216	2.157	2.157	2.098	0
1583	2.137	2.176	2.176	2.137	0
1584	1.824	2.275	2.216	2.157	0
1585	1.647	2.196	2.275	2.137	0
1586	1.863	1.706	2.059	2.059	0
1587	1.961	1.51	2.039	1.941	0
1588	2.039	1.569	2.059	1.863	0
1589	2.0	1.608	2.039	1.863	0
1590	2.039	1.51	2.039	1.882	0
1591	1.98	1.647	2.039	1.941	0
1592	1.765	2.0	2.059	2.02	0
1593	1.647	2.078	2.059	2.078	0
1594	1.804	2.137	2.039	2.039	0
1595	1.961	1.941	1.941	1.922	0
1596	2.078	1.961	1.941	1.824	0
1597	2.196	1.863	1.941	1.804	0
1598	2.196	1.941	1.961	1.843	0
1599	2.098	2.039	2.039	1.922	0
1600	2.098	2.059	2.039	2.059	0
1601	1.784	2.137	2.039	2.098	0
1602	1.627	2.039	2.059	2.078	0
1603	1.804	1.608	1.941	1.941	0
1604	1.902	1.373	1.922	1.784	0
1605	1.98	1.431	1.882	1.686	0
1606	1.961	1.529	1.902	1.745	0
1607	2.0	1.49	2.02	1.882	0
1608	1.98	1.588	2.078	2.02	0
1609	1.784	1.902	2.0	2.118	0
1610	1.667	2.059	2.0	2.02	0
1611	1.824	2.039	1.922	1.882	0
1612	1.961	1.902	1.922	1.765	0
1613	2.137	1.941	1.941	1.725	0
1614	2.216	1.863	1.941	1.784	0
1615	2.353	2.039	2.059	1.902	0
1616	2.196	2.059	2.02	2.0	0
1617	1.961	1.961	1.961	2.059	0
1618	1.765	2.176	2.039	2.098	0
1619	1.686	2.078	2.02	2.039	0
1620	1.922	1.725	2.059	1.941	0
1621	1.98	1.529	2.059	1.882	0
1622	2.0	1.51	2.059	1.902	0
1623	1.98	1.588	2.039	1.961	0
1624	2.118	1.647	2.078	1.922	0
1625	2.039	1.667	2.02	1.922	0
1626	1.745	2.02	2.078	2.02	0
1627	1.745	2.176	2.098	2.02	0
1628	1.902	2.216	2.118	1.98	0
1629	2.039	2.039	2.059	1.902	0
1630	2.078	2.039	2.02	1.882	0
1631	2.157	1.98	2.098	1.941	0
1632	2.235	2.118	2.118	2.039	0
1633	2.118	2.157	2.118	2.059	0
1634	2.137	2.176	2.118	2.059	0
1635	1.863	2.294	2.078	2.039	0
1636	1.667	2.137	2.137	2.02	0
1637	1.824	1.725	2.078	2.0	0
1638	1.941	1.588	2.118	1.961	0
1639	2.059	1.667	2.157	1.961	0
1640	1.98	1.667	2.137	1.98	0
1641	2.02	1.608	2.118	2.039	0
1642	2.0	1.745	2.118	2.039	0
1643	1.804	2.059	2.137	2.059	0
1644	1.686	2.157	2.118	2.039	0
1645	1.824	2.176	2.157	1.98	0
1646	1.98	1.941	2.059	1.922	0
1647	2.059	1.961	2.0	1.863	0
1648	2.216	2.0	2.078	1.902	0
1649	2.275	2.078	2.137	1.98	0
1650	2.118	2.078	2.118	2.039	0
1651	2.078	2.039	2.02	2.0	0
1652	1.804	2.098	2.039	1.922	0
1653	1.667	2.059	2.098	1.882	0
1654	1.863	1.647	1.98	1.902	0
1655	1.922	1.471	2.02	1.98	0
1656	1.98	1.529	2.059	1.98	0
1657	1.961	1.51	2.039	1.961	0
1658	2.059	1.49	2.02	1.882	0
1659	1.98	1.608	2.059	1.843	0
1660	1.725	1.941	2.0	1.882	0
1661	1.608	2.039	1.961	1.941	0
1662	1.863	2.078	2.0	1.98	0
1663	1.98	1.941	2.02	1.98	0
1664	2.137	1.98	1.941	1.941	0
1665	2.137	1.843	1.961	1.902	0
1666	2.157	1.902	2.0	1.882	0
1667	2.176	2.098	2.039	1.922	0
1668	2.059	2.02	2.078	2.0	0
1669	1.863	2.216	2.098	2.039	0
1670	1.784	2.176	2.216	1.98	0
1671	1.882	1.608	2.0	1.902	0
1672	1.863	1.392	1.902	1.843	0
1673	1.961	1.49	2.0	1.863	0
1674	2.02	1.549	2.059	1.922	0
1675	2.098	1.529	2.0	1.941	0
1676	2.098	1.647	1.961	1.902	0
1677	1.824	1.941	1.961	1.902	0
1678	1.706	2.078	2.02	1.922	0
1679	1.882	2.118	2.098	1.922	0
1680	2.0	1.941	2.0	1.863	0
1681	2.059	2.039	2.0	1.902	0
1682	2.176	1.902	1.941	1.922	0
1683	2.275	1.98	1.941	1.961	0
1684	2.176	2.059	1.98	1.961	0
1685	2.157	2.059	2.0	1.98	0
1686	1.843	2.255	2.176	2.02	0
1687	1.627	2.157	2.235	2.059	0
1688	1.804	1.725	2.059	2.059	0
1689	1.941	1.549	1.98	1.98	0
1690	1.961	1.529	1.961	1.902	0
1691	1.961	1.608	2.059	1.843	0
1692	2.098	1.627	2.098	1.863	0
1693	2.039	1.686	2.059	1.882	0
1694	1.804	2.0	2.078	2.0	0
1695	1.647	2.118	2.137	2.098	0
1696	1.824	2.157	2.118	2.078	0
1697	1.961	1.902	1.941	1.961	0
1698	2.137	2.039	2.0	1.863	0
1699	2.275	2.0	2.0	1.882	0
1700	2.235	2.0	2.137	1.922	0
1701	2.078	2.039	2.137	1.961	0
1702	2.059	2.039	2.059	2.0	0
1703	1.804	2.118	2.02	2.02	0
1704	1.627	2.118	2.137	2.059	0
1705	1.824	1.725	2.118	2.059	0
1706	1.922	1.529	2.118	2.059	0
1707	1.922	1.471	1.941	1.961	0
1708	1.843	1.49	1.882	1.882	0
1709	2.02	1.51	1.941	1.843	0
1710	2.02	1.686	2.078	1.922	0
1711	1.765	2.0	2.137	2.059	0
1712	1.667	2.137	2.157	2.137	0
1713	1.843	2.176	2.078	2.078	0
1714	2.0	1.941	1.961	1.98	0
1715	2.078	1.98	1.961	1.922	0
1716	2.157	1.863	1.941	1.863	0
1717	2.255	1.98	2.02	1.882	0
1718	2.118	2.098	2.078	1.98	0
1719	2.02	2.098	2.137	2.098	0
1720	1.804	2.235	2.137	2.176	0
1721	1.667	2.157	2.137	2.118	0
1722	1.98	1.784	2.098	2.0	0
1723	2.059	1.569	2.118	1.882	0
1724	2.039	1.549	2.059	1.843	0
1725	1.98	1.627	2.02	1.843	0
1726	2.098	1.588	2.039	1.882	0
1727	2.039	1.686	2.157	1.98	0
1728	1.824	2.0	2.196	2.059	0
1729	1.686	2.078	2.078	2.059	0
1730	1.804	2.118	2.059	1.961	0
1731	2.039	1.98	2.039	1.882	0
1732	2.157	2.078	2.078	1.843	0
1733	2.235	1.98	2.118	1.863	0
1734	2.255	1.98	2.078	1.941	0
1735	2.118	2.02	2.078	1.98	0
1736	2.098	2.059	2.059	2.02	0
1737	1.725	2.137	2.098	2.02	0
1738	1.569	2.059	2.118	2.02	0
1739	1.843	1.667	2.02	1.922	0
1740	2.078	1.471	1.961	1.804	0
1741	2.118	1.588	2.078	1.804	0
1742	1.922	1.608	2.098	1.941	0
1743	1.922	1.569	2.059	2.039	0
1744	1.902	1.647	2.0	2.039	0
1745	1.765	1.922	2.059	2.02	0
1746	1.706	2.118	2.039	2.0	0
1747	1.784	2.039	1.98	1.941	0
1748	2.02	1.98	2.059	1.882	0
1749	2.235	2.098	2.118	1.882	0
1750	2.275	1.98	2.059	1.922	0
1751	2.176	1.941	2.039	2.0	0
1752	2.039	2.02	2.059	2.059	0
1753	2.118	2.098	2.098	2.059	0
1754	1.882	2.196	2.118	2.059	0
1755	1.667	2.078	2.157	2.059	0
1756	1.882	1.686	2.02	2.0	0
1757	1.941	1.51	2.0	1.941	0
1758	2.02	1.608	2.078	1.882	0
1759	2.039	1.627	2.137	1.922	0
1760	2.098	1.588	2.078	1.98	0
1761	2.059	1.667	2.059	2.0	0
1762	1.804	1.941	2.078	2.039	0
1763	1.706	2.098	2.098	2.039	0
1764	1.843	2.216	2.098	2.02	0
1765	1.98	1.98	2.039	1.961	0
1766	2.118	1.961	1.961	1.882	0
1767	2.235	1.941	1.961	1.863	0
1768	2.294	2.0	2.039	1.922	0
1769	2.157	2.078	2.039	1.98	0
1770	2.098	2.039	2.039	2.0	0
1771	1.784	2.137	2.039	2.039	0
1772	1.608	2.098	2.078	2.0	0
1773	1.824	1.706	2.0	1.922	0
1774	1.98	1.549	2.02	1.863	0
1775	2.098	1.608	2.059	1.863	0
1776	2.059	1.627	2.078	1.941	0
1777	2.078	1.588	2.137	1.941	0
1778	1.98	1.765	2.137	1.98	0
1779	1.686	1.922	2.039	2.0	0
1780	1.745	2.176	2.0	1.98	0
1781	1.882	2.176	1.961	1.922	0
1782	1.922	1.961	2.02	1.863	0
1783	2.02	1.98	2.02	1.804	0
1784	2.216	1.922	1.961	1.745	0
1785	2.294	2.02	2.02	1.824	0
1786	2.176	2.137	2.137	1.98	0
1787	2.176	2.118	2.078	2.098	0
1788	1.824	2.118	2.098	2.118	0
1789	1.667	2.078	2.137	2.059	0
1790	1.843	1.647	1.961	1.902	0
1791	1.961	1.431	1.882	1.765	0
1792	1.961	1.529	1.922	1.784	0
1793	1.98	1.569	2.02	1.882	0
1794	2.078	1.549	2.059	2.02	0
1795	2.039	1.667	2.039	2.078	0
1796	1.824	1.98	2.039	2.078	0
1797	1.706	2.098	2.02	2.02	0
1798	1.843	2.118	2.059	1.98	0
1799	2.02	1.961	2.02	1.941	0
1800	2.176	2.078	2.039	1.922	0
1801	2.255	2.039	2.059	1.961	0
1802	2.255	2.02	2.059	2.02	0
1803	2.118	2.039	2.039	2.118	0
1804	2.078	2.059	2.098	2.137	0
1805	1.824	2.176	2.118	2.137	0
1806	1.667	2.157	2.157	2.078	0
1807	1.843	1.725	2.098	1.98	0
1808	1.961	1.549	2.059	1.922	0
1809	2.0	1.549	2.039	1.902	0
1810	1.922	1.608	2.078	1.922	0
1811	2.02	1.608	2.137	1.98	0
1812	1.922	1.686	2.157	2.078	0
1813	1.765	2.039	2.157	2.078	0
1814	1.765	2.098	2.039	2.039	0
1815	1.745	2.059	2.0	1.941	0
1816	1.863	1.941	2.0	1.843	0
1817	2.0	2.039	2.039	1.824	0
1818	2.196	2.0	2.059	1.824	0
1819	2.294	2.0	2.039	1.882	0
1820	2.078	2.039	2.02	1.961	0
1821	2.02	2.02	2.039	2.039	0
1822	1.843	2.216	2.118	2.078	0
1823	1.745	2.157	2.137	2.059	0
1824	1.863	1.706	2.0	1.961	0
1825	1.941	1.471	1.98	1.843	0
1826	1.961	1.471	1.941	1.784	0
1827	1.961	1.51	1.961	1.784	0
1828	2.118	1.51	2.0	1.863	0
1829	2.039	1.667	2.039	1.922	0
1830	1.863	2.0	2.098	1.98	0
1831	1.824	2.137	2.078	2.02	0
1832	1.941	2.098	2.02	1.98	0
1833	1.98	1.882	1.98	1.882	0
1834	2.137	2.039	2.059	1.863	0
1835	2.294	1.98	2.039	1.863	0
1836	2.294	1.98	2.078	1.902	0
1837	2.098	2.02	2.02	1.882	0
1838	2.098	2.078	2.0	1.941	0
1839	1.882	2.196	2.118	2.059	0
1840	1.706	2.118	2.157	2.118	0
1841	1.824	1.667	2.0	2.0	0
1842	1.922	1.471	1.961	1.863	0
1843	1.941	1.529	2.0	1.784	0
1844	1.941	1.529	1.98	1.804	0
1845	2.059	1.529	2.02	1.882	0
1846	1.98	1.627	2.02	1.961	0
1847	1.745	1.961	2.0	2.0	0
1848	1.627	2.039	1.98	2.0	0
1849	1.745	2.059	1.961	1.98	0
1850	1.922	1.882	1.961	1.922	0
1851	2.039	1.902	1.922	1.902	0
1852	2.059	1.882	1.941	1.863	0
1853	2.118	1.961	1.961	1.863	0
1854	2.078	1.961	1.922	1.882	0
1855	2.176	1.98	2.0	1.902	0
1856	1.804	2.098	2.059	2.0	0
1857	1.569	2.059	2.078	2.098	0
1858	1.765	1.686	1.961	2.118	0
1859	1.961	1.51	2.0	1.98	0
1860	1.98	1.529	2.02	1.824	0
1861	1.961	1.588	2.039	1.745	0
1862	2.059	1.549	2.039	1.804	0
1863	2.0	1.667	2.039	1.922	0
1864	1.784	1.98	2.078	2.039	0
1865	1.686	2.098	2.059	2.118	0
1866	1.824	2.176	2.039	2.059	0
1867	2.0	2.0	2.02	1.941	0
1868	2.137	2.078	2.039	1.843	0
1869	2.255	2.039	2.059	1.824	0
1870	2.275	2.059	2.098	1.902	0
1871	2.118	2.118	2.137	2.039	0
1872	2.098	2.137	2.137	2.137	0
1873	1.824	2.255	2.176	2.137	0
1874	1.686	2.196	2.157	2.118	0
1875	1.863	1.765	2.02	2.02	0
1876	1.98	1.569	2.059	1.882	0
1877	2.02	1.627	2.098	1.863	0
1878	1.961	1.667	2.176	1.922	0
1879	2.059	1.627	2.157	2.02	0
1880	2.02	1.725	2.137	2.059	0
1881	1.804	2.039	2.176	2.078	0
1882	1.765	2.216	2.137	2.02	0
1883	1.843	2.157	2.078	1.961	0
1884	1.922	1.98	2.02	1.902	0
1885	2.078	2.02	2.078	1.922	0
1886	2.255	2.0	2.078	1.941	0
1887	2.294	2.02	2.098	1.961	0
1888	2.137	2.039	2.118	2.039	0
1889	2.118	2.059	2.078	2.039	0
1890	1.863	2.176	2.137	2.039	0
1891	1.686	2.098	2.118	2.039	0
1892	1.843	1.667	2.02	1.961	0
1893	2.0	1.529	2.059	1.902	0
1894	2.02	1.529	2.059	1.902	0
1895	1.941	1.51	2.0	1.922	0
1896	2.02	1.471	1.961	1.902	0
1897	2.039	1.667	2.039	1.941	0
1898	1.824	2.0	2.098	1.98	0
1899	1.706	2.078	2.078	2.0	0
1900	1.843	2.078	2.0	1.98	0
1901	1.98	1.922	1.98	1.882	0
1902	2.137	1.98	2.0	1.863	0
1903	2.216	1.922	1.961	1.863	0
1904	2.235	1.922	2.0	1.902	0
1905	2.137	2.0	2.039	1.961	0
1906	2.118	2.059	2.078	2.02	0
1907	1.824	2.157	2.078	2.059	0
1908	1.667	2.039	2.098	2.039	0
1909	1.863	1.627	1.98	1.98	0
1910	1.98	1.451	2.0	1.863	0
1911	2.02	1.51	2.039	1.843	0
1912	1.98	1.51	2.02	1.882	0
1913	2.059	1.471	2.039	1.902	0
1914	2.059	1.608	2.059	1.98	0
1915	1.843	1.922	2.039	1.98	0
1916	1.745	2.039	2.02	2.0	0
1917	1.824	2.059	2.02	1.961	0
1918	1.98	1.882	2.0	1.902	0
1919	2.137	1.922	1.98	1.863	0
1920	2.255	1.902	2.0	1.863	0
1921	2.255	2.0	2.059	1.941	0
1922	2.118	2.039	2.078	2.02	0
1923	2.098	2.039	2.059	2.078	0
1924	1.843	2.137	2.078	2.039	0
1925	1.706	2.098	2.118	2.02	0
1926	1.863	1.706	2.0	1.922	0
1927	1.961	1.51	2.02	1.863	0
1928	1.98	1.549	2.039	1.902	0
1929	1.961	1.608	2.039	1.922	0
1930	2.059	1.588	2.059	1.98	0
1931	2.0	1.706	2.098	2.02	0
1932	1.784	2.039	2.098	2.039	0
1933	1.706	2.157	2.078	2.0	0
1934	1.843	2.157	2.039	1.961	0
1935	1.98	2.0	2.02	1.902	0
1936	2.118	2.039	2.039	1.863	0
1937	2.216	1.941	2.0	1.882	0
1938	2.255	1.98	2.0	1.922	0
1939	2.157	2.039	2.02	2.0	0
1940	2.157	2.098	2.078	2.02	0
1941	1.824	2.196	2.137	2.059	0
1942	1.667	2.098	2.137	2.078	0
1943	1.882	1.686	2.02	1.98	0
1944	2.0	1.549	2.02	1.882	0
1945	2.0	1.569	2.078	1.882	0
1946	1.98	1.549	2.0	1.922	0
1947	2.078	1.51	2.0	1.922	0
1948	2.059	1.647	2.039	1.961	0
1949	1.804	1.98	2.118	2.0	0
1950	1.686	2.118	2.118	2.039	0
1951	1.824	2.137	2.02	2.02	0
1952	1.98	1.941	1.941	1.922	0
1953	2.118	1.961	1.98	1.863	0
1954	2.216	1.941	2.039	1.882	0
1955	2.255	1.961	2.02	1.961	0
1956	2.157	2.0	2.039	2.0	0
1957	2.137	2.078	2.098	2.059	0
1958	1.824	2.196	2.098	2.098	0
1959	1.667	2.039	2.078	2.059	0
1960	1.843	1.667	1.98	2.0	0
1961	1.961	1.569	2.02	1.902	0
1962	2.02	1.588	2.0	1.902	0
1963	1.941	1.588	1.98	1.902	0
1964	2.02	1.608	2.02	1.941	0
1965	2.02	1.745	2.02	1.98	0
1966	1.804	2.098	2.039	2.02	0
1967	1.706	2.255	2.039	2.02	0
1968	1.824	2.333	2.078	2.039	0
1969	1.98	2.118	1.961	2.0	0
1970	2.098	2.137	1.941	1.902	0
1971	2.196	2.078	1.961	1.922	0
1972	2.275	2.176	2.0	1.941	0
1973	2.118	2.216	2.0	1.98	0
1974	2.098	2.196	2.0	2.039	0
1975	1.804	2.314	2.039	2.059	0
1976	1.667	2.255	2.078	2.098	0
1977	1.824	1.863	1.98	2.039	0
1978	1.961	1.667	2.0	1.961	0
1979	1.98	1.706	1.98	1.882	0
1980	1.941	1.706	1.98	1.882	0
1981	2.0	1.706	2.039	1.941	0
1982	1.98	1.784	2.059	2.039	0
1983	1.784	2.137	2.059	2.098	0
1984	1.647	2.255	2.059	2.059	0
1985	1.804	2.294	2.039	2.02	0
1986	1.961	2.157	2.039	1.941	0
1987	2.078	2.137	2.02	1.902	0
1988	2.137	2.078	2.0	1.902	0
1989	2.216	2.157	2.059	1.922	0
1990	2.078	2.196	2.078	2.02	0
1991	2.02	2.196	2.098	2.098	0
1992	1.745	2.294	2.118	2.137	0
1993	1.627	2.216	2.157	2.078	0
1994	1.804	1.804	2.059	2.0	0
1995	1.863	1.608	2.059	1.922	0
1996	1.922	1.549	2.059	1.902	0
1997	1.941	1.608	2.059	1.922	0
1998	2.039	1.549	2.039	1.902	0
1999	1.98	1.647	2.059	1.941	0
