time	channel1	channel2	channel3	channel4	class
0	2.137	1.882	1.941	1.745	0
1	2.078	2.02	2.0	1.824	0
2	2.059	2.0	2.02	1.961	0
3	1.941	2.137	2.098	2.078	0
4	1.784	2.157	2.118	2.196	0
5	1.843	1.922	2.059	2.137	0
6	1.961	1.667	2.039	2.02	0
7	1.98	1.647	2.059	1.902	0
8	1.961	1.627	2.059	1.843	0
9	1.941	1.588	2.02	1.863	0
10	1.98	1.627	2.02	1.902	0
11	1.941	1.863	2.098	2.0	0
12	1.804	2.157	2.157	2.118	0
13	1.902	2.176	2.118	2.118	0
14	1.902	2.078	2.02	2.02	0
15	2.039	1.961	2.02	1.882	0
16	2.059	1.98	2.039	1.804	0
17	2.118	1.961	2.059	1.843	0
18	2.078	2.039	2.039	1.922	0
19	2.059	2.02	2.078	1.98	0
20	1.961	2.176	2.157	2.078	0
21	1.824	2.216	2.176	2.157	0
22	1.824	1.922	2.098	2.137	0
23	1.941	1.608	2.0	2.02	0
24	1.98	1.608	2.039	1.863	0
25	1.961	1.647	2.078	1.824	0
26	1.961	1.588	2.039	1.863	0
27	2.0	1.627	2.098	1.941	0
28	1.98	1.843	2.098	2.02	0
29	1.843	2.098	2.098	2.059	0
30	1.843	2.118	2.098	2.059	0
31	1.882	2.059	2.039	2.0	0
32	2.039	1.941	2.0	1.882	0
33	2.098	1.922	2.0	1.804	0
34	2.196	1.882	1.98	1.784	0
35	2.118	2.02	2.039	1.843	0
36	2.059	2.02	2.098	1.961	0
37	1.961	2.157	2.098	2.098	0
38	1.824	2.157	2.137	2.196	0
39	1.882	1.902	2.039	2.118	0
40	1.941	1.608	2.0	1.98	0
41	1.98	1.588	2.059	1.843	0
42	2.0	1.627	2.059	1.784	0
43	2.0	1.627	2.02	1.863	0
44	2.02	1.647	2.0	1.922	0
45	1.961	1.804	2.059	2.0	0
46	1.804	2.078	2.078	2.078	0
47	1.863	2.059	2.039	2.039	0
48	1.902	2.059	2.0	1.961	0
49	2.039	1.961	2.0	1.882	0
50	2.078	1.941	2.0	1.804	0
51	2.157	1.902	1.98	1.804	0
52	2.118	2.02	2.02	1.863	0
53	2.078	2.02	2.059	1.941	0
54	1.961	2.118	2.118	2.078	0
55	1.843	2.157	2.118	2.176	0
56	1.843	1.922	2.078	2.137	0
57	1.961	1.608	2.0	2.0	0
58	1.98	1.569	2.02	1.882	0
59	1.961	1.569	2.039	1.824	0
60	1.941	1.569	2.0	1.863	0
61	2.0	1.588	2.0	1.902	0
62	1.941	1.824	2.059	2.0	0
63	1.804	2.078	2.118	2.098	0
64	1.863	2.059	2.078	2.118	0
65	1.843	2.0	1.98	2.0	0
66	2.059	1.902	1.98	1.863	0
67	2.078	1.961	2.0	1.804	0
68	2.157	1.922	2.02	1.804	0
69	2.078	1.98	2.0	1.882	0
70	2.039	1.941	2.0	1.961	0
71	1.961	2.059	2.059	2.059	0
72	1.824	2.157	2.098	2.137	0
73	1.824	1.941	2.098	2.118	0
74	1.941	1.627	2.02	2.02	0
75	1.98	1.588	2.039	1.902	0
76	1.961	1.627	2.039	1.843	0
77	1.961	1.608	2.039	1.843	0
78	1.98	1.608	2.02	1.882	0
79	1.961	1.824	2.059	1.941	0
80	1.824	2.078	2.078	2.098	0
81	1.843	2.078	2.078	2.137	0
82	1.882	2.098	2.059	2.078	0
83	2.039	1.961	2.02	1.941	0
84	2.078	1.98	2.0	1.784	0
85	2.176	1.941	2.02	1.765	0
86	2.098	2.02	2.02	1.824	0
87	2.039	1.98	2.02	1.922	0
88	1.961	2.118	2.078	2.098	0
89	1.863	2.196	2.137	2.235	0
90	1.863	2.02	2.078	2.176	0
91	1.941	1.627	2.0	2.039	0
92	1.98	1.569	1.98	1.882	0
93	1.98	1.569	2.0	1.784	0
94	1.961	1.608	2.059	1.824	0
95	2.02	1.647	2.059	1.961	0
96	1.98	1.804	2.078	2.059	0
97	1.843	2.059	2.059	2.137	0
98	1.843	2.059	2.039	2.078	0
99	1.882	2.059	2.02	1.98	0
100	2.039	1.941	1.98	1.882	0
101	2.098	1.941	1.961	1.784	0
102	2.176	1.902	1.961	1.765	0
103	2.118	2.02	2.0	1.843	0
104	2.039	2.02	2.059	1.961	0
105	2.0	2.118	2.098	2.118	0
106	1.863	2.157	2.098	2.176	0
107	1.824	1.98	2.039	2.137	0
108	1.941	1.647	2.02	1.98	0
109	1.98	1.588	2.02	1.863	0
110	1.98	1.608	2.02	1.804	0
111	1.98	1.588	1.98	1.843	0
112	2.02	1.627	2.02	1.882	0
113	1.98	1.824	2.098	1.98	0
114	1.804	2.078	2.118	2.078	0
115	1.843	2.059	2.039	2.098	0
116	1.882	2.098	2.039	2.02	0
117	2.039	1.941	1.98	1.882	0
118	2.039	1.941	1.98	1.824	0
119	2.137	1.882	2.0	1.784	0
120	2.118	2.0	2.0	1.843	0
121	2.059	2.02	2.02	1.902	0
122	1.98	2.137	2.137	2.059	0
123	1.804	2.196	2.137	2.137	0
124	1.804	1.961	2.078	2.137	0
125	1.922	1.627	2.0	2.02	0
126	1.98	1.549	2.02	1.863	0
127	1.961	1.627	2.039	1.804	0
128	1.961	1.588	2.02	1.824	0
129	2.0	1.608	2.039	1.902	0
130	1.941	1.784	2.078	2.0	0
131	1.824	2.059	2.098	2.098	0
132	1.824	2.098	2.098	2.098	0
133	1.882	2.078	2.039	2.0	0
134	2.02	1.902	2.0	1.882	0
135	2.059	1.922	1.98	1.784	0
136	2.137	1.902	2.0	1.765	0
137	2.098	2.02	2.059	1.824	0
138	2.039	2.02	2.059	1.98	0
139	2.0	2.098	2.098	2.078	0
140	1.843	2.157	2.157	2.176	0
141	1.804	2.0	2.098	2.157	0
142	1.941	1.608	2.02	2.0	0
143	1.961	1.529	2.0	1.863	0
144	1.961	1.608	2.078	1.824	0
145	1.961	1.627	2.039	1.843	0
146	2.0	1.608	2.039	1.922	0
147	1.961	1.765	2.098	2.02	0
148	1.804	2.039	2.098	2.098	0
149	1.824	2.059	2.039	2.078	0
150	1.863	2.078	2.0	2.0	0
151	2.02	1.902	2.0	1.882	0
152	2.059	1.922	1.98	1.824	0
153	2.137	1.882	1.98	1.784	0
154	2.118	2.0	2.02	1.843	0
155	2.059	2.0	2.02	1.941	0
156	1.961	2.078	2.078	2.059	0
157	1.824	2.157	2.137	2.157	0
158	1.824	2.0	2.098	2.157	0
159	1.922	1.647	2.0	2.039	0
160	1.961	1.549	2.02	1.902	0
161	1.961	1.569	2.039	1.843	0
162	1.961	1.588	2.02	1.824	0
163	2.039	1.608	2.02	1.863	0
164	1.961	1.784	2.078	1.941	0
165	1.804	2.02	2.118	2.059	0
166	1.804	2.039	2.059	2.118	0
167	1.863	2.078	2.039	2.039	0
168	2.02	1.922	2.0	1.902	0
169	2.02	1.961	2.0	1.804	0
170	2.098	1.882	2.0	1.765	0
171	2.118	1.961	2.02	1.824	0
172	2.059	1.98	2.02	1.902	0
173	2.0	2.098	2.098	2.039	0
174	1.804	2.176	2.157	2.157	0
175	1.784	2.0	2.098	2.176	0
176	1.922	1.627	2.0	2.02	0
177	1.98	1.569	2.02	1.863	0
178	1.941	1.647	2.059	1.804	0
179	1.941	1.627	2.039	1.824	0
180	1.98	1.588	2.0	1.902	0
181	1.941	1.706	2.02	1.961	0
182	1.784	2.02	2.078	2.059	0
183	1.765	2.078	2.078	2.137	0
184	1.824	2.098	2.059	2.118	0
185	2.0	1.961	2.02	1.98	0
186	2.078	1.961	1.98	1.804	0
187	2.137	1.902	1.961	1.706	0
188	2.137	2.0	2.02	1.765	0
189	2.118	2.039	2.0	1.902	0
190	1.98	2.078	2.039	2.02	0
191	1.765	2.137	2.118	2.176	0
192	1.745	2.039	2.078	2.196	0
193	1.902	1.647	2.0	2.059	0
194	1.941	1.51	1.941	1.902	0
195	1.922	1.549	1.922	1.765	0
196	1.902	1.608	1.961	1.765	0
197	1.941	1.627	2.02	1.882	0
198	1.98	1.765	2.059	2.0	0
199	1.843	2.02	2.02	2.078	0
200	1.784	2.02	1.941	2.098	0
201	1.882	2.098	1.922	1.961	0
202	2.078	2.0	2.078	1.784	0
203	2.137	2.098	2.059	1.784	0
204	2.118	1.902	1.941	1.843	0
205	2.0	1.863	1.863	1.902	0
206	1.882	2.0	1.961	1.961	0
207	1.843	2.098	2.02	2.039	0
208	1.667	2.176	2.098	2.118	0
209	1.686	2.078	2.078	2.137	0
210	1.824	1.667	2.0	2.059	0
211	1.843	1.529	2.0	1.941	0
212	1.745	1.529	1.922	1.863	0
213	1.961	1.569	1.941	1.824	0
214	2.235	1.647	2.059	1.863	0
215	2.039	1.784	2.059	1.961	0
216	1.843	2.039	2.118	2.078	0
217	1.882	2.078	2.02	2.078	0
218	1.765	2.0	1.961	1.922	0
219	1.922	1.882	1.98	1.804	0
220	2.02	1.882	1.941	1.804	0
221	2.059	1.902	2.02	1.882	0
222	2.157	2.059	2.078	1.98	0
223	2.137	2.078	2.118	2.02	0
224	2.196	2.176	2.098	1.961	0
225	2.157	2.275	2.176	1.922	0
226	1.961	2.059	2.078	1.902	0
227	2.0	1.686	2.059	1.843	0
228	2.078	1.667	2.098	1.902	0
229	2.039	1.686	2.118	1.941	0
230	1.961	1.608	2.059	1.941	0
231	1.784	1.588	2.02	1.941	0
232	1.843	1.667	1.961	1.902	0
233	1.843	1.902	1.941	1.863	0
234	1.765	1.98	2.039	1.843	0
235	1.627	2.0	2.0	1.922	0
236	1.706	1.784	1.882	1.882	0
237	1.863	1.922	1.902	1.804	0
238	1.941	1.882	1.863	1.725	0
239	1.941	1.725	1.725	1.608	0
240	1.941	1.745	1.745	1.588	0
241	2.02	2.118	2.0	1.686	0
242	1.824	2.196	2.059	1.941	0
243	1.569	1.961	1.961	2.098	0
244	1.49	1.549	1.804	2.02	0
245	1.804	1.49	1.745	1.863	0
246	2.157	1.608	1.902	1.686	0
247	2.157	1.725	1.902	1.529	0
248	2.039	1.765	2.0	1.49	0
249	2.078	1.941	1.98	1.627	0
250	2.039	2.294	2.078	1.941	0
251	2.078	2.294	2.098	2.216	0
252	2.098	2.294	2.078	2.118	0
253	2.196	2.157	2.157	1.804	0
254	2.412	2.412	2.196	1.667	0
255	2.373	2.255	2.196	1.686	0
256	2.098	2.137	2.118	1.843	0
257	1.922	2.275	2.078	2.039	0
258	1.902	2.529	2.176	2.235	0
259	1.588	2.667	2.176	2.353	0
260	1.725	2.373	2.235	2.333	0
261	1.941	1.863	2.235	2.118	0
262	2.059	1.882	2.392	1.922	0
263	1.98	2.137	2.314	1.902	0
264	2.02	1.941	2.02	1.902	0
265	1.922	1.745	1.902	1.902	0
266	1.627	2.0	2.059	2.0	0
267	1.608	2.333	2.196	2.118	0
268	1.686	2.412	2.216	2.137	0
269	1.824	2.549	2.353	2.059	0
270	1.941	2.216	2.157	1.882	0
271	2.157	2.275	1.882	1.725	0
272	2.098	2.098	1.627	1.667	0
273	2.196	2.157	1.627	1.725	0
274	2.176	2.078	1.824	1.902	0
275	2.137	2.216	2.235	2.02	0
276	2.098	2.333	2.333	2.02	0
277	1.98	2.176	2.0	2.0	0
278	1.882	1.784	1.706	1.902	0
279	1.961	1.667	1.843	1.902	0
280	2.118	1.745	2.02	1.98	0
281	2.255	1.804	2.176	2.157	0
282	2.431	1.765	2.235	2.216	0
283	2.471	1.882	2.314	2.196	0
284	2.255	2.431	2.314	2.137	0
285	1.98	2.412	2.235	2.098	0
286	1.902	2.275	2.235	2.118	0
287	1.961	1.941	2.078	2.078	0
288	2.137	1.98	1.98	2.098	0
289	2.294	2.078	2.118	2.176	0
290	2.431	2.196	2.294	2.235	0
291	2.333	2.137	2.373	2.235	0
292	2.176	2.039	2.353	2.118	0
293	1.961	2.118	2.353	2.039	0
294	1.804	2.078	2.353	2.137	0
295	1.941	1.745	2.333	2.235	0
296	2.078	1.431	2.196	2.157	0
297	2.059	1.412	2.196	2.039	0
298	1.902	1.549	2.294	2.0	0
299	1.941	1.412	2.216	2.02	0
300	2.0	1.569	2.216	2.02	0
301	1.863	1.824	2.275	2.02	0
302	1.843	1.804	2.255	2.078	0
303	2.137	1.824	2.157	2.176	0
304	2.196	1.706	2.059	2.157	0
305	2.196	1.804	1.98	2.059	0
306	2.098	1.549	1.882	1.941	0
307	1.863	1.569	2.118	1.941	0
308	2.235	1.843	2.431	2.059	0
309	2.353	1.882	2.294	2.157	0
310	2.157	1.824	2.078	2.275	0
311	2.294	1.667	1.98	2.294	0
312	2.333	1.255	1.863	2.118	0
313	2.137	1.118	1.863	1.941	0
314	2.059	1.157	1.882	1.922	0
315	2.078	1.059	1.745	1.961	0
316	2.157	0.922	1.647	2.0	0
317	2.098	1.137	1.647	2.039	0
318	2.039	1.588	1.706	2.039	0
319	1.863	1.608	1.608	2.0	0
320	1.706	1.549	1.588	1.902	0
321	1.882	1.549	1.706	1.804	0
322	2.157	1.706	1.804	1.882	0
323	2.294	1.627	1.804	1.961	0
324	2.451	1.804	2.02	1.98	0
325	2.176	1.843	1.863	2.02	0
326	1.745	1.843	1.941	2.098	0
327	1.569	2.098	1.98	2.176	0
328	1.706	1.941	1.922	2.137	0
329	1.824	1.471	1.98	1.922	0
330	1.882	1.373	2.078	1.745	0
331	1.922	1.451	2.078	1.843	0
332	1.863	1.529	2.059	2.078	0
333	1.843	1.412	1.941	2.098	0
334	1.706	1.51	1.961	1.941	0
335	1.608	1.745	1.882	1.725	0
336	1.588	1.667	1.686	1.667	0
337	1.706	1.784	1.627	1.863	0
338	1.824	1.647	1.686	2.02	0
339	1.725	1.588	1.882	2.098	0
340	1.686	1.647	2.02	1.961	0
341	1.804	1.49	1.706	1.686	0
342	1.843	1.529	1.471	1.49	0
343	1.863	1.667	1.412	1.51	0
344	1.627	1.98	1.667	1.706	0
345	1.451	1.902	1.765	1.922	0
346	1.569	1.51	1.549	2.0	0
347	1.588	1.373	1.647	1.922	0
348	1.627	1.529	1.804	1.882	0
349	1.804	1.804	1.98	1.824	0
350	1.863	1.843	2.039	1.863	0
351	1.784	1.902	1.961	1.863	0
352	1.51	2.176	1.98	1.784	0
353	1.314	2.294	1.98	1.706	0
354	1.333	2.314	2.02	1.667	0
355	1.255	2.176	1.98	1.745	0
356	1.294	2.176	1.863	1.804	0
357	1.686	2.078	1.784	1.863	0
358	2.137	2.235	2.039	1.863	0
359	2.275	2.569	2.431	1.922	0
360	2.0	2.392	2.235	1.941	0
361	1.373	2.176	2.0	1.824	0
362	1.118	2.216	1.843	1.686	0
363	1.471	1.843	1.627	1.569	0
364	1.529	1.725	1.824	1.588	0
365	1.686	2.0	2.157	1.745	0
366	2.059	2.078	2.118	1.922	0
367	2.275	2.176	2.059	1.98	0
368	2.275	2.392	2.039	2.039	0
369	2.02	3.0	2.078	2.059	0
370	1.863	3.333	2.098	1.961	0
371	1.941	3.471	2.157	1.843	0
372	2.157	3.471	2.216	1.784	0
373	2.275	3.549	2.275	1.843	0
374	2.49	3.745	2.373	1.941	0
375	2.51	3.902	2.353	1.941	0
376	2.294	4.02	2.412	1.961	0
377	2.216	4.137	2.392	2.078	0
378	2.059	4.294	2.451	2.353	0
379	2.059	4.392	2.627	2.588	0
380	2.176	3.98	2.588	2.549	0
381	2.137	3.706	2.569	2.255	0
382	2.137	3.49	2.549	1.941	0
383	2.098	3.333	2.529	1.824	0
384	2.176	3.118	2.49	1.882	0
385	2.235	3.078	2.431	2.059	0
386	2.059	3.255	2.412	2.275	0
387	2.02	3.098	2.373	2.373	0
388	2.039	2.863	2.314	2.275	0
389	2.039	2.569	2.255	2.059	0
390	2.059	2.373	2.176	1.922	0
391	2.098	2.078	2.176	1.843	0
392	2.255	2.0	2.333	1.902	0
393	2.176	1.824	2.137	1.922	0
394	2.059	1.647	2.255	1.941	0
395	2.0	1.784	2.412	2.059	0
396	1.98	1.706	2.412	2.196	0
397	1.863	1.118	2.235	2.196	0
398	1.765	0.745	2.078	2.039	0
399	1.922	0.706	2.02	1.882	0
400	1.98	0.725	2.176	1.824	0
401	2.078	0.667	2.294	1.902	0
402	2.0	0.608	2.235	1.961	0
403	1.961	1.059	2.373	2.059	0
404	1.941	1.078	2.353	2.176	0
405	1.824	0.98	2.333	2.255	0
406	1.765	0.745	1.98	2.137	0
407	1.863	0.647	1.941	1.882	0
408	2.0	0.647	2.118	1.725	0
409	2.176	0.706	2.196	1.784	0
410	2.314	0.784	2.255	1.941	0
411	2.373	0.941	2.275	2.118	0
412	1.882	0.941	2.118	2.235	0
413	1.667	0.784	2.059	2.294	0
414	1.804	0.392	2.059	2.235	0
415	2.039	0.235	1.98	2.02	0
416	2.078	0.235	1.902	1.784	0
417	1.98	0.314	1.941	1.725	0
418	2.059	0.373	1.961	1.784	0
419	2.078	0.549	2.039	1.941	0
420	1.98	0.804	1.922	2.098	0
421	1.804	0.882	1.843	2.118	0
422	2.078	1.0	1.961	2.039	0
423	2.157	1.02	1.941	1.882	0
424	2.02	0.902	1.804	1.843	0
425	2.0	0.824	1.863	1.843	0
426	2.078	1.02	1.98	1.882	0
427	2.0	1.157	1.941	2.02	0
428	1.941	1.157	1.843	2.118	0
429	1.843	1.255	1.745	2.157	0
430	1.706	1.196	1.882	2.078	0
431	1.784	0.922	1.922	1.941	0
432	1.941	0.882	2.059	1.922	0
433	2.02	0.882	2.0	2.039	0
434	2.02	0.922	1.941	2.157	0
435	1.882	0.824	1.706	2.02	0
436	1.863	1.02	1.765	1.824	0
437	1.922	1.471	1.902	1.784	0
438	1.941	1.627	1.882	1.882	0
439	1.902	1.549	1.98	2.078	0
440	1.941	1.451	1.941	2.216	0
441	1.941	1.569	1.922	2.216	0
442	2.176	1.549	1.824	2.078	0
443	2.255	1.549	1.824	1.902	0
444	2.176	1.627	1.902	1.745	0
445	2.235	1.725	1.941	1.784	0
446	2.02	1.843	1.863	1.941	0
447	1.902	1.784	1.902	2.118	0
448	2.0	1.529	1.961	2.157	0
449	2.059	1.333	1.902	2.098	0
450	1.941	1.373	1.922	2.039	0
451	1.961	1.471	2.0	2.02	0
452	2.098	1.51	2.078	2.02	0
453	2.196	1.667	2.157	1.98	0
454	2.02	1.902	2.137	2.02	0
455	1.765	2.118	2.118	2.098	0
456	1.725	2.176	2.0	2.137	0
457	1.824	1.98	1.941	2.078	0
458	1.961	2.078	2.118	1.922	0
459	2.137	2.039	2.157	1.745	0
460	2.118	2.176	2.255	1.784	0
461	2.059	2.176	2.137	2.0	0
462	2.02	2.118	2.196	2.157	0
463	1.98	2.451	2.431	2.294	0
464	2.02	2.529	2.51	2.314	0
465	1.961	2.098	2.392	2.137	0
466	1.863	1.725	2.196	1.882	0
467	1.961	1.706	2.255	1.686	0
468	2.059	1.686	2.216	1.745	0
469	2.039	1.686	2.176	1.961	0
470	2.098	1.824	2.235	2.098	0
471	2.118	2.137	2.196	2.137	0
472	2.078	2.333	2.294	2.078	0
473	2.039	2.275	2.412	2.02	0
474	2.0	2.078	2.294	1.961	0
475	2.039	1.98	2.157	1.882	0
476	2.098	2.0	2.098	1.784	0
477	2.157	2.02	1.961	1.706	0
478	2.118	2.118	2.02	1.725	0
479	2.098	2.098	2.176	1.843	0
480	2.039	2.353	2.294	2.118	0
481	1.804	2.314	2.392	2.294	0
482	1.725	1.804	2.098	2.216	0
483	1.647	1.49	1.98	1.98	0
484	1.765	1.667	2.137	1.765	0
485	2.059	1.765	2.275	1.647	0
486	2.373	1.745	2.196	1.627	0
487	2.098	1.765	2.098	1.706	0
488	1.686	1.922	1.961	1.902	0
489	1.588	2.02	2.0	2.059	0
490	1.804	2.098	2.216	2.039	0
491	1.941	2.0	2.196	1.863	0
492	2.078	2.098	2.118	1.725	0
493	2.176	2.0	1.941	1.627	0
494	2.176	1.98	1.98	1.588	0
495	2.059	2.078	2.098	1.647	0
496	2.0	2.137	2.118	1.824	0
497	1.824	2.275	2.118	2.078	0
498	1.882	2.255	2.098	2.235	0
499	2.059	2.0	2.157	2.118	0
500	2.176	1.804	2.137	1.843	0
501	1.961	1.667	2.098	1.706	0
502	1.784	1.686	2.039	1.706	0
503	1.902	1.627	2.039	1.765	0
504	2.118	1.882	2.157	1.824	0
505	2.059	2.235	2.157	1.941	0
506	1.706	2.314	2.078	2.0	0
507	1.686	2.196	2.157	2.059	0
508	1.843	2.098	2.098	1.98	0
509	2.02	2.118	1.961	1.863	0
510	2.078	2.02	1.863	1.745	0
511	2.118	2.078	1.961	1.706	0
512	2.196	2.275	2.137	1.804	0
513	2.176	2.275	2.137	1.882	0
514	1.941	2.353	1.941	1.941	0
515	1.706	2.118	1.824	1.922	0
516	1.804	1.725	1.784	1.882	0
517	2.02	1.667	1.863	1.784	0
518	1.922	1.725	1.922	1.706	0
519	1.922	1.804	1.824	1.706	0
520	1.941	1.686	1.745	1.725	0
521	1.882	1.706	1.863	1.765	0
522	1.804	2.078	1.961	1.961	0
523	1.765	2.196	1.824	2.176	0
524	1.941	2.235	1.843	2.235	0
525	2.059	2.314	2.02	2.059	0
526	2.176	2.294	2.0	1.804	0
527	2.02	2.078	1.941	1.627	0
528	2.02	2.078	1.961	1.647	0
529	2.059	2.333	2.039	1.824	0
530	2.098	2.373	2.137	2.078	0
531	1.902	2.49	2.255	2.333	0
532	1.804	2.49	2.333	2.51	0
533	2.0	2.235	2.275	2.49	0
534	2.078	2.059	2.255	2.255	0
535	2.02	2.0	2.255	1.98	0
536	1.98	1.961	2.235	1.824	0
537	2.059	1.922	2.235	1.863	0
538	2.02	2.02	2.275	2.02	0
539	1.922	2.275	2.353	2.216	0
540	1.824	2.373	2.294	2.333	0
541	1.863	2.333	2.294	2.275	0
542	1.863	2.196	2.216	2.137	0
543	1.98	2.196	2.255	1.961	0
544	2.0	2.078	2.235	1.843	0
545	1.961	1.902	2.0	1.804	0
546	1.725	1.902	1.98	1.863	0
547	1.902	1.98	2.078	1.961	0
548	2.02	2.157	2.216	2.078	0
549	1.922	2.118	2.196	2.176	0
550	1.961	1.843	2.059	2.098	0
551	1.824	1.471	1.941	1.941	0
552	1.706	1.412	1.961	1.843	0
553	1.922	1.51	2.059	1.784	0
554	2.0	1.451	2.0	1.745	0
555	1.941	1.49	1.961	1.745	0
556	1.882	1.745	2.02	1.863	0
557	1.765	1.922	2.039	1.98	0
558	1.98	2.078	2.216	2.039	0
559	2.078	2.0	2.0	1.961	0
560	2.098	1.784	1.824	1.824	0
561	2.118	1.725	1.784	1.725	0
562	2.176	1.667	1.843	1.686	0
563	2.098	1.804	1.902	1.725	0
564	2.039	1.824	1.922	1.843	0
565	1.863	1.98	2.02	1.98	0
566	1.843	1.961	2.059	2.039	0
567	1.902	1.667	2.02	1.961	0
568	1.941	1.51	2.0	1.961	0
569	2.0	1.569	2.0	1.941	0
570	2.039	1.627	1.98	1.941	0
571	1.941	1.588	1.941	1.863	0
572	1.882	1.686	1.961	1.843	0
573	1.863	1.843	1.882	1.882	0
574	1.725	2.02	1.902	1.961	0
575	1.804	2.137	2.0	2.059	0
576	1.824	2.118	2.0	2.118	0
577	1.961	2.118	2.0	2.059	0
578	2.02	1.98	1.863	1.863	0
579	2.059	1.98	1.941	1.784	0
580	2.137	2.275	2.137	1.882	0
581	2.137	2.196	2.078	2.02	0
582	1.902	2.255	2.098	2.235	0
583	1.784	2.294	2.098	2.314	0
584	1.804	1.902	1.882	2.157	0
585	1.824	1.627	1.922	1.922	0
586	1.941	1.725	1.98	1.804	0
587	2.0	1.686	2.0	1.784	0
588	2.039	1.627	2.0	1.863	0
589	2.059	1.706	1.882	1.922	0
590	1.941	1.98	1.843	2.02	0
591	1.745	2.216	1.882	2.098	0
592	1.765	2.118	1.882	2.039	0
593	1.843	2.078	1.863	1.902	0
594	2.059	1.98	1.824	1.765	0
595	2.157	1.98	1.882	1.706	0
596	2.196	1.961	1.922	1.725	0
597	2.078	2.098	1.961	1.902	0
598	2.02	2.137	2.02	2.098	0
599	1.961	2.235	2.02	2.255	0
600	1.784	2.137	1.961	2.275	0
601	1.804	1.863	1.961	2.137	0
602	1.98	1.667	2.0	1.98	0
603	1.98	1.706	2.059	1.941	0
604	1.902	1.765	2.118	1.98	0
605	1.98	1.765	2.137	2.059	0
606	2.137	1.863	2.196	2.137	0
607	2.039	2.039	2.216	2.216	0
608	1.804	2.255	2.196	2.235	0
609	1.784	2.176	2.176	2.196	0
610	1.863	2.059	2.078	2.039	0
611	2.039	2.039	2.137	1.961	0
612	2.118	2.078	2.118	1.961	0
613	2.176	2.02	2.196	2.0	0
614	2.098	2.137	2.255	2.059	0
615	2.137	2.118	2.176	2.078	0
616	2.0	2.157	2.118	2.078	0
617	1.784	2.039	2.039	2.039	0
618	1.824	1.765	2.157	2.078	0
619	1.941	1.49	2.118	2.02	0
620	2.078	1.431	1.961	1.902	0
621	2.118	1.49	1.922	1.824	0
622	2.078	1.549	2.02	1.824	0
623	2.02	1.588	2.059	1.902	0
624	1.98	1.784	2.02	1.941	0
625	1.882	1.941	2.039	2.02	0
626	1.843	1.902	2.078	2.0	0
627	1.882	1.863	2.098	1.902	0
628	2.078	1.863	2.059	1.863	0
629	2.235	1.863	1.961	1.902	0
630	2.255	1.765	1.961	1.922	0
631	2.098	1.922	2.059	1.882	0
632	2.059	1.941	2.118	1.863	0
633	2.0	2.0	2.098	1.863	0
634	1.843	2.0	2.078	1.961	0
635	1.843	1.843	2.02	2.02	0
636	2.0	1.549	2.0	2.039	0
637	2.02	1.451	2.039	2.02	0
638	1.961	1.392	2.039	1.902	0
639	2.0	1.412	2.078	1.804	0
640	1.961	1.451	1.98	1.765	0
641	1.824	1.627	2.0	1.843	0
642	1.686	1.843	1.941	1.922	0
643	1.902	1.961	2.02	1.922	0
644	1.98	1.941	2.0	1.922	0
645	2.078	1.804	2.02	1.882	0
646	2.118	1.745	1.902	1.843	0
647	2.059	1.784	1.902	1.765	0
648	2.059	1.922	1.882	1.843	0
649	1.941	1.882	2.02	1.961	0
650	1.922	2.098	2.176	2.098	0
651	1.863	2.098	2.137	2.176	0
652	1.843	1.824	2.137	2.078	0
653	1.941	1.569	2.118	1.902	0
654	2.0	1.569	2.0	1.784	0
655	2.059	1.706	1.98	1.824	0
656	2.039	1.706	2.078	2.0	0
657	2.039	1.804	2.275	2.137	0
658	1.922	2.0	2.255	2.157	0
659	1.784	2.098	2.176	2.118	0
660	1.804	2.039	2.059	2.039	0
661	1.863	2.098	2.039	1.922	0
662	2.039	2.039	2.039	1.843	0
663	2.02	1.98	2.02	1.804	0
664	2.118	1.941	2.02	1.804	0
665	2.118	2.078	2.02	1.882	0
666	2.0	2.098	2.02	1.961	0
667	1.902	2.196	2.137	2.098	0
668	1.804	2.196	2.176	2.196	0
669	1.804	1.941	2.039	2.176	0
670	1.843	1.627	1.941	1.98	0
671	1.961	1.647	2.0	1.824	0
672	1.902	1.686	1.98	1.765	0
673	1.882	1.588	1.941	1.804	0
674	1.941	1.627	2.0	1.902	0
675	1.961	1.941	2.078	1.98	0
676	1.922	2.216	2.098	2.078	0
677	1.941	2.196	2.059	2.078	0
678	1.843	2.098	1.98	1.941	0
679	1.941	1.961	1.922	1.824	0
680	2.039	1.961	1.882	1.784	0
681	2.137	1.961	1.902	1.765	0
682	2.039	2.02	2.0	1.843	0
683	2.059	2.078	2.0	1.922	0
684	2.0	2.196	2.059	1.961	0
685	1.922	2.235	2.098	2.039	0
686	1.941	1.98	2.078	2.039	0
687	1.961	1.647	2.0	1.941	0
688	2.0	1.608	2.0	1.882	0
689	1.961	1.627	2.0	1.824	0
690	2.0	1.608	1.922	1.804	0
691	1.961	1.608	1.941	1.824	0
692	1.882	1.804	1.941	1.902	0
693	1.706	2.0	1.98	1.961	0
694	1.863	2.098	2.059	2.059	0
695	1.941	2.118	2.078	2.078	0
696	2.157	2.039	2.059	2.02	0
697	2.157	1.98	2.0	1.941	0
698	2.098	1.863	2.0	1.804	0
699	2.059	2.02	2.059	1.804	0
700	1.98	2.02	2.059	1.941	0
701	1.882	2.176	2.137	2.118	0
702	1.843	2.216	2.118	2.216	0
703	1.824	1.902	2.098	2.157	0
704	1.98	1.667	2.078	2.02	0
705	2.078	1.608	1.98	1.902	0
706	1.961	1.529	1.863	1.863	0
707	1.902	1.529	1.98	1.863	0
708	2.059	1.667	2.157	1.922	0
709	2.02	1.863	2.137	2.02	0
710	1.902	2.039	2.098	2.098	0
711	1.863	2.0	2.02	2.098	0
712	1.824	1.941	1.902	1.961	0
713	1.941	1.804	1.824	1.824	0
714	2.02	1.843	1.804	1.686	0
715	2.157	1.824	1.941	1.706	0
716	2.078	1.98	2.078	1.824	0
717	2.039	1.98	2.039	1.961	0
718	1.902	2.098	2.039	2.098	0
719	1.784	2.098	2.078	2.118	0
720	1.882	1.941	2.02	2.059	0
721	1.941	1.608	1.98	1.882	0
722	2.0	1.608	2.078	1.765	0
723	1.941	1.667	2.137	1.804	0
724	1.98	1.706	2.039	1.941	0
725	1.922	1.627	1.824	2.02	0
726	1.843	1.824	1.941	2.02	0
727	1.804	2.118	2.137	2.039	0
728	1.863	2.098	2.196	2.078	0
729	1.902	2.078	2.176	2.078	0
730	2.02	1.98	2.0	1.961	0
731	2.098	1.98	1.961	1.843	0
732	2.137	1.941	2.0	1.745	0
733	2.059	2.0	2.02	1.784	0
734	2.02	2.0	2.02	1.902	0
735	1.98	2.157	2.118	2.078	0
736	1.863	2.176	2.098	2.255	0
737	1.863	1.961	2.02	2.235	0
738	1.882	1.569	1.941	2.039	0
739	1.843	1.529	1.961	1.843	0
740	1.902	1.647	2.078	1.784	0
741	2.059	1.706	2.098	1.804	0
742	2.176	1.686	2.059	1.902	0
743	2.039	1.863	2.118	1.98	0
744	1.765	2.078	2.157	2.059	0
745	1.745	2.157	2.137	2.137	0
746	1.804	2.098	1.941	2.078	0
747	1.941	1.902	2.02	1.922	0
748	2.059	1.98	2.137	1.863	0
749	2.235	2.078	2.196	1.902	0
750	2.176	2.157	2.098	1.941	0
751	2.02	2.059	2.0	1.961	0
752	1.863	2.118	2.02	2.059	0
753	1.843	2.196	2.137	2.157	0
754	1.961	1.922	2.137	2.176	0
755	1.98	1.667	2.098	2.078	0
756	1.902	1.608	2.098	1.922	0
757	1.922	1.686	2.078	1.863	0
758	1.922	1.686	2.059	1.863	0
759	2.02	1.706	2.039	1.882	0
760	1.941	1.824	2.039	1.941	0
761	1.725	2.0	2.02	2.0	0
762	1.784	1.961	2.02	2.02	0
763	1.941	2.039	2.02	1.961	0
764	2.078	1.882	2.0	1.843	0
765	2.02	1.863	1.98	1.706	0
766	2.098	1.843	1.961	1.667	0
767	2.118	1.98	1.941	1.706	0
768	2.059	1.843	1.824	1.804	0
769	1.922	2.02	1.961	1.922	0
770	1.824	2.118	2.098	2.059	0
771	1.882	1.941	2.078	2.078	0
772	2.0	1.529	2.0	1.902	0
773	2.059	1.549	2.02	1.765	0
774	2.02	1.627	2.0	1.745	0
775	2.0	1.549	1.98	1.824	0
776	2.0	1.569	1.98	1.902	0
777	1.961	1.824	2.078	1.922	0
778	1.863	2.078	2.118	2.0	0
779	1.902	2.078	2.118	2.078	0
780	1.922	2.078	2.039	2.098	0
781	2.039	1.902	2.059	1.98	0
782	2.078	1.98	2.118	1.902	0
783	2.118	1.961	2.078	1.843	0
784	2.118	2.02	2.078	1.863	0
785	2.039	2.02	2.157	1.961	0
786	1.941	2.137	2.216	2.059	0
787	1.804	2.196	2.196	2.137	0
788	1.804	1.941	2.098	2.216	0
789	1.863	1.588	2.039	2.196	0
790	1.882	1.569	2.118	2.039	0
791	1.941	1.686	2.176	1.922	0
792	2.02	1.667	2.118	1.863	0
793	2.118	1.667	2.137	1.922	0
794	1.98	1.804	2.098	1.98	0
795	1.843	2.078	2.039	2.0	0
796	1.765	1.941	1.941	1.961	0
797	1.804	2.02	1.98	1.941	0
798	2.039	1.902	1.98	1.922	0
799	2.059	1.961	1.98	1.922	0
800	2.137	1.922	1.961	1.882	0
801	2.118	1.961	1.941	1.863	0
802	2.039	1.941	2.039	1.882	0
803	2.02	2.137	2.098	2.02	0
804	1.922	2.255	2.078	2.118	0
805	1.882	2.0	1.98	2.157	0
806	1.902	1.627	1.922	2.118	0
807	1.961	1.51	2.02	1.98	0
808	1.941	1.608	2.0	1.863	0
809	1.961	1.647	1.941	1.824	0
810	2.0	1.647	1.922	1.843	0
811	1.941	1.863	2.039	1.961	0
812	1.824	2.098	2.078	2.118	0
813	1.824	2.039	2.0	2.157	0
814	1.882	2.098	1.98	2.078	0
815	2.078	2.0	1.961	1.961	0
816	1.961	1.882	1.882	1.843	0
817	1.961	1.863	1.843	1.804	0
818	2.02	2.039	1.902	1.843	0
819	2.0	2.02	1.98	1.941	0
820	1.941	2.157	2.098	2.098	0
821	1.902	2.176	2.137	2.216	0
822	1.863	1.922	2.02	2.216	0
823	1.902	1.569	1.961	2.039	0
824	2.059	1.706	2.02	1.863	0
825	1.922	1.706	2.118	1.824	0
826	1.863	1.667	1.961	1.902	0
827	1.863	1.51	1.824	1.922	0
828	1.882	1.745	2.0	1.98	0
829	1.843	2.098	2.078	2.078	0
830	1.882	2.137	2.118	2.118	0
831	2.0	2.157	2.02	2.059	0
832	2.137	1.98	2.039	1.902	0
833	2.078	2.02	2.039	1.804	0
834	2.098	1.98	2.059	1.824	0
835	2.078	2.0	2.098	1.902	0
836	2.059	2.0	2.176	1.98	0
837	2.059	2.176	2.176	2.098	0
838	1.941	2.333	2.235	2.176	0
839	1.902	2.118	2.216	2.196	0
840	1.98	1.667	2.078	2.059	0
841	1.941	1.588	2.098	1.863	0
842	1.941	1.667	2.098	1.804	0
843	1.961	1.725	2.137	1.863	0
844	1.98	1.667	2.176	1.961	0
845	1.941	1.784	2.137	2.078	0
846	1.863	2.118	2.157	2.118	0
847	1.882	2.176	2.196	2.098	0
848	1.961	2.176	2.137	2.02	0
849	2.098	1.961	2.078	1.843	0
850	2.059	1.922	2.02	1.725	0
851	2.059	1.824	1.961	1.745	0
852	2.02	1.98	2.02	1.863	0
853	1.98	2.02	2.098	2.0	0
854	1.922	2.098	2.118	2.137	0
855	1.784	2.137	2.137	2.176	0
856	1.804	2.039	2.157	2.137	0
857	1.98	1.686	2.039	1.98	0
858	2.039	1.549	2.0	1.863	0
859	2.078	1.627	2.078	1.784	0
860	2.098	1.667	2.078	1.745	0
861	2.039	1.627	2.02	1.804	0
862	1.882	1.706	2.059	1.941	0
863	1.784	2.039	2.118	2.098	0
864	1.863	2.098	2.118	2.098	0
865	1.941	2.098	2.02	2.0	0
866	2.039	1.902	2.0	1.843	0
867	2.118	1.941	2.059	1.765	0
868	2.216	1.961	2.059	1.824	0
869	2.137	2.02	2.0	1.882	0
870	2.098	2.02	1.961	1.98	0
871	2.039	2.078	2.078	2.078	0
872	1.882	2.157	2.255	2.157	0
873	1.843	1.961	2.157	2.118	0
874	1.98	1.647	1.98	1.98	0
875	2.0	1.569	1.941	1.843	0
876	1.961	1.608	2.0	1.824	0
877	1.902	1.588	1.961	1.882	0
878	1.941	1.569	1.98	1.961	0
879	1.941	1.745	2.078	2.059	0
880	1.902	2.078	2.118	2.137	0
881	1.922	2.02	2.02	2.078	0
882	1.902	2.0	1.863	1.961	0
883	1.941	1.863	1.902	1.824	0
884	1.98	1.961	2.0	1.804	0
885	2.039	1.902	1.961	1.863	0
886	2.059	1.961	1.961	1.902	0
887	2.078	1.961	1.961	1.922	0
888	2.02	2.078	2.02	1.98	0
889	1.863	2.196	2.118	2.098	0
890	1.882	1.961	2.0	2.078	0
891	1.941	1.608	1.902	1.98	0
892	1.98	1.608	2.02	1.863	0
893	1.98	1.686	2.02	1.843	0
894	1.922	1.588	1.922	1.863	0
895	1.961	1.549	1.922	1.902	0
896	1.98	1.765	1.98	1.961	0
897	1.882	2.078	2.059	2.059	0
898	1.824	2.059	2.02	2.078	0
899	1.902	2.078	1.961	1.98	0
900	1.961	1.902	2.02	1.922	0
901	2.02	1.98	2.0	1.843	0
902	2.0	1.863	1.941	1.824	0
903	1.98	1.902	1.98	1.843	0
904	1.98	1.98	2.059	1.922	0
905	2.078	2.196	2.157	2.118	0
906	1.922	2.255	2.196	2.216	0
907	1.804	2.078	2.118	2.176	0
908	1.824	1.667	2.02	2.02	0
909	1.902	1.608	2.02	1.882	0
910	1.922	1.686	2.078	1.863	0
911	1.941	1.667	2.137	1.922	0
912	1.98	1.725	2.176	2.0	0
913	2.059	1.902	2.196	2.059	0
914	1.843	2.118	2.157	2.137	0
915	1.765	2.078	2.059	2.098	0
916	1.882	2.118	2.059	2.059	0
917	2.0	1.941	2.039	1.941	0
918	2.02	1.98	2.078	1.863	0
919	2.157	1.961	2.039	1.843	0
920	2.157	1.961	2.0	1.863	0
921	2.059	1.961	2.02	1.902	0
922	2.059	2.039	2.098	1.961	0
923	1.902	2.098	2.176	2.118	0
924	1.824	2.059	2.176	2.157	0
925	1.902	1.608	1.961	2.118	0
926	1.941	1.451	1.902	1.882	0
927	2.0	1.529	1.941	1.725	0
928	2.02	1.608	2.059	1.725	0
929	1.98	1.588	2.098	1.804	0
930	2.0	1.765	2.137	1.961	0
931	1.902	2.059	2.118	2.098	0
932	1.843	2.039	2.098	2.137	0
933	1.922	2.02	2.02	2.059	0
934	1.98	1.784	1.941	1.882	0
935	2.059	1.961	2.0	1.706	0
936	2.039	1.843	2.02	1.647	0
937	2.039	1.941	2.098	1.784	0
938	2.059	2.078	2.118	1.961	0
939	2.078	2.098	2.098	2.078	0
940	1.902	2.137	2.137	2.137	0
941	1.863	2.059	2.176	2.098	0
942	1.863	1.647	2.039	1.98	0
943	1.902	1.51	2.02	1.843	0
944	1.941	1.549	2.0	1.765	0
945	1.941	1.627	2.098	1.784	0
946	2.02	1.627	2.078	1.882	0
947	1.98	1.725	2.059	1.98	0
948	1.882	1.98	2.059	2.118	0
949	1.804	2.078	2.118	2.157	0
950	1.941	2.137	2.118	2.098	0
951	2.039	1.922	1.961	1.922	0
952	2.02	1.922	1.98	1.725	0
953	2.098	1.882	2.059	1.706	0
954	2.137	2.02	2.098	1.843	0
955	2.059	1.961	2.039	2.02	0
956	2.0	2.02	2.078	2.137	0
957	1.902	2.137	2.137	2.157	0
958	1.824	2.078	2.216	2.098	0
959	1.98	1.765	2.137	1.941	0
960	2.059	1.627	2.039	1.824	0
961	2.0	1.588	1.98	1.824	0
962	1.902	1.608	2.039	1.922	0
963	1.98	1.647	2.02	2.02	0
964	1.98	1.745	2.098	2.059	0
965	1.882	2.02	2.157	2.078	0
966	1.804	2.02	2.059	2.039	0
967	1.922	2.059	2.039	1.98	0
968	2.0	1.902	2.02	1.882	0
969	2.059	2.0	2.02	1.843	0
970	2.098	2.0	2.0	1.824	0
971	2.098	2.02	1.98	1.863	0
972	1.922	1.922	1.922	1.941	0
973	1.961	1.941	2.02	2.02	0
974	1.902	2.157	2.196	2.157	0
975	1.941	2.098	2.157	2.216	0
976	2.02	1.647	1.941	2.157	0
977	2.0	1.51	1.941	1.961	0
978	1.941	1.529	1.961	1.824	0
979	1.961	1.608	1.961	1.784	0
980	2.02	1.529	1.824	1.824	0
981	1.961	1.549	1.882	1.882	0
982	1.882	1.941	2.078	2.0	0
983	1.902	2.059	2.078	2.118	0
984	2.02	2.098	2.059	2.137	0
985	2.118	1.882	1.922	2.02	0
986	2.078	1.882	1.843	1.824	0
987	2.118	1.804	1.922	1.627	0
988	2.157	1.882	2.0	1.667	0
989	2.059	1.961	2.02	1.863	0
990	2.078	2.02	2.039	2.039	0
991	1.922	2.137	2.078	2.137	0
992	1.863	2.059	2.118	2.157	0
993	1.941	1.667	2.0	2.039	0
994	2.0	1.608	2.02	1.902	0
995	1.961	1.686	2.0	1.843	0
996	1.941	1.706	2.078	1.863	0
997	1.961	1.667	2.078	1.902	0
998	1.941	1.706	2.118	1.961	0
999	1.843	1.941	2.039	2.059	0
1000	1.706	2.118	2.078	2.118	0
1001	1.765	2.059	2.059	2.176	0
1002	1.902	1.922	2.0	2.078	0
1003	2.078	2.039	2.078	1.902	0
1004	2.176	2.039	2.078	1.765	0
1005	2.078	2.059	2.098	1.725	0
1006	2.059	2.098	2.039	1.843	0
1007	2.02	2.059	2.0	2.039	0
1008	1.745	2.118	2.0	2.216	0
1009	1.706	2.157	2.157	2.275	0
1010	1.922	1.843	2.118	2.137	0
1011	1.941	1.588	2.02	1.961	0
1012	1.98	1.667	2.059	1.843	0
1013	2.059	1.804	2.137	1.863	0
1014	2.039	1.765	2.098	1.902	0
1015	1.98	1.784	2.039	2.0	0
1016	1.804	2.0	2.039	2.078	0
1017	1.765	2.078	2.059	2.098	0
1018	1.902	2.157	2.118	2.098	0
1019	2.078	2.02	2.078	2.0	0
1020	2.039	1.98	1.98	1.843	0
1021	2.039	1.922	2.0	1.745	0
1022	2.098	2.0	2.039	1.804	0
1023	2.02	2.0	1.98	1.922	0
1024	1.961	2.0	2.059	2.039	0
1025	1.882	2.216	2.216	2.157	0
1026	1.863	2.137	2.196	2.176	0
1027	1.961	1.745	2.078	2.118	0
1028	1.98	1.569	2.059	2.0	0
1029	1.961	1.588	2.078	1.902	0
1030	1.941	1.667	2.098	1.843	0
1031	2.059	1.667	2.0	1.863	0
1032	2.039	1.765	1.961	1.902	0
1033	1.902	2.0	2.078	1.98	0
1034	1.804	2.098	2.078	2.059	0
1035	1.843	2.078	2.039	2.02	0
1036	1.961	1.922	1.98	1.902	0
1037	2.059	2.0	2.059	1.843	0
1038	2.157	1.902	2.039	1.784	0
1039	2.157	1.902	1.98	1.824	0
1040	2.118	2.039	2.078	1.902	0
1041	2.118	2.0	2.02	1.961	0
1042	1.863	2.059	2.078	2.078	0
1043	1.804	1.98	2.078	2.137	0
1044	1.922	1.706	2.0	2.02	0
1045	2.0	1.569	2.02	1.882	0
1046	1.961	1.627	2.078	1.765	0
1047	2.0	1.725	2.196	1.804	0
1048	1.98	1.608	2.078	1.941	0
1049	1.941	1.588	1.98	2.0	0
1050	1.824	1.804	2.02	2.02	0
1051	1.784	2.0	2.039	1.98	0
1052	1.882	2.078	2.059	1.941	0
1053	1.941	1.961	2.02	1.882	0
1054	2.039	1.98	1.98	1.843	0
1055	2.137	1.961	1.98	1.804	0
1056	2.157	1.941	2.0	1.784	0
1057	2.039	1.941	1.98	1.784	0
1058	2.02	1.961	2.059	1.902	0
1059	1.863	2.078	2.039	2.098	0
1060	1.745	2.059	2.078	2.216	0
1061	1.882	1.706	2.02	2.118	0
1062	2.02	1.608	2.059	1.961	0
1063	1.98	1.647	2.02	1.804	0
1064	1.941	1.569	1.941	1.765	0
1065	1.941	1.549	1.922	1.824	0
1066	1.882	1.686	2.0	1.922	0
1067	1.784	1.98	2.059	2.039	0
1068	1.725	2.0	1.961	2.098	0
1069	1.765	2.02	1.961	2.078	0
1070	1.922	1.98	2.039	1.98	0
1071	2.02	2.0	2.039	1.902	0
1072	2.078	1.843	1.961	1.804	0
1073	2.157	1.824	1.922	1.765	0
1074	2.059	2.02	2.039	1.863	0
1075	1.941	2.059	2.078	2.02	0
1076	1.804	2.176	2.078	2.157	0
1077	1.784	2.078	2.078	2.196	0
1078	1.863	1.706	1.941	2.059	0
1079	1.961	1.51	1.961	1.863	0
1080	2.059	1.608	2.039	1.784	0
1081	2.078	1.667	2.059	1.804	0
1082	2.078	1.627	1.98	1.922	0
1083	2.059	1.745	2.0	1.98	0
1084	1.98	2.059	2.137	2.059	0
1085	1.863	2.098	2.157	2.098	0
1086	1.902	2.098	2.118	2.039	0
1087	2.0	1.961	2.02	1.922	0
1088	2.059	1.98	2.02	1.843	0
1089	2.137	1.961	2.039	1.843	0
1090	2.157	1.98	2.039	1.863	0
1091	2.02	2.039	2.039	1.922	0
1092	2.039	2.078	2.137	2.02	0
1093	1.922	2.216	2.235	2.157	0
1094	1.824	2.176	2.235	2.235	0
1095	1.902	1.843	2.118	2.118	0
1096	1.941	1.647	2.078	1.941	0
1097	1.882	1.667	2.118	1.843	0
1098	1.882	1.686	2.137	1.863	0
1099	2.0	1.627	2.039	1.941	0
1100	1.922	1.667	2.078	2.0	0
1101	1.824	1.961	2.216	2.059	0
1102	1.804	2.118	2.137	2.078	0
1103	1.941	2.118	2.078	2.0	0
1104	2.0	1.941	2.0	1.804	0
1105	2.078	1.941	1.98	1.745	0
1106	2.059	1.863	1.98	1.765	0
1107	2.098	1.843	2.02	1.843	0
1108	1.98	1.922	2.02	1.941	0
1109	2.0	1.98	2.039	1.98	0
1110	1.98	2.137	2.078	2.0	0
1111	1.902	2.059	2.059	2.039	0
1112	1.902	1.667	1.98	2.0	0
1113	2.039	1.569	2.02	1.922	0
1114	2.0	1.529	1.941	1.843	0
1115	1.902	1.549	1.98	1.824	0
1116	2.02	1.569	2.039	1.843	0
1117	2.02	1.647	2.02	1.863	0
1118	1.902	1.902	2.02	1.902	0
1119	1.824	2.039	2.039	2.0	0
1120	1.922	2.059	2.02	2.059	0
1121	1.941	1.902	2.0	2.02	0
1122	2.02	1.882	1.902	1.922	0
1123	2.078	1.824	1.902	1.765	0
1124	2.137	1.863	1.961	1.725	0
1125	2.039	1.922	2.0	1.824	0
1126	2.039	1.961	2.059	1.98	0
1127	1.941	2.137	2.078	2.098	0
1128	1.804	2.039	2.059	2.137	0
1129	1.902	1.804	2.078	2.098	0
1130	1.882	1.51	1.98	1.98	0
1131	1.922	1.569	1.941	1.863	0
1132	1.902	1.608	1.961	1.745	0
1133	1.941	1.608	2.0	1.784	0
1134	1.941	1.686	2.02	1.941	0
1135	1.902	1.902	2.098	2.118	0
1136	1.843	2.098	2.098	2.157	0
1137	1.882	2.118	2.098	2.059	0
1138	1.863	2.02	2.02	1.961	0
1139	1.98	2.0	1.98	1.882	0
1140	2.039	1.941	2.039	1.824	0
1141	2.157	1.98	2.02	1.784	0
1142	2.118	2.059	2.0	1.843	0
1143	1.98	2.02	2.078	1.98	0
1144	1.824	2.157	2.137	2.196	0
1145	1.784	2.157	2.196	2.294	0
1146	1.941	1.882	2.098	2.176	0
1147	2.0	1.627	1.98	2.02	0
1148	1.941	1.608	1.961	1.902	0
1149	1.98	1.647	2.039	1.824	0
1150	2.059	1.667	2.059	1.804	0
1151	2.02	1.745	2.078	1.843	0
1152	1.863	1.98	2.098	2.0	0
1153	1.784	2.118	2.098	2.196	0
1154	1.961	2.098	1.98	2.196	0
1155	2.0	1.922	1.824	2.02	0
1156	2.039	2.0	1.922	1.843	0
1157	2.039	2.0	1.98	1.765	0
1158	2.059	1.961	2.039	1.765	0
1159	2.078	2.078	2.039	1.843	0
1160	2.118	2.118	2.078	1.941	0
1161	1.922	2.196	2.098	2.098	0
1162	1.863	2.235	2.176	2.176	0
1163	1.882	1.843	2.039	2.157	0
1164	1.922	1.627	1.98	1.98	0
1165	1.961	1.667	2.078	1.863	0
1166	1.902	1.706	2.118	1.863	0
1167	1.922	1.627	2.098	1.922	0
1168	1.98	1.745	2.118	1.941	0
1169	1.922	2.039	2.196	2.0	0
1170	1.824	2.118	2.098	2.059	0
1171	1.804	2.059	2.059	2.059	0
1172	1.863	1.941	2.039	1.98	0
1173	2.02	1.922	2.039	1.863	0
1174	2.0	1.882	2.059	1.765	0
1175	2.176	1.98	2.157	1.784	0
1176	2.118	2.0	2.137	1.941	0
1177	1.961	1.922	2.059	2.078	0
1178	1.804	2.039	2.118	2.118	0
1179	1.725	2.098	2.196	2.137	0
1180	1.843	1.863	2.118	2.078	0
1181	2.0	1.608	2.098	1.922	0
1182	2.098	1.706	2.176	1.843	0
1183	2.078	1.667	2.137	1.843	0
1184	1.98	1.529	2.039	1.882	0
1185	1.922	1.686	2.078	1.961	0
1186	1.961	1.98	2.137	2.039	0
1187	1.804	2.039	2.059	2.059	0
1188	1.882	2.039	2.118	2.02	0
1189	1.941	2.039	2.098	1.922	0
1190	2.059	1.98	2.039	1.863	0
1191	2.137	1.902	2.0	1.824	0
1192	2.255	1.961	2.059	1.843	0
1193	2.196	2.059	2.078	1.941	0
1194	2.078	2.02	2.059	2.059	0
1195	1.902	2.078	2.137	2.157	0
1196	1.784	2.078	2.098	2.196	0
1197	1.863	1.804	2.0	2.059	0
1198	2.0	1.588	2.0	1.882	0
1199	2.039	1.569	2.059	1.804	0
1200	2.078	1.627	2.059	1.843	0
1201	2.118	1.667	2.078	1.941	0
1202	2.039	1.686	2.039	2.039	0
1203	1.863	1.882	2.098	2.098	0
1204	1.843	2.157	2.157	2.098	0
1205	1.922	2.078	2.118	2.059	0
1206	1.882	1.98	2.02	1.941	0
1207	2.078	1.941	1.98	1.824	0
1208	2.078	1.922	2.039	1.784	0
1209	2.196	1.902	2.059	1.804	0
1210	2.157	2.0	2.039	1.902	0
1211	2.157	1.98	2.039	1.98	0
1212	1.961	2.118	2.098	2.078	0
1213	1.824	2.059	2.078	2.137	0
1214	1.863	1.765	2.0	2.098	0
1215	1.961	1.569	1.941	1.922	0
1216	2.02	1.569	1.902	1.843	0
1217	1.961	1.627	1.941	1.824	0
1218	1.98	1.549	2.039	1.882	0
1219	2.0	1.627	2.02	1.922	0
1220	1.922	1.804	2.0	1.941	0
1221	1.843	2.059	2.02	1.961	0
1222	1.902	2.039	1.98	1.941	0
1223	1.902	1.902	1.863	1.902	0
1224	2.039	1.941	1.922	1.863	0
1225	2.098	1.902	1.922	1.882	0
1226	2.078	1.882	1.961	1.922	0
1227	2.039	1.98	2.039	1.941	0
1228	2.02	2.0	2.059	2.0	0
1229	1.922	2.157	2.137	2.059	0
1230	1.804	2.078	2.118	2.137	0
1231	1.784	1.804	2.039	2.098	0
1232	1.941	1.667	2.02	1.98	0
1233	1.941	1.588	2.0	1.882	0
1234	1.882	1.608	2.039	1.882	0
1235	1.941	1.608	2.059	1.922	0
1236	1.98	1.667	2.078	2.0	0
1237	1.863	1.882	2.118	2.059	0
1238	1.902	2.137	2.176	2.059	0
1239	1.922	2.039	2.059	2.039	0
1240	1.824	1.922	1.941	1.98	0
1241	1.961	1.882	1.961	1.882	0
1242	2.0	1.863	1.961	1.824	0
1243	2.137	1.902	2.02	1.784	0
1244	2.078	1.98	2.059	1.863	0
1245	2.039	1.941	2.039	1.941	0
1246	1.941	2.039	2.039	2.059	0
1247	1.843	2.059	2.078	2.078	0
1248	1.941	1.843	2.039	2.02	0
1249	1.98	1.588	2.039	1.902	0
1250	1.961	1.549	2.02	1.863	0
1251	1.922	1.569	1.941	1.882	0
1252	1.941	1.569	1.941	1.843	0
1253	2.0	1.627	2.02	1.824	0
1254	1.902	1.843	2.059	1.941	0
1255	1.784	1.98	2.039	2.078	0
1256	1.902	1.98	2.0	2.078	0
1257	1.902	1.98	2.02	1.961	0
1258	2.0	1.941	2.0	1.843	0
1259	1.961	1.922	2.0	1.843	0
1260	2.02	1.902	2.02	1.922	0
1261	1.961	1.941	2.039	1.941	0
1262	1.98	1.882	1.961	1.961	0
1263	1.804	2.078	2.039	2.02	0
1264	1.882	2.137	2.118	2.098	0
1265	1.922	1.961	2.118	2.176	0
1266	1.961	1.667	2.039	2.078	0
1267	1.902	1.549	2.02	1.941	0
1268	1.941	1.608	2.02	1.843	0
1269	2.0	1.588	2.02	1.843	0
1270	1.961	1.667	2.059	1.961	0
1271	1.882	1.922	2.098	2.078	0
1272	1.863	2.118	2.078	2.157	0
1273	1.922	2.078	2.078	2.157	0
1274	1.98	2.02	2.0	2.02	0
1275	2.137	1.98	2.02	1.843	0
1276	2.137	1.961	2.039	1.784	0
1277	2.157	1.98	1.98	1.804	0
1278	2.137	2.059	1.941	1.902	0
1279	2.118	2.039	2.02	2.078	0
1280	2.0	2.196	2.196	2.196	0
1281	1.882	2.216	2.196	2.216	0
1282	1.863	1.941	2.078	2.118	0
1283	1.961	1.647	2.0	1.961	0
1284	1.98	1.627	2.039	1.863	0
1285	1.98	1.667	2.02	1.824	0
1286	1.922	1.647	1.98	1.863	0
1287	1.961	1.725	2.039	1.922	0
1288	1.941	2.0	2.098	2.02	0
1289	1.824	2.137	2.118	2.118	0
1290	1.863	2.118	2.176	2.157	0
1291	1.882	2.118	2.098	2.098	0
1292	1.941	1.902	1.961	1.941	0
1293	1.98	1.882	1.922	1.765	0
1294	2.078	1.902	1.961	1.706	0
1295	2.059	2.039	2.039	1.824	0
1296	2.059	2.118	2.157	2.0	0
1297	1.98	2.255	2.157	2.196	0
1298	1.804	2.157	2.157	2.216	0
1299	1.843	1.902	2.059	2.137	0
1300	1.941	1.647	2.0	1.961	0
1301	1.941	1.608	2.078	1.824	0
1302	1.961	1.667	2.118	1.824	0
1303	1.941	1.608	2.039	1.824	0
1304	1.961	1.608	1.98	1.882	0
1305	1.882	1.882	2.059	1.941	0
1306	1.804	2.118	2.098	2.02	0
1307	1.882	2.098	2.078	2.039	0
1308	2.0	2.039	1.98	1.98	0
1309	2.078	1.882	1.98	1.863	0
1310	2.02	1.902	2.059	1.765	0
1311	2.078	1.863	1.961	1.725	0
1312	2.02	1.941	1.98	1.765	0
1313	2.039	2.02	2.118	1.902	0
1314	1.941	2.157	2.137	2.039	0
1315	1.804	2.078	2.137	2.137	0
1316	1.882	1.902	2.039	2.098	0
1317	1.941	1.588	2.02	1.922	0
1318	2.02	1.627	2.078	1.824	0
1319	1.961	1.647	2.078	1.843	0
1320	1.922	1.569	2.059	1.902	0
1321	2.039	1.667	2.078	1.941	0
1322	1.98	1.882	2.137	2.0	0
1323	1.804	2.059	2.157	2.078	0
1324	1.863	2.0	2.157	2.098	0
1325	1.902	1.98	2.059	2.059	0
1326	2.059	1.941	2.098	1.922	0
1327	2.098	1.922	2.059	1.824	0
1328	2.118	1.863	2.039	1.804	0
1329	2.078	1.941	2.059	1.843	0
1330	2.039	1.922	2.059	1.922	0
1331	1.98	2.059	2.176	2.098	0
1332	1.882	2.157	2.176	2.176	0
1333	1.902	1.922	2.118	2.196	0
1334	2.039	1.608	2.02	2.039	0
1335	2.02	1.549	2.059	1.843	0
1336	2.039	1.569	2.059	1.784	0
1337	1.922	1.549	2.039	1.804	0
1338	1.98	1.588	2.02	1.863	0
1339	2.0	1.765	2.02	1.941	0
1340	1.843	1.98	2.0	2.0	0
1341	1.882	2.0	2.02	2.039	0
1342	1.941	2.039	2.0	1.98	0
1343	2.059	1.902	2.02	1.902	0
1344	2.039	1.824	1.922	1.824	0
1345	2.118	1.804	1.961	1.784	0
1346	2.098	1.98	2.059	1.843	0
1347	2.078	1.941	1.961	1.922	0
1348	1.941	2.02	1.961	2.059	0
1349	1.784	2.098	2.059	2.098	0
1350	1.902	1.941	2.098	2.118	0
1351	1.98	1.686	2.02	2.039	0
1352	1.98	1.667	2.078	1.941	0
1353	1.98	1.706	2.059	1.902	0
1354	1.961	1.686	2.039	1.922	0
1355	1.98	1.706	2.078	2.0	0
1356	1.922	1.843	2.078	2.078	0
1357	1.784	2.039	2.059	2.118	0
1358	1.843	2.118	2.118	2.078	0
1359	1.98	2.196	2.137	2.078	0
1360	2.059	2.059	2.078	2.0	0
1361	2.059	1.98	2.039	1.882	0
1362	2.157	1.922	1.922	1.784	0
1363	2.078	1.98	1.961	1.765	0
1364	2.059	1.98	1.98	1.784	0
1365	1.961	2.078	2.118	1.98	0
1366	1.863	2.157	2.196	2.176	0
1367	1.902	1.941	2.098	2.196	0
1368	1.98	1.608	1.941	2.039	0
1369	1.941	1.49	1.882	1.843	0
1370	1.902	1.51	1.902	1.745	0
1371	1.941	1.627	1.98	1.745	0
1372	2.0	1.667	2.0	1.804	0
1373	1.941	1.824	2.039	1.941	0
1374	1.784	2.078	2.059	2.118	0
1375	1.765	1.98	2.039	2.157	0
1376	1.882	2.078	1.98	2.039	0
1377	2.039	1.961	1.922	1.863	0
1378	2.039	1.922	1.922	1.745	0
1379	2.078	1.882	1.98	1.745	0
1380	2.078	2.039	2.039	1.863	0
1381	2.02	2.098	2.118	2.02	0
1382	1.922	2.196	2.078	2.196	0
1383	1.745	2.176	2.118	2.255	0
1384	1.784	1.941	2.078	2.157	0
1385	1.922	1.667	2.02	1.98	0
1386	1.961	1.627	2.02	1.824	0
1387	1.941	1.647	2.0	1.804	0
1388	1.941	1.667	2.039	1.882	0
1389	2.098	1.725	2.098	1.98	0
1390	2.02	1.882	2.098	2.02	0
1391	1.804	2.039	2.059	2.02	0
1392	1.843	2.039	2.0	2.02	0
1393	1.843	2.02	1.961	1.98	0
1394	2.0	1.922	1.941	1.922	0
1395	2.059	1.98	2.039	1.824	0
1396	2.235	1.98	2.039	1.804	0
1397	2.157	2.059	2.0	1.824	0
1398	2.118	2.0	1.941	1.902	0
1399	2.0	2.039	2.0	2.0	0
1400	1.863	2.157	2.176	2.078	0
1401	1.863	2.059	2.176	2.157	0
1402	1.902	1.686	2.039	2.078	0
1403	1.98	1.667	2.078	1.961	0
1404	2.039	1.706	2.098	1.863	0
1405	2.0	1.706	2.059	1.824	0
1406	1.98	1.725	2.098	1.882	0
1407	1.922	1.882	2.176	2.02	0
1408	1.843	2.157	2.157	2.157	0
1409	1.804	2.118	2.059	2.157	0
1410	1.804	2.098	2.059	2.078	0
1411	2.078	2.0	2.059	1.922	0
1412	2.078	1.941	2.059	1.784	0
1413	2.118	1.922	2.078	1.765	0
1414	2.078	2.02	2.059	1.843	0
1415	2.039	2.039	2.039	1.961	0
1416	1.941	2.098	2.098	2.078	0
1417	1.804	2.118	2.118	2.157	0
1418	1.824	1.941	2.078	2.098	0
1419	1.98	1.608	2.02	2.0	0
1420	2.039	1.667	2.098	1.882	0
1421	2.02	1.627	2.098	1.824	0
1422	1.98	1.588	2.02	1.824	0
1423	1.98	1.608	1.98	1.863	0
1424	1.941	1.706	2.0	1.922	0
1425	1.804	2.02	2.098	1.98	0
1426	1.882	2.02	2.059	2.0	0
1427	1.882	1.98	1.922	1.941	0
1428	2.02	1.863	1.863	1.843	0
1429	2.059	1.902	1.961	1.745	0
1430	2.098	1.882	2.059	1.745	0
1431	2.078	1.961	2.078	1.882	0
1432	2.039	1.961	2.039	1.98	0
1433	2.0	2.039	2.02	2.039	0
1434	1.824	2.118	2.039	2.039	0
1435	1.804	1.882	2.0	1.941	0
1436	1.882	1.529	1.922	1.863	0
1437	1.941	1.529	1.961	1.824	0
1438	1.902	1.569	2.0	1.882	0
1439	1.961	1.706	2.098	1.941	0
1440	2.039	1.686	2.059	1.961	0
1441	1.882	1.745	2.02	1.961	0
1442	1.725	2.0	2.02	1.98	0
1443	1.725	2.039	2.078	2.0	0
1444	1.843	2.078	2.039	1.961	0
1445	2.0	1.941	2.039	1.902	0
1446	2.078	1.941	2.0	1.804	0
1447	2.157	1.882	2.0	1.824	0
1448	2.039	2.02	2.039	1.922	0
1449	1.98	2.02	2.098	2.02	0
1450	1.941	2.137	2.118	2.118	0
1451	1.784	2.196	2.137	2.137	0
1452	1.804	2.039	2.137	2.118	0
1453	1.863	1.627	2.078	2.0	0
1454	1.941	1.608	2.098	1.922	0
1455	2.0	1.667	2.118	1.863	0
1456	2.059	1.706	2.118	1.882	0
1457	2.098	1.686	2.039	1.882	0
1458	1.941	1.765	2.059	1.941	0
1459	1.804	2.039	2.059	2.078	0
1460	1.863	2.078	2.059	2.059	0
1461	1.941	2.098	2.039	2.02	0
1462	2.039	1.961	2.078	1.902	0
1463	2.098	1.941	2.0	1.784	0
1464	2.157	1.863	1.922	1.745	0
1465	2.137	1.922	1.961	1.745	0
1466	2.078	1.941	2.039	1.843	0
1467	2.02	2.078	2.157	2.039	0
1468	1.922	2.255	2.176	2.216	0
1469	1.882	2.039	2.078	2.216	0
1470	1.922	1.569	2.02	2.059	0
1471	1.941	1.569	2.098	1.922	0
1472	2.0	1.627	2.039	1.843	0
1473	2.0	1.608	1.941	1.804	0
1474	2.02	1.627	2.0	1.882	0
1475	2.0	1.784	2.039	1.98	0
1476	1.804	2.059	2.078	2.118	0
1477	1.804	2.039	2.02	2.118	0
1478	1.902	2.078	2.02	2.039	0
1479	2.039	2.02	2.039	1.961	0
1480	2.039	2.02	2.02	1.922	0
1481	2.098	1.843	1.961	1.882	0
1482	2.078	1.98	1.98	1.863	0
1483	2.039	2.0	1.98	1.882	0
1484	1.98	2.118	2.098	1.98	0
1485	1.824	2.196	2.157	2.118	0
1486	1.765	2.0	2.078	2.157	0
1487	1.804	1.608	1.941	2.078	0
1488	1.922	1.627	2.02	1.941	0
1489	2.0	1.667	2.039	1.863	0
1490	2.039	1.667	2.0	1.863	0
1491	2.078	1.627	2.0	1.882	0
1492	1.922	1.706	2.039	1.922	0
1493	1.725	2.039	2.137	2.02	0
1494	1.725	2.02	2.098	2.118	0
1495	1.824	2.02	2.02	2.059	0
1496	2.137	1.941	1.98	1.941	0
1497	2.216	2.0	2.0	1.824	0
1498	2.176	1.882	2.02	1.784	0
1499	2.059	1.941	2.0	1.824	0
1500	2.02	1.941	1.961	1.941	0
1501	2.02	2.059	2.059	2.118	0
1502	1.922	2.137	2.157	2.235	0
1503	1.882	2.02	2.176	2.216	0
1504	1.98	1.647	2.039	2.059	0
1505	2.02	1.588	2.02	1.882	0
1506	2.02	1.608	2.02	1.784	0
1507	1.961	1.588	2.0	1.824	0
1508	1.961	1.608	2.0	1.882	0
1509	1.941	1.725	2.02	1.941	0
1510	1.745	2.0	2.059	2.039	0
1511	1.765	2.039	2.02	2.059	0
1512	1.863	2.078	2.098	2.078	0
1513	2.118	1.98	2.137	2.02	0
1514	2.157	2.0	2.02	1.863	0
1515	2.078	1.902	1.941	1.686	0
1516	1.98	1.98	2.0	1.706	0
1517	2.0	2.0	2.098	1.863	0
1518	2.039	2.137	2.176	2.118	0
1519	1.804	2.216	2.176	2.314	0
1520	1.765	2.039	2.098	2.235	0
1521	1.922	1.706	2.039	2.039	0
1522	2.0	1.686	2.118	1.863	0
1523	2.0	1.725	2.137	1.784	0
1524	1.98	1.706	2.039	1.863	0
1525	2.059	1.686	2.039	1.961	0
1526	2.02	1.804	2.137	2.039	0
1527	1.902	2.078	2.196	2.098	0
1528	1.843	2.059	2.059	2.118	0
1529	1.902	2.078	2.02	2.02	0
1530	2.0	1.882	1.98	1.902	0
1531	2.02	1.98	2.0	1.824	0
1532	2.118	1.922	1.98	1.804	0
1533	2.118	2.0	2.0	1.882	0
1534	2.039	1.961	2.0	1.941	0
1535	2.02	2.039	2.078	2.02	0
1536	1.882	2.157	2.157	2.118	0
1537	1.765	1.961	2.078	2.157	0
1538	1.863	1.569	1.941	2.02	0
1539	1.941	1.529	2.0	1.863	0
1540	1.941	1.647	2.02	1.804	0
1541	1.922	1.608	1.98	1.804	0
1542	2.0	1.647	2.0	1.882	0
1543	1.98	1.804	2.039	1.941	0
1544	1.863	2.02	2.039	2.0	0
1545	1.784	2.02	2.02	2.039	0
1546	1.863	2.059	2.02	2.039	0
1547	1.922	1.922	2.02	1.98	0
1548	1.961	1.941	1.98	1.843	0
1549	2.0	1.843	1.922	1.745	0
1550	2.02	1.922	2.02	1.784	0
1551	2.0	2.0	2.02	1.902	0
1552	2.039	2.059	2.039	2.0	0
1553	1.922	2.176	2.098	2.157	0
1554	1.824	2.118	2.137	2.196	0
1555	1.98	1.667	1.941	2.02	0
1556	1.922	1.49	1.902	1.804	0
1557	1.902	1.608	1.98	1.725	0
1558	1.941	1.647	2.0	1.824	0
1559	2.02	1.647	2.039	1.941	0
1560	2.039	1.765	2.039	2.059	0
1561	1.863	2.0	2.039	2.098	0
1562	1.843	2.02	2.039	2.02	0
1563	1.922	2.078	2.02	1.961	0
1564	2.059	1.941	2.039	1.882	0
1565	2.098	1.98	1.941	1.843	0
1566	2.157	1.922	1.902	1.824	0
1567	2.235	2.039	2.0	1.863	0
1568	2.137	2.039	2.059	1.941	0
1569	2.02	2.02	2.098	2.0	0
1570	1.882	2.118	2.137	2.118	0
1571	1.824	2.039	2.176	2.157	0
1572	1.961	1.706	2.039	2.098	0
1573	1.98	1.608	2.059	2.0	0
1574	2.02	1.706	2.137	1.961	0
1575	1.98	1.725	2.098	1.882	0
1576	2.039	1.706	2.039	1.882	0
1577	1.961	1.804	2.078	1.922	0
1578	1.824	2.059	2.196	2.02	0
1579	1.843	2.137	2.118	2.118	0
1580	1.824	2.078	2.059	2.039	0
1581	1.902	1.922	2.0	1.902	0
1582	1.941	1.961	1.98	1.804	0
1583	2.02	1.902	2.02	1.804	0
1584	2.059	1.902	2.039	1.863	0
1585	2.078	2.0	2.118	1.941	0
1586	2.059	2.118	2.157	2.039	0
1587	1.882	2.157	2.176	2.137	0
1588	1.765	1.98	2.098	2.176	0
1589	1.843	1.647	2.0	2.02	0
1590	1.961	1.529	2.0	1.863	0
1591	1.902	1.588	2.059	1.824	0
1592	1.98	1.627	2.02	1.863	0
1593	2.059	1.588	2.02	1.922	0
1594	2.0	1.647	2.059	1.961	0
1595	1.863	1.961	2.078	2.02	0
1596	1.863	2.059	2.039	2.059	0
1597	1.922	2.02	2.039	2.039	0
1598	2.078	1.902	2.039	1.941	0
1599	2.196	1.98	2.059	1.882	0
1600	2.216	1.961	2.02	1.824	0
1601	2.176	1.961	2.039	1.824	0
1602	2.098	1.98	2.02	1.902	0
1603	2.059	2.059	2.118	1.98	0
1604	1.922	2.157	2.157	2.098	0
1605	1.843	2.098	2.157	2.137	0
1606	1.961	1.745	2.039	2.059	0
1607	2.02	1.647	2.0	1.941	0
1608	2.0	1.667	2.02	1.863	0
1609	1.98	1.725	2.098	1.882	0
1610	2.0	1.667	2.118	1.922	0
1611	2.0	1.804	2.098	2.0	0
1612	1.882	2.059	2.098	2.059	0
1613	1.824	2.078	2.078	2.098	0
1614	1.843	2.098	2.039	2.059	0
1615	1.941	1.922	2.0	1.941	0
1616	2.0	1.961	1.961	1.882	0
1617	2.078	1.941	2.0	1.804	0
1618	2.118	1.98	2.02	1.843	0
1619	2.02	2.0	2.02	1.941	0
1620	1.961	2.02	2.078	2.039	0
1621	1.843	2.118	2.078	2.176	0
1622	1.804	2.098	2.098	2.216	0
1623	1.863	1.725	2.02	2.098	0
1624	1.882	1.529	2.0	1.922	0
1625	1.902	1.569	1.98	1.824	0
1626	1.961	1.667	2.039	1.863	0
1627	2.02	1.647	1.98	1.882	0
1628	1.961	1.725	2.0	1.961	0
1629	1.843	1.98	2.059	2.02	0
1630	1.765	2.02	2.0	2.059	0
1631	1.882	2.059	2.0	2.02	0
1632	1.941	1.922	1.941	1.922	0
1633	2.0	1.961	1.98	1.863	0
1634	2.059	1.902	1.941	1.843	0
1635	2.098	1.98	1.961	1.843	0
1636	2.039	2.0	1.941	1.902	0
1637	1.98	2.039	2.02	1.98	0
1638	1.843	2.118	2.118	2.078	0
1639	1.784	2.02	2.078	2.118	0
1640	1.863	1.686	1.961	2.02	0
1641	1.941	1.588	1.98	1.902	0
1642	2.098	1.745	2.039	1.824	0
1643	1.941	1.647	2.02	1.843	0
1644	1.922	1.667	2.098	1.941	0
1645	2.0	1.804	2.098	2.0	0
1646	1.863	2.02	2.098	2.059	0
1647	1.784	2.078	2.098	2.059	0
1648	1.922	2.118	2.078	2.0	0
1649	2.02	1.961	2.0	1.882	0
1650	2.078	1.961	2.0	1.804	0
1651	2.118	1.941	2.039	1.784	0
1652	2.157	2.0	2.137	1.863	0
1653	2.137	2.098	2.196	1.961	0
1654	2.118	2.137	2.216	2.059	0
1655	1.941	2.157	2.196	2.118	0
1656	1.863	2.078	2.216	2.137	0
1657	1.902	1.706	2.039	2.039	0
1658	1.961	1.588	2.039	1.882	0
1659	2.0	1.627	2.098	1.824	0
1660	2.0	1.725	2.157	1.824	0
1661	2.0	1.667	2.137	1.882	0
1662	1.98	1.706	2.098	1.961	0
1663	1.882	1.98	2.078	2.0	0
1664	1.784	2.02	2.078	2.059	0
1665	1.824	2.059	2.078	2.078	0
1666	1.922	1.804	2.02	1.941	0
1667	2.0	1.843	2.02	1.784	0
1668	2.176	1.882	1.98	1.686	0
1669	2.137	1.902	1.941	1.706	0
1670	2.0	1.961	2.02	1.843	0
1671	2.02	2.039	2.078	2.059	0
1672	1.882	2.059	2.039	2.216	0
1673	1.784	1.941	2.039	2.235	0
1674	1.902	1.667	2.02	2.059	0
1675	1.98	1.471	1.98	1.863	0
1676	1.941	1.549	1.98	1.784	0
1677	1.941	1.588	1.961	1.765	0
1678	2.0	1.569	1.961	1.843	0
1679	1.98	1.725	2.059	1.98	0
1680	1.922	2.039	2.118	2.176	0
1681	1.824	2.059	2.02	2.216	0
1682	1.922	2.059	2.0	2.118	0
1683	1.98	1.922	1.961	1.961	0
1684	2.02	1.941	2.02	1.843	0
1685	2.098	1.902	2.0	1.804	0
1686	2.118	1.941	2.039	1.863	0
1687	2.078	1.98	2.0	1.961	0
1688	2.039	2.039	2.059	2.039	0
1689	1.941	2.196	2.176	2.118	0
1690	1.863	2.098	2.157	2.196	0
1691	1.902	1.706	2.02	2.118	0
1692	1.922	1.549	2.02	1.961	0
1693	1.961	1.627	2.059	1.902	0
1694	2.0	1.667	2.039	1.882	0
1695	2.0	1.588	1.961	1.863	0
1696	1.961	1.686	2.02	1.902	0
1697	1.843	1.98	2.137	2.02	0
1698	1.745	2.02	2.078	2.078	0
1699	1.784	2.0	2.0	2.098	0
1700	1.863	1.863	1.922	1.98	0
1701	2.0	1.843	1.922	1.843	0
1702	2.059	1.843	1.941	1.725	0
1703	2.314	2.0	2.078	1.745	0
1704	2.137	2.0	1.961	1.824	0
1705	1.902	1.922	1.98	1.922	0
1706	1.745	2.039	2.098	2.078	0
1707	1.706	2.02	2.137	2.176	0
1708	1.824	1.686	1.961	2.098	0
1709	2.02	1.608	1.98	1.902	0
1710	2.118	1.647	2.039	1.784	0
1711	2.02	1.667	2.039	1.765	0
1712	2.0	1.627	2.039	1.804	0
1713	2.0	1.706	2.02	1.902	0
1714	1.902	1.98	2.078	1.98	0
1715	1.882	2.098	2.098	2.059	0
1716	1.98	2.137	2.118	2.039	0
1717	2.0	1.941	2.039	1.941	0
1718	2.059	1.98	2.039	1.843	0
1719	2.176	1.961	2.059	1.804	0
1720	2.216	1.98	2.039	1.784	0
1721	2.098	2.02	2.059	1.863	0
1722	2.059	2.02	2.078	2.0	0
1723	1.863	2.118	2.137	2.098	0
1724	1.843	2.078	2.176	2.176	0
1725	1.902	1.784	2.059	2.078	0
1726	1.961	1.588	2.0	1.902	0
1727	1.98	1.608	2.02	1.784	0
1728	1.961	1.667	2.039	1.784	0
1729	2.0	1.608	2.02	1.843	0
1730	1.961	1.667	2.02	1.961	0
1731	1.824	1.902	2.078	2.039	0
1732	1.765	2.059	2.059	2.039	0
1733	1.843	2.039	1.961	1.98	0
1734	1.863	1.882	1.941	1.882	0
1735	2.02	1.941	2.02	1.784	0
1736	2.078	1.843	1.922	1.706	0
1737	2.118	1.882	2.0	1.765	0
1738	2.098	2.0	2.02	1.922	0
1739	2.02	2.0	2.039	2.039	0
1740	1.882	2.098	2.078	2.118	0
1741	1.765	2.059	2.118	2.137	0
1742	1.843	1.745	2.0	2.02	0
1743	1.902	1.588	2.0	1.882	0
1744	1.941	1.647	2.039	1.824	0
1745	1.961	1.667	2.02	1.863	0
1746	2.0	1.627	2.039	1.941	0
1747	2.02	1.745	2.098	2.039	0
1748	1.922	2.039	2.157	2.118	0
1749	1.804	2.118	2.098	2.157	0
1750	1.863	2.039	2.0	2.098	0
1751	1.902	1.941	1.98	1.941	0
1752	2.059	2.02	2.059	1.863	0
1753	2.118	1.98	2.059	1.824	0
1754	2.137	1.98	2.098	1.882	0
1755	2.098	2.059	2.098	1.98	0
1756	2.118	2.078	2.078	2.059	0
1757	1.902	2.176	2.157	2.157	0
1758	1.784	2.098	2.176	2.196	0
1759	1.902	1.804	2.02	2.118	0
1760	1.961	1.647	2.098	1.941	0
1761	1.98	1.667	2.118	1.863	0
1762	1.902	1.647	2.059	1.882	0
1763	1.941	1.569	2.0	1.902	0
1764	1.941	1.647	2.0	1.922	0
1765	1.941	1.922	2.078	1.961	0
1766	1.824	2.02	2.078	2.0	0
1767	1.843	1.98	2.059	2.039	0
1768	1.922	1.922	2.0	1.98	0
1769	2.059	1.941	1.98	1.882	0
1770	2.059	1.824	1.902	1.784	0
1771	2.098	1.922	1.98	1.765	0
1772	2.059	2.0	2.0	1.863	0
1773	2.059	1.961	2.039	2.02	0
1774	1.941	2.098	2.137	2.118	0
1775	1.863	2.059	2.098	2.157	0
1776	1.863	1.745	1.941	2.059	0
1777	1.961	1.549	1.922	1.902	0
1778	2.02	1.588	2.0	1.784	0
1779	2.02	1.686	2.039	1.824	0
1780	2.02	1.667	2.02	1.902	0
1781	2.0	1.706	2.02	2.0	0
1782	1.941	1.941	2.02	2.078	0
1783	1.843	2.118	2.059	2.078	0
1784	1.941	2.078	2.059	2.039	0
1785	1.961	1.98	2.0	1.961	0
1786	2.059	1.941	1.98	1.824	0
1787	2.098	1.863	1.902	1.745	0
1788	2.118	1.902	2.0	1.765	0
1789	2.039	2.02	2.059	1.882	0
1790	2.039	2.02	2.078	2.039	0
1791	1.922	2.118	2.118	2.176	0
1792	1.843	2.098	2.137	2.196	0
1793	1.922	1.804	2.02	2.118	0
1794	1.98	1.608	1.941	1.882	0
1795	1.922	1.667	2.098	1.804	0
1796	1.922	1.765	2.137	1.882	0
1797	1.98	1.686	2.059	1.961	0
1798	2.0	1.706	2.059	2.02	0
1799	1.882	1.961	2.137	2.078	0
1800	1.765	2.118	2.157	2.098	0
1801	1.882	2.157	2.118	2.098	0
1802	1.863	1.98	1.961	2.02	0
1803	1.961	2.0	2.02	1.922	0
1804	2.039	1.98	2.059	1.843	0
1805	2.137	1.98	2.039	1.824	0
1806	2.059	2.0	2.02	1.843	0
1807	2.02	1.98	2.039	1.961	0
1808	1.902	2.137	2.157	2.137	0
1809	1.824	2.098	2.196	2.235	0
1810	1.922	1.804	2.0	2.137	0
1811	1.941	1.569	1.922	1.941	0
1812	1.922	1.569	2.0	1.824	0
1813	1.922	1.667	2.098	1.843	0
1814	2.0	1.627	2.078	1.882	0
1815	2.059	1.667	2.0	1.902	0
1816	1.98	1.882	2.02	1.961	0
1817	1.824	2.078	2.098	2.039	0
1818	1.863	2.059	2.098	2.059	0
1819	1.941	1.961	2.0	2.0	0
1820	2.118	1.98	2.039	1.882	0
1821	2.157	1.98	2.059	1.804	0
1822	2.137	1.941	2.02	1.824	0
1823	2.078	1.98	2.039	1.863	0
1824	2.059	1.98	2.059	1.941	0
1825	1.941	2.137	2.137	2.039	0
1826	1.863	2.157	2.176	2.118	0
1827	1.882	1.863	2.078	2.098	0
1828	1.902	1.569	1.98	2.0	0
1829	1.902	1.588	2.039	1.882	0
1830	1.922	1.647	2.02	1.843	0
1831	1.961	1.608	2.02	1.863	0
1832	2.059	1.725	2.078	1.882	0
1833	1.863	1.902	2.118	2.02	0
1834	1.765	2.059	2.098	2.098	0
1835	1.882	2.059	2.059	2.098	0
1836	1.961	2.0	1.98	1.98	0
1837	2.059	1.961	1.98	1.863	0
1838	2.039	1.863	1.902	1.784	0
1839	2.059	1.824	1.941	1.784	0
1840	2.039	2.059	2.039	1.882	0
1841	2.059	2.02	2.059	2.0	0
1842	1.941	2.137	2.039	2.137	0
1843	1.863	2.157	2.137	2.196	0
1844	1.961	1.843	2.059	2.118	0
1845	2.0	1.647	2.02	1.98	0
1846	1.98	1.569	1.98	1.863	0
1847	1.941	1.647	2.0	1.804	0
1848	2.0	1.647	1.98	1.804	0
1849	2.02	1.667	1.98	1.902	0
1850	1.941	1.902	2.039	2.02	0
1851	1.843	2.059	2.039	2.098	0
1852	1.902	2.059	2.078	2.078	0
1853	1.922	1.98	1.961	1.98	0
1854	2.039	1.922	1.922	1.863	0
1855	2.078	1.843	1.941	1.784	0
1856	2.118	1.863	1.961	1.824	0
1857	2.059	2.0	2.039	1.863	0
1858	2.02	1.98	2.039	1.961	0
1859	1.882	2.078	2.059	2.059	0
1860	1.784	2.059	2.078	2.098	0
1861	1.882	1.843	2.039	2.078	0
1862	2.039	1.627	2.0	1.941	0
1863	2.0	1.627	2.059	1.863	0
1864	1.882	1.627	2.078	1.882	0
1865	1.922	1.627	2.039	1.941	0
1866	2.0	1.667	2.02	1.941	0
1867	1.941	1.922	2.098	1.98	0
1868	1.843	2.137	2.118	2.02	0
1869	1.902	2.059	2.078	2.0	0
1870	1.882	1.961	1.98	1.941	0
1871	2.039	1.941	2.02	1.863	0
1872	2.098	1.882	2.0	1.804	0
1873	2.137	1.902	2.039	1.804	0
1874	2.039	2.0	2.059	1.902	0
1875	2.039	1.98	2.039	2.0	0
1876	1.941	2.118	2.098	2.078	0
1877	1.843	2.118	2.118	2.118	0
1878	1.882	1.882	2.078	2.059	0
1879	1.941	1.647	2.039	1.961	0
1880	1.961	1.588	2.039	1.863	0
1881	1.941	1.588	2.059	1.902	0
1882	1.941	1.608	2.039	1.922	0
1883	2.0	1.686	2.059	1.922	0
1884	1.902	1.902	2.078	1.961	0
1885	1.784	2.098	2.118	1.98	0
1886	1.843	2.098	2.118	2.02	0
1887	1.902	2.039	2.078	2.039	0
1888	2.039	2.0	2.078	1.98	0
1889	2.059	1.941	2.02	1.843	0
1890	2.118	1.961	2.039	1.804	0
1891	2.059	2.098	2.059	1.863	0
1892	2.02	2.039	2.137	1.961	0
1893	1.941	2.196	2.176	2.118	0
1894	1.843	2.216	2.176	2.176	0
1895	1.863	1.843	2.0	2.059	0
1896	1.882	1.588	1.98	1.863	0
1897	1.941	1.667	2.157	1.804	0
1898	1.941	1.686	2.078	1.902	0
1899	1.961	1.647	2.0	2.0	0
1900	2.0	1.706	2.0	2.039	0
1901	1.902	1.882	2.137	2.039	0
1902	1.784	2.02	2.098	2.02	0
1903	1.902	2.02	2.039	1.941	0
1904	1.941	1.98	2.0	1.902	0
1905	2.098	1.961	1.98	1.843	0
1906	2.118	1.882	1.902	1.824	0
1907	2.118	1.843	1.922	1.824	0
1908	2.059	1.961	2.039	1.863	0
1909	2.059	1.941	2.02	1.941	0
1910	1.961	2.059	2.078	2.059	0
1911	1.863	2.098	2.118	2.157	0
1912	1.922	1.863	2.059	2.098	0
1913	2.02	1.588	1.98	1.961	0
1914	2.02	1.608	2.02	1.863	0
1915	1.98	1.627	2.0	1.843	0
1916	1.961	1.588	1.961	1.882	0
1917	2.02	1.667	2.02	1.902	0
1918	1.98	1.902	2.078	2.02	0
1919	1.863	2.118	2.118	2.098	0
1920	1.902	2.098	2.137	2.118	0
1921	1.922	2.039	2.059	2.059	0
1922	2.059	1.961	2.02	1.922	0
1923	2.078	1.941	2.02	1.824	0
1924	2.137	1.922	2.039	1.824	0
1925	2.078	2.0	2.039	1.902	0
1926	2.059	2.0	2.059	2.0	0
1927	1.961	2.118	2.118	2.098	0
1928	1.804	2.176	2.176	2.196	0
1929	1.804	1.902	2.137	2.196	0
1930	1.941	1.647	2.039	2.078	0
1931	2.059	1.627	2.078	1.922	0
1932	2.039	1.647	2.078	1.843	0
1933	1.961	1.608	2.02	1.824	0
1934	1.941	1.627	2.0	1.882	0
1935	1.902	1.804	2.059	1.961	0
1936	1.804	2.098	2.137	2.078	0
1937	1.882	2.098	2.098	2.118	0
1938	1.882	2.0	2.059	2.059	0
1939	2.0	1.902	2.0	1.941	0
1940	2.059	1.922	1.98	1.804	0
1941	2.176	1.941	1.98	1.804	0
1942	2.118	2.0	2.02	1.824	0
1943	2.059	2.0	2.098	1.941	0
1944	1.941	2.098	2.098	2.078	0
1945	1.804	2.118	2.078	2.137	0
1946	1.843	1.882	2.039	2.098	0
1947	1.941	1.667	2.039	1.98	0
1948	1.941	1.588	2.039	1.882	0
1949	1.961	1.627	2.0	1.804	0
1950	1.98	1.627	2.0	1.843	0
1951	2.0	1.667	2.039	1.882	0
1952	1.941	1.863	2.078	1.98	0
1953	1.784	2.02	2.059	2.078	0
1954	1.824	1.961	2.02	2.059	0
1955	1.882	1.961	1.961	1.961	0
1956	2.0	1.922	1.98	1.843	0
1957	2.039	1.922	1.98	1.765	0
1958	2.118	1.863	1.98	1.784	0
1959	2.078	1.961	2.039	1.843	0
1960	2.039	1.98	2.039	1.941	0
1961	1.961	2.059	2.059	2.078	0
1962	1.804	2.098	2.078	2.176	0
1963	1.824	1.882	2.059	2.118	0
1964	1.922	1.588	2.02	1.98	0
1965	1.961	1.627	2.02	1.843	0
1966	1.961	1.647	2.02	1.765	0
1967	1.961	1.588	1.961	1.804	0
1968	1.941	1.608	2.0	1.882	0
1969	1.902	1.843	2.078	2.02	0
1970	1.765	2.078	2.098	2.118	0
1971	1.824	2.059	2.098	2.137	0
1972	1.922	2.059	2.0	2.0	0
1973	2.059	1.98	2.02	1.863	0
1974	2.039	1.941	1.98	1.765	0
1975	2.078	1.902	2.02	1.784	0
1976	2.039	2.039	2.039	1.882	0
1977	2.039	2.039	2.059	1.941	0
1978	1.98	2.137	2.137	2.039	0
1979	1.843	2.216	2.176	2.157	0
1980	1.882	2.039	2.176	2.137	0
1981	1.922	1.667	2.039	2.078	0
1982	1.941	1.588	2.039	1.941	0
1983	2.0	1.725	2.098	1.843	0
1984	2.0	1.745	2.157	1.863	0
1985	2.0	1.706	2.098	1.941	0
1986	1.961	1.863	2.118	2.0	0
1987	1.863	2.118	2.137	2.098	0
1988	1.882	2.118	2.098	2.118	0
1989	1.902	2.078	2.039	2.02	0
1990	2.02	1.922	1.961	1.863	0
1991	2.039	1.922	1.98	1.725	0
1992	2.118	1.902	2.0	1.725	0
1993	2.078	2.0	2.039	1.902	0
1994	2.059	2.02	2.098	2.078	0
1995	1.98	2.118	2.098	2.176	0
1996	1.843	2.137	2.078	2.157	0
1997	1.843	1.961	2.039	2.059	0
1998	1.922	1.608	1.961	1.882	0
1999	1.961	1.588	2.02	1.804	0
