time	channel1	channel2	channel3	channel4	class
0	1.882	1.647	1.902	1.941	4
1	1.882	1.667	1.961	1.902	4
2	1.961	1.784	2.02	1.882	4
3	2.0	1.804	2.059	1.922	4
4	1.98	1.804	2.059	1.941	4
5	1.98	1.804	2.02	1.941	4
6	1.961	1.863	2.02	1.922	4
7	1.961	1.922	2.059	1.922	4
8	1.98	1.961	2.059	1.941	4
9	1.98	1.941	2.039	1.941	4
10	1.961	1.961	2.02	1.941	4
11	1.941	1.961	2.02	1.941	4
12	1.961	1.98	2.059	1.941	4
13	1.98	1.961	2.039	1.941	4
14	1.961	1.922	2.078	1.941	4
15	2.0	2.0	2.196	1.98	4
16	2.118	2.078	2.176	2.02	4
17	1.98	1.706	2.039	2.0	4
18	1.98	1.706	2.02	1.922	4
19	2.059	1.784	2.098	1.922	4
20	2.078	1.824	2.078	1.882	4
21	1.98	1.784	2.098	1.922	4
22	1.98	1.824	2.059	1.98	4
23	1.98	1.863	2.059	1.961	4
24	1.98	1.902	2.059	1.961	4
25	1.941	1.98	2.078	1.98	4
26	1.922	1.922	2.02	1.961	4
27	1.941	1.961	2.039	1.961	4
28	1.941	1.98	2.059	1.961	4
29	1.98	2.02	2.059	1.961	4
30	1.98	1.941	2.02	1.961	4
31	1.922	1.843	2.02	1.961	4
32	1.98	1.922	2.137	2.0	4
33	2.098	2.039	2.157	2.02	4
34	1.922	1.725	2.0	2.0	4
35	1.882	1.686	2.02	1.941	4
36	1.961	1.765	2.059	1.941	4
37	2.0	1.784	2.059	1.922	4
38	1.98	1.765	2.039	1.922	4
39	1.98	1.843	2.059	1.941	4
40	1.961	1.863	2.039	1.941	4
41	1.941	1.902	2.02	1.941	4
42	1.941	1.961	2.039	1.941	4
43	1.882	1.961	2.059	2.0	4
44	1.902	2.0	2.059	2.02	4
45	1.941	1.98	2.039	2.0	4
46	1.98	2.0	2.059	1.941	4
47	2.02	1.961	2.039	1.941	4
48	1.961	1.922	2.039	1.922	4
49	1.922	1.961	2.176	2.0	4
50	2.059	2.039	2.137	2.059	4
51	1.902	1.725	1.98	2.0	4
52	1.902	1.686	1.98	1.922	4
53	1.961	1.784	2.039	1.863	4
54	1.98	1.804	2.078	1.863	4
55	1.961	1.765	2.039	1.902	4
56	1.98	1.804	2.02	1.941	4
57	1.961	1.882	2.039	1.98	4
58	1.98	1.922	2.098	2.0	4
59	1.961	1.961	2.039	1.98	4
60	1.882	1.902	1.98	1.941	4
61	1.902	1.941	2.02	1.922	4
62	1.882	2.0	2.059	1.941	4
63	1.922	2.0	2.059	1.961	4
64	1.961	1.922	1.98	1.98	4
65	1.922	1.863	2.0	1.961	4
66	1.941	1.941	2.137	1.98	4
67	2.078	2.039	2.157	2.02	4
68	1.922	1.706	1.98	2.0	4
69	1.902	1.706	2.0	1.961	4
70	1.98	1.784	2.039	1.902	4
71	1.98	1.824	2.059	1.922	4
72	1.922	1.745	2.078	1.941	4
73	1.961	1.843	2.059	1.98	4
74	1.961	1.824	2.0	1.961	4
75	1.98	1.882	2.02	1.941	4
76	1.922	1.961	2.039	1.961	4
77	1.882	1.941	2.059	1.961	4
78	1.882	1.961	2.02	1.98	4
79	1.882	1.941	2.02	1.98	4
80	1.941	1.98	2.02	1.941	4
81	1.961	1.941	2.02	1.961	4
82	1.902	1.863	1.98	1.961	4
83	1.922	1.902	2.118	2.0	4
84	2.059	2.02	2.118	2.039	4
85	1.941	1.706	1.961	2.0	4
86	1.902	1.686	2.02	1.941	4
87	1.98	1.784	2.059	1.922	4
88	1.961	1.804	2.059	1.922	4
89	1.941	1.784	2.059	1.941	4
90	1.961	1.824	2.02	1.961	4
91	1.941	1.843	2.02	1.961	4
92	1.902	1.882	2.039	1.961	4
93	1.922	1.922	2.0	1.961	4
94	1.902	1.922	2.02	1.941	4
95	1.941	2.02	2.118	1.961	4
96	1.961	2.02	2.078	2.0	4
97	1.961	1.98	2.0	2.0	4
98	1.961	1.902	1.98	1.98	4
99	1.882	1.863	2.0	1.941	4
100	1.882	1.922	2.137	1.961	4
101	2.02	2.0	2.118	2.0	4
102	1.882	1.686	1.941	1.961	4
103	1.902	1.706	2.0	1.902	4
104	2.0	1.843	2.098	1.902	4
105	2.02	1.804	2.078	1.941	4
106	1.961	1.765	2.078	1.961	4
107	2.0	1.824	2.059	1.961	4
108	1.922	1.863	2.02	1.941	4
109	1.902	1.882	2.039	1.941	4
110	1.922	1.922	2.039	1.941	4
111	1.902	1.922	2.02	1.922	4
112	1.941	1.961	2.0	1.922	4
113	1.941	1.961	2.02	1.922	4
114	1.922	1.961	2.039	1.922	4
115	1.941	1.922	2.02	1.922	4
116	1.941	1.882	2.039	1.902	4
117	1.941	1.922	2.157	1.941	4
118	2.078	2.02	2.176	2.02	4
119	1.922	1.706	2.0	2.0	4
120	1.882	1.667	2.0	1.941	4
121	1.98	1.765	2.039	1.882	4
122	2.0	1.784	2.02	1.863	4
123	1.941	1.745	2.039	1.882	4
124	1.941	1.843	2.059	1.922	4
125	1.922	1.902	2.098	1.941	4
126	1.922	1.941	2.078	1.98	4
127	1.902	1.941	2.059	2.0	4
128	1.882	1.882	2.02	2.02	4
129	1.902	1.941	2.039	1.98	4
130	1.922	1.98	2.039	1.961	4
131	1.902	2.02	2.039	1.961	4
132	1.98	2.0	2.039	1.941	4
133	1.941	1.882	2.039	1.961	4
134	1.922	1.922	2.157	1.98	4
135	2.059	2.02	2.176	2.078	4
136	1.902	1.725	2.0	2.059	4
137	1.882	1.667	2.02	1.98	4
138	1.98	1.765	2.059	1.941	4
139	2.0	1.804	2.059	1.922	4
140	1.961	1.784	2.059	1.941	4
141	1.98	1.824	2.039	1.961	4
142	1.961	1.824	2.039	1.961	4
143	1.961	1.902	2.039	1.941	4
144	1.961	1.961	2.039	1.961	4
145	1.922	1.961	2.02	1.961	4
146	1.922	1.961	2.039	1.98	4
147	1.922	1.922	2.0	1.98	4
148	1.941	1.941	2.0	1.961	4
149	1.98	1.922	2.0	1.961	4
150	1.941	1.863	2.02	1.941	4
151	1.941	1.863	2.098	1.98	4
152	2.078	2.02	2.137	2.0	4
153	1.941	1.725	1.941	1.98	4
154	1.863	1.706	1.98	1.941	4
155	1.922	1.745	2.02	1.922	4
156	1.98	1.804	2.039	1.941	4
157	1.961	1.804	2.059	1.941	4
158	1.98	1.843	2.059	2.0	4
159	2.0	1.922	2.078	1.941	4
160	1.961	1.961	2.098	1.961	4
161	1.941	1.961	2.039	1.961	4
162	1.902	1.941	2.0	1.922	4
163	1.922	2.039	2.039	1.941	4
164	1.941	2.02	2.039	1.98	4
165	1.941	2.02	2.02	1.98	4
166	2.0	2.0	2.039	1.961	4
167	1.98	1.941	2.039	1.941	4
168	1.98	1.961	2.157	1.941	4
169	2.118	2.059	2.196	2.02	4
170	1.961	1.706	1.961	2.0	4
171	1.902	1.706	2.0	1.922	4
172	2.0	1.784	2.039	1.902	4
173	2.0	1.784	2.02	1.882	4
174	2.0	1.765	2.059	1.902	4
175	2.078	1.863	2.059	1.941	4
176	2.039	1.882	2.02	1.922	4
177	1.98	1.902	2.039	1.941	4
178	1.961	1.961	2.078	1.98	4
179	1.941	1.922	2.0	1.98	4
180	1.98	1.961	2.0	1.941	4
181	1.98	1.961	2.02	1.941	4
182	1.961	2.0	2.02	1.941	4
183	2.02	1.98	2.039	1.941	4
184	1.98	1.882	2.02	1.961	4
185	1.98	1.882	2.098	1.961	4
186	2.137	2.039	2.196	2.059	4
187	2.039	1.784	2.02	2.039	4
188	1.941	1.667	2.0	1.961	4
189	2.039	1.745	2.02	1.902	4
190	2.039	1.804	2.039	1.882	4
191	1.98	1.745	2.02	1.902	4
192	1.98	1.784	2.039	1.941	4
193	1.98	1.824	2.02	1.98	4
194	2.0	1.882	2.039	1.961	4
195	1.961	1.902	2.02	1.941	4
196	1.902	1.902	1.98	1.941	4
197	1.902	1.941	1.98	1.922	4
198	1.922	1.961	2.0	1.941	4
199	1.922	1.98	2.0	1.941	4
200	1.961	1.961	2.02	1.98	4
201	1.922	1.843	1.98	1.98	4
202	1.961	1.843	2.118	2.0	4
203	2.137	2.02	2.157	2.0	4
204	1.961	1.725	1.961	1.941	4
205	1.843	1.667	1.941	1.882	4
206	1.941	1.765	2.02	1.882	4
207	1.98	1.824	2.039	1.922	4
208	2.0	1.804	2.059	1.961	4
209	2.02	1.863	2.078	1.98	4
210	1.961	1.882	2.059	1.98	4
211	1.922	1.941	2.098	2.0	4
212	1.882	2.0	2.078	1.98	4
213	1.922	1.961	2.02	1.961	4
214	1.941	2.0	2.039	1.961	4
215	1.922	2.0	2.059	1.98	4
216	1.902	2.039	2.059	2.0	4
217	1.922	2.039	2.059	1.961	4
218	1.882	1.922	2.02	1.98	4
219	1.902	1.882	2.137	2.0	4
220	2.078	2.02	2.176	2.039	4
221	1.961	1.745	1.98	2.02	4
222	1.882	1.706	2.0	1.922	4
223	2.0	1.824	2.098	1.902	4
224	2.0	1.863	2.098	1.941	4
225	1.961	1.804	2.078	1.98	4
226	1.961	1.824	2.039	1.98	4
227	1.941	1.843	2.02	1.961	4
228	1.961	1.922	2.059	1.941	4
229	1.961	1.922	2.039	1.922	4
230	1.941	1.941	2.039	1.941	4
231	1.922	1.98	2.02	1.922	4
232	1.961	1.98	2.02	1.922	4
233	1.941	2.0	2.02	1.941	4
234	2.0	1.98	2.039	1.961	4
235	2.0	1.922	2.039	1.961	4
236	1.98	1.863	2.118	1.98	4
237	2.078	2.02	2.137	2.039	4
238	1.98	1.745	1.961	1.961	4
239	1.882	1.667	1.961	1.902	4
240	2.0	1.745	2.02	1.824	4
241	2.059	1.784	2.039	1.843	4
242	2.039	1.863	2.098	1.941	4
243	2.0	1.882	2.059	1.98	4
244	1.941	1.804	1.961	1.98	4
245	1.961	1.863	2.0	1.922	4
246	1.961	1.941	2.039	1.922	4
247	1.922	2.0	2.078	1.941	4
248	1.961	2.039	2.098	1.98	4
249	1.922	2.0	2.039	2.02	4
250	1.941	2.02	2.02	2.0	4
251	2.0	1.98	1.98	1.961	4
252	1.961	1.882	2.02	1.941	4
253	1.961	1.882	2.078	1.941	4
254	2.098	2.02	2.157	2.0	4
255	1.961	1.784	2.039	2.039	4
256	1.863	1.765	2.078	2.039	4
257	1.941	1.804	2.078	2.0	4
258	2.02	1.824	2.059	1.98	4
259	1.98	1.804	2.059	1.941	4
260	1.961	1.804	2.02	1.922	4
261	1.961	1.843	2.02	1.902	4
262	1.922	1.882	2.059	1.961	4
263	1.922	1.941	2.059	1.961	4
264	1.902	1.941	2.02	1.98	4
265	1.882	1.961	2.02	1.98	4
266	1.902	1.922	2.02	1.961	4
267	1.941	1.98	2.059	1.98	4
268	1.98	1.961	2.039	1.961	4
269	1.98	1.863	2.02	1.961	4
270	1.961	1.824	2.078	1.941	4
271	2.039	1.961	2.176	2.0	4
272	1.941	1.745	2.0	1.98	4
273	1.863	1.667	2.0	1.941	4
274	1.941	1.725	2.039	1.902	4
275	1.98	1.765	2.098	1.922	4
276	1.98	1.765	2.059	1.941	4
277	1.98	1.824	2.059	1.961	4
278	1.961	1.863	2.02	1.941	4
279	1.863	1.902	2.0	1.941	4
280	1.843	1.922	2.039	1.922	4
281	1.882	1.922	2.0	1.922	4
282	1.902	1.941	2.0	1.922	4
283	1.922	2.0	2.059	1.98	4
284	1.941	1.98	2.059	1.98	4
285	1.961	1.98	2.078	2.0	4
286	1.902	1.882	2.039	1.961	4
287	1.922	1.824	2.059	1.941	4
288	2.059	1.961	2.157	2.0	4
289	1.98	1.627	1.941	1.961	4
290	1.902	1.549	1.922	1.902	4
291	1.941	1.706	2.02	1.863	4
292	1.98	1.765	2.039	1.882	4
293	1.961	1.725	2.039	1.922	4
294	1.941	1.784	2.059	1.961	4
295	1.941	1.843	2.118	2.0	4
296	1.941	1.882	2.098	1.961	4
297	1.941	1.902	2.039	1.961	4
298	1.922	1.882	2.0	1.961	4
299	1.941	1.922	2.02	1.941	4
300	1.98	1.941	1.98	1.902	4
301	1.941	1.98	2.059	1.922	4
302	1.941	2.098	2.118	1.98	4
303	1.922	1.941	2.078	2.02	4
304	1.941	1.902	2.118	2.039	4
305	2.098	2.078	2.196	2.059	4
306	2.02	1.804	2.0	2.0	4
307	1.863	1.706	2.0	1.922	4
308	1.941	1.765	2.059	1.882	4
309	2.039	1.824	2.098	1.902	4
310	2.02	1.784	2.098	1.941	4
311	2.02	1.804	2.059	1.98	4
312	2.0	1.804	2.059	1.961	4
313	2.02	1.902	2.078	1.961	4
314	1.98	1.961	2.078	1.941	4
315	2.02	2.02	2.059	1.941	4
316	1.98	2.078	2.039	1.961	4
317	1.922	2.0	2.039	1.961	4
318	1.863	1.961	2.02	1.961	4
319	1.922	1.941	2.0	1.961	4
320	1.941	1.882	2.0	1.961	4
321	1.961	1.882	2.02	1.941	4
322	2.039	2.039	2.118	2.0	4
323	2.0	1.824	1.961	2.0	4
324	1.922	1.765	1.98	1.961	4
325	1.98	1.843	2.059	1.941	4
326	2.02	1.863	2.118	1.941	4
327	1.961	1.824	2.098	1.961	4
328	1.941	1.902	2.059	1.961	4
329	1.922	1.843	1.98	1.961	4
330	1.922	1.902	2.02	1.941	4
331	1.922	1.961	2.059	1.961	4
332	1.922	1.98	2.039	1.98	4
333	1.902	1.961	2.02	1.98	4
334	1.941	2.0	2.059	1.961	4
335	2.0	2.039	2.118	1.98	4
336	2.078	2.059	2.098	1.98	4
337	2.02	1.882	2.0	1.961	4
338	1.98	1.824	2.02	1.922	4
339	2.098	2.059	2.157	1.98	4
340	2.039	1.843	2.078	1.98	4
341	1.902	1.706	2.02	1.98	4
342	1.98	1.745	2.02	1.922	4
343	2.039	1.765	2.02	1.882	4
344	1.98	1.725	2.02	1.882	4
345	1.98	1.765	2.039	1.902	4
346	1.98	1.824	2.039	1.922	4
347	1.98	1.902	2.039	1.922	4
348	1.922	1.941	2.0	1.941	4
349	1.902	1.922	2.039	1.98	4
350	1.882	1.961	2.02	2.0	4
351	1.882	1.922	2.0	1.961	4
352	1.882	1.961	2.039	1.961	4
353	1.902	1.941	2.0	1.941	4
354	1.902	1.843	2.02	1.941	4
355	1.922	1.824	2.059	1.98	4
356	2.078	2.0	2.118	2.0	4
357	2.0	1.765	1.961	2.0	4
358	1.843	1.647	1.98	1.941	4
359	1.902	1.745	2.02	1.922	4
360	1.961	1.804	2.078	1.902	4
361	2.0	1.804	2.098	1.98	4
362	1.961	1.863	2.078	2.02	4
363	1.941	1.863	2.059	2.0	4
364	1.98	1.882	2.039	1.98	4
365	1.961	1.941	2.078	1.941	4
366	1.961	1.98	2.059	1.922	4
367	1.922	2.0	2.02	1.941	4
368	1.922	1.922	2.02	1.961	4
369	1.941	1.922	2.02	1.98	4
370	2.0	1.941	2.059	1.961	4
371	1.961	1.882	2.039	1.98	4
372	1.98	1.863	2.078	1.98	4
373	2.137	1.98	2.118	2.02	4
374	2.059	1.765	2.0	1.98	4
375	1.941	1.686	2.0	1.922	4
376	1.961	1.784	2.059	1.902	4
377	1.98	1.804	2.078	1.922	4
378	1.961	1.765	2.059	1.98	4
379	1.98	1.784	2.02	1.98	4
380	2.02	1.804	2.0	1.941	4
381	2.0	1.882	2.039	1.941	4
382	1.961	1.941	2.059	1.922	4
383	1.961	1.98	2.02	1.922	4
384	1.941	1.98	2.0	1.941	4
385	1.902	1.961	2.02	1.941	4
386	1.922	1.961	2.039	1.961	4
387	1.98	1.98	2.02	1.961	4
388	1.961	1.863	2.0	1.922	4
389	1.98	1.824	2.039	1.922	4
390	2.118	2.02	2.137	1.98	4
391	2.059	1.824	2.02	1.98	4
392	1.922	1.686	1.98	1.941	4
393	1.941	1.784	2.059	1.902	4
394	2.02	1.843	2.078	1.902	4
395	1.98	1.804	2.098	1.941	4
396	1.98	1.804	2.02	1.961	4
397	2.02	1.863	2.059	1.941	4
398	2.039	1.941	2.059	1.922	4
399	1.941	2.0	2.059	1.922	4
400	1.922	2.02	2.059	1.941	4
401	1.882	2.078	2.059	1.98	4
402	1.922	2.078	2.078	2.02	4
403	1.961	2.078	2.078	2.02	4
404	1.98	2.059	2.039	1.98	4
405	1.941	1.98	2.039	1.961	4
406	1.941	1.941	2.039	1.961	4
407	2.098	2.118	2.157	1.98	4
408	2.039	1.922	2.039	2.0	4
409	1.902	1.725	2.039	1.961	4
410	1.98	1.784	2.039	1.922	4
411	2.059	1.804	2.039	1.882	4
412	2.039	1.804	2.059	1.902	4
413	1.98	1.882	2.059	1.941	4
414	1.98	1.882	2.039	1.941	4
415	2.0	1.922	2.02	1.941	4
416	1.98	1.98	2.078	1.922	4
417	1.98	1.98	2.039	1.941	4
418	1.941	2.0	2.039	1.941	4
419	1.941	1.98	2.039	1.961	4
420	1.98	1.941	2.0	1.941	4
421	2.02	1.98	2.0	1.922	4
422	1.941	1.922	2.0	1.961	4
423	1.961	1.863	2.059	1.961	4
424	2.098	2.039	2.157	2.039	4
425	2.059	1.882	2.098	2.039	4
426	1.902	1.667	2.0	2.0	4
427	1.902	1.706	2.02	1.941	4
428	1.961	1.784	2.039	1.922	4
429	1.961	1.804	2.078	1.941	4
430	1.961	1.882	2.078	1.961	4
431	1.941	1.922	2.059	2.0	4
432	1.941	1.922	2.098	2.02	4
433	1.961	1.98	2.078	2.039	4
434	1.98	1.98	2.039	1.98	4
435	1.922	1.98	2.078	1.961	4
436	1.902	2.0	2.078	1.98	4
437	1.882	1.961	2.039	2.0	4
438	1.941	2.0	2.0	2.0	4
439	1.941	1.941	2.02	1.98	4
440	1.98	1.941	2.039	2.0	4
441	2.098	2.059	2.157	2.02	4
442	2.0	1.843	2.039	2.059	4
443	1.882	1.667	1.98	1.98	4
444	1.941	1.706	2.0	1.922	4
445	1.961	1.765	2.02	1.902	4
446	1.922	1.706	2.02	1.902	4
447	1.941	1.784	1.98	1.941	4
448	1.98	1.843	2.0	1.922	4
449	2.02	1.941	2.0	1.922	4
450	1.941	1.961	2.0	1.922	4
451	1.902	1.961	2.0	1.941	4
452	1.863	2.02	2.0	1.961	4
453	1.882	2.0	1.961	1.98	4
454	1.902	1.961	1.961	1.961	4
455	1.941	2.0	1.98	1.961	4
456	1.922	1.941	2.02	1.98	4
457	1.922	1.922	2.02	1.961	4
458	2.098	2.059	2.098	2.0	4
459	2.078	1.863	1.98	1.961	4
460	1.902	1.706	2.0	1.902	4
461	1.941	1.784	2.02	1.902	4
462	1.961	1.804	2.02	1.922	4
463	1.922	1.784	2.0	1.961	4
464	1.922	1.863	2.039	1.98	4
465	1.922	1.902	2.039	1.98	4
466	1.941	1.961	2.078	1.961	4
467	1.961	2.0	2.098	1.961	4
468	1.941	2.0	2.059	1.961	4
469	1.902	1.941	2.02	1.941	4
470	1.863	1.922	1.98	1.941	4
471	1.863	1.922	2.02	1.941	4
472	1.941	1.941	2.02	1.98	4
473	1.922	1.863	2.0	1.98	4
474	1.941	1.784	2.02	1.98	4
475	2.118	1.98	2.157	2.0	4
476	2.078	1.765	2.0	1.961	4
477	1.882	1.549	1.922	1.882	4
478	1.922	1.608	1.98	1.863	4
479	1.98	1.667	2.02	1.882	4
480	1.98	1.667	2.039	1.902	4
481	1.961	1.706	2.039	1.941	4
482	1.941	1.745	2.02	1.941	4
483	1.941	1.804	2.02	1.922	4
484	1.941	1.843	2.02	1.922	4
485	1.961	1.882	2.0	1.902	4
486	1.961	1.941	2.02	1.902	4
487	1.882	1.98	2.039	1.941	4
488	1.863	1.98	2.02	1.98	4
489	1.922	1.961	2.039	1.98	4
490	1.941	1.902	2.059	1.961	4
491	1.961	1.902	2.078	1.941	4
492	2.078	2.059	2.157	2.0	4
493	2.02	1.882	2.02	2.02	4
494	1.863	1.686	1.98	1.941	4
495	1.922	1.745	2.059	1.902	4
496	1.961	1.824	2.098	1.922	4
497	1.961	1.725	2.078	1.941	4
498	1.961	1.725	2.039	1.961	4
499	1.961	1.784	2.02	1.941	4
500	2.0	1.863	2.059	1.902	4
501	1.961	1.882	2.059	1.902	4
502	1.941	1.941	2.039	1.941	4
503	1.902	1.961	2.02	1.961	4
504	1.961	1.922	2.0	1.961	4
505	1.941	1.882	2.039	1.961	4
506	1.961	1.961	2.098	1.961	4
507	1.922	1.804	2.02	1.961	4
508	1.961	1.745	2.0	1.922	4
509	2.137	1.922	2.078	1.941	4
510	2.098	1.804	1.98	1.961	4
511	1.882	1.667	2.0	1.922	4
512	1.902	1.686	2.02	1.941	4
513	1.961	1.725	2.078	1.922	4
514	2.0	1.667	2.039	1.941	4
515	2.0	1.667	2.039	1.961	4
516	2.02	1.667	1.98	1.941	4
517	1.98	1.725	2.0	1.882	4
518	1.98	1.843	2.02	1.882	4
519	1.98	1.922	1.98	1.902	4
520	1.961	1.882	1.98	1.902	4
521	1.961	1.863	1.961	1.922	4
522	1.961	1.922	2.0	1.902	4
523	2.0	2.02	2.078	1.961	4
524	1.922	1.863	2.039	2.0	4
525	1.941	1.667	1.98	2.02	4
526	2.157	1.922	2.098	1.98	4
527	2.157	1.824	1.961	1.922	4
528	1.961	1.706	1.922	1.863	4
529	2.0	1.765	2.02	1.863	4
530	1.961	1.882	2.098	1.941	4
531	1.98	1.882	2.137	2.039	4
532	2.0	1.961	2.137	2.059	4
533	2.0	1.961	2.059	2.02	4
534	1.961	2.0	2.078	2.0	4
535	1.902	2.039	2.078	2.0	4
536	1.922	2.078	2.039	2.0	4
537	1.902	2.118	2.039	2.0	4
538	1.902	2.157	2.098	2.02	4
539	1.922	2.137	2.078	2.039	4
540	1.98	2.098	2.039	2.0	4
541	2.0	2.02	2.02	1.98	4
542	1.941	1.882	2.02	1.98	4
543	2.078	1.98	2.118	2.0	4
544	2.098	1.843	1.98	2.0	4
545	1.941	1.647	1.902	1.922	4
546	2.02	1.647	1.941	1.863	4
547	2.059	1.706	1.961	1.843	4
548	2.039	1.765	2.059	1.902	4
549	2.0	1.804	2.039	1.98	4
550	2.02	1.725	1.98	2.0	4
551	2.0	1.706	1.961	1.961	4
552	2.039	1.804	1.961	1.922	4
553	2.078	1.941	1.941	1.863	4
554	2.02	2.0	1.941	1.824	4
555	2.039	1.941	1.961	1.882	4
556	1.961	2.039	2.059	2.0	4
557	1.98	2.118	2.078	2.059	4
558	2.02	1.902	1.961	2.02	4
559	2.039	1.863	1.961	1.922	4
560	2.137	2.157	2.157	1.941	4
561	2.098	2.118	2.118	2.0	4
562	1.882	1.922	2.098	2.039	4
563	1.922	1.922	2.118	2.059	4
564	2.0	1.902	2.078	2.02	4
565	2.039	1.863	2.059	1.98	4
566	2.02	1.922	2.098	1.941	4
567	1.961	2.0	2.059	1.941	4
568	1.922	2.039	2.059	1.961	4
569	1.961	2.098	2.098	1.98	4
570	1.961	2.157	2.078	2.0	4
571	1.902	2.078	2.098	2.02	4
572	1.961	2.039	2.039	2.0	4
573	1.941	2.0	2.02	1.961	4
574	1.961	2.078	2.059	1.922	4
575	1.941	2.0	2.02	1.922	4
576	1.961	1.922	2.0	1.941	4
577	2.137	2.137	2.137	2.0	4
578	2.098	2.078	2.078	2.039	4
579	1.882	1.804	2.0	2.0	4
580	1.941	1.745	2.0	1.922	4
581	2.039	1.784	1.98	1.843	4
582	2.02	1.843	2.059	1.843	4
583	1.98	2.0	2.02	1.863	4
584	1.961	2.098	2.02	1.941	4
585	1.922	2.157	2.059	2.0	4
586	1.922	2.176	2.039	2.039	4
587	1.961	2.255	2.02	1.98	4
588	1.922	2.294	2.02	1.922	4
589	1.922	2.294	2.059	1.922	4
590	1.902	2.275	2.02	1.941	4
591	1.961	2.275	2.02	1.941	4
592	1.961	2.176	2.0	1.961	4
593	1.922	2.098	2.02	1.98	4
594	2.039	2.255	2.157	2.0	4
595	2.078	2.098	2.039	2.0	4
596	1.882	1.843	1.961	1.941	4
597	1.941	1.882	2.0	1.882	4
598	1.98	1.863	2.039	1.863	4
599	1.98	1.765	2.02	1.882	4
600	1.961	1.784	2.02	1.902	4
601	2.0	1.824	1.98	1.882	4
602	1.98	1.843	2.0	1.882	4
603	1.961	1.961	2.059	1.902	4
604	1.941	2.0	2.02	1.941	4
605	1.863	1.98	2.039	1.941	4
606	1.843	1.98	2.039	1.98	4
607	1.863	1.961	2.039	1.98	4
608	1.961	2.02	2.098	1.961	4
609	1.961	1.882	2.02	1.922	4
610	1.961	1.804	2.0	1.863	4
611	2.078	2.0	2.157	1.922	4
612	2.039	1.922	2.118	1.98	4
613	1.843	1.686	2.039	2.0	4
614	1.902	1.706	2.059	1.961	4
615	1.922	1.765	2.118	1.941	4
616	1.902	1.824	2.157	1.961	4
617	1.902	1.804	2.176	1.98	4
618	1.922	1.843	2.137	1.98	4
619	1.961	1.824	2.137	1.961	4
620	1.961	1.843	2.137	1.941	4
621	1.922	1.941	2.118	1.941	4
622	1.882	1.882	2.078	1.941	4
623	1.863	1.863	2.039	1.941	4
624	1.882	1.941	2.078	1.941	4
625	1.941	2.02	2.098	1.961	4
626	1.941	1.863	2.098	1.961	4
627	1.961	1.824	2.118	1.941	4
628	2.078	2.0	2.216	1.98	4
629	2.078	1.882	2.098	2.0	4
630	1.882	1.667	2.02	1.961	4
631	1.941	1.725	2.078	1.902	4
632	2.0	1.784	2.078	1.882	4
633	2.02	1.784	2.078	1.882	4
634	1.98	1.843	2.098	1.922	4
635	1.961	1.882	2.059	1.961	4
636	1.941	1.98	2.118	2.0	4
637	1.922	2.039	2.098	2.02	4
638	1.922	2.059	2.02	1.98	4
639	1.882	2.059	2.02	1.961	4
640	1.922	2.039	2.039	1.961	4
641	1.882	2.039	2.039	1.98	4
642	1.98	2.137	2.118	2.0	4
643	2.039	2.098	2.137	2.02	4
644	2.02	1.941	2.039	2.0	4
645	2.157	2.176	2.196	2.0	4
646	2.176	2.098	2.078	2.02	4
647	1.902	1.804	2.0	1.98	4
648	1.961	1.863	2.039	1.941	4
649	1.98	1.941	2.059	1.922	4
650	1.961	1.961	2.078	1.941	4
651	1.98	2.196	2.196	1.98	4
652	2.157	2.373	2.118	2.0	4
653	2.196	2.373	2.039	1.961	4
654	2.137	2.373	2.02	1.922	4
655	2.078	2.529	2.059	1.882	4
656	2.039	2.627	2.118	1.882	4
657	2.059	2.647	2.098	1.941	4
658	2.0	2.549	1.961	1.941	4
659	2.0	2.588	1.98	1.902	4
660	1.98	2.588	2.0	1.863	4
661	1.961	2.549	2.0	1.843	4
662	2.118	2.667	2.078	1.922	4
663	2.196	2.569	2.078	1.961	4
664	2.02	2.353	1.941	1.922	4
665	1.98	2.216	1.824	1.686	4
666	1.882	2.039	1.804	1.51	4
667	1.824	2.02	1.941	1.588	4
668	1.843	2.02	2.0	1.784	4
669	1.863	2.098	2.039	1.922	4
670	1.941	2.078	1.98	1.882	4
671	2.118	1.98	1.941	1.627	4
672	1.98	2.078	1.961	1.471	4
673	1.784	2.059	1.961	1.529	4
674	1.882	1.902	1.824	1.725	4
675	1.843	1.686	1.706	1.882	4
676	1.804	1.608	1.725	1.941	4
677	1.784	1.51	1.902	1.902	4
678	1.902	1.549	2.02	1.804	4
679	2.039	1.667	2.157	1.882	4
680	2.118	1.529	2.157	2.039	4
681	1.941	1.216	2.02	2.118	4
682	1.961	1.157	2.0	2.078	4
683	1.961	1.137	1.961	2.02	4
684	1.922	1.196	2.039	2.0	4
685	1.922	1.157	2.039	2.059	4
686	2.02	1.176	2.137	2.176	4
687	2.078	1.235	2.157	2.275	4
688	1.98	1.216	2.176	2.353	4
689	1.941	1.176	1.98	2.314	4
690	1.784	1.059	2.02	2.294	4
691	1.804	1.216	2.216	2.314	4
692	1.902	1.333	2.275	2.314	4
693	1.98	1.373	2.196	2.235	4
694	2.039	1.059	1.98	2.078	4
695	2.0	1.0	2.039	2.0	4
696	2.098	1.294	2.275	2.176	4
697	2.098	1.275	2.255	2.353	4
698	1.882	0.98	2.039	2.314	4
699	1.902	0.941	1.98	2.235	4
700	1.98	1.0	2.078	2.235	4
701	1.961	1.059	2.137	2.235	4
702	1.902	1.098	2.137	2.176	4
703	1.882	1.078	1.98	2.118	4
704	1.824	1.098	2.0	2.137	4
705	1.863	1.275	2.0	2.176	4
706	1.902	1.373	1.961	2.137	4
707	1.922	1.431	2.0	2.157	4
708	2.0	1.667	2.157	2.294	4
709	1.863	1.412	1.902	2.373	4
710	1.725	1.235	1.784	2.333	4
711	1.667	1.294	1.843	2.255	4
712	1.725	1.431	1.882	2.216	4
713	2.118	1.765	2.0	2.176	4
714	2.216	1.608	1.843	2.118	4
715	1.843	1.275	1.725	2.059	4
716	1.627	1.451	1.824	2.059	4
717	1.706	1.569	1.804	2.118	4
718	1.882	1.765	1.765	2.157	4
719	2.02	1.922	1.824	2.196	4
720	2.059	2.039	1.784	2.196	4
721	1.882	2.255	1.765	2.118	4
722	1.725	2.549	1.863	2.078	4
723	1.686	2.784	1.843	2.078	4
724	1.804	2.882	1.745	2.078	4
725	1.902	2.941	1.745	2.059	4
726	1.98	3.314	1.941	2.137	4
727	2.0	3.529	1.922	2.157	4
728	1.882	3.314	1.765	2.098	4
729	1.804	3.196	1.765	2.039	4
730	1.882	3.49	1.961	2.0	4
731	1.98	3.529	1.902	2.059	4
732	1.725	3.314	1.804	2.039	4
733	1.784	3.314	1.745	1.961	4
734	1.882	3.431	1.804	1.902	4
735	1.922	3.314	1.745	1.863	4
736	2.0	3.078	1.745	1.824	4
737	2.0	2.961	1.725	1.863	4
738	1.804	2.902	1.706	1.961	4
739	1.804	2.824	1.608	1.941	4
740	1.706	2.608	1.451	1.882	4
741	1.686	2.451	1.471	1.784	4
742	1.804	2.216	1.549	1.765	4
743	1.922	1.941	1.588	1.824	4
744	1.922	1.157	1.451	1.863	4
745	1.843	0.627	1.373	1.863	4
746	1.902	0.784	1.529	1.784	4
747	2.098	1.255	1.765	1.824	4
748	2.098	0.922	1.588	1.843	4
749	1.784	0.176	1.373	1.824	4
750	1.647	0.0	1.49	1.824	4
751	1.725	0.0	1.51	1.824	4
752	1.922	0.0	1.51	1.784	4
753	2.0	0.0	1.725	1.745	4
754	2.235	0.0	1.882	1.706	4
755	2.196	0.0	1.882	1.686	4
756	1.784	0.059	1.922	1.686	4
757	1.843	0.098	1.922	1.706	4
758	1.98	0.098	1.941	1.667	4
759	2.0	0.196	1.804	1.608	4
760	2.039	0.196	1.745	1.51	4
761	1.941	0.451	2.0	1.451	4
762	1.824	0.51	2.176	1.431	4
763	1.961	0.412	2.275	1.412	4
764	2.118	0.569	2.51	1.451	4
765	2.098	0.412	2.353	1.471	4
766	1.863	0.0	2.059	1.431	4
767	1.863	0.0	2.039	1.255	4
768	2.0	0.0	2.235	1.118	4
769	1.922	0.0	2.353	1.059	4
770	1.902	0.0	2.373	1.059	4
771	1.706	0.0	2.196	1.039	4
772	1.706	0.078	2.059	0.98	4
773	1.863	0.431	2.235	0.98	4
774	2.157	0.745	2.451	1.0	4
775	2.137	0.667	2.353	1.059	4
776	1.824	0.471	2.118	1.118	4
777	1.725	0.51	1.922	1.059	4
778	1.961	0.922	2.039	0.922	4
779	2.118	1.235	2.255	0.882	4
780	2.0	1.392	2.373	0.941	4
781	2.039	1.922	2.49	1.137	4
782	2.02	2.137	2.412	1.314	4
783	2.0	1.941	2.216	1.353	4
784	2.255	2.333	2.314	1.314	4
785	2.353	2.588	2.118	1.255	4
786	2.235	2.863	2.118	1.294	4
787	2.137	3.235	2.529	1.431	4
788	2.137	3.314	2.784	1.588	4
789	2.294	3.353	2.608	1.745	4
790	2.373	3.569	2.51	1.863	4
791	2.255	3.961	2.431	2.059	4
792	2.275	4.098	2.49	2.157	4
793	2.196	4.02	2.608	2.275	4
794	2.176	4.098	2.745	2.314	4
795	2.157	4.216	2.804	2.373	4
796	2.255	4.333	2.843	2.471	4
797	2.373	4.255	2.765	2.569	4
798	2.353	4.333	2.745	2.608	4
799	2.392	4.275	2.686	2.569	4
800	2.176	3.922	2.588	2.569	4
801	2.157	3.882	2.647	2.647	4
802	2.137	3.863	2.725	2.725	4
803	2.02	3.824	2.765	2.824	4
804	2.02	3.784	2.765	2.863	4
805	2.118	3.824	2.706	2.863	4
806	2.157	3.745	2.686	2.784	4
807	2.0	3.471	2.549	2.745	4
808	1.686	3.333	2.588	2.765	4
809	1.647	3.275	2.667	2.804	4
810	1.941	3.294	2.745	2.765	4
811	2.137	3.176	2.588	2.647	4
812	2.176	3.098	2.471	2.51	4
813	1.902	2.706	2.49	2.373	4
814	1.725	2.608	2.569	2.373	4
815	1.824	2.745	2.569	2.451	4
816	2.059	2.686	2.569	2.667	4
817	1.922	2.216	2.431	2.843	4
818	1.745	1.863	2.235	2.824	4
819	1.725	1.529	2.118	2.686	4
820	1.98	1.529	2.294	2.588	4
821	2.216	1.49	2.412	2.608	4
822	2.098	1.451	2.431	2.608	4
823	2.039	1.235	2.275	2.51	4
824	2.137	1.02	2.098	2.373	4
825	2.059	1.157	2.137	2.314	4
826	1.765	1.314	2.118	2.431	4
827	1.569	1.392	2.078	2.627	4
828	1.882	1.314	2.02	2.765	4
829	2.255	1.392	2.118	2.765	4
830	2.235	1.353	2.176	2.647	4
831	2.196	1.412	2.137	2.471	4
832	2.0	1.647	2.157	2.353	4
833	1.922	1.863	2.255	2.353	4
834	1.745	1.745	2.176	2.314	4
835	2.0	1.902	2.039	2.196	4
836	2.118	2.216	1.922	2.0	4
837	2.039	2.451	1.863	1.922	4
838	1.98	2.569	1.902	1.922	4
839	1.863	2.686	2.0	1.98	4
840	1.843	2.843	2.059	2.0	4
841	1.98	3.255	2.255	2.0	4
842	2.255	3.529	2.176	1.843	4
843	2.235	3.294	1.784	1.627	4
844	2.0	3.235	1.549	1.51	4
845	1.902	3.137	1.471	1.49	4
846	1.902	3.098	1.667	1.529	4
847	1.804	3.098	1.941	1.608	4
848	1.804	3.078	1.961	1.667	4
849	1.882	3.078	1.882	1.725	4
850	2.157	3.0	1.627	1.608	4
851	2.059	2.667	1.569	1.471	4
852	1.843	2.588	1.804	1.412	4
853	1.922	2.667	1.922	1.51	4
854	2.216	2.49	1.725	1.627	4
855	2.176	2.137	1.549	1.647	4
856	2.039	2.039	1.784	1.569	4
857	2.02	2.118	2.059	1.529	4
858	1.784	2.235	2.039	1.627	4
859	1.647	2.157	1.843	1.706	4
860	1.745	1.98	1.863	1.784	4
861	1.804	1.961	1.98	1.843	4
862	1.804	1.863	1.902	1.863	4
863	1.863	1.804	1.725	1.843	4
864	1.882	1.647	1.627	1.765	4
865	1.725	1.471	1.882	1.765	4
866	1.745	1.51	2.176	1.804	4
867	1.882	1.49	2.078	1.882	4
868	1.765	1.137	1.882	1.882	4
869	1.706	1.118	1.804	1.863	4
870	1.549	1.02	1.706	1.784	4
871	1.471	1.078	1.765	1.745	4
872	1.392	0.961	1.686	1.804	4
873	1.49	0.882	1.627	1.882	4
874	1.392	0.941	1.686	1.941	4
875	1.275	1.039	1.706	1.843	4
876	1.412	1.118	1.725	1.804	4
877	1.451	1.216	1.824	1.804	4
878	1.569	1.157	1.765	1.843	4
879	1.569	1.039	1.863	1.863	4
880	1.431	1.039	1.863	1.941	4
881	1.196	0.804	1.608	1.98	4
882	1.216	0.51	1.627	1.961	4
883	1.471	0.784	1.98	1.98	4
884	1.725	1.02	2.157	2.02	4
885	1.667	0.627	1.902	1.98	4
886	1.706	0.549	1.902	1.902	4
887	1.706	0.588	1.902	1.804	4
888	1.647	0.431	1.882	1.804	4
889	1.549	0.333	1.902	1.961	4
890	1.529	0.412	1.902	2.118	4
891	1.627	0.431	1.922	2.137	4
892	1.745	0.569	1.98	2.118	4
893	1.804	0.627	1.902	1.961	4
894	1.922	0.569	1.941	1.843	4
895	1.902	0.569	1.882	1.882	4
896	1.804	0.51	1.804	1.941	4
897	1.843	0.588	1.843	1.98	4
898	1.824	0.549	1.843	2.02	4
899	1.725	0.529	1.824	2.039	4
900	1.863	0.745	1.961	2.02	4
901	2.118	0.902	1.98	1.98	4
902	2.0	0.686	1.824	1.922	4
903	1.941	0.51	1.725	1.843	4
904	2.0	0.647	1.824	1.804	4
905	2.137	1.02	2.0	1.882	4
906	2.059	1.078	1.902	1.941	4
907	2.098	1.216	1.882	1.922	4
908	2.216	1.392	2.02	1.843	4
909	2.275	1.686	2.118	1.843	4
910	2.255	1.824	2.02	1.863	4
911	2.235	1.843	1.941	1.922	4
912	2.333	2.059	2.059	1.961	4
913	2.451	2.235	2.137	2.0	4
914	2.353	2.314	2.039	2.0	4
915	2.49	2.451	2.176	2.059	4
916	2.588	2.608	2.275	2.137	4
917	2.51	2.686	2.255	2.098	4
918	2.373	2.765	2.157	2.059	4
919	2.176	2.549	2.02	2.0	4
920	2.588	2.667	2.157	2.02	4
921	2.784	2.843	2.353	2.098	4
922	2.647	2.902	2.373	2.157	4
923	2.49	2.824	2.294	2.235	4
924	2.51	2.863	2.294	2.235	4
925	2.471	2.843	2.275	2.235	4
926	2.686	2.961	2.373	2.255	4
927	2.51	2.902	2.255	2.157	4
928	2.431	2.843	2.314	2.0	4
929	2.49	2.804	2.333	2.02	4
930	2.373	2.627	2.294	2.098	4
931	2.431	2.588	2.471	2.157	4
932	2.49	2.451	2.51	2.157	4
933	2.412	2.314	2.412	2.098	4
934	2.451	2.235	2.275	2.0	4
935	2.49	2.118	2.255	1.961	4
936	2.196	1.686	2.412	1.941	4
937	2.118	1.588	2.51	1.961	4
938	2.157	1.51	2.51	2.02	4
939	2.196	1.412	2.392	2.059	4
940	2.157	1.255	2.235	2.02	4
941	2.078	1.118	2.118	1.843	4
942	2.059	1.216	2.098	1.686	4
943	1.784	1.176	2.157	1.686	4
944	1.667	1.157	2.157	1.824	4
945	1.745	1.216	2.275	2.02	4
946	1.784	1.216	2.255	2.118	4
947	1.745	1.118	2.118	2.059	4
948	1.627	1.039	2.078	1.98	4
949	1.529	1.078	2.137	1.941	4
950	1.471	1.02	2.098	1.941	4
951	1.471	1.216	2.373	1.961	4
952	1.882	1.569	2.471	1.941	4
953	1.784	1.216	2.196	1.902	4
954	1.804	1.137	2.157	1.882	4
955	1.725	1.216	2.098	1.922	4
956	1.588	1.255	2.137	1.98	4
957	1.569	1.373	2.255	2.0	4
958	1.863	1.667	2.392	2.0	4
959	1.961	1.824	2.392	1.961	4
960	1.784	1.843	2.255	1.941	4
961	1.765	1.882	2.098	1.863	4
962	1.784	1.863	2.118	1.882	4
963	1.882	1.961	2.118	1.941	4
964	1.98	1.98	2.098	2.0	4
965	2.098	2.216	2.137	2.0	4
966	2.118	2.157	2.059	1.941	4
967	1.863	1.922	1.902	1.863	4
968	1.882	2.02	2.039	1.843	4
969	2.078	2.157	2.039	1.922	4
970	1.922	1.843	1.843	1.941	4
971	1.902	1.902	1.922	1.961	4
972	1.98	1.98	1.882	1.922	4
973	2.039	1.882	1.784	1.824	4
974	1.902	1.882	1.804	1.765	4
975	1.922	1.961	1.784	1.784	4
976	1.922	2.02	1.882	1.843	4
977	1.902	2.059	1.882	1.882	4
978	1.941	2.196	1.765	1.882	4
979	1.941	2.118	1.647	1.843	4
980	1.863	2.039	1.686	1.824	4
981	1.902	2.078	1.804	1.824	4
982	1.98	2.255	1.98	1.824	4
983	1.941	2.235	1.941	1.765	4
984	1.843	2.098	1.745	1.706	4
985	1.804	2.137	1.745	1.745	4
986	2.059	2.216	1.784	1.863	4
987	2.118	1.863	1.706	1.882	4
988	2.157	1.902	1.863	1.863	4
989	2.157	2.157	1.98	1.804	4
990	1.863	2.196	1.941	1.863	4
991	1.843	2.039	1.843	1.902	4
992	2.0	2.137	1.843	1.922	4
993	2.02	2.196	1.804	1.863	4
994	2.157	2.294	1.902	1.902	4
995	2.157	2.333	1.882	1.902	4
996	2.0	2.255	1.843	1.902	4
997	1.98	2.412	1.902	1.922	4
998	2.039	2.569	1.98	1.961	4
999	2.02	2.549	1.98	2.02	4
1000	2.02	2.471	1.941	2.039	4
1001	1.961	2.412	1.863	2.02	4
1002	1.824	2.353	1.882	1.98	4
1003	2.02	2.431	1.922	2.0	4
1004	2.039	2.216	1.902	2.02	4
1005	2.118	2.333	2.098	2.0	4
1006	2.314	2.667	2.294	2.02	4
1007	2.137	2.588	2.176	2.02	4
1008	1.941	2.49	2.02	1.941	4
1009	1.902	2.333	1.804	1.627	4
1010	1.922	2.353	1.804	1.431	4
1011	1.961	2.569	1.941	1.569	4
1012	1.98	2.686	2.0	1.843	4
1013	1.941	2.706	2.0	2.078	4
1014	1.961	2.765	2.118	2.216	4
1015	1.882	2.706	2.118	2.255	4
1016	2.0	2.804	2.137	2.039	4
1017	2.196	2.804	2.098	1.804	4
1018	2.039	2.667	2.176	1.686	4
1019	1.902	2.549	2.255	1.725	4
1020	1.843	2.49	2.059	1.843	4
1021	1.667	2.137	1.882	1.961	4
1022	1.725	2.255	2.078	2.098	4
1023	2.0	2.392	2.157	2.196	4
1024	2.118	2.275	2.118	2.176	4
1025	2.039	2.235	2.157	2.118	4
1026	1.882	2.275	2.157	2.059	4
1027	1.667	2.235	2.118	2.059	4
1028	1.627	2.235	2.157	2.098	4
1029	1.706	2.333	2.235	2.137	4
1030	1.765	2.314	2.196	2.137	4
1031	1.902	2.275	2.157	2.098	4
1032	1.961	2.196	2.137	2.078	4
1033	2.02	2.235	2.235	2.098	4
1034	1.863	2.118	2.235	2.078	4
1035	1.804	1.961	2.137	2.0	4
1036	1.863	2.059	2.196	2.02	4
1037	1.961	1.941	2.118	2.02	4
1038	1.706	1.569	2.02	2.039	4
1039	1.843	1.725	2.216	2.059	4
1040	2.0	1.725	2.196	2.059	4
1041	1.902	1.647	2.098	2.039	4
1042	1.863	1.471	2.02	2.0	4
1043	1.902	1.529	2.059	1.961	4
1044	1.922	1.569	2.078	1.941	4
1045	1.922	1.627	2.098	1.98	4
1046	1.843	1.686	2.137	2.039	4
1047	1.941	1.647	2.02	2.02	4
1048	2.039	1.529	1.902	1.941	4
1049	2.0	1.49	1.882	1.882	4
1050	1.784	1.49	1.902	1.902	4
1051	1.686	1.451	1.941	1.961	4
1052	1.686	1.431	1.941	2.039	4
1053	1.784	1.471	1.961	2.0	4
1054	2.039	1.588	2.02	2.0	4
1055	2.137	1.392	1.863	2.0	4
1056	2.02	1.294	1.902	1.941	4
1057	2.059	1.529	2.078	1.902	4
1058	2.02	1.529	2.0	1.922	4
1059	1.863	1.471	1.941	1.922	4
1060	1.804	1.529	1.882	1.922	4
1061	1.824	1.647	1.902	1.941	4
1062	1.922	1.765	1.941	1.941	4
1063	2.078	1.863	1.98	1.98	4
1064	2.02	1.863	2.02	2.02	4
1065	1.98	1.863	2.02	2.078	4
1066	1.941	1.922	2.039	2.118	4
1067	2.0	2.02	2.02	2.078	4
1068	2.059	1.961	1.961	1.98	4
1069	1.961	1.961	2.039	1.922	4
1070	2.0	1.98	2.157	1.98	4
1071	2.0	2.098	2.176	2.098	4
1072	1.824	1.784	1.922	2.137	4
1073	1.922	1.667	1.902	2.078	4
1074	2.118	1.784	2.118	2.02	4
1075	2.157	1.922	2.216	2.0	4
1076	2.039	1.922	2.176	2.0	4
1077	1.941	1.941	2.039	2.02	4
1078	1.745	1.882	1.922	2.039	4
1079	1.725	1.882	1.941	2.0	4
1080	1.961	1.961	1.941	1.941	4
1081	2.059	1.98	2.0	1.922	4
1082	2.176	2.078	2.059	1.961	4
1083	2.039	2.098	2.137	2.039	4
1084	1.784	2.059	2.118	2.118	4
1085	1.804	1.863	2.0	2.078	4
1086	1.961	1.784	1.961	2.02	4
1087	2.157	1.863	2.078	1.98	4
1088	2.137	1.843	2.137	2.0	4
1089	1.961	1.549	1.961	2.0	4
1090	1.902	1.529	2.0	1.961	4
1091	2.078	1.667	2.02	1.98	4
1092	2.02	1.569	1.922	1.98	4
1093	1.804	1.529	1.961	1.961	4
1094	1.922	1.647	2.0	1.902	4
1095	2.176	1.804	2.098	1.863	4
1096	2.314	1.843	2.078	1.843	4
1097	2.078	1.667	2.0	1.902	4
1098	1.922	1.686	1.941	1.98	4
1099	1.98	1.765	1.961	2.0	4
1100	1.941	1.824	2.02	2.059	4
1101	2.02	1.843	2.02	2.0	4
1102	2.098	1.804	2.039	1.922	4
1103	2.039	1.745	2.059	1.882	4
1104	2.0	1.824	2.157	1.882	4
1105	2.235	1.882	2.196	1.922	4
1106	2.137	1.529	2.02	1.902	4
1107	2.078	1.392	1.98	1.863	4
1108	2.098	1.451	2.039	1.882	4
1109	2.02	1.49	2.098	1.98	4
1110	2.0	1.51	2.098	2.059	4
1111	2.02	1.529	2.098	2.02	4
1112	2.039	1.569	2.098	1.961	4
1113	2.059	1.686	2.176	1.882	4
1114	1.98	1.765	2.196	1.922	4
1115	1.922	1.765	2.137	1.941	4
1116	1.922	1.745	2.039	1.941	4
1117	1.902	1.745	2.02	1.941	4
1118	1.961	1.804	2.078	1.98	4
1119	2.02	1.843	2.176	2.02	4
1120	1.941	1.745	2.098	2.0	4
1121	1.922	1.725	2.157	1.941	4
1122	2.078	1.941	2.196	1.902	4
1123	1.941	1.667	2.039	1.863	4
1124	1.843	1.686	2.039	1.843	4
1125	1.843	1.784	2.078	1.824	4
1126	1.843	1.902	2.098	1.863	4
1127	1.882	1.941	2.176	1.922	4
1128	2.0	1.902	2.059	1.882	4
1129	1.922	1.863	2.039	1.824	4
1130	1.824	1.941	2.059	1.804	4
1131	1.784	2.02	2.039	1.784	4
1132	1.902	2.078	2.0	1.765	4
1133	1.961	2.196	2.02	1.804	4
1134	1.804	2.118	1.98	1.843	4
1135	1.706	2.118	2.0	1.882	4
1136	1.765	2.137	2.078	1.804	4
1137	1.863	2.059	2.118	1.804	4
1138	2.039	2.02	2.176	1.882	4
1139	2.275	2.137	2.176	1.961	4
1140	2.039	1.745	1.941	1.961	4
1141	1.804	1.667	1.922	1.843	4
1142	1.824	1.765	1.98	1.765	4
1143	1.922	1.824	2.059	1.765	4
1144	2.098	1.863	2.137	1.863	4
1145	2.373	1.941	2.059	1.902	4
1146	2.02	1.706	1.961	1.922	4
1147	1.765	1.804	2.078	1.922	4
1148	1.98	2.039	2.137	1.941	4
1149	2.078	1.882	1.941	1.902	4
1150	2.039	1.843	1.902	1.804	4
1151	2.0	1.882	1.961	1.745	4
1152	1.902	1.902	1.961	1.765	4
1153	2.0	1.843	1.922	1.824	4
1154	2.0	1.784	1.961	1.882	4
1155	2.078	1.824	2.039	1.941	4
1156	2.176	1.961	2.137	2.078	4
1157	2.039	1.667	1.882	2.078	4
1158	1.922	1.51	1.745	1.902	4
1159	1.941	1.667	1.922	1.725	4
1160	1.961	1.765	2.039	1.706	4
1161	1.882	1.824	2.039	1.824	4
1162	1.882	1.784	1.902	1.902	4
1163	1.922	1.725	1.804	1.961	4
1164	1.843	1.863	1.882	1.98	4
1165	2.02	2.059	1.98	2.02	4
1166	2.078	2.059	2.039	2.039	4
1167	2.059	2.196	2.098	2.02	4
1168	1.843	2.118	2.0	1.98	4
1169	1.784	2.137	2.0	1.98	4
1170	1.784	2.059	1.902	2.0	4
1171	1.863	2.0	1.922	2.02	4
1172	2.0	2.078	2.0	2.039	4
1173	2.118	2.235	2.059	2.02	4
1174	2.0	1.98	1.941	1.98	4
1175	1.902	1.902	1.961	1.882	4
1176	1.902	1.902	2.02	1.882	4
1177	1.98	1.922	2.078	1.961	4
1178	2.059	2.039	2.137	2.059	4
1179	2.059	2.118	2.0	2.059	4
1180	1.824	2.137	1.961	1.98	4
1181	1.745	2.098	1.961	1.941	4
1182	1.804	2.216	2.078	1.902	4
1183	1.961	2.314	2.118	1.961	4
1184	2.078	2.275	2.039	2.0	4
1185	1.941	2.275	2.118	2.039	4
1186	1.922	2.373	2.157	2.078	4
1187	2.02	2.353	2.118	2.039	4
1188	1.961	2.137	2.02	1.961	4
1189	1.922	2.078	2.137	1.941	4
1190	1.961	2.353	2.275	2.02	4
1191	1.863	2.235	2.216	2.118	4
1192	1.863	2.176	2.118	2.098	4
1193	1.922	2.059	2.02	1.98	4
1194	1.922	1.961	1.98	1.824	4
1195	1.902	2.0	2.098	1.784	4
1196	1.98	2.176	2.176	1.882	4
1197	2.039	2.176	2.118	1.98	4
1198	1.882	2.157	2.098	2.059	4
1199	1.824	2.118	2.039	2.039	4
1200	1.804	2.157	2.078	1.941	4
1201	1.863	2.157	2.039	1.843	4
1202	1.863	2.118	2.02	1.843	4
1203	1.843	2.059	2.0	1.922	4
1204	1.804	2.02	1.941	1.98	4
1205	1.725	1.882	1.922	2.0	4
1206	1.824	1.902	2.059	2.02	4
1207	2.118	2.059	2.137	2.02	4
1208	2.0	1.706	1.98	1.922	4
1209	1.765	1.51	1.922	1.843	4
1210	1.745	1.51	1.98	1.824	4
1211	1.843	1.549	2.039	1.922	4
1212	1.824	1.627	2.118	2.059	4
1213	1.863	1.804	2.059	2.098	4
1214	1.784	1.608	1.765	2.0	4
1215	1.745	1.471	1.784	1.882	4
1216	1.922	1.647	1.98	1.824	4
1217	1.961	1.647	2.0	1.902	4
1218	1.882	1.765	2.098	2.02	4
1219	1.882	1.843	2.039	2.059	4
1220	1.863	1.784	1.98	2.039	4
1221	1.922	1.922	2.059	2.0	4
1222	2.039	1.824	2.0	1.941	4
1223	2.0	1.627	1.941	1.882	4
1224	2.0	1.784	2.0	1.922	4
1225	1.824	1.608	1.902	1.922	4
1226	1.784	1.569	2.0	1.902	4
1227	2.0	1.784	2.176	1.922	4
1228	2.118	1.804	2.137	1.941	4
1229	2.078	1.725	2.078	1.98	4
1230	2.059	1.863	2.098	2.0	4
1231	2.02	1.882	2.078	1.98	4
1232	1.961	1.941	2.137	2.0	4
1233	1.922	2.039	2.137	1.98	4
1234	1.804	1.882	1.961	1.941	4
1235	1.804	1.902	1.961	1.863	4
1236	1.902	2.0	2.118	1.902	4
1237	2.059	2.255	2.294	2.02	4
1238	2.255	2.176	2.176	2.098	4
1239	2.059	1.922	2.118	2.078	4
1240	1.922	1.843	2.118	1.98	4
1241	2.02	2.0	2.196	1.882	4
1242	2.0	1.824	2.02	1.824	4
1243	2.0	1.765	2.02	1.863	4
1244	2.039	1.784	2.059	1.961	4
1245	2.059	1.725	2.098	2.02	4
1246	1.98	1.725	2.059	2.039	4
1247	1.98	1.765	1.922	1.961	4
1248	2.0	1.843	1.922	1.843	4
1249	2.078	1.98	2.039	1.824	4
1250	2.02	1.902	2.0	1.843	4
1251	1.98	1.941	2.0	1.882	4
1252	1.941	1.882	1.922	1.922	4
1253	1.922	1.961	2.02	2.0	4
1254	2.02	1.98	2.0	2.039	4
1255	2.137	2.02	1.98	2.059	4
1256	1.98	1.863	1.941	2.02	4
1257	1.961	1.824	2.059	2.0	4
1258	2.176	1.941	2.059	2.0	4
1259	2.118	1.667	1.863	1.98	4
1260	2.02	1.627	1.902	1.922	4
1261	2.039	1.745	2.02	1.882	4
1262	2.078	1.667	2.02	1.922	4
1263	2.02	1.647	2.039	2.02	4
1264	2.0	1.765	2.078	2.098	4
1265	1.882	1.824	2.118	2.078	4
1266	1.902	1.941	2.098	1.98	4
1267	2.098	2.0	2.098	1.902	4
1268	2.333	2.039	2.098	1.843	4
1269	2.353	1.941	2.02	1.824	4
1270	1.941	1.784	1.941	1.863	4
1271	1.647	1.824	2.0	2.0	4
1272	1.843	1.961	2.118	2.098	4
1273	1.98	1.922	2.137	2.078	4
1274	2.039	1.922	2.157	2.02	4
1275	2.216	2.059	2.235	1.961	4
1276	2.059	1.765	2.059	1.922	4
1277	1.902	1.608	2.02	1.882	4
1278	2.02	1.745	2.137	1.882	4
1279	2.157	1.804	2.176	1.922	4
1280	2.039	1.725	2.176	2.0	4
1281	1.863	1.706	2.118	2.078	4
1282	1.824	1.765	2.157	2.118	4
1283	1.922	1.863	2.137	2.078	4
1284	1.922	1.882	2.118	2.0	4
1285	2.0	1.922	2.157	1.922	4
1286	2.098	1.98	2.137	1.902	4
1287	1.902	1.824	2.039	1.961	4
1288	1.784	1.902	2.098	2.039	4
1289	1.784	2.02	2.098	2.078	4
1290	1.745	1.843	2.039	2.078	4
1291	1.843	1.765	2.118	2.02	4
1292	2.098	1.922	2.137	2.02	4
1293	2.059	1.667	1.961	1.941	4
1294	1.922	1.608	2.0	1.922	4
1295	1.961	1.784	2.157	1.98	4
1296	2.039	1.824	2.176	2.039	4
1297	1.941	1.647	2.0	2.02	4
1298	1.804	1.706	1.98	1.922	4
1299	1.824	1.765	2.0	1.882	4
1300	1.922	1.843	2.059	1.922	4
1301	2.0	1.784	1.98	1.98	4
1302	2.059	1.863	2.02	2.0	4
1303	1.941	1.961	2.098	1.98	4
1304	1.902	2.02	2.137	1.941	4
1305	1.961	1.961	2.059	1.941	4
1306	2.059	1.843	1.961	1.941	4
1307	1.961	1.824	2.0	1.941	4
1308	1.961	1.902	2.118	2.0	4
1309	2.196	2.078	2.216	2.098	4
1310	2.137	1.647	1.941	2.078	4
1311	2.0	1.529	1.98	1.941	4
1312	1.98	1.745	2.118	1.824	4
1313	1.922	1.843	2.137	1.784	4
1314	1.98	1.706	2.059	1.843	4
1315	2.059	1.725	1.961	1.941	4
1316	1.882	1.745	1.961	2.0	4
1317	1.745	1.824	1.98	2.039	4
1318	1.765	1.882	2.0	2.039	4
1319	1.902	1.902	1.961	1.961	4
1320	2.196	1.882	1.961	1.882	4
1321	2.255	1.922	2.02	1.902	4
1322	2.137	1.98	2.039	1.941	4
1323	1.941	2.0	2.0	1.98	4
1324	1.686	1.863	1.941	1.961	4
1325	1.706	1.804	1.941	1.941	4
1326	1.882	1.902	2.0	2.039	4
1327	2.098	1.804	1.961	2.02	4
1328	2.235	1.765	1.941	1.961	4
1329	2.275	1.882	2.039	1.941	4
1330	2.137	1.941	2.02	1.961	4
1331	1.863	1.686	1.902	1.941	4
1332	1.784	1.804	1.98	1.882	4
1333	2.0	2.059	2.098	1.843	4
1334	2.196	2.137	2.157	1.882	4
1335	2.255	2.176	2.078	1.941	4
1336	2.137	2.078	1.961	1.98	4
1337	1.902	1.98	1.882	2.0	4
1338	1.863	2.039	1.961	1.98	4
1339	1.922	2.157	2.078	1.961	4
1340	2.098	2.294	2.196	2.0	4
1341	2.098	2.078	2.118	1.98	4
1342	2.0	2.0	2.078	1.922	4
1343	2.196	2.02	2.078	1.902	4
1344	2.098	1.922	2.039	1.863	4
1345	1.863	1.824	2.059	1.902	4
1346	1.863	1.843	2.118	1.922	4
1347	1.941	1.824	2.118	1.98	4
1348	1.922	1.882	2.137	2.078	4
1349	2.0	1.941	2.078	2.078	4
1350	2.059	2.02	2.098	1.961	4
1351	2.039	1.98	2.098	1.843	4
1352	1.98	2.02	2.137	1.765	4
1353	1.941	2.02	2.118	1.784	4
1354	1.784	1.941	2.0	1.922	4
1355	1.686	1.941	1.98	2.059	4
1356	1.667	1.98	2.039	2.078	4
1357	1.804	2.078	2.078	2.039	4
1358	1.922	1.941	2.02	1.902	4
1359	2.02	1.882	2.039	1.843	4
1360	2.059	2.039	2.137	1.882	4
1361	1.863	1.765	1.98	1.922	4
1362	1.725	1.608	1.961	1.902	4
1363	1.804	1.686	2.02	1.922	4
1364	1.863	1.765	2.059	1.98	4
1365	1.902	1.667	2.039	2.0	4
1366	1.98	1.784	2.078	2.0	4
1367	1.961	1.824	2.059	1.941	4
1368	1.902	1.824	2.059	1.922	4
1369	1.843	1.882	2.059	1.961	4
1370	1.804	1.863	2.059	2.02	4
1371	1.824	1.941	2.098	2.059	4
1372	1.882	1.922	2.078	2.078	4
1373	1.941	2.0	2.098	2.039	4
1374	2.02	1.98	2.078	2.0	4
1375	1.98	1.863	2.039	2.0	4
1376	1.863	1.765	2.039	2.02	4
1377	1.98	1.941	2.157	2.098	4
1378	2.0	1.843	2.078	2.118	4
1379	1.961	1.745	2.059	2.059	4
1380	1.941	1.686	2.039	1.961	4
1381	1.863	1.706	2.098	1.922	4
1382	1.882	1.725	2.059	1.941	4
1383	1.902	1.745	2.0	1.961	4
1384	1.941	1.784	2.02	2.0	4
1385	1.941	1.902	2.039	1.98	4
1386	1.941	2.0	2.059	1.941	4
1387	1.961	2.098	2.118	1.941	4
1388	1.941	2.039	2.078	1.941	4
1389	1.863	1.941	1.961	1.961	4
1390	1.745	1.902	1.941	1.98	4
1391	1.863	1.961	1.98	1.961	4
1392	1.882	1.843	1.961	1.902	4
1393	1.98	1.765	1.961	1.863	4
1394	2.176	2.078	2.137	1.941	4
1395	2.078	1.922	1.98	2.0	4
1396	2.02	1.706	2.0	1.922	4
1397	2.0	1.667	2.0	1.843	4
1398	1.941	1.686	2.02	1.843	4
1399	1.902	1.667	1.882	1.863	4
1400	1.922	1.667	1.824	1.882	4
1401	1.922	1.784	1.961	1.902	4
1402	2.02	1.882	2.0	1.941	4
1403	2.02	1.843	1.961	1.961	4
1404	2.02	1.902	1.922	1.922	4
1405	2.039	1.922	1.922	1.922	4
1406	2.078	1.98	1.98	1.882	4
1407	2.157	2.098	2.098	1.941	4
1408	2.216	2.059	2.0	1.941	4
1409	2.02	1.98	2.02	1.941	4
1410	1.941	1.98	2.078	1.98	4
1411	2.118	2.176	2.176	2.039	4
1412	2.137	1.922	1.98	2.059	4
1413	2.039	1.765	1.941	1.98	4
1414	2.118	1.804	2.0	1.922	4
1415	2.078	1.941	2.118	1.902	4
1416	2.059	1.98	2.176	1.941	4
1417	2.059	2.02	2.137	1.961	4
1418	2.039	1.98	2.059	1.961	4
1419	1.98	2.02	2.078	1.941	4
1420	2.02	2.098	2.137	1.98	4
1421	2.118	2.118	2.118	2.0	4
1422	2.0	2.098	2.098	2.0	4
1423	1.98	2.02	2.02	2.039	4
1424	1.824	2.059	2.098	2.039	4
1425	1.725	2.157	2.176	2.02	4
1426	1.686	1.824	1.941	1.98	4
1427	1.941	1.863	2.078	1.941	4
1428	2.255	2.157	2.216	1.98	4
1429	2.235	1.961	2.118	1.98	4
1430	1.941	1.745	2.078	1.961	4
1431	1.804	1.686	2.078	1.961	4
1432	1.765	1.765	2.098	1.941	4
1433	1.863	1.863	2.078	1.961	4
1434	2.0	1.804	2.02	1.941	4
1435	2.02	1.824	2.02	1.882	4
1436	1.941	1.863	2.078	1.843	4
1437	1.863	1.882	2.118	1.863	4
1438	1.765	1.941	2.059	1.941	4
1439	1.725	1.843	1.961	1.98	4
1440	1.804	1.824	1.902	1.941	4
1441	1.922	1.902	1.98	1.843	4
1442	2.059	2.039	2.078	1.863	4
1443	2.078	1.961	2.118	1.902	4
1444	2.0	1.804	1.98	1.922	4
1445	1.961	1.824	2.02	1.961	4
1446	1.882	1.725	1.98	1.98	4
1447	1.784	1.647	2.02	1.941	4
1448	1.863	1.725	2.078	1.941	4
1449	1.961	1.745	2.059	1.941	4
1450	1.961	1.686	2.02	1.922	4
1451	1.922	1.725	2.059	1.922	4
1452	1.961	1.784	2.039	1.922	4
1453	1.941	1.804	2.039	1.922	4
1454	1.882	1.863	2.0	1.961	4
1455	1.902	1.882	2.02	2.0	4
1456	1.882	1.98	2.137	2.039	4
1457	1.902	2.0	2.098	2.02	4
1458	1.922	1.863	1.98	1.961	4
1459	1.922	2.0	2.059	1.902	4
1460	1.882	1.863	2.0	1.941	4
1461	1.824	1.725	1.98	1.961	4
1462	1.941	1.902	2.137	2.098	4
1463	1.882	1.706	1.941	2.137	4
1464	1.784	1.627	1.98	2.02	4
1465	1.961	1.784	2.039	1.902	4
1466	2.039	1.863	2.078	1.824	4
1467	2.02	1.745	2.0	1.863	4
1468	1.922	1.647	1.922	1.922	4
1469	1.902	1.725	1.941	1.961	4
1470	1.961	1.882	2.039	1.961	4
1471	1.922	1.98	2.118	1.961	4
1472	1.941	1.941	2.0	1.882	4
1473	1.902	1.902	1.941	1.863	4
1474	1.922	2.0	2.02	1.98	4
1475	1.98	2.059	2.059	2.059	4
1476	2.059	1.961	2.0	2.0	4
1477	2.098	1.843	1.961	1.922	4
1478	1.98	1.784	1.961	1.843	4
1479	2.02	2.02	2.098	1.922	4
1480	1.98	1.843	1.961	1.941	4
1481	1.941	1.667	1.961	1.922	4
1482	2.059	1.765	2.02	1.863	4
1483	2.059	1.725	2.0	1.824	4
1484	2.137	1.765	2.02	1.863	4
1485	2.039	1.725	1.961	1.941	4
1486	1.882	1.765	1.902	2.02	4
1487	1.882	1.863	2.039	2.039	4
1488	2.02	2.02	2.137	2.039	4
1489	2.118	2.098	2.098	2.0	4
1490	2.118	1.98	1.922	1.882	4
1491	1.98	1.922	1.902	1.725	4
1492	2.02	2.039	2.039	1.725	4
1493	2.118	2.098	2.078	1.882	4
1494	2.039	1.961	2.039	2.078	4
1495	1.922	1.922	2.0	2.176	4
1496	2.078	2.039	2.059	2.157	4
1497	2.118	1.902	2.02	2.039	4
1498	1.98	1.824	2.078	1.922	4
1499	2.137	1.922	2.176	1.882	4
1500	2.118	1.961	2.157	1.922	4
1501	1.98	1.843	2.118	1.961	4
1502	1.902	1.804	1.98	2.02	4
1503	1.882	1.863	1.961	2.02	4
1504	1.941	1.961	2.039	2.0	4
1505	2.059	2.02	2.098	2.0	4
1506	1.922	2.098	2.098	2.02	4
1507	1.902	2.118	2.137	2.098	4
1508	1.941	2.098	2.137	2.118	4
1509	1.941	2.078	2.098	2.078	4
1510	2.0	2.078	2.039	1.98	4
1511	1.902	1.98	2.02	1.922	4
1512	1.843	1.882	2.02	1.902	4
1513	2.059	2.078	2.196	2.02	4
1514	2.098	1.922	2.078	2.078	4
1515	1.804	1.588	1.961	2.02	4
1516	1.647	1.667	2.02	2.0	4
1517	1.667	1.824	2.078	2.02	4
1518	1.961	1.882	2.02	1.961	4
1519	2.275	1.804	2.059	1.824	4
1520	2.392	1.922	2.196	1.824	4
1521	2.0	1.784	2.059	1.941	4
1522	1.706	1.784	2.02	2.02	4
1523	1.745	1.863	1.941	2.02	4
1524	1.902	1.941	2.02	1.922	4
1525	2.059	2.02	2.078	1.863	4
1526	2.02	1.98	2.039	1.863	4
1527	2.039	1.98	2.02	1.882	4
1528	1.98	1.882	2.0	1.922	4
1529	1.961	1.804	2.039	1.961	4
1530	2.137	2.0	2.196	1.98	4
1531	2.196	1.922	2.157	2.02	4
1532	2.0	1.608	1.941	1.98	4
1533	1.941	1.608	1.882	1.843	4
1534	1.961	1.745	2.078	1.804	4
1535	2.039	1.824	2.196	1.824	4
1536	2.098	1.784	2.137	1.902	4
1537	2.039	1.725	2.02	1.98	4
1538	1.863	1.843	2.078	2.02	4
1539	1.882	1.863	2.059	1.98	4
1540	1.941	1.843	2.02	1.902	4
1541	1.863	1.824	2.0	1.882	4
1542	1.843	1.784	1.922	1.863	4
1543	1.902	1.863	2.02	1.863	4
1544	1.922	2.039	2.059	1.902	4
1545	1.922	1.922	2.039	1.941	4
1546	1.922	1.804	2.0	2.039	4
1547	1.961	1.882	2.059	2.078	4
1548	1.922	1.784	1.98	2.059	4
1549	1.843	1.647	1.98	1.961	4
1550	1.961	1.647	1.98	1.863	4
1551	2.039	1.686	2.0	1.824	4
1552	1.941	1.765	2.0	1.863	4
1553	1.824	1.843	2.039	1.961	4
1554	1.882	1.863	1.98	2.039	4
1555	2.0	1.863	2.0	2.078	4
1556	2.02	1.961	2.118	2.059	4
1557	2.098	2.059	2.118	2.02	4
1558	1.961	2.078	2.118	2.0	4
1559	1.922	2.078	2.059	2.0	4
1560	1.922	2.039	2.02	1.98	4
1561	2.02	2.157	2.118	2.0	4
1562	2.059	2.078	2.118	2.078	4
1563	1.961	1.922	2.078	2.118	4
1564	2.118	2.137	2.216	2.137	4
1565	2.137	1.961	2.078	2.098	4
1566	1.941	1.745	2.039	1.98	4
1567	2.02	1.824	2.078	1.902	4
1568	2.0	1.804	2.039	1.882	4
1569	1.941	1.804	2.02	1.922	4
1570	1.902	1.784	1.98	1.902	4
1571	2.02	1.804	2.0	1.902	4
1572	1.922	1.882	2.02	1.941	4
1573	1.863	1.902	2.0	2.0	4
1574	1.843	1.941	1.922	2.02	4
1575	1.843	1.941	1.882	1.941	4
1576	1.941	1.882	1.863	1.863	4
1577	1.98	1.922	1.98	1.843	4
1578	2.0	1.941	1.98	1.863	4
1579	1.922	1.902	2.0	1.863	4
1580	1.824	1.843	1.961	1.922	4
1581	1.961	2.078	2.0	1.941	4
1582	2.059	1.922	1.863	1.941	4
1583	1.863	1.647	1.765	1.902	4
1584	1.882	1.686	1.98	1.863	4
1585	2.02	1.804	2.157	1.922	4
1586	2.078	1.824	2.118	1.902	4
1587	2.078	1.863	2.059	1.863	4
1588	2.039	1.882	1.922	1.843	4
1589	1.961	1.922	1.98	1.882	4
1590	1.902	2.0	2.078	1.941	4
1591	1.941	2.098	2.157	2.039	4
1592	1.922	2.078	2.098	2.098	4
1593	1.941	2.039	2.039	2.02	4
1594	2.0	2.078	2.078	1.941	4
1595	2.02	2.137	2.078	1.902	4
1596	2.039	2.02	2.039	1.882	4
1597	1.922	1.824	1.98	1.922	4
1598	1.941	2.039	2.157	2.039	4
1599	2.059	2.078	2.157	2.098	4
1600	1.902	1.765	2.059	2.098	4
1601	1.922	1.725	2.098	2.059	4
1602	2.059	1.824	2.176	2.0	4
1603	2.0	1.843	2.176	1.98	4
1604	1.961	1.902	2.216	1.961	4
1605	2.02	1.882	2.157	1.961	4
1606	1.941	1.882	2.118	1.98	4
1607	1.902	1.902	2.118	1.98	4
1608	1.961	1.922	2.059	1.98	4
1609	1.902	1.922	2.039	2.0	4
1610	1.902	1.902	2.059	2.039	4
1611	1.961	1.98	2.118	2.059	4
1612	2.039	2.157	2.196	2.02	4
1613	2.0	2.137	2.235	2.02	4
1614	1.902	1.824	2.039	1.98	4
1615	2.039	1.882	2.118	1.98	4
1616	2.118	1.98	2.137	2.0	4
1617	1.941	1.745	2.02	1.961	4
1618	2.02	1.745	2.0	1.902	4
1619	1.98	1.667	1.98	1.843	4
1620	1.922	1.686	1.961	1.863	4
1621	1.882	1.745	1.98	1.882	4
1622	1.961	1.863	2.02	1.902	4
1623	1.902	1.98	2.059	1.922	4
1624	1.941	1.98	2.078	1.961	4
1625	2.059	1.941	1.961	1.941	4
1626	2.039	1.902	1.961	1.902	4
1627	2.02	1.961	1.98	1.863	4
1628	1.902	1.902	1.961	1.824	4
1629	1.941	1.98	1.98	1.863	4
1630	1.98	1.902	1.961	1.902	4
1631	1.961	1.784	1.941	1.961	4
1632	2.02	2.02	2.118	2.0	4
1633	2.137	1.961	2.059	2.0	4
1634	1.961	1.627	1.922	1.941	4
1635	1.961	1.647	1.961	1.843	4
1636	2.0	1.686	2.0	1.843	4
1637	2.0	1.745	2.039	1.863	4
1638	1.961	1.667	1.961	1.941	4
1639	1.98	1.745	1.961	1.941	4
1640	2.02	1.843	2.059	1.941	4
1641	1.98	1.922	2.02	1.922	4
1642	1.961	1.961	2.02	1.882	4
1643	1.863	1.961	2.02	1.863	4
1644	1.863	1.922	1.961	1.824	4
1645	1.882	1.922	1.98	1.863	4
1646	1.922	2.02	1.98	1.941	4
1647	1.922	1.941	2.0	1.98	4
1648	1.922	1.922	2.039	2.0	4
1649	1.922	2.02	2.157	2.039	4
1650	1.961	1.961	2.02	2.039	4
1651	1.824	1.686	1.902	1.961	4
1652	1.882	1.804	2.059	1.902	4
1653	2.0	1.843	2.098	1.902	4
1654	1.882	1.706	2.0	1.941	4
1655	1.804	1.784	2.098	2.0	4
1656	1.922	1.882	2.118	2.02	4
1657	2.059	2.078	2.216	2.039	4
1658	2.059	2.078	2.098	2.039	4
1659	1.882	1.961	1.98	2.0	4
1660	1.824	2.0	2.039	1.961	4
1661	1.902	2.02	2.039	1.98	4
1662	1.902	1.961	2.078	2.0	4
1663	1.941	2.098	2.176	2.039	4
1664	1.98	2.02	2.137	2.098	4
1665	1.961	1.843	2.059	2.098	4
1666	2.118	2.059	2.216	2.039	4
1667	2.216	2.078	2.196	1.98	4
1668	1.922	1.706	2.02	1.902	4
1669	1.922	1.725	2.078	1.843	4
1670	1.98	1.725	2.098	1.902	4
1671	1.98	1.706	2.059	1.98	4
1672	1.98	1.686	2.059	2.0	4
1673	1.941	1.843	2.078	2.02	4
1674	1.902	1.922	2.118	1.98	4
1675	1.961	1.882	2.078	1.98	4
1676	2.0	1.882	2.039	1.961	4
1677	1.882	1.882	2.039	2.0	4
1678	1.882	1.961	2.059	2.02	4
1679	1.902	1.941	2.039	2.0	4
1680	1.902	1.961	2.059	1.98	4
1681	1.922	1.961	2.098	1.98	4
1682	1.922	1.784	1.98	1.961	4
1683	1.961	1.922	2.137	2.0	4
1684	2.02	1.941	2.118	2.039	4
1685	1.843	1.647	1.922	2.02	4
1686	1.882	1.667	2.0	2.0	4
1687	2.039	1.843	2.098	1.961	4
1688	2.098	1.784	2.098	1.941	4
1689	1.961	1.686	2.039	1.961	4
1690	1.902	1.686	1.98	1.961	4
1691	1.863	1.804	2.039	2.0	4
1692	1.902	1.922	2.02	2.0	4
1693	1.922	1.882	1.961	1.961	4
1694	1.902	1.882	1.961	1.922	4
1695	1.902	1.941	2.0	1.882	4
1696	1.922	1.922	2.02	1.902	4
1697	2.0	2.039	2.059	1.961	4
1698	2.02	1.941	1.98	2.0	4
1699	1.941	1.824	1.961	1.961	4
1700	1.961	1.98	2.078	1.961	4
1701	1.941	1.941	2.039	1.961	4
1702	1.804	1.647	1.98	1.902	4
1703	1.902	1.686	1.961	1.882	4
1704	2.0	1.725	1.961	1.863	4
1705	2.098	1.745	2.0	1.843	4
1706	2.039	1.765	2.039	1.863	4
1707	1.941	1.824	2.039	1.882	4
1708	1.863	1.863	2.039	1.922	4
1709	1.941	1.941	2.078	1.941	4
1710	1.98	1.961	2.039	1.941	4
1711	1.941	1.922	2.0	1.922	4
1712	1.961	1.941	1.941	1.922	4
1713	1.902	1.902	1.961	1.941	4
1714	1.941	1.98	2.0	1.902	4
1715	1.902	1.902	2.0	1.902	4
1716	1.863	1.863	2.0	1.922	4
1717	1.902	2.0	2.078	1.98	4
1718	2.059	1.961	2.039	2.0	4
1719	1.941	1.647	1.941	1.961	4
1720	1.98	1.667	2.039	1.941	4
1721	2.039	1.765	2.098	1.922	4
1722	1.922	1.765	2.02	1.902	4
1723	1.843	1.765	2.039	1.922	4
1724	1.882	1.922	2.039	1.961	4
1725	1.98	1.941	2.039	1.941	4
1726	2.059	1.843	1.941	1.941	4
1727	1.941	1.902	2.0	1.902	4
1728	1.882	2.0	2.039	1.922	4
1729	1.941	2.059	2.059	1.961	4
1730	1.961	2.02	2.078	2.0	4
1731	2.039	2.078	2.059	2.0	4
1732	2.0	2.02	2.059	1.98	4
1733	1.941	1.961	2.059	1.98	4
1734	1.941	2.059	2.137	2.02	4
1735	2.059	2.059	2.118	2.039	4
1736	1.961	1.765	2.02	1.961	4
1737	1.98	1.804	2.059	1.922	4
1738	2.0	1.863	2.078	1.922	4
1739	2.078	1.882	2.137	1.922	4
1740	1.941	1.824	2.059	1.922	4
1741	1.961	1.902	2.059	1.922	4
1742	1.941	1.941	2.098	1.941	4
1743	1.902	1.961	2.137	1.98	4
1744	1.961	2.0	2.098	1.941	4
1745	2.0	2.02	2.098	1.961	4
1746	1.98	2.059	2.078	1.98	4
1747	1.922	2.059	2.098	1.98	4
1748	1.922	2.059	2.157	1.98	4
1749	1.941	1.961	2.098	1.941	4
1750	2.02	1.902	2.078	1.863	4
1751	2.039	2.0	2.176	1.922	4
1752	2.059	2.02	2.196	2.059	4
1753	1.882	1.667	2.0	2.098	4
1754	1.902	1.667	2.039	2.02	4
1755	1.98	1.765	2.078	1.882	4
1756	2.059	1.765	2.098	1.824	4
1757	2.039	1.784	2.098	1.863	4
1758	1.98	1.765	2.02	1.922	4
1759	1.922	1.804	2.039	1.941	4
1760	1.922	1.902	2.078	2.0	4
1761	1.902	1.98	2.078	2.0	4
1762	1.922	1.922	2.059	1.98	4
1763	1.941	1.902	1.98	1.961	4
1764	1.961	1.941	2.059	1.98	4
1765	2.0	1.98	2.02	1.961	4
1766	1.961	1.922	2.039	1.961	4
1767	1.961	1.863	2.059	1.961	4
1768	1.961	2.0	2.176	1.98	4
1769	2.039	2.0	2.098	2.0	4
1770	1.843	1.608	1.941	1.98	4
1771	1.804	1.667	2.02	1.961	4
1772	1.961	1.745	2.078	1.941	4
1773	2.098	1.725	2.059	1.922	4
1774	2.0	1.706	2.078	1.941	4
1775	2.059	1.922	2.118	1.98	4
1776	1.98	1.882	2.0	1.941	4
1777	1.843	1.824	1.961	1.941	4
1778	1.882	1.922	2.0	1.922	4
1779	1.902	1.941	2.039	1.922	4
1780	1.98	1.98	2.059	1.941	4
1781	1.961	1.98	2.039	1.961	4
1782	1.98	2.02	2.02	1.961	4
1783	2.0	2.0	2.02	1.941	4
1784	1.961	1.922	2.02	1.941	4
1785	1.961	2.0	2.157	1.941	4
1786	2.078	2.02	2.098	2.0	4
1787	1.922	1.686	1.961	1.941	4
1788	2.0	1.725	2.02	1.882	4
1789	2.039	1.843	2.059	1.882	4
1790	2.02	1.824	2.078	1.922	4
1791	1.922	1.784	2.059	1.961	4
1792	1.961	1.882	2.059	1.961	4
1793	1.941	1.902	2.02	1.98	4
1794	1.941	1.941	2.02	1.98	4
1795	1.902	2.0	2.0	1.98	4
1796	1.882	1.941	1.961	1.922	4
1797	1.941	1.961	1.961	1.902	4
1798	1.902	2.0	1.98	1.902	4
1799	1.941	2.039	2.02	1.941	4
1800	1.922	1.98	2.02	2.0	4
1801	1.882	1.902	2.02	2.0	4
1802	1.902	1.98	2.098	2.039	4
1803	2.0	2.0	2.039	2.0	4
1804	1.882	1.725	1.961	1.941	4
1805	1.882	1.745	1.98	1.902	4
1806	1.98	1.804	2.0	1.882	4
1807	2.039	1.843	2.0	1.882	4
1808	1.922	1.784	2.0	1.902	4
1809	1.902	1.843	2.02	1.941	4
1810	1.863	1.863	2.0	1.961	4
1811	1.902	1.922	2.02	1.98	4
1812	1.902	2.039	2.0	1.961	4
1813	1.902	1.961	1.98	1.922	4
1814	1.902	1.98	1.961	1.922	4
1815	1.922	2.02	2.02	1.941	4
1816	1.98	2.039	2.02	1.941	4
1817	1.98	2.02	2.039	1.961	4
1818	1.941	1.882	2.0	2.0	4
1819	1.941	1.941	2.078	2.0	4
1820	2.059	2.0	2.039	2.0	4
1821	1.863	1.667	1.902	1.922	4
1822	1.882	1.667	2.0	1.863	4
1823	1.941	1.765	2.059	1.902	4
1824	1.922	1.765	2.039	1.961	4
1825	1.902	1.725	2.02	2.0	4
1826	1.961	1.784	2.039	1.961	4
1827	1.961	1.824	2.02	1.941	4
1828	1.941	1.863	2.039	1.922	4
1829	1.922	1.941	2.02	1.922	4
1830	1.882	1.941	2.059	1.98	4
1831	1.902	1.961	2.078	2.02	4
1832	1.902	1.941	2.039	2.02	4
1833	1.922	1.98	2.059	1.961	4
1834	1.922	1.922	2.039	1.941	4
1835	1.863	1.882	2.059	1.941	4
1836	1.941	1.98	2.216	2.02	4
1837	2.098	2.0	2.157	2.059	4
1838	1.922	1.667	2.0	2.02	4
1839	1.902	1.667	2.039	1.941	4
1840	1.941	1.745	2.098	1.941	4
1841	1.98	1.784	2.118	1.922	4
1842	1.941	1.725	2.078	1.961	4
1843	1.941	1.804	2.059	1.98	4
1844	1.922	1.863	2.078	2.0	4
1845	1.922	1.882	2.098	1.98	4
1846	1.922	1.902	2.02	1.961	4
1847	1.902	1.882	2.0	1.922	4
1848	1.922	1.941	2.039	1.941	4
1849	1.902	1.941	2.02	1.961	4
1850	1.922	1.98	2.039	1.98	4
1851	1.941	1.902	2.02	1.961	4
1852	1.902	1.824	2.02	1.961	4
1853	1.941	1.941	2.137	2.0	4
1854	2.059	1.98	2.137	2.039	4
1855	1.922	1.627	1.941	2.0	4
1856	1.882	1.647	1.98	1.902	4
1857	1.941	1.725	2.02	1.863	4
1858	1.941	1.765	2.02	1.882	4
1859	1.902	1.745	2.059	1.941	4
1860	1.941	1.765	2.0	1.98	4
1861	1.961	1.843	2.039	1.961	4
1862	1.961	1.902	2.039	1.961	4
1863	1.961	2.039	2.059	1.941	4
1864	1.961	2.02	2.039	1.922	4
1865	1.922	1.98	1.98	1.922	4
1866	1.902	1.961	2.0	1.961	4
1867	1.922	2.039	2.02	1.941	4
1868	1.922	2.0	2.039	1.98	4
1869	1.922	1.922	2.0	2.0	4
1870	1.98	1.98	2.118	1.98	4
1871	2.118	2.059	2.118	2.0	4
1872	1.961	1.765	2.0	1.98	4
1873	1.941	1.725	2.039	1.902	4
1874	2.0	1.784	2.039	1.902	4
1875	1.98	1.784	2.0	1.902	4
1876	1.941	1.725	2.0	1.922	4
1877	1.961	1.804	2.02	1.941	4
1878	1.961	1.824	2.02	1.941	4
1879	1.941	1.902	2.039	1.98	4
1880	1.961	1.922	2.0	1.961	4
1881	1.902	1.863	1.98	1.941	4
1882	1.882	1.902	2.02	1.922	4
1883	1.922	1.902	2.0	1.941	4
1884	1.961	1.961	2.059	1.961	4
1885	1.98	1.882	2.0	1.961	4
1886	1.902	1.765	2.0	1.941	4
1887	1.941	1.941	2.157	1.961	4
1888	2.118	1.98	2.098	2.0	4
1889	1.98	1.608	1.941	1.961	4
1890	1.941	1.569	1.941	1.882	4
1891	1.98	1.686	2.059	1.863	4
1892	2.0	1.745	2.078	1.902	4
1893	2.0	1.706	2.039	1.922	4
1894	2.039	1.745	2.0	1.961	4
1895	2.0	1.784	2.0	1.922	4
1896	1.98	1.882	2.098	1.941	4
1897	2.039	1.941	2.059	1.961	4
1898	1.98	1.902	2.02	1.922	4
1899	2.02	1.941	2.0	1.902	4
1900	2.02	1.941	2.0	1.902	4
1901	2.02	1.961	2.039	1.902	4
1902	2.02	1.941	2.039	1.902	4
1903	2.02	1.843	2.0	1.922	4
1904	2.0	1.922	2.137	1.98	4
1905	2.118	2.0	2.157	2.059	4
1906	2.0	1.686	1.98	2.02	4
1907	1.961	1.667	2.0	1.922	4
1908	2.039	1.745	2.039	1.882	4
1909	2.02	1.784	2.039	1.863	4
1910	2.0	1.765	2.078	1.922	4
1911	2.02	1.843	2.059	1.941	4
1912	2.0	1.882	2.059	1.941	4
1913	2.0	1.941	2.078	1.98	4
1914	1.98	1.98	2.039	2.0	4
1915	1.941	1.941	2.039	2.0	4
1916	1.961	1.98	2.02	1.98	4
1917	1.961	1.98	2.02	1.98	4
1918	1.961	2.02	2.039	1.961	4
1919	2.0	1.961	2.039	1.961	4
1920	1.98	1.941	2.059	2.0	4
1921	1.98	1.961	2.157	2.02	4
1922	2.078	2.059	2.157	2.078	4
1923	1.941	1.745	2.0	2.039	4
1924	1.922	1.725	2.0	1.98	4
1925	2.0	1.784	2.02	1.922	4
1926	2.0	1.804	2.02	1.902	4
1927	1.941	1.784	2.02	1.922	4
1928	1.941	1.882	2.078	1.961	4
1929	1.98	1.961	2.078	2.0	4
1930	2.0	2.039	2.098	2.0	4
1931	1.98	2.059	2.039	2.02	4
1932	1.941	2.02	2.0	1.98	4
1933	1.922	2.078	2.059	1.961	4
1934	1.902	2.098	2.039	1.98	4
1935	1.941	2.098	2.02	1.961	4
1936	1.98	2.078	2.02	1.961	4
1937	1.941	2.0	2.02	1.961	4
1938	1.961	2.02	2.137	2.02	4
1939	2.118	2.137	2.137	2.039	4
1940	1.961	1.824	1.98	1.98	4
1941	1.902	1.784	2.0	1.922	4
1942	1.961	1.843	2.059	1.882	4
1943	1.98	1.882	2.059	1.922	4
1944	1.961	1.863	2.078	1.961	4
1945	1.98	1.941	2.059	2.039	4
1946	1.98	2.0	2.059	2.0	4
1947	1.882	2.0	2.059	1.98	4
1948	1.902	2.039	2.0	1.961	4
1949	1.902	2.039	2.0	1.941	4
1950	1.922	2.098	2.039	1.941	4
1951	1.902	2.098	2.059	1.98	4
1952	1.902	2.118	2.078	2.02	4
1953	1.922	2.098	2.059	2.02	4
1954	1.902	1.98	2.02	2.0	4
1955	1.902	2.0	2.098	2.0	4
1956	2.059	2.078	2.157	2.02	4
1957	1.922	1.765	1.961	2.0	4
1958	1.843	1.725	2.0	1.941	4
1959	1.941	1.804	2.078	1.941	4
1960	2.0	1.843	2.118	1.98	4
1961	1.98	1.765	2.098	1.98	4
1962	1.98	1.765	2.02	1.961	4
1963	1.922	1.804	2.0	1.922	4
1964	1.941	1.902	2.059	1.922	4
1965	1.922	1.961	2.078	1.961	4
1966	1.922	1.941	2.039	1.98	4
1967	1.961	1.922	2.02	1.961	4
1968	2.0	1.902	2.0	1.941	4
1969	1.98	1.941	2.059	1.941	4
1970	2.02	1.922	2.059	1.961	4
1971	1.961	1.824	2.039	1.98	4
1972	1.961	1.843	2.118	1.98	4
1973	2.078	1.961	2.137	2.02	4
1974	1.941	1.647	1.961	2.0	4
1975	1.902	1.608	2.0	1.941	4
1976	2.0	1.706	2.059	1.882	4
1977	2.039	1.784	2.078	1.882	4
1978	1.961	1.745	2.078	1.922	4
1979	1.98	1.784	2.078	1.961	4
1980	1.98	1.824	2.059	1.98	4
1981	1.961	1.843	2.078	1.941	4
1982	1.961	1.902	2.059	1.941	4
1983	1.902	1.941	2.039	1.941	4
1984	1.922	1.961	2.039	1.941	4
1985	1.902	1.961	2.02	1.961	4
1986	1.902	2.02	2.039	1.961	4
1987	1.941	2.02	2.059	1.961	4
1988	1.961	1.922	2.078	1.961	4
1989	2.0	1.941	2.157	2.0	4
1990	2.157	2.059	2.176	2.0	4
1991	2.02	1.765	1.98	1.98	4
1992	1.922	1.725	1.98	1.902	4
1993	1.941	1.784	2.039	1.863	4
1994	1.961	1.824	2.039	1.902	4
1995	1.961	1.784	2.039	1.922	4
1996	2.02	1.863	2.039	1.941	4
1997	2.0	1.922	2.059	1.961	4
1998	2.059	2.0	2.118	1.941	4
1999	2.02	2.02	2.059	1.941	4
