time	channel1	channel2	channel3	channel4	class
0	1.804	1.961	2.118	2.118	0
1	1.961	1.627	2.0	2.0	0
2	1.98	1.608	2.0	1.902	0
3	1.941	1.686	2.039	1.843	0
4	1.941	1.667	2.039	1.843	0
5	2.02	1.686	2.039	1.882	0
6	1.98	1.824	2.078	1.941	0
7	1.863	2.039	2.098	2.02	0
8	1.843	2.0	2.039	2.02	0
9	1.882	2.0	2.039	1.98	0
10	2.0	1.843	1.98	1.922	0
11	2.059	1.922	1.98	1.863	0
12	2.137	1.882	1.961	1.863	0
13	2.176	2.0	2.039	1.863	0
14	2.098	1.98	2.039	1.941	0
15	2.02	2.098	2.118	2.0	0
16	1.863	2.118	2.176	2.059	0
17	1.843	2.0	2.118	2.078	0
18	1.941	1.647	2.02	2.0	0
19	1.98	1.627	2.02	1.922	0
20	1.98	1.686	2.039	1.863	0
21	1.98	1.706	2.039	1.863	0
22	2.02	1.706	2.039	1.902	0
23	1.98	1.863	2.118	1.961	0
24	1.843	2.078	2.157	2.039	0
25	1.863	2.059	2.118	2.059	0
26	1.902	2.098	2.059	2.039	0
27	2.02	1.882	1.98	1.922	0
28	2.059	1.922	1.961	1.863	0
29	2.137	1.902	1.961	1.804	0
30	2.137	1.98	2.02	1.843	0
31	2.059	2.0	2.059	1.922	0
32	1.98	2.078	2.157	2.039	0
33	1.843	2.118	2.176	2.137	0
34	1.843	1.98	2.118	2.118	0
35	1.961	1.647	2.0	1.98	0
36	1.98	1.608	2.039	1.882	0
37	1.98	1.667	2.039	1.843	0
38	1.961	1.686	2.059	1.882	0
39	2.039	1.686	2.02	1.902	0
40	1.961	1.843	2.078	1.961	0
41	1.824	2.039	2.137	2.02	0
42	1.824	2.039	2.098	2.039	0
43	1.863	2.059	2.039	1.98	0
44	2.02	1.843	1.961	1.902	0
45	2.059	1.902	1.961	1.843	0
46	2.118	1.863	1.961	1.843	0
47	2.098	1.941	2.0	1.882	0
48	2.059	1.961	2.039	1.922	0
49	1.98	2.078	2.118	2.02	0
50	1.843	2.137	2.176	2.078	0
51	1.824	2.0	2.118	2.098	0
52	1.922	1.647	1.98	1.98	0
53	1.961	1.627	2.02	1.882	0
54	1.941	1.706	2.059	1.863	0
55	1.922	1.686	2.02	1.882	0
56	1.961	1.667	2.02	1.922	0
57	1.961	1.863	2.078	1.961	0
58	1.824	2.078	2.098	2.02	0
59	1.804	2.039	2.059	2.02	0
60	1.863	2.039	2.02	1.98	0
61	2.0	1.882	1.941	1.882	0
62	2.059	1.922	1.941	1.843	0
63	2.098	1.882	1.922	1.843	0
64	2.098	1.941	2.02	1.902	0
65	2.059	2.02	2.078	1.98	0
66	2.0	2.059	2.078	2.02	0
67	1.863	2.118	2.157	2.059	0
68	1.824	1.961	2.078	2.059	0
69	1.941	1.588	1.961	1.961	0
70	1.98	1.569	1.98	1.863	0
71	1.98	1.686	2.039	1.843	0
72	1.961	1.725	2.059	1.882	0
73	2.0	1.667	2.039	1.941	0
74	1.961	1.824	2.078	2.0	0
75	1.863	2.039	2.098	2.02	0
76	1.882	2.02	2.078	2.039	0
77	1.902	2.059	2.039	1.98	0
78	2.02	1.863	1.98	1.902	0
79	2.059	1.922	1.98	1.882	0
80	2.137	1.902	1.98	1.863	0
81	2.118	1.98	2.039	1.902	0
82	2.039	1.98	2.059	1.98	0
83	2.0	2.078	2.137	2.059	0
84	1.863	2.118	2.176	2.098	0
85	1.843	1.98	2.098	2.078	0
86	1.941	1.647	1.98	1.98	0
87	1.961	1.588	2.02	1.882	0
88	1.961	1.647	2.02	1.863	0
89	1.961	1.686	2.02	1.863	0
90	2.02	1.706	2.039	1.902	0
91	1.961	1.843	2.098	1.98	0
92	1.824	2.039	2.118	2.02	0
93	1.804	2.0	2.039	2.039	0
94	1.863	2.02	2.02	1.98	0
95	2.0	1.902	2.0	1.922	0
96	2.098	1.961	2.02	1.863	0
97	2.118	1.863	1.961	1.882	0
98	2.098	1.941	1.98	1.882	0
99	2.039	1.961	2.02	1.941	0
100	1.98	2.059	2.098	2.02	0
101	1.843	2.137	2.196	2.078	0
102	1.784	2.0	2.157	2.118	0
103	1.882	1.647	2.02	2.02	0
104	1.922	1.588	2.0	1.922	0
105	1.941	1.647	2.02	1.863	0
106	1.961	1.667	2.039	1.863	0
107	1.98	1.647	2.0	1.902	0
108	1.961	1.804	2.078	1.941	0
109	1.843	2.078	2.157	2.0	0
110	1.824	2.039	2.137	2.059	0
111	1.882	2.039	2.039	2.039	0
112	1.98	1.843	1.961	1.941	0
113	2.039	1.882	1.961	1.863	0
114	2.098	1.902	1.961	1.843	0
115	2.118	2.0	2.039	1.882	0
116	2.059	2.0	2.039	1.941	0
117	2.0	2.098	2.098	2.0	0
118	1.863	2.176	2.196	2.098	0
119	1.804	2.02	2.157	2.137	0
120	1.941	1.667	2.0	2.039	0
121	2.0	1.647	2.039	1.941	0
122	1.98	1.667	2.02	1.824	0
123	1.941	1.725	2.02	1.843	0
124	2.0	1.725	2.078	1.882	0
125	1.961	1.863	2.078	1.98	0
126	1.843	2.098	2.118	2.039	0
127	1.863	2.078	2.098	2.059	0
128	1.882	2.078	2.039	2.02	0
129	1.98	1.882	1.98	1.941	0
130	2.059	1.922	1.961	1.882	0
131	2.118	1.882	1.941	1.843	0
132	2.137	1.98	2.02	1.882	0
133	2.059	2.0	2.039	1.98	0
134	2.0	2.078	2.098	2.059	0
135	1.882	2.118	2.157	2.098	0
136	1.882	1.98	2.118	2.098	0
137	1.961	1.667	1.98	2.0	0
138	1.98	1.608	2.0	1.902	0
139	1.961	1.667	2.02	1.902	0
140	1.961	1.686	2.02	1.902	0
141	2.02	1.706	2.039	1.941	0
142	1.98	1.843	2.078	2.0	0
143	1.863	2.059	2.118	2.059	0
144	1.863	2.039	2.078	2.059	0
145	1.941	2.078	2.039	2.0	0
146	2.02	1.902	1.98	1.922	0
147	2.059	1.922	2.0	1.902	0
148	2.118	1.882	1.98	1.922	0
149	2.137	1.961	2.039	1.961	0
150	2.098	1.961	2.02	1.961	0
151	2.02	2.059	2.118	2.0	0
152	1.863	2.118	2.196	2.059	0
153	1.843	1.98	2.118	2.078	0
154	1.961	1.627	1.98	2.0	0
155	2.0	1.588	2.02	1.902	0
156	1.961	1.647	2.039	1.882	0
157	1.961	1.667	2.039	1.902	0
158	2.02	1.686	2.039	1.922	0
159	2.0	1.804	2.078	1.961	0
160	1.863	2.039	2.098	2.02	0
161	1.843	2.0	2.078	2.02	0
162	1.882	2.0	2.02	2.0	0
163	2.02	1.863	1.961	1.922	0
164	2.098	1.902	1.961	1.863	0
165	2.118	1.882	1.961	1.863	0
166	2.137	1.941	2.02	1.922	0
167	2.059	1.941	2.0	1.98	0
168	2.039	2.039	2.098	2.02	0
169	1.863	2.137	2.196	2.078	0
170	1.824	1.98	2.157	2.098	0
171	1.941	1.627	1.98	2.02	0
172	2.0	1.569	2.0	1.902	0
173	1.98	1.647	2.02	1.843	0
174	1.941	1.686	2.039	1.863	0
175	1.98	1.667	2.039	1.922	0
176	1.961	1.784	2.059	1.98	0
177	1.863	2.02	2.098	2.039	0
178	1.863	2.02	2.078	2.059	0
179	1.922	2.059	2.039	2.0	0
180	2.0	1.843	1.98	1.941	0
181	2.059	1.863	1.941	1.863	0
182	2.137	1.824	1.922	1.843	0
183	2.118	1.922	2.0	1.882	0
184	2.039	1.922	2.02	1.922	0
185	2.0	2.02	2.078	2.0	0
186	1.843	2.137	2.176	2.078	0
187	1.804	1.98	2.137	2.098	0
188	1.902	1.667	2.0	2.02	0
189	1.941	1.627	2.039	1.941	0
190	1.941	1.667	2.039	1.902	0
191	1.922	1.667	2.0	1.882	0
192	2.0	1.667	2.02	1.902	0
193	1.961	1.824	2.098	1.941	0
194	1.824	2.078	2.137	2.02	0
195	1.824	2.098	2.118	2.039	0
196	1.863	2.118	2.078	2.02	0
197	1.941	1.961	2.0	1.961	0
198	2.0	1.98	2.0	1.902	0
199	2.078	1.941	1.98	1.882	0
200	2.078	2.02	2.02	1.882	0
201	2.039	2.02	2.059	1.941	0
202	1.961	2.118	2.118	2.02	0
203	1.824	2.157	2.196	2.078	0
204	1.804	2.02	2.157	2.078	0
205	1.922	1.686	2.0	1.98	0
206	1.941	1.647	2.02	1.882	0
207	1.941	1.667	2.059	1.863	0
208	1.922	1.686	2.02	1.863	0
209	1.98	1.686	2.02	1.902	0
210	1.98	1.804	2.059	1.922	0
211	1.824	2.059	2.118	1.98	0
212	1.784	2.0	2.078	2.0	0
213	1.863	2.02	2.02	1.98	0
214	1.98	1.863	1.961	1.882	0
215	2.039	1.922	1.961	1.843	0
216	2.059	1.902	1.98	1.882	0
217	2.078	1.941	2.0	1.922	0
218	2.0	1.941	2.0	1.941	0
219	1.98	2.039	2.078	2.0	0
220	1.824	2.137	2.157	2.039	0
221	1.765	1.98	2.137	2.059	0
222	1.882	1.667	2.02	2.02	0
223	1.961	1.608	2.0	1.902	0
224	2.039	1.706	2.039	1.863	0
225	2.0	1.706	2.02	1.863	0
226	1.902	1.667	2.039	1.922	0
227	1.843	1.804	2.078	2.0	0
228	1.745	2.039	2.118	2.059	0
229	1.784	2.039	2.078	2.059	0
230	1.902	2.059	2.059	2.02	0
231	2.078	1.922	1.961	1.922	0
232	2.216	2.0	1.961	1.824	0
233	2.196	1.902	1.941	1.804	0
234	2.059	1.941	1.961	1.882	0
235	1.98	1.941	2.0	2.0	0
236	1.961	2.039	2.078	2.078	0
237	1.784	2.118	2.137	2.078	0
238	1.765	2.0	2.098	2.078	0
239	1.902	1.686	1.98	1.98	0
240	2.02	1.627	1.98	1.902	0
241	2.0	1.667	1.98	1.882	0
242	1.922	1.647	1.961	1.882	0
243	1.882	1.569	1.922	1.922	0
244	1.745	1.706	2.02	1.98	0
245	1.588	1.98	2.078	2.059	0
246	1.686	2.02	2.078	2.059	0
247	1.941	2.137	2.02	2.039	0
248	1.824	1.882	1.902	1.98	0
249	2.02	1.902	1.922	1.902	0
250	2.314	1.843	1.882	1.824	0
251	2.294	2.0	1.98	1.804	0
252	2.02	1.961	2.0	1.863	0
253	1.824	2.02	2.098	2.0	0
254	1.686	2.157	2.196	2.176	0
255	1.686	1.961	2.039	2.176	0
256	1.902	1.627	1.843	2.039	0
257	1.922	1.588	1.922	1.882	0
258	1.902	1.686	2.039	1.863	0
259	2.039	1.706	2.059	1.902	0
260	2.176	1.706	2.039	1.922	0
261	2.137	1.824	2.039	1.922	0
262	2.0	2.098	2.137	1.98	0
263	1.902	1.922	2.0	1.98	0
264	1.941	1.98	1.922	1.941	0
265	1.98	1.882	1.941	1.882	0
266	1.902	1.98	2.059	1.882	0
267	2.098	1.824	1.784	1.863	0
268	2.0	1.863	1.804	1.863	0
269	1.902	1.863	1.922	1.843	0
270	1.961	2.02	2.157	1.902	0
271	1.922	2.157	2.275	2.059	0
272	1.745	1.961	2.275	2.157	0
273	1.725	1.706	2.0	2.118	0
274	2.0	1.608	1.843	1.863	0
275	2.118	1.588	1.882	1.686	0
276	2.118	1.706	2.039	1.686	0
277	1.98	1.686	2.039	1.804	0
278	1.647	1.882	2.098	1.98	0
279	1.882	2.196	2.118	2.118	0
280	2.059	2.137	2.118	2.176	0
281	1.922	2.02	2.0	2.078	0
282	1.882	1.804	1.902	1.922	0
283	2.039	1.941	2.02	1.804	0
284	2.098	1.961	2.098	1.784	0
285	2.216	2.118	2.137	1.863	0
286	2.196	2.039	2.059	1.961	0
287	2.078	2.098	2.137	2.118	0
288	1.98	2.157	2.157	2.137	0
289	1.98	2.118	2.176	2.02	0
290	1.941	1.667	1.98	1.902	0
291	1.98	1.647	2.059	1.824	0
292	2.059	1.745	2.196	1.824	0
293	2.0	1.686	2.118	1.843	0
294	2.0	1.725	2.216	1.961	0
295	1.824	1.922	2.255	2.118	0
296	1.451	2.02	2.02	2.216	0
297	1.686	1.922	1.882	2.078	0
298	2.02	2.078	2.039	1.882	0
299	2.137	1.961	2.039	1.745	0
300	2.118	1.843	1.882	1.686	0
301	2.02	1.765	1.902	1.725	0
302	1.902	2.098	2.078	1.922	0
303	1.882	2.02	1.941	2.098	0
304	1.608	1.863	1.804	2.196	0
305	1.51	1.961	1.882	2.176	0
306	1.686	1.922	1.961	2.039	0
307	1.843	1.588	1.863	1.863	0
308	1.902	1.569	1.902	1.804	0
309	2.039	1.647	1.98	1.765	0
310	2.02	1.784	2.02	1.745	0
311	1.941	1.902	2.0	1.745	0
312	1.882	1.686	1.647	1.804	0
313	1.686	1.804	1.745	1.961	0
314	1.667	1.725	1.608	2.0	0
315	1.765	1.902	1.784	1.941	0
316	1.98	2.118	2.039	1.902	0
317	1.765	2.196	2.118	1.882	0
318	1.843	2.02	2.059	1.922	0
319	2.235	1.941	1.863	1.922	0
320	2.51	1.961	1.863	1.863	0
321	2.314	2.039	1.98	1.824	0
322	1.922	2.275	2.118	1.824	0
323	1.608	2.059	1.941	1.863	0
324	1.569	1.706	1.882	1.882	0
325	1.824	1.686	2.078	1.941	0
326	2.02	1.765	2.118	2.02	0
327	1.902	1.686	2.039	2.059	0
328	1.98	1.843	2.078	2.0	0
329	2.098	1.882	2.059	1.882	0
330	2.098	2.216	2.216	1.902	0
331	1.824	2.412	2.333	1.961	0
332	1.745	2.392	2.275	2.078	0
333	1.863	2.0	2.078	2.059	0
334	1.745	2.02	2.039	1.98	0
335	1.686	1.961	2.0	1.941	0
336	1.863	2.0	2.059	1.961	0
337	1.627	2.039	2.118	2.059	0
338	1.588	2.137	2.137	2.157	0
339	1.667	2.196	2.255	2.235	0
340	1.725	2.373	2.471	2.275	0
341	1.804	2.137	2.431	2.235	0
342	1.745	1.902	2.314	2.196	0
343	1.667	1.784	2.294	2.157	0
344	2.275	2.0	2.392	2.235	0
345	2.529	2.275	2.353	2.255	0
346	2.235	2.118	2.098	2.196	0
347	2.02	2.039	1.902	2.039	0
348	2.059	1.98	1.961	1.902	0
349	2.373	2.373	2.333	1.902	0
350	2.765	2.549	2.451	2.078	0
351	2.804	2.569	2.275	2.216	0
352	2.667	2.392	2.216	2.255	0
353	2.686	2.549	2.275	2.216	0
354	2.569	2.549	2.255	2.118	0
355	2.49	2.588	2.333	2.039	0
356	2.569	2.569	2.255	2.059	0
357	2.51	2.412	2.176	2.039	0
358	2.373	2.039	2.039	1.98	0
359	2.392	2.059	2.078	1.98	0
360	2.49	2.137	2.098	2.059	0
361	2.51	2.137	2.098	2.118	0
362	2.412	2.039	2.0	2.02	0
363	2.294	2.039	1.98	1.902	0
364	2.118	2.255	1.941	1.941	0
365	2.039	2.255	2.0	2.0	0
366	2.118	2.412	2.216	2.059	0
367	2.196	2.078	1.902	1.98	0
368	2.02	2.059	1.863	1.98	0
369	1.882	1.863	1.784	1.961	0
370	1.686	1.843	1.745	1.941	0
371	1.569	1.863	1.667	1.941	0
372	1.431	1.902	1.686	1.941	0
373	1.333	1.922	1.706	1.922	0
374	1.431	1.804	1.824	1.941	0
375	1.588	1.49	1.843	1.882	0
376	1.588	1.373	1.882	1.902	0
377	1.412	1.451	1.941	1.922	0
378	1.333	1.392	1.686	1.882	0
379	1.098	1.196	1.451	1.706	0
380	0.882	1.333	1.588	1.627	0
381	0.882	1.667	1.941	1.745	0
382	1.863	1.902	2.059	1.902	0
383	2.039	1.824	1.961	1.902	0
384	1.686	1.608	1.824	1.843	0
385	1.471	1.588	1.843	1.745	0
386	1.667	1.627	2.039	1.608	0
387	1.922	1.804	2.137	1.608	0
388	1.922	1.765	2.098	1.745	0
389	1.686	1.667	2.039	1.843	0
390	1.667	1.745	2.255	1.882	0
391	2.0	1.824	2.275	1.824	0
392	2.196	1.431	2.196	1.765	0
393	2.157	1.451	2.373	1.804	0
394	2.137	1.529	2.431	1.882	0
395	2.216	1.667	2.529	1.902	0
396	2.216	1.549	2.333	1.863	0
397	2.039	1.49	2.255	1.824	0
398	1.804	1.667	2.275	1.824	0
399	1.765	1.686	2.294	1.843	0
400	1.902	1.725	2.275	1.784	0
401	2.255	1.608	2.255	1.667	0
402	2.588	1.706	2.216	1.627	0
403	2.392	1.667	2.235	1.667	0
404	2.0	1.588	2.118	1.745	0
405	1.784	1.608	2.059	1.784	0
406	1.863	1.745	2.137	1.784	0
407	1.804	1.765	2.137	1.824	0
408	1.725	1.765	2.118	1.804	0
409	1.824	1.392	2.059	1.784	0
410	1.902	1.196	2.078	1.784	0
411	2.353	1.431	2.118	1.725	0
412	2.333	1.608	2.078	1.647	0
413	1.941	1.569	2.0	1.725	0
414	1.647	1.627	1.98	1.843	0
415	1.647	1.902	1.941	1.98	0
416	1.686	1.961	1.902	2.039	0
417	1.765	2.02	1.843	1.961	0
418	1.706	1.922	1.941	1.961	0
419	1.647	2.039	2.02	2.078	0
420	1.745	1.902	1.902	2.137	0
421	1.941	2.0	1.843	2.078	0
422	1.98	1.98	1.765	1.98	0
423	1.843	2.098	1.804	1.941	0
424	1.431	2.157	1.784	2.02	0
425	1.294	1.902	1.647	2.196	0
426	1.392	1.588	1.647	2.235	0
427	1.804	1.627	1.784	2.235	0
428	1.961	1.784	1.902	2.176	0
429	1.706	1.686	1.706	2.039	0
430	1.569	1.529	1.51	1.98	0
431	1.647	1.627	1.529	2.0	0
432	1.667	1.882	1.608	2.078	0
433	1.667	1.843	1.608	2.137	0
434	1.706	1.843	1.569	2.098	0
435	1.745	1.706	1.451	2.02	0
436	1.745	1.804	1.49	1.961	0
437	1.745	1.804	1.549	1.98	0
438	1.824	1.824	1.608	2.039	0
439	1.941	1.843	1.667	2.039	0
440	1.961	1.961	1.706	2.078	0
441	1.941	2.039	1.765	2.098	0
442	1.824	1.882	1.686	2.098	0
443	1.824	1.49	1.529	1.961	0
444	1.863	1.392	1.49	1.824	0
445	1.804	1.471	1.588	1.765	0
446	1.784	1.667	1.686	1.941	0
447	1.784	1.588	1.667	2.078	0
448	1.961	1.647	1.627	2.02	0
449	1.843	1.922	1.765	1.843	0
450	1.725	2.059	1.922	1.804	0
451	1.902	1.941	1.804	1.98	0
452	2.059	1.608	1.686	2.078	0
453	2.588	1.902	1.922	1.961	0
454	2.745	2.118	2.216	1.765	0
455	2.392	2.098	2.157	1.706	0
456	2.235	2.039	2.098	1.824	0
457	2.137	2.039	2.235	2.098	0
458	2.176	2.098	2.412	2.255	0
459	2.529	2.157	2.51	2.255	0
460	2.608	1.902	2.529	2.098	0
461	2.667	1.725	2.569	1.961	0
462	2.686	1.725	2.549	1.882	0
463	2.608	1.824	2.647	1.882	0
464	2.647	1.961	2.863	2.02	0
465	2.706	2.059	2.863	2.078	0
466	2.608	2.216	2.902	2.118	0
467	2.569	2.157	2.804	2.059	0
468	2.392	2.059	2.706	1.98	0
469	2.373	1.922	2.647	1.922	0
470	2.451	2.0	2.647	1.922	0
471	2.373	1.863	2.569	1.98	0
472	2.353	2.0	2.647	2.02	0
473	2.275	2.0	2.588	2.02	0
474	2.118	1.922	2.549	2.0	0
475	2.314	2.157	2.725	1.961	0
476	2.196	1.863	2.471	2.0	0
477	2.059	1.412	2.294	1.961	0
478	2.235	1.549	2.49	1.941	0
479	2.157	1.784	2.608	2.0	0
480	2.039	1.569	2.451	2.039	0
481	2.157	1.588	2.431	2.059	0
482	1.98	1.667	2.373	2.02	0
483	1.882	1.922	2.392	1.98	0
484	1.922	1.902	2.353	1.941	0
485	1.941	1.922	2.353	1.882	0
486	2.098	1.824	2.294	1.882	0
487	2.137	1.804	2.216	1.941	0
488	1.961	1.745	2.216	2.098	0
489	1.961	1.804	2.255	2.216	0
490	2.137	2.078	2.392	2.216	0
491	2.235	2.137	2.353	2.078	0
492	1.922	1.961	2.294	1.98	0
493	1.824	1.784	2.235	1.961	0
494	1.882	1.451	2.039	2.0	0
495	1.941	1.431	2.02	2.0	0
496	1.941	1.549	2.0	2.02	0
497	1.902	1.549	1.902	1.98	0
498	1.902	1.529	2.078	1.922	0
499	1.882	1.588	2.039	1.922	0
500	1.765	1.824	1.98	1.941	0
501	1.745	1.824	1.902	2.039	0
502	1.824	1.961	1.902	2.137	0
503	1.765	1.667	1.706	2.078	0
504	1.686	1.608	1.667	1.941	0
505	1.686	1.627	1.745	1.824	0
506	2.078	1.882	1.902	1.765	0
507	2.098	1.863	1.784	1.804	0
508	1.882	1.922	1.843	1.882	0
509	1.765	2.176	2.098	1.98	0
510	1.784	2.039	2.02	2.157	0
511	1.824	1.706	1.922	2.196	0
512	1.941	1.647	1.882	2.118	0
513	1.843	1.549	1.745	2.039	0
514	1.882	1.627	1.863	1.882	0
515	2.039	1.667	1.902	1.725	0
516	1.98	1.902	2.059	1.765	0
517	1.863	2.216	2.176	2.0	0
518	1.863	2.196	2.118	2.157	0
519	1.98	2.176	2.078	2.176	0
520	2.157	2.039	2.0	2.059	0
521	2.157	2.098	1.902	1.882	0
522	2.0	1.863	1.706	1.765	0
523	2.02	2.02	1.98	1.784	0
524	2.059	2.176	2.196	2.0	0
525	1.98	2.255	2.275	2.216	0
526	1.98	2.353	2.333	2.294	0
527	2.02	2.196	2.196	2.235	0
528	1.98	1.784	1.98	2.0	0
529	1.961	1.706	2.039	1.843	0
530	1.922	1.824	2.196	1.863	0
531	1.882	1.863	2.196	1.98	0
532	1.804	1.824	2.157	2.078	0
533	1.902	1.961	2.216	2.157	0
534	1.941	2.216	2.373	2.235	0
535	2.039	2.216	2.392	2.275	0
536	2.02	2.196	2.314	2.255	0
537	2.02	1.941	2.137	2.137	0
538	1.98	1.98	2.137	2.059	0
539	1.941	2.0	2.216	2.059	0
540	1.922	2.0	2.196	2.098	0
541	1.922	1.961	2.196	2.157	0
542	2.078	2.157	2.314	2.216	0
543	2.02	2.275	2.373	2.275	0
544	2.02	2.078	2.275	2.275	0
545	2.02	1.627	2.078	2.176	0
546	2.02	1.588	2.118	2.0	0
547	1.98	1.647	2.137	1.941	0
548	1.843	1.725	2.137	2.0	0
549	1.765	1.647	1.922	2.098	0
550	1.745	1.745	2.0	2.196	0
551	1.784	2.039	2.137	2.196	0
552	2.039	2.118	2.157	2.137	0
553	2.098	2.059	2.02	2.098	0
554	1.882	1.843	1.922	2.039	0
555	1.882	1.961	1.922	1.961	0
556	1.941	1.902	1.902	1.961	0
557	1.843	1.98	1.961	1.922	0
558	1.882	1.98	1.922	1.961	0
559	1.824	2.118	2.0	2.02	0
560	1.784	2.118	1.98	2.059	0
561	1.765	2.02	2.039	2.098	0
562	1.902	1.804	2.059	2.02	0
563	2.02	1.725	2.078	1.961	0
564	2.0	1.745	2.0	1.863	0
565	2.0	1.647	1.843	1.686	0
566	2.0	1.706	1.863	1.627	0
567	1.922	1.882	1.941	1.686	0
568	1.824	2.059	2.02	1.882	0
569	1.961	2.216	2.078	1.922	0
570	1.961	2.118	1.98	1.882	0
571	1.902	1.745	1.784	1.647	0
572	2.078	1.882	1.824	1.451	0
573	2.157	1.902	1.824	1.392	0
574	2.039	1.961	1.882	1.412	0
575	2.118	2.078	1.765	1.51	0
576	2.059	1.961	1.843	1.588	0
577	1.98	1.902	1.961	1.765	0
578	1.902	1.882	2.0	1.902	0
579	1.961	1.588	1.765	1.804	0
580	1.98	1.569	1.745	1.588	0
581	2.078	1.706	1.882	1.431	0
582	2.137	1.706	1.863	1.412	0
583	1.98	1.627	1.882	1.49	0
584	1.922	1.686	1.922	1.627	0
585	1.804	1.922	1.922	1.765	0
586	1.765	1.941	1.922	1.843	0
587	1.843	2.039	1.98	1.863	0
588	1.902	1.961	1.863	1.765	0
589	1.824	1.882	1.725	1.588	0
590	1.471	1.706	1.647	1.549	0
591	1.667	1.843	1.843	1.588	0
592	2.098	2.098	2.157	1.706	0
593	2.196	2.137	2.118	1.902	0
594	2.294	2.235	2.255	2.039	0
595	2.098	2.098	2.235	2.0	0
596	1.569	1.667	2.02	1.863	0
597	1.588	1.471	1.863	1.706	0
598	1.902	1.667	2.059	1.667	0
599	2.118	1.863	2.255	1.745	0
600	2.098	1.784	2.255	1.843	0
601	2.059	1.863	2.255	1.961	0
602	2.137	2.118	2.333	2.059	0
603	2.176	2.216	2.294	2.059	0
604	2.176	2.098	2.157	1.941	0
605	2.176	1.882	2.176	1.765	0
606	2.255	2.196	2.373	1.706	0
607	2.333	2.118	2.333	1.804	0
608	2.196	2.118	2.333	1.98	0
609	2.118	2.059	2.314	2.118	0
610	2.059	2.039	2.275	2.176	0
611	2.02	2.078	2.333	2.137	0
612	2.02	2.0	2.314	2.078	0
613	1.941	1.667	2.137	1.922	0
614	1.922	1.627	2.157	1.824	0
615	1.941	1.765	2.216	1.843	0
616	1.922	1.765	2.216	1.961	0
617	1.902	1.647	2.137	2.078	0
618	2.0	1.765	2.196	2.039	0
619	1.961	2.059	2.216	2.039	0
620	1.725	2.02	2.118	2.039	0
621	1.725	1.98	2.059	2.02	0
622	1.765	1.824	1.98	1.922	0
623	1.882	1.863	1.941	1.843	0
624	2.039	1.902	1.863	1.824	0
625	1.882	1.824	1.824	1.863	0
626	1.863	1.922	2.02	2.0	0
627	2.02	2.137	2.294	2.157	0
628	1.922	2.216	2.216	2.314	0
629	1.902	2.078	2.059	2.294	0
630	1.902	1.725	1.902	2.098	0
631	1.863	1.588	1.922	1.902	0
632	1.863	1.529	1.922	1.804	0
633	1.863	1.627	1.98	1.882	0
634	2.0	1.725	2.039	2.0	0
635	2.059	1.843	2.039	2.137	0
636	1.961	2.137	2.098	2.216	0
637	1.902	2.118	2.039	2.275	0
638	1.922	2.059	2.02	2.196	0
639	1.922	1.882	1.922	2.039	0
640	1.941	2.0	1.941	1.882	0
641	1.941	1.902	1.882	1.882	0
642	1.922	1.98	1.961	2.0	0
643	2.039	2.039	1.961	2.098	0
644	2.059	2.0	1.941	2.098	0
645	1.961	2.176	2.216	2.078	0
646	2.0	2.098	2.216	2.078	0
647	1.922	1.667	1.902	2.059	0
648	1.745	1.451	1.725	1.961	0
649	1.824	1.588	1.843	1.922	0
650	2.02	1.725	1.98	1.902	0
651	2.039	1.627	1.843	1.922	0
652	1.784	1.647	1.725	1.863	0
653	1.765	1.922	1.902	1.882	0
654	1.98	2.098	2.059	1.961	0
655	2.137	2.078	2.137	2.078	0
656	2.059	1.941	1.98	2.196	0
657	1.922	1.882	1.765	2.078	0
658	2.0	1.784	1.725	1.882	0
659	1.961	1.725	1.745	1.706	0
660	2.02	1.804	1.784	1.706	0
661	2.098	1.961	1.902	1.882	0
662	2.059	2.216	2.118	2.118	0
663	2.059	2.078	2.118	2.235	0
664	2.078	1.745	1.961	2.137	0
665	2.059	1.549	1.843	1.961	0
666	2.02	1.588	1.843	1.863	0
667	2.0	1.686	1.961	1.941	0
668	2.039	1.706	2.02	1.98	0
669	2.059	1.804	2.039	2.02	0
670	2.0	2.02	2.02	2.039	0
671	1.961	2.078	1.98	1.98	0
672	1.941	2.039	1.922	1.922	0
673	1.882	1.941	1.941	1.863	0
674	2.0	1.98	1.922	1.843	0
675	2.059	1.902	1.961	1.824	0
676	2.098	2.059	2.039	1.882	0
677	1.824	2.098	2.078	2.039	0
678	1.824	2.118	2.235	2.196	0
679	1.824	2.176	2.235	2.235	0
680	1.941	2.078	2.196	2.118	0
681	1.98	1.765	2.0	1.941	0
682	1.941	1.667	1.922	1.804	0
683	1.863	1.745	2.118	1.745	0
684	1.882	1.745	2.137	1.824	0
685	1.961	1.745	2.196	1.98	0
686	1.922	1.843	2.235	2.098	0
687	1.882	2.176	2.294	2.196	0
688	1.922	2.137	2.176	2.176	0
689	1.941	2.039	2.059	2.0	0
690	1.98	1.824	1.922	1.824	0
691	2.039	2.039	2.098	1.804	0
692	2.137	2.0	2.098	1.882	0
693	2.02	1.922	2.02	1.98	0
694	1.941	1.961	2.059	2.039	0
695	2.02	2.02	2.118	2.0	0
696	2.0	2.137	2.216	2.039	0
697	1.941	2.0	2.196	2.098	0
698	2.059	1.725	2.118	2.118	0
699	2.039	1.667	2.098	2.039	0
700	2.0	1.706	2.059	1.941	0
701	1.98	1.686	1.98	1.863	0
702	1.902	1.588	1.961	1.843	0
703	1.863	1.667	2.02	1.863	0
704	1.882	1.98	2.137	2.0	0
705	1.843	2.078	2.078	2.059	0
706	1.843	2.02	2.02	2.059	0
707	1.922	1.824	1.922	1.961	0
708	2.059	1.902	1.98	1.843	0
709	2.216	2.0	2.098	1.824	0
710	2.137	2.078	2.02	1.863	0
711	1.902	1.961	1.843	1.98	0
712	1.765	1.902	1.922	2.098	0
713	1.686	2.0	2.059	2.157	0
714	1.941	2.0	2.137	2.118	0
715	2.196	1.706	2.098	1.961	0
716	2.059	1.51	1.98	1.843	0
717	2.0	1.627	1.961	1.784	0
718	1.863	1.686	2.0	1.863	0
719	1.843	1.725	2.0	1.98	0
720	1.922	1.706	2.0	2.02	0
721	1.725	1.902	2.078	2.059	0
722	1.843	2.02	2.02	2.02	0
723	1.902	2.02	1.98	1.961	0
724	1.922	1.784	1.961	1.882	0
725	2.098	1.824	2.059	1.824	0
726	2.333	2.02	2.118	1.843	0
727	2.255	1.961	1.98	1.882	0
728	1.784	1.922	1.961	1.922	0
729	1.863	2.02	2.098	1.98	0
730	1.902	2.157	2.216	2.098	0
731	1.922	2.0	2.157	2.118	0
732	1.922	1.588	2.0	2.02	0
733	1.922	1.569	2.02	1.882	0
734	2.02	1.706	2.098	1.804	0
735	2.0	1.745	2.118	1.843	0
736	1.98	1.667	2.098	1.98	0
737	2.02	1.686	2.0	2.039	0
738	1.824	1.824	2.02	2.02	0
739	1.745	1.902	2.02	1.98	0
740	1.902	1.98	2.098	1.922	0
741	1.961	1.882	1.922	1.882	0
742	1.863	1.882	1.843	1.863	0
743	1.843	1.725	1.863	1.882	0
744	1.941	1.745	1.863	1.882	0
745	2.039	1.863	1.941	1.902	0
746	2.118	1.922	1.941	1.902	0
747	1.863	2.039	2.118	1.902	0
748	1.843	2.02	2.137	1.941	0
749	1.863	1.588	1.882	1.961	0
750	1.941	1.529	1.863	1.961	0
751	2.02	1.725	1.961	1.941	0
752	2.0	1.765	2.078	1.882	0
753	1.941	1.686	2.0	1.843	0
754	1.961	1.725	1.922	1.843	0
755	2.0	1.961	1.902	1.902	0
756	1.98	2.059	1.922	1.922	0
757	1.922	2.078	2.098	1.941	0
758	1.941	1.98	2.059	1.961	0
759	2.039	2.059	2.02	1.941	0
760	2.137	1.98	1.98	1.922	0
761	2.118	1.98	2.039	1.922	0
762	2.118	2.039	2.02	1.961	0
763	2.078	1.98	2.078	2.0	0
764	1.902	2.098	2.176	2.078	0
765	1.843	2.137	2.216	2.157	0
766	1.863	1.784	2.059	2.078	0
767	1.98	1.667	2.059	1.922	0
768	2.098	1.627	2.0	1.765	0
769	2.059	1.686	2.078	1.765	0
770	1.98	1.765	2.137	1.882	0
771	1.98	1.902	2.235	2.039	0
772	1.882	2.118	2.275	2.137	0
773	1.843	2.196	2.196	2.176	0
774	1.824	2.078	2.039	2.078	0
775	1.882	1.824	1.961	1.922	0
776	2.118	2.02	2.137	1.824	0
777	2.275	2.039	2.196	1.784	0
778	2.098	2.02	2.137	1.824	0
779	1.922	2.059	2.098	1.98	0
780	2.0	2.059	2.137	2.137	0
781	1.922	2.176	2.275	2.196	0
782	1.804	2.0	2.157	2.157	0
783	1.902	1.745	2.098	2.059	0
784	2.02	1.667	2.176	1.902	0
785	2.059	1.706	2.137	1.882	0
786	2.039	1.686	2.059	1.902	0
787	2.039	1.686	2.157	1.98	0
788	2.02	1.882	2.157	2.078	0
789	1.98	2.02	2.118	2.078	0
790	1.902	2.0	2.078	2.0	0
791	1.941	2.02	2.118	1.902	0
792	2.02	1.882	2.059	1.902	0
793	2.0	1.961	2.039	1.922	0
794	2.039	1.941	2.0	1.941	0
795	2.059	1.98	2.02	1.961	0
796	1.961	2.039	2.0	1.941	0
797	1.863	1.941	1.941	1.961	0
798	1.863	2.039	2.137	2.0	0
799	2.078	2.118	2.216	2.059	0
800	2.157	1.725	2.02	2.0	0
801	1.941	1.569	1.902	1.902	0
802	1.863	1.627	1.961	1.824	0
803	1.902	1.647	2.059	1.824	0
804	1.863	1.549	1.941	1.902	0
805	1.941	1.745	1.941	1.922	0
806	1.902	2.039	2.02	2.02	0
807	1.843	2.02	2.059	2.098	0
808	1.961	1.98	2.039	2.02	0
809	2.078	1.863	1.941	1.863	0
810	2.118	1.961	1.941	1.804	0
811	2.02	1.843	1.863	1.784	0
812	2.0	1.863	1.902	1.843	0
813	1.941	1.961	1.98	1.941	0
814	1.98	2.078	2.059	2.02	0
815	1.941	2.118	2.098	2.078	0
816	1.922	2.059	2.137	2.098	0
817	1.941	1.745	1.98	2.039	0
818	1.902	1.608	1.961	1.941	0
819	1.98	1.686	2.039	1.882	0
820	2.02	1.686	2.039	1.882	0
821	1.961	1.647	2.059	1.902	0
822	1.941	1.765	2.098	1.941	0
823	1.784	2.02	2.078	2.0	0
824	1.765	2.0	1.882	2.02	0
825	1.941	2.098	1.902	1.961	0
826	2.02	1.961	2.039	1.882	0
827	2.039	2.039	2.118	1.902	0
828	1.961	1.784	1.902	1.863	0
829	1.961	1.824	1.922	1.863	0
830	1.961	2.0	2.039	1.922	0
831	2.0	2.059	2.059	2.039	0
832	1.902	2.098	2.078	2.118	0
833	1.98	2.078	2.137	2.137	0
834	1.98	1.725	1.961	2.02	0
835	1.961	1.588	1.941	1.824	0
836	1.941	1.647	1.961	1.745	0
837	1.863	1.686	2.059	1.765	0
838	1.941	1.686	2.059	1.882	0
839	1.98	1.784	1.98	1.961	0
840	1.902	1.882	2.02	2.02	0
841	1.882	1.941	1.98	2.0	0
842	2.0	2.137	2.078	1.941	0
843	1.941	1.922	1.961	1.902	0
844	1.941	1.98	2.078	1.941	0
845	2.0	1.98	2.039	2.02	0
846	2.039	1.941	1.922	1.98	0
847	1.882	1.941	1.941	1.961	0
848	1.902	1.922	1.98	1.941	0
849	2.078	2.157	2.176	2.02	0
850	1.902	2.098	2.196	2.157	0
851	1.863	1.765	2.098	2.176	0
852	2.02	1.686	2.059	2.059	0
853	1.961	1.608	1.98	1.922	0
854	2.02	1.686	2.039	1.902	0
855	2.02	1.725	2.039	1.941	0
856	1.922	1.804	2.039	1.961	0
857	1.941	2.098	2.157	2.137	0
858	2.0	2.176	2.196	2.235	0
859	1.961	2.078	2.078	2.176	0
860	2.0	1.843	1.961	1.98	0
861	2.039	1.863	2.0	1.843	0
862	2.118	1.941	2.0	1.784	0
863	2.118	1.961	2.0	1.804	0
864	2.039	2.02	2.02	1.941	0
865	2.039	2.02	2.118	1.98	0
866	2.039	2.137	2.196	2.059	0
867	1.98	2.137	2.314	2.176	0
868	1.941	1.765	2.137	2.118	0
869	1.961	1.569	2.02	1.961	0
870	2.02	1.686	2.118	1.824	0
871	2.039	1.843	2.196	1.804	0
872	1.961	1.745	2.176	1.882	0
873	1.902	1.765	2.098	2.0	0
874	1.824	1.922	2.039	2.059	0
875	1.922	2.078	2.157	2.098	0
876	2.059	2.137	2.176	2.078	0
877	1.961	1.902	2.098	1.961	0
878	1.98	1.98	2.137	1.922	0
879	2.039	1.98	2.098	1.961	0
880	2.02	1.863	1.961	1.941	0
881	1.961	1.941	2.039	1.922	0
882	2.0	2.098	2.157	1.941	0
883	1.98	2.157	2.196	1.98	0
884	1.922	2.02	2.216	2.118	0
885	1.922	1.745	2.039	2.176	0
886	2.0	1.765	2.157	2.078	0
887	2.059	1.765	2.137	2.02	0
888	1.922	1.647	2.039	1.98	0
889	1.961	1.686	2.059	1.961	0
890	1.961	1.784	2.0	1.922	0
891	1.882	1.98	2.059	1.922	0
892	1.824	2.118	2.137	2.0	0
893	1.98	2.157	2.137	2.039	0
894	2.078	1.961	2.02	2.0	0
895	2.137	1.98	1.98	1.98	0
896	2.039	1.941	1.941	1.961	0
897	2.0	1.922	1.922	1.882	0
898	2.02	1.922	1.902	1.824	0
899	1.922	1.902	1.922	1.804	0
900	1.824	2.02	2.039	1.902	0
901	1.902	2.059	2.078	2.059	0
902	2.0	1.686	1.882	2.059	0
903	2.078	1.608	2.0	1.98	0
904	2.039	1.588	1.98	1.882	0
905	1.941	1.51	1.824	1.804	0
906	1.863	1.49	1.843	1.706	0
907	1.902	1.627	1.882	1.706	0
908	1.863	1.922	1.98	1.824	0
909	1.824	1.882	1.922	1.922	0
910	1.902	1.902	1.882	1.98	0
911	1.961	1.804	1.765	1.902	0
912	2.02	1.824	1.882	1.804	0
913	1.98	1.804	1.941	1.765	0
914	2.02	1.843	1.941	1.784	0
915	1.961	1.843	1.941	1.882	0
916	1.98	1.863	2.0	1.922	0
917	2.0	2.078	2.078	1.98	0
918	1.922	1.98	2.0	2.02	0
919	1.843	1.549	1.784	1.941	0
920	1.863	1.431	1.863	1.824	0
921	1.98	1.569	2.039	1.784	0
922	2.059	1.745	2.157	1.824	0
923	1.98	1.725	2.098	1.882	0
924	1.902	1.745	2.0	1.941	0
925	1.824	1.98	2.118	2.0	0
926	1.765	1.98	2.098	2.059	0
927	1.882	1.961	2.02	2.02	0
928	1.902	1.725	1.922	1.941	0
929	1.961	2.0	2.098	1.882	0
930	2.078	2.059	2.137	1.843	0
931	2.137	2.039	2.118	1.882	0
932	2.059	2.0	2.059	1.941	0
933	1.882	1.961	2.098	2.039	0
934	1.843	2.137	2.275	2.059	0
935	2.02	2.196	2.392	2.118	0
936	2.0	1.843	2.176	2.078	0
937	1.922	1.647	2.137	1.961	0
938	1.902	1.725	2.196	1.902	0
939	1.961	1.804	2.196	1.902	0
940	2.059	1.804	2.196	1.882	0
941	2.02	1.863	2.176	1.941	0
942	1.961	2.02	2.176	2.0	0
943	1.922	2.02	2.098	2.02	0
944	1.941	2.078	2.157	2.039	0
945	1.922	1.961	2.176	1.98	0
946	2.059	2.0	2.235	1.941	0
947	2.137	1.941	2.02	1.882	0
948	2.098	1.941	2.039	1.784	0
949	2.0	1.961	2.059	1.804	0
950	1.902	2.02	2.137	1.922	0
951	1.843	2.157	2.216	2.098	0
952	1.863	2.059	2.176	2.196	0
953	1.882	1.667	1.98	2.118	0
954	1.863	1.549	1.98	1.961	0
955	1.843	1.569	2.059	1.824	0
956	2.0	1.686	2.078	1.824	0
957	2.059	1.706	2.078	1.863	0
958	2.0	1.706	2.02	1.902	0
959	1.941	1.98	2.0	1.941	0
960	1.804	2.0	2.039	1.98	0
961	1.843	1.98	2.0	2.0	0
962	1.922	1.843	1.961	1.922	0
963	2.0	1.98	1.98	1.882	0
964	2.02	1.882	1.922	1.863	0
965	2.118	1.98	2.039	1.882	0
966	2.078	2.039	2.059	1.922	0
967	2.059	1.98	2.098	2.02	0
968	1.941	2.137	2.176	2.078	0
969	1.941	2.059	2.098	2.039	0
970	1.843	1.725	1.941	1.941	0
971	1.922	1.686	2.02	1.882	0
972	2.118	1.843	2.137	1.922	0
973	2.02	1.843	2.176	2.039	0
974	2.039	1.706	2.118	2.039	0
975	2.0	1.745	2.0	1.941	0
976	1.843	2.0	2.118	1.941	0
977	1.804	2.196	2.235	2.0	0
978	1.843	2.098	2.098	2.059	0
979	1.941	1.902	1.941	2.039	0
980	2.02	1.922	1.922	1.902	0
981	2.118	1.922	2.02	1.843	0
982	2.039	1.98	2.059	1.882	0
983	1.863	1.902	1.941	1.941	0
984	1.804	1.961	2.0	2.039	0
985	1.804	2.059	2.059	2.039	0
986	1.941	2.02	2.137	2.059	0
987	2.118	1.725	2.02	2.0	0
988	2.098	1.588	2.0	1.902	0
989	1.961	1.588	1.961	1.804	0
990	1.843	1.686	2.0	1.824	0
991	1.922	1.706	2.0	1.843	0
992	1.961	1.765	2.02	1.961	0
993	1.902	1.961	2.0	2.02	0
994	1.863	1.98	1.922	1.98	0
995	1.941	1.961	1.941	1.922	0
996	1.961	1.902	2.0	1.824	0
997	2.078	2.039	2.059	1.843	0
998	2.098	1.922	2.059	1.922	0
999	2.157	1.941	2.02	1.941	0
1000	2.137	2.059	1.961	1.961	0
1001	2.02	2.039	2.039	2.0	0
1002	1.902	2.059	2.098	2.078	0
1003	1.882	1.98	2.078	2.059	0
1004	1.961	1.725	1.98	1.98	0
1005	1.98	1.627	1.941	1.863	0
1006	1.961	1.647	2.059	1.784	0
1007	1.961	1.745	2.02	1.863	0
1008	1.922	1.686	2.0	1.902	0
1009	1.824	1.745	2.0	1.98	0
1010	1.686	1.98	2.098	2.059	0
1011	1.725	2.098	2.157	2.098	0
1012	1.941	2.098	2.118	2.059	0
1013	2.039	1.882	2.02	1.941	0
1014	1.941	1.922	1.902	1.804	0
1015	1.804	1.804	1.843	1.765	0
1016	2.0	1.941	1.824	1.784	0
1017	2.137	2.039	1.98	1.824	0
1018	2.137	2.0	2.098	1.941	0
1019	1.804	2.078	2.157	2.078	0
1020	1.804	2.02	2.157	2.196	0
1021	1.902	1.706	2.02	2.118	0
1022	2.0	1.569	1.941	1.941	0
1023	2.039	1.647	1.922	1.804	0
1024	2.039	1.667	1.961	1.745	0
1025	2.039	1.667	2.059	1.843	0
1026	2.059	1.745	2.02	1.902	0
1027	1.98	1.98	2.078	2.039	0
1028	1.922	2.098	2.02	2.118	0
1029	2.02	2.039	2.059	2.078	0
1030	2.0	1.863	1.98	1.961	0
1031	2.039	1.941	2.02	1.843	0
1032	2.118	1.98	2.02	1.824	0
1033	2.059	1.922	1.98	1.843	0
1034	1.941	1.902	2.039	1.941	0
1035	1.902	2.059	2.176	2.059	0
1036	1.863	2.118	2.216	2.176	0
1037	1.843	2.098	2.294	2.176	0
1038	1.941	1.863	2.137	2.157	0
1039	1.902	1.588	2.0	2.02	0
1040	1.941	1.667	2.098	1.843	0
1041	2.02	1.824	2.137	1.804	0
1042	1.98	1.745	2.137	1.863	0
1043	1.902	1.784	2.157	2.0	0
1044	1.922	2.078	2.255	2.118	0
1045	1.922	2.196	2.216	2.118	0
1046	1.922	2.078	2.059	2.02	0
1047	1.882	1.882	2.02	1.882	0
1048	1.98	2.02	2.157	1.902	0
1049	2.0	1.961	2.118	1.961	0
1050	2.078	1.98	2.098	2.0	0
1051	2.059	2.059	2.059	2.0	0
1052	2.039	2.098	2.137	1.98	0
1053	2.02	2.196	2.216	2.02	0
1054	1.961	2.098	2.255	2.039	0
1055	1.961	1.804	2.118	2.02	0
1056	1.961	1.686	2.137	1.98	0
1057	2.02	1.765	2.157	1.922	0
1058	1.941	1.706	2.039	1.941	0
1059	1.922	1.725	2.059	1.961	0
1060	1.961	1.784	2.196	1.843	0
1061	1.961	2.118	2.216	2.02	0
1062	1.961	2.098	2.137	2.098	0
1063	1.941	2.078	2.118	2.118	0
1064	1.863	1.882	2.0	2.039	0
1065	1.882	1.902	2.02	1.882	0
1066	1.98	1.824	1.902	1.784	0
1067	2.078	1.843	1.922	1.725	0
1068	2.039	1.961	1.98	1.784	0
1069	2.0	1.961	2.078	1.961	0
1070	1.882	2.039	2.078	2.176	0
1071	1.824	1.902	2.039	2.176	0
1072	1.843	1.627	1.882	2.039	0
1073	1.941	1.549	1.882	1.824	0
1074	2.176	1.667	1.98	1.725	0
1075	1.98	1.608	2.039	1.824	0
1076	1.941	1.529	1.922	1.941	0
1077	1.961	1.569	1.863	1.941	0
1078	1.882	1.882	1.961	1.961	0
1079	1.922	2.059	1.941	1.961	0
1080	2.0	1.98	1.902	1.922	0
1081	2.02	1.784	1.824	1.843	0
1082	2.098	1.882	1.902	1.784	0
1083	2.098	1.863	1.902	1.863	0
1084	2.098	1.882	1.941	2.0	0
1085	2.059	1.902	1.941	2.039	0
1086	2.078	1.902	1.98	1.961	0
1087	2.02	2.098	2.059	1.941	0
1088	1.961	2.098	2.137	1.961	0
1089	1.902	1.667	1.961	2.02	0
1090	1.863	1.569	1.922	2.02	0
1091	1.902	1.667	1.98	1.961	0
1092	2.059	1.765	2.059	1.98	0
1093	2.039	1.745	2.039	1.902	0
1094	1.98	1.745	2.059	1.922	0
1095	1.922	2.0	2.078	2.02	0
1096	1.725	2.078	2.098	2.02	0
1097	1.706	2.059	2.059	2.078	0
1098	1.804	1.922	2.0	2.039	0
1099	1.961	1.922	1.961	2.02	0
1100	2.039	1.863	1.961	1.922	0
1101	2.098	1.961	2.059	1.882	0
1102	2.02	1.98	1.961	1.902	0
1103	1.98	1.902	1.98	1.902	0
1104	1.843	2.059	2.078	2.02	0
1105	1.863	2.039	2.137	2.059	0
1106	1.922	1.765	2.118	1.961	0
1107	1.941	1.647	2.02	2.039	0
1108	1.961	1.647	2.039	2.0	0
1109	1.941	1.667	2.0	1.98	0
1110	2.0	1.667	2.0	1.922	0
1111	2.078	1.804	2.078	1.863	0
1112	2.0	2.039	2.137	1.882	0
1113	1.863	2.137	2.118	1.941	0
1114	1.98	2.098	2.157	1.882	0
1115	2.02	1.941	1.98	1.941	0
1116	2.0	1.98	1.98	1.961	0
1117	2.059	1.902	2.0	1.941	0
1118	2.059	1.98	2.078	1.902	0
1119	2.039	2.078	2.118	1.902	0
1120	2.039	2.039	2.098	1.902	0
1121	1.922	2.196	2.235	2.0	0
1122	1.863	2.157	2.294	2.137	0
1123	1.882	1.784	2.098	2.098	0
1124	1.882	1.608	2.02	2.02	0
1125	1.902	1.569	1.922	1.902	0
1126	2.039	1.627	1.98	1.706	0
1127	2.118	1.745	2.137	1.745	0
1128	1.941	1.863	2.118	1.902	0
1129	1.784	2.098	2.176	2.137	0
1130	1.765	2.157	2.137	2.235	0
1131	1.902	2.078	2.078	2.157	0
1132	2.039	1.941	2.02	1.98	0
1133	2.0	1.98	2.0	1.824	0
1134	1.882	1.902	1.941	1.745	0
1135	2.02	2.059	2.098	1.882	0
1136	2.098	2.157	2.157	2.039	0
1137	2.078	2.098	2.196	2.118	0
1138	2.0	2.196	2.275	2.157	0
1139	1.922	2.137	2.216	2.098	0
1140	1.961	1.824	2.118	2.02	0
1141	1.961	1.686	2.078	1.902	0
1142	1.941	1.725	2.118	1.824	0
1143	1.941	1.784	2.176	1.824	0
1144	2.0	1.765	2.176	1.882	0
1145	2.059	1.765	2.118	1.98	0
1146	1.902	1.941	2.157	2.078	0
1147	1.863	2.078	2.157	2.118	0
1148	1.941	2.118	2.157	2.098	0
1149	1.98	1.961	2.098	1.941	0
1150	2.039	1.961	2.059	1.843	0
1151	2.098	1.902	2.02	1.804	0
1152	2.098	1.863	1.961	1.784	0
1153	1.98	1.961	2.0	1.843	0
1154	1.961	1.961	2.078	1.922	0
1155	1.843	2.118	2.137	2.039	0
1156	1.843	2.02	2.118	2.118	0
1157	1.863	1.667	1.961	2.098	0
1158	1.902	1.549	1.922	1.941	0
1159	1.961	1.529	1.922	1.765	0
1160	1.941	1.608	1.98	1.745	0
1161	2.0	1.706	2.059	1.824	0
1162	1.902	1.706	2.078	1.863	0
1163	1.863	2.0	2.157	2.02	0
1164	1.843	1.941	2.039	2.118	0
1165	1.961	2.0	2.039	2.059	0
1166	1.98	1.882	1.922	1.902	0
1167	1.98	1.922	1.882	1.784	0
1168	1.941	1.765	1.882	1.804	0
1169	2.0	1.843	2.02	1.863	0
1170	2.059	1.98	2.098	1.882	0
1171	2.059	2.039	2.137	1.961	0
1172	1.961	2.02	2.137	2.039	0
1173	2.0	2.078	2.157	2.098	0
1174	2.059	1.765	1.961	2.02	0
1175	1.961	1.588	1.941	1.922	0
1176	1.863	1.608	1.902	1.843	0
1177	1.941	1.667	1.961	1.843	0
1178	2.02	1.588	2.0	1.902	0
1179	2.176	1.765	2.118	1.961	0
1180	2.039	1.98	2.118	2.0	0
1181	1.863	2.0	1.961	2.0	0
1182	1.902	1.922	1.843	1.961	0
1183	1.922	1.765	1.784	1.765	0
1184	1.961	1.863	1.843	1.784	0
1185	2.078	1.902	1.941	1.784	0
1186	2.196	1.882	1.98	1.882	0
1187	2.137	1.961	1.941	2.0	0
1188	2.039	2.0	2.02	2.059	0
1189	1.941	2.098	2.137	2.078	0
1190	1.941	2.098	2.137	2.078	0
1191	1.98	1.706	1.961	1.961	0
1192	2.0	1.647	1.98	1.843	0
1193	2.0	1.725	2.078	1.824	0
1194	2.039	1.863	2.118	1.882	0
1195	2.118	1.804	2.098	1.941	0
1196	1.98	1.824	2.098	2.078	0
1197	1.882	2.059	2.235	2.137	0
1198	1.824	2.176	2.255	2.098	0
1199	1.784	2.157	2.137	2.118	0
1200	1.902	1.98	2.039	2.0	0
1201	2.059	1.941	1.961	1.882	0
1202	2.059	1.922	2.02	1.824	0
1203	2.118	2.059	2.118	1.843	0
1204	1.98	2.0	2.0	1.941	0
1205	1.961	1.902	2.039	2.02	0
1206	1.882	2.078	2.137	2.059	0
1207	1.843	2.098	2.216	2.098	0
1208	1.882	1.765	2.059	2.059	0
1209	1.922	1.549	2.0	2.0	0
1210	2.039	1.647	2.078	1.882	0
1211	2.059	1.706	2.059	1.824	0
1212	1.961	1.647	1.961	1.804	0
1213	1.922	1.765	2.078	1.804	0
1214	1.941	2.118	2.176	1.941	0
1215	1.863	2.118	2.118	2.059	0
1216	1.922	2.059	2.078	2.078	0
1217	1.922	1.882	2.0	2.039	0
1218	2.02	1.961	2.039	1.941	0
1219	2.078	1.98	2.078	1.882	0
1220	2.098	2.0	2.098	1.804	0
1221	2.0	2.078	2.137	1.863	0
1222	1.961	2.059	2.118	1.961	0
1223	1.882	2.078	2.118	2.0	0
1224	1.804	2.039	2.157	2.02	0
1225	1.843	1.765	2.098	1.961	0
1226	1.961	1.608	2.059	1.882	0
1227	1.961	1.608	2.039	1.824	0
1228	1.863	1.647	2.039	1.843	0
1229	1.824	1.627	1.98	1.902	0
1230	1.843	1.725	2.039	1.941	0
1231	1.961	1.98	2.059	1.98	0
1232	1.98	2.02	2.137	2.039	0
1233	1.902	1.98	2.118	2.0	0
1234	1.824	1.784	1.922	1.882	0
1235	1.902	1.843	1.922	1.804	0
1236	1.98	1.863	1.863	1.745	0
1237	2.02	1.843	1.902	1.784	0
1238	2.02	1.941	1.98	1.902	0
1239	2.059	1.961	2.059	2.0	0
1240	2.0	2.078	2.118	2.118	0
1241	1.941	2.059	2.137	2.137	0
1242	1.98	1.765	2.0	2.098	0
1243	1.98	1.627	1.961	1.941	0
1244	2.0	1.686	2.039	1.824	0
1245	1.961	1.706	2.02	1.843	0
1246	1.98	1.647	2.02	1.882	0
1247	1.961	1.725	2.02	1.98	0
1248	1.902	1.922	2.02	2.02	0
1249	1.922	2.078	2.078	2.059	0
1250	1.98	2.196	2.059	2.02	0
1251	1.922	1.941	1.863	1.941	0
1252	1.843	1.843	1.902	1.882	0
1253	1.922	1.824	1.922	1.882	0
1254	2.02	1.882	1.941	1.882	0
1255	2.02	1.98	2.02	1.922	0
1256	2.039	1.941	2.02	2.0	0
1257	1.882	2.0	2.039	2.039	0
1258	1.824	1.98	2.059	2.118	0
1259	1.843	1.725	1.902	2.02	0
1260	1.941	1.549	1.843	1.863	0
1261	1.902	1.569	1.902	1.784	0
1262	1.902	1.667	1.98	1.843	0
1263	1.961	1.627	1.98	1.922	0
1264	1.882	1.647	1.941	2.0	0
1265	1.863	1.863	2.0	2.02	0
1266	1.902	2.039	2.039	1.941	0
1267	1.941	2.059	2.0	1.902	0
1268	1.863	1.902	1.902	1.902	0
1269	1.961	1.98	2.02	1.882	0
1270	1.98	1.882	1.922	1.902	0
1271	2.098	1.941	1.961	1.843	0
1272	2.039	2.059	2.039	1.902	0
1273	1.941	2.098	2.078	2.0	0
1274	1.882	2.196	2.216	2.098	0
1275	1.922	2.157	2.235	2.157	0
1276	1.922	1.784	2.059	2.059	0
1277	1.961	1.686	2.059	1.902	0
1278	2.0	1.725	2.02	1.882	0
1279	1.941	1.745	2.078	1.882	0
1280	2.0	1.725	2.059	1.882	0
1281	1.98	1.804	2.059	1.922	0
1282	1.863	2.078	2.118	1.98	0
1283	1.843	2.137	2.137	2.039	0
1284	1.922	2.02	2.118	2.039	0
1285	2.0	1.941	2.039	1.941	0
1286	2.137	1.941	1.961	1.863	0
1287	2.0	1.804	1.882	1.765	0
1288	1.961	1.882	1.98	1.824	0
1289	2.02	1.961	2.0	1.882	0
1290	2.02	1.961	2.039	1.961	0
1291	1.843	2.039	2.039	2.078	0
1292	1.843	2.059	2.196	2.137	0
1293	2.059	1.882	2.118	2.137	0
1294	2.098	1.627	2.0	1.98	0
1295	2.059	1.627	2.039	1.824	0
1296	1.922	1.686	2.02	1.784	0
1297	1.863	1.608	2.0	1.824	0
1298	1.902	1.706	2.02	1.961	0
1299	1.902	1.98	2.157	2.059	0
1300	1.98	2.216	2.235	2.098	0
1301	2.02	2.176	2.176	2.02	0
1302	1.902	1.98	2.059	1.961	0
1303	1.941	1.961	2.0	1.98	0
1304	2.059	1.961	2.039	1.961	0
1305	2.157	2.02	2.157	1.922	0
1306	2.137	2.078	2.157	1.941	0
1307	2.059	2.059	2.157	1.98	0
1308	1.922	2.176	2.157	2.039	0
1309	1.863	2.098	2.176	2.137	0
1310	1.941	1.765	2.078	2.059	0
1311	1.961	1.647	2.098	2.0	0
1312	2.02	1.686	2.118	1.922	0
1313	2.02	1.784	2.157	1.922	0
1314	2.039	1.804	2.137	1.922	0
1315	2.039	1.745	2.078	1.922	0
1316	1.961	1.922	2.137	1.98	0
1317	1.902	2.059	2.157	1.98	0
1318	1.922	2.0	2.078	2.02	0
1319	1.882	1.863	1.941	1.98	0
1320	1.961	1.882	1.961	1.863	0
1321	2.039	1.863	1.98	1.804	0
1322	2.098	1.902	2.039	1.765	0
1323	2.157	2.039	2.176	1.882	0
1324	2.078	2.0	2.098	2.02	0
1325	1.902	1.941	2.098	2.098	0
1326	1.882	2.02	2.098	2.098	0
1327	1.941	1.745	1.961	1.98	0
1328	1.902	1.569	1.961	1.824	0
1329	1.922	1.608	2.078	1.784	0
1330	1.98	1.725	2.118	1.863	0
1331	2.0	1.686	2.078	1.961	0
1332	1.961	1.667	1.961	2.0	0
1333	1.843	1.882	2.02	1.98	0
1334	1.784	1.98	2.098	1.98	0
1335	1.98	2.078	2.118	1.98	0
1336	2.078	1.941	2.0	1.922	0
1337	2.0	1.882	1.941	1.863	0
1338	1.98	1.882	1.961	1.863	0
1339	2.059	1.902	2.0	1.922	0
1340	1.961	1.863	1.941	1.922	0
1341	1.961	1.863	1.961	1.98	0
1342	2.0	2.137	2.137	1.98	0
1343	2.0	2.137	2.216	2.039	0
1344	1.98	1.745	2.0	2.039	0
1345	1.941	1.549	1.98	1.961	0
1346	2.02	1.647	2.078	1.902	0
1347	2.039	1.725	2.098	1.882	0
1348	2.02	1.686	2.0	1.863	0
1349	1.961	1.784	2.02	1.902	0
1350	1.902	2.0	2.157	1.961	0
1351	1.902	2.078	2.176	2.0	0
1352	1.961	2.098	2.176	2.02	0
1353	1.98	1.902	2.0	1.961	0
1354	2.0	1.922	1.98	1.882	0
1355	2.0	1.902	2.0	1.882	0
1356	2.039	1.941	2.0	1.902	0
1357	1.961	2.0	2.039	1.941	0
1358	1.922	2.059	2.098	2.02	0
1359	1.824	2.196	2.235	2.118	0
1360	1.843	2.098	2.216	2.137	0
1361	1.863	1.706	2.059	2.078	0
1362	1.784	1.569	1.98	1.961	0
1363	1.843	1.549	1.961	1.804	0
1364	2.0	1.686	2.02	1.804	0
1365	2.098	1.686	2.02	1.843	0
1366	1.961	1.843	2.137	1.922	0
1367	1.843	2.0	2.118	2.02	0
1368	1.745	2.0	2.039	2.0	0
1369	1.843	1.922	1.98	2.02	0
1370	1.902	1.843	1.961	1.98	0
1371	2.078	2.02	2.118	1.922	0
1372	2.137	1.961	1.98	1.882	0
1373	2.118	1.922	1.961	1.804	0
1374	2.0	1.941	2.039	1.765	0
1375	2.039	2.059	2.118	1.882	0
1376	2.0	2.118	2.118	2.0	0
1377	1.941	2.059	2.118	2.098	0
1378	2.0	1.843	2.098	2.118	0
1379	2.059	1.706	2.118	2.02	0
1380	2.02	1.725	2.137	1.98	0
1381	2.0	1.725	2.078	1.922	0
1382	1.98	1.667	2.039	1.902	0
1383	1.98	1.784	2.098	1.941	0
1384	1.941	2.02	2.137	1.961	0
1385	1.882	2.118	2.137	2.059	0
1386	1.922	2.098	2.118	2.098	0
1387	1.941	1.98	2.02	2.059	0
1388	2.0	1.961	1.98	2.0	0
1389	2.0	1.902	2.0	1.941	0
1390	2.02	1.922	2.0	1.941	0
1391	1.961	1.941	1.961	1.922	0
1392	1.882	1.941	1.98	1.961	0
1393	1.784	2.078	2.098	2.039	0
1394	1.804	2.02	2.235	2.039	0
1395	2.0	1.863	2.137	2.098	0
1396	2.039	1.686	2.0	1.98	0
1397	1.882	1.627	2.0	1.863	0
1398	1.804	1.647	1.902	1.882	0
1399	1.882	1.51	1.882	1.824	0
1400	1.961	1.686	2.078	1.922	0
1401	1.843	2.0	2.098	2.039	0
1402	1.804	2.02	2.02	2.078	0
1403	2.039	2.059	2.039	2.059	0
1404	1.98	1.902	1.961	1.902	0
1405	2.02	1.961	1.941	1.804	0
1406	2.02	1.882	1.902	1.804	0
1407	2.059	1.863	1.961	1.843	0
1408	2.059	1.98	2.078	1.922	0
1409	2.098	1.98	2.059	2.02	0
1410	1.961	2.137	2.118	2.078	0
1411	1.98	2.157	2.176	2.118	0
1412	2.039	1.843	2.059	2.098	0
1413	1.98	1.608	1.961	1.98	0
1414	2.02	1.647	2.02	1.843	0
1415	2.039	1.686	2.039	1.804	0
1416	1.98	1.667	2.0	1.863	0
1417	2.0	1.765	2.098	1.922	0
1418	1.98	2.02	2.059	2.0	0
1419	1.863	2.059	2.039	1.98	0
1420	1.843	2.059	2.098	2.059	0
1421	1.882	1.922	1.902	2.059	0
1422	2.039	1.882	1.882	1.961	0
1423	2.098	1.882	1.961	1.843	0
1424	2.078	1.98	2.098	1.804	0
1425	1.961	2.039	2.02	1.804	0
1426	1.941	1.863	1.922	1.902	0
1427	1.863	2.02	2.039	2.039	0
1428	1.843	2.059	2.255	2.196	0
1429	2.02	1.902	2.196	2.157	0
1430	2.059	1.765	2.098	2.0	0
1431	2.02	1.667	2.059	1.941	0
1432	1.98	1.686	2.059	1.863	0
1433	1.902	1.647	2.02	1.863	0
1434	1.98	1.765	2.078	1.882	0
1435	1.941	2.059	2.235	1.98	0
1436	1.902	2.196	2.235	2.118	0
1437	1.98	2.078	2.137	2.118	0
1438	1.98	1.941	2.039	2.0	0
1439	2.059	1.961	2.059	1.882	0
1440	2.078	1.961	2.118	1.824	0
1441	2.098	2.0	2.059	1.902	0
1442	2.02	2.02	2.02	1.961	0
1443	2.0	1.961	2.098	2.0	0
1444	1.922	2.118	2.235	2.078	0
1445	1.902	2.059	2.196	2.078	0
1446	1.941	1.745	1.98	2.039	0
1447	1.941	1.588	1.941	1.922	0
1448	1.98	1.608	1.98	1.824	0
1449	1.941	1.647	2.039	1.804	0
1450	1.922	1.588	2.0	1.824	0
1451	1.922	1.667	1.98	1.863	0
1452	1.843	1.863	2.039	1.98	0
1453	1.824	2.039	2.059	2.02	0
1454	1.843	2.02	2.059	1.98	0
1455	1.902	1.902	1.961	1.922	0
1456	2.059	1.882	1.902	1.843	0
1457	2.02	1.765	1.882	1.824	0
1458	2.098	1.863	1.961	1.843	0
1459	1.98	1.863	1.922	1.922	0
1460	1.882	1.863	1.941	1.922	0
1461	1.843	2.059	2.059	1.961	0
1462	1.784	2.059	2.078	2.0	0
1463	1.922	1.765	2.039	1.961	0
1464	2.059	1.667	2.02	1.922	0
1465	2.098	1.706	2.078	1.882	0
1466	2.02	1.686	2.02	1.902	0
1467	1.922	1.608	1.922	1.922	0
1468	1.863	1.725	1.98	2.0	0
1469	1.843	1.98	2.078	2.078	0
1470	1.863	2.039	2.078	2.039	0
1471	1.98	2.02	2.02	1.961	0
1472	2.039	1.98	2.039	1.882	0
1473	2.196	2.078	2.078	1.882	0
1474	2.176	2.0	1.941	1.863	0
1475	2.078	1.882	1.922	1.922	0
1476	2.0	2.0	2.0	2.0	0
1477	2.0	1.98	2.098	2.059	0
1478	2.0	2.118	2.176	2.098	0
1479	1.98	2.078	2.176	2.098	0
1480	2.02	1.784	2.02	2.039	0
1481	1.961	1.627	1.941	1.941	0
1482	2.0	1.627	1.961	1.902	0
1483	2.0	1.706	2.039	1.902	0
1484	2.078	1.745	2.02	1.863	0
1485	2.039	1.745	2.02	1.902	0
1486	1.922	1.961	2.176	1.961	0
1487	1.824	2.078	2.137	2.059	0
1488	1.843	2.0	2.039	2.098	0
1489	1.843	1.863	1.941	2.039	0
1490	2.0	1.941	1.98	1.922	0
1491	2.098	1.941	1.98	1.824	0
1492	2.02	1.941	2.02	1.824	0
1493	1.941	2.02	2.0	1.882	0
1494	2.0	2.059	2.059	1.98	0
1495	1.922	2.137	2.196	2.098	0
1496	1.902	2.078	2.196	2.157	0
1497	1.863	1.745	2.02	2.098	0
1498	1.902	1.627	2.02	1.961	0
1499	1.941	1.725	2.118	1.843	0
1500	1.941	1.706	2.059	1.804	0
1501	1.882	1.667	1.961	1.863	0
1502	1.922	1.745	1.98	1.922	0
1503	1.922	1.941	2.039	2.0	0
1504	1.902	2.039	2.098	2.02	0
1505	1.902	2.039	2.137	1.98	0
1506	1.941	1.961	2.0	1.902	0
1507	2.0	1.902	1.961	1.843	0
1508	2.02	1.882	1.941	1.824	0
1509	2.0	1.843	1.941	1.843	0
1510	1.922	1.902	1.941	1.863	0
1511	1.961	1.922	1.961	1.863	0
1512	1.843	2.02	2.059	1.941	0
1513	1.765	2.078	2.137	2.02	0
1514	1.824	1.804	2.098	2.02	0
1515	1.824	1.569	1.98	1.961	0
1516	1.961	1.588	1.961	1.882	0
1517	2.098	1.725	2.02	1.843	0
1518	1.98	1.627	2.02	1.824	0
1519	1.863	1.627	2.02	1.824	0
1520	1.843	1.922	2.059	1.804	0
1521	1.843	2.098	2.078	1.863	0
1522	1.902	2.078	2.059	1.961	0
1523	1.941	1.941	2.039	2.039	0
1524	2.078	1.961	2.078	2.098	0
1525	2.137	1.922	2.039	2.039	0
1526	2.118	1.843	1.941	1.922	0
1527	2.059	2.02	2.098	1.863	0
1528	2.118	2.0	2.118	1.882	0
1529	2.078	2.157	2.176	1.941	0
1530	2.0	2.137	2.235	2.078	0
1531	2.02	1.902	2.137	2.176	0
1532	2.039	1.686	2.098	2.157	0
1533	2.059	1.706	2.157	2.078	0
1534	2.078	1.745	2.137	1.98	0
1535	2.098	1.745	2.078	1.922	0
1536	2.02	1.824	2.078	1.922	0
1537	1.98	2.02	2.196	2.0	0
1538	1.902	2.098	2.157	2.078	0
1539	1.941	2.098	2.157	2.078	0
1540	1.961	2.0	2.078	2.039	0
1541	1.98	1.961	2.0	1.961	0
1542	2.02	1.922	1.98	1.902	0
1543	2.078	1.941	2.0	1.882	0
1544	2.039	2.039	2.078	1.902	0
1545	1.98	2.0	2.098	1.98	0
1546	1.882	2.098	2.157	2.059	0
1547	1.863	2.059	2.157	2.137	0
1548	1.882	1.765	2.02	2.059	0
1549	1.961	1.608	1.98	1.961	0
1550	1.922	1.627	2.0	1.863	0
1551	1.922	1.667	2.059	1.843	0
1552	1.941	1.647	2.0	1.882	0
1553	1.941	1.667	1.98	1.922	0
1554	1.863	1.882	2.078	2.0	0
1555	1.784	2.02	2.078	2.059	0
1556	1.882	1.98	2.02	2.059	0
1557	1.922	1.902	1.922	1.961	0
1558	2.02	1.902	1.961	1.882	0
1559	2.0	1.882	1.98	1.824	0
1560	2.078	1.882	2.0	1.843	0
1561	2.0	1.941	2.0	1.922	0
1562	1.98	1.941	2.039	1.98	0
1563	1.961	2.039	2.059	2.039	0
1564	1.863	2.0	2.039	2.039	0
1565	1.882	1.725	1.98	1.98	0
1566	1.941	1.569	1.941	1.902	0
1567	1.922	1.647	2.0	1.863	0
1568	1.902	1.667	2.02	1.863	0
1569	1.882	1.588	2.0	1.902	0
1570	1.863	1.667	1.941	1.922	0
1571	1.745	1.804	1.902	1.902	0
1572	1.569	1.843	1.824	1.902	0
1573	1.784	1.902	1.902	1.922	0
1574	2.098	1.882	1.922	1.902	0
1575	2.431	1.961	1.98	1.902	0
1576	2.216	1.882	2.0	1.902	0
1577	1.863	1.824	1.922	1.902	0
1578	1.745	1.902	1.922	1.902	0
1579	1.824	1.843	2.0	1.922	0
1580	1.961	2.0	1.961	1.902	0
1581	2.039	2.059	2.039	2.0	0
1582	2.098	1.882	2.059	2.059	0
1583	2.137	1.725	2.118	2.059	0
1584	2.137	1.745	2.118	2.02	0
1585	2.078	1.784	2.176	2.0	0
1586	2.098	1.765	2.137	2.0	0
1587	2.078	1.882	2.137	1.98	0
1588	2.02	2.098	2.255	2.0	0
1589	1.98	2.235	2.255	2.078	0
1590	2.02	2.176	2.216	2.078	0
1591	2.0	2.118	2.157	2.059	0
1592	2.078	2.118	2.157	1.98	0
1593	2.059	2.039	2.118	1.961	0
1594	2.078	2.039	2.098	1.961	0
1595	2.02	2.137	2.137	2.02	0
1596	2.0	2.137	2.176	2.059	0
1597	1.941	2.196	2.176	2.078	0
1598	1.902	2.137	2.157	2.098	0
1599	1.882	1.843	2.098	2.02	0
1600	1.882	1.627	2.039	1.961	0
1601	1.902	1.667	2.039	1.922	0
1602	1.902	1.706	2.059	1.902	0
1603	1.922	1.686	2.02	1.902	0
1604	1.961	1.745	2.02	1.922	0
1605	1.941	1.941	2.078	1.961	0
1606	1.843	2.02	2.098	1.98	0
1607	1.843	1.941	2.0	1.961	0
1608	1.882	1.863	1.922	1.863	0
1609	2.02	1.863	1.922	1.863	0
1610	1.961	1.902	1.882	1.882	0
1611	1.98	1.843	1.922	1.922	0
1612	1.98	1.941	2.0	1.961	0
1613	2.02	1.961	2.078	1.961	0
1614	1.922	2.098	2.098	2.02	0
1615	1.882	2.059	2.098	2.059	0
1616	1.882	1.745	1.98	2.039	0
1617	1.922	1.588	1.961	1.941	0
1618	1.98	1.667	2.02	1.882	0
1619	1.961	1.706	2.039	1.882	0
1620	1.941	1.667	2.039	1.902	0
1621	1.941	1.765	2.039	1.961	0
1622	1.922	1.98	2.098	2.0	0
1623	1.843	2.059	2.078	2.02	0
1624	1.882	2.059	2.098	2.02	0
1625	1.902	1.961	2.059	1.961	0
1626	2.0	1.961	2.039	1.882	0
1627	2.02	1.902	1.941	1.843	0
1628	2.039	1.902	1.961	1.882	0
1629	1.98	1.98	2.039	1.961	0
1630	2.02	2.0	2.176	2.059	0
1631	2.0	2.098	2.196	2.078	0
1632	1.922	2.039	2.118	2.078	0
1633	1.902	1.765	1.98	1.98	0
1634	1.922	1.569	2.0	1.882	0
1635	1.941	1.608	2.02	1.882	0
1636	1.941	1.647	2.0	1.882	0
1637	1.98	1.608	2.0	1.922	0
1638	1.98	1.667	2.02	1.941	0
1639	1.961	1.902	2.137	1.98	0
1640	1.882	2.02	2.059	2.0	0
1641	1.922	1.961	1.98	1.98	0
1642	1.941	1.902	1.922	1.902	0
1643	2.02	1.863	1.941	1.843	0
1644	2.02	1.863	1.941	1.863	0
1645	2.059	1.882	1.941	1.863	0
1646	2.059	1.961	1.98	1.922	0
1647	2.039	1.961	2.02	1.961	0
1648	1.98	2.039	2.078	1.98	0
1649	1.922	2.02	2.078	2.039	0
1650	1.941	1.824	2.0	2.0	0
1651	1.961	1.588	1.922	1.922	0
1652	1.961	1.627	2.0	1.882	0
1653	1.961	1.667	2.0	1.882	0
1654	2.0	1.647	1.98	1.882	0
1655	2.0	1.745	2.0	1.922	0
1656	1.922	1.941	2.078	1.98	0
1657	1.882	2.0	2.078	2.039	0
1658	1.941	2.0	2.039	2.059	0
1659	1.961	1.882	1.922	1.961	0
1660	2.039	1.922	1.941	1.882	0
1661	2.02	1.941	1.941	1.824	0
1662	2.02	1.941	2.0	1.863	0
1663	2.02	2.059	2.039	1.961	0
1664	2.0	1.98	2.02	2.0	0
1665	1.922	2.098	2.118	2.059	0
1666	1.902	2.137	2.196	2.118	0
1667	1.941	1.882	2.059	2.098	0
1668	1.98	1.706	2.02	1.98	0
1669	1.98	1.725	2.059	1.902	0
1670	1.922	1.784	2.078	1.882	0
1671	1.941	1.725	2.059	1.902	0
1672	1.961	1.824	2.078	1.98	0
1673	1.922	2.02	2.157	2.0	0
1674	1.882	2.137	2.157	2.02	0
1675	1.902	2.118	2.118	2.039	0
1676	1.922	1.98	2.0	2.02	0
1677	2.0	1.941	1.98	1.922	0
1678	2.02	1.882	1.961	1.824	0
1679	2.039	1.882	2.0	1.824	0
1680	2.02	1.98	2.078	1.882	0
1681	2.039	1.98	2.078	1.98	0
1682	1.961	2.098	2.157	2.059	0
1683	1.902	2.098	2.176	2.118	0
1684	1.902	1.804	2.02	2.078	0
1685	1.922	1.627	2.02	1.961	0
1686	1.922	1.647	2.039	1.882	0
1687	1.941	1.667	2.02	1.843	0
1688	1.961	1.667	2.0	1.843	0
1689	1.961	1.745	2.059	1.902	0
1690	1.922	2.0	2.157	2.0	0
1691	1.902	2.137	2.118	2.039	0
1692	1.961	2.059	2.059	2.039	0
1693	1.902	1.941	1.941	1.961	0
1694	1.98	1.941	2.0	1.902	0
1695	2.039	1.98	2.02	1.882	0
1696	2.098	1.961	2.0	1.863	0
1697	2.118	2.039	2.039	1.922	0
1698	2.118	2.02	2.039	1.98	0
1699	2.059	2.098	2.118	2.039	0
1700	2.039	2.078	2.137	2.078	0
1701	2.137	1.824	2.039	2.02	0
1702	2.157	1.627	1.98	1.922	0
1703	2.157	1.627	2.039	1.863	0
1704	2.137	1.686	2.02	1.863	0
1705	2.098	1.706	2.039	1.882	0
1706	2.118	1.784	2.059	1.961	0
1707	2.078	1.941	2.078	2.02	0
1708	2.039	2.0	2.078	2.02	0
1709	2.098	1.98	2.039	2.0	0
1710	2.118	1.922	1.961	1.922	0
1711	2.216	1.922	1.961	1.863	0
1712	2.255	1.902	1.98	1.882	0
1713	2.314	1.863	1.961	1.902	0
1714	2.314	1.922	1.98	1.922	0
1715	2.333	1.922	2.02	1.961	0
1716	2.235	2.059	2.098	2.0	0
1717	2.176	2.039	2.157	2.059	0
1718	2.216	1.824	2.039	2.059	0
1719	2.255	1.647	2.0	1.961	0
1720	2.255	1.706	2.078	1.941	0
1721	2.235	1.765	2.078	1.902	0
1722	2.216	1.667	2.02	1.902	0
1723	2.235	1.725	2.0	1.922	0
1724	2.176	1.922	2.078	1.961	0
1725	2.098	2.098	2.118	2.0	0
1726	2.098	2.098	2.078	2.02	0
1727	2.098	2.059	2.0	2.0	0
1728	2.216	2.039	2.0	1.941	0
1729	2.255	2.0	2.0	1.902	0
1730	2.294	2.02	2.02	1.922	0
1731	2.255	2.059	2.059	1.941	0
1732	2.216	2.039	2.078	2.0	0
1733	2.137	2.196	2.137	2.059	0
1734	2.078	2.196	2.157	2.098	0
1735	2.078	1.941	2.059	2.059	0
1736	2.118	1.706	2.02	1.98	0
1737	2.137	1.686	2.039	1.902	0
1738	2.118	1.745	2.059	1.863	0
1739	2.098	1.745	2.039	1.882	0
1740	2.118	1.784	2.059	1.941	0
1741	2.059	1.98	2.098	2.0	0
1742	1.961	2.118	2.098	2.0	0
1743	2.0	2.098	2.059	2.0	0
1744	2.0	2.02	1.98	1.941	0
1745	2.098	1.98	2.0	1.882	0
1746	2.157	1.961	1.98	1.882	0
1747	2.196	1.922	1.961	1.843	0
1748	2.137	2.059	2.02	1.902	0
1749	2.118	2.059	2.059	1.98	0
1750	2.0	2.098	2.059	2.039	0
1751	1.902	2.098	2.137	2.039	0
1752	1.98	1.882	2.039	2.02	0
1753	1.98	1.686	1.98	1.941	0
1754	2.0	1.725	2.078	1.882	0
1755	1.98	1.765	2.059	1.882	0
1756	1.961	1.765	2.039	1.882	0
1757	1.98	1.784	1.98	1.922	0
1758	1.882	2.02	2.078	1.98	0
1759	1.804	2.216	2.137	2.02	0
1760	1.863	2.216	2.137	2.02	0
1761	1.882	2.118	2.039	1.98	0
1762	2.0	2.098	2.02	1.922	0
1763	1.98	1.98	1.961	1.882	0
1764	2.059	2.0	1.98	1.882	0
1765	2.039	2.137	2.039	1.882	0
1766	2.059	2.176	2.118	1.98	0
1767	1.941	2.255	2.137	2.059	0
1768	1.882	2.235	2.196	2.098	0
1769	1.922	2.039	2.118	2.078	0
1770	1.941	1.765	1.98	1.961	0
1771	1.98	1.765	2.0	1.882	0
1772	1.98	1.843	2.059	1.843	0
1773	1.98	1.804	2.059	1.902	0
1774	2.039	1.863	2.078	1.941	0
1775	2.0	2.0	2.078	2.0	0
1776	1.804	2.157	2.078	2.02	0
1777	1.804	2.098	2.059	2.0	0
1778	1.902	2.039	1.941	1.961	0
1779	2.059	2.039	1.941	1.882	0
1780	2.098	2.0	1.961	1.843	0
1781	2.098	2.039	2.0	1.882	0
1782	2.0	2.078	2.02	1.98	0
1783	1.98	2.0	1.98	2.02	0
1784	1.941	2.118	2.098	2.039	0
1785	1.882	2.157	2.157	2.039	0
1786	1.882	1.902	2.098	2.039	0
1787	1.941	1.686	2.02	1.98	0
1788	1.961	1.706	2.039	1.922	0
1789	1.902	1.667	1.98	1.922	0
1790	1.882	1.667	1.98	1.922	0
1791	1.961	1.784	2.059	1.941	0
1792	1.863	2.0	2.118	2.0	0
1793	1.784	2.098	2.039	2.0	0
1794	1.863	2.078	2.078	2.02	0
1795	1.843	2.02	2.02	2.0	0
1796	1.961	1.961	2.0	1.961	0
1797	1.961	1.882	1.98	1.902	0
1798	2.0	1.824	1.941	1.843	0
1799	1.961	1.98	2.0	1.902	0
1800	1.922	1.961	2.0	1.961	0
1801	1.863	2.098	2.078	2.039	0
1802	1.784	2.118	2.137	2.059	0
1803	1.784	1.843	2.02	2.039	0
1804	1.784	1.627	1.98	1.98	0
1805	1.804	1.608	2.0	1.902	0
1806	1.784	1.647	2.0	1.863	0
1807	1.765	1.627	1.961	1.863	0
1808	1.784	1.686	1.98	1.882	0
1809	1.706	1.941	2.078	1.961	0
1810	1.627	2.078	2.059	2.039	0
1811	1.647	2.02	1.98	2.02	0
1812	1.667	1.961	1.922	1.941	0
1813	1.784	1.961	1.941	1.882	0
1814	1.784	1.961	1.961	1.843	0
1815	1.824	1.902	1.922	1.882	0
1816	1.745	1.961	1.941	1.902	0
1817	1.745	2.0	2.02	1.941	0
1818	1.627	2.137	2.078	2.039	0
1819	1.529	2.078	2.098	2.098	0
1820	1.549	1.882	2.039	2.078	0
1821	1.627	1.667	1.961	1.961	0
1822	1.647	1.686	2.02	1.902	0
1823	1.608	1.686	2.039	1.863	0
1824	1.608	1.686	2.02	1.882	0
1825	1.667	1.725	2.0	1.902	0
1826	1.588	1.922	2.078	1.98	0
1827	1.431	2.118	2.118	2.059	0
1828	1.51	2.039	2.078	2.059	0
1829	1.569	1.902	1.98	2.0	0
1830	1.706	1.902	2.0	1.902	0
1831	1.765	1.863	2.0	1.882	0
1832	1.843	1.863	2.02	1.863	0
1833	1.784	1.941	2.078	1.941	0
1834	1.784	1.941	2.098	2.0	0
1835	1.686	2.0	2.118	2.059	0
1836	1.588	2.02	2.176	2.098	0
1837	1.667	1.706	2.098	2.059	0
1838	1.725	1.451	2.0	1.961	0
1839	1.824	1.471	2.039	1.863	0
1840	1.784	1.529	2.098	1.843	0
1841	1.804	1.51	2.098	1.882	0
1842	1.863	1.549	2.098	1.902	0
1843	1.824	1.706	2.098	1.941	0
1844	1.725	1.863	2.118	1.961	0
1845	1.784	1.804	2.098	1.941	0
1846	1.824	1.725	2.0	1.902	0
1847	1.961	1.667	2.0	1.843	0
1848	2.059	1.667	2.0	1.804	0
1849	2.118	1.667	2.039	1.863	0
1850	2.039	1.765	2.098	1.941	0
1851	2.059	1.686	2.078	2.0	0
1852	2.02	1.843	2.176	2.02	0
1853	1.941	1.902	2.216	2.02	0
1854	1.941	1.569	2.098	1.98	0
1855	2.0	1.333	2.02	1.941	0
1856	2.059	1.353	2.078	1.882	0
1857	2.039	1.392	2.059	1.882	0
1858	2.059	1.392	2.059	1.922	0
1859	2.098	1.471	2.098	1.961	0
1860	2.059	1.686	2.157	2.0	0
1861	1.902	1.804	2.176	2.059	0
1862	1.98	1.784	2.118	2.039	0
1863	1.98	1.667	2.02	1.98	0
1864	2.098	1.706	2.078	1.961	0
1865	2.196	1.686	2.039	1.922	0
1866	2.294	1.667	2.02	1.922	0
1867	2.216	1.745	2.059	1.941	0
1868	2.157	1.706	2.098	2.0	0
1869	2.039	1.843	2.157	2.078	0
1870	1.961	1.863	2.176	2.118	0
1871	2.02	1.667	2.118	2.078	0
1872	2.078	1.49	2.059	2.02	0
1873	2.059	1.49	2.098	1.961	0
1874	2.059	1.529	2.137	1.961	0
1875	2.059	1.49	2.039	1.98	0
1876	2.059	1.529	2.02	1.941	0
1877	2.02	1.745	2.098	1.961	0
1878	1.882	1.961	2.157	2.039	0
1879	1.941	1.961	2.137	2.078	0
1880	2.0	1.863	1.98	2.02	0
1881	2.098	1.784	1.98	1.922	0
1882	2.118	1.784	1.961	1.863	0
1883	2.176	1.824	2.02	1.863	0
1884	2.176	1.961	2.059	1.941	0
1885	2.137	1.922	2.059	1.98	0
1886	2.0	2.0	2.078	2.02	0
1887	1.863	2.039	2.078	2.039	0
1888	1.902	1.765	2.02	2.0	0
1889	2.02	1.608	2.02	1.961	0
1890	2.078	1.686	2.098	1.902	0
1891	2.02	1.706	2.059	1.902	0
1892	1.941	1.608	1.961	1.922	0
1893	1.961	1.627	1.941	1.922	0
1894	1.941	1.882	2.039	1.941	0
1895	1.882	2.137	2.098	1.98	0
1896	1.902	2.098	2.078	2.02	0
1897	1.941	2.059	2.039	2.0	0
1898	2.098	2.02	2.0	1.941	0
1899	2.118	1.961	1.98	1.882	0
1900	2.157	1.922	1.961	1.902	0
1901	2.118	2.059	2.02	1.902	0
1902	2.078	2.0	2.039	1.961	0
1903	1.98	2.118	2.078	2.039	0
1904	1.863	2.176	2.137	2.078	0
1905	1.922	1.941	2.059	2.059	0
1906	1.98	1.686	2.0	1.961	0
1907	2.0	1.725	2.078	1.922	0
1908	2.0	1.784	2.059	1.882	0
1909	2.0	1.745	2.02	1.902	0
1910	2.0	1.804	2.02	1.922	0
1911	1.961	2.039	2.118	1.961	0
1912	1.824	2.176	2.118	2.02	0
1913	1.843	2.118	2.059	2.02	0
1914	1.882	2.059	1.98	1.98	0
1915	2.02	2.02	1.961	1.902	0
1916	2.039	1.98	1.961	1.863	0
1917	2.118	2.039	2.039	1.882	0
1918	2.098	2.157	2.059	1.941	0
1919	2.039	2.098	2.059	2.0	0
1920	1.882	2.196	2.118	2.059	0
1921	1.804	2.196	2.118	2.078	0
1922	1.863	1.98	2.059	2.02	0
1923	1.941	1.745	2.0	1.941	0
1924	1.922	1.765	2.02	1.882	0
1925	1.882	1.784	2.059	1.882	0
1926	1.902	1.784	2.039	1.941	0
1927	1.961	1.784	2.0	1.941	0
1928	1.902	2.02	2.098	1.98	0
1929	1.765	2.216	2.118	2.02	0
1930	1.804	2.137	2.078	2.059	0
1931	1.843	2.059	1.98	1.98	0
1932	1.98	2.02	1.98	1.902	0
1933	2.0	2.0	1.961	1.863	0
1934	2.059	1.922	1.961	1.843	0
1935	2.02	2.039	2.0	1.902	0
1936	1.98	2.0	2.02	1.941	0
1937	1.882	2.157	2.118	2.0	0
1938	1.804	2.196	2.157	2.078	0
1939	1.804	1.882	2.039	2.039	0
1940	1.863	1.588	1.941	1.922	0
1941	1.922	1.608	2.0	1.843	0
1942	1.902	1.686	2.02	1.824	0
1943	1.902	1.627	2.0	1.863	0
1944	1.941	1.647	2.0	1.902	0
1945	1.882	1.882	2.059	1.902	0
1946	1.745	2.039	2.059	1.961	0
1947	1.824	2.059	2.059	1.98	0
1948	1.882	1.961	1.98	1.961	0
1949	1.98	1.843	1.902	1.902	0
1950	1.98	1.804	1.902	1.824	0
1951	2.078	1.824	1.941	1.804	0
1952	2.02	1.961	2.0	1.882	0
1953	2.0	1.882	2.039	1.98	0
1954	1.922	2.039	2.118	2.078	0
1955	1.804	2.02	2.118	2.098	0
1956	1.843	1.804	2.02	2.059	0
1957	1.902	1.51	1.98	1.961	0
1958	1.961	1.569	2.039	1.902	0
1959	1.961	1.608	2.039	1.863	0
1960	1.922	1.51	1.961	1.863	0
1961	1.941	1.569	1.98	1.902	0
1962	1.902	1.804	2.098	1.941	0
1963	1.784	1.961	2.098	2.0	0
1964	1.843	1.941	2.059	1.98	0
1965	1.922	1.902	2.0	1.941	0
1966	2.059	1.824	2.0	1.922	0
1967	2.059	1.745	1.941	1.882	0
1968	2.137	1.784	1.961	1.863	0
1969	2.137	1.941	2.02	1.902	0
1970	2.02	1.902	2.039	1.98	0
1971	1.863	1.941	2.059	2.039	0
1972	1.765	1.98	2.098	2.078	0
1973	1.804	1.804	2.078	2.039	0
1974	1.941	1.529	2.0	1.961	0
1975	1.941	1.529	2.02	1.902	0
1976	1.941	1.588	2.078	1.902	0
1977	1.961	1.588	2.059	1.941	0
1978	2.02	1.647	2.039	1.98	0
1979	1.941	1.863	2.098	2.0	0
1980	1.784	2.02	2.176	2.039	0
1981	1.824	2.039	2.098	2.02	0
1982	1.863	1.941	1.98	1.941	0
1983	2.0	1.843	1.961	1.902	0
1984	2.078	1.863	1.961	1.843	0
1985	2.157	1.863	2.059	1.863	0
1986	2.118	1.961	2.078	1.961	0
1987	2.137	2.0	2.157	2.039	0
1988	2.039	2.078	2.157	2.098	0
1989	1.882	2.059	2.137	2.098	0
1990	1.902	1.784	2.059	2.039	0
1991	1.98	1.569	2.0	1.902	0
1992	2.039	1.588	2.039	1.843	0
1993	2.0	1.647	2.078	1.863	0
1994	2.0	1.627	2.078	1.922	0
1995	2.039	1.706	2.059	1.98	0
1996	1.961	1.922	2.137	2.0	0
1997	1.863	2.078	2.118	2.059	0
1998	1.882	2.02	2.059	2.02	0
1999	1.941	1.941	1.98	1.941	0
