time	channel1	channel2	channel3	channel4	class
0	1.98	1.902	2.039	1.941	5
1	1.98	1.922	2.039	1.941	5
2	1.902	1.902	2.059	1.98	5
3	1.941	1.863	2.02	1.98	5
4	1.941	1.863	2.0	1.922	5
5	1.961	1.902	2.02	1.941	5
6	1.941	1.941	2.039	1.941	5
7	1.961	1.882	2.078	1.961	5
8	1.922	1.863	2.039	2.0	5
9	1.941	1.863	2.02	1.961	5
10	2.0	1.941	2.078	1.98	5
11	2.039	1.961	2.059	1.98	5
12	1.922	1.843	2.02	1.961	5
13	1.961	1.882	2.039	1.961	5
14	1.98	1.882	2.039	1.922	5
15	1.961	1.922	2.059	1.961	5
16	1.961	2.0	2.118	1.98	5
17	2.0	1.941	2.059	2.0	5
18	2.02	1.863	2.02	1.941	5
19	2.02	1.882	2.059	1.941	5
20	1.961	1.922	2.039	1.941	5
21	1.922	1.882	2.059	1.961	5
22	1.941	1.882	2.039	2.0	5
23	1.941	1.882	2.039	1.98	5
24	2.02	1.902	2.059	1.98	5
25	2.02	1.902	2.02	1.961	5
26	1.98	1.882	2.039	1.98	5
27	2.02	1.941	2.078	1.98	5
28	2.078	1.961	2.039	1.961	5
29	1.961	1.863	2.0	1.941	5
30	1.961	1.843	2.02	1.922	5
31	1.98	1.863	2.02	1.922	5
32	1.961	1.843	2.0	1.922	5
33	1.961	1.863	2.0	1.961	5
34	1.98	1.922	2.039	1.961	5
35	2.0	1.922	2.039	1.961	5
36	1.922	1.804	1.98	1.941	5
37	1.941	1.824	1.98	1.922	5
38	1.902	1.843	2.0	1.922	5
39	1.882	1.882	2.039	1.98	5
40	1.922	1.863	2.02	2.02	5
41	1.98	1.843	2.039	2.02	5
42	1.961	1.824	2.02	1.961	5
43	1.941	1.863	2.02	1.922	5
44	2.0	1.902	2.118	1.941	5
45	2.039	1.922	2.059	1.98	5
46	1.902	1.824	2.02	1.961	5
47	1.941	1.882	2.039	1.961	5
48	1.98	1.882	2.078	1.922	5
49	1.961	1.863	2.078	1.922	5
50	1.922	1.882	2.078	1.941	5
51	1.98	1.902	2.078	1.941	5
52	2.0	1.941	2.078	1.941	5
53	1.98	1.922	2.118	1.98	5
54	1.98	1.902	2.078	1.98	5
55	1.922	1.882	2.078	1.961	5
56	1.961	1.882	2.078	1.98	5
57	1.941	1.902	2.078	1.98	5
58	1.98	1.882	2.118	1.98	5
59	1.961	1.882	2.078	1.98	5
60	1.98	1.863	2.059	1.98	5
61	2.078	1.941	2.118	1.961	5
62	2.059	1.961	2.118	1.98	5
63	1.922	1.843	2.039	1.98	5
64	1.922	1.843	2.039	1.961	5
65	2.0	1.882	2.059	1.961	5
66	1.98	1.902	2.059	1.98	5
67	1.961	1.863	2.078	2.0	5
68	1.98	1.922	2.098	1.98	5
69	1.941	1.882	2.059	1.961	5
70	1.941	1.902	2.059	1.98	5
71	1.961	1.902	2.02	1.961	5
72	1.941	1.863	2.039	1.941	5
73	1.941	1.882	2.02	1.961	5
74	1.941	1.882	2.02	1.98	5
75	2.0	1.902	2.059	2.0	5
76	1.961	1.882	2.059	2.0	5
77	1.961	1.882	2.039	2.02	5
78	2.039	1.961	2.098	1.98	5
79	2.078	1.98	2.059	2.0	5
80	1.941	1.863	2.0	1.961	5
81	1.941	1.882	2.059	1.941	5
82	2.0	1.922	2.059	1.941	5
83	2.0	1.902	2.039	1.941	5
84	1.98	1.902	2.039	1.941	5
85	1.98	1.902	2.039	1.98	5
86	1.961	1.882	2.039	1.98	5
87	1.922	1.882	2.02	2.0	5
88	1.98	1.902	2.02	1.961	5
89	1.961	1.922	2.039	1.961	5
90	1.941	1.863	2.039	1.98	5
91	1.941	1.843	2.02	2.0	5
92	1.961	1.863	2.02	1.98	5
93	1.961	1.863	2.02	2.0	5
94	1.961	1.882	2.0	1.961	5
95	1.961	1.902	2.078	1.98	5
96	2.0	1.922	2.059	2.0	5
97	1.922	1.824	2.0	1.98	5
98	1.922	1.863	2.02	1.961	5
99	1.941	1.882	2.039	1.941	5
100	1.941	1.824	1.98	1.941	5
101	1.941	1.863	2.02	1.922	5
102	2.0	1.902	2.039	1.961	5
103	2.0	1.902	2.039	1.961	5
104	1.902	1.882	2.059	1.961	5
105	1.902	1.843	2.0	1.98	5
106	1.882	1.863	2.02	1.961	5
107	1.941	1.902	2.02	1.98	5
108	1.922	1.882	2.0	1.98	5
109	2.0	1.882	2.039	1.98	5
110	1.961	1.863	2.02	1.961	5
111	1.961	1.863	2.02	1.941	5
112	2.039	1.961	2.098	1.961	5
113	2.039	1.961	2.098	2.0	5
114	1.922	1.824	2.0	2.0	5
115	1.941	1.863	2.02	1.941	5
116	2.0	1.922	2.039	1.922	5
117	1.98	1.922	2.02	1.922	5
118	1.941	1.882	2.039	1.941	5
119	1.961	1.882	2.039	1.98	5
120	1.98	1.922	2.059	1.961	5
121	1.961	1.882	2.02	1.961	5
122	1.961	1.882	2.02	1.941	5
123	1.902	1.863	2.039	1.961	5
124	1.922	1.902	2.059	1.961	5
125	1.961	1.863	2.0	1.961	5
126	1.961	1.902	2.02	1.98	5
127	1.941	1.843	2.039	1.961	5
128	1.941	1.863	2.02	2.0	5
129	1.941	1.902	2.059	1.941	5
130	2.02	1.922	2.059	1.961	5
131	1.922	1.843	1.98	1.941	5
132	1.941	1.843	2.02	1.922	5
133	1.961	1.863	2.02	1.941	5
134	1.961	1.902	2.039	1.941	5
135	1.961	1.902	2.039	1.961	5
136	1.961	1.863	2.02	1.961	5
137	1.922	1.824	2.0	1.961	5
138	1.902	1.863	2.0	1.922	5
139	1.941	1.863	1.98	1.941	5
140	1.902	1.843	1.98	1.941	5
141	1.902	1.843	2.02	1.961	5
142	1.882	1.843	2.0	2.0	5
143	1.922	1.843	2.02	1.941	5
144	1.941	1.882	2.059	1.941	5
145	1.98	1.961	2.098	1.961	5
146	2.039	1.922	2.078	1.961	5
147	2.098	1.882	2.02	1.961	5
148	2.0	1.843	1.961	1.922	5
149	1.941	1.882	2.02	1.902	5
150	1.961	1.882	2.059	1.922	5
151	1.922	1.882	2.039	1.941	5
152	1.941	1.922	2.039	1.941	5
153	2.0	1.902	2.039	1.961	5
154	2.02	1.941	2.059	1.941	5
155	2.02	1.902	2.078	1.941	5
156	2.02	1.882	2.02	1.941	5
157	1.98	1.902	2.039	1.922	5
158	1.961	1.882	2.039	1.941	5
159	1.922	1.863	2.02	1.98	5
160	1.98	1.843	2.02	1.98	5
161	1.941	1.843	2.02	1.941	5
162	1.922	1.863	2.039	1.941	5
163	1.941	1.961	2.118	1.961	5
164	2.039	2.0	2.137	1.961	5
165	1.961	1.863	2.039	1.98	5
166	1.961	1.804	2.02	1.922	5
167	2.0	1.824	2.039	1.882	5
168	2.0	1.922	2.078	1.882	5
169	1.961	1.922	2.098	1.941	5
170	1.961	1.902	2.118	1.98	5
171	1.961	1.882	2.078	1.941	5
172	1.922	1.882	2.078	1.961	5
173	1.922	1.863	2.098	1.98	5
174	1.922	1.863	2.098	1.98	5
175	1.961	1.902	2.137	1.941	5
176	1.98	1.902	2.118	1.941	5
177	1.961	1.863	2.098	1.902	5
178	1.941	1.843	2.137	1.922	5
179	2.059	1.961	2.157	1.961	5
180	2.078	1.98	2.137	2.02	5
181	1.98	1.882	2.078	2.02	5
182	1.843	1.784	2.039	2.0	5
183	1.863	1.843	2.098	1.98	5
184	1.941	1.902	2.118	1.961	5
185	1.941	1.922	2.118	1.941	5
186	1.863	1.922	2.137	1.961	5
187	1.922	1.882	2.157	1.98	5
188	2.0	1.863	2.118	2.0	5
189	2.02	1.882	2.098	1.961	5
190	1.98	1.941	2.078	1.961	5
191	1.784	1.902	2.02	1.941	5
192	1.784	1.882	2.039	1.98	5
193	2.02	1.902	2.059	2.0	5
194	2.118	1.843	2.059	1.941	5
195	2.02	1.843	2.078	1.922	5
196	2.039	1.882	2.078	1.882	5
197	2.039	1.922	2.157	1.98	5
198	2.098	2.039	2.216	2.059	5
199	2.02	1.961	2.118	2.059	5
200	2.059	1.882	2.0	1.941	5
201	2.078	1.843	1.941	1.804	5
202	1.902	1.863	1.922	1.784	5
203	1.843	1.902	2.02	1.863	5
204	2.0	1.902	2.039	1.941	5
205	2.078	2.0	2.078	2.0	5
206	2.0	2.039	2.176	2.02	5
207	2.039	1.98	2.098	2.02	5
208	2.176	1.843	2.0	2.0	5
209	2.0	1.863	1.98	2.0	5
210	1.824	1.843	1.941	1.98	5
211	1.765	1.902	1.961	2.02	5
212	1.627	1.922	2.02	2.0	5
213	1.882	1.882	1.961	1.961	5
214	2.059	1.804	1.922	1.902	5
215	2.078	1.843	1.98	1.843	5
216	2.059	1.902	2.02	1.902	5
217	1.922	1.941	2.059	2.039	5
218	1.902	1.98	2.137	2.157	5
219	2.0	2.118	2.137	2.118	5
220	1.98	1.902	1.961	1.98	5
221	1.922	1.725	1.902	1.804	5
222	1.98	1.765	1.941	1.706	5
223	2.039	1.941	2.039	1.745	5
224	2.157	1.882	2.02	1.843	5
225	2.078	1.843	2.02	1.98	5
226	1.941	1.784	1.98	2.0	5
227	1.922	1.824	1.98	1.98	5
228	2.098	1.902	2.02	1.922	5
229	2.314	2.0	2.098	1.882	5
230	2.196	2.118	2.176	2.0	5
231	2.137	2.157	2.255	2.118	5
232	2.216	2.157	2.216	2.098	5
233	1.922	1.804	2.0	1.922	5
234	1.863	1.725	1.941	1.784	5
235	1.902	1.863	1.98	1.765	5
236	1.902	2.039	2.059	1.961	5
237	1.725	2.157	2.098	2.157	5
238	1.961	2.059	2.059	2.235	5
239	2.137	2.02	2.02	2.176	5
240	1.922	1.882	1.941	2.02	5
241	1.843	1.902	2.02	1.941	5
242	1.745	2.039	2.059	1.961	5
243	1.647	2.0	2.02	1.98	5
244	1.647	2.039	2.059	2.039	5
245	1.725	1.98	2.02	2.078	5
246	1.961	1.706	1.863	2.118	5
247	2.02	1.725	1.843	2.02	5
248	1.902	1.824	1.843	1.882	5
249	1.804	1.804	1.902	1.765	5
250	1.922	1.725	1.941	1.804	5
251	2.137	1.902	2.078	1.961	5
252	2.216	2.02	2.098	2.039	5
253	1.98	1.922	2.0	2.078	5
254	1.843	1.882	1.941	2.039	5
255	1.961	1.804	1.922	1.98	5
256	1.843	1.863	2.059	2.0	5
257	1.922	1.961	2.098	2.02	5
258	2.078	1.922	2.039	1.941	5
259	2.157	1.843	1.98	1.863	5
260	2.216	1.745	1.941	1.784	5
261	2.0	1.765	2.039	1.843	5
262	1.902	1.824	2.039	2.02	5
263	1.882	1.882	2.118	2.137	5
264	1.922	1.824	2.078	2.196	5
265	1.784	1.941	2.176	2.196	5
266	1.745	2.02	2.216	2.176	5
267	1.843	1.824	2.039	2.02	5
268	2.0	1.686	2.059	1.765	5
269	1.98	1.824	2.157	1.647	5
270	1.784	1.725	2.059	1.824	5
271	1.647	1.765	2.098	2.157	5
272	1.725	1.882	2.118	2.333	5
273	1.882	1.765	2.02	2.235	5
274	1.98	1.863	2.157	2.02	5
275	1.941	1.98	2.235	1.882	5
276	1.804	1.922	2.235	1.98	5
277	1.843	1.961	2.235	2.059	5
278	1.961	1.902	2.157	2.118	5
279	1.843	1.725	2.078	2.118	5
280	1.843	1.804	2.098	2.118	5
281	1.51	1.843	2.059	2.118	5
282	1.451	1.922	2.137	2.118	5
283	1.941	1.98	2.157	2.098	5
284	2.098	1.745	2.098	2.039	5
285	2.196	1.804	2.157	2.0	5
286	2.196	1.882	2.196	1.922	5
287	2.157	2.0	2.275	1.922	5
288	1.922	1.98	2.196	2.0	5
289	1.922	1.824	2.098	2.137	5
290	1.961	1.882	2.078	2.176	5
291	2.059	1.882	2.078	2.137	5
292	2.157	1.843	2.118	2.059	5
293	2.098	1.804	2.137	1.961	5
294	2.078	1.941	2.255	1.961	5
295	2.039	1.863	2.059	1.98	5
296	1.902	1.922	2.059	2.02	5
297	1.647	2.02	2.078	2.059	5
298	1.922	1.784	2.0	2.02	5
299	2.451	1.804	2.098	1.98	5
300	2.373	1.824	2.255	2.02	5
301	2.0	1.725	2.078	2.118	5
302	1.725	1.667	1.961	2.039	5
303	1.863	1.784	1.922	1.882	5
304	1.922	1.824	1.843	1.745	5
305	1.765	1.863	1.902	1.843	5
306	1.804	1.863	1.98	1.961	5
307	2.059	1.961	2.157	2.078	5
308	2.196	1.882	1.98	2.118	5
309	2.176	1.843	2.02	1.961	5
310	2.059	2.02	2.059	1.863	5
311	1.961	2.078	1.98	1.863	5
312	1.784	1.902	1.98	1.882	5
313	2.0	2.02	1.961	1.843	5
314	2.157	2.02	1.922	1.706	5
315	2.078	2.078	2.039	1.725	5
316	2.098	2.078	2.0	1.902	5
317	2.039	2.078	2.0	2.137	5
318	1.882	1.98	2.0	2.235	5
319	1.98	2.078	2.098	2.098	5
320	1.961	2.039	1.941	1.745	5
321	1.863	1.922	1.824	1.49	5
322	1.922	1.882	1.784	1.431	5
323	2.039	2.039	1.98	1.549	5
324	2.137	2.216	2.059	1.882	5
325	1.922	2.0	1.824	2.216	5
326	1.667	1.706	1.804	2.353	5
327	1.529	1.667	1.725	2.137	5
328	1.608	1.824	1.765	1.804	5
329	1.804	2.137	1.902	1.627	5
330	1.961	2.137	1.961	1.608	5
331	2.098	2.118	1.922	1.686	5
332	2.039	2.02	1.863	1.765	5
333	1.98	2.078	2.0	1.961	5
334	2.137	2.235	2.02	2.059	5
335	1.882	2.078	1.941	2.02	5
336	1.882	2.137	1.922	1.882	5
337	2.02	2.137	1.922	1.706	5
338	2.0	2.118	1.882	1.725	5
339	1.882	2.137	1.941	1.863	5
340	1.882	2.176	1.98	1.882	5
341	1.902	2.353	2.059	1.784	5
342	2.039	2.333	2.039	1.745	5
343	2.098	2.216	2.0	1.725	5
344	2.098	2.176	2.098	1.784	5
345	2.255	2.137	2.02	1.824	5
346	2.157	2.196	1.98	1.824	5
347	1.902	2.078	1.941	1.824	5
348	1.706	2.157	2.0	1.882	5
349	1.922	2.176	2.059	1.941	5
350	2.275	2.059	2.098	1.961	5
351	2.569	2.294	2.333	1.961	5
352	2.255	2.118	2.098	1.882	5
353	1.961	1.98	2.0	1.765	5
354	2.157	1.98	1.941	1.686	5
355	2.275	2.0	2.039	1.667	5
356	2.176	1.922	2.02	1.725	5
357	2.039	1.98	2.078	1.804	5
358	1.961	2.059	2.196	2.039	5
359	2.098	2.059	2.255	2.137	5
360	2.49	1.922	2.098	1.863	5
361	2.471	1.961	2.314	1.667	5
362	2.059	1.922	2.157	1.667	5
363	1.922	1.706	1.98	1.804	5
364	2.137	1.804	2.039	1.882	5
365	2.216	1.824	2.137	1.882	5
366	2.176	1.843	2.255	1.863	5
367	2.137	1.843	2.314	1.922	5
368	2.255	1.902	2.353	1.98	5
369	2.176	1.843	2.314	1.961	5
370	2.118	1.804	2.216	1.882	5
371	2.157	1.706	2.078	1.725	5
372	2.137	1.686	2.137	1.667	5
373	2.02	1.667	2.176	1.725	5
374	1.922	1.686	2.176	1.902	5
375	1.843	1.686	2.137	2.039	5
376	1.902	1.686	2.157	2.0	5
377	2.118	1.745	2.176	1.706	5
378	2.216	1.686	2.157	1.412	5
379	2.157	1.627	2.157	1.549	5
380	1.902	1.51	2.039	1.98	5
381	1.863	1.451	2.02	2.294	5
382	1.784	1.529	2.02	2.235	5
383	1.784	1.667	2.059	1.922	5
384	1.961	1.784	2.118	1.667	5
385	2.216	1.882	2.157	1.608	5
386	2.0	1.608	2.059	1.765	5
387	1.725	1.373	1.902	1.941	5
388	1.882	1.529	2.059	2.078	5
389	2.078	1.745	2.118	2.098	5
390	2.0	1.765	2.059	1.98	5
391	1.941	1.784	2.02	1.863	5
392	1.961	1.804	2.039	1.784	5
393	1.902	1.725	2.02	1.941	5
394	1.843	1.824	2.059	2.196	5
395	1.824	1.804	2.078	2.294	5
396	1.804	1.765	2.039	2.216	5
397	1.863	1.843	2.098	2.039	5
398	1.961	1.863	2.098	1.922	5
399	2.216	1.941	2.118	1.902	5
400	2.059	1.902	2.098	2.039	5
401	1.863	1.843	2.039	2.157	5
402	2.0	1.98	2.137	2.216	5
403	1.882	1.863	2.039	2.216	5
404	1.706	1.784	2.039	2.157	5
405	1.902	1.824	2.059	2.118	5
406	2.0	1.882	2.039	2.02	5
407	2.059	1.882	2.078	2.0	5
408	1.824	2.098	2.157	2.078	5
409	1.745	1.843	2.02	2.196	5
410	1.843	1.784	2.02	2.255	5
411	1.902	1.863	1.961	2.098	5
412	1.882	1.961	2.078	2.0	5
413	2.039	1.922	2.078	1.98	5
414	2.176	1.843	2.118	2.0	5
415	1.922	1.863	2.059	1.961	5
416	1.725	1.824	2.0	2.0	5
417	1.686	1.882	2.02	2.059	5
418	1.804	1.961	2.157	2.137	5
419	2.02	2.059	2.196	2.157	5
420	2.176	1.804	2.0	2.059	5
421	2.0	1.745	2.0	2.0	5
422	1.902	1.843	2.098	1.98	5
423	2.0	1.902	2.098	1.941	5
424	1.98	1.941	2.118	1.882	5
425	2.078	2.0	2.157	1.902	5
426	1.98	1.843	2.02	1.922	5
427	1.922	1.824	1.941	2.039	5
428	1.804	1.784	2.039	2.176	5
429	1.784	1.902	2.176	2.176	5
430	2.02	1.882	2.098	2.137	5
431	2.039	1.902	2.078	2.039	5
432	2.098	1.784	1.961	1.922	5
433	1.941	1.667	1.882	1.882	5
434	1.784	1.725	2.039	1.98	5
435	1.882	1.882	2.176	2.157	5
436	1.98	2.0	2.196	2.275	5
437	2.039	1.902	2.098	2.216	5
438	2.039	1.706	1.902	2.039	5
439	1.863	1.725	1.941	1.863	5
440	1.804	1.765	1.98	1.824	5
441	1.824	1.765	1.961	1.941	5
442	1.824	1.647	1.922	2.137	5
443	1.843	1.667	1.902	2.118	5
444	1.961	1.765	1.98	2.0	5
445	2.078	1.863	2.059	1.863	5
446	1.922	1.784	2.039	1.882	5
447	1.843	1.765	1.961	1.941	5
448	1.843	1.667	1.863	1.961	5
449	1.824	1.725	1.902	1.941	5
450	1.902	1.686	1.941	1.902	5
451	1.98	1.706	2.02	1.804	5
452	2.118	1.922	2.235	1.843	5
453	2.039	1.882	2.137	1.98	5
454	1.922	1.686	1.902	2.0	5
455	1.882	1.686	1.98	1.961	5
456	1.941	1.784	2.02	1.922	5
457	1.961	1.765	2.059	1.882	5
458	2.0	1.765	2.039	1.902	5
459	2.078	1.804	2.137	1.941	5
460	2.098	1.863	2.176	2.02	5
461	1.922	1.824	2.118	2.02	5
462	1.843	1.961	2.196	2.078	5
463	1.863	1.98	2.118	2.02	5
464	2.0	1.784	2.059	1.941	5
465	2.0	1.765	2.039	1.941	5
466	1.961	1.784	2.039	1.961	5
467	2.0	1.745	2.059	1.961	5
468	1.941	1.882	2.078	1.882	5
469	1.863	1.941	2.118	1.843	5
470	1.98	1.98	2.137	1.824	5
471	2.02	1.941	2.118	1.941	5
472	1.882	1.804	2.039	2.176	5
473	1.882	1.824	2.02	2.216	5
474	1.882	1.843	2.02	2.039	5
475	1.824	1.882	2.039	1.804	5
476	1.902	1.922	2.098	1.765	5
477	2.059	1.98	2.176	1.882	5
478	2.039	1.961	2.196	2.039	5
479	1.922	1.922	2.02	2.118	5
480	1.784	1.784	1.941	2.078	5
481	1.922	1.784	1.961	2.039	5
482	1.863	1.863	1.98	2.078	5
483	1.843	1.843	2.078	2.098	5
484	1.863	1.882	2.098	2.098	5
485	2.059	1.961	2.137	2.0	5
486	2.098	2.02	2.137	1.941	5
487	1.961	2.02	2.196	2.078	5
488	1.824	1.882	2.0	2.157	5
489	1.941	1.745	1.902	2.02	5
490	1.98	1.863	2.02	1.941	5
491	1.922	1.98	2.098	1.902	5
492	1.941	1.922	2.098	1.922	5
493	2.039	1.902	2.059	1.961	5
494	2.118	1.902	1.98	1.98	5
495	1.922	1.902	2.0	1.941	5
496	1.745	2.02	2.039	1.882	5
497	1.784	2.02	2.078	1.902	5
498	2.02	2.0	2.078	1.922	5
499	2.216	1.922	2.0	1.922	5
500	1.98	1.863	2.098	1.922	5
501	1.804	1.863	2.098	2.0	5
502	1.882	2.02	2.137	2.078	5
503	1.961	2.02	2.039	2.02	5
504	2.098	1.98	2.0	1.941	5
505	1.961	1.922	2.0	1.863	5
506	1.941	1.922	2.137	1.824	5
507	2.0	1.941	2.078	1.804	5
508	2.02	1.961	2.078	1.843	5
509	1.98	1.98	2.059	1.922	5
510	1.941	1.902	2.02	2.0	5
511	1.922	1.843	2.0	2.039	5
512	1.961	1.902	2.0	1.98	5
513	1.98	1.941	2.059	1.961	5
514	2.039	2.0	2.059	1.765	5
515	2.059	1.961	2.059	1.569	5
516	2.039	1.824	1.961	1.549	5
517	1.922	1.804	1.961	1.647	5
518	1.902	1.745	1.941	1.843	5
519	1.863	1.765	1.941	2.039	5
520	2.0	1.922	2.118	2.196	5
521	1.941	2.118	2.176	2.216	5
522	2.0	1.863	1.98	1.922	5
523	2.098	1.804	2.078	1.569	5
524	2.02	1.843	2.098	1.51	5
525	1.843	1.725	1.941	1.725	5
526	1.745	1.686	1.882	2.02	5
527	1.922	1.784	1.98	2.157	5
528	1.922	1.902	2.098	2.196	5
529	1.902	2.059	2.275	2.137	5
530	2.176	2.02	2.157	2.059	5
531	2.02	1.804	2.0	1.941	5
532	1.882	1.824	2.02	1.961	5
533	1.843	1.882	2.078	2.078	5
534	1.882	1.882	2.078	2.157	5
535	2.02	1.941	2.118	2.098	5
536	2.098	2.0	2.118	2.02	5
537	2.039	1.941	2.118	1.98	5
538	2.098	1.98	2.196	1.98	5
539	2.059	1.902	2.078	1.98	5
540	1.941	1.882	2.039	1.941	5
541	2.0	1.941	2.059	1.941	5
542	2.039	1.941	2.098	1.941	5
543	2.039	2.0	2.157	2.02	5
544	2.02	1.941	2.098	2.078	5
545	1.922	1.922	2.118	2.02	5
546	1.961	1.941	2.137	1.941	5
547	1.98	1.922	2.098	1.824	5
548	2.0	1.843	2.02	1.765	5
549	2.0	1.784	1.98	1.922	5
550	1.882	1.863	2.078	2.255	5
551	1.98	1.922	2.118	2.373	5
552	2.0	1.765	2.0	2.196	5
553	1.882	1.824	2.02	1.941	5
554	1.882	1.922	2.137	1.784	5
555	1.804	1.922	2.176	1.863	5
556	1.765	1.922	2.098	2.039	5
557	1.961	1.882	2.039	2.176	5
558	2.039	1.824	1.941	2.157	5
559	2.137	1.804	1.961	2.059	5
560	1.941	1.961	2.078	2.0	5
561	1.922	1.961	2.059	1.98	5
562	1.882	1.882	2.059	2.02	5
563	1.824	1.882	2.02	2.059	5
564	1.902	1.843	1.941	2.039	5
565	1.922	1.941	2.0	2.059	5
566	1.961	2.0	2.078	2.059	5
567	1.824	1.922	1.961	2.098	5
568	1.902	1.961	1.98	2.078	5
569	2.059	1.863	1.922	1.98	5
570	1.902	1.882	2.0	2.0	5
571	1.882	1.961	2.039	2.039	5
572	1.941	2.02	2.039	2.02	5
573	1.961	1.961	1.961	2.02	5
574	1.941	1.882	1.882	2.0	5
575	1.882	1.843	1.922	2.02	5
576	1.843	1.941	2.0	2.039	5
577	2.039	1.922	1.922	1.961	5
578	2.059	1.922	1.922	1.882	5
579	1.922	1.941	1.941	1.863	5
580	1.824	1.98	1.961	1.902	5
581	1.922	1.922	1.882	1.941	5
582	1.922	1.902	1.902	1.98	5
583	1.941	1.922	1.902	2.039	5
584	1.843	1.863	1.922	2.118	5
585	2.0	2.0	2.0	2.098	5
586	2.157	2.0	2.02	1.961	5
587	2.039	1.941	1.941	1.824	5
588	2.0	1.863	1.882	1.784	5
589	2.0	1.863	1.882	1.902	5
590	1.922	1.902	1.902	2.059	5
591	2.039	1.98	2.039	2.078	5
592	1.961	1.902	2.02	1.98	5
593	2.0	1.863	2.0	1.902	5
594	1.961	1.902	2.039	1.922	5
595	1.98	1.961	2.02	1.941	5
596	1.941	1.902	1.961	2.0	5
597	1.98	1.863	1.941	2.039	5
598	2.0	1.941	2.098	2.078	5
599	2.039	1.961	2.098	2.039	5
600	2.02	1.902	2.039	1.961	5
601	1.961	1.784	1.98	1.922	5
602	1.922	1.843	2.02	1.902	5
603	1.882	1.902	2.098	1.922	5
604	1.922	1.902	2.098	1.961	5
605	2.039	1.882	2.118	1.98	5
606	2.118	1.902	2.118	2.02	5
607	2.0	1.765	2.02	2.02	5
608	2.0	1.804	2.02	2.0	5
609	2.039	1.902	2.059	1.961	5
610	1.882	1.843	2.059	1.98	5
611	1.843	1.824	2.039	1.961	5
612	1.98	1.804	2.039	1.882	5
613	1.961	1.765	1.98	1.922	5
614	1.902	1.843	2.039	1.922	5
615	1.98	1.843	2.0	1.922	5
616	1.882	1.824	2.02	1.922	5
617	1.863	1.863	2.02	1.902	5
618	1.98	1.804	2.0	1.902	5
619	1.902	1.902	2.078	2.02	5
620	1.882	1.824	2.02	2.118	5
621	2.0	1.863	2.098	2.118	5
622	2.039	2.0	2.157	2.0	5
623	1.961	1.922	2.118	1.843	5
624	1.804	1.824	2.059	1.922	5
625	1.843	1.843	2.039	2.059	5
626	1.941	1.902	2.118	2.078	5
627	1.961	1.961	2.137	2.039	5
628	2.02	2.02	2.176	1.98	5
629	2.118	1.961	2.157	1.922	5
630	2.039	1.922	2.137	1.902	5
631	1.902	1.961	2.176	1.961	5
632	1.902	1.98	2.157	2.098	5
633	2.02	1.941	2.098	2.118	5
634	2.0	1.922	2.078	2.0	5
635	1.863	1.882	2.098	1.922	5
636	1.882	1.902	2.098	1.882	5
637	1.882	1.902	2.059	1.863	5
638	1.922	1.882	2.098	1.961	5
639	2.118	2.059	2.255	2.098	5
640	2.196	2.098	2.216	2.098	5
641	2.078	1.902	1.98	1.98	5
642	2.0	1.824	2.0	1.843	5
643	1.941	1.941	2.118	1.804	5
644	1.902	1.902	2.118	1.824	5
645	1.902	1.863	2.039	1.863	5
646	2.039	1.804	1.961	1.863	5
647	2.02	1.882	2.02	1.922	5
648	1.98	1.941	2.02	1.941	5
649	1.882	1.902	2.137	2.02	5
650	2.039	1.98	2.118	2.0	5
651	2.078	1.941	2.02	1.902	5
652	2.0	1.843	2.02	1.843	5
653	1.941	1.863	2.039	1.824	5
654	1.961	1.843	2.039	1.843	5
655	2.02	1.882	2.059	1.922	5
656	1.98	1.941	2.137	2.039	5
657	2.02	1.941	2.118	2.059	5
658	2.0	1.784	2.0	2.0	5
659	2.0	1.784	2.039	1.922	5
660	1.922	1.882	2.078	1.882	5
661	1.961	1.902	2.098	1.882	5
662	1.941	1.922	2.059	1.882	5
663	1.98	1.882	2.02	1.882	5
664	2.0	1.784	1.961	1.902	5
665	1.922	1.882	2.078	1.922	5
666	1.922	1.882	2.078	1.961	5
667	1.961	1.843	2.0	1.941	5
668	1.941	1.824	1.98	1.882	5
669	1.882	1.725	1.941	1.784	5
670	1.824	1.784	1.98	1.824	5
671	1.902	1.804	1.961	1.882	5
672	1.843	1.765	2.0	2.0	5
673	1.902	1.882	2.098	2.176	5
674	1.941	1.98	2.078	2.157	5
675	1.941	1.882	2.059	2.0	5
676	2.118	1.843	1.98	1.784	5
677	2.059	1.784	2.0	1.725	5
678	1.882	1.863	2.0	1.843	5
679	1.863	1.843	1.961	2.02	5
680	1.863	1.882	2.0	2.118	5
681	1.882	1.961	2.098	2.118	5
682	1.941	1.98	2.059	2.118	5
683	2.0	1.941	2.098	2.059	5
684	2.039	1.902	2.059	2.0	5
685	2.059	1.902	2.039	1.98	5
686	2.0	1.922	2.039	2.0	5
687	1.98	1.941	2.02	2.02	5
688	2.0	1.882	2.02	1.961	5
689	2.0	1.902	2.059	1.902	5
690	2.0	1.922	2.078	1.902	5
691	2.078	1.902	2.098	1.941	5
692	2.0	1.863	2.02	1.98	5
693	1.961	1.882	2.02	2.02	5
694	1.863	1.882	1.98	2.0	5
695	1.961	1.843	2.039	1.941	5
696	1.941	1.863	2.039	1.882	5
697	1.941	1.843	2.039	1.824	5
698	1.98	1.882	2.078	1.863	5
699	1.98	1.961	2.098	1.922	5
700	2.0	1.922	2.059	1.941	5
701	1.98	1.863	2.0	1.941	5
702	1.843	1.784	1.961	1.922	5
703	1.804	1.824	2.039	1.961	5
704	1.941	1.902	2.098	1.98	5
705	1.98	1.863	2.02	1.961	5
706	1.863	1.824	2.059	1.922	5
707	1.941	1.902	2.098	1.922	5
708	2.078	1.961	2.118	1.941	5
709	1.98	1.843	2.02	1.922	5
710	1.961	1.804	2.02	1.922	5
711	1.941	1.843	2.039	1.902	5
712	1.961	1.824	2.039	1.902	5
713	1.961	1.922	2.118	1.941	5
714	1.961	1.863	2.059	1.98	5
715	1.922	1.824	2.0	1.961	5
716	1.961	1.882	2.039	1.941	5
717	2.039	1.941	2.039	1.902	5
718	1.961	1.863	2.02	1.882	5
719	1.922	1.882	2.0	1.922	5
720	1.961	1.902	2.059	1.941	5
721	2.137	1.961	2.137	2.0	5
722	2.098	1.922	2.098	2.02	5
723	1.98	1.902	2.059	1.98	5
724	1.98	1.941	2.059	1.902	5
725	2.078	1.922	2.059	1.765	5
726	2.02	1.961	2.059	1.765	5
727	1.902	1.922	2.059	1.882	5
728	1.961	1.843	2.0	2.039	5
729	2.02	1.922	2.078	2.157	5
730	2.137	1.98	2.078	2.02	5
731	2.098	2.039	2.098	1.843	5
732	2.039	1.941	2.137	1.725	5
733	1.922	1.902	2.078	1.824	5
734	1.882	1.784	1.961	1.941	5
735	1.902	1.824	2.0	2.059	5
736	1.922	1.863	1.961	2.059	5
737	1.941	1.843	2.039	2.0	5
738	1.922	1.922	2.157	1.961	5
739	1.98	1.98	2.118	1.922	5
740	2.02	1.902	2.059	1.902	5
741	1.941	1.882	2.098	1.882	5
742	1.961	1.902	2.059	1.863	5
743	1.882	1.804	1.98	1.941	5
744	1.824	1.706	2.02	2.098	5
745	1.961	1.902	2.157	2.157	5
746	1.961	1.902	2.157	2.078	5
747	1.902	1.922	2.118	1.941	5
748	2.059	1.961	2.059	1.804	5
749	2.118	1.941	2.059	1.765	5
750	1.882	1.941	2.078	1.902	5
751	1.843	1.941	2.078	2.039	5
752	1.902	1.824	2.059	2.118	5
753	1.941	1.902	2.137	2.137	5
754	1.941	1.941	2.118	2.118	5
755	2.059	2.0	2.118	2.0	5
756	2.118	1.961	2.059	1.941	5
757	2.0	1.902	2.02	1.863	5
758	1.941	1.882	2.059	1.882	5
759	2.0	1.922	2.098	1.941	5
760	2.059	1.863	2.039	2.02	5
761	2.039	1.863	2.059	2.059	5
762	2.02	1.922	2.039	1.98	5
763	1.961	1.882	2.02	1.902	5
764	1.902	1.863	2.02	1.882	5
765	2.039	1.843	2.0	1.922	5
766	2.02	1.824	2.02	1.882	5
767	1.961	1.882	2.059	1.863	5
768	1.902	1.922	2.02	1.863	5
769	1.922	1.843	1.98	1.902	5
770	2.02	1.863	1.98	2.0	5
771	2.0	1.863	2.0	2.0	5
772	2.0	1.863	2.0	1.922	5
773	1.922	1.824	2.02	1.863	5
774	1.863	1.804	2.02	1.882	5
775	1.882	1.804	2.02	1.941	5
776	2.157	1.961	2.059	1.941	5
777	1.98	1.863	2.0	1.902	5
778	1.863	1.863	2.039	1.922	5
779	2.0	1.804	1.98	1.941	5
780	1.98	1.765	2.02	1.922	5
781	1.902	1.804	2.02	1.882	5
782	1.941	1.922	2.059	1.922	5
783	1.882	1.863	2.078	2.0	5
784	1.922	1.843	2.0	2.02	5
785	1.98	1.863	2.039	1.98	5
786	1.922	1.863	2.02	1.941	5
787	1.843	1.882	2.098	1.941	5
788	1.902	1.922	2.059	1.98	5
789	1.941	1.863	2.039	1.98	5
790	1.98	1.922	2.078	2.039	5
791	2.039	1.961	2.157	2.078	5
792	2.0	1.941	2.176	2.118	5
793	1.98	1.961	2.157	2.137	5
794	1.922	1.902	2.078	2.078	5
795	1.922	1.863	2.02	1.98	5
796	1.941	1.922	2.118	1.941	5
797	2.059	2.02	2.157	1.922	5
798	1.902	1.941	2.078	1.98	5
799	1.922	1.922	2.098	2.02	5
800	2.078	2.0	2.157	2.039	5
801	2.098	1.941	2.118	2.098	5
802	1.902	1.922	2.118	2.098	5
803	1.98	1.902	2.059	2.0	5
804	2.039	1.784	1.98	1.941	5
805	1.922	1.922	2.118	2.02	5
806	2.0	1.98	2.118	2.059	5
807	1.98	1.882	2.02	2.02	5
808	1.961	1.882	2.039	1.961	5
809	2.02	1.941	2.078	2.0	5
810	2.078	1.882	2.078	2.039	5
811	2.039	1.804	1.941	1.98	5
812	1.922	1.784	1.941	1.922	5
813	1.98	1.882	2.02	1.922	5
814	1.941	1.882	2.02	1.941	5
815	1.902	1.824	2.059	1.98	5
816	1.98	1.922	2.078	2.039	5
817	2.039	1.843	1.98	2.0	5
818	2.0	1.843	2.02	1.98	5
819	1.941	1.902	2.0	1.922	5
820	1.922	1.824	1.98	1.863	5
821	1.882	1.863	1.98	1.902	5
822	1.863	1.863	1.961	1.941	5
823	2.0	1.824	2.0	1.941	5
824	2.059	1.863	2.059	1.941	5
825	2.02	1.863	2.02	2.0	5
826	1.922	1.804	2.02	2.0	5
827	1.941	1.882	2.078	1.98	5
828	1.941	1.941	2.02	1.922	5
829	1.98	1.863	2.059	1.863	5
830	2.059	1.863	2.02	1.882	5
831	2.0	1.784	1.98	1.922	5
832	1.941	1.824	1.961	1.922	5
833	1.922	1.863	1.98	1.922	5
834	1.941	1.882	2.039	1.98	5
835	1.902	1.922	2.02	2.0	5
836	1.961	1.882	2.0	1.922	5
837	2.0	1.824	2.02	1.882	5
838	1.98	1.882	2.078	1.902	5
839	1.941	1.922	2.039	2.039	5
840	1.922	1.961	2.039	2.098	5
841	2.0	1.824	1.941	2.039	5
842	1.882	1.824	1.941	1.941	5
843	1.882	1.824	2.02	1.882	5
844	1.98	1.902	2.098	1.961	5
845	1.961	1.824	1.98	2.0	5
846	1.98	1.843	2.0	2.039	5
847	2.039	1.98	2.137	2.039	5
848	2.039	2.0	2.157	2.02	5
849	1.843	1.843	2.0	1.941	5
850	1.902	1.882	2.0	1.922	5
851	1.941	1.882	2.02	1.922	5
852	1.98	1.902	2.078	1.961	5
853	1.922	1.922	2.078	2.02	5
854	2.0	1.922	2.059	1.98	5
855	2.098	1.882	1.98	1.902	5
856	1.824	1.902	2.039	1.902	5
857	1.843	1.98	2.137	1.941	5
858	2.0	2.02	2.176	1.961	5
859	2.02	2.0	2.137	2.0	5
860	2.0	1.98	2.118	2.0	5
861	2.02	1.882	2.118	1.98	5
862	1.98	1.902	2.059	1.922	5
863	2.0	1.941	2.098	1.882	5
864	2.059	1.961	2.039	1.882	5
865	1.941	1.961	2.059	1.882	5
866	1.902	1.941	2.098	1.882	5
867	1.98	1.941	2.078	1.882	5
868	1.98	1.941	2.078	1.922	5
869	1.98	1.98	2.078	1.98	5
870	1.98	1.902	2.02	2.0	5
871	1.941	1.863	2.059	1.98	5
872	1.922	1.882	2.059	1.922	5
873	1.98	1.922	2.039	1.902	5
874	1.961	1.882	2.02	1.902	5
875	1.961	1.863	2.039	1.882	5
876	1.98	1.824	1.98	1.922	5
877	1.961	1.843	2.078	1.902	5
878	2.039	1.824	2.098	1.922	5
879	2.039	1.882	2.0	1.961	5
880	2.02	1.804	1.961	2.0	5
881	1.863	1.784	1.922	1.961	5
882	1.902	1.784	2.02	1.902	5
883	2.02	1.941	2.137	1.863	5
884	1.98	1.902	2.098	1.922	5
885	1.98	1.882	2.039	1.961	5
886	2.02	1.804	1.961	1.902	5
887	2.0	1.745	1.902	1.863	5
888	1.941	1.824	1.98	1.882	5
889	1.941	1.882	2.118	1.961	5
890	1.882	1.941	2.059	2.059	5
891	1.882	1.765	2.0	2.039	5
892	2.02	1.784	2.059	1.98	5
893	2.059	1.882	1.98	1.922	5
894	1.98	1.824	1.961	1.882	5
895	1.961	1.843	2.078	1.941	5
896	1.961	1.843	2.02	1.98	5
897	1.922	1.824	2.039	2.02	5
898	1.882	1.863	2.098	2.078	5
899	1.961	1.843	2.02	2.059	5
900	1.941	1.863	2.059	2.0	5
901	2.02	1.863	2.039	1.961	5
902	2.059	1.902	2.02	1.902	5
903	1.882	1.843	1.961	1.902	5
904	1.824	1.863	2.02	1.961	5
905	1.882	1.941	2.098	2.0	5
906	1.98	1.941	2.078	2.039	5
907	2.02	1.941	2.059	2.02	5
908	2.039	1.961	2.078	1.98	5
909	1.961	1.902	2.078	1.941	5
910	1.922	1.922	2.059	1.922	5
911	2.0	2.0	2.137	1.902	5
912	2.118	2.02	2.216	1.941	5
913	2.0	1.902	2.039	2.039	5
914	1.902	1.824	2.039	2.039	5
915	1.941	1.941	2.118	2.0	5
916	1.98	1.941	2.098	1.941	5
917	1.98	1.902	2.078	1.882	5
918	1.98	1.902	2.059	1.882	5
919	1.98	1.882	2.078	1.902	5
920	1.961	1.922	2.118	2.0	5
921	1.961	1.882	2.039	2.02	5
922	1.902	1.765	1.98	1.98	5
923	1.922	1.843	2.039	1.922	5
924	1.902	1.863	2.059	1.98	5
925	1.902	1.882	2.039	2.059	5
926	1.863	1.804	2.039	2.039	5
927	1.902	1.863	2.0	1.922	5
928	1.941	1.765	1.961	1.843	5
929	1.98	1.863	2.059	1.902	5
930	1.961	1.902	2.039	1.961	5
931	1.961	1.863	2.078	1.98	5
932	1.941	1.863	2.059	1.961	5
933	1.922	1.882	2.059	2.02	5
934	1.922	1.882	2.0	1.961	5
935	1.98	1.882	2.02	1.882	5
936	1.961	1.863	2.0	1.843	5
937	1.882	1.922	2.059	1.863	5
938	1.941	1.941	2.059	1.882	5
939	1.941	1.882	2.059	1.941	5
940	1.961	1.922	2.157	2.039	5
941	1.922	1.843	2.039	2.098	5
942	2.0	1.882	2.02	2.02	5
943	2.039	1.902	2.098	1.922	5
944	2.0	1.922	2.098	1.882	5
945	1.98	1.882	2.098	1.902	5
946	2.0	1.882	2.118	1.922	5
947	2.0	1.863	2.039	1.961	5
948	2.039	1.941	2.059	1.941	5
949	2.078	1.824	1.98	1.922	5
950	1.941	1.686	1.882	1.922	5
951	1.824	1.882	2.059	2.0	5
952	1.922	1.961	2.196	2.098	5
953	2.0	1.922	2.098	2.098	5
954	2.078	1.863	2.02	1.98	5
955	2.078	1.941	1.98	1.882	5
956	1.961	1.863	1.961	1.843	5
957	1.843	1.824	1.961	1.902	5
958	1.863	1.804	2.0	2.02	5
959	2.0	1.922	2.059	2.078	5
960	1.941	1.863	2.02	2.078	5
961	1.941	1.843	2.02	2.078	5
962	1.98	1.882	2.039	2.039	5
963	2.118	1.961	2.137	2.039	5
964	2.0	1.922	2.02	2.02	5
965	1.902	1.824	1.98	1.961	5
966	1.824	1.824	1.961	1.922	5
967	1.882	1.784	1.98	1.902	5
968	1.98	1.902	2.078	1.941	5
969	2.275	2.0	2.137	1.941	5
970	2.157	1.882	2.078	1.961	5
971	1.863	1.902	2.02	2.02	5
972	1.882	1.863	2.0	2.0	5
973	1.902	1.863	1.98	1.961	5
974	1.98	1.882	2.0	1.902	5
975	1.961	1.882	2.059	1.961	5
976	1.922	1.922	2.078	2.02	5
977	2.0	1.863	2.078	2.02	5
978	1.98	1.843	2.039	1.961	5
979	2.039	1.902	2.118	1.902	5
980	2.078	2.0	2.137	1.843	5
981	2.02	1.824	1.961	1.902	5
982	1.882	1.784	1.961	1.961	5
983	1.843	1.863	2.039	1.961	5
984	1.98	1.941	2.078	1.98	5
985	1.98	1.961	2.118	1.922	5
986	2.059	1.961	2.078	1.922	5
987	1.922	1.863	2.02	2.0	5
988	1.902	1.882	2.039	1.961	5
989	1.941	1.902	2.098	1.902	5
990	2.02	1.961	2.137	1.843	5
991	1.961	1.902	2.059	1.863	5
992	1.902	1.863	2.02	1.961	5
993	1.882	1.941	2.098	2.078	5
994	1.902	1.98	2.098	2.098	5
995	1.882	1.941	2.118	2.0	5
996	2.0	1.941	2.098	1.941	5
997	2.078	1.961	2.118	1.902	5
998	2.039	1.941	2.078	1.941	5
999	1.922	1.824	2.02	1.98	5
1000	1.882	1.882	2.118	2.02	5
1001	1.98	2.0	2.157	2.059	5
1002	2.0	1.98	2.078	2.059	5
1003	1.961	1.902	2.059	2.0	5
1004	1.902	1.902	2.039	1.941	5
1005	2.0	1.922	2.059	1.922	5
1006	2.0	1.941	2.098	1.941	5
1007	2.0	1.941	2.059	2.02	5
1008	1.902	1.902	2.098	2.059	5
1009	1.922	1.843	2.02	2.059	5
1010	2.0	1.843	2.039	1.98	5
1011	2.02	1.922	2.078	1.961	5
1012	1.941	1.824	1.98	1.882	5
1013	1.843	1.882	2.078	1.902	5
1014	1.98	1.922	2.118	1.922	5
1015	2.059	1.941	2.078	2.02	5
1016	2.098	1.863	2.039	2.078	5
1017	2.137	1.824	2.0	2.039	5
1018	1.961	1.804	2.0	1.941	5
1019	1.843	1.863	1.98	1.824	5
1020	1.902	1.922	2.039	1.804	5
1021	1.98	1.882	2.02	1.863	5
1022	1.961	1.843	1.98	1.941	5
1023	1.922	1.804	2.02	2.02	5
1024	2.0	1.941	2.059	2.078	5
1025	2.078	1.941	2.059	2.078	5
1026	2.059	1.922	2.059	2.039	5
1027	1.961	1.863	2.02	1.941	5
1028	1.922	1.863	2.059	1.882	5
1029	1.941	1.863	2.059	1.882	5
1030	2.0	1.941	2.078	1.961	5
1031	2.02	1.902	2.059	2.02	5
1032	1.961	1.824	1.98	2.059	5
1033	1.961	1.843	1.98	2.0	5
1034	2.02	1.941	2.098	1.941	5
1035	2.059	1.941	2.118	1.941	5
1036	1.961	1.922	2.02	1.961	5
1037	1.961	1.961	2.078	1.98	5
1038	1.961	1.882	2.02	2.0	5
1039	1.922	1.863	2.02	2.039	5
1040	1.863	1.863	2.039	2.02	5
1041	1.961	1.902	2.039	1.98	5
1042	2.0	1.882	2.02	1.941	5
1043	1.961	1.843	2.0	1.941	5
1044	1.941	1.863	2.0	2.0	5
1045	1.98	1.941	2.059	2.059	5
1046	1.98	1.863	2.039	2.059	5
1047	2.0	1.843	2.039	2.059	5
1048	2.02	1.902	2.118	2.0	5
1049	2.0	1.882	2.059	2.039	5
1050	1.961	1.863	2.039	2.039	5
1051	1.961	1.843	2.039	1.98	5
1052	2.0	1.902	2.078	1.941	5
1053	1.98	1.961	2.118	1.941	5
1054	2.0	1.961	2.098	2.0	5
1055	1.98	1.882	2.098	2.0	5
1056	1.941	1.882	2.059	2.02	5
1057	1.882	1.843	2.02	1.98	5
1058	1.98	1.922	2.098	2.0	5
1059	1.922	1.902	2.059	2.0	5
1060	1.882	1.843	2.039	1.961	5
1061	1.902	1.902	2.059	1.922	5
1062	2.02	1.941	2.098	1.902	5
1063	2.059	1.882	2.059	1.922	5
1064	1.882	1.784	2.0	2.0	5
1065	1.902	1.843	2.078	2.039	5
1066	1.961	1.843	2.0	1.98	5
1067	1.922	1.804	2.039	1.98	5
1068	2.0	1.882	2.02	1.843	5
1069	1.961	1.902	2.039	1.745	5
1070	1.902	1.843	2.02	1.765	5
1071	1.902	1.824	2.0	1.843	5
1072	2.02	1.863	2.02	1.902	5
1073	2.0	1.902	2.0	1.98	5
1074	1.882	1.843	1.98	1.98	5
1075	1.882	1.843	1.922	1.941	5
1076	1.941	1.882	2.0	1.882	5
1077	2.0	1.922	2.039	1.863	5
1078	1.961	1.902	2.059	1.863	5
1079	2.02	1.882	2.059	1.863	5
1080	1.961	1.882	2.039	1.863	5
1081	1.941	1.863	2.02	1.882	5
1082	2.0	1.922	2.078	1.941	5
1083	2.02	1.882	2.02	2.0	5
1084	1.922	1.843	1.961	2.0	5
1085	1.902	1.843	2.02	1.961	5
1086	1.98	1.922	2.098	1.961	5
1087	1.961	1.863	2.039	1.961	5
1088	2.02	1.922	2.098	1.961	5
1089	2.039	1.882	2.039	1.902	5
1090	2.02	1.961	2.098	1.882	5
1091	1.961	2.039	2.137	1.922	5
1092	1.98	1.843	2.059	1.98	5
1093	1.941	1.882	2.059	2.0	5
1094	1.843	1.843	1.961	1.941	5
1095	1.902	1.882	2.039	1.882	5
1096	2.0	1.961	2.059	1.882	5
1097	2.039	1.961	2.118	1.941	5
1098	2.02	1.941	2.098	2.059	5
1099	2.02	1.922	2.098	2.039	5
1100	2.039	1.922	2.078	2.0	5
1101	2.0	1.941	2.059	1.941	5
1102	1.961	1.863	2.02	1.843	5
1103	1.961	1.902	2.02	1.725	5
1104	1.902	1.922	2.02	1.804	5
1105	1.902	1.941	2.039	2.0	5
1106	1.941	1.863	2.039	2.137	5
1107	2.039	1.882	2.0	2.098	5
1108	2.02	1.902	2.02	1.941	5
1109	1.961	1.863	2.02	1.863	5
1110	1.902	1.882	2.02	1.863	5
1111	1.882	1.882	2.039	1.922	5
1112	1.902	1.882	2.0	2.0	5
1113	1.941	1.902	2.0	2.059	5
1114	1.98	1.922	2.02	2.039	5
1115	1.941	1.824	2.0	2.02	5
1116	2.039	1.843	2.039	1.98	5
1117	2.039	1.863	2.02	1.961	5
1118	1.98	1.863	2.02	2.0	5
1119	2.0	1.941	2.039	1.98	5
1120	2.0	1.863	2.02	1.922	5
1121	1.98	1.902	2.039	1.902	5
1122	1.98	1.902	2.039	1.882	5
1123	1.922	1.902	2.078	1.941	5
1124	1.863	1.863	2.0	1.98	5
1125	1.961	1.863	2.02	2.059	5
1126	1.961	1.863	2.02	2.02	5
1127	1.882	1.843	2.039	1.961	5
1128	1.902	1.961	2.098	1.941	5
1129	2.039	1.922	2.078	1.961	5
1130	2.02	1.902	2.078	1.98	5
1131	2.02	1.941	2.02	1.98	5
1132	2.0	1.863	2.0	2.0	5
1133	1.922	1.902	2.059	1.98	5
1134	1.824	1.843	2.078	2.0	5
1135	1.882	1.824	2.059	1.98	5
1136	2.078	1.863	2.078	1.961	5
1137	2.098	1.941	2.098	1.961	5
1138	2.02	1.922	2.078	2.02	5
1139	1.98	1.863	2.039	2.078	5
1140	1.98	1.843	2.02	2.0	5
1141	2.059	1.863	2.059	1.902	5
1142	2.039	1.941	2.118	1.882	5
1143	2.0	1.863	2.078	1.941	5
1144	1.961	1.922	2.118	2.02	5
1145	1.922	1.902	2.059	2.059	5
1146	1.961	1.882	2.039	2.098	5
1147	2.0	1.882	2.02	2.02	5
1148	1.98	1.863	2.059	1.941	5
1149	1.98	1.863	2.078	1.902	5
1150	2.059	1.961	2.157	1.922	5
1151	2.02	1.941	2.098	1.98	5
1152	1.922	1.824	2.059	1.961	5
1153	1.922	1.784	1.98	1.922	5
1154	1.843	1.784	2.0	1.902	5
1155	1.843	1.922	2.039	2.0	5
1156	1.922	2.039	2.118	2.059	5
1157	2.02	2.0	2.137	2.039	5
1158	2.059	1.882	2.0	1.922	5
1159	1.961	1.824	2.02	1.804	5
1160	1.922	1.843	2.0	1.804	5
1161	1.843	1.843	2.02	1.922	5
1162	1.863	1.902	2.098	2.02	5
1163	1.922	1.902	2.078	2.039	5
1164	2.039	1.922	2.059	2.02	5
1165	1.961	1.922	2.059	1.961	5
1166	2.0	1.922	2.118	1.922	5
1167	2.078	1.961	2.118	1.961	5
1168	2.02	1.902	2.059	1.98	5
1169	1.961	1.843	2.039	1.941	5
1170	1.98	1.863	2.039	1.882	5
1171	2.02	1.882	2.098	1.843	5
1172	1.98	1.882	2.059	1.882	5
1173	1.941	1.882	2.078	1.98	5
1174	2.02	1.941	2.098	2.02	5
1175	2.0	1.902	2.098	2.02	5
1176	1.941	1.882	2.098	1.98	5
1177	1.98	1.922	2.118	1.961	5
1178	2.02	1.843	2.02	1.902	5
1179	1.961	1.824	1.961	1.882	5
1180	1.902	1.843	2.02	1.922	5
1181	1.922	1.843	2.039	1.961	5
1182	1.902	1.882	2.059	2.0	5
1183	1.961	1.843	2.078	2.0	5
1184	2.0	1.863	2.098	2.02	5
1185	2.0	1.824	2.0	2.0	5
1186	1.941	1.784	1.98	1.922	5
1187	1.922	1.882	2.02	1.902	5
1188	1.902	1.902	2.039	1.902	5
1189	1.882	1.843	2.039	1.941	5
1190	1.882	1.824	2.02	1.98	5
1191	1.922	1.882	2.059	1.961	5
1192	1.941	1.902	2.059	1.961	5
1193	1.961	1.902	2.059	1.961	5
1194	1.98	1.863	2.059	1.961	5
1195	1.882	1.843	2.02	1.961	5
1196	1.843	1.843	1.98	1.922	5
1197	1.961	1.922	2.098	1.882	5
1198	2.039	1.961	2.137	1.863	5
1199	1.941	1.882	2.078	1.961	5
1200	1.961	1.843	2.039	2.0	5
1201	1.98	1.863	2.059	2.0	5
1202	2.02	1.922	2.039	2.02	5
1203	1.941	1.863	2.078	2.059	5
1204	1.941	1.843	2.039	2.02	5
1205	2.078	1.902	2.078	1.941	5
1206	2.039	1.882	2.039	1.843	5
1207	1.922	1.961	2.078	1.824	5
1208	2.0	1.863	2.02	1.902	5
1209	1.961	1.843	2.02	2.0	5
1210	1.941	1.902	2.059	2.059	5
1211	1.941	1.922	2.059	2.098	5
1212	1.922	1.843	2.02	2.098	5
1213	1.922	1.882	2.02	2.059	5
1214	1.98	1.922	2.039	1.961	5
1215	2.059	1.922	2.059	1.922	5
1216	1.941	1.922	2.059	1.922	5
1217	1.961	1.902	2.078	2.0	5
1218	2.039	1.941	2.039	2.039	5
1219	2.02	1.902	1.98	2.02	5
1220	1.922	1.843	1.961	1.961	5
1221	1.882	1.941	2.078	1.922	5
1222	1.941	1.922	2.118	1.922	5
1223	1.961	1.941	2.098	1.941	5
1224	2.078	1.922	2.02	1.98	5
1225	2.059	1.961	2.02	1.961	5
1226	1.961	1.902	2.098	1.922	5
1227	1.922	1.882	2.0	1.882	5
1228	1.922	1.902	1.961	1.863	5
1229	1.961	1.922	2.02	1.922	5
1230	1.98	1.843	2.0	1.98	5
1231	1.98	1.902	2.039	2.02	5
1232	1.98	1.863	2.02	2.0	5
1233	2.0	1.843	2.039	1.941	5
1234	1.98	1.902	2.059	1.922	5
1235	1.961	1.922	2.078	1.941	5
1236	2.059	1.922	2.0	1.961	5
1237	2.02	1.824	1.961	1.882	5
1238	2.0	1.863	1.98	1.843	5
1239	1.941	1.863	1.98	1.843	5
1240	1.922	1.843	2.0	1.902	5
1241	1.922	1.882	2.039	2.02	5
1242	1.961	1.922	2.059	2.02	5
1243	2.02	1.902	2.039	1.941	5
1244	1.961	1.922	2.039	1.863	5
1245	1.922	1.882	2.0	1.882	5
1246	1.882	1.882	2.039	1.902	5
1247	1.961	1.922	2.078	1.902	5
1248	2.039	1.941	2.039	1.902	5
1249	2.02	1.882	2.039	1.961	5
1250	1.941	1.863	2.039	2.039	5
1251	1.922	1.784	2.059	2.0	5
1252	1.98	1.882	2.078	2.0	5
1253	1.922	1.922	2.039	2.039	5
1254	1.843	1.902	2.059	2.02	5
1255	2.039	1.882	2.02	1.941	5
1256	2.118	1.843	2.0	1.843	5
1257	1.98	1.902	2.039	1.882	5
1258	1.922	1.882	2.02	1.941	5
1259	1.882	1.843	2.0	2.039	5
1260	1.922	1.843	2.0	2.039	5
1261	2.0	1.941	2.078	2.059	5
1262	1.98	1.902	2.0	2.02	5
1263	1.863	1.843	2.0	1.98	5
1264	1.882	1.863	1.98	1.98	5
1265	1.902	1.961	2.02	1.98	5
1266	2.02	1.941	2.039	1.961	5
1267	1.98	1.882	2.059	1.98	5
1268	1.902	1.902	2.098	2.039	5
1269	2.059	2.0	2.098	2.039	5
1270	2.078	1.941	2.02	2.0	5
1271	1.961	1.882	2.02	1.941	5
1272	1.98	1.902	2.098	1.922	5
1273	2.02	1.941	2.059	1.922	5
1274	1.941	1.902	2.059	1.961	5
1275	1.922	1.882	2.078	2.02	5
1276	1.98	1.941	2.059	2.039	5
1277	2.0	1.941	2.078	2.02	5
1278	2.0	1.902	2.039	1.98	5
1279	1.98	1.882	2.059	1.922	5
1280	1.961	1.902	2.078	1.941	5
1281	1.961	1.902	2.078	1.98	5
1282	1.961	1.863	2.02	2.02	5
1283	2.0	1.882	2.078	2.02	5
1284	2.0	1.902	2.059	2.0	5
1285	1.961	1.922	2.059	2.0	5
1286	1.98	1.882	2.098	2.0	5
1287	2.039	1.882	2.02	1.961	5
1288	1.941	1.824	2.02	1.922	5
1289	1.922	1.843	2.02	1.902	5
1290	1.941	1.843	2.02	1.863	5
1291	1.961	1.824	2.0	1.863	5
1292	1.961	1.882	2.078	1.961	5
1293	2.039	1.98	2.118	2.059	5
1294	1.863	1.902	2.0	2.059	5
1295	1.824	1.863	2.02	1.98	5
1296	1.902	1.843	2.02	1.902	5
1297	1.98	1.882	2.078	1.863	5
1298	1.98	1.902	2.078	1.922	5
1299	1.882	1.804	2.0	1.961	5
1300	1.941	1.863	2.059	2.0	5
1301	1.98	1.961	2.098	2.059	5
1302	1.922	1.922	2.059	2.078	5
1303	1.98	1.922	2.098	2.0	5
1304	2.02	1.961	2.059	1.98	5
1305	1.922	1.843	2.059	1.941	5
1306	1.98	1.882	2.098	1.941	5
1307	2.02	1.902	2.059	1.941	5
1308	1.961	1.902	2.078	2.0	5
1309	1.98	1.941	2.078	2.02	5
1310	1.961	1.902	2.059	2.039	5
1311	2.0	1.882	2.039	1.98	5
1312	2.0	1.922	2.059	1.961	5
1313	1.961	1.922	2.02	1.941	5
1314	1.941	1.863	2.039	1.941	5
1315	1.941	1.863	2.02	1.98	5
1316	1.98	1.863	2.039	1.98	5
1317	2.039	1.882	2.059	1.98	5
1318	1.98	1.882	2.039	1.961	5
1319	1.961	1.824	2.0	1.961	5
1320	2.039	1.863	2.039	1.941	5
1321	2.02	1.922	2.02	1.961	5
1322	1.922	1.863	2.0	1.941	5
1323	1.941	1.843	2.039	1.902	5
1324	2.02	1.941	2.078	1.902	5
1325	2.0	1.863	1.98	1.922	5
1326	1.941	1.824	1.98	1.922	5
1327	1.922	1.863	2.02	1.882	5
1328	1.961	1.882	2.039	1.863	5
1329	1.902	1.902	2.0	1.863	5
1330	1.941	1.863	1.961	1.843	5
1331	1.922	1.824	1.961	1.863	5
1332	1.922	1.824	2.02	1.941	5
1333	1.961	1.902	2.137	2.02	5
1334	1.961	1.941	2.137	2.02	5
1335	1.98	1.922	2.0	2.0	5
1336	1.961	1.843	1.98	1.882	5
1337	2.0	1.902	2.059	1.824	5
1338	1.98	1.843	2.0	1.902	5
1339	1.922	1.824	2.059	1.98	5
1340	2.0	1.941	2.078	2.039	5
1341	2.02	1.863	2.02	2.0	5
1342	1.902	1.804	2.0	1.961	5
1343	1.824	1.863	2.039	1.922	5
1344	1.902	1.902	2.059	1.922	5
1345	1.922	1.941	2.098	1.941	5
1346	2.0	1.98	2.157	1.98	5
1347	2.098	1.961	2.078	2.059	5
1348	1.941	1.863	2.059	2.059	5
1349	1.922	1.843	2.02	2.039	5
1350	1.882	1.843	2.02	1.98	5
1351	1.922	1.902	2.118	1.922	5
1352	1.961	1.941	2.098	1.941	5
1353	1.961	1.882	2.0	1.941	5
1354	2.039	1.922	2.098	1.961	5
1355	2.098	2.02	2.137	2.0	5
1356	1.98	1.843	2.02	2.0	5
1357	1.98	1.882	2.078	1.941	5
1358	2.0	1.882	2.078	1.922	5
1359	1.98	1.922	2.078	1.941	5
1360	1.98	1.882	2.078	1.961	5
1361	2.0	1.863	2.059	1.961	5
1362	2.0	1.882	2.059	1.941	5
1363	1.98	1.902	2.059	1.941	5
1364	1.941	1.902	2.078	1.961	5
1365	1.902	1.863	2.078	1.98	5
1366	1.902	1.882	2.059	1.98	5
1367	1.98	1.961	2.118	2.02	5
1368	2.039	1.902	2.039	1.98	5
1369	2.039	1.882	2.078	1.961	5
1370	1.941	1.843	2.078	1.961	5
1371	2.039	1.961	2.137	1.882	5
1372	2.059	1.922	2.059	1.902	5
1373	1.882	1.843	2.039	1.941	5
1374	1.922	1.902	2.059	2.039	5
1375	1.922	1.843	2.02	2.078	5
1376	1.902	1.863	2.02	2.0	5
1377	1.961	1.882	2.039	1.922	5
1378	2.098	1.941	2.098	1.902	5
1379	1.98	1.961	2.098	1.941	5
1380	1.902	1.843	2.039	1.961	5
1381	1.98	1.902	2.078	2.0	5
1382	1.922	1.902	2.039	2.039	5
1383	1.902	1.882	2.0	2.039	5
1384	1.922	1.863	1.98	2.039	5
1385	1.98	1.882	2.02	1.961	5
1386	2.0	1.882	2.02	1.941	5
1387	1.98	1.882	2.039	1.98	5
1388	2.02	1.922	2.078	2.02	5
1389	2.0	1.902	2.059	2.059	5
1390	1.863	1.882	2.039	2.02	5
1391	1.902	1.882	2.02	1.98	5
1392	2.0	1.941	2.098	1.941	5
1393	2.02	1.922	2.059	1.941	5
1394	1.98	1.843	2.02	1.922	5
1395	1.98	1.804	1.98	1.922	5
1396	1.922	1.863	2.02	1.941	5
1397	1.922	1.902	2.078	1.98	5
1398	1.941	1.882	2.059	2.02	5
1399	1.922	1.882	2.039	2.0	5
1400	1.961	1.863	2.02	1.98	5
1401	1.961	1.843	2.02	1.961	5
1402	2.02	1.843	2.059	1.961	5
1403	1.98	1.863	2.078	1.961	5
1404	2.02	1.882	2.039	1.941	5
1405	2.039	1.922	2.059	1.941	5
1406	2.02	1.882	2.02	1.941	5
1407	1.922	1.784	2.0	1.961	5
1408	1.922	1.843	2.078	1.961	5
1409	1.98	1.902	2.078	1.961	5
1410	2.02	1.843	2.0	1.961	5
1411	2.0	1.824	2.02	1.922	5
1412	2.0	1.843	2.059	1.902	5
1413	2.0	1.902	2.078	1.882	5
1414	1.961	1.922	2.039	1.941	5
1415	1.941	1.882	2.039	2.0	5
1416	1.922	1.882	2.059	2.039	5
1417	1.961	1.863	2.039	2.0	5
1418	2.0	1.843	2.02	1.961	5
1419	1.961	1.843	2.0	1.922	5
1420	1.863	1.863	2.039	1.922	5
1421	1.941	1.961	2.118	1.941	5
1422	1.98	1.941	2.098	1.922	5
1423	2.098	1.882	2.039	1.961	5
1424	1.961	1.843	2.059	1.98	5
1425	1.941	1.902	2.098	2.0	5
1426	1.961	1.882	2.02	2.0	5
1427	1.922	1.863	2.0	1.961	5
1428	1.922	1.902	2.059	1.922	5
1429	1.961	1.843	2.059	1.922	5
1430	1.961	1.863	2.0	1.902	5
1431	1.961	1.863	2.039	1.902	5
1432	2.0	1.882	2.02	1.922	5
1433	1.882	1.843	2.02	2.0	5
1434	1.902	1.824	2.039	2.0	5
1435	1.98	1.882	2.02	2.02	5
1436	1.961	1.902	2.02	1.98	5
1437	1.961	1.863	2.0	1.961	5
1438	1.961	1.824	2.0	1.941	5
1439	2.0	1.902	2.098	1.941	5
1440	2.078	1.902	2.02	1.941	5
1441	1.961	1.804	1.902	1.922	5
1442	1.902	1.863	1.98	1.922	5
1443	1.941	1.882	2.078	1.922	5
1444	2.02	1.922	2.059	1.941	5
1445	1.98	1.902	2.039	1.941	5
1446	2.0	1.902	2.039	1.961	5
1447	2.059	1.941	2.039	1.922	5
1448	2.0	1.882	2.0	1.902	5
1449	1.941	1.863	2.0	1.902	5
1450	1.922	1.882	2.02	1.922	5
1451	1.961	1.902	2.059	1.961	5
1452	1.941	1.882	2.059	2.02	5
1453	2.02	1.902	2.059	2.0	5
1454	2.0	1.902	2.059	1.941	5
1455	1.961	1.902	2.059	1.922	5
1456	2.0	1.941	2.098	1.922	5
1457	2.059	1.922	2.078	1.941	5
1458	2.0	1.863	2.0	1.941	5
1459	1.961	1.882	2.039	1.922	5
1460	1.961	1.882	2.059	1.941	5
1461	1.941	1.882	2.039	1.98	5
1462	1.961	1.882	2.059	1.961	5
1463	1.98	1.902	2.059	1.941	5
1464	1.961	1.941	2.098	1.922	5
1465	1.941	1.941	2.098	1.941	5
1466	1.922	1.882	2.078	2.0	5
1467	1.922	1.902	2.059	2.02	5
1468	1.941	1.882	2.02	1.98	5
1469	1.941	1.882	2.059	1.961	5
1470	1.961	1.922	2.098	1.941	5
1471	1.922	1.902	2.078	1.941	5
1472	1.902	1.882	2.078	2.0	5
1473	1.98	1.941	2.137	2.039	5
1474	2.059	2.0	2.118	2.039	5
1475	1.941	1.882	2.059	2.0	5
1476	1.941	1.902	2.059	1.961	5
1477	1.98	1.863	2.02	1.882	5
1478	1.941	1.882	2.059	1.902	5
1479	1.863	1.922	2.078	1.961	5
1480	1.922	1.824	2.02	1.98	5
1481	1.941	1.843	1.941	1.98	5
1482	1.961	1.961	2.039	1.961	5
1483	2.0	1.961	2.02	1.961	5
1484	1.941	1.882	2.039	1.961	5
1485	2.0	1.922	2.078	1.961	5
1486	1.941	1.843	2.02	1.961	5
1487	1.961	1.863	2.0	1.941	5
1488	1.961	1.922	2.0	1.922	5
1489	1.961	1.882	2.0	1.922	5
1490	2.0	1.941	2.059	1.98	5
1491	2.078	1.961	2.02	1.98	5
1492	2.0	1.843	1.98	1.941	5
1493	1.922	1.882	2.0	1.882	5
1494	1.922	1.863	2.02	1.824	5
1495	1.961	1.882	2.0	1.863	5
1496	1.98	1.882	2.0	1.882	5
1497	2.02	1.902	2.02	1.922	5
1498	1.961	1.941	2.039	1.98	5
1499	1.961	2.0	2.118	2.0	5
1500	1.98	1.922	2.059	1.98	5
1501	1.922	1.882	2.039	1.941	5
1502	1.863	1.902	2.059	1.922	5
1503	1.941	1.902	2.059	1.902	5
1504	1.98	1.922	2.039	1.941	5
1505	1.98	1.922	2.039	2.0	5
1506	1.98	1.902	2.059	2.02	5
1507	2.0	1.98	2.098	2.0	5
1508	2.0	1.961	2.157	2.0	5
1509	1.882	1.922	2.118	2.0	5
1510	1.941	1.902	2.078	2.02	5
1511	2.02	1.941	2.098	2.059	5
1512	2.0	1.961	2.078	2.059	5
1513	1.941	1.922	2.098	2.02	5
1514	1.941	1.922	2.098	1.961	5
1515	1.98	1.902	2.078	1.941	5
1516	1.922	1.902	2.039	1.961	5
1517	1.941	1.882	2.078	1.98	5
1518	1.961	1.902	2.039	2.02	5
1519	1.941	1.882	2.02	2.0	5
1520	1.941	1.902	2.039	2.0	5
1521	1.941	1.922	2.039	1.98	5
1522	1.941	1.902	2.059	1.961	5
1523	1.961	1.882	2.02	1.922	5
1524	2.0	1.922	2.039	1.941	5
1525	2.059	1.98	2.059	1.922	5
1526	1.922	1.824	2.0	1.902	5
1527	1.902	1.824	1.98	1.882	5
1528	1.961	1.902	2.039	1.843	5
1529	2.02	1.882	2.02	1.863	5
1530	1.98	1.882	2.02	1.902	5
1531	1.922	1.824	2.039	1.902	5
1532	1.902	1.843	2.0	1.922	5
1533	1.902	1.922	2.078	1.961	5
1534	1.98	1.902	2.039	1.922	5
1535	1.961	1.804	2.0	1.882	5
1536	1.961	1.784	2.0	1.882	5
1537	1.961	1.863	2.039	1.882	5
1538	2.0	1.902	2.039	1.882	5
1539	1.961	1.863	2.02	1.902	5
1540	1.941	1.824	2.039	1.902	5
1541	1.941	1.863	2.039	1.941	5
1542	2.02	1.882	2.059	1.922	5
1543	1.98	1.843	2.039	1.922	5
1544	1.941	1.902	2.059	1.902	5
1545	1.961	1.922	2.078	1.902	5
1546	1.98	1.843	2.02	1.902	5
1547	1.98	1.843	2.039	1.882	5
1548	2.039	1.902	2.078	1.882	5
1549	2.02	1.922	2.098	1.902	5
1550	1.922	1.882	2.039	1.922	5
1551	1.941	1.863	2.02	1.902	5
1552	1.922	1.843	2.0	1.902	5
1553	1.922	1.882	2.02	1.941	5
1554	1.941	1.882	2.039	1.98	5
1555	2.0	1.882	2.0	2.0	5
1556	2.0	1.843	1.98	1.961	5
1557	1.961	1.824	2.0	1.902	5
1558	2.0	1.902	2.059	1.922	5
1559	2.078	1.941	2.059	1.961	5
1560	1.922	1.824	2.0	1.961	5
1561	1.922	1.863	2.0	1.98	5
1562	1.941	1.882	2.02	1.98	5
1563	1.941	1.843	2.039	2.0	5
1564	1.941	1.863	2.02	2.02	5
1565	2.039	1.902	2.039	1.98	5
1566	2.0	1.902	2.059	1.98	5
1567	1.941	1.882	2.02	2.0	5
1568	1.922	1.863	2.02	2.0	5
1569	1.863	1.863	2.039	2.039	5
1570	1.922	1.922	2.078	2.059	5
1571	1.961	1.922	2.059	2.059	5
1572	1.98	1.882	2.078	2.078	5
1573	1.961	1.902	2.078	2.078	5
1574	2.0	1.922	2.078	2.02	5
1575	2.078	1.961	2.118	2.0	5
1576	2.078	2.02	2.157	2.02	5
1577	2.0	1.882	2.118	2.0	5
1578	1.961	1.882	2.039	2.0	5
1579	1.961	1.882	2.039	1.98	5
1580	2.0	1.882	2.039	1.98	5
1581	1.98	1.902	2.039	1.98	5
1582	2.02	1.882	2.059	1.98	5
1583	2.02	1.922	2.078	2.0	5
1584	2.039	1.902	2.039	2.0	5
1585	2.039	1.843	2.0	1.961	5
1586	1.961	1.824	2.039	1.941	5
1587	1.941	1.843	2.039	2.0	5
1588	1.941	1.882	2.059	2.0	5
1589	2.039	1.882	2.059	2.0	5
1590	2.02	1.882	2.02	1.961	5
1591	1.98	1.843	2.0	1.922	5
1592	2.0	1.902	2.039	1.941	5
1593	2.02	1.922	2.039	1.941	5
1594	1.922	1.804	2.0	1.941	5
1595	1.902	1.863	2.059	1.961	5
1596	1.961	1.882	2.059	2.0	5
1597	2.02	1.902	2.039	1.98	5
1598	2.0	1.902	2.059	1.98	5
1599	1.941	1.863	2.02	1.941	5
1600	1.941	1.804	2.02	1.922	5
1601	1.922	1.843	2.039	1.922	5
1602	1.922	1.961	2.118	1.941	5
1603	1.922	2.078	2.157	1.98	5
1604	1.863	1.902	2.039	2.0	5
1605	1.941	1.824	2.039	1.98	5
1606	2.039	1.902	2.059	1.98	5
1607	2.0	1.941	2.078	1.941	5
1608	1.922	1.98	2.098	1.98	5
1609	1.941	2.0	2.157	2.0	5
1610	2.0	2.02	2.118	2.02	5
1611	1.941	1.922	2.059	1.961	5
1612	1.961	1.902	2.039	1.922	5
1613	1.98	1.98	2.078	1.902	5
1614	1.98	1.98	2.118	1.941	5
1615	1.961	2.039	2.176	2.0	5
1616	1.98	1.98	2.098	1.98	5
1617	1.98	1.922	2.059	1.961	5
1618	1.941	1.922	2.059	1.941	5
1619	1.961	1.922	2.078	1.941	5
1620	1.941	1.961	2.098	1.941	5
1621	1.98	1.902	2.059	1.98	5
1622	1.922	1.863	2.0	2.0	5
1623	1.922	1.863	2.02	1.98	5
1624	1.98	1.902	2.02	1.961	5
1625	1.98	1.902	2.039	1.922	5
1626	2.0	1.882	2.059	1.922	5
1627	2.0	1.882	2.039	1.961	5
1628	1.922	1.804	2.0	1.961	5
1629	1.941	1.824	1.98	1.961	5
1630	1.98	1.843	2.02	1.922	5
1631	2.0	1.843	2.0	1.922	5
1632	1.941	1.843	2.02	1.922	5
1633	1.922	1.843	2.02	1.941	5
1634	1.941	1.863	2.039	1.922	5
1635	1.98	1.843	1.98	1.922	5
1636	1.98	1.824	1.961	1.902	5
1637	1.961	1.824	2.0	1.882	5
1638	1.922	1.824	1.98	1.922	5
1639	1.882	1.824	1.98	1.922	5
1640	1.941	1.824	2.039	1.941	5
1641	1.98	1.863	2.039	1.902	5
1642	1.941	1.804	2.0	1.902	5
1643	2.0	1.882	2.039	1.961	5
1644	2.039	1.902	2.02	1.961	5
1645	1.922	1.824	2.02	1.941	5
1646	1.882	1.824	2.039	1.941	5
1647	2.0	1.843	2.02	1.922	5
1648	2.098	1.882	2.039	1.882	5
1649	2.039	1.882	2.059	1.902	5
1650	1.941	1.863	2.039	1.941	5
1651	1.902	1.843	2.059	2.0	5
1652	1.941	1.902	2.059	2.02	5
1653	2.0	1.882	2.039	1.98	5
1654	1.98	1.863	2.039	1.961	5
1655	1.961	1.882	2.059	1.98	5
1656	1.941	1.922	2.098	2.039	5
1657	2.02	1.882	2.059	2.039	5
1658	2.0	1.863	2.039	2.0	5
1659	2.0	1.902	2.078	2.0	5
1660	2.039	1.98	2.157	1.98	5
1661	2.118	2.039	2.118	2.02	5
1662	2.0	1.824	1.98	1.98	5
1663	1.922	1.784	2.0	1.98	5
1664	1.941	1.863	2.02	1.98	5
1665	1.98	1.922	2.078	2.0	5
1666	2.039	1.98	2.098	2.039	5
1667	2.078	1.882	1.98	1.98	5
1668	2.0	1.863	1.98	1.961	5
1669	1.922	1.882	2.0	2.0	5
1670	1.961	1.863	1.98	2.0	5
1671	1.961	1.863	1.98	2.0	5
1672	2.0	1.882	1.98	2.02	5
1673	1.98	1.882	1.98	2.039	5
1674	2.0	1.882	2.02	2.02	5
1675	2.02	1.902	2.0	2.02	5
1676	1.98	1.882	2.0	2.02	5
1677	2.039	1.922	2.039	2.059	5
1678	2.059	1.98	2.039	2.078	5
1679	1.941	1.843	1.961	2.078	5
1680	1.941	1.863	2.0	2.059	5
1681	2.02	1.961	2.039	2.02	5
1682	1.98	1.961	2.039	2.02	5
1683	1.922	1.922	2.078	2.039	5
1684	1.961	1.941	2.059	2.078	5
1685	1.98	1.922	2.039	2.02	5
1686	2.0	1.922	2.02	2.02	5
1687	2.0	1.941	2.039	2.0	5
1688	1.941	1.902	2.059	2.02	5
1689	1.922	1.902	2.039	2.059	5
1690	1.922	1.902	2.039	2.059	5
1691	1.961	1.922	2.039	2.059	5
1692	2.02	1.941	2.039	1.98	5
1693	1.98	1.882	2.039	2.0	5
1694	2.0	1.902	2.059	1.961	5
1695	2.059	1.961	2.039	1.98	5
1696	1.941	1.843	1.961	1.961	5
1697	1.961	1.843	2.039	1.961	5
1698	1.98	1.863	2.02	1.941	5
1699	1.961	1.824	1.98	1.922	5
1700	1.941	1.824	1.961	1.902	5
1701	1.941	1.843	2.0	1.922	5
1702	1.922	1.843	2.039	1.961	5
1703	1.902	1.863	2.02	1.98	5
1704	1.941	1.922	2.02	1.98	5
1705	1.961	1.941	2.039	1.961	5
1706	2.0	1.824	1.961	1.902	5
1707	1.882	1.725	1.922	1.882	5
1708	1.882	1.765	1.98	1.882	5
1709	1.941	1.863	2.039	1.922	5
1710	1.941	1.922	2.02	1.961	5
1711	2.039	1.882	2.078	1.961	5
1712	2.039	1.941	2.098	1.961	5
1713	1.902	1.843	2.02	1.922	5
1714	1.922	1.843	2.039	1.902	5
1715	1.961	1.902	2.078	1.882	5
1716	2.0	1.902	2.078	1.902	5
1717	1.98	1.902	2.059	1.902	5
1718	1.98	1.804	2.0	1.882	5
1719	1.882	1.902	2.118	1.882	5
1720	1.882	1.941	2.176	1.922	5
1721	2.0	1.922	2.157	1.941	5
1722	2.02	1.922	2.137	1.922	5
1723	2.02	1.882	2.078	1.941	5
1724	1.922	1.843	2.059	1.941	5
1725	1.922	1.843	2.118	1.902	5
1726	1.941	1.863	2.098	1.902	5
1727	1.98	1.882	2.157	1.902	5
1728	2.059	1.922	2.157	1.902	5
1729	2.039	1.961	2.216	1.922	5
1730	1.961	1.824	2.098	1.922	5
1731	1.98	1.843	2.118	1.882	5
1732	2.039	1.882	2.137	1.863	5
1733	1.98	1.902	2.118	1.863	5
1734	1.922	1.843	2.118	1.863	5
1735	1.941	1.804	2.078	1.863	5
1736	1.961	1.804	2.059	1.843	5
1737	1.941	1.804	2.078	1.863	5
1738	1.941	1.863	2.137	1.922	5
1739	1.902	1.843	2.118	1.98	5
1740	1.922	1.843	2.078	1.98	5
1741	1.922	1.804	2.039	1.922	5
1742	1.941	1.824	2.078	1.863	5
1743	1.961	1.824	2.098	1.863	5
1744	1.961	1.843	2.098	1.922	5
1745	2.0	1.863	2.137	1.961	5
1746	2.059	1.902	2.137	2.02	5
1747	1.941	1.843	2.059	2.0	5
1748	1.882	1.824	2.098	1.961	5
1749	1.882	1.863	2.118	1.961	5
1750	2.0	1.882	2.098	1.922	5
1751	2.059	1.922	2.118	1.941	5
1752	2.039	1.941	2.137	1.98	5
1753	2.0	1.922	2.157	2.02	5
1754	1.902	1.902	2.118	2.02	5
1755	1.98	1.922	2.098	2.02	5
1756	1.941	1.922	2.098	2.0	5
1757	1.961	1.902	2.118	2.0	5
1758	1.961	1.902	2.078	2.02	5
1759	2.0	1.902	2.078	2.0	5
1760	2.039	1.902	2.059	1.98	5
1761	1.961	1.882	2.039	1.98	5
1762	1.961	1.902	2.137	2.0	5
1763	2.02	1.961	2.137	2.039	5
1764	1.98	1.863	2.059	2.02	5
1765	1.941	1.882	2.059	2.02	5
1766	1.941	1.863	2.059	2.0	5
1767	2.0	1.863	2.02	1.98	5
1768	2.0	1.882	2.02	1.902	5
1769	2.0	1.882	2.02	1.902	5
1770	1.941	1.863	2.039	1.941	5
1771	1.922	1.882	2.098	1.98	5
1772	1.961	1.941	2.118	2.039	5
1773	1.961	1.941	2.098	2.039	5
1774	1.98	1.922	2.059	2.039	5
1775	1.941	1.863	2.0	2.0	5
1776	1.961	1.824	2.02	1.98	5
1777	2.02	1.863	2.039	1.941	5
1778	2.02	1.882	2.059	1.98	5
1779	2.02	1.941	2.098	2.0	5
1780	2.02	1.941	2.098	2.059	5
1781	1.882	1.784	1.941	2.078	5
1782	1.902	1.843	2.0	2.0	5
1783	2.02	1.902	2.078	1.98	5
1784	2.039	1.941	2.059	1.98	5
1785	2.0	1.882	2.02	2.02	5
1786	1.98	1.824	1.961	2.039	5
1787	1.902	1.824	2.0	2.02	5
1788	1.941	1.922	2.059	2.039	5
1789	1.961	1.902	2.02	2.059	5
1790	1.941	1.843	1.941	2.039	5
1791	1.961	1.843	1.941	2.0	5
1792	1.98	1.902	1.98	2.0	5
1793	2.0	1.882	1.961	1.98	5
1794	1.961	1.804	2.0	1.961	5
1795	1.941	1.843	1.98	1.98	5
1796	1.98	1.922	2.078	1.961	5
1797	2.078	1.961	2.039	1.98	5
1798	1.961	1.824	1.961	1.961	5
1799	1.922	1.784	1.961	1.941	5
1800	1.961	1.804	1.98	1.902	5
1801	2.0	1.804	1.98	1.882	5
1802	1.98	1.902	2.059	1.902	5
1803	1.98	1.804	2.039	1.941	5
1804	1.941	1.804	2.02	1.961	5
1805	1.863	1.804	2.0	1.941	5
1806	1.922	1.843	2.02	1.941	5
1807	1.922	1.863	2.039	1.922	5
1808	2.039	1.902	2.098	1.941	5
1809	2.0	1.784	2.0	1.941	5
1810	1.941	1.745	1.98	1.902	5
1811	1.922	1.765	2.0	1.882	5
1812	1.882	1.843	2.059	1.882	5
1813	1.922	1.922	2.137	1.961	5
1814	2.02	1.961	2.157	1.961	5
1815	2.0	1.843	2.059	1.941	5
1816	1.98	1.843	2.059	1.902	5
1817	1.98	1.843	2.098	1.882	5
1818	1.98	1.863	2.078	1.882	5
1819	1.941	1.843	2.059	1.863	5
1820	1.961	1.843	2.059	1.863	5
1821	1.961	1.902	2.078	1.882	5
1822	1.941	1.882	2.098	1.882	5
1823	1.961	1.843	2.078	1.902	5
1824	1.941	1.882	2.118	1.882	5
1825	1.961	1.902	2.098	1.882	5
1826	1.922	1.863	2.059	1.902	5
1827	1.922	1.882	2.078	1.922	5
1828	1.98	1.882	2.098	1.882	5
1829	2.02	1.882	2.098	1.922	5
1830	2.02	1.941	2.157	1.882	5
1831	2.039	2.0	2.176	1.902	5
1832	1.902	1.824	2.039	1.922	5
1833	1.882	1.804	2.02	1.863	5
1834	1.941	1.804	2.0	1.824	5
1835	1.98	1.902	2.078	1.824	5
1836	2.02	1.941	2.098	1.882	5
1837	2.0	1.824	2.02	1.902	5
1838	1.941	1.824	2.02	1.902	5
1839	1.941	1.922	2.098	1.902	5
1840	1.98	1.961	2.118	1.922	5
1841	1.941	1.882	2.0	1.922	5
1842	1.922	1.824	1.961	1.863	5
1843	1.941	1.843	1.961	1.863	5
1844	1.941	1.922	2.039	1.882	5
1845	1.961	1.902	2.059	1.902	5
1846	1.941	1.882	2.059	1.941	5
1847	1.98	1.961	2.098	1.941	5
1848	2.098	1.98	2.059	1.941	5
1849	1.98	1.882	1.98	1.882	5
1850	1.961	1.922	2.02	1.824	5
1851	1.98	1.961	2.059	1.804	5
1852	1.941	1.941	2.02	1.902	5
1853	1.882	1.922	2.02	2.0	5
1854	1.922	1.922	2.02	2.02	5
1855	1.961	1.882	1.961	2.0	5
1856	2.0	1.941	2.098	1.961	5
1857	2.02	2.0	2.137	1.98	5
1858	1.902	1.922	2.059	1.98	5
1859	1.922	1.902	2.0	1.941	5
1860	1.922	1.863	1.961	1.941	5
1861	1.941	1.902	2.02	1.98	5
1862	1.961	1.882	2.059	2.039	5
1863	1.922	1.902	2.078	2.078	5
1864	1.961	1.902	2.078	2.098	5
1865	2.059	1.961	2.118	2.078	5
1866	1.98	1.863	2.02	2.039	5
1867	1.922	1.882	2.039	2.059	5
1868	1.98	1.882	2.039	2.02	5
1869	1.98	1.882	2.0	2.0	5
1870	1.902	1.902	2.02	2.0	5
1871	1.961	1.882	2.059	2.039	5
1872	1.941	1.863	2.02	2.02	5
1873	1.922	1.902	2.059	2.039	5
1874	1.98	1.961	2.059	2.039	5
1875	1.902	1.882	1.98	2.02	5
1876	1.863	1.843	1.98	2.02	5
1877	1.922	1.824	2.02	2.039	5
1878	2.078	2.0	2.137	2.059	5
1879	2.078	2.039	2.118	2.02	5
1880	1.941	1.922	2.059	2.039	5
1881	1.882	1.961	2.118	2.039	5
1882	2.039	2.0	2.137	2.059	5
1883	2.039	1.902	2.02	2.039	5
1884	2.0	1.922	2.039	2.0	5
1885	2.0	1.922	2.078	1.98	5
1886	2.0	1.922	2.078	2.0	5
1887	1.98	1.922	2.078	2.0	5
1888	2.039	1.941	2.098	1.98	5
1889	2.039	1.961	2.118	2.0	5
1890	1.98	1.941	2.098	2.02	5
1891	2.02	1.922	2.118	2.02	5
1892	2.039	1.902	2.078	2.02	5
1893	2.0	1.863	2.02	2.0	5
1894	1.941	1.824	2.02	2.0	5
1895	1.941	1.843	2.059	2.02	5
1896	1.98	1.843	2.059	2.02	5
1897	1.961	1.843	2.039	2.0	5
1898	1.98	1.922	2.118	2.0	5
1899	2.059	1.98	2.176	2.02	5
1900	2.0	1.843	2.078	1.98	5
1901	1.961	1.784	2.02	1.941	5
1902	1.98	1.804	2.059	1.902	5
1903	1.98	1.824	2.078	1.961	5
1904	1.941	1.882	2.098	1.98	5
1905	1.941	1.863	2.098	2.02	5
1906	1.941	1.824	2.059	2.02	5
1907	1.941	1.863	2.098	1.98	5
1908	1.961	1.902	2.118	1.941	5
1909	1.922	1.863	2.098	1.941	5
1910	1.882	1.843	2.078	1.98	5
1911	1.882	1.902	2.118	2.02	5
1912	1.941	1.941	2.157	2.039	5
1913	1.941	1.922	2.137	2.039	5
1914	1.922	1.863	2.137	2.02	5
1915	1.902	1.922	2.176	2.02	5
1916	1.961	1.961	2.216	2.0	5
1917	1.922	1.922	2.137	2.0	5
1918	1.922	1.941	2.157	2.0	5
1919	1.961	1.922	2.137	1.98	5
1920	1.961	1.902	2.118	2.0	5
1921	1.922	1.922	2.137	1.98	5
1922	1.98	1.961	2.137	2.0	5
1923	2.02	2.0	2.176	2.02	5
1924	1.961	1.941	2.098	2.02	5
1925	1.941	1.882	2.059	1.98	5
1926	1.941	1.863	2.039	1.98	5
1927	1.961	1.882	2.039	1.98	5
1928	1.922	1.863	2.039	2.0	5
1929	1.961	1.922	2.078	2.02	5
1930	2.02	1.882	2.039	1.98	5
1931	1.98	1.902	2.02	1.98	5
1932	2.0	1.922	2.059	2.0	5
1933	2.059	1.902	2.039	2.0	5
1934	1.98	1.745	1.882	1.941	5
1935	1.941	1.863	1.98	1.961	5
1936	1.941	1.961	2.02	2.0	5
1937	1.941	1.843	2.0	2.02	5
1938	1.902	1.882	2.0	2.039	5
1939	2.0	1.863	1.941	1.98	5
1940	1.98	1.843	1.961	1.922	5
1941	1.902	1.922	2.0	1.922	5
1942	1.941	1.941	2.039	1.98	5
1943	1.922	1.922	1.98	2.039	5
1944	1.961	1.922	1.961	2.039	5
1945	1.961	1.922	1.961	2.02	5
1946	1.961	1.922	2.0	2.0	5
1947	1.902	1.922	1.98	1.98	5
1948	1.882	1.902	1.98	1.961	5
1949	1.941	1.961	2.039	1.961	5
1950	2.02	2.118	2.118	2.0	5
1951	2.039	1.961	2.02	2.0	5
1952	2.059	1.902	1.961	1.98	5
1953	2.0	1.941	1.961	1.922	5
1954	1.961	1.98	2.0	1.922	5
1955	1.941	2.0	2.02	1.902	5
1956	2.02	2.02	2.039	1.922	5
1957	2.0	1.941	1.961	1.941	5
1958	2.0	1.961	2.0	1.941	5
1959	1.98	1.98	2.0	1.941	5
1960	1.961	1.922	2.02	1.961	5
1961	1.961	1.961	2.02	1.98	5
1962	1.941	1.961	2.0	1.961	5
1963	2.0	1.902	1.961	1.941	5
1964	2.0	1.902	1.941	1.902	5
1965	1.98	1.922	2.02	1.902	5
1966	2.0	1.922	2.059	1.961	5
1967	2.0	2.0	2.078	1.98	5
1968	1.941	1.863	1.98	1.98	5
1969	1.922	1.863	2.0	1.961	5
1970	1.98	1.941	2.02	1.941	5
1971	1.98	1.902	2.0	1.882	5
1972	1.922	1.902	2.02	1.902	5
1973	1.961	1.922	2.059	1.922	5
1974	1.961	1.882	2.078	1.941	5
1975	1.922	1.863	2.02	1.98	5
1976	1.902	1.804	1.98	1.941	5
1977	1.941	1.824	2.02	1.922	5
1978	1.922	1.902	2.078	1.941	5
1979	1.922	1.902	2.078	1.961	5
1980	1.941	1.863	2.078	1.98	5
1981	2.0	1.863	2.078	1.941	5
1982	2.0	1.843	2.059	1.902	5
1983	1.941	1.804	2.118	1.902	5
1984	2.059	1.922	2.196	1.961	5
1985	1.98	1.804	2.059	1.902	5
1986	1.961	1.804	2.078	1.902	5
1987	1.961	1.882	2.118	1.902	5
1988	1.98	1.824	2.098	1.882	5
1989	1.941	1.804	2.098	1.922	5
1990	1.98	1.824	2.118	1.902	5
1991	2.0	1.824	2.118	1.902	5
1992	1.961	1.843	2.098	1.902	5
1993	1.98	1.824	2.118	1.902	5
1994	1.941	1.784	2.078	1.902	5
1995	1.941	1.784	2.078	1.902	5
1996	1.922	1.843	2.137	1.941	5
1997	1.941	1.804	2.157	1.98	5
1998	1.98	1.784	2.078	1.961	5
1999	1.961	1.765	2.039	1.902	5
