time	channel1	channel2	channel3	channel4	class
0	2.0	1.843	2.216	1.941	4
1	1.961	1.882	2.216	1.941	4
2	1.98	1.902	2.216	1.941	4
3	2.118	1.922	2.098	1.941	4
4	2.059	1.961	2.078	1.882	4
5	2.039	1.961	1.902	1.824	4
6	1.961	1.961	1.902	1.804	4
7	1.941	1.961	1.863	1.863	4
8	1.902	1.941	1.843	1.941	4
9	1.882	1.941	1.863	1.98	4
10	1.902	1.902	1.902	2.02	4
11	1.824	1.902	1.98	2.039	4
12	1.882	1.863	2.0	2.078	4
13	1.843	1.843	2.137	2.059	4
14	1.902	1.804	2.157	2.059	4
15	1.902	1.824	2.216	2.059	4
16	1.98	1.804	2.255	2.02	4
17	2.0	1.804	2.216	1.98	4
18	2.02	1.824	2.216	1.941	4
19	2.02	1.882	2.176	1.961	4
20	2.02	1.922	2.137	1.922	4
21	2.098	1.922	2.059	1.863	4
22	2.039	1.941	1.941	1.824	4
23	1.98	1.961	1.882	1.824	4
24	1.98	2.0	1.843	1.863	4
25	1.941	1.961	1.843	1.902	4
26	1.902	1.961	1.863	1.98	4
27	1.863	1.922	1.902	2.0	4
28	1.843	1.922	1.941	2.02	4
29	1.882	1.882	1.961	2.039	4
30	1.843	1.824	2.137	2.059	4
31	1.922	1.824	2.196	2.059	4
32	1.902	1.765	2.216	2.02	4
33	2.0	1.765	2.216	1.961	4
34	2.02	1.784	2.216	1.941	4
35	2.02	1.784	2.196	1.941	4
36	2.039	1.824	2.176	1.882	4
37	2.157	1.824	2.098	1.922	4
38	2.078	1.882	2.059	1.863	4
39	2.02	1.843	1.941	1.843	4
40	1.98	1.863	1.882	1.843	4
41	1.98	1.882	1.863	1.863	4
42	1.922	1.863	1.843	1.922	4
43	1.882	1.863	1.863	1.961	4
44	1.863	1.824	1.902	2.0	4
45	1.843	1.804	1.922	2.059	4
46	1.824	1.784	2.02	2.039	4
47	1.824	1.765	2.098	2.078	4
48	1.902	1.745	2.176	2.059	4
49	1.882	1.725	2.216	2.059	4
50	1.961	1.725	2.255	2.0	4
51	2.0	1.745	2.235	1.961	4
52	2.02	1.784	2.216	1.961	4
53	2.02	1.765	2.216	1.941	4
54	2.059	1.843	2.137	1.902	4
55	2.039	1.843	2.039	1.843	4
56	2.059	1.843	1.902	1.824	4
57	2.0	1.882	1.922	1.824	4
58	2.0	1.882	1.824	1.863	4
59	1.922	1.882	1.843	1.922	4
60	1.882	1.843	1.863	1.961	4
61	1.882	1.863	1.882	1.98	4
62	1.863	1.804	1.941	2.02	4
63	1.843	1.824	2.0	2.059	4
64	1.843	1.765	2.078	2.059	4
65	1.922	1.765	2.157	2.039	4
66	1.902	1.784	2.216	2.039	4
67	1.961	1.784	2.255	1.98	4
68	2.0	1.784	2.196	1.961	4
69	2.02	1.804	2.196	1.941	4
70	2.039	1.824	2.176	1.922	4
71	2.078	1.863	2.098	1.882	4
72	2.078	1.941	2.059	1.863	4
73	2.059	1.882	1.882	1.824	4
74	2.02	1.902	1.882	1.824	4
75	1.98	1.941	1.824	1.843	4
76	1.902	1.922	1.843	1.902	4
77	1.922	1.961	1.843	1.961	4
78	1.922	1.902	1.882	1.98	4
79	1.863	1.902	1.882	2.039	4
80	1.843	1.843	2.0	2.039	4
81	1.863	1.843	2.098	2.039	4
82	1.902	1.824	2.137	2.059	4
83	1.922	1.824	2.235	2.078	4
84	1.98	1.863	2.235	2.0	4
85	2.0	1.843	2.216	1.98	4
86	2.02	1.843	2.196	1.961	4
87	2.039	1.882	2.157	1.941	4
88	2.078	1.922	2.118	1.863	4
89	2.059	1.961	2.059	1.863	4
90	2.039	1.961	1.922	1.843	4
91	2.0	1.941	1.882	1.843	4
92	1.98	1.98	1.824	1.863	4
93	1.922	1.98	1.824	1.902	4
94	1.882	1.98	1.843	1.961	4
95	1.882	1.941	1.882	1.98	4
96	1.843	1.941	1.882	2.0	4
97	1.882	1.902	2.0	2.059	4
98	1.843	1.902	2.098	2.059	4
99	1.922	1.863	2.157	2.059	4
100	1.902	1.843	2.196	2.039	4
101	1.98	1.863	2.235	2.0	4
102	2.02	1.863	2.216	1.961	4
103	1.98	1.882	2.196	1.922	4
104	2.02	1.902	2.196	1.922	4
105	2.059	1.941	2.098	1.902	4
106	2.098	1.98	2.059	1.863	4
107	2.059	1.941	1.902	1.843	4
108	2.02	1.98	1.902	1.843	4
109	1.98	2.02	1.843	1.863	4
110	1.902	1.961	1.843	1.902	4
111	1.922	1.961	1.863	1.961	4
112	1.882	1.941	1.902	2.0	4
113	1.843	1.922	1.961	2.02	4
114	1.824	1.902	1.98	2.059	4
115	1.843	1.824	2.098	2.078	4
116	1.922	1.843	2.176	2.059	4
117	1.922	1.843	2.216	2.039	4
118	1.961	1.824	2.275	2.02	4
119	2.0	1.824	2.216	1.961	4
120	2.02	1.843	2.196	1.941	4
121	2.039	1.863	2.196	1.902	4
122	2.137	1.902	2.157	1.882	4
123	2.059	1.961	2.059	1.863	4
124	2.039	1.961	1.961	1.863	4
125	2.02	1.98	1.922	1.863	4
126	1.98	1.98	1.843	1.863	4
127	1.922	1.941	1.843	1.922	4
128	1.902	1.941	1.843	1.922	4
129	1.902	1.941	1.882	1.941	4
130	1.863	1.922	1.941	1.98	4
131	1.843	1.922	2.039	2.039	4
132	1.824	1.882	2.098	2.098	4
133	1.902	1.843	2.137	2.078	4
134	1.922	1.863	2.216	2.059	4
135	1.941	1.882	2.255	1.98	4
136	1.98	1.882	2.235	1.961	4
137	2.02	1.882	2.216	1.941	4
138	2.02	1.902	2.196	1.902	4
139	2.098	1.941	2.098	1.863	4
140	2.039	2.0	2.059	1.843	4
141	2.059	1.961	1.922	1.824	4
142	1.98	1.98	1.902	1.824	4
143	1.98	2.0	1.843	1.843	4
144	1.922	1.961	1.824	1.882	4
145	1.902	1.961	1.863	1.941	4
146	1.902	1.941	1.882	1.98	4
147	1.863	1.922	1.902	2.0	4
148	1.843	1.882	1.98	2.039	4
149	1.863	1.882	2.078	2.039	4
150	1.882	1.863	2.176	2.059	4
151	1.863	1.863	2.216	2.059	4
152	1.941	1.843	2.255	2.02	4
153	2.039	1.843	2.216	1.98	4
154	2.039	1.863	2.216	1.922	4
155	2.039	1.902	2.196	1.902	4
156	2.078	1.941	2.137	1.882	4
157	2.098	2.0	2.078	1.863	4
158	2.02	1.98	1.941	1.843	4
159	1.961	1.961	1.941	1.863	4
160	1.98	2.0	1.863	1.902	4
161	1.902	2.02	1.843	1.902	4
162	1.882	2.02	1.882	1.98	4
163	1.882	1.98	1.922	2.0	4
164	1.882	1.941	1.98	2.039	4
165	1.824	1.882	2.0	2.059	4
166	1.843	1.863	2.078	2.059	4
167	1.902	1.863	2.157	2.059	4
168	1.922	1.863	2.216	2.039	4
169	1.961	1.843	2.255	2.02	4
170	2.0	1.863	2.216	1.98	4
171	2.02	1.882	2.176	1.941	4
172	2.02	1.902	2.216	1.922	4
173	2.02	1.902	2.157	1.902	4
174	2.039	1.941	2.039	1.882	4
175	2.059	1.902	1.902	1.843	4
176	2.02	1.922	1.902	1.804	4
177	1.98	1.961	1.824	1.843	4
178	1.922	1.941	1.863	1.902	4
179	1.902	1.902	1.843	1.961	4
180	1.902	1.863	1.882	1.98	4
181	1.882	1.882	1.941	1.98	4
182	1.843	1.843	2.0	2.039	4
183	1.863	1.824	2.059	2.078	4
184	1.922	1.804	2.157	2.059	4
185	1.941	1.804	2.196	2.039	4
186	1.98	1.784	2.235	2.0	4
187	2.02	1.784	2.235	1.961	4
188	2.039	1.804	2.176	1.941	4
189	2.039	1.824	2.157	1.902	4
190	2.078	1.902	2.137	1.902	4
191	2.039	1.922	2.078	1.863	4
192	2.059	1.922	1.941	1.863	4
193	2.0	1.941	1.941	1.843	4
194	2.02	1.961	1.843	1.902	4
195	1.922	1.961	1.843	1.922	4
196	1.922	1.941	1.843	1.941	4
197	1.882	1.941	1.863	2.0	4
198	1.843	1.902	1.902	2.059	4
199	1.824	1.843	2.0	2.039	4
200	1.824	1.843	2.078	2.078	4
201	1.902	1.824	2.176	2.078	4
202	1.902	1.843	2.235	2.078	4
203	1.98	1.824	2.275	2.059	4
204	2.0	1.843	2.216	2.0	4
205	2.02	1.824	2.216	1.941	4
206	2.02	1.863	2.196	1.922	4
207	2.078	1.902	2.137	1.902	4
208	2.078	1.922	2.078	1.882	4
209	2.078	1.902	1.922	1.843	4
210	2.0	1.902	1.902	1.824	4
211	2.02	1.941	1.824	1.863	4
212	1.941	1.922	1.824	1.902	4
213	1.902	1.922	1.843	1.941	4
214	1.902	1.902	1.863	1.98	4
215	1.863	1.882	1.902	2.02	4
216	1.824	1.863	2.02	2.02	4
217	1.824	1.843	2.078	2.059	4
218	1.882	1.843	2.176	2.059	4
219	1.922	1.804	2.216	2.059	4
220	1.961	1.804	2.216	2.02	4
221	2.0	1.824	2.196	1.961	4
222	2.02	1.843	2.216	1.922	4
223	2.02	1.882	2.176	1.922	4
224	2.059	1.902	2.137	1.902	4
225	2.039	1.922	2.059	1.863	4
226	2.059	1.922	1.922	1.843	4
227	1.98	1.922	1.902	1.824	4
228	2.0	1.961	1.843	1.843	4
229	1.941	1.922	1.824	1.902	4
230	1.941	1.941	1.882	1.941	4
231	1.902	1.902	1.863	1.941	4
232	1.863	1.902	1.941	1.961	4
233	1.863	1.922	2.02	2.059	4
234	1.765	1.882	2.078	2.098	4
235	1.863	1.824	2.157	2.078	4
236	1.961	1.824	2.176	2.039	4
237	1.98	1.843	2.255	2.0	4
238	2.02	1.843	2.235	1.961	4
239	1.98	1.882	2.196	1.961	4
240	2.0	1.902	2.216	1.922	4
241	2.078	1.961	2.176	1.922	4
242	2.059	2.0	2.098	1.882	4
243	2.02	1.941	1.941	1.882	4
244	1.98	1.961	1.902	1.843	4
245	1.941	1.961	1.863	1.882	4
246	1.902	1.98	1.863	1.902	4
247	1.882	1.941	1.882	1.961	4
248	1.863	1.922	1.882	2.0	4
249	1.843	1.922	1.922	2.039	4
250	1.804	1.882	2.0	2.0	4
251	1.824	1.843	2.059	2.059	4
252	1.863	1.804	2.157	2.078	4
253	1.902	1.824	2.196	2.059	4
254	1.941	1.824	2.235	2.02	4
255	2.0	1.824	2.235	1.98	4
256	2.02	1.824	2.216	1.961	4
257	2.02	1.863	2.176	1.922	4
258	2.098	1.902	2.118	1.902	4
259	2.059	1.961	2.098	1.902	4
260	2.059	1.941	1.961	1.843	4
261	1.961	1.922	1.902	1.843	4
262	1.98	1.941	1.843	1.882	4
263	1.941	1.941	1.843	1.882	4
264	1.922	1.941	1.863	1.961	4
265	1.922	1.922	1.902	1.961	4
266	1.863	1.902	1.922	2.039	4
267	1.863	1.843	1.98	2.039	4
268	1.863	1.824	2.078	2.059	4
269	1.902	1.804	2.157	2.059	4
270	1.941	1.784	2.216	2.039	4
271	1.98	1.784	2.235	2.0	4
272	2.039	1.824	2.216	1.941	4
273	2.039	1.843	2.235	1.941	4
274	2.039	1.824	2.216	1.922	4
275	2.118	1.863	2.118	1.882	4
276	2.118	1.902	2.039	1.863	4
277	2.059	1.941	1.922	1.824	4
278	2.039	1.922	1.941	1.843	4
279	2.02	1.922	1.863	1.863	4
280	1.941	1.902	1.804	1.902	4
281	1.922	1.922	1.824	1.902	4
282	1.902	1.922	1.863	1.961	4
283	1.863	1.882	1.902	2.02	4
284	1.882	1.843	2.0	2.059	4
285	1.882	1.843	2.059	2.098	4
286	1.922	1.843	2.176	2.059	4
287	1.902	1.843	2.216	2.059	4
288	1.941	1.804	2.255	2.02	4
289	2.0	1.804	2.235	1.961	4
290	2.039	1.804	2.196	1.941	4
291	2.059	1.843	2.176	1.922	4
292	2.059	1.882	2.176	1.902	4
293	2.039	1.902	2.078	1.863	4
294	2.078	1.902	1.922	1.843	4
295	2.0	1.922	1.902	1.804	4
296	2.039	1.941	1.863	1.824	4
297	1.941	1.941	1.824	1.902	4
298	1.922	1.902	1.843	1.941	4
299	1.941	1.902	1.843	1.961	4
300	1.902	1.843	1.863	1.961	4
301	1.882	1.824	1.961	2.039	4
302	1.863	1.784	2.039	2.039	4
303	1.922	1.784	2.137	2.039	4
304	1.922	1.804	2.216	2.039	4
305	1.922	1.824	2.275	2.039	4
306	1.961	1.824	2.235	1.98	4
307	2.039	1.804	2.196	1.961	4
308	2.039	1.843	2.196	1.922	4
309	2.059	1.882	2.176	1.882	4
310	2.059	1.941	2.059	1.882	4
311	2.098	1.98	1.961	1.843	4
312	1.941	1.961	1.941	1.843	4
313	1.922	1.98	1.863	1.882	4
314	1.902	2.0	1.882	1.941	4
315	1.843	2.0	1.882	1.98	4
316	1.824	1.98	1.941	2.02	4
317	1.824	2.0	1.922	2.059	4
318	1.765	1.922	2.02	2.059	4
319	1.804	1.902	2.078	2.078	4
320	1.843	1.902	2.196	2.078	4
321	1.863	1.863	2.235	2.059	4
322	1.922	1.843	2.255	2.039	4
323	1.98	1.843	2.216	1.961	4
324	2.02	1.843	2.216	1.941	4
325	2.0	1.863	2.216	1.922	4
326	2.078	1.863	2.137	1.902	4
327	2.059	1.922	2.098	1.882	4
328	2.098	1.922	1.961	1.843	4
329	1.98	1.941	1.902	1.824	4
330	2.0	1.922	1.843	1.843	4
331	1.961	1.961	1.843	1.882	4
332	1.922	1.941	1.882	1.961	4
333	1.902	1.922	1.882	1.98	4
334	1.863	1.902	1.922	2.02	4
335	1.824	1.882	2.0	2.059	4
336	1.843	1.824	2.039	2.059	4
337	1.902	1.804	2.157	2.039	4
338	1.941	1.824	2.176	2.039	4
339	1.961	1.804	2.255	2.02	4
340	2.0	1.804	2.216	1.98	4
341	2.02	1.843	2.216	1.961	4
342	2.059	1.843	2.196	1.941	4
343	2.098	1.882	2.137	1.882	4
344	2.059	1.941	2.098	1.882	4
345	2.098	1.922	1.941	1.863	4
346	2.02	1.902	1.902	1.824	4
347	2.02	1.961	1.843	1.843	4
348	1.922	1.961	1.843	1.882	4
349	1.922	1.941	1.843	1.941	4
350	1.902	1.902	1.863	1.98	4
351	1.882	1.902	1.902	1.961	4
352	1.902	1.882	1.98	2.02	4
353	1.863	1.843	2.059	2.078	4
354	1.882	1.824	2.157	2.078	4
355	1.902	1.804	2.176	2.039	4
356	1.941	1.804	2.235	2.02	4
357	2.0	1.824	2.235	1.98	4
358	2.039	1.824	2.216	1.941	4
359	2.039	1.863	2.196	1.941	4
360	2.059	1.843	2.157	1.882	4
361	2.078	1.922	2.078	1.843	4
362	2.118	1.902	1.961	1.824	4
363	2.0	1.882	1.882	1.824	4
364	2.02	1.902	1.824	1.824	4
365	1.98	1.902	1.824	1.863	4
366	1.922	1.922	1.843	1.922	4
367	1.902	1.882	1.863	1.98	4
368	1.882	1.902	1.902	2.039	4
369	1.882	1.863	2.0	2.059	4
370	1.843	1.843	2.039	2.059	4
371	1.902	1.824	2.176	2.078	4
372	1.961	1.804	2.176	2.059	4
373	1.961	1.804	2.216	2.0	4
374	2.02	1.824	2.216	1.961	4
375	2.0	1.863	2.216	1.941	4
376	2.0	1.902	2.216	1.961	4
377	2.0	1.98	2.216	1.961	4
378	2.059	1.941	2.118	1.922	4
379	2.059	1.941	1.961	1.882	4
380	1.961	1.961	1.941	1.843	4
381	1.961	1.98	1.902	1.863	4
382	1.902	1.961	1.824	1.922	4
383	1.902	1.941	1.843	1.941	4
384	1.882	1.922	1.863	1.98	4
385	1.863	1.922	1.941	2.039	4
386	1.843	1.902	2.0	2.039	4
387	1.824	1.863	2.039	2.078	4
388	1.882	1.824	2.157	2.059	4
389	1.902	1.824	2.196	2.039	4
390	1.941	1.784	2.275	2.02	4
391	1.961	1.843	2.255	2.0	4
392	1.98	1.804	2.216	1.961	4
393	2.059	1.843	2.176	1.922	4
394	2.078	1.882	2.157	1.882	4
395	2.059	1.902	2.098	1.863	4
396	2.059	1.902	1.961	1.843	4
397	1.98	1.922	1.941	1.863	4
398	2.0	1.98	1.863	1.843	4
399	1.922	1.961	1.863	1.882	4
400	1.882	1.922	1.863	1.98	4
401	1.882	1.902	1.882	1.961	4
402	1.882	1.882	1.882	1.98	4
403	1.902	1.843	1.98	2.02	4
404	1.843	1.843	2.039	2.059	4
405	1.882	1.804	2.157	2.078	4
406	1.941	1.784	2.176	2.039	4
407	1.98	1.765	2.216	2.0	4
408	2.02	1.784	2.216	1.961	4
409	2.02	1.804	2.196	1.961	4
410	2.02	1.824	2.176	1.922	4
411	2.078	1.843	2.098	1.902	4
412	2.078	1.863	2.059	1.863	4
413	2.137	1.902	1.961	1.824	4
414	1.98	1.902	1.902	1.824	4
415	2.0	1.941	1.843	1.824	4
416	1.98	1.961	1.804	1.882	4
417	1.941	1.961	1.824	1.922	4
418	1.882	1.882	1.863	1.961	4
419	1.843	1.882	1.882	2.02	4
420	1.765	1.882	1.98	2.039	4
421	1.863	1.863	2.059	2.078	4
422	1.882	1.843	2.176	2.078	4
423	1.902	1.824	2.176	2.078	4
424	1.922	1.824	2.255	2.02	4
425	2.0	1.843	2.235	1.98	4
426	1.98	1.863	2.235	1.961	4
427	2.0	1.863	2.216	1.941	4
428	2.039	1.882	2.196	1.922	4
429	2.02	1.902	2.078	1.902	4
430	2.059	1.922	2.0	1.863	4
431	1.98	1.941	1.922	1.843	4
432	1.98	1.922	1.863	1.843	4
433	1.941	1.922	1.824	1.882	4
434	1.902	1.922	1.843	1.941	4
435	1.902	1.902	1.882	1.98	4
436	1.922	1.863	1.922	2.0	4
437	1.922	1.882	1.98	2.02	4
438	1.863	1.804	2.039	2.059	4
439	1.902	1.784	2.137	2.059	4
440	1.922	1.804	2.176	2.02	4
441	1.961	1.784	2.235	2.0	4
442	2.0	1.804	2.216	1.98	4
443	2.0	1.804	2.196	1.961	4
444	2.02	1.804	2.176	1.941	4
445	2.078	1.863	2.137	1.902	4
446	2.078	1.882	2.078	1.863	4
447	2.039	1.941	1.961	1.824	4
448	1.98	1.98	1.941	1.843	4
449	1.98	2.0	1.863	1.843	4
450	1.922	1.961	1.843	1.902	4
451	1.902	1.941	1.843	1.941	4
452	1.882	1.961	1.882	1.98	4
453	1.863	1.941	1.922	2.0	4
454	1.863	1.902	2.0	2.039	4
455	1.824	1.863	2.059	2.078	4
456	1.843	1.843	2.176	2.078	4
457	1.902	1.843	2.216	2.059	4
458	1.941	1.843	2.235	2.02	4
459	1.98	1.824	2.235	1.98	4
460	2.02	1.824	2.216	1.961	4
461	2.039	1.863	2.196	1.922	4
462	2.078	1.882	2.157	1.941	4
463	2.039	1.902	2.098	1.882	4
464	2.098	1.922	1.98	1.843	4
465	2.02	1.922	1.882	1.824	4
466	2.02	1.922	1.843	1.824	4
467	1.961	1.922	1.824	1.863	4
468	1.902	1.922	1.843	1.961	4
469	1.902	1.882	1.882	2.0	4
470	1.882	1.843	1.882	2.039	4
471	1.824	1.824	1.961	2.02	4
472	1.882	1.824	2.059	2.059	4
473	1.863	1.784	2.176	2.039	4
474	1.902	1.765	2.137	2.059	4
475	1.941	1.784	2.235	2.0	4
476	2.039	1.824	2.216	1.98	4
477	2.0	1.824	2.235	1.941	4
478	2.02	1.804	2.196	1.922	4
479	2.039	1.843	2.137	1.902	4
480	2.059	1.824	2.059	1.843	4
481	2.098	1.863	1.98	1.824	4
482	2.078	1.863	1.902	1.784	4
483	2.039	1.882	1.843	1.804	4
484	1.98	1.863	1.784	1.843	4
485	1.941	1.863	1.843	1.882	4
486	1.902	1.882	1.863	1.922	4
487	1.941	1.843	1.882	1.98	4
488	1.882	1.804	1.961	2.039	4
489	1.902	1.824	2.0	2.059	4
490	1.804	1.804	2.176	2.098	4
491	1.804	1.804	2.196	2.059	4
492	1.941	1.725	2.235	2.039	4
493	2.039	1.725	2.196	1.98	4
494	2.02	1.804	2.196	1.941	4
495	2.0	1.863	2.196	1.941	4
496	2.0	1.922	2.176	1.922	4
497	2.0	1.961	2.118	1.922	4
498	2.02	1.98	2.0	1.882	4
499	1.961	1.961	1.922	1.882	4
500	1.941	1.961	1.882	1.902	4
501	1.902	1.941	1.863	1.922	4
502	1.863	1.922	1.882	1.961	4
503	1.882	1.922	1.882	1.961	4
504	1.902	1.902	1.882	2.02	4
505	1.824	1.882	1.941	2.0	4
506	1.882	1.824	2.0	2.039	4
507	1.882	1.843	2.137	2.039	4
508	1.941	1.882	2.176	2.039	4
509	1.922	1.902	2.275	2.078	4
510	2.02	1.863	2.275	2.059	4
511	2.0	1.824	2.235	1.98	4
512	2.039	1.843	2.176	1.922	4
513	2.078	1.902	2.118	1.804	4
514	2.059	1.98	2.078	1.824	4
515	2.078	2.0	2.02	1.843	4
516	2.0	2.0	1.922	1.882	4
517	1.98	2.02	1.922	1.882	4
518	1.922	2.02	1.843	1.941	4
519	1.902	1.98	1.882	1.98	4
520	1.922	1.961	1.902	2.02	4
521	1.902	1.902	1.902	1.98	4
522	1.882	1.902	1.941	2.02	4
523	1.863	1.863	2.02	2.059	4
524	1.902	1.784	2.176	2.059	4
525	1.961	1.745	2.137	2.078	4
526	1.961	1.745	2.216	2.02	4
527	2.02	1.824	2.255	1.98	4
528	1.961	1.863	2.255	1.98	4
529	1.941	1.863	2.216	1.961	4
530	1.98	1.824	2.157	1.863	4
531	2.118	1.824	2.078	1.804	4
532	2.137	1.882	1.961	1.725	4
533	2.039	1.882	1.922	1.706	4
534	2.02	1.902	1.843	1.784	4
535	1.922	1.922	1.784	1.882	4
536	1.843	1.902	1.843	1.961	4
537	1.804	1.922	1.882	1.98	4
538	1.804	1.922	2.0	1.961	4
539	1.784	1.863	2.039	2.02	4
540	1.745	1.863	2.059	2.118	4
541	1.824	1.804	2.118	2.118	4
542	1.863	1.784	2.196	2.078	4
543	1.882	1.784	2.294	2.02	4
544	2.0	1.804	2.255	1.961	4
545	2.039	1.863	2.216	1.941	4
546	2.0	1.863	2.176	1.961	4
547	1.98	1.843	2.176	2.0	4
548	2.039	1.941	2.098	2.02	4
549	2.039	2.0	2.059	1.961	4
550	1.98	2.02	1.961	1.941	4
551	1.961	1.961	1.843	1.902	4
552	1.941	1.961	1.745	1.922	4
553	1.902	1.882	1.784	1.941	4
554	1.941	1.882	1.843	1.961	4
555	1.941	1.882	1.843	2.0	4
556	1.882	1.843	1.961	2.02	4
557	1.882	1.843	1.98	2.078	4
558	1.882	1.765	2.118	2.078	4
559	1.961	1.725	2.137	2.098	4
560	2.02	1.765	2.176	2.039	4
561	2.137	1.765	2.176	1.961	4
562	2.118	1.804	2.176	1.902	4
563	2.078	1.804	2.216	1.882	4
564	2.118	1.843	2.196	1.882	4
565	2.176	1.882	2.059	1.824	4
566	2.216	1.843	1.902	1.784	4
567	2.078	1.882	1.784	1.725	4
568	2.098	1.98	1.824	1.725	4
569	2.039	2.059	1.843	1.784	4
570	1.922	2.0	1.863	1.882	4
571	1.804	1.961	1.902	1.961	4
572	1.706	1.98	1.98	2.02	4
573	1.608	2.02	2.078	2.059	4
574	1.784	1.961	2.02	2.078	4
575	1.922	1.882	2.098	2.039	4
576	1.902	1.863	2.118	1.98	4
577	1.843	1.863	2.235	1.98	4
578	1.922	1.902	2.333	2.02	4
579	1.922	1.941	2.333	2.059	4
580	1.941	1.961	2.294	2.039	4
581	1.98	1.902	2.235	2.0	4
582	2.039	1.961	2.098	1.922	4
583	1.961	2.098	2.118	1.941	4
584	1.843	2.078	2.039	1.98	4
585	1.863	2.059	1.902	1.98	4
586	2.0	1.961	1.863	1.961	4
587	2.078	1.961	1.941	2.02	4
588	2.039	2.02	1.941	2.039	4
589	1.902	1.922	1.961	2.02	4
590	1.765	1.804	1.941	2.039	4
591	1.725	1.882	1.98	2.02	4
592	1.882	1.961	2.196	2.059	4
593	1.941	2.039	2.333	2.137	4
594	1.902	2.0	2.373	2.196	4
595	2.039	1.902	2.314	2.098	4
596	2.059	1.804	2.216	2.02	4
597	2.039	1.824	2.196	1.902	4
598	2.078	1.902	2.176	1.863	4
599	2.039	2.0	2.118	1.824	4
600	2.098	2.059	2.039	1.804	4
601	2.039	1.961	1.941	1.804	4
602	1.98	1.902	1.804	1.824	4
603	2.039	1.882	1.745	1.843	4
604	2.137	1.902	1.824	1.902	4
605	2.039	1.922	1.922	1.922	4
606	1.961	1.824	1.922	1.961	4
607	2.02	1.745	1.882	2.02	4
608	2.059	1.745	1.961	2.039	4
609	2.137	1.667	2.059	2.039	4
610	2.255	1.765	2.176	2.059	4
611	2.294	1.863	2.294	2.02	4
612	2.333	1.804	2.216	2.02	4
613	2.392	1.765	2.078	2.0	4
614	2.49	1.725	2.098	1.941	4
615	2.49	1.843	2.176	1.882	4
616	2.529	1.961	2.176	1.902	4
617	2.549	2.0	2.059	1.922	4
618	2.471	1.961	1.961	1.882	4
619	2.451	2.0	1.843	1.863	4
620	2.353	2.0	1.745	1.863	4
621	2.294	2.02	1.843	1.922	4
622	2.294	2.039	1.882	2.02	4
623	2.294	1.941	1.843	2.039	4
624	2.118	1.882	1.902	2.0	4
625	2.098	1.843	1.941	1.961	4
626	2.059	1.824	2.098	1.863	4
627	2.078	1.804	2.176	1.863	4
628	2.059	1.706	2.137	1.922	4
629	2.137	1.686	2.098	1.941	4
630	2.157	1.647	2.078	1.902	4
631	2.176	1.686	2.078	1.824	4
632	2.196	1.725	2.098	1.706	4
633	2.216	1.686	2.098	1.706	4
634	2.157	1.588	1.922	1.667	4
635	2.0	1.569	1.627	1.627	4
636	1.902	1.863	1.686	1.627	4
637	1.627	2.0	1.863	1.784	4
638	1.529	1.922	1.961	2.059	4
639	1.863	1.843	1.941	2.196	4
640	1.922	1.804	1.922	2.176	4
641	1.784	1.824	1.922	2.02	4
642	1.627	1.941	2.039	1.98	4
643	1.549	1.98	2.216	1.961	4
644	1.529	1.98	2.275	2.078	4
645	1.471	2.02	2.294	2.196	4
646	1.627	2.118	2.333	2.275	4
647	1.686	2.176	2.412	2.275	4
648	1.706	2.176	2.471	2.176	4
649	1.765	2.157	2.353	2.078	4
650	1.824	2.118	2.176	2.02	4
651	1.784	2.157	2.118	1.98	4
652	1.725	2.137	2.059	1.922	4
653	1.706	2.118	1.961	1.922	4
654	1.745	2.078	1.843	1.98	4
655	1.725	2.059	1.882	2.0	4
656	1.765	2.02	1.98	2.039	4
657	1.686	1.922	1.961	2.039	4
658	1.588	1.843	1.882	2.02	4
659	1.588	1.824	1.863	1.98	4
660	1.686	1.843	2.078	1.961	4
661	1.765	1.804	2.157	2.02	4
662	1.804	1.745	2.235	2.059	4
663	1.882	1.745	2.216	2.059	4
664	1.922	1.922	2.216	1.961	4
665	1.961	1.961	2.235	1.941	4
666	2.0	1.902	2.216	1.863	4
667	2.02	1.902	2.098	1.863	4
668	2.059	1.902	1.961	1.843	4
669	2.02	1.902	1.882	1.824	4
670	2.059	1.941	1.902	1.804	4
671	1.98	1.941	1.843	1.824	4
672	1.922	2.0	1.922	1.882	4
673	1.961	2.02	1.843	2.0	4
674	1.941	1.98	1.902	2.078	4
675	1.902	1.824	2.02	2.137	4
676	1.765	1.784	2.118	2.137	4
677	1.745	1.765	2.216	2.078	4
678	1.824	1.784	2.157	1.961	4
679	1.863	1.804	2.137	1.863	4
680	1.961	1.863	2.196	1.824	4
681	2.02	1.804	2.235	1.863	4
682	1.922	1.706	2.137	1.961	4
683	2.0	1.765	2.098	1.922	4
684	2.02	1.882	2.0	1.922	4
685	1.961	1.902	2.039	1.824	4
686	2.02	1.902	1.922	1.784	4
687	2.039	1.882	1.824	1.765	4
688	1.922	1.902	1.745	1.824	4
689	1.784	1.941	1.784	1.882	4
690	1.667	1.922	1.824	1.922	4
691	1.686	1.804	1.784	1.922	4
692	1.745	1.725	1.784	1.941	4
693	1.765	1.745	1.882	2.0	4
694	1.804	1.804	2.078	2.078	4
695	1.863	1.745	2.137	2.118	4
696	1.941	1.804	2.275	2.118	4
697	2.0	1.824	2.314	2.078	4
698	1.941	1.765	2.176	2.0	4
699	1.98	1.706	2.118	1.902	4
700	2.098	1.784	2.118	1.824	4
701	2.176	1.824	2.078	1.824	4
702	2.078	1.843	2.039	1.804	4
703	1.98	1.784	1.863	1.824	4
704	2.118	1.824	1.882	1.843	4
705	2.157	1.882	1.843	1.863	4
706	2.196	1.882	1.922	1.922	4
707	2.157	1.882	1.98	2.0	4
708	2.0	1.863	1.902	2.02	4
709	1.98	1.706	1.961	2.02	4
710	1.961	1.765	2.02	2.02	4
711	2.0	1.922	2.196	1.98	4
712	1.863	1.902	2.216	1.98	4
713	1.706	1.824	2.314	2.02	4
714	1.941	1.804	2.176	2.02	4
715	2.059	1.804	2.216	1.922	4
716	2.137	1.784	2.176	1.863	4
717	2.059	1.784	2.157	1.804	4
718	2.098	1.902	2.137	1.863	4
719	2.118	1.843	2.039	1.843	4
720	2.039	1.706	1.882	1.824	4
721	1.941	1.804	1.784	1.784	4
722	1.922	1.863	1.686	1.765	4
723	1.843	1.843	1.804	1.824	4
724	1.765	2.0	1.941	1.922	4
725	1.647	2.02	2.0	2.098	4
726	1.647	1.961	2.039	2.235	4
727	2.0	1.863	1.961	2.235	4
728	1.922	1.804	2.039	2.137	4
729	1.804	1.882	2.216	2.039	4
730	1.745	2.059	2.333	2.02	4
731	1.824	2.216	2.431	2.039	4
732	1.804	2.235	2.373	2.118	4
733	1.824	2.157	2.314	2.137	4
734	1.824	2.118	2.255	2.059	4
735	1.843	2.196	2.176	2.02	4
736	1.882	2.196	2.118	1.961	4
737	1.863	2.176	1.961	1.98	4
738	1.843	2.137	1.98	1.961	4
739	1.902	2.137	2.02	1.941	4
740	1.843	2.078	2.0	1.98	4
741	1.824	2.059	1.863	2.02	4
742	1.824	2.059	1.843	2.059	4
743	1.784	1.882	1.98	2.078	4
744	1.863	1.863	2.0	2.059	4
745	1.863	1.863	2.059	2.02	4
746	2.0	1.824	2.157	2.02	4
747	2.039	1.843	2.255	2.059	4
748	2.039	1.882	2.294	2.059	4
749	2.078	2.0	2.255	2.02	4
750	2.255	2.02	2.196	1.961	4
751	2.157	1.863	2.098	1.941	4
752	2.059	1.902	2.02	1.784	4
753	2.118	1.863	1.941	1.725	4
754	2.137	1.98	1.922	1.686	4
755	2.196	2.059	1.961	1.686	4
756	2.0	2.02	1.843	1.765	4
757	1.882	1.824	1.804	1.843	4
758	1.961	1.941	1.824	1.922	4
759	1.961	2.02	1.882	1.98	4
760	1.804	1.863	1.824	2.0	4
761	1.784	1.784	1.882	1.961	4
762	1.804	1.725	1.902	1.922	4
763	1.922	1.784	2.098	1.902	4
764	1.784	1.784	2.235	1.961	4
765	1.745	1.745	2.255	2.039	4
766	1.882	1.725	2.118	2.039	4
767	1.902	1.667	2.039	1.961	4
768	1.922	1.706	2.059	1.863	4
769	1.902	1.647	2.0	1.804	4
770	2.039	1.725	1.98	1.824	4
771	2.078	1.784	1.882	1.863	4
772	2.039	1.824	1.882	1.922	4
773	2.039	1.745	1.725	1.941	4
774	2.078	1.745	1.784	1.961	4
775	2.078	1.765	1.882	1.961	4
776	1.961	1.784	1.941	1.98	4
777	1.902	1.824	2.0	1.98	4
778	1.961	1.765	2.078	2.0	4
779	1.922	1.725	2.137	2.039	4
780	2.0	1.725	2.196	2.059	4
781	2.02	1.725	2.255	2.118	4
782	2.176	1.765	2.275	2.078	4
783	2.216	1.824	2.255	2.0	4
784	2.235	1.863	2.255	1.941	4
785	2.196	1.902	2.255	1.843	4
786	2.059	2.039	2.157	1.882	4
787	2.078	2.0	2.039	1.863	4
788	2.098	1.902	1.863	1.863	4
789	2.078	1.941	1.843	1.863	4
790	1.961	2.02	1.843	1.863	4
791	1.824	1.941	1.804	1.902	4
792	1.863	1.98	1.902	1.961	4
793	1.824	1.922	1.882	2.0	4
794	1.725	1.843	1.902	2.078	4
795	1.824	1.843	1.941	2.039	4
796	1.765	1.784	2.059	2.02	4
797	1.882	1.647	2.078	1.961	4
798	2.02	1.784	2.275	1.961	4
799	2.157	2.059	2.451	2.039	4
800	2.059	2.0	2.412	2.137	4
801	1.922	1.902	2.294	2.118	4
802	2.059	1.784	2.176	2.0	4
803	2.118	1.745	2.098	1.843	4
804	2.275	1.804	2.078	1.745	4
805	2.275	1.882	1.98	1.745	4
806	2.196	1.922	1.882	1.824	4
807	2.176	1.902	1.843	1.902	4
808	2.176	1.882	1.922	1.98	4
809	2.196	2.0	1.941	1.98	4
810	2.137	1.902	1.961	1.98	4
811	1.941	1.804	1.98	2.02	4
812	1.725	1.824	2.059	2.098	4
813	1.745	1.882	2.137	2.157	4
814	1.922	1.765	2.118	2.157	4
815	1.98	1.608	2.137	2.078	4
816	2.118	1.49	2.118	1.941	4
817	2.078	1.471	2.098	1.804	4
818	2.0	1.627	2.0	1.725	4
819	1.882	1.627	2.059	1.745	4
820	1.98	1.549	2.02	1.804	4
821	2.059	1.608	1.902	1.824	4
822	2.059	1.51	1.686	1.765	4
823	1.961	1.569	1.686	1.725	4
824	1.902	1.824	1.784	1.745	4
825	1.725	2.059	1.824	1.922	4
826	1.627	2.098	2.0	2.078	4
827	1.804	1.98	1.98	2.118	4
828	1.745	1.784	1.784	2.039	4
829	1.686	1.843	1.863	1.98	4
830	1.686	1.98	2.137	1.961	4
831	1.765	2.118	2.294	2.039	4
832	1.706	2.255	2.314	2.157	4
833	1.706	2.373	2.431	2.235	4
834	1.686	2.412	2.529	2.275	4
835	1.745	2.451	2.529	2.235	4
836	1.745	2.373	2.392	2.196	4
837	1.824	2.353	2.235	2.078	4
838	1.863	2.373	2.275	2.0	4
839	1.882	2.353	2.157	2.0	4
840	1.843	2.294	2.059	1.961	4
841	1.863	2.235	1.941	1.961	4
842	1.765	2.235	1.922	1.941	4
843	1.784	2.196	1.902	1.961	4
844	1.784	2.059	1.882	2.0	4
845	1.765	1.961	1.882	2.02	4
846	1.863	1.98	1.961	2.0	4
847	1.882	1.98	2.176	2.02	4
848	1.922	1.961	2.176	2.039	4
849	1.882	1.902	2.059	1.941	4
850	1.922	1.765	2.078	1.824	4
851	1.922	1.745	2.118	1.745	4
852	2.02	1.765	2.078	1.745	4
853	2.059	1.745	1.98	1.784	4
854	2.216	1.882	2.078	1.882	4
855	2.235	1.882	2.0	1.843	4
856	2.235	1.922	1.902	1.745	4
857	2.0	1.882	1.725	1.667	4
858	1.843	1.804	1.647	1.647	4
859	1.882	1.863	1.667	1.686	4
860	2.02	1.922	1.686	1.784	4
861	2.039	1.882	1.784	1.941	4
862	2.02	1.863	1.863	2.078	4
863	2.118	1.843	2.02	2.078	4
864	2.078	1.804	2.157	2.118	4
865	1.961	1.765	2.157	2.078	4
866	1.725	1.686	2.157	2.039	4
867	1.961	1.667	2.196	1.961	4
868	2.098	1.765	2.235	1.941	4
869	2.059	1.824	2.235	1.98	4
870	2.039	1.765	2.176	2.039	4
871	2.216	1.745	2.157	2.039	4
872	2.275	1.667	2.098	2.02	4
873	2.294	1.686	1.98	1.941	4
874	2.118	1.804	2.0	1.922	4
875	1.961	1.824	1.824	1.902	4
876	1.863	1.706	1.784	1.882	4
877	2.0	1.824	1.941	1.961	4
878	2.0	1.843	1.961	2.078	4
879	1.824	1.647	1.922	2.078	4
880	1.745	1.569	1.941	2.118	4
881	1.843	1.588	2.039	2.078	4
882	1.902	1.627	2.118	2.039	4
883	1.902	1.686	2.176	2.039	4
884	2.059	1.686	2.196	2.02	4
885	2.039	1.569	2.118	1.941	4
886	2.02	1.549	2.118	1.863	4
887	2.118	1.745	2.235	1.863	4
888	2.314	1.882	2.255	1.882	4
889	2.216	1.843	2.098	1.902	4
890	2.039	1.804	1.961	1.902	4
891	2.118	1.941	2.0	1.863	4
892	2.118	2.02	1.941	1.922	4
893	1.961	1.843	1.843	1.98	4
894	2.039	1.824	1.824	1.98	4
895	2.176	1.882	1.824	1.961	4
896	2.176	1.765	1.922	1.941	4
897	2.157	1.686	2.02	1.882	4
898	2.118	1.686	2.059	1.922	4
899	2.098	1.824	2.137	1.98	4
900	2.059	1.745	2.294	1.98	4
901	2.137	1.745	2.314	2.0	4
902	2.059	1.941	2.216	2.0	4
903	1.863	2.0	2.157	1.98	4
904	1.863	2.02	2.137	1.922	4
905	2.0	1.882	1.98	1.765	4
906	2.176	1.784	1.922	1.667	4
907	2.196	1.863	1.882	1.627	4
908	1.902	2.02	1.882	1.706	4
909	1.686	2.078	1.804	1.804	4
910	1.725	1.98	1.745	1.882	4
911	1.725	1.961	1.706	1.863	4
912	1.647	2.098	1.902	1.882	4
913	1.608	2.275	2.118	2.02	4
914	1.569	2.333	2.157	2.196	4
915	1.686	2.137	2.275	2.255	4
916	1.784	1.961	2.373	2.216	4
917	1.667	1.706	2.275	2.078	4
918	1.667	1.765	2.039	1.922	4
919	1.784	1.843	2.098	1.863	4
920	1.784	1.902	2.255	1.882	4
921	1.961	2.118	2.353	1.961	4
922	2.039	2.373	2.333	2.039	4
923	2.059	2.471	2.333	2.078	4
924	2.078	2.235	2.157	2.078	4
925	1.961	2.098	2.0	1.98	4
926	2.059	2.098	1.863	1.902	4
927	1.882	2.157	1.922	1.882	4
928	1.765	2.118	1.902	1.941	4
929	1.863	2.157	1.902	2.059	4
930	1.863	2.137	1.98	2.137	4
931	1.824	2.098	2.137	2.216	4
932	1.824	2.078	2.216	2.216	4
933	1.784	1.98	2.176	2.118	4
934	1.784	1.961	2.235	2.039	4
935	1.902	2.0	2.314	2.02	4
936	1.961	1.922	2.216	2.0	4
937	1.882	1.784	2.118	1.961	4
938	1.824	1.824	2.157	1.98	4
939	1.863	1.882	2.157	1.961	4
940	1.941	1.902	2.039	1.902	4
941	1.824	1.765	1.745	1.784	4
942	1.765	1.745	1.706	1.667	4
943	1.863	1.804	1.686	1.647	4
944	1.941	1.824	1.804	1.725	4
945	1.961	1.824	1.824	1.882	4
946	2.0	1.824	1.804	1.922	4
947	1.882	1.765	1.824	1.922	4
948	1.627	1.647	1.824	1.882	4
949	1.686	1.569	1.863	1.863	4
950	1.765	1.608	1.902	1.784	4
951	1.843	1.647	2.0	1.725	4
952	2.02	1.745	2.137	1.784	4
953	2.176	1.843	2.235	1.941	4
954	2.255	1.784	2.118	2.078	4
955	2.431	1.686	2.137	2.059	4
956	2.451	1.745	2.137	1.902	4
957	1.98	1.824	2.078	1.784	4
958	1.941	1.765	1.922	1.725	4
959	2.039	1.765	1.882	1.784	4
960	2.039	1.686	1.765	1.902	4
961	1.961	1.549	1.686	1.98	4
962	1.98	1.784	1.784	2.039	4
963	2.059	1.961	1.941	2.078	4
964	2.078	1.941	1.98	2.157	4
965	1.941	1.765	2.02	2.176	4
966	1.941	1.686	2.176	2.216	4
967	2.0	1.608	2.176	2.176	4
968	1.98	1.706	2.196	2.118	4
969	2.039	1.863	2.333	2.059	4
970	2.196	1.98	2.333	2.039	4
971	2.098	1.98	2.314	2.0	4
972	2.137	1.922	2.255	1.961	4
973	2.196	1.902	2.176	1.902	4
974	2.157	1.98	2.098	1.902	4
975	2.235	2.039	2.039	1.941	4
976	2.196	2.078	2.02	1.902	4
977	2.216	1.98	1.902	1.922	4
978	2.157	1.941	1.902	1.98	4
979	2.078	1.863	2.02	2.0	4
980	1.961	1.843	2.059	2.02	4
981	1.902	1.824	2.039	2.02	4
982	1.784	1.667	1.902	2.039	4
983	1.784	1.627	2.039	2.02	4
984	1.961	1.706	2.275	2.039	4
985	2.02	1.765	2.275	2.059	4
986	2.059	1.667	2.176	2.02	4
987	1.98	1.588	2.235	1.961	4
988	1.922	1.725	2.314	1.922	4
989	1.961	1.863	2.255	1.961	4
990	2.059	1.941	2.255	1.961	4
991	2.039	1.961	2.098	1.961	4
992	1.98	1.863	1.882	1.843	4
993	1.922	1.843	1.843	1.765	4
994	1.961	2.059	1.882	1.804	4
995	1.98	2.078	1.941	1.902	4
996	2.059	2.157	1.843	2.039	4
997	1.941	2.078	1.961	2.078	4
998	1.922	1.98	1.902	2.098	4
999	1.824	1.843	1.902	2.0	4
1000	1.745	1.843	2.059	1.98	4
1001	1.882	1.961	2.098	1.961	4
1002	1.941	1.843	2.137	2.0	4
1003	2.02	1.725	2.176	1.941	4
1004	2.118	1.667	2.078	1.922	4
1005	2.078	1.549	2.039	1.882	4
1006	2.0	1.588	2.078	1.824	4
1007	2.02	1.863	2.098	1.745	4
1008	1.961	2.137	2.157	1.804	4
1009	1.843	1.98	1.863	1.804	4
1010	1.804	1.725	1.745	1.824	4
1011	1.922	1.588	1.706	1.804	4
1012	1.882	1.745	1.843	1.843	4
1013	1.824	1.941	1.824	1.882	4
1014	1.804	2.157	1.863	1.961	4
1015	1.667	2.02	1.902	2.039	4
1016	1.608	1.941	2.039	2.059	4
1017	1.647	1.961	2.118	2.118	4
1018	1.686	2.039	2.196	2.137	4
1019	1.725	2.137	2.176	2.098	4
1020	1.784	2.098	2.255	2.02	4
1021	1.824	1.961	2.196	1.941	4
1022	1.863	1.961	2.118	1.902	4
1023	1.863	2.078	2.235	1.882	4
1024	1.922	2.255	2.392	1.941	4
1025	1.922	2.235	2.196	1.98	4
1026	1.961	2.02	1.804	1.922	4
1027	1.902	2.098	1.804	1.824	4
1028	1.922	2.118	1.765	1.765	4
1029	1.941	1.98	1.706	1.725	4
1030	1.941	1.941	1.824	1.824	4
1031	1.882	2.039	2.0	1.98	4
1032	1.804	2.0	1.882	2.118	4
1033	1.745	1.902	1.98	2.078	4
1034	1.863	1.882	2.078	2.02	4
1035	1.824	1.824	2.118	1.902	4
1036	1.882	1.824	2.157	1.882	4
1037	2.0	1.843	2.216	2.0	4
1038	1.922	1.824	2.196	2.078	4
1039	1.961	1.843	2.235	2.059	4
1040	2.02	1.824	2.176	1.961	4
1041	2.059	1.784	2.059	1.804	4
1042	2.196	1.941	2.137	1.745	4
1043	2.294	2.02	2.059	1.784	4
1044	1.98	1.961	2.0	1.902	4
1045	1.902	1.922	1.824	1.922	4
1046	1.863	1.824	1.863	1.98	4
1047	1.941	1.882	1.941	2.039	4
1048	2.0	1.902	1.941	2.059	4
1049	1.922	1.804	1.961	2.039	4
1050	1.922	1.843	2.059	2.059	4
1051	1.863	1.765	2.059	2.098	4
1052	2.0	1.804	2.216	2.118	4
1053	2.02	1.824	2.353	2.157	4
1054	2.0	1.824	2.392	2.118	4
1055	2.039	1.765	2.314	2.059	4
1056	2.059	1.725	2.255	1.98	4
1057	2.039	1.706	2.176	1.941	4
1058	2.176	1.706	2.196	1.961	4
1059	2.255	1.824	2.216	1.941	4
1060	2.176	1.784	2.059	1.941	4
1061	2.098	1.784	1.784	1.882	4
1062	1.863	1.784	1.627	1.804	4
1063	1.745	1.863	1.765	1.824	4
1064	1.863	1.922	1.863	1.902	4
1065	1.961	1.922	1.902	2.059	4
1066	2.294	1.961	1.941	2.098	4
1067	2.275	1.863	2.0	2.137	4
1068	1.961	1.745	2.039	2.118	4
1069	1.824	1.765	2.157	2.078	4
1070	1.882	1.882	2.176	2.059	4
1071	1.922	1.784	2.098	1.98	4
1072	1.98	1.784	2.118	1.941	4
1073	2.02	1.863	2.196	1.961	4
1074	2.118	1.843	2.196	2.0	4
1075	2.157	1.804	2.118	1.941	4
1076	2.255	1.784	2.059	1.863	4
1077	2.216	1.706	1.98	1.824	4
1078	2.157	1.765	1.98	1.824	4
1079	2.059	1.745	1.882	1.882	4
1080	1.941	1.824	1.941	1.941	4
1081	1.922	1.882	1.98	2.02	4
1082	1.922	1.824	2.176	2.078	4
1083	1.882	1.804	2.196	2.078	4
1084	1.941	1.804	1.784	2.078	4
1085	1.784	1.902	1.863	1.98	4
1086	1.843	2.02	2.275	1.941	4
1087	2.0	2.098	2.392	1.98	4
1088	2.059	1.98	2.314	2.02	4
1089	2.059	1.902	2.294	2.0	4
1090	2.118	2.078	2.333	2.0	4
1091	2.137	2.137	2.196	1.941	4
1092	2.235	2.078	2.118	1.824	4
1093	2.216	2.039	2.098	1.725	4
1094	2.137	1.98	1.98	1.706	4
1095	1.863	2.118	1.882	1.824	4
1096	1.824	2.059	1.804	1.902	4
1097	2.02	1.922	1.667	1.902	4
1098	2.02	1.804	1.667	1.765	4
1099	1.863	1.824	1.784	1.706	4
1100	1.627	1.863	1.882	1.804	4
1101	1.569	1.843	1.98	1.98	4
1102	1.765	1.725	1.961	2.078	4
1103	1.863	1.686	1.98	2.02	4
1104	1.843	1.667	1.922	1.902	4
1105	1.725	1.647	2.078	1.804	4
1106	1.667	1.686	2.176	1.804	4
1107	1.745	1.902	2.314	1.922	4
1108	1.784	1.941	2.235	1.98	4
1109	1.824	1.922	2.078	1.922	4
1110	1.843	1.863	1.941	1.863	4
1111	1.941	1.843	1.784	1.804	4
1112	1.98	1.804	1.824	1.745	4
1113	2.0	1.824	1.784	1.745	4
1114	1.745	1.98	1.863	1.824	4
1115	1.784	2.059	1.902	1.961	4
1116	1.882	2.0	1.824	2.078	4
1117	1.824	2.02	1.902	2.137	4
1118	1.725	2.196	2.039	2.176	4
1119	1.882	2.216	2.039	2.176	4
1120	1.863	2.098	2.216	2.098	4
1121	1.863	2.078	2.255	2.02	4
1122	1.882	1.961	2.216	1.98	4
1123	1.941	1.961	2.157	1.902	4
1124	1.961	1.941	2.118	1.882	4
1125	1.882	2.039	2.118	1.961	4
1126	2.118	2.235	2.137	2.02	4
1127	2.137	2.216	2.137	2.039	4
1128	2.039	2.137	1.98	1.902	4
1129	1.882	2.039	1.922	1.824	4
1130	1.961	2.02	1.843	1.784	4
1131	1.902	2.02	1.902	1.863	4
1132	1.765	1.941	1.863	1.961	4
1133	1.863	1.882	1.843	2.039	4
1134	2.098	1.882	1.922	2.176	4
1135	2.216	1.922	2.137	2.196	4
1136	1.941	1.922	2.196	2.255	4
1137	1.784	1.843	2.235	2.255	4
1138	1.922	1.725	2.275	2.176	4
1139	2.078	1.804	2.471	2.118	4
1140	2.078	1.902	2.451	2.059	4
1141	2.118	1.765	2.294	2.039	4
1142	2.176	1.686	2.255	2.02	4
1143	2.137	1.824	2.333	2.02	4
1144	2.235	1.824	2.255	1.961	4
1145	2.176	1.804	2.098	1.902	4
1146	2.078	1.863	1.961	1.863	4
1147	2.059	1.843	1.863	1.824	4
1148	1.824	1.765	1.824	1.784	4
1149	1.804	1.706	1.882	1.765	4
1150	1.902	1.765	1.922	1.784	4
1151	1.804	1.706	1.882	1.902	4
1152	1.686	1.569	1.843	1.98	4
1153	1.588	1.529	1.784	2.039	4
1154	1.686	1.49	1.882	2.0	4
1155	1.941	1.608	2.078	1.941	4
1156	2.118	1.863	2.333	1.902	4
1157	2.118	1.824	2.353	1.922	4
1158	1.941	1.627	2.196	1.941	4
1159	2.0	1.608	2.098	1.902	4
1160	1.941	1.588	1.922	1.824	4
1161	1.98	1.647	1.863	1.745	4
1162	2.196	1.902	2.0	1.824	4
1163	2.235	2.137	2.098	1.98	4
1164	2.353	2.196	2.039	2.118	4
1165	2.294	2.059	1.882	2.137	4
1166	2.118	1.824	1.922	2.078	4
1167	2.0	1.804	2.0	1.98	4
1168	1.804	1.647	1.882	1.863	4
1169	1.941	1.745	1.922	1.863	4
1170	2.078	2.0	2.078	2.059	4
1171	2.176	2.098	2.333	2.216	4
1172	2.098	2.02	2.314	2.255	4
1173	2.039	2.0	2.373	2.176	4
1174	2.039	1.882	2.275	2.02	4
1175	2.02	1.765	2.176	1.882	4
1176	2.02	1.843	2.196	1.863	4
1177	2.098	1.863	2.216	1.843	4
1178	2.118	1.98	2.118	1.882	4
1179	2.118	2.039	1.961	1.863	4
1180	2.078	2.157	1.843	1.882	4
1181	1.98	2.137	1.804	1.843	4
1182	1.902	2.157	1.843	1.863	4
1183	1.941	2.137	1.863	1.902	4
1184	1.922	1.961	1.922	1.941	4
1185	1.98	1.941	2.0	2.02	4
1186	1.882	1.765	1.882	2.02	4
1187	1.804	1.686	1.784	1.941	4
1188	1.882	1.765	1.922	1.863	4
1189	1.98	1.765	2.137	1.824	4
1190	1.863	1.725	2.235	1.843	4
1191	1.863	1.745	2.118	1.882	4
1192	1.863	1.863	1.98	1.922	4
1193	1.843	1.824	2.039	1.843	4
1194	2.02	1.745	2.098	1.706	4
1195	2.078	1.706	2.0	1.608	4
1196	1.98	1.843	1.98	1.706	4
1197	1.804	1.922	1.804	1.784	4
1198	1.784	1.863	1.667	1.843	4
1199	1.686	1.922	1.686	1.882	4
1200	1.784	2.039	1.706	1.843	4
1201	1.843	1.941	1.784	1.882	4
1202	1.784	1.863	1.902	1.961	4
1203	1.784	1.804	1.961	2.078	4
1204	1.784	1.824	1.98	2.196	4
1205	1.824	1.843	2.216	2.216	4
1206	1.941	1.804	2.216	2.176	4
1207	1.941	1.706	2.216	2.039	4
1208	1.941	1.843	2.294	2.0	4
1209	1.941	1.922	2.353	2.0	4
1210	1.98	1.804	2.314	2.078	4
1211	2.059	1.765	2.039	2.039	4
1212	2.118	1.824	1.98	1.941	4
1213	2.098	1.922	1.961	1.843	4
1214	1.961	2.137	1.98	1.784	4
1215	1.824	2.255	1.882	1.824	4
1216	1.627	2.176	1.941	1.902	4
1217	1.745	2.098	2.02	2.02	4
1218	1.902	2.0	1.843	2.059	4
1219	1.98	2.078	1.922	2.078	4
1220	1.804	2.078	2.235	2.118	4
1221	1.49	2.039	2.216	2.157	4
1222	1.549	2.098	2.216	2.137	4
1223	1.824	2.078	2.196	2.078	4
1224	1.745	1.941	2.235	2.02	4
1225	1.824	1.824	2.235	1.941	4
1226	2.02	1.922	2.314	1.941	4
1227	2.02	2.039	2.314	1.961	4
1228	2.0	1.98	2.314	2.0	4
1229	2.118	1.922	2.235	2.02	4
1230	2.196	1.902	2.02	1.98	4
1231	2.216	2.02	1.941	1.922	4
1232	2.157	2.02	1.922	1.863	4
1233	1.98	1.941	1.843	1.843	4
1234	1.824	1.843	1.824	1.843	4
1235	1.961	1.765	1.824	1.863	4
1236	2.059	1.824	1.784	1.98	4
1237	1.961	1.882	2.0	2.039	4
1238	2.039	1.824	2.078	2.137	4
1239	1.922	1.725	2.176	2.176	4
1240	2.078	1.765	2.176	2.157	4
1241	2.118	1.725	2.275	2.098	4
1242	2.039	1.608	2.137	2.02	4
1243	2.02	1.686	2.157	1.961	4
1244	2.137	1.765	2.275	1.941	4
1245	2.176	1.706	2.216	1.882	4
1246	2.137	1.686	2.02	1.843	4
1247	2.294	1.745	1.882	1.843	4
1248	2.118	1.745	1.922	1.843	4
1249	2.098	1.824	1.922	1.863	4
1250	1.98	1.863	1.902	1.882	4
1251	1.922	1.843	1.882	1.902	4
1252	1.961	1.922	1.902	1.961	4
1253	1.824	1.902	1.902	1.98	4
1254	1.882	1.745	1.941	2.0	4
1255	1.784	1.784	1.941	1.98	4
1256	1.902	1.843	2.216	1.98	4
1257	2.118	1.941	2.333	2.02	4
1258	2.137	1.863	2.294	2.039	4
1259	2.02	1.941	2.353	2.02	4
1260	2.098	2.039	2.294	1.961	4
1261	2.118	1.98	2.118	1.882	4
1262	1.98	1.961	2.118	1.804	4
1263	2.059	1.98	2.176	1.824	4
1264	2.176	1.98	2.039	1.863	4
1265	2.098	1.941	1.941	1.882	4
1266	2.098	1.98	2.0	1.902	4
1267	2.118	2.059	1.961	1.941	4
1268	2.078	1.922	1.765	2.0	4
1269	1.98	1.745	1.765	1.98	4
1270	1.922	1.784	1.902	1.98	4
1271	1.843	1.784	2.039	1.98	4
1272	1.804	1.706	2.02	2.039	4
1273	1.745	1.647	2.039	2.078	4
1274	1.745	1.647	2.059	2.039	4
1275	1.824	1.627	2.059	1.98	4
1276	1.961	1.569	2.0	1.902	4
1277	1.882	1.588	2.157	1.863	4
1278	1.98	1.804	2.176	1.882	4
1279	2.078	1.882	2.216	1.922	4
1280	2.078	1.941	2.098	1.882	4
1281	1.98	1.863	1.784	1.824	4
1282	1.784	1.667	1.706	1.725	4
1283	1.902	1.863	1.804	1.686	4
1284	1.98	2.157	1.824	1.824	4
1285	1.98	2.196	1.784	1.941	4
1286	1.922	2.098	1.745	1.98	4
1287	1.863	1.902	1.824	1.941	4
1288	1.804	1.922	1.941	1.941	4
1289	1.863	2.02	1.98	1.941	4
1290	1.804	1.98	2.118	1.961	4
1291	1.843	1.863	2.098	1.941	4
1292	1.824	1.922	2.157	1.922	4
1293	1.902	2.039	2.235	1.902	4
1294	1.941	1.98	2.255	1.941	4
1295	2.02	1.922	2.196	1.98	4
1296	2.098	1.824	2.039	1.961	4
1297	1.98	1.784	1.98	1.804	4
1298	2.0	1.961	1.98	1.745	4
1299	1.902	1.961	1.98	1.784	4
1300	1.941	1.902	1.863	1.824	4
1301	1.922	1.961	1.784	1.902	4
1302	2.0	2.0	1.843	1.98	4
1303	1.902	1.882	1.863	2.039	4
1304	1.863	1.882	1.902	2.02	4
1305	1.922	1.922	2.02	2.078	4
1306	1.882	1.941	2.098	2.137	4
1307	1.882	1.882	2.157	2.176	4
1308	1.843	1.922	2.196	2.216	4
1309	1.902	1.843	2.255	2.176	4
1310	1.882	1.804	2.196	2.098	4
1311	1.902	1.882	2.196	2.0	4
1312	2.039	1.922	2.157	1.98	4
1313	2.137	1.902	2.196	1.961	4
1314	2.098	1.902	2.137	1.961	4
1315	2.02	1.922	2.059	1.882	4
1316	1.843	1.902	1.882	1.843	4
1317	1.922	2.0	1.882	1.843	4
1318	1.882	2.0	1.882	1.922	4
1319	1.941	1.961	1.882	2.0	4
1320	2.039	1.98	1.902	2.0	4
1321	1.98	1.902	1.941	2.02	4
1322	1.804	1.863	2.02	2.0	4
1323	1.765	1.824	2.059	1.98	4
1324	1.667	1.784	2.137	1.98	4
1325	1.725	1.863	2.196	1.941	4
1326	1.843	1.98	2.333	2.0	4
1327	2.039	1.98	2.412	2.059	4
1328	2.137	1.863	2.314	2.059	4
1329	2.216	1.824	2.137	1.941	4
1330	2.078	1.784	2.176	1.902	4
1331	2.039	1.902	2.314	1.843	4
1332	2.059	1.922	2.059	1.843	4
1333	1.902	1.824	1.765	1.824	4
1334	1.98	1.843	1.902	1.824	4
1335	1.98	1.882	1.98	1.882	4
1336	2.0	1.902	1.941	1.922	4
1337	2.039	1.843	1.902	1.941	4
1338	1.961	1.725	1.882	1.961	4
1339	1.863	1.686	1.98	2.02	4
1340	1.941	1.745	2.098	2.118	4
1341	1.941	1.725	2.196	2.098	4
1342	1.941	1.745	2.157	2.059	4
1343	2.02	1.843	2.196	1.98	4
1344	2.078	1.902	2.216	1.98	4
1345	2.0	1.843	2.255	2.059	4
1346	2.059	1.824	2.235	2.078	4
1347	2.059	1.824	2.157	1.941	4
1348	1.98	1.863	2.0	1.882	4
1349	2.039	1.843	1.922	1.804	4
1350	2.059	1.922	1.902	1.843	4
1351	2.118	2.039	1.922	1.902	4
1352	2.098	1.98	1.843	1.941	4
1353	2.02	1.843	1.784	1.941	4
1354	1.902	1.902	1.843	1.961	4
1355	1.824	1.922	1.98	2.0	4
1356	1.882	2.039	2.02	2.059	4
1357	1.941	1.98	2.098	2.157	4
1358	1.745	1.843	2.078	2.137	4
1359	1.843	1.843	2.039	2.078	4
1360	1.941	1.843	2.157	2.02	4
1361	2.039	1.745	2.196	1.941	4
1362	2.196	1.784	2.255	1.882	4
1363	2.196	1.804	2.235	1.902	4
1364	2.137	1.863	2.255	1.922	4
1365	2.078	1.882	2.176	1.902	4
1366	2.118	1.882	2.137	1.882	4
1367	2.078	1.804	1.863	1.863	4
1368	2.059	1.784	1.686	1.765	4
1369	2.039	1.843	1.627	1.706	4
1370	1.961	1.863	1.745	1.765	4
1371	1.882	1.922	1.941	1.882	4
1372	1.863	1.98	1.98	2.059	4
1373	1.863	2.0	2.0	2.098	4
1374	1.882	1.98	2.118	2.118	4
1375	1.882	1.961	2.275	2.137	4
1376	1.961	2.078	2.255	2.098	4
1377	1.863	2.039	2.176	2.02	4
1378	1.902	2.0	2.098	1.922	4
1379	1.961	2.176	2.059	1.882	4
1380	1.882	2.137	2.118	1.843	4
1381	1.882	2.039	2.176	1.863	4
1382	1.922	2.0	2.098	1.941	4
1383	1.882	1.922	1.98	1.882	4
1384	1.784	1.961	1.843	1.843	4
1385	1.804	2.0	1.843	1.804	4
1386	1.941	1.882	1.745	1.824	4
1387	2.0	1.765	1.725	1.882	4
1388	1.961	1.824	1.843	1.941	4
1389	1.843	1.765	1.863	1.961	4
1390	1.784	1.745	1.824	1.941	4
1391	1.745	1.824	1.961	1.98	4
1392	1.745	1.784	2.157	2.0	4
1393	1.843	1.843	2.196	2.059	4
1394	1.804	1.843	2.275	2.078	4
1395	1.922	1.941	2.373	2.039	4
1396	2.059	2.059	2.373	2.039	4
1397	2.059	2.02	2.196	1.98	4
1398	2.137	2.0	2.255	1.882	4
1399	2.235	2.02	2.314	1.922	4
1400	2.216	2.118	2.235	1.941	4
1401	2.059	2.059	1.902	1.941	4
1402	2.0	1.961	1.784	1.902	4
1403	1.902	2.039	1.882	1.902	4
1404	1.902	1.941	1.843	1.882	4
1405	1.863	1.784	1.824	1.882	4
1406	1.863	1.765	1.843	1.922	4
1407	1.843	1.824	1.882	2.039	4
1408	1.784	1.706	1.941	2.118	4
1409	1.725	1.608	2.059	2.157	4
1410	1.902	1.627	2.118	2.078	4
1411	2.039	1.765	2.333	2.078	4
1412	2.118	1.882	2.294	2.039	4
1413	2.039	1.804	2.176	2.039	4
1414	1.941	1.843	2.157	1.98	4
1415	1.882	1.863	2.196	1.922	4
1416	1.941	1.863	2.098	1.922	4
1417	2.0	1.922	2.02	1.882	4
1418	2.0	1.922	1.922	1.922	4
1419	2.059	2.02	2.02	1.941	4
1420	2.039	2.0	1.98	2.0	4
1421	1.922	2.0	1.902	2.039	4
1422	1.902	2.059	1.941	2.039	4
1423	1.804	1.902	1.902	1.98	4
1424	1.863	1.804	1.961	2.0	4
1425	1.902	1.745	1.961	2.039	4
1426	1.863	1.706	2.059	2.02	4
1427	2.02	1.863	2.255	2.02	4
1428	2.039	1.843	2.275	2.078	4
1429	1.98	1.706	2.196	2.078	4
1430	1.961	1.667	2.157	2.039	4
1431	2.078	1.745	2.176	1.941	4
1432	2.176	1.784	2.196	1.922	4
1433	2.157	1.863	2.118	1.804	4
1434	2.176	1.961	2.078	1.784	4
1435	2.078	1.961	1.961	1.824	4
1436	2.059	1.863	1.902	1.824	4
1437	2.176	1.882	1.804	1.922	4
1438	2.039	1.843	1.863	1.98	4
1439	1.98	1.863	1.863	1.98	4
1440	1.922	1.863	1.941	1.922	4
1441	1.902	1.902	2.039	1.941	4
1442	1.843	1.765	2.039	2.0	4
1443	1.843	1.745	2.137	2.078	4
1444	2.0	1.941	2.196	2.078	4
1445	1.98	1.922	2.255	2.02	4
1446	2.039	1.863	2.314	1.961	4
1447	2.0	1.961	2.314	1.961	4
1448	1.882	1.882	2.196	1.941	4
1449	1.922	1.863	2.176	1.863	4
1450	2.039	1.922	2.02	1.843	4
1451	2.078	2.0	1.941	1.824	4
1452	1.98	1.902	1.941	1.804	4
1453	1.902	1.882	1.863	1.843	4
1454	1.922	2.02	1.863	1.902	4
1455	1.961	2.176	2.0	2.02	4
1456	1.961	2.039	1.922	2.059	4
1457	2.0	1.882	1.824	2.039	4
1458	1.804	1.765	1.902	2.0	4
1459	1.706	1.745	1.961	1.902	4
1460	1.745	1.745	2.098	1.961	4
1461	1.882	1.824	2.176	2.0	4
1462	1.902	1.804	2.196	2.02	4
1463	1.98	1.804	2.176	1.961	4
1464	2.0	1.882	2.176	1.961	4
1465	2.098	1.98	2.196	1.941	4
1466	2.118	1.961	2.275	1.902	4
1467	2.137	1.961	2.118	1.902	4
1468	2.118	1.922	2.059	1.863	4
1469	2.059	1.882	1.961	1.824	4
1470	1.902	1.961	1.882	1.765	4
1471	2.0	2.078	1.843	1.804	4
1472	1.863	1.961	1.765	1.824	4
1473	1.824	1.824	1.647	1.863	4
1474	1.922	1.902	1.784	1.863	4
1475	1.804	1.863	1.902	1.922	4
1476	1.686	1.804	1.902	2.0	4
1477	1.647	1.745	2.02	2.0	4
1478	1.824	1.863	2.118	2.059	4
1479	1.863	1.922	2.235	2.098	4
1480	2.02	1.784	2.196	2.078	4
1481	2.098	1.667	2.059	1.941	4
1482	1.902	1.588	2.039	1.784	4
1483	2.039	1.745	2.0	1.667	4
1484	2.059	1.863	1.863	1.667	4
1485	2.02	1.961	1.961	1.765	4
1486	1.902	2.0	1.922	1.902	4
1487	1.843	1.941	1.843	1.941	4
1488	1.922	1.941	1.784	1.941	4
1489	1.98	1.902	1.843	1.902	4
1490	2.078	1.902	1.902	1.882	4
1491	2.02	1.98	2.02	1.941	4
1492	1.922	1.843	2.059	2.098	4
1493	1.902	1.882	2.078	2.137	4
1494	1.902	1.863	2.157	2.137	4
1495	1.961	1.863	2.235	2.098	4
1496	2.0	1.824	2.275	2.059	4
1497	2.0	1.647	2.176	2.0	4
1498	1.922	1.608	2.235	1.98	4
1499	1.941	1.667	2.235	2.02	4
1500	2.02	1.784	2.196	1.961	4
1501	2.275	1.863	2.078	1.941	4
1502	2.275	1.804	2.0	1.882	4
1503	2.059	1.784	1.922	1.882	4
1504	2.0	1.98	1.98	1.961	4
1505	1.941	2.098	2.039	2.078	4
1506	1.961	2.02	1.902	2.137	4
1507	1.941	1.804	1.882	2.078	4
1508	1.922	1.843	1.941	2.02	4
1509	1.765	2.02	1.902	1.961	4
1510	1.725	2.078	2.039	2.0	4
1511	1.824	2.196	2.255	2.118	4
1512	1.843	2.157	2.314	2.176	4
1513	1.843	2.098	2.353	2.176	4
1514	1.863	1.961	2.353	2.078	4
1515	1.863	1.922	2.333	2.0	4
1516	1.843	2.059	2.314	1.961	4
1517	1.98	2.196	2.353	1.98	4
1518	2.039	2.118	2.255	1.961	4
1519	2.059	2.059	2.176	1.922	4
1520	1.961	2.078	2.039	1.902	4
1521	1.961	1.941	1.882	1.843	4
1522	1.961	1.882	1.804	1.843	4
1523	1.882	1.98	1.882	1.863	4
1524	1.882	2.02	1.941	1.961	4
1525	1.902	1.98	1.961	2.039	4
1526	1.941	1.941	2.0	2.137	4
1527	1.863	1.843	2.039	2.118	4
1528	1.804	1.725	2.039	2.078	4
1529	1.98	1.667	2.098	2.0	4
1530	1.961	1.627	2.196	1.922	4
1531	1.941	1.569	2.176	1.882	4
1532	2.02	1.667	2.216	1.922	4
1533	2.078	1.784	2.333	1.961	4
1534	2.118	1.745	2.157	1.941	4
1535	2.118	1.647	1.941	1.882	4
1536	2.0	1.608	1.922	1.804	4
1537	2.039	1.745	1.863	1.745	4
1538	1.961	1.941	1.804	1.686	4
1539	1.902	1.902	1.804	1.706	4
1540	1.863	1.882	1.784	1.804	4
1541	1.902	1.804	1.725	1.922	4
1542	1.843	1.824	1.843	2.0	4
1543	1.725	1.804	1.843	1.98	4
1544	1.804	1.784	1.902	1.961	4
1545	1.804	1.725	2.039	2.0	4
1546	1.863	1.863	2.02	2.0	4
1547	1.922	1.922	2.157	2.02	4
1548	2.039	1.824	2.255	1.98	4
1549	2.059	1.725	2.255	1.98	4
1550	2.098	1.706	2.137	2.0	4
1551	2.098	1.667	2.098	1.882	4
1552	2.059	1.784	1.941	1.824	4
1553	2.059	1.902	1.98	1.745	4
1554	2.157	1.961	1.98	1.804	4
1555	2.137	2.157	1.941	1.902	4
1556	2.118	2.098	1.863	1.961	4
1557	2.02	2.059	1.902	2.0	4
1558	2.059	2.078	1.941	2.02	4
1559	2.02	2.039	1.941	2.02	4
1560	1.98	2.098	1.98	1.98	4
1561	2.0	2.118	2.078	2.039	4
1562	2.0	2.118	2.176	2.118	4
1563	1.98	2.059	2.235	2.137	4
1564	1.98	2.02	2.294	2.157	4
1565	1.961	2.059	2.412	2.118	4
1566	1.941	2.02	2.392	2.078	4
1567	2.039	1.98	2.314	1.98	4
1568	2.0	1.863	2.137	1.902	4
1569	2.098	1.902	2.059	1.882	4
1570	2.078	1.941	2.059	1.902	4
1571	2.0	1.98	1.922	1.863	4
1572	1.941	1.882	1.882	1.843	4
1573	1.863	1.804	1.765	1.863	4
1574	1.765	1.863	1.706	1.863	4
1575	1.745	1.902	1.686	1.922	4
1576	1.765	1.863	1.784	1.922	4
1577	1.804	1.843	1.882	1.941	4
1578	1.725	1.765	1.843	1.98	4
1579	1.725	1.667	1.882	1.961	4
1580	1.784	1.627	1.961	1.922	4
1581	1.451	1.608	2.059	1.902	4
1582	1.569	1.627	2.118	1.902	4
1583	1.824	1.706	2.078	1.922	4
1584	2.0	1.725	2.078	1.961	4
1585	1.961	1.647	2.02	1.902	4
1586	1.98	1.667	2.0	1.824	4
1587	2.098	1.804	2.078	1.765	4
1588	2.118	1.804	1.98	1.784	4
1589	2.137	1.784	1.902	1.824	4
1590	2.196	1.98	1.98	1.941	4
1591	1.98	2.02	1.941	2.039	4
1592	1.843	1.902	1.863	2.02	4
1593	2.0	1.882	1.961	1.98	4
1594	2.196	1.98	2.098	2.02	4
1595	2.255	2.039	2.216	2.137	4
1596	2.216	2.02	2.314	2.235	4
1597	2.255	1.961	2.373	2.196	4
1598	2.118	1.922	2.373	2.118	4
1599	2.078	2.059	2.412	2.059	4
1600	2.216	2.098	2.451	2.078	4
1601	2.235	1.922	2.294	2.098	4
1602	2.176	1.804	2.157	1.98	4
1603	2.078	1.882	2.157	1.863	4
1604	2.098	1.961	2.176	1.784	4
1605	2.137	1.961	1.98	1.824	4
1606	2.039	1.902	1.902	1.882	4
1607	1.941	1.843	1.804	1.941	4
1608	1.902	1.824	1.784	1.941	4
1609	1.98	1.725	1.784	1.902	4
1610	1.98	1.667	1.784	1.863	4
1611	1.882	1.569	1.804	1.784	4
1612	1.922	1.608	1.882	1.824	4
1613	1.902	1.627	1.941	1.882	4
1614	1.824	1.765	1.98	1.922	4
1615	1.686	1.784	2.137	1.98	4
1616	1.882	1.706	2.333	2.02	4
1617	1.98	1.647	2.275	2.039	4
1618	2.02	1.608	2.157	1.98	4
1619	1.98	1.647	2.059	1.941	4
1620	1.941	1.824	2.0	1.784	4
1621	1.961	1.961	2.039	1.725	4
1622	1.941	2.078	2.0	1.804	4
1623	1.882	2.137	1.961	1.882	4
1624	1.765	2.196	1.961	2.02	4
1625	1.608	2.078	1.961	2.098	4
1626	1.647	2.059	1.961	2.137	4
1627	1.745	2.157	2.0	2.118	4
1628	1.706	2.157	1.98	2.098	4
1629	1.725	2.137	2.118	2.059	4
1630	1.667	2.078	2.157	2.118	4
1631	1.725	2.078	2.196	2.118	4
1632	1.824	2.216	2.431	2.137	4
1633	1.882	2.196	2.49	2.118	4
1634	1.863	2.157	2.314	2.059	4
1635	1.922	2.02	2.039	1.961	4
1636	1.941	1.941	2.118	1.882	4
1637	2.0	1.961	2.176	1.843	4
1638	2.137	2.098	2.216	1.804	4
1639	2.059	1.98	2.078	1.882	4
1640	1.98	1.882	1.863	1.941	4
1641	2.02	1.902	1.647	1.922	4
1642	1.922	1.922	1.784	1.902	4
1643	1.961	1.882	1.824	1.863	4
1644	1.941	1.706	1.804	1.824	4
1645	1.902	1.765	1.922	1.902	4
1646	1.863	1.863	1.98	1.961	4
1647	1.804	1.863	2.0	2.039	4
1648	1.902	1.765	2.039	2.059	4
1649	1.961	1.765	2.118	2.078	4
1650	2.039	1.922	2.196	2.02	4
1651	2.059	1.922	2.118	1.902	4
1652	2.02	1.902	2.137	1.843	4
1653	2.078	2.039	2.176	1.843	4
1654	2.118	2.118	2.118	1.922	4
1655	1.941	2.059	1.98	1.902	4
1656	2.02	2.039	1.843	1.863	4
1657	2.176	2.098	1.941	1.824	4
1658	2.157	2.039	1.824	1.843	4
1659	1.941	1.941	1.804	1.882	4
1660	1.843	1.941	1.843	1.922	4
1661	1.902	1.882	1.863	2.0	4
1662	1.961	1.882	1.902	2.039	4
1663	1.98	1.784	2.0	2.098	4
1664	1.961	1.667	2.078	2.059	4
1665	1.961	1.647	2.176	2.0	4
1666	1.902	1.627	2.157	1.98	4
1667	1.922	1.627	2.176	1.941	4
1668	2.059	1.765	2.196	1.941	4
1669	2.196	1.824	2.255	2.02	4
1670	2.196	1.824	2.196	2.0	4
1671	2.176	1.725	2.157	1.902	4
1672	2.0	1.745	2.0	1.804	4
1673	1.902	1.843	1.882	1.765	4
1674	1.902	1.902	1.922	1.745	4
1675	1.902	1.784	1.745	1.765	4
1676	1.863	1.765	1.745	1.863	4
1677	1.902	1.882	1.863	1.941	4
1678	1.843	1.941	1.902	2.02	4
1679	1.804	1.882	1.902	2.078	4
1680	1.627	1.667	1.824	1.98	4
1681	1.647	1.647	1.961	2.0	4
1682	1.804	1.706	2.137	2.039	4
1683	1.941	1.667	2.157	2.059	4
1684	2.059	1.745	2.314	2.0	4
1685	1.941	1.804	2.294	1.961	4
1686	2.0	1.882	2.294	1.961	4
1687	2.157	1.922	2.196	2.02	4
1688	2.216	1.824	2.059	2.0	4
1689	2.216	1.824	2.118	1.941	4
1690	2.235	1.804	2.0	1.922	4
1691	2.255	1.784	2.0	1.882	4
1692	2.275	1.804	1.941	1.922	4
1693	2.196	1.804	1.922	2.0	4
1694	2.078	1.765	1.941	2.059	4
1695	2.059	1.804	2.02	2.098	4
1696	2.098	1.824	2.059	2.078	4
1697	2.118	1.765	2.118	2.098	4
1698	2.059	1.784	2.157	2.137	4
1699	2.078	1.784	2.294	2.078	4
1700	1.98	1.725	2.216	2.039	4
1701	1.863	1.863	2.392	1.98	4
1702	1.941	2.0	2.373	2.02	4
1703	2.02	1.922	2.275	2.02	4
1704	2.078	1.922	2.255	1.941	4
1705	2.157	2.078	2.137	1.902	4
1706	2.02	2.196	2.059	1.784	4
1707	2.039	2.196	1.922	1.765	4
1708	2.078	2.157	1.902	1.765	4
1709	2.039	2.118	1.863	1.824	4
1710	1.922	2.078	1.863	1.902	4
1711	1.804	2.0	1.843	1.941	4
1712	1.824	1.961	1.824	1.961	4
1713	1.843	1.961	1.765	1.961	4
1714	1.843	1.784	1.863	1.961	4
1715	1.824	1.706	1.941	1.922	4
1716	1.863	1.588	2.059	1.922	4
1717	1.902	1.569	2.137	1.941	4
1718	2.02	1.549	2.216	1.941	4
1719	2.0	1.608	2.078	1.941	4
1720	1.941	1.686	2.039	1.882	4
1721	1.765	1.765	2.098	1.863	4
1722	1.686	1.922	2.294	1.902	4
1723	1.922	1.922	2.196	1.961	4
1724	2.0	1.843	1.804	1.961	4
1725	1.863	1.941	1.843	1.882	4
1726	1.784	1.902	1.804	1.843	4
1727	1.765	1.98	1.902	1.922	4
1728	1.706	2.02	1.941	1.98	4
1729	1.667	2.039	1.941	2.078	4
1730	1.647	2.176	2.039	2.098	4
1731	1.647	2.196	2.078	2.176	4
1732	1.725	2.157	2.137	2.176	4
1733	1.627	2.039	2.118	2.118	4
1734	1.686	2.0	2.196	2.098	4
1735	1.843	1.98	2.235	2.059	4
1736	1.902	2.02	2.255	2.0	4
1737	1.863	2.059	2.235	1.941	4
1738	1.98	2.118	2.294	1.941	4
1739	2.118	2.118	2.176	1.98	4
1740	2.0	2.039	2.02	1.922	4
1741	2.0	2.02	1.902	1.843	4
1742	1.941	2.078	1.902	1.804	4
1743	2.039	2.118	1.843	1.843	4
1744	2.059	2.098	1.804	1.961	4
1745	1.941	1.98	1.804	1.961	4
1746	1.882	1.882	1.843	1.98	4
1747	1.922	1.882	1.941	1.98	4
1748	1.863	1.882	2.0	2.039	4
1749	1.941	1.882	2.098	2.039	4
1750	1.902	1.882	2.196	2.039	4
1751	1.922	1.863	2.176	1.98	4
1752	2.02	1.765	2.216	1.98	4
1753	2.118	1.745	2.118	1.98	4
1754	2.078	1.784	2.176	1.922	4
1755	2.157	1.804	2.235	1.882	4
1756	2.196	1.824	2.118	1.863	4
1757	2.196	1.98	2.137	1.824	4
1758	2.118	2.039	1.961	1.784	4
1759	2.078	1.843	1.902	1.765	4
1760	2.157	1.784	1.922	1.824	4
1761	2.078	1.882	1.863	1.843	4
1762	2.02	1.941	1.765	1.882	4
1763	1.961	1.863	1.804	1.922	4
1764	1.686	1.745	1.922	1.922	4
1765	1.706	1.824	2.0	2.0	4
1766	1.843	1.804	2.078	2.078	4
1767	1.98	1.745	2.098	2.078	4
1768	2.059	1.706	2.196	2.039	4
1769	2.059	1.725	2.196	1.98	4
1770	1.941	1.725	2.235	1.941	4
1771	1.961	1.824	2.294	1.961	4
1772	2.059	1.863	2.216	1.961	4
1773	2.216	1.902	2.196	2.0	4
1774	2.137	1.843	2.118	1.961	4
1775	2.078	1.843	1.961	1.863	4
1776	1.922	1.824	1.863	1.843	4
1777	2.0	1.863	1.863	1.824	4
1778	2.157	1.922	1.922	1.922	4
1779	2.157	1.863	1.961	2.059	4
1780	2.039	1.706	1.922	2.098	4
1781	1.961	1.765	1.941	2.118	4
1782	1.902	1.804	2.078	2.059	4
1783	1.941	1.765	2.196	2.078	4
1784	1.941	1.686	2.294	2.078	4
1785	1.961	1.529	2.196	2.039	4
1786	1.961	1.549	2.176	1.98	4
1787	1.98	1.765	2.137	1.922	4
1788	2.039	1.824	2.176	1.922	4
1789	2.098	1.745	2.235	1.961	4
1790	2.118	1.902	2.157	1.922	4
1791	2.039	1.941	2.02	1.843	4
1792	1.98	1.98	1.843	1.765	4
1793	1.941	2.0	1.824	1.745	4
1794	2.039	1.961	1.745	1.765	4
1795	2.039	1.902	1.706	1.843	4
1796	1.98	1.941	1.824	1.941	4
1797	1.882	2.059	1.863	1.98	4
1798	1.706	2.078	1.902	2.02	4
1799	1.667	1.98	1.941	2.059	4
1800	1.961	1.804	1.922	2.0	4
1801	1.98	1.667	2.0	1.922	4
1802	1.902	1.667	2.098	1.922	4
1803	1.941	1.725	2.235	1.961	4
1804	2.02	1.706	2.176	1.98	4
1805	1.98	1.608	2.137	1.961	4
1806	2.02	1.706	2.157	1.902	4
1807	2.0	1.863	2.196	1.863	4
1808	1.824	1.922	2.235	1.882	4
1809	1.882	1.922	2.0	1.882	4
1810	1.922	1.922	1.902	1.863	4
1811	2.059	2.0	1.882	1.863	4
1812	2.039	2.059	1.922	1.922	4
1813	1.961	2.098	1.941	2.02	4
1814	1.765	2.157	2.039	2.02	4
1815	1.686	2.235	2.02	2.039	4
1816	1.706	2.255	2.137	2.078	4
1817	1.804	2.216	2.176	2.157	4
1818	1.804	2.137	2.157	2.137	4
1819	1.745	2.02	2.255	2.039	4
1820	1.863	1.961	2.353	1.961	4
1821	1.882	1.961	2.314	1.922	4
1822	1.824	2.0	2.294	2.0	4
1823	1.902	2.059	2.255	2.078	4
1824	1.961	2.0	2.196	2.059	4
1825	1.961	2.02	2.078	1.961	4
1826	2.02	1.961	1.961	1.804	4
1827	1.902	1.863	1.941	1.725	4
1828	1.863	1.843	1.784	1.725	4
1829	1.745	1.922	1.725	1.824	4
1830	1.667	1.961	1.784	1.922	4
1831	1.784	1.922	1.804	2.0	4
1832	1.804	1.863	1.882	2.039	4
1833	1.784	1.843	2.0	2.039	4
1834	1.961	1.863	2.039	2.137	4
1835	2.059	1.863	2.216	2.137	4
1836	1.882	1.922	2.255	2.118	4
1837	1.863	1.824	2.235	2.0	4
1838	1.961	1.765	2.176	1.922	4
1839	2.0	1.824	2.137	1.902	4
1840	2.059	1.804	2.118	1.902	4
1841	2.157	1.824	2.098	1.902	4
1842	2.235	1.843	2.059	1.863	4
1843	2.216	1.843	1.941	1.843	4
1844	2.176	1.922	1.941	1.863	4
1845	2.196	1.941	1.863	1.902	4
1846	2.039	1.863	1.804	1.941	4
1847	2.039	1.824	1.863	1.961	4
1848	1.98	1.824	1.902	1.98	4
1849	1.902	1.804	1.882	2.02	4
1850	1.882	1.784	1.902	2.0	4
1851	1.98	1.765	2.0	2.0	4
1852	2.0	1.745	2.137	2.0	4
1853	1.902	1.784	2.157	2.0	4
1854	1.941	1.784	2.255	2.02	4
1855	2.137	1.784	2.255	2.0	4
1856	2.176	1.765	2.255	2.0	4
1857	2.157	1.804	2.216	1.98	4
1858	2.059	1.863	2.196	1.902	4
1859	2.039	1.843	2.078	1.843	4
1860	2.059	1.863	1.941	1.765	4
1861	2.039	1.863	1.922	1.765	4
1862	2.02	1.882	1.882	1.824	4
1863	1.941	1.863	1.843	1.941	4
1864	1.922	1.902	1.863	2.0	4
1865	1.882	1.902	1.922	2.0	4
1866	1.843	1.902	1.882	2.02	4
1867	1.784	1.843	1.941	2.0	4
1868	1.843	1.784	2.02	2.039	4
1869	1.941	1.804	2.137	2.039	4
1870	1.98	1.745	2.176	2.059	4
1871	1.902	1.725	2.235	2.039	4
1872	1.843	1.745	2.216	2.0	4
1873	1.941	1.824	2.235	1.922	4
1874	1.98	1.843	2.176	1.902	4
1875	2.098	1.843	2.078	1.863	4
1876	2.157	1.902	2.039	1.863	4
1877	2.078	1.824	1.941	1.843	4
1878	2.02	1.843	1.941	1.863	4
1879	2.02	1.843	1.824	1.863	4
1880	1.961	1.922	1.843	1.902	4
1881	2.0	1.961	1.882	1.941	4
1882	1.882	1.863	1.863	1.98	4
1883	1.843	1.863	1.922	2.02	4
1884	1.882	1.922	2.039	2.039	4
1885	1.784	1.902	2.039	2.098	4
1886	1.882	1.824	2.098	2.078	4
1887	1.922	1.843	2.176	2.039	4
1888	1.941	1.843	2.255	1.98	4
1889	2.02	1.902	2.235	1.941	4
1890	1.98	1.843	2.176	1.922	4
1891	2.0	1.863	2.196	1.922	4
1892	2.039	1.941	2.176	1.882	4
1893	2.059	1.882	2.059	1.863	4
1894	2.039	1.863	1.902	1.804	4
1895	1.961	1.843	1.882	1.824	4
1896	2.02	1.922	1.863	1.843	4
1897	1.98	1.941	1.804	1.863	4
1898	1.941	1.902	1.804	1.902	4
1899	1.863	1.922	1.882	1.941	4
1900	1.804	1.902	1.961	1.961	4
1901	1.765	1.902	2.0	2.098	4
1902	1.804	1.902	2.098	2.098	4
1903	1.843	1.843	2.216	2.098	4
1904	1.941	1.824	2.137	2.039	4
1905	1.98	1.902	2.196	2.02	4
1906	1.902	1.922	2.294	1.98	4
1907	1.941	1.941	2.275	1.98	4
1908	1.98	1.922	2.235	1.98	4
1909	1.961	1.941	2.216	1.961	4
1910	2.0	2.0	2.118	1.941	4
1911	2.02	2.02	1.98	1.882	4
1912	1.961	1.98	1.941	1.843	4
1913	1.98	1.98	1.863	1.863	4
1914	1.922	1.922	1.824	1.882	4
1915	1.882	1.922	1.824	1.941	4
1916	1.902	1.941	1.882	2.0	4
1917	1.863	1.922	1.863	2.02	4
1918	1.824	1.902	1.98	2.02	4
1919	1.902	1.843	2.0	2.078	4
1920	1.902	1.804	2.098	2.039	4
1921	1.98	1.804	2.137	2.02	4
1922	1.941	1.843	2.216	2.0	4
1923	1.961	1.843	2.235	1.961	4
1924	1.98	1.843	2.176	1.961	4
1925	2.059	1.882	2.176	1.98	4
1926	2.098	1.902	2.118	1.922	4
1927	2.118	1.941	2.02	1.843	4
1928	2.078	1.941	1.961	1.824	4
1929	1.98	1.98	1.941	1.843	4
1930	2.02	1.961	1.863	1.882	4
1931	1.98	1.961	1.824	1.922	4
1932	1.902	1.941	1.882	1.98	4
1933	1.843	1.941	1.902	2.02	4
1934	1.843	1.922	1.922	2.039	4
1935	1.863	1.882	2.0	2.02	4
1936	1.745	1.902	2.059	2.098	4
1937	1.824	1.843	2.196	2.118	4
1938	1.882	1.804	2.196	2.098	4
1939	1.941	1.784	2.255	2.02	4
1940	2.02	1.804	2.216	1.98	4
1941	2.0	1.804	2.216	1.941	4
1942	2.039	1.804	2.196	1.941	4
1943	2.059	1.863	2.137	1.922	4
1944	2.078	1.882	2.098	1.863	4
1945	2.098	1.902	1.98	1.863	4
1946	2.078	1.902	1.902	1.843	4
1947	2.02	1.941	1.863	1.843	4
1948	1.902	1.961	1.843	1.863	4
1949	1.863	1.941	1.863	1.922	4
1950	1.882	1.902	1.863	1.98	4
1951	1.961	1.882	1.882	2.02	4
1952	1.843	1.882	1.961	2.02	4
1953	1.863	1.882	2.039	2.039	4
1954	1.824	1.922	2.176	2.059	4
1955	1.882	1.902	2.216	2.059	4
1956	1.902	1.882	2.275	2.059	4
1957	1.961	1.902	2.255	2.0	4
1958	2.0	1.922	2.255	2.02	4
1959	2.02	1.922	2.216	1.961	4
1960	2.098	1.902	2.176	1.902	4
1961	2.039	1.941	2.137	1.902	4
1962	2.098	1.961	2.0	1.843	4
1963	2.02	1.922	1.902	1.824	4
1964	2.0	1.961	1.843	1.824	4
1965	1.961	1.98	1.843	1.882	4
1966	1.922	1.922	1.843	1.961	4
1967	1.941	1.922	1.902	2.02	4
1968	1.922	1.902	1.902	2.0	4
1969	1.922	1.863	2.0	2.02	4
1970	1.882	1.824	2.02	2.059	4
1971	1.863	1.804	2.137	2.02	4
1972	1.961	1.824	2.157	2.02	4
1973	1.98	1.824	2.216	2.0	4
1974	2.059	1.804	2.216	1.98	4
1975	2.039	1.804	2.176	1.961	4
1976	2.078	1.824	2.176	1.922	4
1977	2.137	1.863	2.118	1.882	4
1978	2.137	1.882	2.098	1.863	4
1979	2.098	1.882	1.98	1.843	4
1980	1.98	1.882	1.902	1.824	4
1981	2.02	1.902	1.863	1.843	4
1982	2.0	1.902	1.804	1.902	4
1983	1.961	1.843	1.824	1.902	4
1984	1.922	1.863	1.843	1.941	4
1985	1.902	1.843	1.882	1.961	4
1986	1.882	1.882	1.98	1.98	4
1987	1.863	1.824	2.0	2.059	4
1988	1.804	1.824	2.176	2.078	4
1989	1.882	1.843	2.216	2.078	4
1990	1.882	1.843	2.255	2.059	4
1991	1.98	1.843	2.235	2.0	4
1992	2.0	1.843	2.216	1.961	4
1993	2.0	1.843	2.196	1.941	4
1994	2.02	1.882	2.137	1.882	4
1995	2.059	1.922	2.098	1.882	4
1996	2.059	1.941	2.0	1.863	4
1997	1.98	1.922	1.941	1.824	4
1998	1.98	1.961	1.882	1.863	4
1999	1.941	1.961	1.843	1.902	4
