time	channel1	channel2	channel3	channel4	class
0	2.039	1.882	2.137	1.922	4
1	2.02	1.902	2.059	1.902	4
2	2.02	1.941	1.941	1.882	4
3	1.961	1.941	1.941	1.863	4
4	1.941	1.98	1.902	1.882	4
5	1.882	1.961	1.902	1.941	4
6	1.882	1.941	1.922	1.98	4
7	1.863	1.941	1.922	1.98	4
8	1.843	1.941	1.98	2.0	4
9	1.804	1.902	2.039	2.039	4
10	1.863	1.863	2.078	2.059	4
11	1.941	1.824	2.118	2.039	4
12	1.961	1.824	2.176	2.039	4
13	2.0	1.824	2.196	1.98	4
14	2.039	1.843	2.176	1.941	4
15	1.98	1.824	2.157	1.941	4
16	2.059	1.824	2.137	1.922	4
17	2.098	1.843	2.078	1.882	4
18	2.039	1.882	2.078	1.863	4
19	2.039	1.882	1.941	1.863	4
20	1.98	1.902	1.922	1.863	4
21	1.98	1.922	1.882	1.882	4
22	1.922	1.961	1.882	1.922	4
23	1.882	1.961	1.922	1.961	4
24	1.882	1.922	1.922	2.0	4
25	1.843	1.922	1.941	2.0	4
26	1.843	1.922	2.039	2.039	4
27	1.863	1.882	2.078	2.039	4
28	1.922	1.824	2.137	2.039	4
29	1.922	1.824	2.157	2.02	4
30	1.961	1.804	2.196	1.98	4
31	2.02	1.824	2.157	1.941	4
32	2.0	1.824	2.176	1.941	4
33	2.039	1.804	2.157	1.902	4
34	2.137	1.804	2.078	1.902	4
35	2.098	1.882	2.059	1.863	4
36	2.039	1.902	1.922	1.843	4
37	1.961	1.882	1.941	1.863	4
38	1.941	1.941	1.882	1.902	4
39	1.882	1.941	1.882	1.922	4
40	1.882	1.941	1.902	2.0	4
41	1.863	1.941	1.922	2.0	4
42	1.882	1.941	1.961	2.0	4
43	1.882	1.922	2.039	2.039	4
44	1.863	1.882	2.098	2.039	4
45	1.902	1.882	2.118	2.02	4
46	1.902	1.843	2.176	2.02	4
47	1.98	1.843	2.196	2.0	4
48	2.0	1.843	2.176	1.961	4
49	2.039	1.843	2.157	1.941	4
50	2.02	1.843	2.157	1.922	4
51	2.039	1.863	2.098	1.882	4
52	2.078	1.882	2.039	1.882	4
53	2.039	1.882	1.922	1.843	4
54	2.0	1.902	1.922	1.843	4
55	1.961	1.941	1.863	1.863	4
56	1.902	1.941	1.882	1.922	4
57	1.922	1.941	1.922	1.961	4
58	1.922	1.922	1.922	2.0	4
59	1.882	1.922	1.922	1.98	4
60	1.824	1.882	2.02	2.02	4
61	1.824	1.902	2.098	2.059	4
62	1.902	1.843	2.118	2.039	4
63	1.98	1.843	2.176	2.02	4
64	2.0	1.804	2.196	1.98	4
65	2.039	1.804	2.176	1.922	4
66	2.02	1.804	2.157	1.922	4
67	2.039	1.804	2.137	1.902	4
68	2.118	1.843	2.078	1.882	4
69	2.098	1.863	2.059	1.882	4
70	2.078	1.843	1.941	1.882	4
71	2.0	1.843	1.922	1.843	4
72	2.0	1.902	1.863	1.863	4
73	1.941	1.902	1.882	1.922	4
74	1.902	1.902	1.902	1.941	4
75	1.863	1.941	1.941	2.0	4
76	1.784	1.941	2.02	2.039	4
77	1.804	1.882	2.0	2.078	4
78	1.882	1.863	2.078	2.078	4
79	1.98	1.863	2.118	2.039	4
80	1.922	1.882	2.196	2.0	4
81	1.961	1.863	2.216	1.98	4
82	1.98	1.902	2.196	1.961	4
83	1.98	1.902	2.196	1.98	4
84	1.98	1.902	2.176	1.98	4
85	1.98	1.941	2.098	1.941	4
86	2.059	1.961	2.098	1.902	4
87	1.98	1.961	1.961	1.882	4
88	1.922	1.941	1.961	1.863	4
89	1.922	1.961	1.902	1.902	4
90	1.863	1.98	1.922	1.941	4
91	1.863	1.98	1.922	1.961	4
92	1.863	1.961	1.941	2.0	4
93	1.843	1.941	1.98	2.059	4
94	1.824	1.922	2.0	2.02	4
95	1.863	1.882	2.078	2.039	4
96	1.922	1.863	2.137	2.02	4
97	1.922	1.843	2.176	2.02	4
98	1.98	1.804	2.196	2.0	4
99	2.02	1.824	2.157	1.941	4
100	2.039	1.824	2.157	1.922	4
101	2.039	1.824	2.137	1.882	4
102	2.118	1.824	2.078	1.863	4
103	2.059	1.863	2.039	1.863	4
104	2.039	1.863	1.922	1.843	4
105	2.0	1.902	1.922	1.863	4
106	2.0	1.922	1.882	1.882	4
107	1.922	1.941	1.882	1.922	4
108	1.902	1.922	1.902	1.941	4
109	1.902	1.902	1.922	1.98	4
110	1.863	1.922	1.941	2.039	4
111	1.863	1.863	2.039	2.0	4
112	1.843	1.843	2.059	2.039	4
113	1.961	1.804	2.098	2.02	4
114	1.98	1.804	2.137	2.0	4
115	2.0	1.804	2.176	1.961	4
116	2.059	1.824	2.176	1.941	4
117	2.02	1.804	2.157	1.922	4
118	2.059	1.804	2.137	1.882	4
119	2.137	1.824	2.098	1.902	4
120	2.118	1.902	2.078	1.863	4
121	2.059	1.863	1.922	1.863	4
122	2.0	1.882	1.922	1.824	4
123	2.0	1.922	1.882	1.843	4
124	1.882	1.961	1.902	1.902	4
125	1.863	1.941	1.941	1.961	4
126	1.843	1.941	1.941	2.02	4
127	1.843	1.922	1.961	2.02	4
128	1.902	1.902	2.02	2.02	4
129	1.863	1.882	2.098	2.02	4
130	1.922	1.843	2.137	2.039	4
131	1.922	1.843	2.176	2.02	4
132	1.98	1.824	2.196	1.98	4
133	2.0	1.843	2.176	1.98	4
134	2.02	1.843	2.196	1.941	4
135	2.02	1.843	2.137	1.961	4
136	2.039	1.863	2.098	1.902	4
137	2.078	1.922	2.059	1.882	4
138	2.039	1.902	1.941	1.863	4
139	1.98	1.902	1.941	1.863	4
140	1.961	1.941	1.882	1.882	4
141	1.882	1.941	1.902	1.902	4
142	1.882	1.941	1.922	1.98	4
143	1.902	1.941	1.961	2.0	4
144	1.863	1.902	1.961	2.039	4
145	1.843	1.902	2.02	2.02	4
146	1.843	1.902	2.078	2.039	4
147	1.902	1.863	2.118	2.039	4
148	1.922	1.824	2.176	2.02	4
149	1.98	1.804	2.196	1.98	4
150	2.02	1.824	2.176	1.941	4
151	2.02	1.843	2.157	1.941	4
152	2.039	1.843	2.157	1.941	4
153	2.039	1.824	2.118	1.902	4
154	2.059	1.902	2.078	1.863	4
155	2.039	1.902	1.922	1.843	4
156	1.98	1.922	1.941	1.843	4
157	1.941	1.941	1.922	1.902	4
158	1.882	1.961	1.902	1.941	4
159	1.902	1.941	1.922	1.961	4
160	1.882	1.941	1.922	1.98	4
161	1.863	1.922	1.98	2.02	4
162	1.882	1.922	2.02	2.02	4
163	1.843	1.882	2.078	2.039	4
164	1.902	1.863	2.137	2.039	4
165	1.922	1.863	2.176	2.039	4
166	1.961	1.843	2.216	2.02	4
167	1.98	1.843	2.176	2.0	4
168	2.0	1.824	2.157	1.941	4
169	2.039	1.843	2.157	1.902	4
170	2.02	1.882	2.098	1.882	4
171	2.039	1.882	2.078	1.882	4
172	2.039	1.902	1.941	1.882	4
173	1.98	1.902	1.922	1.863	4
174	1.961	1.941	1.882	1.902	4
175	1.922	1.941	1.882	1.922	4
176	1.902	1.922	1.922	1.98	4
177	1.902	1.922	1.941	2.0	4
178	1.882	1.922	1.98	2.059	4
179	1.843	1.902	2.0	2.039	4
180	1.882	1.863	2.078	2.039	4
181	1.941	1.843	2.137	2.039	4
182	1.941	1.824	2.176	2.02	4
183	2.02	1.804	2.196	2.0	4
184	2.02	1.804	2.176	1.941	4
185	2.02	1.784	2.157	1.922	4
186	2.059	1.784	2.118	1.882	4
187	2.078	1.843	2.098	1.882	4
188	2.059	1.902	2.059	1.882	4
189	2.039	1.863	1.922	1.863	4
190	1.98	1.863	1.922	1.863	4
191	1.98	1.902	1.863	1.863	4
192	1.922	1.922	1.863	1.902	4
193	1.902	1.961	1.902	1.941	4
194	1.863	1.922	1.941	1.98	4
195	1.843	1.902	1.941	2.059	4
196	1.843	1.882	1.98	2.039	4
197	1.843	1.902	2.078	2.078	4
198	1.902	1.863	2.118	2.059	4
199	1.941	1.843	2.176	2.02	4
200	1.961	1.824	2.196	2.0	4
201	2.0	1.824	2.176	1.961	4
202	2.02	1.843	2.157	1.961	4
203	2.02	1.843	2.176	1.922	4
204	2.039	1.843	2.098	1.922	4
205	2.039	1.922	2.059	1.882	4
206	2.059	1.902	1.922	1.863	4
207	1.961	1.922	1.922	1.843	4
208	1.961	1.922	1.882	1.863	4
209	1.882	1.941	1.882	1.922	4
210	1.882	1.922	1.902	1.941	4
211	1.882	1.941	1.922	1.98	4
212	1.863	1.961	1.941	2.02	4
213	1.824	1.882	2.02	2.039	4
214	1.843	1.863	2.078	2.059	4
215	1.941	1.843	2.118	2.02	4
216	1.922	1.843	2.176	2.02	4
217	1.98	1.804	2.216	1.98	4
218	2.0	1.804	2.157	1.98	4
219	2.02	1.824	2.157	1.922	4
220	2.059	1.824	2.137	1.922	4
221	2.059	1.902	2.098	1.922	4
222	2.039	1.863	2.078	1.863	4
223	2.059	1.863	1.922	1.863	4
224	2.0	1.882	1.922	1.843	4
225	2.0	1.922	1.882	1.863	4
226	1.922	1.922	1.882	1.922	4
227	1.882	1.941	1.922	1.98	4
228	1.902	1.902	1.922	1.98	4
229	1.902	1.922	1.902	2.039	4
230	1.882	1.902	2.02	2.0	4
231	1.824	1.882	2.098	2.039	4
232	1.882	1.843	2.137	2.039	4
233	1.941	1.824	2.157	2.02	4
234	2.0	1.804	2.196	1.98	4
235	2.0	1.843	2.176	1.961	4
236	2.0	1.843	2.176	1.941	4
237	2.039	1.863	2.137	1.941	4
238	2.059	1.902	2.098	1.902	4
239	2.039	1.922	2.059	1.882	4
240	2.02	1.902	1.941	1.882	4
241	1.961	1.922	1.922	1.863	4
242	1.961	1.941	1.882	1.863	4
243	1.902	1.961	1.902	1.922	4
244	1.882	1.98	1.902	1.961	4
245	1.843	1.98	1.961	2.0	4
246	1.784	1.961	1.941	2.0	4
247	1.804	1.902	2.02	2.039	4
248	1.863	1.902	2.078	2.039	4
249	1.922	1.863	2.137	2.02	4
250	1.902	1.843	2.176	2.02	4
251	1.961	1.824	2.196	2.0	4
252	2.0	1.863	2.176	1.961	4
253	1.98	1.863	2.176	1.941	4
254	2.0	1.843	2.176	1.941	4
255	2.039	1.843	2.118	1.922	4
256	2.039	1.902	2.059	1.882	4
257	2.059	1.882	1.941	1.863	4
258	1.98	1.902	1.922	1.843	4
259	1.961	1.922	1.882	1.863	4
260	1.902	1.922	1.882	1.902	4
261	1.902	1.922	1.902	1.98	4
262	1.882	1.902	1.922	1.98	4
263	1.863	1.902	1.941	2.0	4
264	1.863	1.863	2.02	2.02	4
265	1.882	1.843	2.059	2.02	4
266	1.922	1.824	2.118	2.02	4
267	1.882	1.843	2.157	2.0	4
268	1.98	1.765	2.216	1.98	4
269	2.039	1.765	2.137	1.98	4
270	2.039	1.784	2.157	1.941	4
271	2.059	1.804	2.137	1.902	4
272	2.039	1.843	2.098	1.863	4
273	2.039	1.863	2.059	1.882	4
274	2.039	1.882	1.941	1.863	4
275	1.98	1.902	1.941	1.843	4
276	1.961	1.941	1.902	1.882	4
277	1.882	1.941	1.922	1.922	4
278	1.863	1.922	1.902	1.98	4
279	1.882	1.922	1.922	1.98	4
280	1.863	1.922	1.941	2.02	4
281	1.843	1.922	2.02	2.039	4
282	1.863	1.882	2.098	2.039	4
283	1.922	1.843	2.137	2.059	4
284	1.922	1.824	2.157	2.0	4
285	1.98	1.824	2.196	1.98	4
286	2.0	1.824	2.176	1.941	4
287	2.0	1.824	2.176	1.941	4
288	2.039	1.843	2.176	1.941	4
289	2.098	1.843	2.118	1.922	4
290	2.098	1.922	2.059	1.863	4
291	2.02	1.882	1.941	1.863	4
292	1.98	1.902	1.922	1.863	4
293	1.961	1.922	1.882	1.863	4
294	1.922	1.941	1.882	1.922	4
295	1.882	1.941	1.902	1.961	4
296	1.902	1.941	1.941	1.98	4
297	1.863	1.961	1.98	1.98	4
298	1.882	1.922	2.039	2.039	4
299	1.882	1.902	2.078	2.059	4
300	1.961	1.843	2.137	2.039	4
301	1.922	1.843	2.176	2.02	4
302	2.0	1.824	2.216	1.98	4
303	2.039	1.824	2.176	1.98	4
304	2.02	1.843	2.157	1.941	4
305	2.078	1.824	2.157	1.902	4
306	2.118	1.824	2.098	1.922	4
307	2.059	1.863	2.059	1.863	4
308	2.078	1.863	1.922	1.843	4
309	1.98	1.882	1.941	1.843	4
310	2.0	1.902	1.882	1.882	4
311	1.922	1.922	1.863	1.902	4
312	1.941	1.922	1.902	1.961	4
313	1.902	1.922	1.922	1.961	4
314	1.843	1.902	1.941	2.02	4
315	1.843	1.882	2.0	2.039	4
316	1.843	1.882	2.078	2.039	4
317	1.941	1.824	2.137	2.02	4
318	1.941	1.804	2.176	2.02	4
319	1.961	1.784	2.216	1.98	4
320	2.02	1.824	2.157	1.961	4
321	2.039	1.824	2.157	1.941	4
322	2.039	1.824	2.157	1.922	4
323	2.02	1.824	2.137	1.922	4
324	2.039	1.882	2.078	1.902	4
325	2.059	1.882	1.941	1.863	4
326	1.98	1.941	1.961	1.882	4
327	1.961	1.961	1.902	1.882	4
328	1.863	1.961	1.922	1.941	4
329	1.882	1.941	1.902	1.98	4
330	1.882	1.922	1.922	1.98	4
331	1.843	1.922	1.922	2.039	4
332	1.863	1.922	2.0	2.02	4
333	1.843	1.902	2.098	2.059	4
334	1.902	1.882	2.137	2.039	4
335	1.902	1.863	2.176	2.039	4
336	1.961	1.843	2.235	2.0	4
337	2.0	1.843	2.176	1.98	4
338	2.0	1.843	2.157	1.961	4
339	2.02	1.863	2.157	1.902	4
340	2.098	1.922	2.118	1.922	4
341	2.0	1.961	2.098	1.902	4
342	2.039	1.902	1.961	1.882	4
343	1.98	1.922	1.941	1.863	4
344	1.941	2.0	1.902	1.882	4
345	1.902	1.98	1.922	1.941	4
346	1.882	1.98	1.922	2.0	4
347	1.843	1.961	1.941	2.02	4
348	1.863	1.941	1.941	2.039	4
349	1.882	1.941	2.0	2.039	4
350	1.863	1.902	2.078	2.059	4
351	1.941	1.843	2.137	2.039	4
352	1.941	1.824	2.157	2.02	4
353	1.98	1.804	2.176	1.98	4
354	2.039	1.804	2.157	1.922	4
355	2.02	1.804	2.157	1.941	4
356	2.059	1.784	2.137	1.902	4
357	2.078	1.784	2.118	1.902	4
358	2.059	1.863	2.059	1.863	4
359	2.039	1.843	1.922	1.843	4
360	1.98	1.863	1.922	1.843	4
361	1.961	1.902	1.882	1.863	4
362	1.922	1.941	1.882	1.902	4
363	1.941	1.961	1.902	1.941	4
364	1.882	1.941	1.941	2.0	4
365	1.882	1.882	1.961	2.0	4
366	1.843	1.882	2.0	2.0	4
367	1.863	1.863	2.059	2.039	4
368	1.902	1.863	2.137	2.039	4
369	1.882	1.843	2.157	2.02	4
370	1.961	1.804	2.196	2.0	4
371	2.02	1.804	2.157	1.961	4
372	2.02	1.824	2.176	1.98	4
373	2.039	1.863	2.137	1.922	4
374	2.039	1.824	2.098	1.902	4
375	2.039	1.902	2.059	1.882	4
376	2.059	1.922	1.941	1.843	4
377	2.0	1.902	1.941	1.843	4
378	1.941	1.941	1.882	1.843	4
379	1.882	1.941	1.882	1.922	4
380	1.902	1.941	1.863	1.941	4
381	1.882	1.941	1.922	1.941	4
382	1.863	1.941	1.941	1.922	4
383	1.882	1.922	2.0	2.02	4
384	1.863	1.882	2.059	2.059	4
385	1.961	1.843	2.137	2.059	4
386	1.961	1.843	2.176	2.059	4
387	2.02	1.804	2.196	1.961	4
388	2.02	1.804	2.176	1.941	4
389	2.039	1.824	2.157	1.922	4
390	2.059	1.824	2.137	1.922	4
391	2.098	1.863	2.098	1.902	4
392	2.098	1.882	2.059	1.882	4
393	2.078	1.902	1.961	1.882	4
394	1.98	1.902	1.941	1.902	4
395	2.0	1.922	1.902	1.902	4
396	1.902	1.941	1.882	1.941	4
397	1.902	1.941	1.902	1.98	4
398	1.863	1.902	1.922	2.02	4
399	1.863	1.902	1.941	2.039	4
400	1.804	1.882	1.98	2.02	4
401	1.843	1.882	2.059	2.059	4
402	1.922	1.863	2.137	2.039	4
403	1.922	1.824	2.157	2.059	4
404	1.98	1.824	2.216	2.0	4
405	2.02	1.824	2.176	2.0	4
406	2.039	1.843	2.157	1.941	4
407	2.02	1.824	2.157	1.941	4
408	2.059	1.843	2.118	1.902	4
409	2.078	1.882	2.059	1.902	4
410	2.059	1.902	1.941	1.863	4
411	1.98	1.882	1.941	1.863	4
412	1.98	1.922	1.882	1.882	4
413	1.922	1.961	1.902	1.902	4
414	1.902	1.941	1.922	1.961	4
415	1.902	1.941	1.961	2.0	4
416	1.882	1.922	1.961	2.059	4
417	1.882	1.902	2.0	2.039	4
418	1.863	1.843	2.059	2.039	4
419	1.922	1.824	2.196	2.039	4
420	1.941	1.804	2.216	2.039	4
421	2.0	1.765	2.216	2.02	4
422	2.0	1.784	2.157	1.961	4
423	2.02	1.804	2.176	1.961	4
424	2.039	1.804	2.157	1.941	4
425	2.059	1.804	2.137	1.902	4
426	2.039	1.882	2.078	1.902	4
427	2.059	1.863	1.98	1.863	4
428	1.98	1.882	1.941	1.804	4
429	1.922	1.902	1.863	1.804	4
430	1.902	1.98	1.882	1.863	4
431	1.882	1.961	1.902	1.922	4
432	1.882	1.902	1.882	1.98	4
433	1.824	1.902	1.902	2.0	4
434	1.784	1.882	2.02	2.0	4
435	1.824	1.843	2.039	2.02	4
436	1.902	1.843	2.098	1.98	4
437	1.941	1.863	2.157	2.0	4
438	1.98	1.843	2.196	1.98	4
439	2.02	1.804	2.176	1.941	4
440	1.98	1.765	2.137	1.922	4
441	1.98	1.765	2.118	1.882	4
442	2.02	1.784	2.078	1.863	4
443	2.02	1.882	2.02	1.882	4
444	2.039	1.863	1.922	1.902	4
445	1.922	1.863	1.98	1.902	4
446	1.961	1.902	1.882	1.902	4
447	1.902	1.922	1.882	1.961	4
448	1.902	1.922	1.922	1.98	4
449	1.902	1.922	1.922	2.0	4
450	1.882	1.863	1.941	1.961	4
451	1.863	1.843	1.941	2.0	4
452	1.882	1.843	2.039	2.0	4
453	1.98	1.804	2.118	2.0	4
454	1.98	1.804	2.118	2.0	4
455	1.98	1.804	2.157	2.0	4
456	2.02	1.804	2.137	1.961	4
457	2.078	1.784	2.118	1.941	4
458	2.118	1.804	2.137	1.902	4
459	2.196	1.863	2.176	1.902	4
460	2.157	1.882	2.098	1.882	4
461	2.157	1.843	1.863	1.863	4
462	2.02	1.882	1.902	1.824	4
463	2.0	1.961	1.902	1.843	4
464	1.961	1.98	1.922	1.902	4
465	1.961	1.961	1.922	1.961	4
466	1.882	1.961	1.941	2.0	4
467	1.863	1.961	1.98	2.078	4
468	1.882	2.0	2.078	2.059	4
469	1.863	1.98	2.137	2.078	4
470	1.922	1.882	2.176	2.078	4
471	1.941	1.863	2.176	2.02	4
472	1.961	1.863	2.196	1.941	4
473	1.98	1.882	2.196	1.882	4
474	1.98	1.843	2.176	1.902	4
475	2.039	1.863	2.137	1.882	4
476	2.078	1.843	2.118	1.882	4
477	1.98	1.902	2.039	1.902	4
478	2.02	1.882	1.922	1.882	4
479	1.98	1.98	1.98	1.882	4
480	1.941	1.98	1.922	1.843	4
481	1.882	1.941	1.882	1.882	4
482	1.804	1.882	1.941	1.922	4
483	1.784	1.922	1.941	1.98	4
484	1.804	1.922	1.843	2.02	4
485	1.824	1.902	1.941	2.02	4
486	1.863	1.902	2.078	2.039	4
487	1.882	1.902	2.176	2.039	4
488	1.824	1.922	2.196	2.059	4
489	1.824	1.922	2.255	2.078	4
490	1.922	1.98	2.235	2.098	4
491	1.98	1.922	2.157	2.039	4
492	1.98	1.941	2.176	2.0	4
493	1.98	1.961	2.157	1.961	4
494	1.98	2.02	2.118	1.922	4
495	2.0	1.98	1.922	1.863	4
496	1.922	2.02	1.941	1.784	4
497	1.961	2.059	1.922	1.784	4
498	1.863	2.039	1.941	1.863	4
499	1.863	1.941	1.882	1.961	4
500	1.941	2.0	1.902	2.02	4
501	1.902	2.0	2.0	2.039	4
502	1.863	1.961	2.078	2.02	4
503	1.843	1.961	2.118	2.059	4
504	1.922	1.882	2.196	2.059	4
505	1.941	1.902	2.196	2.039	4
506	1.961	1.843	2.235	2.039	4
507	2.118	1.804	2.196	1.98	4
508	2.137	1.824	2.196	1.961	4
509	2.098	1.863	2.196	1.941	4
510	2.059	1.843	2.157	1.941	4
511	2.039	1.961	2.137	1.922	4
512	2.039	1.98	2.039	1.98	4
513	1.941	1.922	1.98	2.039	4
514	1.902	1.902	1.882	2.0	4
515	1.824	1.922	1.882	1.941	4
516	1.824	1.961	1.922	1.902	4
517	1.804	1.922	1.941	1.922	4
518	1.784	1.824	1.941	2.0	4
519	1.804	1.804	1.941	2.059	4
520	1.824	1.804	2.02	2.098	4
521	1.882	1.765	2.098	2.039	4
522	1.863	1.706	2.118	1.961	4
523	1.922	1.706	2.157	1.961	4
524	1.98	1.667	2.078	1.941	4
525	2.039	1.686	2.078	1.902	4
526	2.02	1.765	2.137	1.882	4
527	2.118	1.843	2.137	1.922	4
528	2.059	1.882	2.098	1.902	4
529	2.137	1.843	1.922	1.902	4
530	2.059	1.863	1.882	1.882	4
531	2.02	1.843	1.863	1.882	4
532	1.941	1.922	1.882	1.941	4
533	2.0	2.039	1.941	1.98	4
534	2.0	2.039	1.98	2.02	4
535	1.922	2.039	1.961	2.078	4
536	1.843	1.98	2.059	2.078	4
537	1.961	2.0	2.098	2.118	4
538	2.02	1.902	2.137	2.059	4
539	2.02	1.863	2.118	2.0	4
540	2.078	1.804	2.196	1.941	4
541	2.137	1.824	2.157	1.922	4
542	2.118	1.784	2.157	1.961	4
543	2.118	1.706	2.098	1.941	4
544	2.137	1.706	2.039	1.902	4
545	2.176	1.706	2.0	1.863	4
546	2.216	1.784	1.863	1.804	4
547	1.961	1.843	1.882	1.784	4
548	1.804	1.902	1.863	1.843	4
549	1.765	1.882	1.863	1.922	4
550	1.882	1.843	1.882	2.0	4
551	1.902	1.824	1.843	2.0	4
552	1.843	1.863	1.843	1.961	4
553	1.745	1.941	2.0	1.98	4
554	1.745	1.961	2.098	1.98	4
555	1.784	1.961	2.157	2.059	4
556	1.804	1.941	2.176	2.059	4
557	1.863	1.882	2.235	2.039	4
558	1.882	1.922	2.216	2.02	4
559	1.882	1.902	2.176	1.961	4
560	1.941	1.882	2.157	1.902	4
561	1.941	1.843	2.078	1.824	4
562	2.0	1.824	2.059	1.804	4
563	2.0	1.824	1.922	1.824	4
564	1.922	1.824	1.863	1.843	4
565	1.882	1.824	1.843	1.804	4
566	1.824	1.824	1.843	1.824	4
567	1.745	1.765	1.784	1.784	4
568	1.706	1.706	1.863	1.784	4
569	1.745	1.922	1.98	1.882	4
570	1.843	1.863	2.039	1.98	4
571	1.843	1.804	1.961	2.078	4
572	1.784	1.824	2.098	2.118	4
573	1.784	1.941	2.235	2.098	4
574	1.843	2.02	2.235	2.0	4
575	1.902	2.02	2.176	1.902	4
576	1.902	1.98	2.137	1.882	4
577	1.902	2.0	2.196	1.941	4
578	1.922	2.118	2.176	2.0	4
579	2.0	2.176	2.157	2.02	4
580	2.02	2.176	2.039	2.02	4
581	1.922	2.137	2.039	2.0	4
582	1.941	2.137	1.98	1.98	4
583	1.941	2.118	2.0	2.0	4
584	1.863	2.118	1.961	2.02	4
585	1.941	2.098	1.922	2.039	4
586	1.98	2.118	2.039	2.098	4
587	1.863	2.0	2.098	2.118	4
588	1.843	1.98	2.118	2.118	4
589	1.961	1.902	2.157	2.039	4
590	2.0	1.824	2.196	1.98	4
591	2.059	1.804	2.255	1.922	4
592	2.118	1.843	2.157	1.922	4
593	2.078	1.863	2.176	1.902	4
594	2.078	1.804	2.059	1.843	4
595	2.039	1.725	2.0	1.804	4
596	2.039	1.804	2.039	1.745	4
597	2.137	1.882	1.941	1.745	4
598	2.0	1.843	1.882	1.725	4
599	2.02	1.843	1.804	1.784	4
600	2.0	1.784	1.784	1.784	4
601	1.941	1.765	1.843	1.824	4
602	1.882	1.745	1.863	1.863	4
603	1.961	1.765	1.941	2.0	4
604	1.98	1.745	2.02	2.078	4
605	1.98	1.667	2.039	2.078	4
606	1.961	1.549	2.059	2.02	4
607	1.922	1.588	2.137	2.0	4
608	2.118	1.725	2.216	2.02	4
609	2.196	1.784	2.196	2.039	4
610	2.176	1.686	2.196	2.02	4
611	2.176	1.549	2.137	2.02	4
612	2.216	1.667	2.098	2.02	4
613	2.157	1.843	2.039	2.0	4
614	2.216	2.02	2.02	2.0	4
615	2.196	2.0	1.98	2.0	4
616	2.137	1.941	1.902	1.961	4
617	1.98	1.961	1.882	1.961	4
618	1.941	2.02	1.882	1.961	4
619	1.98	2.02	1.902	1.961	4
620	1.941	2.02	1.863	2.039	4
621	1.882	2.039	2.0	2.039	4
622	1.922	1.941	2.02	2.078	4
623	1.922	1.902	2.137	2.059	4
624	1.902	1.824	2.137	2.039	4
625	1.941	1.706	2.137	1.961	4
626	2.02	1.745	2.137	1.961	4
627	1.98	1.784	2.157	1.941	4
628	1.98	1.745	2.176	1.922	4
629	2.02	1.804	2.176	1.902	4
630	1.98	1.804	1.98	1.843	4
631	2.059	1.765	1.843	1.843	4
632	2.02	1.804	1.902	1.824	4
633	1.882	1.824	1.882	1.824	4
634	1.882	1.902	1.863	1.902	4
635	1.941	1.961	1.902	1.961	4
636	1.941	1.941	1.902	1.961	4
637	1.843	2.078	2.0	2.0	4
638	1.843	2.098	2.039	2.039	4
639	1.804	2.02	2.078	2.059	4
640	1.941	1.922	2.157	2.039	4
641	1.902	1.941	2.216	1.98	4
642	1.902	1.98	2.333	1.961	4
643	2.02	2.02	2.176	1.961	4
644	2.059	2.0	2.176	1.98	4
645	1.98	1.902	2.196	1.961	4
646	2.039	1.961	2.137	1.941	4
647	2.098	2.0	2.157	1.902	4
648	2.078	1.98	2.078	1.882	4
649	1.941	1.882	1.961	1.843	4
650	1.804	1.824	1.863	1.824	4
651	1.882	1.843	1.902	1.824	4
652	2.02	1.882	1.843	1.863	4
653	1.922	1.765	1.843	1.902	4
654	1.843	1.804	1.902	1.98	4
655	1.647	1.882	2.078	2.078	4
656	1.843	1.784	2.098	2.137	4
657	2.039	1.608	2.059	2.039	4
658	2.078	1.588	2.039	1.922	4
659	2.059	1.647	2.059	1.784	4
660	2.02	1.824	2.176	1.765	4
661	1.941	1.745	2.137	1.882	4
662	1.922	1.667	2.098	1.961	4
663	1.98	1.706	2.098	1.98	4
664	1.98	1.784	2.059	1.941	4
665	2.02	1.804	1.902	1.843	4
666	1.98	1.922	1.902	1.824	4
667	1.961	2.078	1.922	1.843	4
668	1.843	2.098	1.882	1.902	4
669	1.706	1.98	1.882	1.98	4
670	1.725	1.902	1.922	2.02	4
671	1.784	1.882	1.902	2.078	4
672	1.745	2.059	1.961	2.02	4
673	1.765	2.039	2.059	2.0	4
674	1.824	1.863	2.118	1.961	4
675	1.804	1.863	2.137	2.0	4
676	1.941	1.98	2.216	2.0	4
677	2.02	2.176	2.275	2.039	4
678	1.941	2.157	2.294	2.039	4
679	1.922	2.039	2.255	2.02	4
680	2.078	2.059	2.137	1.98	4
681	2.137	2.078	2.039	1.863	4
682	2.118	2.02	1.941	1.784	4
683	1.902	2.098	1.961	1.804	4
684	1.902	2.255	1.961	1.902	4
685	1.961	2.275	2.0	2.0	4
686	2.02	2.235	1.98	2.039	4
687	1.922	2.176	1.98	2.078	4
688	1.843	2.059	2.039	2.078	4
689	1.882	1.961	2.059	2.118	4
690	1.882	1.804	2.098	2.098	4
691	1.961	1.745	2.176	2.078	4
692	1.98	1.784	2.216	2.059	4
693	2.02	1.725	2.216	2.02	4
694	2.078	1.706	2.196	1.922	4
695	2.118	1.902	2.235	1.882	4
696	2.118	1.804	2.098	1.882	4
697	1.961	1.569	1.922	1.882	4
698	2.039	1.706	2.039	1.922	4
699	2.118	1.824	2.02	1.941	4
700	2.176	2.0	2.02	1.961	4
701	2.157	2.0	1.98	2.0	4
702	2.02	1.922	1.863	2.02	4
703	1.882	1.922	1.882	1.98	4
704	1.824	1.961	1.961	1.941	4
705	1.98	2.039	2.0	1.961	4
706	2.02	2.059	2.039	2.098	4
707	2.039	2.098	2.137	2.196	4
708	2.0	1.863	2.176	2.216	4
709	1.961	1.686	2.137	2.118	4
710	1.98	1.569	2.196	2.039	4
711	2.059	1.627	2.255	2.0	4
712	2.059	1.725	2.235	1.98	4
713	2.078	1.804	2.196	1.98	4
714	2.137	1.784	2.196	1.961	4
715	2.176	1.745	2.098	1.922	4
716	1.922	1.686	1.863	1.882	4
717	1.765	1.765	1.902	1.824	4
718	1.863	1.804	1.882	1.824	4
719	1.843	1.824	1.843	1.843	4
720	1.843	1.804	1.863	1.882	4
721	1.922	1.882	1.843	1.922	4
722	1.882	1.863	1.824	1.941	4
723	1.804	1.765	1.961	1.98	4
724	1.745	1.784	2.078	2.02	4
725	1.922	1.863	2.157	2.059	4
726	1.961	1.922	2.098	2.02	4
727	1.922	1.882	2.176	1.941	4
728	2.039	1.824	2.176	1.882	4
729	2.078	1.843	2.176	1.882	4
730	2.098	1.804	2.118	1.882	4
731	2.118	1.745	2.118	1.882	4
732	2.137	1.804	2.078	1.882	4
733	2.216	1.843	1.941	1.843	4
734	2.039	1.843	1.961	1.843	4
735	2.059	1.824	1.863	1.863	4
736	2.059	1.784	1.843	1.863	4
737	2.0	1.843	1.922	1.902	4
738	1.902	1.882	1.902	1.941	4
739	1.882	1.882	1.902	1.98	4
740	1.804	1.922	1.941	2.0	4
741	1.863	1.902	2.0	2.0	4
742	1.902	1.725	2.039	1.961	4
743	1.922	1.765	2.118	1.902	4
744	2.0	1.765	2.176	1.902	4
745	2.039	1.784	2.078	1.863	4
746	1.98	1.882	2.078	1.824	4
747	1.98	1.882	2.078	1.882	4
748	1.882	1.902	2.118	1.902	4
749	1.961	1.941	2.059	1.902	4
750	2.059	1.863	1.882	1.824	4
751	1.902	1.902	1.863	1.784	4
752	1.863	2.078	1.922	1.804	4
753	1.824	2.118	1.843	1.863	4
754	1.804	1.863	1.784	1.922	4
755	1.784	1.765	1.824	1.902	4
756	1.804	1.922	1.941	1.98	4
757	1.784	2.039	2.118	2.039	4
758	1.863	2.078	2.157	2.157	4
759	1.804	1.961	2.216	2.118	4
760	1.784	1.902	2.235	2.098	4
761	1.882	1.922	2.216	2.02	4
762	1.98	1.863	2.137	1.941	4
763	2.059	1.941	2.176	1.902	4
764	2.039	1.804	2.216	1.882	4
765	2.039	1.863	2.255	1.922	4
766	2.02	2.137	2.176	2.0	4
767	2.098	2.118	2.059	2.0	4
768	1.922	1.882	1.961	1.902	4
769	1.902	1.824	1.882	1.863	4
770	1.902	2.039	1.843	1.824	4
771	1.824	2.0	1.922	1.863	4
772	1.765	1.882	1.882	1.941	4
773	1.804	1.922	1.882	2.0	4
774	1.725	2.02	1.98	2.0	4
775	1.627	2.0	2.039	2.039	4
776	1.882	2.0	2.137	2.039	4
777	2.039	2.0	2.137	2.02	4
778	2.176	1.882	2.176	1.941	4
779	2.216	1.784	2.137	1.922	4
780	2.0	1.902	2.176	1.902	4
781	1.961	2.098	2.157	1.922	4
782	2.157	2.137	2.098	1.941	4
783	2.098	1.98	2.0	1.902	4
784	2.078	1.902	1.941	1.882	4
785	2.059	1.902	1.922	1.882	4
786	2.098	2.0	1.922	1.941	4
787	2.059	1.922	1.882	2.0	4
788	1.98	1.882	1.922	2.02	4
789	1.941	1.941	2.02	2.078	4
790	1.941	1.902	1.98	2.118	4
791	1.843	1.824	1.98	2.118	4
792	1.824	1.706	1.98	2.039	4
793	1.902	1.725	2.157	2.059	4
794	1.902	1.686	2.196	2.059	4
795	1.843	1.667	2.216	2.039	4
796	1.941	1.667	2.196	1.98	4
797	2.0	1.686	2.176	1.941	4
798	1.922	1.725	2.157	1.902	4
799	1.922	1.745	2.137	1.863	4
800	2.0	1.667	2.039	1.902	4
801	2.078	1.569	1.882	1.922	4
802	1.98	1.745	1.961	1.922	4
803	2.02	1.902	1.98	1.941	4
804	1.902	1.961	1.98	1.961	4
805	1.863	1.961	1.941	1.922	4
806	1.804	1.961	1.902	1.902	4
807	1.824	2.0	1.961	1.961	4
808	1.706	1.843	1.961	2.02	4
809	1.824	1.784	2.059	2.118	4
810	2.039	1.765	2.216	2.118	4
811	2.078	1.745	2.176	2.118	4
812	2.078	1.725	2.216	2.059	4
813	2.216	1.824	2.392	2.059	4
814	2.157	1.922	2.431	2.078	4
815	1.922	1.863	2.176	2.0	4
816	1.941	1.706	1.941	1.882	4
817	2.098	1.765	1.961	1.784	4
818	2.275	1.824	2.02	1.804	4
819	2.137	1.706	2.0	1.863	4
820	2.098	1.824	1.941	1.922	4
821	2.039	1.98	1.922	2.0	4
822	1.863	1.902	1.922	2.02	4
823	1.843	1.902	1.902	2.0	4
824	1.922	2.059	2.0	1.941	4
825	1.941	2.0	1.961	2.039	4
826	1.941	1.882	1.961	1.98	4
827	1.961	2.0	2.118	1.98	4
828	1.961	2.02	2.137	1.98	4
829	2.02	2.0	2.255	2.02	4
830	2.078	2.059	2.235	2.02	4
831	2.059	2.02	2.157	1.98	4
832	2.039	1.941	2.078	1.961	4
833	2.118	2.0	2.039	1.882	4
834	2.176	2.098	2.039	1.804	4
835	2.176	2.059	1.98	1.824	4
836	2.039	1.902	1.804	1.804	4
837	2.02	2.0	1.804	1.843	4
838	1.98	2.059	1.863	1.902	4
839	1.863	1.941	1.843	1.961	4
840	1.863	1.804	1.824	1.961	4
841	1.863	1.843	1.843	1.98	4
842	1.745	1.961	2.0	1.98	4
843	1.706	1.922	2.02	2.02	4
844	1.863	1.725	1.98	2.0	4
845	1.863	1.627	2.078	1.961	4
846	1.784	1.529	2.02	1.902	4
847	1.863	1.608	2.02	1.843	4
848	1.922	1.725	2.137	1.863	4
849	1.863	1.745	2.176	1.922	4
850	2.0	1.804	2.157	1.902	4
851	2.02	1.961	2.137	1.902	4
852	2.0	1.882	2.0	1.882	4
853	1.843	1.824	1.922	1.824	4
854	1.804	1.98	1.941	1.863	4
855	1.882	2.098	1.922	1.941	4
856	1.941	1.922	1.902	1.98	4
857	1.902	1.902	1.882	1.941	4
858	1.882	2.078	1.961	1.961	4
859	1.725	2.059	2.098	1.98	4
860	1.784	2.137	2.216	2.059	4
861	1.882	2.059	2.196	2.059	4
862	1.882	1.882	2.157	2.039	4
863	1.863	1.804	2.176	2.0	4
864	1.961	1.882	2.157	1.941	4
865	2.02	2.059	2.235	1.941	4
866	1.961	2.02	2.255	1.98	4
867	1.961	1.922	2.216	1.961	4
868	2.039	1.98	2.137	1.961	4
869	1.902	1.902	1.922	1.882	4
870	1.725	1.843	1.843	1.784	4
871	1.824	1.784	1.784	1.725	4
872	1.824	1.961	1.863	1.804	4
873	1.902	2.137	1.98	1.941	4
874	1.961	2.039	1.961	2.078	4
875	2.0	1.863	2.0	2.078	4
876	1.863	2.0	2.137	2.137	4
877	1.686	1.902	2.078	2.078	4
878	1.824	1.745	2.098	2.039	4
879	1.98	1.804	2.157	1.961	4
880	2.039	1.765	2.216	1.902	4
881	2.039	1.725	2.176	1.902	4
882	2.0	1.647	2.176	1.922	4
883	2.078	1.765	2.196	1.961	4
884	2.157	1.725	2.118	1.961	4
885	2.275	1.725	2.078	1.961	4
886	2.255	1.706	1.961	1.922	4
887	2.078	1.706	1.98	1.843	4
888	2.078	1.882	2.039	1.863	4
889	1.961	2.118	2.0	1.941	4
890	1.882	1.961	1.843	2.0	4
891	1.824	1.745	1.882	1.98	4
892	1.922	1.765	1.882	2.02	4
893	1.882	1.745	1.961	1.98	4
894	1.902	1.843	2.059	2.059	4
895	1.902	1.863	2.176	2.059	4
896	1.961	1.882	2.216	2.078	4
897	1.922	1.843	2.235	2.039	4
898	1.863	1.804	2.176	1.98	4
899	1.941	1.686	2.118	1.941	4
900	2.098	1.765	2.118	1.941	4
901	2.176	1.824	2.157	1.902	4
902	1.941	1.784	2.157	1.902	4
903	1.98	1.804	1.961	1.882	4
904	1.98	1.824	1.863	1.843	4
905	2.0	1.922	1.863	1.843	4
906	2.02	1.961	1.941	1.922	4
907	1.961	1.882	2.0	1.98	4
908	1.961	2.039	2.039	2.039	4
909	1.922	2.059	2.098	2.059	4
910	1.961	1.922	2.078	2.137	4
911	2.078	1.882	2.059	2.137	4
912	2.118	1.882	2.216	2.059	4
913	2.137	1.824	2.196	2.0	4
914	2.078	1.843	2.255	1.941	4
915	2.039	1.98	2.294	1.98	4
916	2.039	2.039	2.333	2.0	4
917	2.078	1.902	2.275	2.02	4
918	2.137	1.882	2.118	2.0	4
919	2.137	1.922	2.078	1.922	4
920	2.176	1.941	2.0	1.882	4
921	2.059	1.902	2.02	1.863	4
922	2.0	1.843	1.922	1.902	4
923	1.843	1.941	1.882	1.922	4
924	1.784	1.902	1.941	1.98	4
925	1.863	1.843	1.843	1.961	4
926	1.843	1.804	1.824	1.98	4
927	1.804	1.961	2.059	1.98	4
928	1.961	2.0	2.157	2.078	4
929	2.02	1.863	2.196	2.098	4
930	2.039	1.686	2.078	2.02	4
931	2.078	1.627	2.118	1.902	4
932	2.078	1.725	2.176	1.843	4
933	2.039	1.98	2.255	1.902	4
934	1.961	1.961	2.176	2.0	4
935	1.922	1.725	2.039	1.961	4
936	2.137	1.725	1.98	1.902	4
937	2.137	1.863	1.902	1.804	4
938	1.98	2.039	1.941	1.765	4
939	1.922	2.235	1.922	1.824	4
940	1.843	2.196	1.902	1.922	4
941	1.765	1.98	1.863	1.98	4
942	1.765	1.863	1.882	2.02	4
943	1.706	1.843	1.863	1.98	4
944	1.686	1.902	1.961	2.0	4
945	1.706	2.0	2.039	2.02	4
946	1.667	2.098	2.176	2.059	4
947	1.667	1.824	2.078	2.039	4
948	1.706	1.824	2.157	2.0	4
949	1.824	1.843	2.118	1.941	4
950	1.824	1.765	2.039	1.882	4
951	1.882	1.706	2.059	1.843	4
952	1.902	1.627	2.078	1.843	4
953	1.941	1.804	2.078	1.824	4
954	2.039	1.961	1.98	1.863	4
955	1.961	2.059	1.922	1.843	4
956	1.941	2.176	1.863	1.843	4
957	1.843	1.843	1.745	1.863	4
958	1.784	1.745	1.784	1.902	4
959	1.882	1.882	1.882	1.941	4
960	1.941	2.118	1.98	1.961	4
961	1.961	2.098	2.02	2.0	4
962	1.902	1.98	2.0	2.039	4
963	1.902	1.824	2.039	2.0	4
964	1.98	1.882	2.137	1.961	4
965	2.059	1.961	2.255	1.961	4
966	2.216	2.0	2.137	1.961	4
967	2.255	1.902	2.078	1.922	4
968	2.196	1.961	2.216	1.961	4
969	2.0	1.941	2.196	1.98	4
970	1.824	1.824	1.98	1.902	4
971	2.059	1.843	1.843	1.784	4
972	2.039	2.039	1.902	1.667	4
973	2.098	2.0	1.863	1.667	4
974	1.98	1.941	1.941	1.784	4
975	1.863	2.059	1.961	1.961	4
976	1.784	2.118	2.0	2.118	4
977	1.941	2.02	1.98	2.196	4
978	1.98	1.961	2.078	2.176	4
979	1.824	1.882	2.176	2.039	4
980	1.784	1.843	2.255	1.961	4
981	1.941	1.882	2.255	1.98	4
982	2.137	1.824	2.255	2.0	4
983	2.137	1.804	2.216	1.98	4
984	2.078	1.804	2.216	1.961	4
985	1.922	1.804	2.196	1.941	4
986	1.98	1.765	2.176	1.961	4
987	2.039	1.824	2.137	2.02	4
988	2.059	1.765	1.961	2.0	4
989	1.882	1.706	1.824	1.98	4
990	1.961	1.667	1.784	1.902	4
991	2.059	1.824	1.902	1.961	4
992	1.961	1.824	1.941	2.0	4
993	1.863	1.725	1.843	2.02	4
994	1.922	1.922	1.882	2.059	4
995	1.765	1.941	2.02	2.039	4
996	1.804	1.745	2.02	2.137	4
997	2.059	1.706	2.176	2.157	4
998	2.059	1.765	2.196	2.157	4
999	1.961	1.706	2.255	2.078	4
1000	2.059	1.647	2.196	2.02	4
1001	2.196	1.686	2.118	1.98	4
1002	2.314	1.608	2.118	1.922	4
1003	2.294	1.804	2.216	1.941	4
1004	2.235	1.98	2.333	1.941	4
1005	2.255	1.98	2.196	1.961	4
1006	2.098	1.824	2.0	1.961	4
1007	2.118	1.824	2.0	1.922	4
1008	2.039	1.784	1.922	1.902	4
1009	1.863	1.725	1.843	1.882	4
1010	1.882	1.824	1.902	1.863	4
1011	1.902	1.882	2.0	1.941	4
1012	1.941	1.882	2.078	2.02	4
1013	1.902	1.922	2.078	2.02	4
1014	1.941	1.882	2.216	2.078	4
1015	1.922	2.0	2.216	2.059	4
1016	1.902	1.961	2.294	2.039	4
1017	2.0	1.863	2.216	2.0	4
1018	1.98	1.765	2.137	1.922	4
1019	1.98	1.745	2.059	1.804	4
1020	2.02	1.941	2.098	1.804	4
1021	2.078	2.196	2.157	1.882	4
1022	2.039	2.078	2.0	1.922	4
1023	1.922	2.0	1.98	1.961	4
1024	1.902	2.02	1.922	1.922	4
1025	1.804	2.118	1.961	1.922	4
1026	1.882	2.078	1.922	1.941	4
1027	1.863	1.922	1.863	1.922	4
1028	1.745	1.824	1.843	1.961	4
1029	1.784	1.804	1.922	1.941	4
1030	1.843	1.843	1.98	2.0	4
1031	1.843	1.902	2.059	2.0	4
1032	1.902	1.98	2.098	1.961	4
1033	1.98	1.843	2.176	1.941	4
1034	2.0	1.608	2.078	1.902	4
1035	2.039	1.49	1.922	1.863	4
1036	2.039	1.412	1.843	1.745	4
1037	1.961	1.49	1.961	1.706	4
1038	1.784	1.922	2.039	1.784	4
1039	1.824	2.039	1.941	1.882	4
1040	1.922	1.863	1.882	1.902	4
1041	2.039	1.843	1.902	1.922	4
1042	1.941	2.039	1.824	1.902	4
1043	1.961	2.157	1.725	1.863	4
1044	1.765	1.961	1.725	1.824	4
1045	1.549	2.059	1.922	1.882	4
1046	1.667	2.255	2.118	2.0	4
1047	1.843	2.255	2.157	2.176	4
1048	1.902	2.216	2.275	2.255	4
1049	1.902	2.216	2.294	2.216	4
1050	1.843	2.196	2.373	2.098	4
1051	2.02	2.314	2.314	2.0	4
1052	2.0	2.196	2.216	1.941	4
1053	1.98	1.941	2.157	1.941	4
1054	2.02	2.0	2.137	1.961	4
1055	2.0	2.0	2.039	1.902	4
1056	2.02	2.02	1.961	1.863	4
1057	1.902	1.922	1.902	1.843	4
1058	2.0	1.961	1.863	1.843	4
1059	2.078	2.216	1.902	1.902	4
1060	2.039	2.039	1.882	1.941	4
1061	1.784	1.765	1.843	2.0	4
1062	1.765	1.706	1.863	2.02	4
1063	1.863	1.765	1.922	2.039	4
1064	1.902	1.843	2.0	2.02	4
1065	1.922	1.824	2.098	2.0	4
1066	1.98	1.843	2.157	2.0	4
1067	2.039	1.804	2.216	1.941	4
1068	2.039	1.765	2.137	1.882	4
1069	2.039	1.725	2.118	1.824	4
1070	2.137	1.725	2.118	1.843	4
1071	2.157	1.765	2.157	1.863	4
1072	2.196	1.824	2.098	1.922	4
1073	2.294	1.804	2.02	1.922	4
1074	2.196	1.765	1.98	1.922	4
1075	1.941	1.765	1.902	1.882	4
1076	1.765	1.667	1.882	1.843	4
1077	1.784	1.667	1.843	1.863	4
1078	1.765	1.608	1.863	1.922	4
1079	1.745	1.529	1.824	1.941	4
1080	1.745	1.333	1.784	1.941	4
1081	1.922	1.451	1.941	2.0	4
1082	2.098	1.843	2.275	2.098	4
1083	2.059	2.0	2.275	2.176	4
1084	1.98	1.686	2.216	2.137	4
1085	2.039	1.431	2.137	2.059	4
1086	2.039	1.353	2.078	1.98	4
1087	1.902	1.627	2.157	1.922	4
1088	1.941	1.961	2.196	1.882	4
1089	2.157	2.0	2.039	1.882	4
1090	2.255	1.961	2.039	1.922	4
1091	2.235	2.176	2.098	1.98	4
1092	2.196	2.255	2.039	1.961	4
1093	2.157	2.275	2.059	2.039	4
1094	2.157	2.235	2.078	2.059	4
1095	2.039	2.039	2.0	2.078	4
1096	1.922	1.922	1.961	2.059	4
1097	1.882	2.039	2.098	2.059	4
1098	1.922	2.078	2.176	2.118	4
1099	1.843	1.902	2.235	2.118	4
1100	1.98	1.745	2.196	2.098	4
1101	2.098	1.686	2.216	2.02	4
1102	2.118	1.725	2.235	1.98	4
1103	2.039	1.843	2.294	1.961	4
1104	2.02	1.725	2.255	1.98	4
1105	1.941	1.765	2.157	2.0	4
1106	2.098	1.843	2.098	1.98	4
1107	2.118	1.941	1.922	1.922	4
1108	2.059	1.922	1.961	1.824	4
1109	2.039	1.843	1.863	1.784	4
1110	1.922	1.961	1.902	1.784	4
1111	1.824	2.0	1.941	1.824	4
1112	1.843	2.098	1.863	1.961	4
1113	1.765	2.137	1.961	2.098	4
1114	1.784	2.098	2.078	2.176	4
1115	1.922	1.98	2.059	2.078	4
1116	1.922	1.922	2.157	1.98	4
1117	1.843	1.941	2.118	1.902	4
1118	1.941	1.882	2.098	1.843	4
1119	1.941	1.824	2.059	1.863	4
1120	2.0	2.0	2.235	1.941	4
1121	1.961	1.843	2.118	2.0	4
1122	1.961	1.667	2.078	1.961	4
1123	1.941	1.804	2.059	1.941	4
1124	2.02	1.784	1.863	1.843	4
1125	1.863	1.824	1.784	1.784	4
1126	1.922	1.941	1.843	1.765	4
1127	1.941	1.902	1.765	1.804	4
1128	1.902	1.961	1.902	1.922	4
1129	1.902	2.118	2.0	2.02	4
1130	1.765	1.941	1.882	2.039	4
1131	1.765	1.922	1.98	2.0	4
1132	1.863	2.0	2.0	2.0	4
1133	1.941	1.961	2.0	1.922	4
1134	2.0	1.961	2.137	1.941	4
1135	1.961	1.902	2.275	1.941	4
1136	2.0	1.922	2.196	1.961	4
1137	2.0	1.843	2.039	1.922	4
1138	1.961	1.686	2.0	1.824	4
1139	1.98	1.765	2.098	1.784	4
1140	1.98	1.922	2.078	1.824	4
1141	2.059	1.941	2.0	1.863	4
1142	1.902	1.922	1.843	1.863	4
1143	1.941	2.02	1.824	1.804	4
1144	1.745	1.922	1.804	1.824	4
1145	1.647	1.824	1.843	1.824	4
1146	1.686	1.804	1.824	1.902	4
1147	1.745	1.824	1.804	1.922	4
1148	1.863	1.843	1.941	1.961	4
1149	1.902	1.922	2.0	2.02	4
1150	1.843	1.843	2.078	2.059	4
1151	1.843	1.824	2.137	2.059	4
1152	1.922	1.804	2.196	2.039	4
1153	1.882	1.765	2.157	2.0	4
1154	1.863	1.824	2.157	1.941	4
1155	2.0	1.863	2.196	1.941	4
1156	2.098	1.725	2.078	1.902	4
1157	2.039	1.706	2.02	1.843	4
1158	2.098	1.961	2.0	1.843	4
1159	2.039	2.0	2.0	1.902	4
1160	2.039	1.882	1.863	1.941	4
1161	1.922	1.882	1.824	1.941	4
1162	1.902	1.961	2.02	1.961	4
1163	1.961	2.0	2.039	1.98	4
1164	1.804	1.98	1.961	1.922	4
1165	1.686	1.98	1.941	1.902	4
1166	1.706	1.902	1.961	1.941	4
1167	1.667	1.902	2.137	2.0	4
1168	1.784	1.843	2.157	2.039	4
1169	2.098	1.843	2.275	2.059	4
1170	2.373	1.804	2.235	2.0	4
1171	2.118	1.686	2.137	1.902	4
1172	2.059	1.725	2.216	1.882	4
1173	2.02	2.059	2.275	1.98	4
1174	2.098	2.255	2.235	2.02	4
1175	2.157	1.882	1.98	2.039	4
1176	2.118	1.647	1.882	2.0	4
1177	2.196	1.843	1.941	1.941	4
1178	2.275	1.98	2.02	2.0	4
1179	2.275	2.137	2.137	2.078	4
1180	2.235	2.078	2.059	2.176	4
1181	2.078	2.059	2.039	2.235	4
1182	1.843	2.078	2.118	2.216	4
1183	2.0	2.0	2.118	2.196	4
1184	2.216	1.902	2.255	2.157	4
1185	2.333	1.902	2.314	2.196	4
1186	2.196	1.843	2.333	2.157	4
1187	2.078	1.706	2.294	2.118	4
1188	2.059	1.647	2.196	2.039	4
1189	2.118	1.765	2.196	1.961	4
1190	2.157	1.745	2.157	1.941	4
1191	2.098	1.745	2.196	1.882	4
1192	2.0	1.784	2.039	1.922	4
1193	1.902	1.804	1.863	1.902	4
1194	1.961	1.824	1.882	1.863	4
1195	1.843	1.745	1.804	1.882	4
1196	1.784	1.608	1.843	1.882	4
1197	1.824	1.725	1.902	1.882	4
1198	1.804	1.843	1.961	1.922	4
1199	1.882	1.824	2.0	1.98	4
1200	1.902	1.843	1.98	1.961	4
1201	1.686	1.745	2.137	1.961	4
1202	1.627	1.765	2.118	1.941	4
1203	1.784	1.627	2.0	1.863	4
1204	1.902	1.647	2.039	1.824	4
1205	1.961	1.686	2.157	1.843	4
1206	2.039	1.902	2.137	1.843	4
1207	1.843	1.882	2.157	1.882	4
1208	1.804	1.784	1.922	1.843	4
1209	1.98	1.667	1.745	1.745	4
1210	1.961	1.804	1.824	1.667	4
1211	1.922	2.02	1.902	1.725	4
1212	1.863	2.176	1.922	1.863	4
1213	1.882	2.216	1.922	2.02	4
1214	1.882	2.216	1.941	2.02	4
1215	1.824	2.02	1.902	1.961	4
1216	1.804	1.98	1.98	1.98	4
1217	1.902	2.157	2.0	2.0	4
1218	1.843	2.216	2.059	2.039	4
1219	1.882	2.059	2.216	2.039	4
1220	1.922	2.02	2.255	2.02	4
1221	1.98	2.039	2.118	1.98	4
1222	2.059	2.02	2.157	1.961	4
1223	1.941	1.882	2.137	1.941	4
1224	2.0	1.784	2.098	1.863	4
1225	2.059	2.059	2.157	1.902	4
1226	2.039	2.176	2.059	1.882	4
1227	1.98	2.059	1.882	1.902	4
1228	1.922	1.961	1.863	1.863	4
1229	1.804	1.922	1.882	1.882	4
1230	1.824	1.941	1.863	1.922	4
1231	1.863	1.863	1.745	1.941	4
1232	1.784	1.98	1.863	1.941	4
1233	1.922	2.059	1.961	1.98	4
1234	1.843	2.02	2.02	2.02	4
1235	1.843	2.02	2.157	2.02	4
1236	1.882	2.0	2.137	2.02	4
1237	1.863	1.882	2.176	2.02	4
1238	1.922	1.804	2.157	2.0	4
1239	2.0	1.804	2.078	1.98	4
1240	2.137	1.706	2.059	1.902	4
1241	2.176	1.667	2.059	1.882	4
1242	2.157	1.784	2.059	1.863	4
1243	2.098	1.804	1.98	1.843	4
1244	1.882	1.961	1.961	1.843	4
1245	1.922	2.039	1.882	1.922	4
1246	1.882	1.902	1.843	2.0	4
1247	1.863	1.784	1.882	2.02	4
1248	1.843	1.725	1.784	1.922	4
1249	1.765	1.804	1.863	1.863	4
1250	1.863	1.922	2.078	1.902	4
1251	2.157	2.02	2.118	2.098	4
1252	2.176	1.922	2.196	2.196	4
1253	2.078	1.902	2.275	2.176	4
1254	1.863	1.882	2.294	2.02	4
1255	1.863	1.784	2.176	1.863	4
1256	2.0	1.745	2.118	1.765	4
1257	2.078	1.725	2.098	1.784	4
1258	2.235	1.608	2.118	1.863	4
1259	2.294	1.588	2.098	1.941	4
1260	2.314	1.647	2.0	1.922	4
1261	2.098	1.804	2.02	1.902	4
1262	1.961	1.745	1.961	1.922	4
1263	2.0	1.902	2.039	1.98	4
1264	2.0	2.039	2.02	2.078	4
1265	1.824	1.765	1.882	2.039	4
1266	1.765	1.608	1.784	1.941	4
1267	1.882	1.647	1.961	1.902	4
1268	2.078	1.804	2.137	2.0	4
1269	2.078	1.843	2.255	2.157	4
1270	2.0	1.882	2.294	2.255	4
1271	2.0	1.863	2.314	2.216	4
1272	2.078	1.824	2.255	2.039	4
1273	2.098	1.843	2.216	1.902	4
1274	2.039	1.725	2.137	1.824	4
1275	2.039	1.549	2.118	1.765	4
1276	2.078	1.608	2.059	1.863	4
1277	2.098	1.765	2.059	1.941	4
1278	2.059	1.882	2.098	2.0	4
1279	2.059	1.765	1.922	1.98	4
1280	2.039	1.784	1.863	1.941	4
1281	2.059	2.039	2.039	1.941	4
1282	1.902	2.059	2.0	2.0	4
1283	1.843	1.922	1.98	2.02	4
1284	1.941	1.922	2.0	2.039	4
1285	1.882	1.98	2.216	2.118	4
1286	1.882	2.039	2.333	2.157	4
1287	1.922	1.961	2.196	2.176	4
1288	1.941	1.941	2.216	2.137	4
1289	1.98	1.98	2.294	2.098	4
1290	1.941	1.961	2.314	2.039	4
1291	2.02	1.941	2.314	2.02	4
1292	2.039	1.98	2.235	1.961	4
1293	2.098	2.275	2.118	1.922	4
1294	2.118	2.216	2.039	1.882	4
1295	1.961	1.765	1.941	1.824	4
1296	1.863	1.843	1.882	1.843	4
1297	1.804	2.059	1.882	1.922	4
1298	1.824	1.843	1.863	1.941	4
1299	1.843	1.922	1.863	1.922	4
1300	1.824	2.02	1.843	1.902	4
1301	1.804	2.118	1.863	1.863	4
1302	1.882	2.0	1.98	1.922	4
1303	1.882	1.902	2.059	1.941	4
1304	1.804	1.941	1.98	1.961	4
1305	1.765	1.98	2.157	1.98	4
1306	1.941	1.922	2.118	1.961	4
1307	1.961	1.784	2.078	1.902	4
1308	2.0	1.804	2.02	1.843	4
1309	2.0	1.843	2.0	1.765	4
1310	1.98	1.941	1.961	1.765	4
1311	1.98	1.882	1.882	1.804	4
1312	1.843	1.804	1.863	1.882	4
1313	1.824	1.98	1.922	1.882	4
1314	1.882	2.176	1.863	1.941	4
1315	1.961	2.157	1.824	1.922	4
1316	1.824	1.882	1.804	1.941	4
1317	1.765	1.824	1.843	1.941	4
1318	1.745	1.745	1.902	1.941	4
1319	1.922	1.902	1.98	1.98	4
1320	1.961	2.098	2.196	2.02	4
1321	1.941	2.039	2.137	2.02	4
1322	1.961	1.863	2.176	2.02	4
1323	2.039	1.902	2.235	1.98	4
1324	2.0	1.961	2.235	1.961	4
1325	2.02	1.843	2.235	1.922	4
1326	2.137	1.863	2.118	1.961	4
1327	2.098	1.902	2.039	1.902	4
1328	1.961	1.98	1.941	1.882	4
1329	1.843	1.902	1.922	1.863	4
1330	1.804	1.824	1.882	1.824	4
1331	1.745	1.98	1.843	1.824	4
1332	1.804	2.0	1.863	1.863	4
1333	1.941	1.98	1.922	1.98	4
1334	2.0	1.98	1.98	2.098	4
1335	1.863	1.824	2.02	2.176	4
1336	1.784	1.725	2.02	2.078	4
1337	1.51	1.706	2.039	1.961	4
1338	1.569	1.784	2.059	1.902	4
1339	1.961	1.902	2.176	1.902	4
1340	2.235	1.784	2.137	1.941	4
1341	2.314	1.745	2.196	1.941	4
1342	2.314	1.863	2.255	1.961	4
1343	2.176	1.98	2.235	1.922	4
1344	1.961	1.843	2.0	1.882	4
1345	2.196	1.745	1.882	1.843	4
1346	2.294	1.922	1.98	1.863	4
1347	2.353	1.961	1.961	1.882	4
1348	2.098	1.902	1.941	1.941	4
1349	2.039	1.824	1.961	2.02	4
1350	1.902	1.784	1.941	2.0	4
1351	1.941	1.686	1.882	1.941	4
1352	1.902	1.647	1.941	1.824	4
1353	2.0	1.765	2.098	1.882	4
1354	1.922	1.882	2.216	2.0	4
1355	1.882	1.863	2.039	2.078	4
1356	2.0	1.549	1.98	2.118	4
1357	2.196	1.569	2.216	2.098	4
1358	2.373	1.627	2.353	2.039	4
1359	2.294	1.725	2.333	2.0	4
1360	1.902	1.765	2.275	1.941	4
1361	1.745	1.922	2.137	1.922	4
1362	1.98	1.961	1.98	1.863	4
1363	2.059	2.0	1.922	1.843	4
1364	2.098	2.078	1.941	1.863	4
1365	2.059	2.118	1.961	2.0	4
1366	2.02	2.118	2.039	2.118	4
1367	1.922	2.02	2.078	2.196	4
1368	1.882	2.02	2.137	2.196	4
1369	1.941	2.0	2.157	2.196	4
1370	1.98	1.922	2.157	2.157	4
1371	1.725	1.725	2.216	2.078	4
1372	1.725	1.549	2.078	2.0	4
1373	1.725	1.549	2.098	1.922	4
1374	1.902	1.706	2.216	1.941	4
1375	2.0	1.725	2.235	1.98	4
1376	2.059	1.686	2.216	2.02	4
1377	2.098	1.725	2.157	1.98	4
1378	1.98	1.804	2.059	1.922	4
1379	1.941	1.686	1.922	1.824	4
1380	1.824	1.686	1.843	1.725	4
1381	1.902	1.961	1.843	1.706	4
1382	1.941	2.196	1.902	1.863	4
1383	1.902	2.098	2.0	2.039	4
1384	1.882	2.098	1.961	2.098	4
1385	1.902	2.118	1.961	2.039	4
1386	1.843	2.157	1.882	1.941	4
1387	1.824	2.078	1.941	1.882	4
1388	1.745	2.0	2.176	1.922	4
1389	1.824	1.941	2.118	2.0	4
1390	1.824	1.706	2.078	1.98	4
1391	1.922	1.627	2.059	1.941	4
1392	1.922	1.725	2.078	1.863	4
1393	1.961	1.804	2.098	1.863	4
1394	2.02	1.804	2.098	1.902	4
1395	2.02	1.961	2.059	1.902	4
1396	2.039	2.118	1.902	1.882	4
1397	1.922	1.922	1.882	1.824	4
1398	1.843	1.667	1.863	1.784	4
1399	1.824	1.686	1.882	1.843	4
1400	1.843	1.922	1.863	1.941	4
1401	1.882	2.176	1.863	1.98	4
1402	1.941	2.196	1.882	2.078	4
1403	1.882	2.157	1.941	2.078	4
1404	1.922	2.118	2.118	2.059	4
1405	1.922	2.255	2.333	2.078	4
1406	1.98	2.294	2.314	2.078	4
1407	1.902	2.039	2.137	2.02	4
1408	2.0	1.765	2.118	1.961	4
1409	2.039	1.804	2.176	1.941	4
1410	2.02	1.843	2.098	1.902	4
1411	2.137	1.765	2.078	1.863	4
1412	2.176	1.824	2.078	1.863	4
1413	2.02	1.941	1.98	1.902	4
1414	1.902	1.882	1.843	1.882	4
1415	1.961	1.824	1.804	1.824	4
1416	1.882	1.922	1.745	1.804	4
1417	1.784	1.902	1.745	1.784	4
1418	1.686	1.863	1.824	1.804	4
1419	1.588	1.922	1.882	1.882	4
1420	1.627	1.98	1.922	1.941	4
1421	1.706	1.922	1.882	2.02	4
1422	1.784	1.824	1.922	2.0	4
1423	1.922	1.784	1.922	1.941	4
1424	2.176	1.843	2.118	1.863	4
1425	2.255	1.98	2.255	1.902	4
1426	1.961	2.0	2.235	1.98	4
1427	1.902	1.961	2.275	2.02	4
1428	1.922	1.843	2.039	1.941	4
1429	2.118	1.804	1.98	1.863	4
1430	2.333	1.804	1.961	1.804	4
1431	2.255	1.843	1.941	1.824	4
1432	2.137	1.863	2.0	1.902	4
1433	2.098	1.922	2.039	1.98	4
1434	2.0	1.824	1.961	2.039	4
1435	1.961	1.765	1.922	2.098	4
1436	2.0	1.588	1.882	2.059	4
1437	2.02	1.49	1.961	2.039	4
1438	2.078	1.706	2.176	2.02	4
1439	2.059	1.765	2.412	2.137	4
1440	2.02	1.784	2.392	2.216	4
1441	2.0	1.745	2.412	2.255	4
1442	2.059	1.686	2.275	2.157	4
1443	1.98	1.824	2.216	2.02	4
1444	2.255	1.902	2.196	1.922	4
1445	2.176	1.686	2.196	1.882	4
1446	1.98	1.804	2.137	1.98	4
1447	1.922	1.902	2.059	1.961	4
1448	2.098	1.961	2.078	2.0	4
1449	2.157	2.02	2.118	2.0	4
1450	2.039	2.059	2.02	2.059	4
1451	1.922	1.922	1.922	2.02	4
1452	1.804	1.804	1.922	1.902	4
1453	1.745	1.902	2.0	1.843	4
1454	1.765	2.098	2.059	1.902	4
1455	1.706	1.725	1.961	2.0	4
1456	1.784	1.725	2.098	2.098	4
1457	1.902	1.647	2.0	2.059	4
1458	1.765	1.392	1.961	1.902	4
1459	1.765	1.49	2.137	1.804	4
1460	1.961	1.922	2.275	1.843	4
1461	2.078	2.157	2.333	1.941	4
1462	2.196	2.039	2.196	1.961	4
1463	2.098	1.784	1.961	1.941	4
1464	2.059	1.745	1.961	1.824	4
1465	1.941	1.843	1.824	1.784	4
1466	1.902	1.98	1.882	1.804	4
1467	1.941	2.118	2.0	1.941	4
1468	1.961	2.098	1.922	2.059	4
1469	1.961	2.118	1.922	2.137	4
1470	1.961	2.02	1.941	2.098	4
1471	1.882	1.922	1.98	2.02	4
1472	1.902	2.059	2.137	2.0	4
1473	1.961	2.078	2.255	2.0	4
1474	2.0	1.98	2.196	2.039	4
1475	1.902	1.98	2.275	2.078	4
1476	1.902	1.902	2.098	2.059	4
1477	1.882	1.882	2.118	2.02	4
1478	2.098	1.941	2.137	1.922	4
1479	2.157	2.02	2.098	1.843	4
1480	2.059	2.02	2.098	1.784	4
1481	1.961	2.039	2.0	1.804	4
1482	1.882	2.039	1.98	1.863	4
1483	1.941	2.157	1.922	1.922	4
1484	1.941	2.176	1.863	1.961	4
1485	1.922	2.098	1.784	1.941	4
1486	1.882	2.02	1.784	1.902	4
1487	1.824	2.039	1.941	1.902	4
1488	1.706	2.078	2.02	1.98	4
1489	1.824	1.941	1.941	2.039	4
1490	1.922	1.745	2.059	2.039	4
1491	2.02	1.784	2.118	2.0	4
1492	1.863	1.667	2.118	1.961	4
1493	1.784	1.725	2.118	1.882	4
1494	1.745	1.745	2.137	1.902	4
1495	1.902	1.863	2.118	1.961	4
1496	2.02	1.882	2.059	1.98	4
1497	1.902	1.725	1.824	1.863	4
1498	1.784	1.667	1.784	1.784	4
1499	1.804	1.725	1.804	1.725	4
1500	1.824	1.922	1.843	1.745	4
1501	1.961	1.941	1.824	1.784	4
1502	1.922	1.824	1.804	1.863	4
1503	1.824	1.824	1.784	1.882	4
1504	1.765	1.902	1.882	1.902	4
1505	1.745	1.922	1.922	1.922	4
1506	1.608	1.765	1.824	1.941	4
1507	1.588	1.804	1.961	1.902	4
1508	1.922	1.961	2.039	1.922	4
1509	2.196	1.941	2.157	1.98	4
1510	2.392	1.863	2.235	2.02	4
1511	2.412	1.922	2.294	2.02	4
1512	1.98	1.863	2.196	1.941	4
1513	1.882	1.784	2.039	1.902	4
1514	2.196	1.843	2.02	1.784	4
1515	2.431	2.02	2.137	1.882	4
1516	2.431	2.098	2.137	2.039	4
1517	2.294	2.0	2.098	2.098	4
1518	2.157	2.0	2.0	2.118	4
1519	2.137	1.922	2.02	2.078	4
1520	2.039	1.863	2.039	2.02	4
1521	1.961	1.843	2.098	1.98	4
1522	1.941	1.98	2.157	2.02	4
1523	1.941	2.039	2.196	2.137	4
1524	1.843	1.843	2.157	2.137	4
1525	1.882	1.667	2.098	2.059	4
1526	2.039	1.627	2.176	1.961	4
1527	2.157	1.627	2.314	1.941	4
1528	2.176	1.804	2.451	2.0	4
1529	2.059	1.745	2.294	2.059	4
1530	2.02	1.647	2.098	2.0	4
1531	1.941	1.725	2.059	1.902	4
1532	1.882	1.686	2.02	1.843	4
1533	1.902	1.667	1.902	1.804	4
1534	1.98	1.706	1.843	1.824	4
1535	1.98	1.882	1.922	1.882	4
1536	1.98	1.882	2.059	2.02	4
1537	2.059	1.843	2.02	2.078	4
1538	1.882	1.686	1.863	2.059	4
1539	1.765	1.588	1.922	2.059	4
1540	1.784	1.686	2.02	2.059	4
1541	1.824	1.902	2.176	2.098	4
1542	1.941	1.863	2.176	2.078	4
1543	1.98	1.647	2.137	2.039	4
1544	2.039	1.569	2.157	1.961	4
1545	1.961	1.667	2.098	1.961	4
1546	1.784	1.608	2.02	1.922	4
1547	1.784	1.706	2.098	1.882	4
1548	1.941	1.843	2.078	1.902	4
1549	2.078	1.804	1.961	1.961	4
1550	1.961	1.804	1.863	1.961	4
1551	1.882	2.078	1.882	1.941	4
1552	1.902	2.412	1.922	1.902	4
1553	1.843	2.216	1.882	1.941	4
1554	1.784	1.902	1.843	1.961	4
1555	1.843	1.961	1.961	2.0	4
1556	1.843	2.157	2.059	2.059	4
1557	1.745	2.176	2.039	2.098	4
1558	1.824	2.157	2.176	2.059	4
1559	1.902	2.157	2.196	2.039	4
1560	2.0	2.137	2.196	1.941	4
1561	2.098	1.922	2.098	1.843	4
1562	2.176	2.098	2.157	1.784	4
1563	2.039	2.196	2.196	1.863	4
1564	1.98	2.059	2.275	1.961	4
1565	2.196	2.02	2.157	2.0	4
1566	2.216	1.863	2.078	1.902	4
1567	2.118	1.863	1.804	1.784	4
1568	1.922	2.098	1.804	1.706	4
1569	1.765	2.255	1.902	1.765	4
1570	2.02	2.176	1.902	1.882	4
1571	2.196	2.118	1.882	2.02	4
1572	2.137	2.039	1.941	2.059	4
1573	1.922	1.922	1.961	2.078	4
1574	1.784	1.902	2.078	2.078	4
1575	1.784	1.98	2.275	2.059	4
1576	1.882	2.059	2.275	2.078	4
1577	2.02	1.98	2.255	2.078	4
1578	2.098	1.902	2.157	2.039	4
1579	2.098	1.843	2.098	1.941	4
1580	2.039	1.784	2.02	1.863	4
1581	1.863	1.765	2.039	1.784	4
1582	1.863	1.941	2.039	1.824	4
1583	1.941	1.902	1.922	1.863	4
1584	1.725	1.843	1.824	1.824	4
1585	1.569	1.804	1.745	1.765	4
1586	1.706	1.824	1.725	1.745	4
1587	1.922	1.863	1.745	1.765	4
1588	1.941	1.902	1.863	1.863	4
1589	1.961	1.961	1.98	1.961	4
1590	2.02	2.059	2.059	1.98	4
1591	1.804	1.843	1.882	2.02	4
1592	1.824	1.824	2.0	2.039	4
1593	1.961	1.824	2.078	1.98	4
1594	1.922	1.784	2.176	1.941	4
1595	2.157	1.863	2.255	1.922	4
1596	2.314	1.843	2.235	1.98	4
1597	2.235	1.725	2.137	1.98	4
1598	2.078	1.686	2.176	1.98	4
1599	2.157	1.863	2.235	1.941	4
1600	2.196	1.902	2.098	1.961	4
1601	2.039	1.804	1.882	1.941	4
1602	1.941	1.725	1.882	1.882	4
1603	1.98	1.745	1.882	1.882	4
1604	1.961	1.725	1.902	1.922	4
1605	1.824	1.588	1.863	2.02	4
1606	1.627	1.627	1.941	2.118	4
1607	1.686	1.745	2.098	2.137	4
1608	1.804	1.843	2.137	2.157	4
1609	1.902	1.765	2.157	2.098	4
1610	1.941	1.784	2.196	2.059	4
1611	1.863	1.725	2.196	2.039	4
1612	1.863	1.569	2.196	2.039	4
1613	2.0	1.549	2.216	2.02	4
1614	2.216	1.647	2.196	2.02	4
1615	2.176	1.745	2.275	1.98	4
1616	2.118	1.863	2.137	2.0	4
1617	2.137	1.922	2.059	1.961	4
1618	2.098	1.961	2.02	1.922	4
1619	2.078	1.882	1.98	1.922	4
1620	1.961	1.765	1.941	1.98	4
1621	1.902	1.804	1.961	2.059	4
1622	1.922	1.863	1.98	2.098	4
1623	1.941	1.765	1.98	2.098	4
1624	1.941	1.765	2.02	2.039	4
1625	1.922	1.922	2.118	2.039	4
1626	1.765	1.843	2.039	2.0	4
1627	1.824	1.882	2.078	1.961	4
1628	1.922	2.0	2.255	1.961	4
1629	1.922	2.0	2.275	1.98	4
1630	2.137	1.922	2.157	1.98	4
1631	2.137	1.804	2.098	1.922	4
1632	2.02	2.0	2.235	1.863	4
1633	2.039	2.118	2.137	1.784	4
1634	2.02	2.0	1.961	1.765	4
1635	1.941	2.02	1.961	1.784	4
1636	2.02	2.157	1.941	1.824	4
1637	2.039	2.176	1.843	1.863	4
1638	1.902	2.137	1.745	1.882	4
1639	1.824	2.02	1.863	1.863	4
1640	1.824	1.941	1.941	1.902	4
1641	1.784	1.961	1.882	1.863	4
1642	1.863	1.961	1.941	1.902	4
1643	1.843	1.961	2.098	1.961	4
1644	1.961	1.922	2.137	2.0	4
1645	1.98	2.039	2.235	2.02	4
1646	1.922	2.0	2.157	1.961	4
1647	1.843	1.961	2.078	1.941	4
1648	1.922	2.0	2.137	1.882	4
1649	1.98	1.961	2.118	1.863	4
1650	1.941	1.98	2.02	1.824	4
1651	2.039	2.02	1.863	1.765	4
1652	1.922	2.02	1.824	1.784	4
1653	1.863	2.078	1.922	1.824	4
1654	1.882	2.157	1.961	1.941	4
1655	1.863	2.059	1.902	2.0	4
1656	1.765	2.078	1.824	2.02	4
1657	1.784	2.02	1.725	1.961	4
1658	1.902	1.882	1.902	1.941	4
1659	1.824	1.843	2.0	2.0	4
1660	1.706	1.745	2.098	2.039	4
1661	1.745	1.902	2.176	2.098	4
1662	1.784	1.941	2.216	2.078	4
1663	1.784	1.863	2.118	1.98	4
1664	1.745	1.706	2.0	1.843	4
1665	1.784	1.667	1.941	1.784	4
1666	2.157	1.745	2.02	1.804	4
1667	2.294	1.824	2.078	1.882	4
1668	2.353	1.941	2.078	1.941	4
1669	2.333	1.941	2.118	1.961	4
1670	2.216	1.941	2.059	1.961	4
1671	1.725	1.941	1.902	1.98	4
1672	1.686	1.922	1.902	1.922	4
1673	1.922	1.882	1.882	1.882	4
1674	2.039	1.804	1.941	1.882	4
1675	2.02	1.882	2.039	1.98	4
1676	2.078	1.824	2.157	2.098	4
1677	2.098	1.882	2.255	2.196	4
1678	2.118	1.745	2.216	2.196	4
1679	2.039	1.686	2.275	2.118	4
1680	1.941	1.647	2.196	2.0	4
1681	1.863	1.647	2.196	1.922	4
1682	1.902	1.647	2.157	1.863	4
1683	2.039	1.725	2.118	1.843	4
1684	2.196	1.784	2.059	1.863	4
1685	2.176	1.784	2.039	1.882	4
1686	2.118	1.745	2.0	1.961	4
1687	2.118	1.804	2.098	2.0	4
1688	2.0	1.843	1.961	2.039	4
1689	1.725	1.784	1.804	2.039	4
1690	1.686	1.627	1.824	1.961	4
1691	1.941	1.686	1.863	1.922	4
1692	2.039	1.784	2.02	1.922	4
1693	2.02	1.882	2.078	2.02	4
1694	1.941	1.765	2.137	2.118	4
1695	1.941	1.706	2.176	2.157	4
1696	2.02	1.824	2.255	2.118	4
1697	2.059	1.686	2.196	2.039	4
1698	2.059	1.647	2.196	1.941	4
1699	2.137	1.725	2.176	1.902	4
1700	2.157	1.804	2.196	1.882	4
1701	2.176	1.922	2.157	1.961	4
1702	2.118	1.961	2.078	1.961	4
1703	1.863	1.902	1.863	1.902	4
1704	1.863	1.961	1.941	1.843	4
1705	1.902	2.118	1.902	1.882	4
1706	1.98	2.196	1.902	1.922	4
1707	2.059	2.294	2.0	1.961	4
1708	1.98	2.137	1.98	1.961	4
1709	1.843	1.98	1.961	1.98	4
1710	1.863	2.078	2.118	2.039	4
1711	1.902	2.078	2.235	2.118	4
1712	1.961	2.0	2.176	2.118	4
1713	1.843	1.941	2.196	2.059	4
1714	1.843	1.882	2.176	1.98	4
1715	1.843	1.882	2.118	1.941	4
1716	1.843	1.804	2.039	1.902	4
1717	1.882	1.824	2.02	1.863	4
1718	1.922	1.843	2.02	1.824	4
1719	1.941	1.824	2.0	1.804	4
1720	1.804	1.765	1.941	1.804	4
1721	1.784	1.765	1.804	1.863	4
1722	1.843	1.961	1.745	1.941	4
1723	1.863	2.0	1.843	2.02	4
1724	1.902	2.02	1.863	2.0	4
1725	1.784	2.02	1.882	1.941	4
1726	1.725	2.0	2.0	1.941	4
1727	1.745	1.941	2.039	1.961	4
1728	1.843	1.941	2.059	2.02	4
1729	1.961	2.059	2.118	2.02	4
1730	2.098	2.157	2.216	2.039	4
1731	2.176	2.078	2.255	2.02	4
1732	2.176	2.039	2.216	1.961	4
1733	2.137	2.02	2.137	1.922	4
1734	2.078	2.0	2.157	1.824	4
1735	2.137	2.039	2.098	1.824	4
1736	2.078	2.0	1.98	1.784	4
1737	1.98	1.98	1.941	1.843	4
1738	2.02	1.941	1.882	1.863	4
1739	2.059	1.941	1.863	1.902	4
1740	1.961	1.941	1.882	1.922	4
1741	1.902	1.902	1.941	1.941	4
1742	1.863	1.863	1.902	1.98	4
1743	1.824	1.863	1.98	2.02	4
1744	1.843	1.784	2.02	2.02	4
1745	1.843	1.765	2.157	2.02	4
1746	1.98	1.784	2.176	2.059	4
1747	1.961	1.745	2.235	2.039	4
1748	2.039	1.725	2.216	2.02	4
1749	2.039	1.725	2.196	1.961	4
1750	2.059	1.725	2.196	1.941	4
1751	2.039	1.745	2.157	1.922	4
1752	2.0	1.784	2.098	1.902	4
1753	2.039	1.784	2.0	1.902	4
1754	1.941	1.784	1.902	1.863	4
1755	1.961	1.804	1.902	1.843	4
1756	1.863	1.824	1.824	1.863	4
1757	1.824	1.863	1.863	1.922	4
1758	1.882	1.882	1.902	2.02	4
1759	1.882	1.843	1.922	2.02	4
1760	1.843	1.843	1.941	2.039	4
1761	1.824	1.784	1.961	2.0	4
1762	1.784	1.765	2.078	2.0	4
1763	1.863	1.784	2.098	1.98	4
1764	1.922	1.765	2.176	1.98	4
1765	2.0	1.784	2.196	1.98	4
1766	2.0	1.784	2.157	1.961	4
1767	2.0	1.784	2.118	1.941	4
1768	2.02	1.765	2.118	1.882	4
1769	2.118	1.843	2.059	1.882	4
1770	2.078	1.843	2.0	1.863	4
1771	2.039	1.863	1.941	1.824	4
1772	2.059	1.922	1.922	1.863	4
1773	2.0	1.922	1.882	1.882	4
1774	1.922	1.941	1.882	1.961	4
1775	1.922	1.941	1.922	1.98	4
1776	1.902	1.922	1.922	2.0	4
1777	1.804	1.922	1.98	2.02	4
1778	1.902	1.882	2.059	2.059	4
1779	1.902	1.843	2.118	2.039	4
1780	1.961	1.843	2.157	2.039	4
1781	2.0	1.824	2.216	2.02	4
1782	2.059	1.824	2.216	2.0	4
1783	2.078	1.843	2.196	1.98	4
1784	2.059	1.824	2.196	1.961	4
1785	2.078	1.824	2.118	1.882	4
1786	2.078	1.863	2.078	1.902	4
1787	2.098	1.863	2.039	1.863	4
1788	2.02	1.882	1.922	1.882	4
1789	2.0	1.902	1.902	1.863	4
1790	1.941	1.941	1.863	1.882	4
1791	1.882	1.941	1.882	1.922	4
1792	1.863	1.922	1.922	1.961	4
1793	1.882	1.922	1.941	2.0	4
1794	1.843	1.941	1.98	1.98	4
1795	1.882	1.922	2.02	2.02	4
1796	1.843	1.843	2.118	2.02	4
1797	1.922	1.784	2.118	2.02	4
1798	1.961	1.784	2.157	1.961	4
1799	2.039	1.765	2.176	1.941	4
1800	1.98	1.784	2.137	1.922	4
1801	2.02	1.765	2.137	1.902	4
1802	2.098	1.824	2.098	1.882	4
1803	2.059	1.863	2.059	1.863	4
1804	2.02	1.882	2.0	1.843	4
1805	1.941	1.902	1.902	1.824	4
1806	1.961	1.902	1.902	1.863	4
1807	1.882	1.98	1.882	1.902	4
1808	1.843	2.0	1.922	1.98	4
1809	1.882	2.02	1.902	2.0	4
1810	1.824	2.02	1.941	2.02	4
1811	1.765	2.039	1.98	2.039	4
1812	1.804	2.02	2.059	2.039	4
1813	1.824	2.0	2.176	2.059	4
1814	1.863	2.0	2.196	2.059	4
1815	1.882	1.961	2.255	2.059	4
1816	1.941	1.941	2.235	2.059	4
1817	1.961	1.961	2.235	2.039	4
1818	2.02	1.961	2.216	2.0	4
1819	2.059	1.941	2.176	1.961	4
1820	2.02	1.961	2.118	1.922	4
1821	2.039	1.98	2.078	1.902	4
1822	2.0	1.961	1.961	1.863	4
1823	1.961	1.98	1.941	1.902	4
1824	1.941	1.98	1.902	1.922	4
1825	1.902	1.98	1.902	1.961	4
1826	1.882	1.98	1.922	1.98	4
1827	1.882	1.941	1.941	2.0	4
1828	1.863	1.941	1.961	2.02	4
1829	1.863	1.922	2.0	2.02	4
1830	1.843	1.882	2.118	2.039	4
1831	1.922	1.863	2.137	2.02	4
1832	1.941	1.863	2.196	2.0	4
1833	2.0	1.824	2.216	1.98	4
1834	2.02	1.843	2.176	1.961	4
1835	2.0	1.843	2.176	1.922	4
1836	2.059	1.843	2.157	1.863	4
1837	2.137	1.882	2.059	1.882	4
1838	2.059	1.882	2.02	1.863	4
1839	2.0	1.882	1.922	1.863	4
1840	1.98	1.882	1.902	1.843	4
1841	1.961	1.941	1.863	1.882	4
1842	1.902	1.922	1.882	1.922	4
1843	1.863	1.902	1.902	1.98	4
1844	1.863	1.922	1.961	1.98	4
1845	1.882	1.902	1.98	2.02	4
1846	1.882	1.882	2.039	2.059	4
1847	1.863	1.824	2.137	2.039	4
1848	1.941	1.824	2.118	2.039	4
1849	1.941	1.784	2.176	2.0	4
1850	2.02	1.765	2.176	1.98	4
1851	2.059	1.824	2.196	1.941	4
1852	2.039	1.784	2.176	1.922	4
1853	2.039	1.784	2.118	1.961	4
1854	2.039	1.824	2.078	1.882	4
1855	2.059	1.863	2.02	1.863	4
1856	2.0	1.882	1.941	1.843	4
1857	1.98	1.882	1.902	1.863	4
1858	1.961	1.902	1.863	1.882	4
1859	1.922	1.922	1.902	1.922	4
1860	1.902	1.922	1.922	1.961	4
1861	1.863	1.882	1.941	2.0	4
1862	1.843	1.882	1.941	2.0	4
1863	1.902	1.922	2.039	2.02	4
1864	1.863	1.863	2.137	2.059	4
1865	1.941	1.824	2.157	2.059	4
1866	1.941	1.804	2.176	2.02	4
1867	2.0	1.804	2.216	1.98	4
1868	2.039	1.804	2.157	1.941	4
1869	2.02	1.824	2.157	1.922	4
1870	2.039	1.804	2.176	1.863	4
1871	2.137	1.843	2.078	1.902	4
1872	2.059	1.882	2.02	1.843	4
1873	2.02	1.882	1.941	1.863	4
1874	1.98	1.902	1.922	1.863	4
1875	1.961	1.922	1.882	1.902	4
1876	1.902	1.961	1.902	1.961	4
1877	1.882	1.922	1.922	1.98	4
1878	1.882	1.922	1.922	1.98	4
1879	1.882	1.902	2.0	2.02	4
1880	1.882	1.882	2.039	2.059	4
1881	1.863	1.863	2.118	2.039	4
1882	1.941	1.843	2.137	2.02	4
1883	1.941	1.824	2.196	2.02	4
1884	2.0	1.804	2.196	1.961	4
1885	2.039	1.843	2.196	1.941	4
1886	2.039	1.804	2.137	1.922	4
1887	2.078	1.804	2.137	1.882	4
1888	2.098	1.863	2.118	1.902	4
1889	2.118	1.863	2.039	1.863	4
1890	2.02	1.863	1.902	1.843	4
1891	2.0	1.882	1.882	1.843	4
1892	1.961	1.922	1.843	1.882	4
1893	1.922	1.922	1.882	1.922	4
1894	1.922	1.941	1.902	1.98	4
1895	1.882	1.941	1.922	2.0	4
1896	1.843	1.922	2.0	2.02	4
1897	1.843	1.902	2.0	2.059	4
1898	1.902	1.882	2.118	2.059	4
1899	1.961	1.843	2.118	2.039	4
1900	1.98	1.824	2.157	1.98	4
1901	2.039	1.824	2.176	1.961	4
1902	2.039	1.824	2.157	1.941	4
1903	2.039	1.804	2.137	1.941	4
1904	2.098	1.824	2.118	1.882	4
1905	2.078	1.882	2.059	1.882	4
1906	2.078	1.882	2.0	1.863	4
1907	2.02	1.882	1.922	1.863	4
1908	2.0	1.882	1.882	1.863	4
1909	2.0	1.922	1.843	1.882	4
1910	1.961	1.941	1.863	1.922	4
1911	1.882	1.961	1.922	1.961	4
1912	1.843	1.941	1.941	2.0	4
1913	1.784	1.941	2.0	2.059	4
1914	1.843	1.922	2.039	2.078	4
1915	1.863	1.902	2.137	2.078	4
1916	1.922	1.882	2.157	2.059	4
1917	1.941	1.882	2.196	2.039	4
1918	1.98	1.863	2.216	1.98	4
1919	2.0	1.882	2.216	1.98	4
1920	1.98	1.902	2.196	1.961	4
1921	2.0	1.882	2.196	1.941	4
1922	2.078	1.922	2.118	1.941	4
1923	2.078	1.922	2.039	1.902	4
1924	2.0	1.922	1.922	1.863	4
1925	1.961	1.941	1.922	1.843	4
1926	1.922	1.98	1.902	1.882	4
1927	1.902	1.98	1.922	1.961	4
1928	1.882	1.98	1.941	2.0	4
1929	1.882	1.961	1.941	2.02	4
1930	1.843	1.922	1.98	2.02	4
1931	1.863	1.922	2.02	2.059	4
1932	1.863	1.902	2.118	2.039	4
1933	1.961	1.882	2.157	2.059	4
1934	1.961	1.863	2.196	2.02	4
1935	2.02	1.824	2.216	2.0	4
1936	2.02	1.824	2.157	1.98	4
1937	2.039	1.824	2.176	1.941	4
1938	2.059	1.882	2.137	1.941	4
1939	2.059	1.902	2.137	1.902	4
1940	2.078	1.922	2.059	1.902	4
1941	2.039	1.902	1.941	1.882	4
1942	2.0	1.922	1.922	1.882	4
1943	1.961	1.961	1.882	1.882	4
1944	1.922	1.941	1.902	1.941	4
1945	1.902	1.941	1.902	1.98	4
1946	1.902	1.941	1.922	1.98	4
1947	1.882	1.902	2.0	2.039	4
1948	1.902	1.922	2.039	2.039	4
1949	1.843	1.843	2.137	2.039	4
1950	1.922	1.824	2.137	2.059	4
1951	1.961	1.824	2.196	2.02	4
1952	2.02	1.824	2.196	2.0	4
1953	2.039	1.824	2.157	1.941	4
1954	2.039	1.804	2.157	1.941	4
1955	2.059	1.824	2.118	1.902	4
1956	2.078	1.863	2.118	1.882	4
1957	2.059	1.902	2.039	1.863	4
1958	2.039	1.882	1.941	1.843	4
1959	2.0	1.882	1.902	1.843	4
1960	1.98	1.941	1.863	1.863	4
1961	1.922	1.941	1.902	1.941	4
1962	1.902	1.922	1.902	1.961	4
1963	1.902	1.941	1.922	2.0	4
1964	1.843	1.922	1.98	2.0	4
1965	1.863	1.843	2.0	2.02	4
1966	1.863	1.863	2.118	2.02	4
1967	1.941	1.824	2.137	2.039	4
1968	1.941	1.824	2.176	2.02	4
1969	2.02	1.804	2.176	1.961	4
1970	2.02	1.804	2.157	1.941	4
1971	2.02	1.804	2.157	1.922	4
1972	2.078	1.824	2.137	1.882	4
1973	2.02	1.843	2.078	1.922	4
1974	2.078	1.863	2.039	1.863	4
1975	2.039	1.902	1.922	1.843	4
1976	1.98	1.902	1.922	1.843	4
1977	1.941	1.922	1.863	1.882	4
1978	1.882	1.922	1.882	1.922	4
1979	1.902	1.941	1.902	1.961	4
1980	1.843	1.941	1.922	2.0	4
1981	1.843	1.902	1.98	2.02	4
1982	1.863	1.882	2.0	2.039	4
1983	1.843	1.843	2.098	2.02	4
1984	1.922	1.824	2.118	2.039	4
1985	1.922	1.824	2.196	2.0	4
1986	2.02	1.804	2.196	1.961	4
1987	2.0	1.804	2.157	1.941	4
1988	2.039	1.804	2.176	1.941	4
1989	2.059	1.824	2.137	1.882	4
1990	2.118	1.882	2.098	1.882	4
1991	2.039	1.882	2.02	1.882	4
1992	2.0	1.882	1.922	1.843	4
1993	2.0	1.902	1.922	1.843	4
1994	1.941	1.941	1.882	1.882	4
1995	1.863	1.922	1.902	1.941	4
1996	1.863	1.941	1.902	1.98	4
1997	1.863	1.922	1.922	1.98	4
1998	1.863	1.902	1.961	2.02	4
1999	1.843	1.922	2.039	2.059	4
