time	channel1	channel2	channel3	channel4	class
0	2.098	1.784	2.078	1.882	0
1	2.039	1.863	2.0	1.843	0
2	2.039	1.863	1.804	1.804	0
3	1.941	1.902	1.765	1.784	0
4	1.922	1.961	1.725	1.824	0
5	1.843	1.98	1.745	1.882	0
6	1.843	1.961	1.843	1.961	0
7	1.843	1.961	1.902	2.0	0
8	1.843	1.922	1.941	2.0	0
9	1.843	1.941	2.039	2.0	0
10	1.863	1.882	2.196	2.078	0
11	1.882	1.882	2.314	2.098	0
12	1.961	1.843	2.314	2.118	0
13	2.02	1.804	2.373	2.059	0
14	2.059	1.784	2.275	2.02	0
15	2.02	1.784	2.216	1.922	0
16	2.059	1.765	2.176	1.902	0
17	2.078	1.804	2.02	1.882	0
18	2.078	1.843	1.98	1.824	0
19	2.039	1.882	1.804	1.824	0
20	1.922	1.902	1.784	1.804	0
21	1.882	1.961	1.745	1.863	0
22	1.882	2.0	1.765	1.882	0
23	1.863	1.98	1.824	1.941	0
24	1.863	1.961	1.863	1.961	0
25	1.863	1.922	1.941	2.0	0
26	1.824	1.922	2.02	2.039	0
27	1.882	1.922	2.157	2.078	0
28	1.922	1.902	2.314	2.137	0
29	2.02	1.882	2.353	2.098	0
30	2.02	1.882	2.373	2.078	0
31	2.0	1.843	2.294	2.02	0
32	2.039	1.843	2.235	1.961	0
33	2.059	1.882	2.196	1.961	0
34	2.078	1.882	2.098	1.922	0
35	2.02	1.902	1.98	1.882	0
36	2.0	1.941	1.843	1.824	0
37	1.961	1.961	1.784	1.804	0
38	1.902	1.98	1.745	1.804	0
39	1.882	2.0	1.784	1.863	0
40	1.863	1.98	1.804	1.922	0
41	1.843	1.98	1.882	1.98	0
42	1.863	1.961	1.98	2.02	0
43	1.843	1.941	2.039	2.039	0
44	1.902	1.882	2.157	2.098	0
45	1.941	1.843	2.275	2.078	0
46	1.98	1.824	2.314	2.098	0
47	2.078	1.804	2.333	2.039	0
48	2.157	1.784	2.294	1.98	0
49	2.098	1.765	2.196	1.961	0
50	2.078	1.745	2.176	1.922	0
51	2.078	1.784	2.137	1.902	0
52	2.098	1.843	1.98	1.843	0
53	2.059	1.863	1.824	1.804	0
54	1.882	1.882	1.784	1.804	0
55	1.922	1.98	1.745	1.804	0
56	1.98	2.0	1.765	1.902	0
57	1.882	1.961	1.843	1.98	0
58	1.824	1.922	1.863	2.02	0
59	1.843	1.941	1.922	2.0	0
60	1.902	1.941	2.098	2.02	0
61	1.922	1.941	2.196	2.098	0
62	1.961	1.843	2.314	2.098	0
63	1.941	1.784	2.294	2.098	0
64	1.98	1.784	2.294	2.039	0
65	2.059	1.843	2.314	2.0	0
66	2.059	1.824	2.275	1.941	0
67	2.059	1.804	2.216	1.961	0
68	2.098	1.843	2.137	1.961	0
69	2.078	1.843	1.98	1.863	0
70	2.039	1.902	1.824	1.804	0
71	1.941	1.902	1.784	1.784	0
72	1.902	1.961	1.765	1.824	0
73	1.882	1.961	1.745	1.863	0
74	1.882	1.941	1.804	1.961	0
75	1.882	1.941	1.843	1.98	0
76	1.843	1.922	1.902	2.02	0
77	1.804	1.863	2.059	2.039	0
78	1.882	1.882	2.216	2.098	0
79	1.941	1.863	2.294	2.098	0
80	2.0	1.824	2.314	2.078	0
81	2.039	1.784	2.314	2.078	0
82	2.059	1.784	2.275	2.0	0
83	2.059	1.784	2.235	1.941	0
84	2.0	1.804	2.176	1.922	0
85	2.02	1.843	2.118	1.941	0
86	2.118	1.902	2.0	1.882	0
87	2.059	1.882	1.843	1.843	0
88	1.961	1.922	1.804	1.824	0
89	1.902	1.941	1.745	1.843	0
90	1.863	1.961	1.745	1.863	0
91	1.863	1.98	1.804	1.941	0
92	1.863	2.0	1.882	2.02	0
93	1.863	1.98	1.961	2.0	0
94	1.843	1.902	2.059	2.059	0
95	1.824	1.882	2.118	2.118	0
96	1.922	1.863	2.275	2.098	0
97	1.98	1.824	2.294	2.078	0
98	2.02	1.804	2.333	2.039	0
99	2.078	1.784	2.294	1.98	0
100	2.059	1.804	2.235	1.941	0
101	2.098	1.804	2.196	1.902	0
102	2.098	1.824	2.098	1.882	0
103	2.078	1.843	2.0	1.843	0
104	2.039	1.902	1.843	1.824	0
105	1.922	1.922	1.784	1.804	0
106	1.941	1.941	1.765	1.804	0
107	1.902	1.98	1.745	1.863	0
108	1.902	1.961	1.784	1.922	0
109	1.863	1.941	1.843	1.941	0
110	1.843	1.961	1.961	1.98	0
111	1.922	1.961	2.078	2.059	0
112	1.863	1.882	2.118	2.098	0
113	1.863	1.804	2.235	2.118	0
114	1.922	1.824	2.314	2.078	0
115	2.059	1.843	2.373	2.039	0
116	2.098	1.804	2.294	2.0	0
117	2.02	1.765	2.255	1.98	0
118	2.078	1.784	2.176	1.941	0
119	2.078	1.824	2.059	1.863	0
120	2.059	1.882	2.0	1.863	0
121	2.02	1.941	1.882	1.843	0
122	1.922	1.922	1.804	1.843	0
123	1.922	1.961	1.725	1.843	0
124	1.882	1.98	1.745	1.902	0
125	1.863	1.98	1.784	1.902	0
126	1.863	1.98	1.902	1.922	0
127	1.902	1.961	1.922	2.0	0
128	1.882	1.941	2.039	2.039	0
129	1.941	1.843	2.098	2.078	0
130	1.922	1.784	2.255	2.098	0
131	2.0	1.765	2.333	2.098	0
132	2.02	1.804	2.333	2.02	0
133	2.059	1.745	2.294	1.98	0
134	2.098	1.784	2.235	1.922	0
135	2.039	1.843	2.196	1.922	0
136	2.02	1.843	2.157	1.961	0
137	2.078	1.863	2.02	1.922	0
138	2.098	1.902	1.882	1.863	0
139	1.961	1.922	1.765	1.784	0
140	1.882	1.961	1.765	1.765	0
141	1.843	2.02	1.745	1.863	0
142	1.784	2.02	1.824	1.941	0
143	1.804	2.039	1.902	2.02	0
144	1.784	2.02	1.961	2.078	0
145	1.804	1.98	2.078	2.098	0
146	1.863	1.941	2.196	2.118	0
147	1.902	1.922	2.314	2.118	0
148	1.961	1.863	2.314	2.118	0
149	1.961	1.824	2.353	2.098	0
150	2.059	1.804	2.314	2.02	0
151	2.098	1.804	2.216	1.961	0
152	2.078	1.804	2.216	1.922	0
153	2.098	1.863	2.196	1.922	0
154	2.118	1.882	2.059	1.902	0
155	2.02	1.882	1.824	1.843	0
156	1.98	1.902	1.765	1.824	0
157	1.98	1.961	1.765	1.784	0
158	1.922	1.98	1.765	1.843	0
159	1.863	1.941	1.824	1.902	0
160	1.863	1.941	1.843	1.961	0
161	1.882	1.922	1.863	1.961	0
162	1.902	1.882	1.98	2.0	0
163	1.863	1.882	2.157	2.059	0
164	1.922	1.843	2.314	2.118	0
165	2.02	1.804	2.314	2.098	0
166	2.059	1.784	2.333	2.059	0
167	2.059	1.765	2.255	1.98	0
168	2.078	1.745	2.216	1.922	0
169	2.059	1.765	2.196	1.941	0
170	2.078	1.824	2.137	1.922	0
171	2.098	1.863	2.039	1.863	0
172	2.039	1.922	1.882	1.843	0
173	1.941	1.902	1.765	1.824	0
174	1.961	1.961	1.745	1.824	0
175	1.902	1.98	1.725	1.863	0
176	1.863	2.0	1.804	1.922	0
177	1.882	2.0	1.882	1.961	0
178	1.863	2.0	1.961	2.0	0
179	1.863	1.961	2.059	2.059	0
180	1.902	1.922	2.137	2.078	0
181	1.882	1.863	2.235	2.098	0
182	1.922	1.804	2.275	2.078	0
183	2.0	1.824	2.333	2.078	0
184	2.059	1.804	2.294	2.02	0
185	2.098	1.784	2.235	1.961	0
186	2.039	1.784	2.176	1.922	0
187	2.059	1.804	2.137	1.882	0
188	2.078	1.863	2.0	1.863	0
189	2.118	1.922	1.902	1.863	0
190	2.0	1.922	1.765	1.843	0
191	1.961	1.922	1.765	1.824	0
192	1.941	1.98	1.745	1.863	0
193	1.843	1.961	1.804	1.882	0
194	1.843	1.941	1.863	1.941	0
195	1.922	1.961	1.941	1.98	0
196	1.922	1.922	2.059	2.02	0
197	1.882	1.922	2.118	2.078	0
198	1.941	1.824	2.235	2.098	0
199	2.0	1.765	2.255	2.098	0
200	2.02	1.784	2.353	2.039	0
201	2.078	1.784	2.294	2.0	0
202	2.098	1.784	2.216	1.941	0
203	2.059	1.804	2.216	1.922	0
204	2.02	1.804	2.157	1.922	0
205	2.078	1.824	2.0	1.922	0
206	2.059	1.902	1.863	1.863	0
207	1.961	1.922	1.784	1.804	0
208	1.882	1.961	1.745	1.843	0
209	1.863	2.02	1.725	1.843	0
210	1.784	2.0	1.804	1.941	0
211	1.863	2.0	1.863	2.0	0
212	1.882	1.98	1.922	2.02	0
213	1.843	2.02	2.02	2.078	0
214	1.843	1.922	2.157	2.098	0
215	1.863	1.902	2.255	2.118	0
216	1.941	1.882	2.333	2.098	0
217	2.0	1.863	2.353	2.078	0
218	2.02	1.804	2.314	2.039	0
219	2.039	1.784	2.275	2.0	0
220	2.059	1.804	2.216	1.961	0
221	2.059	1.824	2.137	1.863	0
222	2.098	1.882	2.039	1.882	0
223	2.059	1.941	1.941	1.843	0
224	1.961	1.922	1.784	1.843	0
225	1.941	1.941	1.784	1.824	0
226	1.941	1.961	1.745	1.863	0
227	1.843	1.961	1.784	1.922	0
228	1.863	1.941	1.843	1.961	0
229	1.863	1.961	1.902	1.98	0
230	1.843	1.922	2.0	2.02	0
231	1.902	1.922	2.137	2.059	0
232	1.922	1.882	2.275	2.098	0
233	1.98	1.824	2.314	2.118	0
234	2.0	1.804	2.333	2.078	0
235	2.059	1.784	2.333	2.02	0
236	2.078	1.784	2.255	1.941	0
237	2.059	1.804	2.216	1.902	0
238	2.059	1.824	2.137	1.922	0
239	2.098	1.902	2.02	1.882	0
240	2.059	1.941	1.961	1.843	0
241	1.98	1.922	1.804	1.804	0
242	1.902	1.882	1.725	1.784	0
243	1.882	1.922	1.706	1.824	0
244	1.843	1.98	1.824	1.902	0
245	1.882	1.98	1.863	1.941	0
246	1.863	1.98	1.941	2.02	0
247	1.843	1.941	2.0	2.078	0
248	1.902	1.922	2.176	2.098	0
249	1.902	1.843	2.255	2.078	0
250	1.98	1.843	2.333	2.078	0
251	2.02	1.804	2.373	2.078	0
252	2.0	1.745	2.275	2.02	0
253	2.039	1.765	2.196	1.941	0
254	2.118	1.824	2.196	1.902	0
255	2.118	1.824	2.137	1.863	0
256	2.118	1.824	2.039	1.863	0
257	2.059	1.882	1.922	1.843	0
258	1.98	1.882	1.765	1.784	0
259	1.961	1.922	1.745	1.784	0
260	1.902	1.941	1.745	1.824	0
261	1.843	1.961	1.765	1.882	0
262	1.863	1.961	1.824	1.922	0
263	1.882	1.941	1.863	1.961	0
264	1.843	1.941	1.961	2.02	0
265	1.863	1.902	2.118	2.039	0
266	1.882	1.902	2.255	2.098	0
267	1.961	1.804	2.275	2.098	0
268	2.02	1.784	2.294	2.078	0
269	2.039	1.784	2.294	2.02	0
270	2.059	1.765	2.275	1.98	0
271	2.059	1.784	2.216	1.941	0
272	2.098	1.804	2.137	1.882	0
273	2.098	1.882	2.039	1.882	0
274	2.059	1.922	1.961	1.882	0
275	1.98	1.922	1.784	1.863	0
276	1.902	1.922	1.765	1.843	0
277	1.902	1.98	1.745	1.843	0
278	1.863	2.02	1.804	1.902	0
279	1.882	2.0	1.902	1.961	0
280	1.824	1.941	1.882	2.02	0
281	1.804	1.902	2.039	2.118	0
282	1.882	1.922	2.137	2.098	0
283	1.941	1.902	2.294	2.098	0
284	1.98	1.843	2.294	2.118	0
285	2.02	1.824	2.333	2.059	0
286	2.059	1.784	2.314	2.02	0
287	2.059	1.804	2.235	1.961	0
288	2.059	1.784	2.196	1.922	0
289	2.098	1.804	2.118	1.902	0
290	2.098	1.882	2.02	1.863	0
291	2.059	1.902	1.882	1.843	0
292	1.961	1.902	1.745	1.784	0
293	1.961	1.902	1.725	1.784	0
294	1.961	1.922	1.706	1.804	0
295	1.902	1.941	1.765	1.863	0
296	1.863	1.961	1.863	1.922	0
297	1.824	1.961	1.922	2.0	0
298	1.843	1.961	2.02	2.039	0
299	1.843	1.922	2.176	2.078	0
300	1.902	1.863	2.216	2.118	0
301	1.922	1.824	2.275	2.098	0
302	1.961	1.784	2.333	2.078	0
303	2.0	1.804	2.333	2.039	0
304	2.0	1.804	2.314	1.98	0
305	2.0	1.843	2.255	1.961	0
306	2.039	1.863	2.137	1.961	0
307	2.02	1.882	2.059	1.922	0
308	2.02	1.902	1.961	1.882	0
309	1.922	1.922	1.804	1.824	0
310	1.863	2.0	1.804	1.843	0
311	1.902	2.02	1.784	1.863	0
312	1.863	2.039	1.824	1.961	0
313	1.843	1.98	1.863	1.98	0
314	1.843	1.98	1.922	2.039	0
315	1.843	2.0	2.02	2.0	0
316	1.804	1.922	2.137	2.059	0
317	1.824	1.863	2.235	2.118	0
318	1.961	1.863	2.275	2.098	0
319	2.02	1.843	2.333	2.098	0
320	2.059	1.824	2.353	2.059	0
321	2.078	1.784	2.275	1.98	0
322	2.078	1.784	2.196	1.941	0
323	2.078	1.824	2.157	1.882	0
324	2.059	1.863	2.059	1.843	0
325	2.059	1.922	1.941	1.843	0
326	2.02	1.882	1.804	1.843	0
327	1.98	1.941	1.765	1.863	0
328	1.922	2.0	1.706	1.843	0
329	1.863	2.0	1.824	1.882	0
330	1.843	1.961	1.863	1.961	0
331	1.882	1.941	1.863	1.98	0
332	1.843	1.922	1.922	2.02	0
333	1.922	1.98	2.137	2.078	0
334	1.941	1.902	2.275	2.118	0
335	1.941	1.804	2.275	2.118	0
336	2.0	1.824	2.353	2.078	0
337	2.059	1.824	2.314	2.02	0
338	2.078	1.804	2.275	1.961	0
339	2.078	1.784	2.235	1.941	0
340	2.078	1.784	2.157	1.922	0
341	2.059	1.863	2.02	1.863	0
342	2.059	1.882	1.922	1.824	0
343	1.98	1.882	1.745	1.843	0
344	1.941	1.902	1.745	1.824	0
345	1.922	1.941	1.725	1.843	0
346	1.882	1.941	1.765	1.902	0
347	1.863	1.961	1.843	1.961	0
348	1.843	1.922	1.902	1.98	0
349	1.863	1.941	1.961	2.039	0
350	1.882	1.863	2.098	2.039	0
351	1.941	1.882	2.255	2.118	0
352	1.961	1.804	2.255	2.098	0
353	1.961	1.765	2.314	2.078	0
354	2.039	1.765	2.314	2.039	0
355	2.078	1.765	2.255	1.961	0
356	2.078	1.804	2.216	1.941	0
357	2.059	1.804	2.176	1.902	0
358	2.039	1.824	2.039	1.882	0
359	2.098	1.882	1.961	1.824	0
360	2.0	1.902	1.824	1.804	0
361	1.922	1.922	1.745	1.824	0
362	1.902	1.922	1.706	1.843	0
363	1.863	1.941	1.765	1.882	0
364	1.843	1.98	1.843	1.902	0
365	1.863	1.941	1.902	1.961	0
366	1.882	1.941	1.961	2.039	0
367	1.882	1.902	2.137	2.098	0
368	1.902	1.882	2.216	2.118	0
369	1.98	1.843	2.314	2.137	0
370	2.0	1.824	2.314	2.078	0
371	2.02	1.784	2.392	2.039	0
372	2.059	1.804	2.275	1.98	0
373	2.039	1.784	2.216	1.922	0
374	2.059	1.784	2.118	1.902	0
375	2.078	1.882	2.059	1.882	0
376	2.078	1.902	1.961	1.863	0
377	1.98	1.922	1.804	1.843	0
378	1.902	1.941	1.804	1.843	0
379	1.882	1.98	1.745	1.843	0
380	1.824	1.98	1.784	1.902	0
381	1.804	1.941	1.804	1.961	0
382	1.804	1.922	1.843	1.98	0
383	1.843	1.902	1.961	2.0	0
384	1.863	1.922	2.059	2.078	0
385	1.902	1.882	2.235	2.098	0
386	1.98	1.882	2.314	2.118	0
387	2.039	1.843	2.353	2.078	0
388	2.02	1.784	2.314	2.02	0
389	2.039	1.804	2.235	1.961	0
390	2.078	1.804	2.235	1.922	0
391	2.118	1.804	2.137	1.902	0
392	2.098	1.863	2.078	1.863	0
393	2.137	1.922	2.02	1.843	0
394	2.059	1.902	1.843	1.824	0
395	2.02	1.961	1.784	1.824	0
396	2.0	1.961	1.745	1.804	0
397	1.902	2.0	1.784	1.863	0
398	1.843	2.0	1.863	1.922	0
399	1.863	1.98	1.941	2.0	0
400	1.902	1.941	2.0	2.02	0
401	1.902	1.902	2.098	2.059	0
402	1.922	1.882	2.255	2.098	0
403	1.941	1.882	2.333	2.098	0
404	1.98	1.882	2.353	2.098	0
405	2.0	1.824	2.333	2.059	0
406	2.039	1.824	2.275	2.0	0
407	2.039	1.863	2.235	1.98	0
408	2.02	1.824	2.196	1.941	0
409	2.059	1.882	2.059	1.922	0
410	2.078	1.941	1.961	1.882	0
411	1.961	1.902	1.745	1.804	0
412	1.843	1.902	1.725	1.784	0
413	1.863	1.961	1.745	1.804	0
414	1.843	1.98	1.765	1.902	0
415	1.804	1.941	1.804	1.941	0
416	1.765	1.922	1.843	1.961	0
417	1.745	1.941	1.941	2.02	0
418	1.725	1.941	2.078	2.039	0
419	1.824	1.843	2.176	2.059	0
420	1.902	1.804	2.255	2.118	0
421	1.922	1.765	2.294	2.059	0
422	1.922	1.745	2.333	2.02	0
423	2.02	1.765	2.196	1.961	0
424	2.098	1.765	2.196	1.922	0
425	2.118	1.765	2.196	1.941	0
426	2.078	1.784	2.098	1.863	0
427	2.0	1.843	1.961	1.882	0
428	2.02	1.902	1.824	1.843	0
429	1.98	1.922	1.784	1.843	0
430	1.922	1.922	1.725	1.863	0
431	1.902	1.922	1.784	1.902	0
432	1.941	1.961	1.824	1.941	0
433	1.941	1.961	1.882	1.961	0
434	1.941	1.941	1.98	2.059	0
435	1.98	1.902	2.098	2.078	0
436	2.0	1.922	2.275	2.137	0
437	1.98	1.902	2.333	2.137	0
438	2.0	1.863	2.333	2.098	0
439	2.078	1.843	2.314	2.039	0
440	2.137	1.863	2.353	1.961	0
441	2.157	1.863	2.333	1.961	0
442	2.196	1.882	2.216	1.922	0
443	2.176	1.941	2.118	1.941	0
444	2.157	1.961	2.059	1.863	0
445	2.039	1.941	1.863	1.824	0
446	1.941	1.941	1.804	1.824	0
447	1.922	2.0	1.765	1.824	0
448	1.882	2.039	1.804	1.882	0
449	1.843	2.02	1.863	1.961	0
450	1.863	2.0	1.902	1.98	0
451	1.804	1.941	1.98	2.039	0
452	1.784	1.922	2.098	2.059	0
453	1.824	1.863	2.157	2.098	0
454	1.941	1.784	2.255	2.039	0
455	1.98	1.804	2.314	2.059	0
456	1.961	1.843	2.353	2.02	0
457	1.961	1.824	2.294	2.0	0
458	1.961	1.784	2.216	1.98	0
459	2.02	1.784	2.176	1.941	0
460	2.02	1.863	2.02	1.882	0
461	2.039	1.902	1.941	1.843	0
462	2.098	1.941	1.804	1.824	0
463	1.961	1.941	1.765	1.804	0
464	1.98	1.961	1.745	1.843	0
465	2.02	1.941	1.765	1.882	0
466	2.0	1.98	1.863	1.922	0
467	1.98	1.922	1.882	1.98	0
468	1.98	1.882	2.0	2.0	0
469	2.0	1.843	2.098	2.059	0
470	1.98	1.804	2.176	2.059	0
471	1.98	1.765	2.294	2.078	0
472	1.941	1.784	2.333	2.098	0
473	1.961	1.765	2.353	2.078	0
474	2.098	1.745	2.275	2.059	0
475	2.157	1.765	2.255	1.98	0
476	2.176	1.824	2.176	1.941	0
477	2.137	1.784	2.059	1.882	0
478	2.02	1.804	1.922	1.863	0
479	1.863	1.824	1.784	1.824	0
480	1.784	1.98	1.843	1.863	0
481	1.804	2.078	1.804	1.902	0
482	1.765	2.0	1.765	1.961	0
483	1.765	2.0	1.804	2.0	0
484	1.804	2.039	1.843	2.0	0
485	1.784	1.941	1.961	2.02	0
486	1.824	1.961	2.118	2.039	0
487	1.843	1.922	2.235	2.137	0
488	1.902	1.863	2.314	2.118	0
489	1.922	1.863	2.373	2.118	0
490	1.98	1.843	2.353	2.059	0
491	2.02	1.784	2.275	2.0	0
492	2.039	1.804	2.196	1.941	0
493	2.059	1.824	2.196	1.902	0
494	2.078	1.922	2.137	1.863	0
495	2.02	1.882	1.98	1.843	0
496	1.98	1.863	1.843	1.824	0
497	1.941	1.902	1.784	1.804	0
498	1.941	1.98	1.784	1.804	0
499	1.882	2.0	1.804	1.882	0
500	1.784	1.922	1.745	1.922	0
501	1.765	2.0	1.863	1.98	0
502	1.745	1.98	1.922	2.02	0
503	1.804	1.863	2.02	2.039	0
504	1.941	1.863	2.118	2.078	0
505	2.039	1.824	2.275	2.098	0
506	2.039	1.824	2.294	2.078	0
507	1.941	1.765	2.373	2.02	0
508	1.863	1.745	2.353	1.961	0
509	1.863	1.784	2.137	1.922	0
510	2.078	1.882	2.059	1.882	0
511	2.176	1.941	2.098	1.882	0
512	2.098	1.882	2.02	1.863	0
513	2.039	1.863	1.804	1.804	0
514	1.902	1.902	1.765	1.804	0
515	1.941	2.0	1.745	1.824	0
516	1.922	2.02	1.765	1.863	0
517	1.922	1.98	1.824	1.902	0
518	1.863	2.0	1.863	1.941	0
519	1.882	1.941	1.902	1.98	0
520	2.02	1.961	2.059	2.02	0
521	1.902	1.902	2.196	2.098	0
522	1.863	1.804	2.235	2.098	0
523	1.902	1.765	2.216	2.059	0
524	2.02	1.765	2.314	2.039	0
525	2.059	1.725	2.176	1.98	0
526	2.059	1.706	2.157	1.922	0
527	2.118	1.765	2.176	1.902	0
528	2.157	1.863	2.137	1.922	0
529	2.157	1.98	2.0	1.922	0
530	1.941	1.843	1.745	1.824	0
531	1.843	1.863	1.667	1.784	0
532	1.98	1.922	1.667	1.784	0
533	2.039	1.922	1.765	1.863	0
534	1.961	2.02	1.863	1.941	0
535	1.824	2.0	1.902	1.98	0
536	1.863	1.98	1.941	2.039	0
537	1.961	1.961	2.078	2.059	0
538	1.961	1.98	2.216	2.098	0
539	2.02	1.882	2.314	2.098	0
540	2.137	1.804	2.314	2.098	0
541	2.118	1.784	2.392	2.059	0
542	2.157	1.804	2.412	2.039	0
543	2.157	1.824	2.373	2.02	0
544	2.098	1.745	2.216	1.98	0
545	2.02	1.745	2.078	1.902	0
546	1.98	1.824	2.02	1.843	0
547	2.02	1.882	1.922	1.843	0
548	2.0	1.882	1.804	1.843	0
549	1.961	1.902	1.765	1.863	0
550	1.98	2.02	1.824	1.902	0
551	1.941	2.0	1.882	1.961	0
552	1.863	1.882	1.863	1.98	0
553	1.804	1.843	1.941	1.98	0
554	1.863	1.843	2.059	1.98	0
555	1.941	1.824	2.098	2.039	0
556	1.961	1.784	2.235	2.039	0
557	2.059	1.765	2.255	2.059	0
558	2.118	1.725	2.294	2.0	0
559	2.196	1.725	2.275	1.941	0
560	2.118	1.725	2.235	1.922	0
561	2.059	1.784	2.235	1.922	0
562	2.039	1.784	2.118	1.863	0
563	2.039	1.824	1.961	1.863	0
564	2.0	1.882	1.824	1.804	0
565	1.941	1.824	1.765	1.765	0
566	1.882	1.863	1.667	1.765	0
567	1.804	1.961	1.745	1.843	0
568	1.745	2.0	1.843	1.902	0
569	1.725	2.039	1.902	2.0	0
570	1.686	2.039	1.98	2.059	0
571	1.686	1.98	2.118	2.137	0
572	1.667	1.961	2.176	2.137	0
573	1.745	1.843	2.255	2.118	0
574	1.784	1.804	2.255	2.078	0
575	1.863	1.843	2.314	2.059	0
576	2.02	1.863	2.294	1.98	0
577	1.98	1.882	2.235	1.961	0
578	1.824	1.902	2.196	1.961	0
579	1.882	1.961	2.157	1.98	0
580	1.98	2.0	1.98	1.941	0
581	1.922	1.98	1.725	1.843	0
582	1.941	1.98	1.804	1.824	0
583	1.98	1.98	1.765	1.843	0
584	1.941	2.039	1.745	1.902	0
585	1.725	2.118	1.882	1.941	0
586	1.784	2.059	1.902	2.02	0
587	1.882	2.0	1.902	2.039	0
588	1.98	2.02	2.078	2.059	0
589	1.941	2.059	2.137	2.118	0
590	1.941	1.902	2.294	2.098	0
591	2.02	1.843	2.353	2.098	0
592	2.039	1.882	2.353	2.039	0
593	2.157	1.804	2.275	2.0	0
594	2.196	1.765	2.255	1.961	0
595	2.157	1.725	2.176	1.961	0
596	2.078	1.784	2.039	1.902	0
597	2.0	1.824	1.98	1.824	0
598	2.059	1.922	1.824	1.824	0
599	2.078	1.882	1.725	1.765	0
600	1.961	1.863	1.627	1.745	0
601	1.745	1.882	1.706	1.784	0
602	1.824	1.961	1.882	1.882	0
603	1.961	1.961	1.902	2.0	0
604	2.078	1.863	1.922	2.059	0
605	2.078	1.804	2.02	2.078	0
606	1.843	1.843	2.059	2.059	0
607	1.745	1.765	2.216	2.039	0
608	2.0	1.843	2.373	2.039	0
609	2.176	1.824	2.373	2.02	0
610	2.196	1.784	2.333	2.02	0
611	2.118	1.706	2.314	1.98	0
612	2.039	1.725	2.196	1.941	0
613	2.02	1.765	2.059	1.843	0
614	2.118	1.765	1.98	1.804	0
615	2.137	1.784	1.824	1.784	0
616	2.059	1.843	1.843	1.824	0
617	2.02	1.843	1.745	1.843	0
618	1.941	1.843	1.725	1.843	0
619	1.961	1.922	1.863	1.882	0
620	1.824	1.961	2.0	1.961	0
621	1.843	1.961	2.078	2.039	0
622	1.98	1.824	2.039	2.059	0
623	2.02	1.843	2.02	2.059	0
624	1.941	1.863	2.275	2.059	0
625	2.078	1.863	2.451	2.078	0
626	2.078	1.824	2.412	2.078	0
627	1.882	1.863	2.275	2.0	0
628	1.882	1.882	2.196	1.98	0
629	1.961	1.882	2.255	1.961	0
630	2.039	1.863	2.176	1.902	0
631	2.02	1.922	2.0	1.922	0
632	1.98	1.941	1.882	1.922	0
633	1.725	1.882	1.706	1.804	0
634	1.686	2.039	1.706	1.784	0
635	1.843	2.196	1.765	1.843	0
636	1.863	2.078	1.804	1.902	0
637	1.961	2.118	1.882	2.0	0
638	1.765	2.059	1.941	2.078	0
639	1.686	1.941	2.0	2.098	0
640	1.824	1.941	2.118	2.098	0
641	1.961	1.902	2.314	2.059	0
642	2.098	2.0	2.353	2.078	0
643	2.196	2.02	2.431	2.039	0
644	2.118	1.922	2.392	2.02	0
645	2.157	1.902	2.333	1.98	0
646	2.157	1.922	2.216	1.961	0
647	2.078	1.882	2.118	1.922	0
648	2.098	1.843	2.0	1.863	0
649	2.118	1.922	1.922	1.824	0
650	2.118	1.961	1.843	1.804	0
651	2.039	1.941	1.824	1.843	0
652	1.804	1.98	1.765	1.882	0
653	1.706	1.922	1.745	1.922	0
654	1.745	1.902	1.804	1.961	0
655	1.843	2.0	2.0	2.0	0
656	1.922	1.961	2.059	2.078	0
657	1.941	1.902	2.196	2.118	0
658	1.922	1.784	2.255	2.157	0
659	1.902	1.745	2.294	2.118	0
660	1.922	1.784	2.392	2.059	0
661	2.02	1.804	2.294	2.02	0
662	2.118	1.745	2.176	1.961	0
663	2.098	1.725	2.196	1.941	0
664	2.118	1.765	2.157	1.882	0
665	2.098	1.902	2.02	1.902	0
666	2.0	1.902	1.882	1.863	0
667	1.922	1.824	1.725	1.804	0
668	1.922	1.784	1.647	1.765	0
669	1.902	1.824	1.667	1.784	0
670	1.902	1.941	1.784	1.863	0
671	1.824	1.941	1.843	1.961	0
672	1.667	1.843	1.824	2.0	0
673	1.745	1.686	1.804	2.0	0
674	1.882	1.843	2.039	2.02	0
675	2.02	1.804	2.176	2.0	0
676	2.078	1.824	2.353	2.059	0
677	1.941	1.745	2.333	2.078	0
678	1.961	1.725	2.314	2.02	0
679	2.078	1.765	2.216	1.98	0
680	2.118	1.765	2.157	1.902	0
681	2.039	1.745	2.078	1.902	0
682	2.059	1.843	1.98	1.804	0
683	2.118	1.922	1.863	1.784	0
684	2.0	1.941	1.725	1.784	0
685	1.882	1.98	1.745	1.804	0
686	1.941	2.0	1.745	1.863	0
687	2.02	1.941	1.824	1.882	0
688	2.02	1.961	1.863	1.961	0
689	1.922	1.961	1.961	1.961	0
690	1.882	1.98	2.118	2.02	0
691	1.843	1.922	2.137	2.078	0
692	1.804	1.863	2.294	2.137	0
693	1.863	1.843	2.314	2.137	0
694	1.98	1.804	2.333	2.098	0
695	2.059	1.804	2.275	2.039	0
696	2.098	1.784	2.235	1.922	0
697	2.059	1.725	2.157	1.902	0
698	2.039	1.804	2.137	1.882	0
699	2.157	2.0	2.216	1.922	0
700	2.078	2.078	2.098	1.961	0
701	1.902	2.039	1.902	1.961	0
702	1.784	1.922	1.745	1.902	0
703	1.706	1.902	1.647	1.843	0
704	1.725	1.98	1.843	1.863	0
705	1.824	2.02	1.902	1.922	0
706	1.863	1.961	1.941	2.0	0
707	1.882	2.0	2.039	2.059	0
708	1.941	1.961	2.235	2.118	0
709	1.902	1.824	2.255	2.157	0
710	1.922	1.686	2.216	2.078	0
711	1.98	1.706	2.333	2.02	0
712	1.902	1.725	2.275	1.941	0
713	2.02	1.804	2.157	1.882	0
714	2.059	1.824	2.216	1.922	0
715	2.078	1.784	2.176	1.961	0
716	2.118	1.706	1.882	1.882	0
717	2.137	1.824	1.882	1.882	0
718	2.137	1.961	1.882	1.863	0
719	1.922	2.0	1.784	1.824	0
720	1.882	2.039	1.667	1.804	0
721	1.765	1.902	1.588	1.843	0
722	1.706	1.882	1.745	1.863	0
723	1.882	1.961	1.922	1.961	0
724	2.059	2.02	2.098	2.098	0
725	2.02	1.98	2.216	2.176	0
726	1.98	1.902	2.294	2.196	0
727	2.059	1.824	2.294	2.118	0
728	2.078	1.843	2.373	2.059	0
729	2.137	1.824	2.294	2.0	0
730	2.137	1.765	2.235	1.941	0
731	2.176	1.804	2.235	1.922	0
732	2.118	1.765	2.137	1.922	0
733	2.059	1.843	2.078	1.882	0
734	2.176	1.98	2.02	1.863	0
735	2.039	1.941	1.843	1.843	0
736	2.0	1.941	1.725	1.843	0
737	1.961	1.98	1.706	1.843	0
738	1.902	2.039	1.882	1.863	0
739	1.745	2.02	1.882	1.941	0
740	1.725	1.961	1.843	2.0	0
741	1.824	1.941	1.98	2.059	0
742	1.941	1.902	2.098	2.098	0
743	1.922	1.922	2.294	2.078	0
744	1.824	1.882	2.275	2.059	0
745	1.863	1.843	2.333	2.02	0
746	1.922	1.824	2.314	1.98	0
747	2.02	1.922	2.373	1.98	0
748	2.078	1.843	2.196	2.0	0
749	1.98	1.765	2.02	2.0	0
750	2.098	1.804	2.0	1.902	0
751	2.137	1.843	1.882	1.843	0
752	1.961	1.863	1.843	1.804	0
753	1.902	2.0	1.804	1.784	0
754	1.922	2.0	1.745	1.824	0
755	1.882	1.882	1.765	1.902	0
756	1.784	1.804	1.765	1.922	0
757	1.882	1.922	1.843	1.941	0
758	1.941	1.98	2.078	2.039	0
759	1.941	1.882	2.157	2.078	0
760	1.882	1.745	2.235	2.137	0
761	1.961	1.706	2.294	2.078	0
762	2.137	1.843	2.333	2.059	0
763	2.196	1.824	2.275	2.0	0
764	2.098	1.824	2.255	1.98	0
765	1.922	1.843	2.255	1.98	0
766	1.863	1.863	2.216	2.0	0
767	1.902	1.922	2.039	1.961	0
768	1.98	1.882	1.824	1.902	0
769	1.961	1.843	1.725	1.824	0
770	1.922	2.059	1.843	1.784	0
771	1.941	2.216	1.843	1.843	0
772	1.784	2.157	1.843	1.961	0
773	1.706	2.039	1.882	2.059	0
774	1.784	2.078	2.0	2.078	0
775	1.882	2.0	2.098	2.059	0
776	1.804	1.882	2.039	2.02	0
777	1.686	1.863	2.157	2.0	0
778	1.863	1.843	2.196	2.02	0
779	2.118	1.961	2.451	2.059	0
780	2.294	1.863	2.392	2.039	0
781	2.176	1.784	2.255	2.0	0
782	2.059	1.725	2.176	1.902	0
783	2.078	1.784	2.098	1.804	0
784	2.098	1.804	1.941	1.804	0
785	2.0	1.98	1.961	1.863	0
786	1.922	1.98	1.765	1.863	0
787	1.922	1.902	1.725	1.863	0
788	1.98	1.863	1.627	1.843	0
789	1.961	1.882	1.745	1.843	0
790	1.922	2.059	1.902	1.882	0
791	1.863	2.039	1.98	1.98	0
792	1.765	1.922	1.922	2.059	0
793	1.784	1.863	2.098	2.118	0
794	1.902	1.902	2.275	2.157	0
795	2.02	1.922	2.333	2.176	0
796	2.0	1.843	2.392	2.118	0
797	1.98	1.745	2.333	2.039	0
798	1.961	1.804	2.314	1.941	0
799	2.0	1.804	2.275	1.961	0
800	2.118	1.824	2.176	1.922	0
801	2.059	1.824	2.059	1.922	0
802	2.078	1.824	1.961	1.882	0
803	2.039	1.843	1.804	1.863	0
804	2.039	1.882	1.725	1.824	0
805	1.902	1.922	1.784	1.784	0
806	1.824	2.0	1.843	1.882	0
807	1.863	2.02	1.882	1.941	0
808	1.843	1.922	1.902	2.0	0
809	1.863	1.922	1.961	2.02	0
810	1.922	1.804	2.078	2.039	0
811	1.98	1.804	2.275	2.078	0
812	2.039	1.843	2.333	2.039	0
813	2.098	1.863	2.373	2.039	0
814	2.078	1.804	2.294	2.02	0
815	2.098	1.765	2.196	1.98	0
816	2.137	1.804	2.275	1.941	0
817	2.196	1.824	2.137	1.902	0
818	2.059	1.843	1.961	1.882	0
819	2.059	1.922	1.941	1.824	0
820	2.039	1.882	1.745	1.804	0
821	2.0	1.902	1.745	1.784	0
822	1.961	1.98	1.706	1.843	0
823	1.824	1.922	1.706	1.902	0
824	1.804	1.882	1.804	1.941	0
825	1.824	1.941	1.882	2.0	0
826	1.804	1.941	1.961	2.0	0
827	1.784	1.804	2.039	2.059	0
828	1.725	1.745	2.137	2.059	0
829	1.824	1.725	2.176	2.039	0
830	2.0	1.725	2.314	2.039	0
831	2.098	1.784	2.392	2.0	0
832	2.098	1.804	2.353	2.02	0
833	2.059	1.706	2.157	1.98	0
834	2.0	1.706	2.078	1.941	0
835	1.902	1.686	1.961	1.863	0
836	1.961	1.922	1.961	1.804	0
837	2.02	1.98	1.745	1.765	0
838	1.902	1.863	1.647	1.765	0
839	1.863	1.882	1.686	1.784	0
840	1.922	1.961	1.824	1.863	0
841	1.941	1.961	1.863	1.961	0
842	1.824	1.784	1.784	2.0	0
843	1.765	1.725	1.804	1.961	0
844	1.863	1.902	2.118	1.961	0
845	2.059	2.02	2.294	2.02	0
846	1.941	1.98	2.255	2.098	0
847	2.02	1.902	2.392	2.137	0
848	2.0	1.745	2.314	2.098	0
849	2.059	1.706	2.216	2.0	0
850	2.137	1.745	2.196	1.902	0
851	2.137	2.02	2.294	1.902	0
852	1.98	2.118	2.196	1.902	0
853	1.961	2.02	2.02	1.902	0
854	1.961	2.0	1.784	1.882	0
855	1.922	2.02	1.784	1.863	0
856	1.941	2.02	1.765	1.843	0
857	1.863	2.039	1.843	1.882	0
858	1.843	2.078	2.0	1.922	0
859	1.902	2.039	1.98	2.0	0
860	1.882	2.0	1.961	2.0	0
861	1.882	2.0	2.157	2.039	0
862	1.941	1.902	2.333	2.157	0
863	1.961	1.824	2.314	2.137	0
864	1.922	1.745	2.333	2.098	0
865	1.98	1.706	2.333	2.039	0
866	2.137	1.804	2.294	1.98	0
867	2.118	1.843	2.294	1.941	0
868	2.118	1.824	2.196	1.961	0
869	2.137	1.902	2.039	1.902	0
870	2.157	2.02	1.98	1.902	0
871	2.0	1.922	1.824	1.882	0
872	1.902	1.961	1.863	1.882	0
873	1.784	2.0	1.725	1.863	0
874	1.784	2.02	1.725	1.902	0
875	1.941	2.039	1.843	1.961	0
876	1.98	2.0	1.961	2.0	0
877	1.941	1.961	2.0	2.098	0
878	1.784	1.961	2.059	2.059	0
879	1.784	1.902	2.176	2.078	0
880	1.941	1.804	2.196	2.039	0
881	1.961	1.686	2.235	2.0	0
882	2.098	1.725	2.314	2.0	0
883	2.0	1.784	2.275	2.0	0
884	1.843	1.765	2.216	2.0	0
885	1.922	1.706	2.039	1.941	0
886	2.039	1.804	1.961	1.843	0
887	2.098	1.824	1.843	1.784	0
888	2.02	1.843	1.824	1.784	0
889	1.902	1.824	1.765	1.804	0
890	1.784	1.902	1.725	1.843	0
891	1.745	1.941	1.765	1.941	0
892	1.765	1.882	1.765	2.0	0
893	1.784	1.961	1.863	2.02	0
894	1.863	2.02	2.039	2.039	0
895	1.98	1.961	2.157	2.039	0
896	1.902	1.961	2.255	2.098	0
897	1.922	1.863	2.294	2.098	0
898	2.078	1.824	2.353	2.118	0
899	2.118	1.843	2.392	2.078	0
900	2.157	1.843	2.314	2.0	0
901	2.176	1.804	2.294	1.941	0
902	2.157	1.824	2.353	1.922	0
903	2.098	1.941	2.196	1.961	0
904	2.0	1.863	1.882	1.902	0
905	2.039	1.922	1.725	1.863	0
906	2.02	1.863	1.745	1.824	0
907	1.98	1.765	1.686	1.804	0
908	2.0	1.882	1.784	1.843	0
909	1.922	2.078	2.02	1.922	0
910	1.941	2.098	2.02	2.02	0
911	1.902	1.941	2.02	2.059	0
912	1.882	1.863	2.02	2.118	0
913	1.941	1.765	2.118	2.078	0
914	2.02	1.765	2.255	2.039	0
915	2.078	1.843	2.333	2.02	0
916	2.0	1.843	2.294	1.98	0
917	1.882	1.882	2.216	1.961	0
918	1.961	1.863	2.255	1.902	0
919	2.078	1.765	2.118	1.863	0
920	2.118	1.804	1.922	1.804	0
921	2.157	1.824	1.941	1.784	0
922	1.902	1.824	1.804	1.804	0
923	1.804	1.843	1.725	1.784	0
924	1.843	1.98	1.725	1.804	0
925	1.843	1.941	1.725	1.843	0
926	1.725	1.882	1.745	1.882	0
927	1.824	1.98	1.961	1.941	0
928	1.863	1.98	2.02	2.0	0
929	1.804	1.863	2.0	2.039	0
930	1.863	1.804	2.176	2.039	0
931	1.98	1.902	2.314	2.059	0
932	2.0	1.941	2.333	2.039	0
933	2.02	1.902	2.373	2.039	0
934	2.118	1.882	2.294	2.0	0
935	2.196	1.863	2.235	1.961	0
936	2.118	1.902	2.196	1.941	0
937	2.098	1.941	2.118	1.882	0
938	2.078	1.98	2.02	1.863	0
939	1.961	1.961	1.863	1.863	0
940	1.961	2.039	1.843	1.863	0
941	1.863	1.922	1.647	1.824	0
942	1.784	1.882	1.667	1.882	0
943	1.922	1.98	1.765	1.922	0
944	1.98	1.98	1.941	1.98	0
945	1.843	1.922	2.0	2.078	0
946	1.843	1.902	2.059	2.098	0
947	1.882	1.922	2.118	2.098	0
948	2.039	1.824	2.255	2.059	0
949	2.02	1.745	2.333	2.078	0
950	2.039	1.804	2.353	2.039	0
951	2.059	1.804	2.294	2.02	0
952	2.0	1.824	2.275	2.0	0
953	2.059	1.824	2.176	1.961	0
954	2.118	1.765	2.039	1.922	0
955	2.059	1.804	1.941	1.863	0
956	2.059	1.824	1.804	1.804	0
957	1.922	1.902	1.922	1.824	0
958	1.902	1.902	1.765	1.843	0
959	1.882	1.843	1.569	1.882	0
960	1.667	1.824	1.686	1.902	0
961	1.725	1.784	1.863	1.922	0
962	1.882	1.824	2.059	2.0	0
963	2.02	1.843	2.176	2.039	0
964	1.863	1.784	2.235	2.078	0
965	1.882	1.765	2.333	2.118	0
966	1.98	1.784	2.255	2.098	0
967	1.941	1.765	2.216	2.039	0
968	1.863	1.784	2.196	1.922	0
969	1.902	1.784	2.176	1.863	0
970	1.961	1.863	2.176	1.882	0
971	2.157	1.98	2.118	1.922	0
972	2.235	2.039	2.0	1.98	0
973	2.157	2.059	1.804	1.882	0
974	1.922	2.059	1.804	1.804	0
975	1.902	2.098	1.745	1.804	0
976	1.922	2.098	1.784	1.843	0
977	1.882	2.118	1.922	1.941	0
978	1.902	2.078	2.0	2.02	0
979	1.824	1.941	1.961	2.059	0
980	1.745	1.882	2.059	2.137	0
981	1.863	1.765	2.059	2.118	0
982	1.863	1.686	2.157	2.039	0
983	1.941	1.784	2.314	1.98	0
984	2.078	1.961	2.451	2.02	0
985	2.235	1.922	2.333	2.039	0
986	2.157	1.725	2.314	2.059	0
987	2.098	1.706	2.275	2.02	0
988	2.039	1.745	2.078	1.922	0
989	1.961	1.961	1.843	1.824	0
990	2.02	2.059	1.824	1.784	0
991	1.902	2.098	1.882	1.843	0
992	1.902	2.137	1.843	1.863	0
993	1.804	2.078	1.745	1.941	0
994	1.745	2.0	1.863	2.02	0
995	1.843	2.039	1.922	2.059	0
996	1.882	2.039	2.02	2.059	0
997	1.98	1.98	2.118	2.059	0
998	1.922	1.941	2.176	2.078	0
999	1.882	1.882	2.333	2.078	0
1000	2.039	1.863	2.314	2.098	0
1001	2.137	1.843	2.412	2.059	0
1002	2.216	1.902	2.431	2.039	0
1003	2.098	1.824	2.314	2.0	0
1004	1.98	1.725	2.216	1.941	0
1005	1.98	1.686	1.98	1.863	0
1006	2.0	1.882	2.0	1.804	0
1007	2.039	1.941	1.843	1.745	0
1008	1.98	1.98	1.725	1.784	0
1009	1.902	2.0	1.647	1.824	0
1010	1.863	1.98	1.706	1.843	0
1011	2.098	2.078	1.922	1.922	0
1012	2.216	2.039	2.02	2.0	0
1013	2.0	1.961	2.059	2.059	0
1014	1.765	1.941	2.098	2.118	0
1015	1.804	1.843	2.137	2.098	0
1016	1.882	1.706	2.157	2.02	0
1017	1.98	1.706	2.255	1.961	0
1018	2.137	1.922	2.412	1.961	0
1019	2.118	1.882	2.255	1.98	0
1020	2.0	1.706	2.157	1.98	0
1021	1.961	1.725	2.118	1.961	0
1022	2.0	1.745	2.059	1.882	0
1023	2.059	1.784	2.0	1.882	0
1024	2.137	1.824	1.882	1.824	0
1025	1.922	1.843	1.765	1.824	0
1026	1.824	1.863	1.706	1.784	0
1027	1.804	1.922	1.745	1.843	0
1028	1.765	1.882	1.745	1.902	0
1029	1.686	1.843	1.843	1.941	0
1030	1.765	1.882	1.902	2.0	0
1031	1.824	1.863	2.0	2.02	0
1032	1.941	1.882	2.235	2.118	0
1033	1.941	1.765	2.275	2.118	0
1034	1.961	1.647	2.235	2.078	0
1035	1.98	1.686	2.294	2.02	0
1036	2.098	1.725	2.333	1.961	0
1037	2.137	1.804	2.235	1.941	0
1038	2.098	1.824	2.137	1.922	0
1039	2.157	1.784	2.039	1.863	0
1040	2.02	1.902	1.98	1.824	0
1041	1.804	1.941	1.745	1.784	0
1042	1.765	1.922	1.647	1.784	0
1043	1.843	1.902	1.647	1.824	0
1044	1.863	1.824	1.627	1.863	0
1045	2.0	1.784	1.725	1.902	0
1046	2.039	2.0	1.961	1.961	0
1047	1.686	2.118	2.059	1.961	0
1048	1.706	2.039	2.078	2.059	0
1049	1.843	2.0	2.118	2.118	0
1050	1.941	1.941	2.392	2.157	0
1051	2.039	1.804	2.471	2.157	0
1052	2.137	1.725	2.255	2.098	0
1053	2.02	1.588	2.059	1.961	0
1054	1.902	1.608	2.118	1.882	0
1055	2.098	1.765	2.294	1.882	0
1056	2.196	1.863	2.176	1.902	0
1057	2.137	1.863	2.0	1.922	0
1058	2.059	1.863	1.824	1.882	0
1059	2.059	1.922	1.804	1.843	0
1060	2.176	1.961	1.765	1.784	0
1061	2.02	1.863	1.745	1.804	0
1062	2.02	1.961	1.941	1.922	0
1063	1.667	2.0	2.0	2.078	0
1064	1.569	1.922	1.843	2.137	0
1065	1.647	1.863	1.765	2.039	0
1066	1.824	1.98	2.078	1.98	0
1067	2.02	2.078	2.353	1.98	0
1068	2.039	2.0	2.314	2.039	0
1069	2.118	1.941	2.392	2.059	0
1070	2.196	1.98	2.451	2.078	0
1071	2.118	2.02	2.412	2.098	0
1072	1.784	1.902	2.216	2.059	0
1073	1.784	1.843	2.118	1.922	0
1074	1.902	1.98	2.078	1.843	0
1075	2.059	1.941	1.863	1.784	0
1076	2.02	1.843	1.745	1.784	0
1077	1.961	1.941	1.863	1.824	0
1078	1.804	2.0	1.863	1.941	0
1079	1.784	1.961	1.824	2.0	0
1080	1.922	1.941	1.882	1.98	0
1081	1.843	1.863	1.902	1.961	0
1082	1.804	1.804	2.039	1.98	0
1083	1.882	1.941	2.255	2.039	0
1084	2.02	2.02	2.412	2.118	0
1085	2.0	1.843	2.314	2.157	0
1086	1.98	1.745	2.333	2.137	0
1087	2.039	1.765	2.294	2.02	0
1088	2.059	1.863	2.294	1.922	0
1089	2.157	1.863	2.255	1.902	0
1090	2.176	1.902	2.118	1.882	0
1091	2.039	1.882	1.98	1.843	0
1092	2.0	1.961	1.863	1.824	0
1093	1.824	2.078	1.824	1.804	0
1094	1.725	2.02	1.667	1.804	0
1095	1.686	1.961	1.667	1.863	0
1096	1.843	1.961	1.843	1.941	0
1097	2.0	1.824	1.784	2.0	0
1098	2.176	1.784	1.882	2.0	0
1099	2.039	1.941	2.118	2.02	0
1100	1.745	2.059	2.353	2.078	0
1101	1.745	2.0	2.373	2.137	0
1102	1.902	1.843	2.235	2.118	0
1103	2.137	1.824	2.333	2.059	0
1104	2.275	1.824	2.255	2.0	0
1105	2.196	1.765	2.275	1.961	0
1106	2.118	1.804	2.235	1.961	0
1107	2.137	1.941	2.255	1.941	0
1108	2.118	2.02	2.059	1.922	0
1109	2.0	2.039	1.902	1.863	0
1110	1.961	1.98	1.824	1.863	0
1111	2.02	1.961	1.745	1.863	0
1112	1.98	1.882	1.706	1.863	0
1113	1.902	1.843	1.706	1.863	0
1114	1.863	1.902	1.745	1.902	0
1115	1.804	1.863	1.824	1.941	0
1116	1.863	1.922	2.0	1.961	0
1117	2.039	1.863	2.216	2.02	0
1118	2.098	1.784	2.333	2.078	0
1119	1.843	1.627	2.078	2.059	0
1120	1.725	1.588	2.059	1.98	0
1121	1.804	1.667	2.216	1.922	0
1122	2.098	1.745	2.196	1.941	0
1123	2.196	1.745	2.196	1.98	0
1124	2.294	1.765	2.176	2.0	0
1125	2.039	1.667	1.941	1.902	0
1126	2.02	1.745	1.824	1.784	0
1127	2.02	1.843	1.765	1.745	0
1128	2.0	2.137	1.941	1.824	0
1129	1.882	2.098	1.824	1.922	0
1130	1.706	1.98	1.784	1.98	0
1131	1.843	1.961	1.902	2.059	0
1132	1.922	1.961	2.0	2.039	0
1133	1.941	1.961	2.137	2.078	0
1134	1.98	1.961	2.235	2.118	0
1135	2.02	1.922	2.392	2.118	0
1136	2.0	1.882	2.333	2.118	0
1137	2.02	1.843	2.333	2.059	0
1138	2.059	1.804	2.294	2.02	0
1139	2.02	1.784	2.275	1.961	0
1140	2.039	1.882	2.235	1.961	0
1141	2.039	1.843	2.02	1.882	0
1142	2.118	1.882	2.02	1.824	0
1143	2.235	1.824	1.902	1.843	0
1144	2.0	1.902	1.824	1.824	0
1145	1.843	2.039	1.824	1.843	0
1146	1.765	1.98	1.706	1.882	0
1147	1.686	1.863	1.686	1.902	0
1148	1.765	1.961	1.804	1.922	0
1149	1.824	1.941	1.922	1.961	0
1150	1.902	1.902	2.039	2.02	0
1151	1.922	1.922	2.137	2.078	0
1152	2.02	1.882	2.275	2.118	0
1153	2.0	1.824	2.255	2.059	0
1154	2.0	1.824	2.373	2.02	0
1155	2.078	1.941	2.392	2.0	0
1156	2.176	1.922	2.353	1.98	0
1157	2.118	1.824	2.216	1.961	0
1158	2.098	1.804	2.078	1.922	0
1159	2.0	1.824	1.941	1.922	0
1160	1.941	1.824	1.863	1.824	0
1161	1.961	1.922	1.882	1.824	0
1162	1.882	1.98	1.784	1.824	0
1163	1.804	1.882	1.608	1.824	0
1164	1.765	2.0	1.784	1.863	0
1165	1.667	2.176	1.922	1.98	0
1166	1.765	2.078	1.941	2.059	0
1167	1.843	1.961	2.078	2.098	0
1168	1.882	1.843	2.157	2.098	0
1169	1.961	1.784	2.294	2.118	0
1170	1.961	1.824	2.333	2.118	0
1171	1.784	1.882	2.353	2.098	0
1172	1.922	1.863	2.255	2.0	0
1173	1.98	1.824	2.157	1.922	0
1174	2.059	1.843	2.157	1.902	0
1175	2.196	1.922	2.216	1.882	0
1176	2.176	1.902	2.039	1.882	0
1177	1.941	1.804	1.902	1.863	0
1178	1.804	1.863	1.784	1.863	0
1179	1.804	1.941	1.667	1.843	0
1180	1.863	1.922	1.667	1.843	0
1181	1.882	1.961	1.784	1.863	0
1182	1.863	1.804	1.804	1.941	0
1183	1.882	1.725	1.922	2.039	0
1184	1.843	1.882	2.118	2.098	0
1185	1.902	1.863	2.098	2.118	0
1186	1.902	1.765	2.216	2.078	0
1187	1.98	1.745	2.294	2.059	0
1188	2.059	1.843	2.353	2.039	0
1189	2.196	1.902	2.431	2.0	0
1190	2.196	1.784	2.333	1.98	0
1191	2.196	1.765	2.275	2.02	0
1192	2.176	1.824	2.216	1.961	0
1193	2.137	1.882	2.039	1.941	0
1194	2.039	1.922	1.824	1.824	0
1195	2.02	1.902	1.765	1.745	0
1196	2.118	1.961	1.804	1.765	0
1197	2.137	2.02	1.745	1.843	0
1198	2.02	2.078	1.922	1.941	0
1199	1.902	2.157	2.0	2.0	0
1200	1.784	1.98	1.902	2.02	0
1201	1.725	1.824	1.863	2.02	0
1202	1.824	1.725	1.961	1.961	0
1203	1.98	1.863	2.275	2.039	0
1204	2.157	1.863	2.333	2.059	0
1205	2.039	1.765	2.294	2.059	0
1206	1.961	1.706	2.275	2.039	0
1207	2.02	1.706	2.216	1.98	0
1208	2.098	1.725	2.078	1.902	0
1209	2.137	1.745	2.039	1.824	0
1210	2.078	1.882	2.0	1.824	0
1211	2.078	1.922	1.922	1.843	0
1212	2.02	2.059	1.745	1.824	0
1213	1.843	2.02	1.725	1.824	0
1214	1.784	2.02	1.745	1.863	0
1215	1.725	2.02	1.784	1.922	0
1216	1.745	1.941	1.784	1.941	0
1217	2.0	1.882	1.882	1.98	0
1218	2.0	1.882	1.941	2.02	0
1219	1.824	1.941	2.098	2.059	0
1220	1.824	1.863	2.235	2.078	0
1221	1.863	1.882	2.314	2.059	0
1222	1.863	1.863	2.392	2.098	0
1223	2.0	1.843	2.333	2.059	0
1224	2.059	1.745	2.216	2.02	0
1225	2.02	1.627	2.157	1.961	0
1226	1.941	1.51	2.0	1.863	0
1227	1.961	1.549	1.882	1.784	0
1228	1.941	1.765	1.863	1.765	0
1229	1.941	1.902	1.765	1.745	0
1230	1.863	1.902	1.745	1.765	0
1231	1.902	2.118	1.843	1.843	0
1232	2.0	2.216	1.922	1.941	0
1233	1.706	2.078	1.922	2.059	0
1234	1.529	2.0	1.843	2.098	0
1235	1.784	1.863	1.882	2.059	0
1236	1.98	1.863	2.078	1.98	0
1237	2.314	1.941	2.255	1.961	0
1238	2.196	1.98	2.451	2.039	0
1239	2.059	1.98	2.529	2.118	0
1240	2.078	2.059	2.49	2.157	0
1241	2.0	1.961	2.353	2.078	0
1242	2.039	1.882	2.275	2.0	0
1243	2.137	1.843	2.176	1.902	0
1244	2.353	2.02	2.137	1.922	0
1245	2.294	2.059	2.078	1.922	0
1246	2.059	1.941	1.882	1.882	0
1247	1.941	1.922	1.804	1.882	0
1248	1.902	1.922	1.804	1.882	0
1249	1.961	1.961	1.882	1.922	0
1250	1.863	1.941	1.941	1.961	0
1251	1.706	1.961	1.98	2.039	0
1252	1.745	1.961	2.118	2.039	0
1253	1.882	1.961	2.216	2.157	0
1254	1.882	1.804	2.157	2.157	0
1255	1.902	1.765	2.216	2.059	0
1256	1.98	1.824	2.314	2.0	0
1257	1.98	1.804	2.353	1.941	0
1258	1.98	1.843	2.235	1.922	0
1259	2.078	1.941	2.294	1.98	0
1260	2.098	1.882	2.196	1.961	0
1261	2.157	1.745	2.02	1.902	0
1262	2.059	1.824	1.922	1.824	0
1263	1.824	1.843	1.725	1.784	0
1264	1.804	1.922	1.686	1.745	0
1265	1.882	2.02	1.706	1.863	0
1266	1.804	2.039	1.725	1.902	0
1267	1.725	2.02	1.706	1.941	0
1268	1.784	1.863	1.725	1.941	0
1269	1.843	1.863	1.961	1.961	0
1270	1.961	1.98	2.235	2.078	0
1271	1.98	1.961	2.333	2.137	0
1272	1.922	1.765	2.235	2.137	0
1273	1.843	1.667	2.235	2.078	0
1274	1.863	1.686	2.216	1.961	0
1275	2.039	1.706	2.157	1.922	0
1276	2.176	1.765	2.255	1.922	0
1277	2.137	1.725	2.137	1.902	0
1278	2.098	1.765	1.941	1.882	0
1279	2.078	1.922	1.922	1.843	0
1280	2.078	2.0	1.843	1.824	0
1281	2.098	1.961	1.784	1.824	0
1282	2.02	1.882	1.706	1.843	0
1283	1.902	1.882	1.765	1.843	0
1284	1.804	1.961	1.843	1.902	0
1285	1.706	1.98	1.882	1.961	0
1286	1.784	1.882	1.882	2.059	0
1287	1.961	1.784	2.0	2.02	0
1288	2.078	1.784	2.216	2.059	0
1289	2.118	1.843	2.333	2.078	0
1290	2.0	1.745	2.294	2.059	0
1291	1.98	1.686	2.255	2.02	0
1292	2.118	1.843	2.333	1.941	0
1293	2.098	1.863	2.255	1.941	0
1294	2.0	1.922	2.255	1.941	0
1295	1.961	1.843	2.078	1.922	0
1296	1.941	1.745	1.824	1.882	0
1297	1.902	1.784	1.667	1.824	0
1298	1.824	1.824	1.667	1.784	0
1299	2.02	2.059	1.863	1.843	0
1300	2.02	2.196	1.941	1.961	0
1301	1.725	2.02	1.863	1.98	0
1302	1.804	1.961	1.882	1.98	0
1303	1.824	2.02	2.059	1.98	0
1304	1.804	2.02	2.176	2.078	0
1305	1.882	1.902	2.216	2.157	0
1306	1.922	1.863	2.314	2.118	0
1307	2.059	1.863	2.392	2.078	0
1308	2.157	1.863	2.412	2.0	0
1309	2.137	1.863	2.314	1.961	0
1310	2.118	1.863	2.235	1.922	0
1311	2.118	1.922	2.216	1.961	0
1312	2.0	1.941	2.098	1.922	0
1313	1.98	1.882	1.961	1.863	0
1314	1.882	1.804	1.765	1.804	0
1315	1.804	1.824	1.667	1.784	0
1316	2.02	2.078	1.667	1.824	0
1317	2.137	2.098	1.824	1.882	0
1318	2.059	1.941	1.882	1.98	0
1319	1.961	1.961	2.02	2.02	0
1320	1.784	1.98	2.118	2.059	0
1321	1.667	1.863	2.098	2.098	0
1322	1.843	1.784	2.137	2.098	0
1323	1.941	1.804	2.235	2.098	0
1324	2.0	1.784	2.294	2.039	0
1325	2.078	1.686	2.216	1.961	0
1326	2.039	1.725	2.235	1.922	0
1327	2.098	1.922	2.353	1.961	0
1328	2.059	1.922	2.235	1.98	0
1329	1.941	1.902	2.059	1.941	0
1330	1.882	1.843	1.902	1.863	0
1331	1.902	1.804	1.745	1.784	0
1332	1.98	1.941	1.784	1.784	0
1333	1.961	2.059	1.824	1.843	0
1334	1.843	2.02	1.804	1.941	0
1335	1.804	2.02	1.863	2.02	0
1336	1.725	1.961	1.902	2.039	0
1337	1.725	1.98	1.961	2.059	0
1338	1.843	1.98	2.118	2.059	0
1339	1.922	1.98	2.216	2.059	0
1340	1.902	1.863	2.235	2.059	0
1341	1.98	1.804	2.333	2.098	0
1342	2.137	1.824	2.333	2.078	0
1343	2.176	1.745	2.294	2.02	0
1344	2.196	1.686	2.216	2.0	0
1345	2.02	1.686	2.137	1.941	0
1346	1.882	1.706	2.059	1.902	0
1347	1.922	1.765	1.922	1.824	0
1348	2.098	1.784	1.706	1.765	0
1349	2.078	1.941	1.745	1.804	0
1350	1.941	2.0	1.765	1.863	0
1351	1.784	1.882	1.784	1.941	0
1352	1.804	1.902	1.784	1.961	0
1353	1.824	1.863	1.784	1.922	0
1354	1.784	1.922	1.863	1.941	0
1355	1.882	1.961	2.059	1.98	0
1356	2.0	1.941	2.196	2.078	0
1357	2.176	1.882	2.333	2.118	0
1358	2.118	1.882	2.412	2.078	0
1359	1.98	1.824	2.333	2.02	0
1360	2.0	1.863	2.255	1.98	0
1361	2.137	1.922	2.216	1.941	0
1362	2.235	1.765	2.098	1.882	0
1363	2.118	1.725	2.02	1.804	0
1364	2.059	1.902	1.961	1.804	0
1365	1.961	1.882	1.824	1.804	0
1366	1.882	1.843	1.804	1.804	0
1367	1.902	1.824	1.686	1.824	0
1368	1.922	1.765	1.667	1.863	0
1369	1.961	1.824	1.765	1.902	0
1370	1.784	1.804	1.843	1.902	0
1371	1.706	2.039	2.02	1.961	0
1372	1.706	2.137	2.059	2.098	0
1373	1.784	1.961	2.157	2.137	0
1374	1.824	1.804	2.176	2.118	0
1375	2.196	1.824	2.333	2.078	0
1376	2.608	1.922	2.529	2.078	0
1377	2.157	1.882	2.392	2.059	0
1378	1.667	1.824	2.294	2.0	0
1379	1.882	1.98	2.196	1.961	0
1380	2.255	2.098	2.137	1.922	0
1381	2.176	2.098	2.059	1.98	0
1382	2.02	1.98	1.843	1.922	0
1383	2.02	2.0	1.863	1.922	0
1384	2.059	1.98	1.824	1.902	0
1385	1.98	1.922	1.863	1.922	0
1386	1.98	2.02	2.059	1.961	0
1387	2.039	2.176	2.157	2.078	0
1388	1.98	2.118	2.196	2.157	0
1389	1.902	1.902	2.176	2.137	0
1390	1.804	1.667	2.078	2.078	0
1391	1.843	1.745	2.235	2.039	0
1392	2.02	1.843	2.373	2.02	0
1393	2.039	1.765	2.314	2.0	0
1394	2.098	1.804	2.294	1.961	0
1395	2.118	1.922	2.255	1.941	0
1396	2.078	1.882	2.176	1.902	0
1397	2.078	1.902	2.059	1.882	0
1398	1.98	1.941	1.941	1.804	0
1399	2.0	1.922	1.804	1.784	0
1400	1.843	1.922	1.784	1.745	0
1401	1.725	1.902	1.647	1.804	0
1402	1.706	2.0	1.686	1.902	0
1403	1.706	1.98	1.765	1.961	0
1404	1.667	1.843	1.765	1.961	0
1405	1.686	1.824	1.922	1.941	0
1406	1.745	1.882	2.0	2.02	0
1407	1.824	1.804	2.039	2.039	0
1408	1.784	1.686	2.196	2.039	0
1409	1.725	1.804	2.314	2.059	0
1410	1.902	1.882	2.392	2.059	0
1411	1.98	1.824	2.137	2.039	0
1412	1.941	1.627	2.039	1.941	0
1413	2.059	1.608	2.078	1.863	0
1414	2.118	1.706	2.098	1.843	0
1415	2.039	1.922	1.961	1.843	0
1416	1.902	1.961	1.843	1.843	0
1417	1.941	2.0	1.824	1.843	0
1418	2.039	2.0	1.725	1.843	0
1419	2.0	1.922	1.686	1.863	0
1420	1.941	1.941	1.765	1.882	0
1421	1.961	1.961	1.863	1.882	0
1422	1.922	2.0	1.98	1.922	0
1423	1.98	1.98	2.157	2.059	0
1424	2.02	1.922	2.216	2.118	0
1425	1.98	1.804	2.216	2.118	0
1426	2.039	1.745	2.275	2.059	0
1427	2.157	1.745	2.333	2.0	0
1428	2.275	1.824	2.314	1.961	0
1429	2.118	1.804	2.294	1.961	0
1430	2.059	1.882	2.216	1.922	0
1431	2.039	1.882	2.02	1.922	0
1432	2.039	1.922	1.902	1.863	0
1433	1.98	1.941	1.784	1.843	0
1434	2.039	1.961	1.745	1.863	0
1435	2.098	1.922	1.765	1.843	0
1436	1.863	1.98	1.863	1.922	0
1437	1.725	2.02	1.922	1.98	0
1438	1.745	2.0	1.882	2.039	0
1439	1.627	1.922	1.863	2.078	0
1440	1.686	1.922	1.98	2.059	0
1441	1.725	1.725	2.039	2.039	0
1442	1.98	1.745	2.196	2.0	0
1443	2.078	1.843	2.373	2.0	0
1444	1.765	1.922	2.412	2.02	0
1445	2.0	1.882	2.255	2.039	0
1446	2.255	1.745	2.196	2.059	0
1447	2.392	1.667	2.255	1.98	0
1448	2.098	1.765	2.196	1.922	0
1449	1.863	1.863	2.02	1.863	0
1450	1.882	2.02	1.804	1.765	0
1451	2.059	2.059	1.843	1.765	0
1452	2.118	2.078	1.863	1.843	0
1453	2.157	2.059	1.902	1.902	0
1454	2.157	2.059	1.902	1.961	0
1455	2.0	2.02	2.02	2.02	0
1456	1.902	1.98	2.118	2.039	0
1457	1.98	2.0	2.235	2.137	0
1458	2.0	1.941	2.314	2.176	0
1459	2.059	1.863	2.392	2.157	0
1460	2.118	1.824	2.412	2.137	0
1461	2.0	1.706	2.353	2.059	0
1462	2.02	1.667	2.294	1.98	0
1463	2.157	1.804	2.353	1.941	0
1464	2.02	1.765	2.157	1.902	0
1465	1.863	1.784	2.118	1.902	0
1466	1.941	1.922	2.078	1.902	0
1467	1.941	1.843	1.745	1.843	0
1468	1.843	1.725	1.549	1.765	0
1469	1.902	1.863	1.667	1.765	0
1470	1.902	1.961	1.843	1.824	0
1471	1.863	2.118	1.922	1.941	0
1472	1.784	1.98	1.863	2.02	0
1473	1.824	1.882	1.843	2.039	0
1474	1.765	1.882	2.0	1.98	0
1475	1.784	1.843	2.157	2.0	0
1476	1.882	1.843	2.216	2.0	0
1477	2.02	1.882	2.314	2.0	0
1478	2.157	1.863	2.353	2.059	0
1479	2.157	1.725	2.255	2.039	0
1480	2.098	1.686	2.196	2.0	0
1481	1.961	1.588	2.059	1.882	0
1482	1.961	1.588	1.98	1.784	0
1483	1.98	1.804	1.98	1.784	0
1484	2.039	1.961	1.843	1.804	0
1485	1.902	1.843	1.667	1.824	0
1486	1.784	1.824	1.706	1.843	0
1487	1.824	1.961	1.765	1.863	0
1488	1.784	1.98	1.745	1.882	0
1489	1.784	1.941	1.804	1.941	0
1490	1.804	1.902	1.902	1.941	0
1491	1.902	1.922	2.039	1.98	0
1492	1.882	1.941	2.157	2.0	0
1493	1.843	1.784	2.196	2.02	0
1494	2.02	1.843	2.275	2.039	0
1495	2.118	1.922	2.373	2.02	0
1496	2.039	1.922	2.255	1.98	0
1497	2.0	1.941	2.176	1.98	0
1498	2.059	1.902	2.275	1.961	0
1499	2.078	1.902	2.137	1.98	0
1500	2.196	1.863	1.882	1.824	0
1501	2.039	1.941	1.765	1.765	0
1502	1.824	2.059	1.882	1.784	0
1503	1.863	2.137	1.843	1.863	0
1504	1.863	1.98	1.745	1.961	0
1505	1.843	1.902	1.824	2.059	0
1506	1.745	1.98	1.922	2.059	0
1507	1.686	1.98	2.02	2.059	0
1508	1.725	1.961	1.941	2.059	0
1509	1.608	1.882	1.98	2.039	0
1510	1.745	1.902	2.255	2.078	0
1511	1.98	1.902	2.314	2.098	0
1512	2.235	1.745	2.392	2.118	0
1513	2.275	1.725	2.412	2.078	0
1514	1.961	1.686	2.314	2.02	0
1515	1.882	1.725	2.118	1.902	0
1516	2.02	1.843	1.98	1.804	0
1517	2.098	1.824	1.941	1.824	0
1518	2.176	2.02	1.922	1.824	0
1519	2.078	1.961	1.843	1.882	0
1520	1.98	2.02	1.824	1.922	0
1521	2.02	2.02	1.843	1.941	0
1522	1.98	1.941	1.843	1.961	0
1523	1.98	1.941	1.902	1.922	0
1524	2.02	2.02	2.039	1.941	0
1525	1.902	2.059	2.235	2.039	0
1526	1.882	2.039	2.333	2.176	0
1527	1.961	1.922	2.353	2.196	0
1528	2.098	1.882	2.353	2.176	0
1529	2.039	1.902	2.392	2.098	0
1530	2.02	1.804	2.314	1.98	0
1531	2.098	1.882	2.275	1.922	0
1532	2.039	1.824	2.157	1.882	0
1533	1.941	1.824	2.059	1.902	0
1534	2.059	1.843	2.078	1.922	0
1535	1.961	1.765	1.843	1.843	0
1536	1.784	1.824	1.765	1.804	0
1537	1.882	1.902	1.647	1.765	0
1538	1.961	1.882	1.608	1.765	0
1539	1.922	2.0	1.863	1.882	0
1540	1.843	2.059	2.02	2.0	0
1541	1.784	1.863	1.902	2.059	0
1542	1.667	1.843	1.941	2.039	0
1543	1.706	1.804	2.078	2.059	0
1544	1.706	1.765	2.216	2.039	0
1545	1.667	1.765	2.157	2.039	0
1546	1.863	1.745	2.216	2.02	0
1547	2.118	1.706	2.196	2.0	0
1548	2.49	1.784	2.275	2.02	0
1549	2.333	1.725	2.255	2.02	0
1550	1.706	1.725	2.039	1.941	0
1551	1.686	1.804	1.843	1.804	0
1552	1.882	1.922	1.765	1.765	0
1553	2.118	1.922	1.765	1.765	0
1554	2.157	1.882	1.765	1.863	0
1555	2.196	1.98	1.902	1.961	0
1556	2.098	2.0	1.902	2.039	0
1557	1.902	1.902	1.863	2.039	0
1558	1.961	1.941	1.98	1.98	0
1559	1.961	2.039	2.157	2.0	0
1560	2.059	2.078	2.333	2.039	0
1561	2.078	2.0	2.471	2.157	0
1562	2.118	2.0	2.51	2.157	0
1563	2.157	1.824	2.255	2.098	0
1564	2.196	1.784	2.275	1.961	0
1565	2.373	1.961	2.431	1.902	0
1566	2.373	2.078	2.49	1.98	0
1567	2.059	1.902	2.216	1.98	0
1568	1.902	1.824	1.941	1.902	0
1569	1.98	1.902	1.882	1.784	0
1570	2.02	2.0	1.902	1.804	0
1571	2.0	2.02	1.765	1.804	0
1572	1.784	1.882	1.647	1.843	0
1573	1.667	1.882	1.706	1.902	0
1574	1.765	1.941	1.784	1.902	0
1575	1.882	1.922	1.882	1.941	0
1576	1.941	1.922	2.02	2.02	0
1577	1.882	1.882	2.157	2.078	0
1578	1.863	1.863	2.353	2.118	0
1579	1.863	1.784	2.314	2.118	0
1580	1.843	1.627	2.118	2.059	0
1581	1.941	1.627	2.137	1.922	0
1582	2.02	1.824	2.196	1.863	0
1583	2.137	1.941	2.216	1.863	0
1584	1.922	1.765	2.039	1.824	0
1585	1.843	1.765	1.941	1.843	0
1586	1.922	1.843	1.765	1.843	0
1587	2.039	1.941	1.706	1.784	0
1588	2.157	1.922	1.745	1.784	0
1589	1.922	1.882	1.765	1.843	0
1590	1.745	1.902	1.784	1.882	0
1591	1.804	2.0	1.745	1.922	0
1592	1.765	1.922	1.824	1.941	0
1593	1.843	1.961	2.0	1.961	0
1594	1.941	1.922	2.098	2.039	0
1595	1.98	1.824	2.333	2.098	0
1596	2.02	1.843	2.431	2.137	0
1597	2.02	1.804	2.333	2.098	0
1598	2.078	1.667	2.255	2.02	0
1599	2.078	1.608	2.059	1.941	0
1600	2.0	1.569	2.098	1.882	0
1601	2.02	1.725	2.137	1.824	0
1602	2.059	1.941	2.059	1.882	0
1603	1.941	2.02	1.922	1.922	0
1604	1.824	1.922	1.784	1.922	0
1605	1.922	1.902	1.706	1.882	0
1606	1.784	1.824	1.686	1.882	0
1607	1.686	1.784	1.706	1.882	0
1608	1.843	1.98	1.882	1.941	0
1609	2.0	2.078	2.059	2.039	0
1610	1.902	1.941	2.059	2.059	0
1611	1.765	1.824	1.961	2.059	0
1612	1.843	1.882	2.255	2.059	0
1613	1.941	1.941	2.51	2.118	0
1614	2.02	1.843	2.431	2.157	0
1615	2.059	1.804	2.255	2.098	0
1616	2.137	1.765	2.235	2.02	0
1617	2.039	1.667	2.078	1.882	0
1618	1.843	1.706	1.98	1.745	0
1619	1.843	2.078	2.157	1.784	0
1620	2.176	2.471	2.235	1.922	0
1621	2.118	2.137	1.882	2.02	0
1622	1.725	1.745	1.627	1.941	0
1623	1.627	1.863	1.608	1.922	0
1624	1.804	2.059	1.784	1.902	0
1625	1.882	2.098	1.863	1.941	0
1626	1.882	2.039	1.941	1.98	0
1627	1.882	2.118	2.216	2.039	0
1628	1.902	2.196	2.333	2.137	0
1629	1.98	2.118	2.373	2.157	0
1630	2.078	1.922	2.373	2.176	0
1631	2.098	1.804	2.373	2.137	0
1632	2.078	1.765	2.216	2.039	0
1633	2.157	1.863	2.275	1.922	0
1634	2.235	1.902	2.333	1.941	0
1635	2.255	1.863	2.216	1.863	0
1636	2.235	1.882	2.078	1.863	0
1637	2.078	1.902	1.922	1.843	0
1638	1.98	2.039	1.902	1.824	0
1639	2.039	2.0	1.745	1.804	0
1640	1.961	1.961	1.725	1.863	0
1641	1.902	1.922	1.804	1.902	0
1642	1.686	1.902	1.804	1.941	0
1643	1.627	1.882	1.843	1.961	0
1644	1.765	1.922	1.961	2.0	0
1645	1.804	1.765	2.039	2.059	0
1646	1.804	1.667	2.176	2.039	0
1647	2.059	1.706	2.255	2.059	0
1648	2.255	1.824	2.353	2.059	0
1649	2.078	1.804	2.412	2.02	0
1650	2.02	1.706	2.353	2.0	0
1651	1.882	1.529	2.078	1.961	0
1652	1.902	1.667	1.961	1.863	0
1653	2.0	1.804	1.882	1.804	0
1654	2.02	1.765	1.804	1.765	0
1655	2.078	1.922	1.824	1.765	0
1656	2.196	2.078	1.882	1.843	0
1657	2.137	2.078	1.922	1.922	0
1658	1.902	2.0	1.922	2.0	0
1659	1.784	1.98	1.784	2.02	0
1660	1.765	1.961	1.824	2.0	0
1661	1.902	1.98	2.02	1.941	0
1662	1.98	1.98	2.157	2.0	0
1663	2.059	2.0	2.353	2.098	0
1664	2.216	1.961	2.392	2.137	0
1665	2.157	1.902	2.412	2.137	0
1666	1.98	1.745	2.314	2.039	0
1667	1.961	1.784	2.235	1.98	0
1668	2.157	1.941	2.235	1.922	0
1669	2.255	1.922	2.118	1.882	0
1670	2.157	1.824	1.922	1.882	0
1671	1.941	1.784	1.804	1.824	0
1672	1.804	1.843	1.725	1.804	0
1673	1.745	1.902	1.784	1.824	0
1674	1.882	1.922	1.765	1.882	0
1675	1.882	1.725	1.627	1.882	0
1676	1.843	1.765	1.725	1.922	0
1677	1.824	1.902	2.059	1.98	0
1678	1.882	1.98	2.235	2.078	0
1679	1.804	1.863	2.039	2.137	0
1680	1.725	1.745	2.137	2.098	0
1681	1.922	1.608	2.157	2.039	0
1682	1.941	1.627	2.176	1.961	0
1683	2.0	1.647	2.275	1.922	0
1684	2.118	1.725	2.373	1.941	0
1685	2.176	1.922	2.392	2.0	0
1686	2.176	1.882	2.196	1.98	0
1687	2.098	1.882	2.039	1.941	0
1688	2.118	1.961	1.863	1.863	0
1689	1.98	1.882	1.725	1.745	0
1690	1.922	1.902	1.706	1.706	0
1691	1.882	1.98	1.686	1.745	0
1692	1.902	2.02	1.784	1.863	0
1693	1.882	1.961	1.784	1.961	0
1694	1.804	1.902	1.843	2.02	0
1695	1.922	1.961	2.0	2.02	0
1696	2.039	2.0	2.176	2.02	0
1697	1.902	1.843	2.275	2.098	0
1698	1.765	1.627	2.157	2.059	0
1699	1.98	1.784	2.275	2.039	0
1700	2.078	1.863	2.353	1.98	0
1701	2.02	1.843	2.235	1.961	0
1702	1.961	1.784	1.98	1.922	0
1703	2.0	1.863	2.039	1.863	0
1704	2.176	2.078	2.157	1.843	0
1705	2.078	2.118	2.078	1.882	0
1706	1.824	1.922	1.745	1.902	0
1707	1.804	1.941	1.706	1.824	0
1708	1.843	2.118	1.784	1.824	0
1709	2.039	2.314	1.882	1.922	0
1710	1.902	2.255	1.961	2.0	0
1711	1.765	2.098	1.961	2.039	0
1712	1.824	2.02	2.0	2.02	0
1713	1.863	2.0	2.137	2.059	0
1714	1.863	1.941	2.314	2.078	0
1715	1.941	1.824	2.294	2.059	0
1716	1.902	1.745	2.333	2.059	0
1717	1.98	1.686	2.294	2.0	0
1718	2.118	1.706	2.216	1.961	0
1719	2.059	1.765	2.137	1.961	0
1720	1.941	1.686	2.039	1.922	0
1721	1.98	1.745	2.059	1.902	0
1722	2.157	1.882	1.98	1.882	0
1723	2.196	1.824	1.804	1.863	0
1724	1.824	1.804	1.765	1.784	0
1725	1.569	1.961	1.745	1.824	0
1726	1.706	2.098	1.804	1.902	0
1727	1.784	1.961	1.725	1.98	0
1728	1.725	1.804	1.765	2.039	0
1729	1.941	1.961	2.157	2.098	0
1730	2.0	2.02	2.275	2.176	0
1731	2.078	1.961	2.412	2.235	0
1732	2.235	2.0	2.51	2.216	0
1733	1.902	1.882	2.431	2.137	0
1734	1.824	1.784	2.353	2.039	0
1735	2.0	1.902	2.333	1.941	0
1736	2.176	1.902	2.275	1.941	0
1737	2.137	1.804	2.157	1.941	0
1738	2.098	1.804	2.078	1.922	0
1739	2.196	1.922	2.059	1.902	0
1740	2.137	2.039	1.961	1.922	0
1741	1.961	1.98	1.843	1.902	0
1742	1.882	1.98	1.784	1.882	0
1743	1.824	1.922	1.784	1.902	0
1744	1.784	1.922	1.804	1.922	0
1745	1.804	1.902	1.824	1.922	0
1746	1.588	1.961	1.863	1.961	0
1747	1.667	1.882	2.0	2.0	0
1748	1.98	1.784	2.176	2.078	0
1749	2.255	1.804	2.294	2.098	0
1750	2.353	1.745	2.392	2.137	0
1751	2.078	1.765	2.412	2.118	0
1752	1.824	1.804	2.294	2.0	0
1753	1.961	1.843	2.333	1.922	0
1754	2.118	1.863	2.137	1.843	0
1755	2.196	1.824	1.863	1.824	0
1756	2.0	1.784	1.882	1.824	0
1757	1.961	1.765	1.745	1.824	0
1758	2.039	1.863	1.804	1.804	0
1759	2.059	1.922	1.804	1.824	0
1760	1.961	1.961	1.922	1.922	0
1761	2.02	2.059	2.039	2.02	0
1762	1.922	1.98	2.0	2.059	0
1763	1.843	1.824	1.902	2.0	0
1764	1.784	1.765	2.039	2.02	0
1765	1.882	1.863	2.216	2.02	0
1766	1.902	1.725	2.235	2.02	0
1767	1.941	1.686	2.255	2.0	0
1768	2.059	1.745	2.216	1.961	0
1769	2.235	1.804	2.235	1.98	0
1770	2.137	1.706	2.216	1.98	0
1771	1.961	1.745	2.176	1.941	0
1772	1.98	1.784	2.0	1.882	0
1773	2.039	1.902	1.824	1.804	0
1774	1.882	1.922	1.647	1.745	0
1775	1.922	2.0	1.745	1.725	0
1776	1.961	2.059	1.765	1.804	0
1777	1.843	1.98	1.706	1.882	0
1778	1.843	1.922	1.784	2.0	0
1779	1.863	1.902	1.882	2.02	0
1780	1.882	1.941	2.02	2.02	0
1781	1.843	1.941	2.039	2.039	0
1782	1.824	1.863	2.157	2.039	0
1783	1.922	1.941	2.294	2.0	0
1784	2.039	2.0	2.431	2.039	0
1785	2.098	1.941	2.373	2.078	0
1786	2.059	1.765	2.255	2.02	0
1787	2.059	1.804	2.216	1.961	0
1788	1.941	1.824	2.157	1.902	0
1789	2.0	1.863	2.039	1.843	0
1790	2.039	1.902	1.863	1.804	0
1791	2.02	1.902	1.745	1.804	0
1792	2.0	2.039	1.784	1.804	0
1793	1.941	2.02	1.863	1.863	0
1794	1.804	1.941	1.784	1.922	0
1795	1.745	1.882	1.725	1.922	0
1796	1.804	2.039	1.961	1.961	0
1797	1.824	2.02	2.039	2.078	0
1798	1.784	1.784	2.059	2.059	0
1799	1.706	1.686	2.039	2.098	0
1800	1.804	1.745	2.196	2.078	0
1801	2.039	1.804	2.294	2.039	0
1802	2.157	1.824	2.353	1.98	0
1803	2.255	1.804	2.373	1.98	0
1804	2.176	1.765	2.255	1.961	0
1805	2.059	1.902	2.176	1.922	0
1806	2.059	2.02	2.196	1.882	0
1807	1.941	1.902	1.824	1.804	0
1808	1.98	1.922	1.667	1.765	0
1809	1.882	1.961	1.745	1.745	0
1810	1.804	2.0	1.627	1.784	0
1811	1.902	2.098	1.725	1.863	0
1812	2.059	2.039	1.902	1.902	0
1813	2.118	2.02	1.98	1.961	0
1814	1.902	2.0	2.0	2.0	0
1815	1.725	2.039	2.157	2.02	0
1816	1.882	2.0	2.275	2.137	0
1817	2.098	1.863	2.255	2.137	0
1818	2.137	1.765	2.255	2.078	0
1819	2.176	1.745	2.314	2.0	0
1820	1.961	1.804	2.255	1.922	0
1821	2.039	1.784	2.235	1.902	0
1822	2.196	1.824	2.196	1.941	0
1823	2.196	1.863	2.078	1.961	0
1824	2.137	1.824	1.961	1.941	0
1825	2.039	1.843	1.824	1.863	0
1826	1.922	1.804	1.824	1.824	0
1827	1.941	1.941	1.765	1.843	0
1828	1.902	2.078	1.863	1.922	0
1829	1.863	1.98	1.922	1.98	0
1830	1.745	1.824	1.902	2.059	0
1831	1.725	1.784	1.902	2.098	0
1832	1.765	1.784	2.078	2.02	0
1833	1.784	1.824	2.235	2.039	0
1834	1.667	1.863	2.275	2.039	0
1835	1.725	1.784	2.255	2.078	0
1836	2.0	1.686	2.275	2.078	0
1837	2.157	1.706	2.255	2.02	0
1838	2.255	1.725	2.275	2.0	0
1839	2.098	1.784	2.255	1.961	0
1840	1.902	1.784	2.078	1.922	0
1841	1.745	1.922	1.922	1.863	0
1842	1.882	1.902	1.725	1.824	0
1843	2.02	1.941	1.765	1.804	0
1844	2.0	1.941	1.804	1.843	0
1845	2.0	2.02	1.882	1.961	0
1846	1.98	1.961	1.863	2.02	0
1847	1.941	2.02	1.922	2.039	0
1848	1.98	2.059	2.078	2.039	0
1849	1.98	1.941	2.137	2.059	0
1850	1.98	1.941	2.333	2.118	0
1851	2.039	1.941	2.392	2.157	0
1852	2.02	1.922	2.373	2.137	0
1853	2.02	1.843	2.353	2.02	0
1854	2.078	1.863	2.314	1.98	0
1855	2.118	1.863	2.275	1.922	0
1856	2.02	1.804	2.176	1.922	0
1857	1.941	1.804	2.02	1.863	0
1858	2.0	1.804	1.843	1.824	0
1859	1.98	1.843	1.725	1.784	0
1860	1.961	2.039	1.824	1.765	0
1861	1.961	2.078	1.784	1.843	0
1862	1.804	2.078	1.804	1.922	0
1863	1.745	1.98	1.784	1.98	0
1864	1.706	1.843	1.784	1.961	0
1865	1.784	1.824	1.863	1.98	0
1866	1.922	1.902	2.118	2.0	0
1867	1.941	1.902	2.255	2.098	0
1868	1.843	1.843	2.216	2.118	0
1869	1.902	1.824	2.275	2.059	0
1870	2.059	1.824	2.333	2.02	0
1871	2.176	1.843	2.333	1.961	0
1872	2.059	1.824	2.275	1.922	0
1873	1.941	1.784	2.118	1.922	0
1874	2.059	1.882	2.02	1.863	0
1875	2.078	1.882	1.863	1.824	0
1876	2.098	1.824	1.804	1.804	0
1877	2.157	1.941	1.961	1.863	0
1878	2.02	1.961	1.843	1.882	0
1879	1.745	1.961	1.706	1.882	0
1880	1.725	1.961	1.706	1.863	0
1881	1.882	2.059	1.843	1.882	0
1882	1.98	2.0	1.98	1.961	0
1883	1.98	2.0	2.176	2.059	0
1884	2.059	1.902	2.255	2.157	0
1885	2.039	1.824	2.333	2.157	0
1886	2.098	1.843	2.392	2.098	0
1887	2.118	1.843	2.333	2.02	0
1888	2.118	1.745	2.216	1.922	0
1889	2.078	1.784	2.216	1.922	0
1890	2.078	1.804	2.176	1.902	0
1891	2.02	1.804	2.078	1.922	0
1892	1.961	1.863	1.961	1.882	0
1893	1.922	1.843	1.745	1.843	0
1894	1.804	1.804	1.686	1.804	0
1895	1.784	1.843	1.667	1.804	0
1896	1.765	1.961	1.706	1.863	0
1897	1.804	1.961	1.784	1.922	0
1898	1.804	1.902	1.824	1.961	0
1899	1.745	1.863	1.882	2.02	0
1900	1.824	1.863	2.059	2.059	0
1901	1.784	1.882	2.157	2.098	0
1902	1.804	1.824	2.235	2.078	0
1903	1.961	1.882	2.314	2.059	0
1904	2.118	1.843	2.373	2.039	0
1905	2.078	1.745	2.196	1.98	0
1906	2.098	1.824	2.255	1.941	0
1907	2.216	1.922	2.275	1.961	0
1908	2.196	1.98	2.157	1.922	0
1909	2.176	1.941	2.039	1.863	0
1910	2.078	1.941	1.882	1.843	0
1911	2.039	2.0	1.863	1.804	0
1912	2.02	2.0	1.784	1.824	0
1913	1.941	1.941	1.765	1.882	0
1914	1.902	1.941	1.882	1.961	0
1915	1.961	1.961	1.922	1.98	0
1916	1.98	1.961	2.02	2.078	0
1917	1.902	1.941	2.118	2.059	0
1918	1.882	1.882	2.275	2.137	0
1919	1.902	1.824	2.353	2.137	0
1920	2.0	1.784	2.353	2.098	0
1921	2.098	1.784	2.314	2.039	0
1922	2.078	1.804	2.314	1.98	0
1923	2.078	1.824	2.235	1.961	0
1924	2.0	1.784	2.176	1.941	0
1925	2.039	1.824	2.059	1.902	0
1926	1.98	1.882	1.98	1.882	0
1927	1.941	1.882	1.843	1.863	0
1928	1.843	1.882	1.784	1.863	0
1929	1.843	1.941	1.725	1.843	0
1930	1.784	1.941	1.725	1.882	0
1931	1.745	1.922	1.784	1.941	0
1932	1.843	1.941	1.902	1.98	0
1933	1.784	1.902	1.98	2.059	0
1934	1.784	1.863	2.078	2.039	0
1935	1.922	1.824	2.098	2.059	0
1936	1.863	1.725	2.216	2.059	0
1937	1.941	1.765	2.294	2.059	0
1938	2.039	1.804	2.333	2.039	0
1939	2.078	1.784	2.294	2.0	0
1940	2.059	1.784	2.235	1.961	0
1941	2.098	1.765	2.176	1.922	0
1942	2.078	1.804	2.039	1.843	0
1943	2.098	1.902	1.98	1.824	0
1944	2.059	1.941	1.804	1.804	0
1945	1.941	1.961	1.765	1.784	0
1946	1.922	2.0	1.725	1.824	0
1947	1.902	2.039	1.824	1.882	0
1948	1.863	1.98	1.804	1.922	0
1949	1.863	2.02	1.843	1.941	0
1950	1.843	2.0	1.961	1.961	0
1951	1.902	1.961	2.098	2.059	0
1952	1.863	1.922	2.176	2.078	0
1953	1.922	1.863	2.314	2.137	0
1954	2.0	1.843	2.333	2.098	0
1955	2.039	1.784	2.333	2.059	0
1956	2.039	1.765	2.255	2.0	0
1957	2.059	1.804	2.216	1.922	0
1958	2.098	1.804	2.176	1.922	0
1959	2.078	1.843	2.098	1.902	0
1960	2.078	1.863	1.98	1.902	0
1961	2.02	1.863	1.804	1.843	0
1962	1.922	1.902	1.765	1.824	0
1963	1.882	1.98	1.765	1.824	0
1964	1.863	1.961	1.765	1.902	0
1965	1.843	2.02	1.843	1.961	0
1966	1.863	2.02	1.961	2.0	0
1967	1.863	1.961	1.922	2.059	0
1968	1.863	1.882	2.02	2.059	0
1969	1.882	1.902	2.196	2.078	0
1970	1.922	1.863	2.353	2.118	0
1971	1.961	1.843	2.392	2.078	0
1972	2.0	1.863	2.353	2.078	0
1973	2.059	1.824	2.314	2.039	0
1974	2.039	1.824	2.235	2.0	0
1975	2.059	1.784	2.176	1.941	0
1976	2.078	1.843	2.098	1.902	0
1977	2.039	1.902	2.02	1.882	0
1978	2.059	1.902	1.843	1.843	0
1979	1.941	1.941	1.765	1.824	0
1980	1.922	1.961	1.706	1.784	0
1981	1.882	1.98	1.725	1.863	0
1982	1.843	1.961	1.784	1.922	0
1983	1.843	1.961	1.843	1.98	0
1984	1.843	1.922	1.902	2.02	0
1985	1.882	1.882	2.039	2.039	0
1986	1.922	1.882	2.137	2.059	0
1987	1.922	1.784	2.255	2.059	0
1988	1.961	1.745	2.255	2.02	0
1989	2.098	1.843	2.333	1.98	0
1990	2.137	1.824	2.314	1.941	0
1991	2.078	1.824	2.235	1.961	0
1992	2.078	1.765	2.176	1.961	0
1993	2.078	1.804	2.039	1.961	0
1994	2.118	1.863	1.98	1.882	0
1995	2.098	1.902	1.843	1.804	0
1996	1.98	1.941	1.824	1.804	0
1997	1.961	2.02	1.784	1.882	0
1998	1.882	2.0	1.765	1.922	0
1999	1.882	1.961	1.804	1.98	0
