time	channel1	channel2	channel3	channel4	class
0	1.882	1.863	2.176	1.941	1
1	1.941	1.863	2.176	1.882	1
2	1.961	1.843	2.235	1.863	1
3	1.98	1.804	2.216	1.843	1
4	2.0	1.804	2.176	1.863	1
5	2.039	1.824	2.137	1.863	1
6	2.039	1.863	2.118	1.863	1
7	2.02	1.922	2.059	1.941	1
8	2.059	1.902	1.98	1.98	1
9	2.0	1.902	1.882	2.0	1
10	2.0	1.961	1.882	2.039	1
11	1.961	2.0	1.882	2.078	1
12	1.902	1.98	1.882	2.118	1
13	1.902	1.961	1.922	2.078	1
14	1.902	1.961	1.941	2.039	1
15	1.882	1.941	2.0	2.0	1
16	1.824	1.922	2.078	1.98	1
17	1.843	1.863	2.176	1.922	1
18	1.922	1.843	2.176	1.882	1
19	1.941	1.824	2.196	1.824	1
20	2.02	1.804	2.196	1.824	1
21	2.0	1.824	2.176	1.843	1
22	2.02	1.824	2.157	1.863	1
23	2.039	1.824	2.118	1.843	1
24	2.078	1.882	2.059	1.922	1
25	2.078	1.902	1.961	1.961	1
26	2.02	1.922	1.922	2.0	1
27	2.0	1.922	1.882	2.039	1
28	1.961	1.961	1.843	2.059	1
29	1.941	1.961	1.882	2.059	1
30	1.902	1.98	1.902	2.059	1
31	1.882	1.922	1.961	2.02	1
32	1.902	1.902	2.0	2.039	1
33	1.922	1.902	2.098	2.0	1
34	1.922	1.843	2.157	1.941	1
35	1.961	1.843	2.176	1.863	1
36	1.922	1.804	2.216	1.843	1
37	2.0	1.824	2.235	1.843	1
38	2.02	1.784	2.157	1.843	1
39	2.039	1.804	2.157	1.863	1
40	2.02	1.824	2.157	1.922	1
41	2.059	1.843	2.039	1.922	1
42	2.078	1.882	1.98	1.941	1
43	2.0	1.902	1.922	2.0	1
44	1.98	1.941	1.902	2.02	1
45	1.961	1.961	1.863	2.059	1
46	1.941	1.922	1.863	2.078	1
47	1.922	1.922	1.922	2.078	1
48	1.922	1.922	1.941	2.0	1
49	1.902	1.882	2.039	1.98	1
50	1.922	1.882	2.078	1.98	1
51	1.863	1.843	2.157	1.941	1
52	1.882	1.843	2.216	1.902	1
53	1.882	1.843	2.235	1.882	1
54	2.0	1.784	2.216	1.843	1
55	2.02	1.804	2.157	1.863	1
56	2.02	1.824	2.157	1.863	1
57	2.039	1.824	2.098	1.863	1
58	2.02	1.863	2.078	1.922	1
59	2.039	1.902	2.02	1.98	1
60	1.941	1.922	1.922	2.02	1
61	1.961	1.961	1.922	2.078	1
62	1.941	2.0	1.882	2.078	1
63	1.863	1.98	1.922	2.098	1
64	1.902	2.02	1.941	2.098	1
65	1.882	1.961	1.98	2.039	1
66	1.902	1.922	2.02	2.02	1
67	1.843	1.941	2.098	1.98	1
68	1.843	1.863	2.176	1.941	1
69	1.922	1.843	2.176	1.902	1
70	1.922	1.824	2.216	1.843	1
71	2.0	1.804	2.216	1.824	1
72	2.0	1.824	2.176	1.843	1
73	2.0	1.804	2.176	1.882	1
74	2.039	1.843	2.176	1.882	1
75	2.078	1.882	2.059	1.922	1
76	2.059	1.902	1.98	1.961	1
77	1.98	1.882	1.922	2.0	1
78	2.0	1.922	1.882	2.039	1
79	1.961	1.961	1.843	2.059	1
80	1.922	1.961	1.882	2.078	1
81	1.902	1.961	1.902	2.059	1
82	1.902	1.941	1.941	2.039	1
83	1.863	1.941	2.02	2.02	1
84	1.902	1.902	2.078	1.98	1
85	1.902	1.882	2.137	1.922	1
86	1.941	1.824	2.176	1.863	1
87	1.961	1.804	2.196	1.843	1
88	2.0	1.804	2.176	1.804	1
89	2.039	1.784	2.176	1.863	1
90	2.059	1.824	2.157	1.843	1
91	2.059	1.804	2.137	1.863	1
92	2.078	1.843	2.039	1.922	1
93	2.098	1.863	2.0	1.922	1
94	2.039	1.902	1.902	2.0	1
95	2.02	1.941	1.863	2.02	1
96	1.961	1.98	1.863	2.059	1
97	1.882	1.941	1.863	2.098	1
98	1.98	1.941	1.902	2.059	1
99	1.961	1.941	1.922	2.02	1
100	1.902	1.902	2.02	1.98	1
101	1.863	1.843	2.039	1.98	1
102	1.863	1.843	2.137	1.902	1
103	1.941	1.824	2.176	1.863	1
104	1.941	1.824	2.216	1.863	1
105	1.98	1.804	2.235	1.843	1
106	1.941	1.804	2.176	1.882	1
107	1.98	1.804	2.157	1.882	1
108	2.039	1.824	2.137	1.863	1
109	2.039	1.882	2.059	1.922	1
110	2.059	1.902	2.02	1.961	1
111	2.0	1.902	1.902	1.98	1
112	2.0	1.941	1.882	2.02	1
113	1.941	2.0	1.863	2.078	1
114	1.922	1.98	1.902	2.098	1
115	1.902	2.0	1.922	2.098	1
116	1.882	1.98	1.941	2.059	1
117	1.843	1.961	2.0	2.02	1
118	1.843	1.961	2.098	2.0	1
119	1.843	1.902	2.196	1.961	1
120	1.941	1.843	2.176	1.902	1
121	1.961	1.824	2.216	1.843	1
122	2.0	1.804	2.235	1.804	1
123	1.941	1.824	2.216	1.843	1
124	1.961	1.824	2.157	1.882	1
125	2.02	1.824	2.118	1.922	1
126	2.059	1.882	2.059	1.922	1
127	2.02	1.902	2.0	1.941	1
128	1.961	1.882	1.922	2.0	1
129	1.961	1.922	1.902	2.059	1
130	1.941	1.961	1.863	2.059	1
131	1.882	1.961	1.882	2.078	1
132	1.843	1.961	1.922	2.078	1
133	1.863	1.961	1.922	2.059	1
134	1.863	1.922	2.02	2.02	1
135	1.922	1.941	2.059	2.02	1
136	1.863	1.902	2.157	1.941	1
137	1.941	1.863	2.196	1.902	1
138	1.922	1.843	2.196	1.882	1
139	2.0	1.824	2.235	1.843	1
140	2.039	1.843	2.176	1.863	1
141	2.039	1.843	2.157	1.863	1
142	2.039	1.843	2.137	1.863	1
143	2.02	1.882	2.059	1.902	1
144	2.059	1.922	2.0	1.961	1
145	2.0	1.922	1.882	2.0	1
146	2.0	1.941	1.902	2.02	1
147	1.98	1.98	1.863	2.078	1
148	1.98	1.98	1.863	2.078	1
149	1.98	1.961	1.902	2.059	1
150	1.922	1.961	1.941	2.039	1
151	1.843	1.941	1.961	2.0	1
152	1.863	1.882	2.02	1.98	1
153	1.882	1.863	2.137	1.922	1
154	1.98	1.843	2.157	1.902	1
155	1.98	1.824	2.216	1.843	1
156	2.0	1.784	2.216	1.843	1
157	1.98	1.804	2.176	1.843	1
158	2.039	1.804	2.157	1.843	1
159	2.078	1.824	2.137	1.882	1
160	2.078	1.863	2.118	1.922	1
161	2.078	1.882	2.02	1.961	1
162	1.98	1.882	1.922	1.98	1
163	2.0	1.922	1.882	2.0	1
164	1.961	1.98	1.863	2.059	1
165	1.922	1.941	1.902	2.078	1
166	1.902	1.941	1.902	2.078	1
167	1.902	1.922	1.941	2.039	1
168	1.902	1.941	2.039	2.039	1
169	1.922	1.902	2.078	2.02	1
170	1.902	1.863	2.157	1.961	1
171	1.922	1.804	2.157	1.902	1
172	1.961	1.784	2.216	1.824	1
173	2.0	1.784	2.216	1.824	1
174	2.02	1.784	2.216	1.843	1
175	2.059	1.784	2.157	1.863	1
176	2.059	1.804	2.157	1.922	1
177	2.118	1.863	2.059	1.902	1
178	2.039	1.882	2.0	1.941	1
179	2.02	1.863	1.902	1.98	1
180	1.98	1.902	1.863	2.0	1
181	1.98	1.941	1.863	2.039	1
182	1.941	1.98	1.882	2.059	1
183	1.922	1.98	1.922	2.078	1
184	1.882	1.941	1.941	2.059	1
185	1.863	1.922	1.941	2.039	1
186	1.882	1.882	2.039	1.961	1
187	1.863	1.863	2.137	1.922	1
188	1.941	1.843	2.196	1.882	1
189	1.922	1.804	2.196	1.863	1
190	1.98	1.804	2.235	1.863	1
191	2.0	1.784	2.196	1.863	1
192	2.0	1.804	2.157	1.863	1
193	2.02	1.804	2.118	1.902	1
194	2.0	1.843	2.098	1.922	1
195	2.039	1.902	2.0	1.941	1
196	1.961	1.922	1.922	2.02	1
197	1.961	1.902	1.922	2.059	1
198	2.0	1.941	1.863	2.078	1
199	1.902	1.961	1.882	2.078	1
200	1.902	1.961	1.902	2.098	1
201	1.882	1.961	1.941	2.02	1
202	1.863	1.941	2.02	2.02	1
203	1.843	1.902	2.059	2.02	1
204	1.843	1.882	2.157	1.961	1
205	1.922	1.863	2.176	1.941	1
206	1.941	1.824	2.216	1.863	1
207	1.98	1.784	2.216	1.843	1
208	1.98	1.784	2.176	1.804	1
209	2.0	1.784	2.157	1.843	1
210	2.02	1.824	2.137	1.843	1
211	2.098	1.824	2.059	1.922	1
212	2.039	1.863	1.98	1.941	1
213	2.039	1.863	1.882	1.961	1
214	2.0	1.922	1.902	2.039	1
215	1.961	1.961	1.843	2.059	1
216	1.922	1.922	1.863	2.078	1
217	1.922	1.922	1.863	2.078	1
218	1.941	1.941	1.922	2.02	1
219	1.863	1.961	2.0	2.0	1
220	1.824	1.922	2.039	2.0	1
221	1.882	1.902	2.137	1.961	1
222	1.961	1.843	2.176	1.882	1
223	1.98	1.824	2.216	1.843	1
224	1.961	1.843	2.235	1.824	1
225	1.961	1.824	2.196	1.843	1
226	2.0	1.804	2.157	1.863	1
227	2.02	1.843	2.157	1.882	1
228	2.039	1.882	2.059	1.922	1
229	2.02	1.922	2.039	1.941	1
230	1.922	1.922	1.941	2.02	1
231	1.941	1.961	1.922	2.059	1
232	1.98	1.961	1.863	2.078	1
233	1.922	1.961	1.882	2.078	1
234	1.902	1.961	1.922	2.078	1
235	1.863	1.941	1.941	2.039	1
236	1.863	1.941	1.98	2.039	1
237	1.843	1.941	2.059	2.02	1
238	1.824	1.902	2.157	1.98	1
239	1.902	1.843	2.176	1.922	1
240	1.922	1.824	2.196	1.863	1
241	1.98	1.804	2.196	1.824	1
242	2.0	1.843	2.196	1.824	1
243	2.039	1.843	2.176	1.843	1
244	2.039	1.824	2.137	1.902	1
245	2.078	1.863	2.078	1.902	1
246	2.098	1.902	2.02	1.941	1
247	2.039	1.902	1.922	2.0	1
248	2.0	1.922	1.922	2.02	1
249	1.98	1.961	1.863	2.059	1
250	1.941	1.961	1.882	2.059	1
251	1.961	1.941	1.922	2.078	1
252	1.941	1.961	1.941	2.039	1
253	1.922	1.961	1.961	2.039	1
254	1.882	1.922	2.078	2.0	1
255	1.902	1.863	2.157	1.941	1
256	1.941	1.843	2.176	1.902	1
257	1.961	1.804	2.216	1.843	1
258	1.98	1.784	2.196	1.804	1
259	2.0	1.804	2.176	1.804	1
260	2.02	1.824	2.176	1.843	1
261	2.0	1.824	2.137	1.843	1
262	2.059	1.843	2.078	1.922	1
263	2.059	1.902	2.02	1.98	1
264	1.98	1.902	1.922	2.02	1
265	1.98	1.922	1.902	2.02	1
266	1.98	1.961	1.882	2.059	1
267	1.922	1.961	1.863	2.098	1
268	1.902	1.941	1.882	2.059	1
269	1.902	1.922	1.922	2.039	1
270	1.863	1.961	2.0	2.0	1
271	1.882	1.902	2.078	2.0	1
272	1.863	1.863	2.118	1.98	1
273	1.941	1.824	2.196	1.941	1
274	1.941	1.804	2.196	1.863	1
275	1.98	1.804	2.216	1.843	1
276	2.0	1.784	2.176	1.843	1
277	2.02	1.784	2.137	1.863	1
278	2.059	1.784	2.118	1.863	1
279	2.098	1.863	2.078	1.902	1
280	2.039	1.902	2.02	1.941	1
281	2.02	1.863	1.882	2.0	1
282	2.0	1.882	1.863	2.0	1
283	2.0	1.922	1.843	2.059	1
284	1.941	1.961	1.843	2.039	1
285	1.922	1.902	1.882	2.059	1
286	1.902	1.902	1.882	2.02	1
287	1.922	1.902	1.941	2.0	1
288	1.922	1.902	2.0	1.961	1
289	1.882	1.843	2.098	1.922	1
290	1.922	1.824	2.137	1.882	1
291	1.941	1.824	2.176	1.863	1
292	2.02	1.804	2.196	1.824	1
293	1.98	1.824	2.157	1.824	1
294	2.02	1.784	2.157	1.843	1
295	2.02	1.824	2.118	1.863	1
296	2.0	1.843	2.059	1.882	1
297	2.059	1.922	2.02	1.961	1
298	2.0	1.941	1.922	2.02	1
299	1.98	1.98	1.902	2.039	1
300	1.941	1.98	1.863	2.078	1
301	1.922	2.0	1.922	2.118	1
302	1.882	2.02	1.922	2.078	1
303	1.863	2.0	1.98	2.078	1
304	1.843	1.98	2.0	2.078	1
305	1.863	1.961	2.078	2.02	1
306	1.882	1.902	2.157	1.98	1
307	1.882	1.863	2.176	1.922	1
308	1.902	1.843	2.255	1.863	1
309	1.98	1.824	2.255	1.843	1
310	2.02	1.804	2.196	1.843	1
311	2.039	1.765	2.176	1.843	1
312	2.059	1.824	2.137	1.882	1
313	2.059	1.863	2.098	1.902	1
314	2.059	1.863	2.02	1.941	1
315	2.039	1.863	1.902	1.961	1
316	2.059	1.882	1.902	1.98	1
317	2.039	1.902	1.863	2.039	1
318	1.98	1.922	1.863	2.078	1
319	1.922	1.941	1.922	2.059	1
320	1.902	1.941	1.941	2.078	1
321	1.902	1.941	1.98	2.02	1
322	1.941	1.902	2.078	2.0	1
323	1.863	1.863	2.118	1.961	1
324	1.882	1.824	2.176	1.902	1
325	1.922	1.843	2.216	1.902	1
326	1.961	1.824	2.235	1.824	1
327	1.98	1.824	2.196	1.843	1
328	2.0	1.843	2.216	1.882	1
329	2.02	1.843	2.137	1.863	1
330	2.0	1.941	2.078	1.922	1
331	1.98	1.941	2.039	1.961	1
332	1.98	1.902	1.922	2.02	1
333	1.961	1.922	1.902	2.039	1
334	1.941	1.961	1.863	2.059	1
335	1.882	1.98	1.882	2.078	1
336	1.882	1.98	1.922	2.098	1
337	1.882	1.98	1.98	2.059	1
338	1.863	1.941	1.98	2.02	1
339	1.843	1.902	2.039	2.0	1
340	1.863	1.882	2.118	1.961	1
341	1.902	1.843	2.157	1.922	1
342	1.902	1.863	2.216	1.863	1
343	1.941	1.843	2.235	1.863	1
344	2.0	1.824	2.196	1.824	1
345	2.0	1.804	2.176	1.863	1
346	2.02	1.824	2.118	1.902	1
347	2.078	1.902	2.078	1.922	1
348	2.039	1.902	2.0	1.941	1
349	2.0	1.902	1.922	1.98	1
350	1.941	1.941	1.922	2.02	1
351	1.961	1.98	1.863	2.059	1
352	1.98	1.98	1.882	2.118	1
353	1.941	1.98	1.902	2.078	1
354	1.882	1.961	1.941	2.039	1
355	1.863	1.922	1.961	2.0	1
356	1.922	1.941	2.059	1.98	1
357	1.922	1.902	2.098	1.941	1
358	1.922	1.843	2.137	1.882	1
359	1.922	1.804	2.196	1.843	1
360	1.961	1.784	2.196	1.824	1
361	2.0	1.804	2.176	1.804	1
362	2.02	1.804	2.137	1.843	1
363	2.039	1.804	2.118	1.882	1
364	2.0	1.824	2.098	1.902	1
365	2.059	1.922	2.039	1.922	1
366	2.059	1.902	1.922	2.0	1
367	2.0	1.902	1.902	2.0	1
368	2.0	1.902	1.843	2.039	1
369	1.941	1.941	1.824	2.059	1
370	1.902	1.922	1.882	2.0	1
371	1.902	1.941	1.961	2.02	1
372	1.882	1.941	1.961	2.039	1
373	1.902	1.863	2.059	2.039	1
374	1.941	1.902	2.137	2.0	1
375	1.941	1.843	2.157	1.902	1
376	1.902	1.784	2.216	1.843	1
377	1.902	1.745	2.216	1.804	1
378	2.0	1.765	2.137	1.824	1
379	2.02	1.745	2.137	1.804	1
380	2.098	1.804	2.157	1.882	1
381	2.039	1.863	2.118	1.922	1
382	2.039	1.882	2.059	1.98	1
383	2.02	1.863	1.902	2.0	1
384	1.98	1.902	1.882	2.02	1
385	1.961	1.922	1.863	2.039	1
386	1.902	1.961	1.843	2.059	1
387	1.922	1.941	1.882	2.078	1
388	1.922	1.941	1.902	2.059	1
389	1.902	1.922	1.941	2.059	1
390	1.863	1.922	2.078	2.039	1
391	1.843	1.863	2.157	2.0	1
392	1.882	1.843	2.157	1.922	1
393	1.922	1.843	2.196	1.882	1
394	2.02	1.843	2.216	1.824	1
395	2.039	1.843	2.196	1.843	1
396	2.02	1.824	2.176	1.863	1
397	2.039	1.824	2.157	1.882	1
398	2.059	1.882	2.118	1.922	1
399	2.118	1.902	2.078	1.961	1
400	2.059	1.902	1.941	2.039	1
401	2.02	1.941	1.941	2.059	1
402	2.039	1.98	1.882	2.059	1
403	1.98	2.0	1.882	2.078	1
404	1.922	2.0	1.902	2.078	1
405	1.902	1.98	1.98	2.059	1
406	1.882	2.0	2.0	2.059	1
407	1.882	1.961	2.098	2.078	1
408	1.902	1.922	2.157	2.039	1
409	1.941	1.882	2.216	1.961	1
410	1.961	1.882	2.235	1.902	1
411	1.961	1.824	2.216	1.863	1
412	2.0	1.824	2.235	1.843	1
413	2.0	1.824	2.216	1.882	1
414	2.02	1.843	2.196	1.902	1
415	2.02	1.882	2.137	1.961	1
416	2.078	1.922	2.039	1.98	1
417	2.02	1.902	1.941	2.0	1
418	1.941	1.941	1.941	2.039	1
419	1.961	1.98	1.922	2.078	1
420	1.922	1.98	1.882	2.118	1
421	1.902	1.941	1.902	2.078	1
422	1.882	1.941	1.922	2.059	1
423	1.863	1.961	1.961	2.059	1
424	1.882	1.922	2.039	2.039	1
425	1.882	1.882	2.098	1.98	1
426	1.922	1.843	2.176	1.902	1
427	1.902	1.843	2.176	1.863	1
428	1.961	1.804	2.216	1.804	1
429	2.02	1.804	2.157	1.824	1
430	2.039	1.784	2.118	1.824	1
431	2.059	1.765	2.078	1.843	1
432	2.098	1.804	2.039	1.843	1
433	2.118	1.863	2.0	1.902	1
434	2.118	1.863	1.902	1.941	1
435	2.02	1.863	1.882	1.98	1
436	2.02	1.922	1.824	2.0	1
437	1.922	1.902	1.843	2.039	1
438	1.902	1.902	1.863	2.078	1
439	1.863	1.941	1.902	2.059	1
440	1.961	1.902	1.941	2.02	1
441	1.98	1.882	1.98	1.941	1
442	1.922	1.882	2.098	1.902	1
443	1.863	1.824	2.176	1.882	1
444	1.863	1.843	2.235	1.902	1
445	1.941	1.784	2.235	1.863	1
446	1.98	1.824	2.196	1.882	1
447	1.941	1.804	2.176	1.902	1
448	1.961	1.824	2.157	1.882	1
449	2.039	1.824	2.118	1.922	1
450	2.02	1.902	2.059	1.941	1
451	2.039	1.863	1.961	2.0	1
452	1.961	1.922	1.922	2.02	1
453	1.941	1.922	1.863	2.039	1
454	1.863	1.98	1.882	2.078	1
455	1.863	1.98	1.941	2.098	1
456	1.922	1.941	1.941	2.059	1
457	1.882	1.902	1.941	2.02	1
458	1.902	1.882	2.039	1.98	1
459	1.863	1.922	2.098	1.961	1
460	1.863	1.843	2.196	1.922	1
461	1.882	1.824	2.196	1.882	1
462	1.961	1.784	2.216	1.824	1
463	2.02	1.804	2.196	1.843	1
464	2.0	1.843	2.196	1.824	1
465	2.0	1.843	2.157	1.902	1
466	2.02	1.843	2.118	1.922	1
467	2.059	1.922	2.02	1.941	1
468	2.059	1.922	1.902	1.98	1
469	1.941	1.941	1.902	2.02	1
470	1.961	1.961	1.882	2.039	1
471	1.922	1.98	1.863	2.078	1
472	1.941	1.98	1.902	2.078	1
473	1.882	1.98	1.922	2.039	1
474	1.882	1.961	1.98	2.02	1
475	1.863	1.922	2.02	2.02	1
476	1.882	1.922	2.078	1.961	1
477	1.941	1.863	2.176	1.922	1
478	1.961	1.863	2.196	1.863	1
479	2.0	1.824	2.216	1.804	1
480	2.02	1.804	2.176	1.804	1
481	2.02	1.784	2.137	1.824	1
482	2.059	1.824	2.118	1.863	1
483	2.039	1.863	2.078	1.902	1
484	2.078	1.863	2.039	1.941	1
485	2.059	1.843	1.902	1.961	1
486	2.0	1.882	1.882	1.98	1
487	2.0	1.961	1.843	2.02	1
488	1.961	1.941	1.863	2.059	1
489	1.941	1.941	1.863	2.059	1
490	1.922	1.961	1.922	2.02	1
491	1.922	1.961	1.941	2.059	1
492	1.941	1.922	2.02	2.02	1
493	1.882	1.882	2.078	1.961	1
494	1.902	1.824	2.137	1.902	1
495	1.941	1.843	2.176	1.843	1
496	1.961	1.824	2.196	1.804	1
497	2.0	1.784	2.176	1.804	1
498	2.0	1.784	2.118	1.843	1
499	2.059	1.765	2.098	1.824	1
500	2.078	1.804	2.059	1.863	1
501	2.078	1.863	2.0	1.882	1
502	2.118	1.804	1.863	1.902	1
503	2.02	1.804	1.765	1.941	1
504	2.039	1.824	1.765	1.922	1
505	2.02	1.863	1.784	1.98	1
506	2.0	1.902	1.863	2.0	1
507	2.0	1.922	1.902	2.039	1
508	1.941	1.902	1.961	2.0	1
509	1.843	1.882	2.0	1.98	1
510	1.784	1.902	2.059	1.98	1
511	1.863	1.863	2.216	1.941	1
512	1.961	1.882	2.235	1.941	1
513	2.078	1.824	2.235	1.882	1
514	2.059	1.784	2.176	1.804	1
515	1.941	1.843	2.196	1.784	1
516	1.922	1.863	2.176	1.843	1
517	1.922	1.922	2.137	1.922	1
518	1.961	1.98	2.137	2.0	1
519	1.98	2.0	2.0	2.059	1
520	1.922	2.0	1.98	2.098	1
521	1.941	2.0	1.941	2.118	1
522	1.863	2.059	1.941	2.098	1
523	1.863	2.0	1.941	2.118	1
524	1.863	1.941	1.922	2.059	1
525	1.863	1.922	1.961	2.02	1
526	1.804	1.922	2.039	2.02	1
527	1.804	1.941	2.137	1.98	1
528	1.863	1.941	2.255	1.961	1
529	1.922	1.941	2.255	1.961	1
530	1.98	1.882	2.314	1.961	1
531	2.039	1.882	2.294	1.941	1
532	2.02	1.863	2.275	1.961	1
533	2.039	1.941	2.255	1.98	1
534	2.02	1.902	2.216	2.02	1
535	2.0	1.941	2.098	2.059	1
536	2.039	2.0	2.039	2.078	1
537	1.98	2.039	2.0	2.098	1
538	1.98	2.078	1.961	2.157	1
539	1.941	2.039	1.941	2.176	1
540	1.902	2.0	1.922	2.176	1
541	1.922	2.0	1.98	2.118	1
542	1.922	1.961	2.0	2.118	1
543	1.843	1.961	2.118	2.02	1
544	1.882	1.882	2.137	2.02	1
545	1.902	1.824	2.196	1.941	1
546	1.941	1.804	2.196	1.882	1
547	1.961	1.824	2.196	1.824	1
548	2.059	1.765	2.216	1.804	1
549	2.078	1.745	2.118	1.824	1
550	2.039	1.706	2.059	1.843	1
551	2.059	1.725	2.02	1.784	1
552	2.098	1.804	1.98	1.824	1
553	2.098	1.843	1.941	1.882	1
554	2.059	1.824	1.902	1.941	1
555	2.098	1.843	1.824	1.98	1
556	2.02	1.882	1.765	2.039	1
557	1.922	1.922	1.902	2.039	1
558	1.843	1.902	1.902	2.039	1
559	1.804	1.843	1.843	1.98	1
560	1.922	1.784	1.863	1.922	1
561	1.941	1.784	1.98	1.843	1
562	1.961	1.804	2.216	1.784	1
563	1.941	1.804	2.176	1.804	1
564	1.843	1.667	2.157	1.784	1
565	1.941	1.647	2.118	1.745	1
566	1.961	1.667	2.098	1.667	1
567	2.02	1.725	1.98	1.608	1
568	2.078	1.706	1.804	1.608	1
569	2.039	1.686	1.784	1.725	1
570	2.0	1.627	1.627	1.804	1
571	1.922	1.608	1.686	1.902	1
572	2.0	1.686	1.765	1.902	1
573	1.98	1.804	1.667	1.863	1
574	1.863	1.745	1.412	1.843	1
575	1.627	1.804	1.51	1.804	1
576	1.824	1.804	1.843	1.922	1
577	2.02	1.745	1.961	2.0	1
578	1.941	1.745	1.98	1.961	1
579	1.922	1.745	2.059	1.863	1
580	1.922	1.765	2.098	1.824	1
581	1.98	1.784	2.137	1.843	1
582	1.941	1.784	2.02	1.882	1
583	1.902	1.863	2.098	1.961	1
584	2.0	1.902	2.275	2.0	1
585	2.059	1.882	2.353	2.039	1
586	2.039	1.902	2.216	2.059	1
587	2.039	1.941	2.118	2.039	1
588	2.039	2.0	2.0	2.0	1
589	2.098	2.059	1.824	1.98	1
590	1.961	1.98	1.765	2.0	1
591	1.922	1.961	1.843	1.98	1
592	2.0	2.059	1.98	2.078	1
593	1.961	2.098	2.118	2.176	1
594	1.765	1.902	2.059	2.137	1
595	1.765	1.784	1.961	2.039	1
596	2.059	1.843	1.98	1.804	1
597	2.118	2.039	2.078	1.725	1
598	2.078	2.0	1.804	1.686	1
599	1.804	1.686	1.882	1.725	1
600	1.902	1.745	2.02	1.882	1
601	2.118	1.804	1.98	2.0	1
602	2.059	1.824	2.0	2.0	1
603	2.039	1.843	1.882	1.902	1
604	2.118	1.882	1.549	1.922	1
605	1.98	2.02	1.608	2.0	1
606	2.02	2.078	1.745	2.098	1
607	2.0	2.118	1.706	2.157	1
608	1.882	2.02	1.725	2.157	1
609	1.824	2.078	1.784	2.137	1
610	1.843	2.176	1.961	2.235	1
611	1.882	2.137	2.137	2.275	1
612	1.902	2.118	2.157	2.255	1
613	1.863	2.02	2.314	2.118	1
614	2.0	2.216	2.471	2.059	1
615	2.078	2.176	2.569	2.059	1
616	2.118	2.216	2.667	2.118	1
617	2.0	2.176	2.725	2.196	1
618	1.922	2.098	2.647	2.275	1
619	2.039	2.157	2.647	2.314	1
620	2.118	2.157	2.51	2.333	1
621	2.118	2.176	2.529	2.373	1
622	2.059	2.314	2.647	2.412	1
623	2.039	2.353	2.608	2.431	1
624	2.0	2.216	2.431	2.412	1
625	2.02	2.157	2.412	2.392	1
626	2.039	2.137	2.49	2.314	1
627	2.0	2.098	2.451	2.294	1
628	1.98	2.098	2.49	2.294	1
629	1.843	1.98	2.392	2.255	1
630	1.882	1.98	2.471	2.176	1
631	2.0	1.922	2.471	2.078	1
632	2.039	1.804	2.373	1.98	1
633	2.098	1.804	2.255	1.902	1
634	1.961	1.765	2.255	1.941	1
635	2.02	1.863	2.353	2.039	1
636	2.216	1.902	2.196	2.039	1
637	2.118	1.824	1.765	2.0	1
638	2.078	1.706	1.725	1.922	1
639	2.0	1.784	1.784	1.961	1
640	2.039	1.902	1.784	2.039	1
641	1.98	1.902	1.706	2.157	1
642	2.0	1.961	1.608	2.157	1
643	1.961	1.784	1.549	2.059	1
644	1.961	1.804	1.725	1.902	1
645	2.078	1.882	1.902	1.882	1
646	2.039	1.882	1.824	1.863	1
647	1.941	1.784	1.863	1.784	1
648	1.922	1.686	1.98	1.745	1
649	2.0	1.784	2.157	1.765	1
650	1.98	1.647	2.078	1.765	1
651	2.039	1.824	2.0	1.686	1
652	2.157	1.745	1.922	1.608	1
653	2.137	1.784	1.98	1.569	1
654	2.098	1.784	2.0	1.569	1
655	2.059	1.824	1.922	1.686	1
656	1.961	1.922	1.863	1.765	1
657	1.941	1.902	1.863	1.843	1
658	1.765	1.882	1.843	1.863	1
659	1.627	1.902	2.059	1.902	1
660	1.784	2.02	2.157	2.0	1
661	1.882	1.961	2.078	1.961	1
662	1.843	1.961	2.078	1.882	1
663	1.804	1.863	2.098	1.863	1
664	1.706	1.804	2.255	1.902	1
665	1.765	1.765	2.353	1.882	1
666	1.824	1.706	2.412	1.804	1
667	1.882	1.686	2.275	1.745	1
668	1.882	1.765	2.353	1.784	1
669	1.882	1.922	2.549	1.863	1
670	1.941	1.784	2.294	1.882	1
671	2.176	1.745	1.824	1.863	1
672	2.039	1.745	1.843	1.745	1
673	1.863	1.745	1.863	1.784	1
674	1.882	1.765	1.667	1.902	1
675	1.922	1.804	1.647	2.059	1
676	1.98	1.882	1.765	2.196	1
677	1.961	1.863	1.745	2.059	1
678	1.902	1.784	1.686	1.882	1
679	1.824	1.765	1.686	1.686	1
680	1.922	1.784	1.765	1.627	1
681	1.882	1.647	1.667	1.667	1
682	2.0	1.608	1.745	1.765	1
683	2.0	1.588	2.0	1.882	1
684	1.961	1.549	1.902	1.98	1
685	2.078	1.706	1.804	2.02	1
686	2.118	1.725	1.902	1.922	1
687	2.02	1.529	1.765	1.824	1
688	2.078	1.647	1.647	1.765	1
689	2.137	1.706	1.627	1.784	1
690	1.902	1.569	1.608	1.863	1
691	2.0	1.686	1.627	2.039	1
692	2.059	1.804	1.686	2.196	1
693	1.922	1.765	1.745	2.157	1
694	1.902	1.922	1.882	2.137	1
695	1.961	2.02	1.902	2.078	1
696	1.922	1.882	1.804	1.941	1
697	1.824	1.824	1.882	1.882	1
698	1.824	1.882	2.098	1.804	1
699	1.922	1.961	2.235	1.824	1
700	1.902	1.902	2.392	1.843	1
701	1.98	1.902	2.333	1.824	1
702	2.039	1.941	2.333	1.804	1
703	2.039	1.922	2.431	1.902	1
704	2.098	1.98	2.412	2.0	1
705	2.176	2.0	2.333	2.078	1
706	2.078	2.0	2.392	2.118	1
707	2.02	2.137	2.451	2.098	1
708	1.98	2.137	2.294	2.098	1
709	1.902	2.235	2.157	2.118	1
710	1.882	2.235	2.294	2.157	1
711	1.941	2.118	2.294	2.176	1
712	1.941	2.02	2.353	2.137	1
713	1.98	2.078	2.51	2.157	1
714	1.902	2.059	2.608	2.157	1
715	1.863	1.804	2.431	2.059	1
716	1.922	1.863	2.255	1.902	1
717	2.02	1.961	2.49	1.824	1
718	2.078	1.667	2.412	1.863	1
719	2.039	1.51	2.392	1.961	1
720	2.02	1.627	2.353	1.941	1
721	2.157	1.627	2.137	1.784	1
722	2.196	1.549	1.922	1.706	1
723	2.118	1.765	2.039	1.706	1
724	1.863	1.843	2.078	1.882	1
725	1.804	1.588	1.745	2.039	1
726	2.078	1.549	1.608	2.176	1
727	2.039	1.725	1.765	2.196	1
728	1.824	2.098	2.137	2.255	1
729	1.608	2.275	2.196	2.314	1
730	1.667	2.098	2.059	2.157	1
731	1.98	2.0	1.863	1.98	1
732	1.863	1.941	1.824	1.843	1
733	1.647	1.922	2.02	1.863	1
734	1.843	2.059	2.294	1.961	1
735	1.961	2.137	2.392	2.078	1
736	1.824	2.137	2.412	2.216	1
737	1.784	2.235	2.314	2.255	1
738	1.686	2.294	2.098	2.275	1
739	1.725	2.255	2.059	2.196	1
740	1.804	2.176	2.098	2.216	1
741	1.863	2.118	2.196	2.275	1
742	2.02	2.137	1.961	2.275	1
743	1.863	2.216	1.824	2.176	1
744	1.706	2.373	1.863	2.118	1
745	1.804	2.49	1.824	2.157	1
746	1.686	2.353	2.216	2.275	1
747	1.725	2.255	2.275	2.314	1
748	1.706	2.157	2.235	2.255	1
749	1.725	2.176	2.196	2.157	1
750	1.902	2.314	2.275	2.098	1
751	1.902	2.235	2.353	2.02	1
752	1.98	1.98	2.137	1.902	1
753	1.941	1.706	1.804	1.804	1
754	1.863	1.667	1.804	1.745	1
755	2.02	1.922	2.216	1.784	1
756	2.176	2.059	2.392	1.941	1
757	2.255	1.902	1.667	2.059	1
758	2.059	1.549	1.137	2.0	1
759	2.039	1.725	1.627	1.863	1
760	2.137	1.843	1.725	1.804	1
761	2.078	1.647	1.549	1.765	1
762	2.02	1.549	1.451	1.725	1
763	1.961	1.569	1.51	1.608	1
764	1.824	1.51	1.471	1.431	1
765	1.961	1.549	1.608	1.392	1
766	2.059	1.569	1.725	1.471	1
767	2.098	1.49	1.745	1.588	1
768	2.039	1.451	1.824	1.667	1
769	2.059	1.471	1.745	1.588	1
770	1.98	1.314	1.569	1.412	1
771	2.039	1.451	1.824	1.431	1
772	2.216	1.647	1.98	1.647	1
773	2.255	1.647	1.941	1.784	1
774	2.157	1.627	1.824	1.863	1
775	2.0	1.608	1.686	1.843	1
776	2.078	1.686	1.549	1.706	1
777	2.059	1.804	1.667	1.745	1
778	2.02	1.824	1.824	1.922	1
779	1.902	1.725	1.863	2.137	1
780	1.882	1.784	1.941	2.314	1
781	1.922	1.882	2.039	2.235	1
782	1.98	1.745	2.157	2.039	1
783	2.02	1.804	2.353	1.902	1
784	2.02	1.863	2.373	1.863	1
785	2.0	1.902	2.471	1.824	1
786	2.098	1.843	2.412	1.804	1
787	2.078	1.745	2.333	1.784	1
788	2.039	1.647	2.333	1.824	1
789	2.039	1.765	2.275	1.902	1
790	2.137	2.0	2.294	1.882	1
791	2.176	2.137	2.314	1.902	1
792	2.059	2.118	2.157	2.0	1
793	2.02	1.941	2.216	2.118	1
794	2.0	2.0	2.275	2.176	1
795	2.0	2.235	2.353	2.137	1
796	2.039	2.294	2.451	2.176	1
797	1.902	2.137	2.49	2.275	1
798	1.765	2.039	2.373	2.275	1
799	1.941	2.059	2.294	2.157	1
800	2.0	2.078	2.51	2.059	1
801	1.98	2.0	2.451	1.961	1
802	1.98	1.882	2.49	1.882	1
803	2.039	1.804	2.549	1.882	1
804	1.98	1.706	2.51	1.941	1
805	2.176	1.706	2.333	2.039	1
806	2.196	1.745	2.039	2.118	1
807	2.02	1.804	2.137	2.098	1
808	1.922	1.863	2.176	2.118	1
809	2.039	1.922	1.941	2.059	1
810	2.157	1.843	1.843	1.98	1
811	2.098	1.725	1.863	1.961	1
812	1.961	1.745	1.902	1.961	1
813	1.98	1.725	1.804	1.98	1
814	2.0	1.647	1.686	1.98	1
815	1.843	1.804	1.745	1.922	1
816	1.765	1.882	1.961	1.922	1
817	1.765	2.02	2.0	1.941	1
818	1.784	1.922	2.216	1.922	1
819	1.824	1.824	2.314	1.882	1
820	1.961	1.784	2.275	1.882	1
821	1.922	1.902	2.098	1.882	1
822	1.882	2.0	2.059	1.863	1
823	1.804	1.922	2.02	1.824	1
824	1.863	1.922	1.863	1.882	1
825	2.02	2.059	1.961	1.922	1
826	1.902	2.118	1.922	2.078	1
827	1.765	2.157	1.882	2.157	1
828	1.804	2.235	1.902	2.157	1
829	1.627	2.333	1.941	2.137	1
830	1.51	2.431	1.843	2.078	1
831	1.667	2.373	1.941	2.118	1
832	1.843	2.275	1.961	2.157	1
833	1.843	2.098	2.02	2.059	1
834	1.627	2.059	2.098	1.941	1
835	1.745	2.137	2.275	1.863	1
836	1.824	2.118	2.255	1.804	1
837	1.863	2.059	2.078	1.784	1
838	1.745	2.078	2.02	1.804	1
839	1.804	2.039	2.157	1.863	1
840	1.922	1.98	2.118	1.922	1
841	1.98	1.98	2.039	1.941	1
842	2.137	2.078	2.098	2.0	1
843	2.02	1.922	2.0	2.039	1
844	1.902	1.706	1.569	1.98	1
845	1.804	1.627	1.353	1.804	1
846	1.863	1.765	1.804	1.745	1
847	2.0	1.961	1.922	1.882	1
848	2.02	1.843	1.902	2.059	1
849	1.922	1.784	1.804	2.118	1
850	1.843	1.588	1.784	1.961	1
851	1.882	1.529	1.765	1.725	1
852	2.039	1.608	1.922	1.49	1
853	2.059	1.608	2.137	1.451	1
854	2.137	1.608	2.157	1.549	1
855	2.176	1.608	2.078	1.647	1
856	2.157	1.608	1.882	1.784	1
857	2.137	1.725	2.0	1.784	1
858	2.255	1.765	1.784	1.745	1
859	2.098	1.647	1.745	1.588	1
860	2.176	1.765	1.745	1.588	1
861	2.176	1.804	1.725	1.784	1
862	2.078	1.804	1.667	1.902	1
863	2.039	1.843	1.765	1.98	1
864	1.98	1.725	1.784	1.863	1
865	1.98	1.824	1.922	1.745	1
866	1.98	1.863	2.078	1.745	1
867	2.02	1.843	2.059	1.824	1
868	1.902	1.686	2.059	1.863	1
869	2.0	1.667	2.137	1.824	1
870	1.961	1.706	2.216	1.706	1
871	2.0	1.725	2.373	1.667	1
872	2.039	1.745	2.412	1.745	1
873	2.02	1.824	2.392	1.863	1
874	2.078	1.804	2.294	2.059	1
875	1.98	1.804	2.196	2.059	1
876	2.078	1.922	2.353	1.98	1
877	2.059	1.941	2.216	1.961	1
878	2.059	1.961	2.118	1.941	1
879	1.98	1.922	2.02	2.02	1
880	2.0	2.039	2.196	2.196	1
881	1.98	2.02	2.353	2.373	1
882	1.922	1.902	2.176	2.373	1
883	1.922	1.98	2.255	2.294	1
884	2.0	2.059	2.412	2.157	1
885	1.902	1.824	2.51	2.078	1
886	1.98	1.686	2.216	2.0	1
887	1.961	1.706	2.118	1.863	1
888	2.078	1.745	2.275	1.804	1
889	2.137	1.824	2.49	1.902	1
890	2.137	1.765	2.549	2.059	1
891	2.294	1.647	2.196	2.176	1
892	2.431	1.686	1.784	2.059	1
893	2.294	1.804	1.941	2.0	1
894	2.039	1.863	2.0	2.02	1
895	1.941	1.824	1.902	2.078	1
896	2.0	1.902	1.824	2.157	1
897	1.961	1.961	1.765	2.176	1
898	2.078	1.98	1.882	2.157	1
899	1.882	2.098	1.961	2.196	1
900	1.725	2.078	1.961	2.294	1
901	1.882	1.804	1.961	2.235	1
902	1.902	1.706	2.157	2.078	1
903	1.804	1.784	2.02	1.824	1
904	1.765	2.02	2.059	1.706	1
905	1.608	2.255	2.353	1.804	1
906	1.529	2.137	2.392	2.059	1
907	1.784	1.902	2.333	2.314	1
908	1.922	1.706	1.98	2.333	1
909	1.882	1.745	1.667	2.098	1
910	1.725	2.196	2.0	1.863	1
911	1.667	2.451	2.294	1.941	1
912	1.725	2.216	2.176	2.098	1
913	1.863	2.078	1.922	2.255	1
914	1.863	2.196	1.882	2.294	1
915	1.765	2.118	1.784	2.196	1
916	1.765	2.235	1.863	2.118	1
917	1.765	2.275	2.059	2.137	1
918	1.706	2.275	2.176	2.157	1
919	1.784	2.333	2.255	2.098	1
920	1.922	2.216	2.137	1.941	1
921	2.0	2.157	2.314	1.784	1
922	2.078	2.078	2.294	1.725	1
923	1.922	1.804	1.863	1.725	1
924	2.02	1.706	1.784	1.765	1
925	2.176	1.765	1.863	1.725	1
926	2.176	1.843	1.902	1.745	1
927	2.0	1.98	2.0	1.745	1
928	1.902	1.961	1.765	1.824	1
929	1.902	1.686	1.588	1.824	1
930	2.059	1.647	1.392	1.745	1
931	2.0	1.667	1.412	1.667	1
932	1.922	1.765	1.549	1.706	1
933	1.902	1.706	1.569	1.784	1
934	1.824	1.588	1.51	1.843	1
935	1.824	1.647	1.627	1.902	1
936	1.922	1.706	1.824	1.863	1
937	1.98	1.667	1.843	1.667	1
938	1.863	1.588	1.941	1.529	1
939	1.784	1.647	2.157	1.451	1
940	2.098	1.863	2.275	1.627	1
941	2.137	1.765	2.078	1.941	1
942	2.078	1.725	1.98	2.176	1
943	2.137	1.843	1.902	2.275	1
944	2.039	1.745	1.804	2.059	1
945	2.02	1.804	2.039	1.902	1
946	2.039	1.843	1.882	1.745	1
947	1.941	1.843	1.882	1.686	1
948	2.039	1.98	2.059	1.824	1
949	1.941	2.059	2.216	2.118	1
950	2.02	2.02	2.275	2.353	1
951	1.961	2.039	2.314	2.431	1
952	1.941	2.0	2.275	2.333	1
953	1.922	1.902	2.275	2.137	1
954	1.941	1.902	2.412	1.882	1
955	1.98	1.922	2.451	1.725	1
956	2.0	1.843	2.412	1.627	1
957	1.941	1.843	2.431	1.706	1
958	2.078	1.98	2.588	1.882	1
959	2.196	2.098	2.686	2.118	1
960	2.196	2.137	2.588	2.294	1
961	2.157	2.059	2.431	2.333	1
962	2.137	2.039	2.275	2.373	1
963	2.039	2.0	2.216	2.235	1
964	2.039	2.039	2.098	2.098	1
965	1.961	2.039	2.157	1.98	1
966	1.961	2.02	2.078	2.0	1
967	1.922	1.98	2.118	2.137	1
968	1.863	1.843	2.137	2.294	1
969	1.961	1.922	2.314	2.412	1
970	1.961	1.961	2.431	2.314	1
971	2.059	1.922	2.392	2.196	1
972	2.059	1.882	2.353	2.039	1
973	2.098	1.745	2.255	1.922	1
974	2.02	1.627	2.196	1.863	1
975	2.0	1.667	2.569	1.882	1
976	1.98	1.745	2.569	2.059	1
977	2.255	1.627	1.725	2.137	1
978	2.137	1.686	1.627	2.118	1
979	2.157	1.961	2.118	2.118	1
980	2.137	1.804	2.039	2.098	1
981	2.118	1.686	1.765	2.118	1
982	1.882	1.706	1.804	2.137	1
983	1.725	1.745	1.863	2.157	1
984	1.902	1.843	1.882	2.137	1
985	1.922	1.569	1.706	2.078	1
986	1.98	1.529	1.882	1.961	1
987	1.98	1.863	2.078	1.843	1
988	1.784	1.804	2.039	1.824	1
989	1.765	1.569	2.098	1.784	1
990	2.0	1.49	1.765	1.745	1
991	2.137	1.588	1.725	1.706	1
992	2.0	1.647	1.882	1.667	1
993	1.824	2.059	2.216	1.725	1
994	1.706	2.471	2.333	1.98	1
995	1.745	2.157	2.059	2.176	1
996	2.059	1.784	1.765	2.176	1
997	1.98	1.98	1.706	1.98	1
998	1.784	2.176	1.667	1.843	1
999	1.745	2.294	1.745	1.843	1
1000	1.784	2.314	1.804	1.941	1
1001	1.608	2.353	1.922	2.078	1
1002	1.647	2.451	2.078	2.196	1
1003	1.824	2.471	2.078	2.255	1
1004	1.725	2.275	2.137	2.118	1
1005	1.667	2.0	2.118	1.922	1
1006	1.706	2.0	2.275	1.863	1
1007	1.882	2.039	2.255	1.843	1
1008	1.863	1.882	1.98	1.843	1
1009	1.941	2.02	2.02	1.804	1
1010	2.0	1.882	2.078	1.745	1
1011	2.039	1.745	1.863	1.706	1
1012	1.961	1.941	2.039	1.725	1
1013	2.098	2.039	2.157	1.882	1
1014	2.078	1.961	2.059	2.137	1
1015	2.098	1.804	1.51	2.157	1
1016	1.824	1.647	1.353	1.922	1
1017	1.882	1.647	1.412	1.647	1
1018	1.961	1.824	1.745	1.51	1
1019	2.039	1.922	2.059	1.608	1
1020	2.02	1.863	2.039	1.843	1
1021	1.961	1.725	2.02	2.02	1
1022	1.922	1.627	2.137	1.98	1
1023	1.922	1.608	2.02	1.745	1
1024	2.098	1.647	1.863	1.49	1
1025	2.157	1.647	1.824	1.412	1
1026	2.02	1.49	1.961	1.471	1
1027	2.039	1.569	2.02	1.686	1
1028	2.118	1.647	1.902	1.863	1
1029	2.216	1.686	1.784	1.98	1
1030	2.176	1.745	1.902	1.961	1
1031	2.137	1.706	1.784	1.941	1
1032	2.0	1.667	1.627	1.922	1
1033	1.882	1.608	1.745	1.98	1
1034	2.059	1.882	1.882	2.078	1
1035	2.02	1.922	1.863	2.176	1
1036	1.98	1.843	1.961	2.098	1
1037	1.922	1.725	1.98	1.98	1
1038	1.804	1.627	2.078	1.863	1
1039	1.98	1.745	2.255	1.843	1
1040	2.098	1.882	2.275	1.902	1
1041	2.098	1.824	2.333	1.941	1
1042	2.02	1.725	2.412	2.039	1
1043	2.02	1.804	2.255	2.02	1
1044	2.039	1.843	2.314	1.902	1
1045	2.137	1.882	2.255	1.922	1
1046	2.078	1.941	2.294	1.941	1
1047	2.02	1.882	2.196	2.039	1
1048	2.0	2.078	2.353	2.196	1
1049	2.118	2.176	2.294	2.275	1
1050	1.98	2.098	2.137	2.314	1
1051	1.902	2.078	2.157	2.255	1
1052	1.922	2.059	2.216	2.196	1
1053	1.902	1.98	2.235	2.137	1
1054	1.941	1.882	2.0	2.078	1
1055	1.902	1.863	2.118	2.059	1
1056	1.941	1.863	2.333	2.059	1
1057	2.02	1.941	2.392	2.059	1
1058	2.098	1.922	2.51	2.039	1
1059	2.118	1.784	2.471	2.059	1
1060	2.118	1.686	2.333	2.039	1
1061	2.098	1.647	2.196	2.02	1
1062	2.078	1.843	2.137	1.961	1
1063	1.902	1.882	2.02	1.941	1
1064	2.0	1.961	2.02	2.02	1
1065	2.118	1.667	1.941	2.02	1
1066	2.216	1.647	1.98	2.059	1
1067	2.216	1.784	2.098	2.059	1
1068	2.157	1.824	1.765	2.059	1
1069	1.941	1.961	1.784	2.02	1
1070	1.608	2.059	2.02	2.078	1
1071	1.765	1.941	2.294	2.137	1
1072	1.961	2.0	2.294	2.059	1
1073	1.706	2.039	2.137	2.0	1
1074	1.588	2.039	2.176	1.902	1
1075	1.902	1.922	2.333	1.863	1
1076	2.098	1.941	2.353	1.804	1
1077	2.02	1.98	2.176	1.804	1
1078	1.922	2.196	2.039	1.843	1
1079	1.725	2.333	2.02	1.98	1
1080	1.667	2.176	2.059	2.176	1
1081	1.843	2.196	1.941	2.196	1
1082	1.824	2.353	1.922	2.157	1
1083	1.784	2.255	1.824	2.02	1
1084	1.706	2.118	1.784	1.941	1
1085	1.725	2.098	1.784	1.961	1
1086	1.667	2.157	1.961	2.02	1
1087	1.627	2.196	2.059	2.137	1
1088	1.608	2.137	2.0	2.255	1
1089	1.686	1.902	2.0	2.098	1
1090	1.863	1.824	2.216	1.843	1
1091	1.98	1.843	2.216	1.725	1
1092	1.765	1.627	2.137	1.667	1
1093	1.706	1.647	2.02	1.706	1
1094	1.98	1.941	2.078	1.804	1
1095	2.0	1.882	1.961	1.784	1
1096	1.804	1.667	2.02	1.784	1
1097	1.961	1.843	2.02	1.902	1
1098	2.039	1.863	1.941	2.098	1
1099	1.902	1.824	1.824	2.157	1
1100	2.02	1.863	1.667	2.039	1
1101	2.02	2.059	1.882	1.922	1
1102	1.961	1.961	1.804	1.902	1
1103	1.961	2.078	1.922	1.863	1
1104	1.98	2.02	1.843	1.784	1
1105	1.922	1.804	1.588	1.843	1
1106	1.882	1.706	1.725	1.824	1
1107	1.961	1.725	2.118	1.824	1
1108	2.137	1.843	2.255	1.863	1
1109	2.235	1.941	2.255	1.843	1
1110	2.196	1.843	2.02	1.686	1
1111	2.118	1.667	1.882	1.569	1
1112	2.098	1.647	1.941	1.569	1
1113	2.255	1.647	1.863	1.588	1
1114	2.176	1.686	1.725	1.667	1
1115	2.157	1.804	1.745	1.824	1
1116	2.098	1.667	1.667	1.941	1
1117	2.02	1.608	1.627	2.078	1
1118	1.98	1.667	1.882	2.039	1
1119	2.118	1.824	1.961	2.02	1
1120	2.059	1.824	1.863	1.961	1
1121	2.0	1.765	1.882	1.824	1
1122	1.882	1.745	2.0	1.725	1
1123	1.941	1.725	2.0	1.706	1
1124	1.961	1.725	2.039	1.804	1
1125	1.902	1.667	2.176	1.961	1
1126	1.922	1.49	2.294	1.98	1
1127	2.0	1.686	2.392	1.922	1
1128	2.176	1.922	2.333	1.902	1
1129	2.118	1.843	2.314	1.863	1
1130	2.078	1.863	2.412	1.922	1
1131	2.098	1.863	2.196	1.961	1
1132	2.02	1.745	2.0	2.0	1
1133	2.02	1.765	1.98	2.0	1
1134	2.059	1.961	2.0	2.02	1
1135	2.0	1.922	2.02	2.098	1
1136	2.039	1.922	2.078	2.118	1
1137	1.961	1.725	1.98	2.039	1
1138	1.98	1.627	2.059	2.0	1
1139	2.118	1.725	2.157	1.882	1
1140	2.118	1.765	2.157	1.863	1
1141	2.0	2.02	2.294	1.902	1
1142	1.804	1.824	2.255	2.02	1
1143	1.882	1.314	2.098	2.039	1
1144	2.176	1.235	1.922	1.765	1
1145	2.333	1.51	2.098	1.529	1
1146	2.078	1.784	2.314	1.569	1
1147	1.804	2.039	2.392	1.961	1
1148	1.961	1.922	2.157	2.353	1
1149	2.196	1.686	1.882	2.49	1
1150	1.843	1.902	1.922	2.333	1
1151	1.686	2.098	2.02	2.196	1
1152	1.706	2.333	2.157	2.176	1
1153	1.765	2.373	2.275	2.275	1
1154	1.765	2.314	2.157	2.471	1
1155	1.706	2.255	2.118	2.529	1
1156	1.765	2.392	2.314	2.451	1
1157	1.824	2.353	2.333	2.235	1
1158	1.902	2.314	2.431	2.059	1
1159	1.902	2.216	2.471	1.98	1
1160	1.941	2.157	2.451	2.078	1
1161	1.922	2.176	2.373	2.137	1
1162	1.902	2.157	2.176	2.157	1
1163	1.784	2.137	2.118	2.02	1
1164	1.882	2.275	2.471	1.922	1
1165	2.235	2.294	2.412	1.961	1
1166	2.392	2.0	2.02	2.02	1
1167	2.039	1.667	1.725	1.98	1
1168	2.059	1.902	1.765	1.902	1
1169	2.02	2.02	1.549	1.863	1
1170	1.784	1.922	1.647	1.961	1
1171	1.549	1.784	2.039	2.078	1
1172	1.882	2.176	2.176	2.078	1
1173	2.098	2.549	2.118	1.961	1
1174	1.824	2.176	2.275	1.843	1
1175	1.647	1.588	2.176	1.843	1
1176	1.824	1.353	1.725	1.824	1
1177	1.922	1.569	1.824	1.745	1
1178	1.98	2.02	2.176	1.706	1
1179	1.882	2.137	2.275	1.824	1
1180	1.706	1.882	2.078	1.863	1
1181	1.647	1.98	2.118	1.941	1
1182	1.843	2.0	2.02	2.02	1
1183	2.137	1.941	1.765	1.98	1
1184	1.863	1.824	1.569	1.902	1
1185	1.765	1.843	1.784	1.902	1
1186	1.863	2.078	1.804	1.98	1
1187	1.725	2.0	1.647	1.98	1
1188	1.569	2.02	1.745	2.0	1
1189	1.647	2.059	1.804	1.902	1
1190	1.686	1.706	1.745	1.843	1
1191	1.804	1.843	2.039	1.804	1
1192	1.941	1.922	2.078	1.882	1
1193	1.902	1.51	1.804	1.824	1
1194	1.784	1.392	1.922	1.667	1
1195	1.941	1.647	2.0	1.647	1
1196	2.0	1.667	1.863	1.667	1
1197	1.961	1.294	1.667	1.667	1
1198	2.02	1.196	1.667	1.706	1
1199	2.098	1.627	1.745	1.706	1
1200	2.294	1.608	1.745	1.745	1
1201	2.176	1.667	1.961	1.784	1
1202	2.157	1.725	1.765	1.922	1
1203	2.0	1.294	1.118	2.059	1
1204	2.059	1.588	1.569	2.157	1
1205	2.255	1.922	1.961	2.216	1
1206	2.196	1.863	1.941	2.157	1
1207	2.157	1.804	1.863	1.941	1
1208	2.059	1.765	2.0	1.745	1
1209	2.275	1.824	2.235	1.686	1
1210	2.353	1.784	2.216	1.725	1
1211	2.314	1.745	2.373	1.765	1
1212	2.373	1.725	2.314	1.824	1
1213	2.431	1.745	2.216	1.804	1
1214	2.333	1.922	2.353	1.804	1
1215	2.176	2.098	2.49	1.922	1
1216	2.235	1.922	2.314	2.137	1
1217	2.549	1.745	2.118	2.157	1
1218	2.51	1.686	2.039	2.078	1
1219	2.431	1.765	2.059	1.941	1
1220	2.157	1.882	2.235	1.922	1
1221	2.216	1.902	2.275	1.941	1
1222	2.235	1.549	2.039	2.0	1
1223	2.02	1.51	2.02	2.078	1
1224	1.882	1.569	2.176	2.137	1
1225	1.706	2.078	2.627	2.216	1
1226	1.686	2.353	2.745	2.353	1
1227	1.824	1.863	2.451	2.333	1
1228	1.98	1.51	2.196	2.118	1
1229	2.216	1.765	2.314	1.843	1
1230	2.216	1.51	2.176	1.706	1
1231	1.784	1.667	2.275	1.765	1
1232	1.588	2.627	2.647	2.118	1
1233	1.451	2.686	2.529	2.451	1
1234	1.51	2.333	2.196	2.549	1
1235	1.667	2.353	1.863	2.333	1
1236	1.882	2.098	1.843	2.02	1
1237	1.902	2.196	2.118	1.922	1
1238	1.765	2.235	2.235	2.078	1
1239	1.784	2.412	2.039	2.275	1
1240	1.745	2.569	1.784	2.294	1
1241	1.392	2.745	2.196	2.216	1
1242	1.02	2.588	2.569	2.235	1
1243	1.412	2.431	2.902	2.196	1
1244	2.039	2.216	2.529	2.118	1
1245	2.039	2.118	2.02	1.941	1
1246	1.922	2.216	1.98	1.824	1
1247	1.706	2.373	2.255	1.804	1
1248	1.608	2.392	2.373	1.882	1
1249	1.725	2.471	2.431	2.039	1
1250	1.863	2.471	2.216	2.235	1
1251	1.941	2.373	1.804	2.255	1
1252	1.49	2.176	1.98	2.176	1
1253	1.784	2.373	1.941	2.059	1
1254	2.0	2.392	1.745	1.98	1
1255	1.765	2.196	1.765	1.98	1
1256	1.745	2.0	1.667	1.902	1
1257	1.843	2.039	1.843	1.843	1
1258	1.941	2.039	1.961	1.784	1
1259	1.98	1.804	1.941	1.765	1
1260	1.922	1.667	1.765	1.745	1
1261	1.863	1.569	1.843	1.784	1
1262	1.98	1.569	1.824	1.804	1
1263	2.157	1.588	1.843	1.647	1
1264	2.176	1.667	2.137	1.471	1
1265	2.196	1.608	1.863	1.373	1
1266	2.216	1.51	1.706	1.314	1
1267	2.196	1.392	1.902	1.51	1
1268	2.275	1.471	1.647	1.804	1
1269	2.118	1.529	1.549	2.059	1
1270	2.137	1.588	1.725	2.176	1
1271	2.059	1.686	1.627	2.137	1
1272	2.0	1.765	1.588	1.902	1
1273	2.078	1.804	1.784	1.667	1
1274	2.059	1.686	1.824	1.588	1
1275	2.098	1.549	1.882	1.706	1
1276	2.02	1.51	1.824	1.824	1
1277	1.98	1.647	1.98	1.902	1
1278	2.098	1.667	2.059	1.882	1
1279	2.137	1.686	2.176	1.784	1
1280	2.157	1.804	2.157	1.745	1
1281	2.02	1.569	2.059	1.745	1
1282	2.059	1.51	2.078	1.784	1
1283	2.137	1.51	1.863	1.725	1
1284	2.137	1.627	2.0	1.706	1
1285	2.118	1.706	2.118	1.765	1
1286	2.098	1.804	2.078	1.961	1
1287	2.235	1.824	1.569	2.098	1
1288	1.882	1.51	1.549	2.196	1
1289	1.882	1.608	1.843	2.255	1
1290	1.98	1.863	2.078	2.176	1
1291	1.98	1.98	2.078	2.098	1
1292	1.863	1.745	1.961	2.0	1
1293	1.882	1.647	2.039	1.902	1
1294	1.922	1.627	2.275	1.882	1
1295	2.02	1.863	2.412	1.98	1
1296	2.078	1.902	2.275	2.059	1
1297	2.0	1.824	2.039	2.157	1
1298	2.02	1.922	2.176	2.157	1
1299	2.137	1.843	2.275	2.039	1
1300	2.118	1.725	2.294	1.941	1
1301	2.098	1.706	2.137	1.902	1
1302	2.157	2.02	2.157	1.922	1
1303	2.098	2.078	2.412	2.02	1
1304	2.176	2.02	2.392	2.118	1
1305	2.157	1.784	1.725	2.216	1
1306	2.02	1.686	1.49	2.196	1
1307	1.961	1.627	1.941	2.078	1
1308	2.02	1.667	2.137	1.98	1
1309	2.0	1.647	2.314	1.961	1
1310	2.059	1.667	2.294	1.98	1
1311	1.922	1.765	2.275	2.0	1
1312	1.569	1.882	2.255	1.98	1
1313	1.608	1.902	2.412	2.039	1
1314	2.0	1.745	2.235	1.961	1
1315	2.02	1.549	2.157	1.843	1
1316	2.137	1.647	2.216	1.745	1
1317	2.157	1.882	2.176	1.706	1
1318	2.0	2.039	2.294	1.843	1
1319	2.02	2.039	2.039	1.961	1
1320	2.078	1.941	1.667	1.98	1
1321	2.0	1.784	1.784	1.902	1
1322	1.98	1.824	1.784	1.843	1
1323	1.882	2.078	1.902	1.902	1
1324	1.824	2.137	2.118	2.039	1
1325	1.843	2.157	2.176	2.255	1
1326	1.784	2.078	2.059	2.333	1
1327	1.451	1.843	2.098	2.235	1
1328	1.627	1.784	2.294	1.922	1
1329	2.137	1.961	2.333	1.765	1
1330	2.039	1.98	2.255	1.725	1
1331	1.882	2.0	2.157	1.882	1
1332	1.608	1.98	2.235	2.098	1
1333	1.627	2.039	2.373	2.216	1
1334	1.686	2.275	2.294	2.314	1
1335	1.647	2.392	2.235	2.275	1
1336	1.647	2.314	2.176	2.255	1
1337	1.588	2.235	2.196	2.275	1
1338	1.667	2.196	2.137	2.294	1
1339	1.686	2.294	1.98	2.275	1
1340	1.686	2.216	1.804	2.216	1
1341	1.686	2.098	1.784	2.196	1
1342	1.745	1.961	1.922	2.157	1
1343	1.784	2.0	2.098	2.078	1
1344	1.922	1.961	2.176	2.0	1
1345	1.902	1.824	2.078	1.843	1
1346	1.961	1.667	2.0	1.765	1
1347	1.98	1.647	2.098	1.686	1
1348	2.039	1.51	1.922	1.686	1
1349	2.039	1.627	1.98	1.725	1
1350	2.137	1.647	1.902	1.804	1
1351	2.02	1.529	1.843	1.784	1
1352	2.098	1.725	1.882	1.745	1
1353	2.216	1.647	1.667	1.706	1
1354	2.235	1.765	1.765	1.745	1
1355	2.157	1.784	1.784	1.745	1
1356	1.98	1.647	1.745	1.784	1
1357	1.961	1.686	1.471	1.863	1
1358	1.961	1.784	1.608	1.902	1
1359	1.98	1.765	1.725	1.882	1
1360	1.902	1.686	1.804	1.784	1
1361	1.922	1.686	1.863	1.608	1
1362	1.941	1.745	2.02	1.471	1
1363	1.98	1.745	2.118	1.529	1
1364	2.039	1.647	2.02	1.588	1
1365	2.039	1.725	2.039	1.706	1
1366	2.078	1.961	2.255	1.863	1
1367	2.118	1.804	2.02	1.824	1
1368	2.078	1.667	1.961	1.686	1
1369	2.098	1.784	1.922	1.667	1
1370	2.137	1.882	2.02	1.647	1
1371	2.039	1.863	1.843	1.843	1
1372	1.98	1.941	1.765	2.078	1
1373	1.98	2.196	2.039	2.255	1
1374	2.098	2.196	2.255	2.373	1
1375	2.059	2.078	2.039	2.392	1
1376	1.98	1.824	1.863	2.255	1
1377	1.941	1.863	2.039	2.098	1
1378	2.059	1.804	2.196	2.02	1
1379	2.137	1.902	2.255	2.039	1
1380	2.157	1.863	2.333	2.098	1
1381	2.118	1.902	2.569	2.176	1
1382	2.078	1.804	2.471	2.196	1
1383	2.059	1.784	2.235	2.059	1
1384	2.216	2.039	2.216	1.98	1
1385	2.137	2.078	2.373	2.0	1
1386	2.078	2.02	2.451	2.0	1
1387	2.235	2.059	2.255	2.059	1
1388	2.216	2.098	2.059	2.235	1
1389	2.059	2.196	2.078	2.412	1
1390	1.98	2.255	2.039	2.314	1
1391	1.941	2.294	2.157	2.137	1
1392	1.863	2.373	2.353	2.078	1
1393	1.784	2.294	2.255	2.137	1
1394	1.765	2.255	2.176	2.176	1
1395	1.882	2.176	2.235	2.176	1
1396	1.784	2.196	2.373	2.098	1
1397	1.765	2.0	2.216	2.02	1
1398	1.765	1.902	2.412	2.0	1
1399	1.882	1.824	2.451	2.059	1
1400	1.98	1.98	2.49	2.098	1
1401	2.078	1.941	2.078	2.02	1
1402	1.902	1.725	1.941	1.882	1
1403	2.02	1.667	2.0	1.843	1
1404	2.078	1.647	1.882	1.863	1
1405	2.02	1.745	1.863	1.941	1
1406	1.961	1.804	1.863	2.078	1
1407	2.0	1.882	1.725	2.176	1
1408	2.0	1.804	1.627	2.118	1
1409	1.804	1.725	1.824	2.039	1
1410	1.745	1.824	1.961	2.02	1
1411	1.804	1.745	1.706	1.941	1
1412	1.784	1.627	1.843	1.843	1
1413	1.804	1.686	1.961	1.725	1
1414	1.706	1.804	2.059	1.725	1
1415	1.804	1.843	2.216	1.824	1
1416	2.02	1.863	2.275	1.941	1
1417	1.922	1.902	2.196	1.98	1
1418	1.922	1.922	2.098	1.882	1
1419	1.882	1.843	1.961	1.745	1
1420	1.745	1.843	1.922	1.725	1
1421	1.804	1.784	1.863	1.765	1
1422	1.784	1.765	1.784	1.863	1
1423	1.882	1.941	1.863	1.98	1
1424	1.941	1.922	1.647	2.039	1
1425	1.863	1.941	1.706	2.0	1
1426	1.98	2.0	1.922	1.98	1
1427	2.078	1.843	1.824	1.941	1
1428	1.922	1.706	1.765	1.843	1
1429	1.902	1.706	1.863	1.765	1
1430	1.941	1.529	1.882	1.725	1
1431	1.824	1.569	2.039	1.745	1
1432	2.078	1.745	2.02	1.706	1
1433	2.196	1.745	2.0	1.706	1
1434	1.882	1.922	2.216	1.784	1
1435	1.902	1.804	2.176	1.843	1
1436	2.216	1.765	1.922	1.824	1
1437	2.216	1.686	1.765	1.706	1
1438	2.059	1.784	1.824	1.647	1
1439	2.039	1.941	1.882	1.784	1
1440	2.0	2.078	1.98	2.059	1
1441	1.863	1.98	1.922	2.255	1
1442	1.765	1.882	1.706	2.235	1
1443	1.784	2.118	1.824	1.922	1
1444	1.863	2.255	2.039	1.784	1
1445	1.863	2.02	2.0	1.745	1
1446	1.765	1.824	1.902	1.784	1
1447	1.804	1.804	2.059	1.902	1
1448	1.961	1.882	2.078	2.0	1
1449	1.882	1.784	2.02	2.0	1
1450	1.961	1.745	2.137	1.882	1
1451	2.0	1.843	2.157	1.765	1
1452	2.059	1.902	2.196	1.784	1
1453	2.118	1.902	2.118	1.843	1
1454	2.0	1.784	1.941	1.961	1
1455	2.137	1.627	1.843	2.02	1
1456	2.098	1.765	1.863	2.078	1
1457	2.098	2.059	1.902	2.118	1
1458	2.0	1.941	1.902	2.137	1
1459	2.02	2.098	2.294	2.157	1
1460	2.078	2.176	2.451	2.196	1
1461	2.0	1.922	1.902	2.235	1
1462	1.922	1.843	1.843	2.118	1
1463	1.922	1.922	2.216	2.0	1
1464	1.902	1.922	2.412	1.882	1
1465	2.118	2.02	2.392	1.902	1
1466	2.255	1.961	2.431	1.961	1
1467	2.275	1.824	2.412	1.98	1
1468	2.235	1.765	2.412	1.902	1
1469	2.196	1.902	2.51	1.863	1
1470	2.118	1.863	2.392	1.941	1
1471	2.039	1.784	2.255	1.98	1
1472	1.98	1.863	2.216	2.078	1
1473	1.863	1.98	2.039	2.176	1
1474	2.216	2.294	2.196	2.216	1
1475	2.137	2.078	2.314	2.235	1
1476	2.137	1.784	2.02	2.216	1
1477	1.961	1.824	1.765	2.157	1
1478	1.608	1.824	1.902	2.039	1
1479	1.588	1.922	2.078	2.078	1
1480	1.784	2.098	2.275	2.176	1
1481	1.706	2.294	2.549	2.294	1
1482	1.647	2.078	2.451	2.333	1
1483	1.686	1.745	2.353	2.176	1
1484	1.863	1.784	2.333	1.922	1
1485	1.863	1.824	2.255	1.765	1
1486	1.863	1.765	2.059	1.725	1
1487	1.824	1.824	2.235	1.804	1
1488	1.863	1.941	2.098	2.078	1
1489	2.039	1.961	1.745	2.196	1
1490	1.843	1.922	1.863	2.157	1
1491	1.843	2.0	2.0	2.078	1
1492	1.882	2.118	1.863	2.0	1
1493	1.824	2.039	1.745	1.961	1
1494	1.804	1.961	1.961	1.961	1
1495	1.961	2.039	1.98	2.02	1
1496	1.863	2.157	1.922	2.078	1
1497	1.824	2.02	1.784	2.0	1
1498	1.804	1.902	1.902	1.863	1
1499	1.882	1.961	2.118	1.804	1
1500	1.902	1.902	2.078	1.765	1
1501	2.0	1.882	1.98	1.725	1
1502	2.078	1.882	2.0	1.765	1
1503	2.078	2.0	2.098	1.765	1
1504	2.059	1.902	2.176	1.765	1
1505	2.157	2.0	2.078	1.882	1
1506	2.118	1.863	1.627	1.863	1
1507	2.0	1.843	1.608	1.804	1
1508	2.02	1.98	1.804	1.843	1
1509	1.98	1.882	1.706	1.922	1
1510	1.941	1.863	1.765	1.961	1
1511	2.02	1.941	1.765	1.98	1
1512	1.922	1.863	1.745	1.961	1
1513	1.941	1.922	2.118	1.941	1
1514	1.941	1.882	2.098	1.941	1
1515	2.02	1.824	1.882	1.843	1
1516	2.078	1.824	2.039	1.804	1
1517	2.039	1.804	2.118	1.765	1
1518	2.039	1.667	2.137	1.725	1
1519	2.078	1.667	2.157	1.706	1
1520	2.059	1.627	2.098	1.725	1
1521	2.176	1.784	1.98	1.784	1
1522	2.098	1.843	1.922	1.922	1
1523	2.078	1.784	1.961	2.02	1
1524	2.118	1.784	1.882	2.059	1
1525	2.137	1.824	1.863	2.039	1
1526	2.039	1.941	1.902	1.961	1
1527	2.02	1.961	1.941	1.961	1
1528	2.0	1.843	1.706	1.922	1
1529	1.882	1.725	1.569	1.784	1
1530	1.824	1.686	1.824	1.824	1
1531	1.824	1.824	2.216	1.98	1
1532	1.98	1.922	2.373	2.196	1
1533	1.961	1.725	2.157	2.196	1
1534	1.98	1.765	2.118	2.039	1
1535	1.961	1.627	2.059	1.706	1
1536	1.98	1.647	2.176	1.529	1
1537	2.059	1.765	2.294	1.569	1
1538	2.039	1.745	2.353	1.686	1
1539	1.961	1.882	2.235	1.98	1
1540	2.078	1.843	2.059	2.137	1
1541	2.039	1.647	2.059	2.216	1
1542	2.0	1.667	1.98	2.137	1
1543	2.137	1.686	1.765	2.0	1
1544	2.176	1.706	1.824	1.804	1
1545	2.216	1.706	2.02	1.725	1
1546	2.059	1.647	2.098	1.824	1
1547	1.902	1.588	2.118	1.98	1
1548	2.118	1.51	2.078	2.059	1
1549	2.059	1.725	2.196	2.02	1
1550	1.569	2.176	2.392	2.059	1
1551	1.137	2.098	2.373	2.196	1
1552	1.804	1.647	2.373	2.157	1
1553	2.353	1.49	2.176	2.02	1
1554	2.235	1.667	2.118	1.863	1
1555	1.98	1.863	2.039	1.863	1
1556	1.824	2.255	2.235	1.922	1
1557	1.725	2.353	2.216	2.157	1
1558	1.569	2.294	2.118	2.353	1
1559	1.588	2.373	2.196	2.51	1
1560	1.49	2.333	2.255	2.608	1
1561	1.529	2.275	2.118	2.529	1
1562	1.706	2.314	1.804	2.353	1
1563	1.588	2.373	2.039	2.157	1
1564	1.569	2.196	2.333	2.098	1
1565	1.725	1.941	2.255	2.137	1
1566	1.902	1.98	2.255	2.118	1
1567	1.902	2.02	2.216	2.078	1
1568	1.765	1.941	2.196	1.98	1
1569	1.824	1.98	2.294	1.941	1
1570	1.843	2.098	2.294	1.941	1
1571	1.941	1.922	2.176	1.941	1
1572	2.02	1.784	2.078	1.902	1
1573	2.176	1.922	2.059	1.882	1
1574	2.157	2.098	1.961	1.863	1
1575	2.118	2.0	1.863	1.902	1
1576	2.078	2.098	1.863	1.98	1
1577	1.98	2.059	1.824	2.059	1
1578	2.039	2.118	1.941	2.098	1
1579	2.039	1.98	1.765	2.0	1
1580	1.961	1.882	1.804	1.824	1
1581	1.961	2.02	1.961	1.725	1
1582	2.059	2.059	2.078	1.804	1
1583	1.961	1.922	2.039	1.843	1
1584	2.02	1.863	2.157	1.824	1
1585	2.196	1.902	2.118	1.804	1
1586	2.216	2.0	2.314	1.824	1
1587	2.176	1.784	2.196	1.765	1
1588	2.0	1.569	2.02	1.667	1
1589	2.059	1.686	2.059	1.608	1
1590	2.294	1.843	1.863	1.706	1
1591	2.196	1.902	1.902	1.843	1
1592	2.137	1.863	1.922	1.98	1
1593	2.078	1.804	1.804	2.0	1
1594	1.961	1.706	1.667	1.941	1
1595	1.98	1.882	1.922	1.941	1
1596	2.039	2.02	2.0	1.98	1
1597	2.0	1.922	1.686	2.039	1
1598	1.922	1.824	1.686	2.02	1
1599	1.882	1.765	1.922	1.98	1
1600	1.804	1.627	1.98	1.863	1
1601	1.863	1.647	2.078	1.745	1
1602	1.941	1.745	2.137	1.706	1
1603	1.98	1.745	2.118	1.686	1
1604	2.039	1.745	2.059	1.725	1
1605	2.02	1.667	2.02	1.784	1
1606	2.078	1.647	2.098	1.824	1
1607	2.059	1.725	2.02	1.843	1
1608	2.118	1.784	1.863	1.765	1
1609	2.0	1.706	1.745	1.784	1
1610	1.922	1.765	1.882	1.941	1
1611	2.039	1.98	1.882	2.098	1
1612	2.02	1.843	1.882	2.098	1
1613	1.882	1.686	1.706	1.98	1
1614	1.824	1.745	1.804	1.902	1
1615	1.922	1.863	1.961	1.882	1
1616	1.961	1.922	2.216	1.922	1
1617	1.922	1.784	2.098	1.941	1
1618	1.804	1.627	1.961	1.922	1
1619	1.824	1.647	2.078	1.882	1
1620	1.961	1.686	2.137	1.882	1
1621	1.961	1.667	2.078	1.804	1
1622	1.902	1.569	2.0	1.706	1
1623	1.902	1.647	2.0	1.706	1
1624	2.098	1.843	2.157	1.804	1
1625	2.118	1.824	2.039	1.98	1
1626	1.98	1.725	1.863	2.118	1
1627	1.882	1.882	1.98	2.176	1
1628	1.98	1.902	1.843	2.137	1
1629	1.902	1.922	1.765	2.039	1
1630	1.98	2.02	2.059	1.98	1
1631	2.078	2.059	2.157	2.098	1
1632	1.882	1.882	1.804	2.157	1
1633	1.882	1.843	1.961	2.098	1
1634	2.098	1.922	2.314	1.961	1
1635	2.294	1.902	2.431	1.863	1
1636	2.314	1.784	2.373	1.863	1
1637	2.216	1.647	2.275	1.882	1
1638	2.216	1.667	2.333	1.922	1
1639	2.216	1.745	2.392	1.98	1
1640	2.235	1.824	2.216	1.961	1
1641	1.98	1.941	2.02	1.961	1
1642	1.922	2.039	2.098	1.941	1
1643	2.039	2.0	2.176	2.078	1
1644	2.039	1.745	2.02	2.137	1
1645	2.02	1.725	1.863	2.078	1
1646	1.863	2.157	2.196	2.059	1
1647	1.745	2.392	2.255	2.157	1
1648	1.51	2.275	2.0	2.275	1
1649	1.549	2.216	2.118	2.314	1
1650	1.647	2.275	2.235	2.235	1
1651	1.588	2.255	2.275	2.157	1
1652	1.51	2.157	2.451	2.098	1
1653	1.51	2.02	2.373	2.039	1
1654	1.667	1.922	2.255	1.98	1
1655	1.725	2.078	2.333	1.961	1
1656	1.765	2.255	2.49	2.0	1
1657	1.804	2.157	2.529	2.118	1
1658	1.902	2.078	2.451	2.157	1
1659	2.098	2.059	2.137	2.137	1
1660	2.098	2.078	1.784	2.039	1
1661	1.882	2.02	1.706	1.941	1
1662	1.804	2.078	1.863	1.902	1
1663	1.863	2.118	2.039	1.98	1
1664	1.882	2.216	2.098	2.176	1
1665	2.02	2.176	1.98	2.314	1
1666	1.902	1.961	1.902	2.275	1
1667	1.922	2.059	2.059	2.039	1
1668	2.0	2.078	2.059	1.863	1
1669	1.941	1.941	2.255	1.745	1
1670	1.863	1.863	2.451	1.784	1
1671	1.98	1.765	2.216	1.902	1
1672	2.176	1.765	1.882	1.941	1
1673	1.98	1.706	1.765	1.922	1
1674	1.863	1.824	2.0	1.824	1
1675	2.02	1.863	2.176	1.824	1
1676	2.137	1.745	2.02	1.882	1
1677	2.157	1.804	1.902	1.961	1
1678	2.039	1.765	1.745	1.98	1
1679	1.98	1.725	1.569	1.922	1
1680	1.961	1.784	1.529	1.882	1
1681	1.961	1.882	1.765	1.882	1
1682	2.039	2.0	1.882	1.922	1
1683	1.824	1.765	1.686	1.843	1
1684	1.843	1.608	1.706	1.784	1
1685	1.902	1.824	1.941	1.863	1
1686	2.039	1.863	1.961	1.882	1
1687	1.961	1.745	2.078	1.824	1
1688	2.0	1.667	2.294	1.667	1
1689	2.216	1.902	2.353	1.608	1
1690	2.196	1.804	1.863	1.647	1
1691	2.059	1.686	1.863	1.725	1
1692	2.0	1.745	2.098	1.784	1
1693	2.059	1.843	2.02	1.882	1
1694	2.118	1.824	1.706	1.98	1
1695	2.098	1.902	1.804	2.0	1
1696	2.118	1.961	1.863	2.059	1
1697	2.059	2.039	2.02	2.0	1
1698	1.98	1.804	1.765	1.941	1
1699	1.843	1.725	1.824	1.941	1
1700	2.02	2.0	2.078	1.882	1
1701	2.039	1.961	2.02	1.902	1
1702	1.98	1.824	2.078	1.902	1
1703	2.02	1.725	2.216	1.843	1
1704	1.98	1.706	2.216	1.863	1
1705	1.922	1.725	2.059	1.902	1
1706	2.0	1.745	2.039	1.902	1
1707	2.157	1.784	2.275	1.843	1
1708	2.157	1.784	2.275	1.745	1
1709	2.098	1.706	2.078	1.608	1
1710	2.0	1.824	2.059	1.706	1
1711	2.078	1.941	2.039	2.02	1
1712	2.059	1.961	1.98	2.255	1
1713	1.98	1.902	1.902	2.275	1
1714	1.922	1.941	2.02	2.216	1
1715	1.941	2.0	2.059	2.137	1
1716	1.941	1.961	2.059	2.078	1
1717	1.902	1.922	1.961	2.078	1
1718	1.843	1.882	1.98	2.039	1
1719	1.804	1.804	2.098	2.059	1
1720	1.863	1.784	2.216	2.02	1
1721	1.961	1.804	2.314	2.0	1
1722	2.059	1.784	2.353	1.961	1
1723	2.098	1.706	2.275	1.961	1
1724	2.098	1.667	2.196	1.961	1
1725	2.078	1.627	2.196	1.922	1
1726	2.196	1.686	2.157	1.922	1
1727	2.275	1.686	2.059	1.922	1
1728	2.157	1.627	1.882	1.941	1
1729	1.706	2.137	2.078	2.078	1
1730	1.725	2.157	2.118	2.255	1
1731	1.902	1.784	1.843	2.294	1
1732	2.039	1.647	1.784	2.118	1
1733	2.02	1.824	1.922	1.941	1
1734	1.843	1.98	2.118	1.961	1
1735	1.745	1.98	2.196	2.0	1
1736	1.706	2.02	2.196	2.078	1
1737	1.784	1.941	2.216	2.039	1
1738	1.824	2.098	2.235	2.02	1
1739	1.706	2.0	2.294	1.98	1
1740	1.725	1.961	2.275	1.961	1
1741	1.843	2.039	2.353	1.922	1
1742	1.882	2.059	2.373	1.902	1
1743	1.922	2.039	2.098	1.922	1
1744	2.059	1.98	1.765	1.941	1
1745	1.902	2.039	1.882	1.941	1
1746	1.922	2.118	2.059	1.98	1
1747	2.02	2.118	1.922	2.059	1
1748	1.882	2.039	1.706	2.059	1
1749	1.863	2.098	1.922	2.039	1
1750	1.941	1.98	1.843	1.961	1
1751	2.078	1.843	1.745	1.843	1
1752	1.882	1.882	1.922	1.804	1
1753	1.686	2.059	2.137	1.902	1
1754	1.686	2.039	2.157	2.0	1
1755	1.902	1.882	2.118	2.0	1
1756	2.098	1.745	2.098	1.863	1
1757	2.098	1.706	2.098	1.725	1
1758	2.059	1.725	2.02	1.667	1
1759	1.961	1.765	1.882	1.706	1
1760	1.863	1.863	1.941	1.804	1
1761	1.941	1.922	2.059	1.961	1
1762	1.961	1.941	1.98	2.078	1
1763	1.922	2.0	1.961	2.157	1
1764	1.922	1.98	1.863	2.118	1
1765	1.863	1.902	1.784	2.078	1
1766	1.882	1.941	1.882	2.039	1
1767	1.922	1.961	1.941	1.98	1
1768	1.863	1.882	1.902	2.02	1
1769	1.863	1.824	1.98	1.961	1
1770	1.922	1.863	2.039	1.941	1
1771	1.922	1.824	2.118	1.902	1
1772	2.0	1.843	2.196	1.863	1
1773	2.02	1.824	2.255	1.843	1
1774	2.059	1.784	2.176	1.824	1
1775	2.059	1.784	2.137	1.843	1
1776	2.078	1.765	2.176	1.863	1
1777	2.137	1.784	2.137	1.902	1
1778	2.078	1.843	2.059	1.902	1
1779	2.118	1.804	1.902	1.961	1
1780	2.078	1.882	1.863	1.941	1
1781	2.039	1.922	1.882	2.02	1
1782	2.0	1.922	1.902	2.039	1
1783	1.98	1.902	1.941	2.039	1
1784	1.961	1.863	1.922	2.0	1
1785	1.922	1.882	1.961	2.0	1
1786	1.961	1.882	2.039	1.98	1
1787	1.902	1.843	2.078	1.961	1
1788	1.961	1.765	2.137	1.902	1
1789	1.98	1.804	2.176	1.882	1
1790	2.0	1.765	2.235	1.843	1
1791	2.039	1.745	2.176	1.824	1
1792	2.02	1.765	2.137	1.804	1
1793	2.078	1.745	2.118	1.804	1
1794	2.059	1.804	2.137	1.824	1
1795	2.098	1.843	2.059	1.902	1
1796	2.078	1.863	1.941	2.0	1
1797	1.98	1.863	1.902	2.039	1
1798	2.0	1.902	1.882	2.059	1
1799	1.941	1.922	1.902	2.078	1
1800	1.922	1.922	1.922	2.098	1
1801	1.902	1.922	1.941	2.059	1
1802	1.902	1.922	1.98	2.0	1
1803	1.863	1.902	2.039	2.0	1
1804	1.882	1.882	2.118	1.98	1
1805	1.922	1.863	2.216	1.941	1
1806	1.922	1.824	2.196	1.882	1
1807	1.961	1.804	2.216	1.843	1
1808	1.98	1.804	2.196	1.843	1
1809	2.0	1.824	2.176	1.863	1
1810	2.0	1.804	2.157	1.882	1
1811	2.059	1.843	2.157	1.922	1
1812	2.039	1.902	2.059	1.961	1
1813	2.078	1.902	1.98	1.98	1
1814	1.941	1.902	1.922	2.02	1
1815	1.98	1.961	1.882	2.02	1
1816	1.941	1.98	1.882	2.059	1
1817	1.882	1.98	1.922	2.059	1
1818	1.882	1.961	1.961	2.059	1
1819	1.863	1.98	1.98	2.02	1
1820	1.824	1.922	2.059	1.98	1
1821	1.863	1.902	2.098	1.98	1
1822	1.863	1.863	2.196	1.922	1
1823	1.902	1.843	2.196	1.902	1
1824	1.941	1.824	2.216	1.824	1
1825	2.02	1.824	2.196	1.784	1
1826	2.0	1.843	2.176	1.804	1
1827	2.0	1.824	2.157	1.882	1
1828	2.0	1.863	2.118	1.941	1
1829	2.078	1.922	2.078	1.98	1
1830	2.078	1.902	1.961	2.0	1
1831	1.98	1.941	1.961	2.0	1
1832	1.961	1.922	1.882	2.0	1
1833	1.902	1.98	1.882	2.02	1
1834	1.941	2.0	1.902	2.059	1
1835	1.922	2.02	1.961	2.02	1
1836	1.902	2.0	2.02	1.98	1
1837	1.843	1.941	2.078	2.0	1
1838	1.882	1.922	2.098	1.98	1
1839	1.882	1.882	2.176	1.941	1
1840	1.882	1.863	2.176	1.902	1
1841	1.922	1.804	2.216	1.863	1
1842	1.98	1.824	2.196	1.843	1
1843	2.0	1.824	2.157	1.824	1
1844	2.039	1.843	2.137	1.843	1
1845	2.039	1.843	2.098	1.863	1
1846	2.039	1.922	2.039	1.922	1
1847	2.039	1.902	1.941	1.98	1
1848	1.98	1.941	1.922	2.039	1
1849	1.961	1.961	1.863	2.078	1
1850	1.902	1.961	1.863	2.098	1
1851	1.882	1.961	1.902	2.118	1
1852	1.902	2.0	1.98	2.098	1
1853	1.882	1.961	1.922	2.02	1
1854	1.843	1.941	2.02	2.0	1
1855	1.863	1.902	2.098	1.98	1
1856	1.863	1.863	2.176	1.941	1
1857	1.922	1.863	2.196	1.902	1
1858	1.941	1.843	2.235	1.902	1
1859	2.02	1.824	2.157	1.863	1
1860	1.961	1.804	2.118	1.863	1
1861	2.0	1.824	2.118	1.824	1
1862	2.059	1.843	2.098	1.863	1
1863	2.039	1.902	2.039	1.941	1
1864	2.039	1.882	1.941	2.0	1
1865	1.961	1.882	1.882	2.02	1
1866	2.02	1.922	1.863	2.039	1
1867	1.961	1.961	1.882	2.098	1
1868	1.922	1.98	1.922	2.118	1
1869	1.882	1.941	1.902	2.078	1
1870	1.863	1.922	1.922	2.0	1
1871	1.902	1.941	2.039	1.98	1
1872	1.922	1.922	2.118	1.98	1
1873	1.902	1.863	2.176	1.941	1
1874	1.941	1.843	2.176	1.941	1
1875	1.98	1.804	2.216	1.863	1
1876	2.039	1.804	2.196	1.863	1
1877	2.02	1.843	2.196	1.902	1
1878	2.059	1.843	2.176	1.922	1
1879	2.118	1.824	2.157	1.922	1
1880	2.098	1.922	2.118	1.961	1
1881	2.118	1.922	2.0	2.02	1
1882	2.0	1.922	1.922	2.039	1
1883	2.02	1.941	1.902	2.039	1
1884	1.98	1.961	1.863	2.059	1
1885	1.98	1.98	1.922	2.078	1
1886	1.941	1.98	1.941	2.059	1
1887	1.941	1.961	1.98	2.039	1
1888	1.902	1.961	2.059	2.039	1
1889	1.882	1.922	2.078	1.961	1
1890	1.882	1.824	2.157	1.882	1
1891	1.902	1.824	2.196	1.863	1
1892	1.922	1.784	2.216	1.824	1
1893	2.0	1.784	2.176	1.824	1
1894	2.0	1.804	2.176	1.824	1
1895	2.0	1.784	2.157	1.843	1
1896	1.961	1.804	2.118	1.882	1
1897	2.0	1.863	2.059	1.922	1
1898	2.059	1.882	1.961	1.941	1
1899	1.98	1.902	1.902	1.961	1
1900	1.941	1.922	1.863	2.0	1
1901	1.882	1.941	1.863	2.02	1
1902	1.863	1.922	1.882	2.078	1
1903	1.843	1.941	1.902	2.02	1
1904	1.863	1.961	1.941	2.0	1
1905	1.804	1.902	2.02	2.0	1
1906	1.882	1.902	2.098	1.98	1
1907	1.882	1.863	2.176	1.922	1
1908	1.941	1.902	2.196	1.882	1
1909	1.98	1.882	2.255	1.843	1
1910	2.02	1.843	2.255	1.824	1
1911	2.0	1.804	2.157	1.863	1
1912	2.02	1.804	2.176	1.882	1
1913	2.039	1.804	2.098	1.843	1
1914	2.059	1.902	2.078	1.902	1
1915	2.098	1.902	2.0	1.961	1
1916	2.039	1.902	1.941	2.02	1
1917	2.02	1.922	1.902	2.039	1
1918	2.0	1.961	1.882	2.059	1
1919	1.941	1.902	1.882	2.039	1
1920	1.941	1.941	1.961	2.039	1
1921	1.941	1.941	2.0	2.0	1
1922	1.941	1.922	2.059	2.059	1
1923	1.922	1.902	2.098	2.0	1
1924	1.941	1.824	2.176	1.941	1
1925	1.961	1.843	2.216	1.882	1
1926	1.961	1.804	2.255	1.843	1
1927	2.02	1.824	2.216	1.843	1
1928	2.0	1.843	2.176	1.863	1
1929	2.039	1.804	2.157	1.882	1
1930	2.039	1.804	2.118	1.863	1
1931	2.098	1.882	2.078	1.922	1
1932	2.078	1.902	1.941	1.941	1
1933	1.98	1.922	1.922	2.0	1
1934	1.961	1.941	1.902	2.039	1
1935	1.961	1.98	1.863	2.059	1
1936	1.922	1.961	1.902	2.078	1
1937	1.863	1.961	1.902	2.059	1
1938	1.843	1.902	1.941	2.02	1
1939	1.882	1.961	2.039	2.0	1
1940	1.863	1.882	2.039	1.98	1
1941	1.902	1.824	2.137	1.922	1
1942	1.941	1.843	2.176	1.902	1
1943	1.941	1.804	2.235	1.882	1
1944	2.02	1.843	2.235	1.843	1
1945	2.0	1.824	2.176	1.843	1
1946	2.0	1.824	2.137	1.902	1
1947	2.02	1.824	2.098	1.941	1
1948	2.059	1.863	2.039	1.941	1
1949	2.078	1.922	1.961	1.961	1
1950	2.02	1.902	1.882	2.0	1
1951	1.98	1.941	1.882	2.02	1
1952	1.941	1.98	1.882	2.059	1
1953	1.922	1.941	1.902	2.098	1
1954	1.902	1.941	1.922	2.059	1
1955	1.902	1.961	1.961	2.059	1
1956	1.902	1.961	2.059	2.02	1
1957	1.922	1.941	2.078	2.02	1
1958	1.882	1.863	2.137	1.922	1
1959	1.941	1.863	2.176	1.882	1
1960	1.941	1.843	2.216	1.863	1
1961	2.0	1.804	2.216	1.843	1
1962	2.02	1.824	2.157	1.882	1
1963	2.039	1.804	2.137	1.863	1
1964	2.059	1.824	2.098	1.863	1
1965	2.039	1.882	2.02	1.902	1
1966	2.059	1.863	1.941	1.961	1
1967	1.98	1.902	1.902	2.0	1
1968	1.98	1.941	1.882	2.02	1
1969	1.941	1.961	1.863	2.059	1
1970	1.882	1.961	1.902	2.059	1
1971	1.863	1.941	1.882	2.059	1
1972	1.863	1.941	1.961	2.059	1
1973	1.863	1.941	2.02	2.059	1
1974	1.863	1.882	2.059	2.0	1
1975	1.843	1.824	2.137	1.902	1
1976	1.882	1.824	2.157	1.882	1
1977	1.922	1.824	2.196	1.843	1
1978	2.0	1.824	2.196	1.824	1
1979	1.98	1.824	2.196	1.863	1
1980	2.0	1.784	2.157	1.922	1
1981	2.02	1.784	2.078	1.902	1
1982	2.059	1.863	2.059	1.98	1
1983	2.078	1.882	1.961	1.941	1
1984	1.98	1.902	1.922	2.02	1
1985	1.98	1.941	1.902	2.039	1
1986	1.961	2.0	1.922	2.059	1
1987	1.941	1.961	1.902	2.078	1
1988	1.902	1.961	1.941	2.078	1
1989	1.902	1.98	1.98	2.039	1
1990	1.843	1.961	2.02	2.02	1
1991	1.882	1.902	2.059	1.98	1
1992	1.863	1.863	2.157	1.922	1
1993	1.922	1.824	2.196	1.882	1
1994	1.941	1.784	2.216	1.863	1
1995	2.0	1.804	2.196	1.843	1
1996	2.02	1.804	2.157	1.843	1
1997	2.02	1.824	2.157	1.882	1
1998	2.039	1.804	2.098	1.922	1
1999	2.059	1.843	2.059	1.922	1
