time	channel1	channel2	channel3	channel4	class
0	2.02	1.804	2.196	1.863	1
1	2.02	1.824	2.157	1.863	1
2	2.02	1.804	2.157	1.824	1
3	2.02	1.882	2.078	1.882	1
4	2.02	1.902	1.961	1.863	1
5	1.941	1.922	1.902	1.941	1
6	1.941	1.98	1.882	1.961	1
7	1.902	2.0	1.882	2.039	1
8	1.902	2.0	1.882	2.078	1
9	1.922	2.0	1.922	2.078	1
10	1.882	1.961	1.922	2.078	1
11	1.843	1.941	2.02	2.078	1
12	1.882	1.882	2.078	2.059	1
13	1.902	1.843	2.157	2.02	1
14	1.961	1.824	2.196	1.941	1
15	1.961	1.824	2.216	1.882	1
16	2.0	1.745	2.216	1.843	1
17	2.0	1.784	2.216	1.843	1
18	2.02	1.784	2.157	1.824	1
19	2.059	1.804	2.098	1.843	1
20	2.078	1.882	2.078	1.863	1
21	2.078	1.902	1.941	1.863	1
22	1.98	1.902	1.882	1.902	1
23	1.961	1.922	1.863	1.922	1
24	1.941	2.0	1.843	2.0	1
25	1.902	2.0	1.882	2.059	1
26	1.961	1.98	1.902	2.098	1
27	1.941	1.922	1.902	2.039	1
28	1.961	1.922	1.98	2.039	1
29	1.882	1.902	2.059	2.039	1
30	1.922	1.843	2.157	2.0	1
31	1.961	1.804	2.176	1.98	1
32	1.98	1.784	2.216	1.902	1
33	2.0	1.804	2.216	1.863	1
34	1.98	1.804	2.216	1.863	1
35	2.0	1.843	2.196	1.863	1
36	1.98	1.843	2.118	1.882	1
37	2.0	1.863	2.078	1.882	1
38	2.02	1.922	1.98	1.902	1
39	1.98	1.941	1.922	1.922	1
40	1.941	1.961	1.882	1.961	1
41	1.922	2.0	1.863	2.02	1
42	1.922	2.0	1.902	2.098	1
43	1.882	2.0	1.922	2.078	1
44	1.863	1.941	1.941	2.078	1
45	1.863	1.941	2.0	2.078	1
46	1.882	1.863	2.039	2.039	1
47	1.922	1.824	2.137	2.0	1
48	1.941	1.824	2.196	1.941	1
49	1.961	1.784	2.235	1.902	1
50	2.0	1.765	2.196	1.863	1
51	2.02	1.784	2.176	1.843	1
52	2.0	1.784	2.176	1.843	1
53	2.02	1.804	2.137	1.824	1
54	2.039	1.863	2.059	1.863	1
55	2.039	1.902	1.941	1.863	1
56	1.98	1.922	1.882	1.882	1
57	1.941	1.98	1.863	1.941	1
58	1.961	2.0	1.863	2.02	1
59	1.941	2.0	1.882	2.039	1
60	1.941	1.98	1.902	2.078	1
61	1.922	1.98	1.902	2.059	1
62	1.902	1.941	2.0	2.039	1
63	1.902	1.922	2.078	2.059	1
64	1.961	1.863	2.137	2.0	1
65	2.0	1.843	2.176	1.941	1
66	1.98	1.824	2.216	1.902	1
67	2.0	1.784	2.216	1.824	1
68	2.0	1.804	2.196	1.843	1
69	2.02	1.824	2.196	1.882	1
70	2.039	1.824	2.157	1.863	1
71	2.039	1.902	2.059	1.863	1
72	2.039	1.902	1.961	1.922	1
73	1.961	1.961	1.902	1.922	1
74	1.941	1.961	1.882	1.961	1
75	1.902	2.039	1.882	2.039	1
76	1.902	2.0	1.902	2.078	1
77	1.922	2.0	1.902	2.098	1
78	1.902	1.98	1.941	2.098	1
79	1.863	1.941	2.02	2.078	1
80	1.882	1.922	2.078	2.039	1
81	1.902	1.843	2.176	2.02	1
82	1.941	1.824	2.196	1.961	1
83	1.961	1.804	2.235	1.902	1
84	2.0	1.784	2.216	1.863	1
85	1.98	1.804	2.216	1.843	1
86	2.059	1.824	2.176	1.863	1
87	2.039	1.824	2.157	1.863	1
88	2.078	1.882	2.078	1.863	1
89	2.02	1.902	1.98	1.902	1
90	1.961	1.902	1.922	1.922	1
91	1.961	1.922	1.843	1.961	1
92	1.941	1.941	1.843	2.0	1
93	1.941	1.961	1.863	2.039	1
94	1.902	1.961	1.902	2.059	1
95	1.882	1.922	1.941	2.078	1
96	1.941	1.882	2.0	2.098	1
97	1.941	1.882	2.039	2.059	1
98	1.922	1.824	2.157	2.0	1
99	1.922	1.804	2.196	1.961	1
100	1.961	1.745	2.216	1.922	1
101	2.0	1.765	2.235	1.863	1
102	2.02	1.784	2.196	1.863	1
103	2.02	1.784	2.176	1.863	1
104	2.0	1.804	2.176	1.863	1
105	2.02	1.882	2.059	1.882	1
106	2.0	1.882	1.961	1.882	1
107	1.941	1.922	1.902	1.922	1
108	1.941	1.961	1.882	1.961	1
109	1.922	1.98	1.863	2.039	1
110	1.902	1.98	1.863	2.059	1
111	1.902	1.961	1.882	2.059	1
112	1.902	1.941	1.902	2.078	1
113	1.863	1.922	2.0	2.078	1
114	1.902	1.882	2.059	2.059	1
115	1.922	1.804	2.118	2.0	1
116	1.98	1.765	2.157	1.922	1
117	1.98	1.765	2.196	1.902	1
118	2.02	1.745	2.196	1.843	1
119	2.0	1.745	2.157	1.843	1
120	2.02	1.745	2.137	1.843	1
121	2.059	1.784	2.098	1.843	1
122	2.059	1.843	2.078	1.863	1
123	2.039	1.843	1.941	1.902	1
124	1.922	1.882	1.882	1.882	1
125	1.902	1.941	1.863	1.941	1
126	1.902	2.0	1.843	2.02	1
127	1.941	1.961	1.843	2.059	1
128	1.902	1.941	1.882	2.078	1
129	1.863	1.941	1.922	2.039	1
130	1.882	1.922	2.0	2.078	1
131	1.863	1.922	2.078	2.078	1
132	1.902	1.882	2.157	2.039	1
133	1.922	1.843	2.216	1.98	1
134	1.941	1.804	2.216	1.922	1
135	1.98	1.804	2.216	1.863	1
136	1.961	1.804	2.235	1.843	1
137	2.02	1.824	2.176	1.882	1
138	2.02	1.843	2.137	1.882	1
139	2.0	1.882	2.078	1.863	1
140	2.0	1.922	1.98	1.902	1
141	1.961	1.941	1.941	1.941	1
142	1.961	1.98	1.902	1.98	1
143	1.941	2.0	1.863	2.0	1
144	1.941	2.0	1.882	2.039	1
145	1.922	2.0	1.922	2.059	1
146	1.922	1.961	1.941	2.098	1
147	1.882	1.941	2.0	2.059	1
148	1.98	1.922	2.098	2.078	1
149	1.961	1.863	2.176	2.0	1
150	1.961	1.804	2.216	1.961	1
151	1.98	1.804	2.235	1.902	1
152	2.02	1.784	2.216	1.843	1
153	2.039	1.804	2.196	1.824	1
154	2.039	1.824	2.176	1.843	1
155	2.039	1.804	2.137	1.824	1
156	2.078	1.863	2.098	1.882	1
157	2.078	1.902	2.0	1.902	1
158	2.0	1.941	1.922	1.902	1
159	1.98	1.941	1.882	1.941	1
160	1.941	1.961	1.863	2.0	1
161	1.922	1.98	1.882	2.039	1
162	1.941	1.98	1.902	2.059	1
163	1.902	1.961	1.941	2.059	1
164	1.941	1.902	2.02	2.059	1
165	1.922	1.863	2.039	2.039	1
166	1.922	1.824	2.137	2.0	1
167	1.961	1.824	2.196	1.98	1
168	1.98	1.804	2.235	1.902	1
169	1.98	1.784	2.196	1.882	1
170	2.02	1.804	2.216	1.843	1
171	2.02	1.804	2.157	1.843	1
172	2.0	1.843	2.098	1.863	1
173	1.98	1.882	2.098	1.882	1
174	2.0	1.922	1.98	1.902	1
175	1.941	1.941	1.882	1.922	1
176	1.941	1.98	1.863	1.961	1
177	1.922	2.039	1.863	2.0	1
178	1.902	2.02	1.882	2.059	1
179	1.902	2.0	1.922	2.059	1
180	1.882	1.961	1.922	2.078	1
181	1.863	2.0	1.98	2.039	1
182	1.902	1.922	2.078	2.039	1
183	1.902	1.824	2.157	2.02	1
184	1.941	1.804	2.176	1.961	1
185	1.98	1.784	2.235	1.902	1
186	2.0	1.784	2.216	1.843	1
187	2.0	1.765	2.196	1.843	1
188	2.039	1.824	2.196	1.863	1
189	2.039	1.804	2.157	1.902	1
190	2.039	1.863	2.059	1.863	1
191	2.0	1.902	1.98	1.882	1
192	1.961	1.882	1.902	1.941	1
193	1.961	1.961	1.863	1.961	1
194	1.961	1.98	1.843	2.0	1
195	1.922	2.0	1.863	2.059	1
196	1.922	1.98	1.922	2.059	1
197	1.902	1.961	1.922	2.098	1
198	1.863	1.922	2.02	2.078	1
199	1.922	1.922	2.039	2.059	1
200	1.922	1.863	2.157	2.0	1
201	1.961	1.824	2.176	1.941	1
202	1.961	1.784	2.216	1.902	1
203	2.0	1.765	2.196	1.843	1
204	2.039	1.784	2.176	1.824	1
205	2.02	1.804	2.157	1.843	1
206	2.02	1.824	2.137	1.882	1
207	2.02	1.902	2.078	1.902	1
208	2.02	1.922	1.98	1.882	1
209	1.98	1.941	1.902	1.941	1
210	1.98	1.922	1.863	1.961	1
211	1.961	1.961	1.824	2.02	1
212	1.941	2.0	1.863	2.02	1
213	1.902	2.0	1.882	2.039	1
214	1.863	1.98	1.922	2.059	1
215	1.882	1.902	2.0	2.078	1
216	1.863	1.922	2.098	2.078	1
217	1.922	1.863	2.196	2.059	1
218	1.961	1.863	2.196	1.98	1
219	1.941	1.804	2.255	1.922	1
220	1.961	1.784	2.216	1.882	1
221	1.98	1.804	2.196	1.843	1
222	2.0	1.824	2.176	1.843	1
223	1.98	1.843	2.157	1.863	1
224	2.02	1.882	2.118	1.882	1
225	1.98	1.902	1.961	1.922	1
226	1.941	1.922	1.902	1.922	1
227	1.941	1.941	1.882	1.961	1
228	1.922	2.0	1.882	2.02	1
229	1.902	1.98	1.882	2.059	1
230	1.882	1.961	1.882	2.078	1
231	1.882	1.941	1.902	2.059	1
232	1.882	1.922	2.0	2.059	1
233	1.882	1.902	2.078	2.059	1
234	1.882	1.843	2.137	2.039	1
235	1.941	1.804	2.157	1.961	1
236	1.961	1.765	2.196	1.902	1
237	2.0	1.765	2.196	1.843	1
238	2.02	1.745	2.196	1.824	1
239	2.0	1.765	2.137	1.843	1
240	1.98	1.784	2.137	1.863	1
241	2.02	1.843	2.059	1.863	1
242	2.02	1.882	1.98	1.882	1
243	1.941	1.902	1.902	1.922	1
244	1.941	1.922	1.843	1.922	1
245	1.941	1.961	1.824	1.98	1
246	1.922	1.961	1.863	2.039	1
247	1.882	1.961	1.902	2.059	1
248	1.863	1.941	1.902	2.098	1
249	1.843	1.922	1.98	2.039	1
250	1.941	1.882	2.059	2.039	1
251	1.922	1.824	2.137	1.98	1
252	1.98	1.784	2.176	1.922	1
253	2.039	1.765	2.216	1.882	1
254	2.059	1.745	2.216	1.843	1
255	2.039	1.804	2.196	1.843	1
256	2.059	1.804	2.196	1.863	1
257	2.098	1.765	2.157	1.882	1
258	2.137	1.863	2.118	1.863	1
259	2.098	1.882	2.0	1.863	1
260	2.02	1.922	1.922	1.902	1
261	1.98	1.961	1.882	1.941	1
262	2.0	2.02	1.882	2.02	1
263	1.98	2.0	1.922	2.098	1
264	1.961	2.0	1.941	2.098	1
265	2.0	1.98	1.961	2.098	1
266	1.922	1.961	2.0	2.078	1
267	1.902	1.902	2.059	2.059	1
268	1.941	1.843	2.157	2.0	1
269	1.961	1.843	2.196	1.961	1
270	1.98	1.804	2.275	1.922	1
271	2.039	1.804	2.235	1.882	1
272	2.039	1.804	2.216	1.843	1
273	2.02	1.804	2.176	1.863	1
274	2.0	1.804	2.118	1.882	1
275	2.0	1.843	2.098	1.843	1
276	2.0	1.902	1.961	1.882	1
277	1.961	1.902	1.902	1.902	1
278	1.961	1.941	1.843	1.941	1
279	1.941	1.98	1.843	2.02	1
280	1.882	1.961	1.863	2.059	1
281	1.882	1.961	1.882	2.039	1
282	1.882	1.922	1.922	2.039	1
283	1.902	1.961	2.0	2.078	1
284	1.902	1.902	2.059	2.059	1
285	1.882	1.863	2.118	2.02	1
286	1.902	1.824	2.157	1.941	1
287	1.941	1.784	2.216	1.902	1
288	1.941	1.804	2.196	1.863	1
289	1.922	1.804	2.196	1.843	1
290	1.961	1.882	2.196	1.882	1
291	1.98	1.882	2.137	1.961	1
292	1.98	1.902	2.059	1.902	1
293	1.98	1.961	2.0	1.941	1
294	1.922	2.0	1.902	1.961	1
295	1.882	2.02	1.882	1.961	1
296	1.863	2.078	1.843	2.039	1
297	1.843	2.039	1.882	2.098	1
298	1.824	2.02	1.902	2.118	1
299	1.824	1.98	1.902	2.098	1
300	1.804	2.0	1.98	2.039	1
301	1.863	1.961	2.078	2.059	1
302	1.902	1.922	2.157	2.039	1
303	1.941	1.843	2.176	2.0	1
304	2.0	1.804	2.196	1.922	1
305	2.078	1.824	2.235	1.863	1
306	2.039	1.804	2.235	1.843	1
307	1.922	1.784	2.196	1.824	1
308	1.941	1.784	2.098	1.804	1
309	2.0	1.804	2.02	1.804	1
310	2.078	1.863	1.961	1.824	1
311	2.0	1.882	1.863	1.863	1
312	1.941	1.922	1.824	1.863	1
313	1.941	1.98	1.824	1.922	1
314	1.863	1.961	1.824	1.961	1
315	1.824	1.902	1.824	1.961	1
316	1.725	1.902	1.765	1.941	1
317	1.647	1.941	1.824	1.941	1
318	1.725	1.902	1.98	1.941	1
319	1.745	1.843	1.98	1.922	1
320	1.784	1.863	1.961	1.882	1
321	2.02	1.843	2.02	1.843	1
322	2.098	1.804	2.078	1.804	1
323	2.176	1.804	2.157	1.804	1
324	1.863	1.765	2.078	1.804	1
325	1.804	1.765	2.039	1.804	1
326	2.118	1.882	1.961	1.843	1
327	2.137	1.941	1.98	1.902	1
328	2.0	1.961	1.961	1.98	1
329	1.98	1.941	1.863	2.02	1
330	2.176	1.882	1.882	2.059	1
331	2.353	1.843	1.941	2.118	1
332	2.235	1.882	2.02	2.078	1
333	2.059	1.902	2.078	2.078	1
334	2.098	1.863	2.196	2.118	1
335	2.196	1.824	2.275	2.098	1
336	2.216	1.725	2.314	2.039	1
337	2.176	1.667	2.294	1.941	1
338	2.216	1.569	2.314	1.843	1
339	2.294	1.627	2.333	1.824	1
340	2.098	1.627	2.275	1.804	1
341	2.039	1.667	2.255	1.843	1
342	2.216	1.765	2.235	1.882	1
343	2.235	1.922	2.294	1.98	1
344	2.039	1.863	2.157	2.0	1
345	1.882	1.804	1.882	1.98	1
346	1.784	1.843	1.765	1.922	1
347	1.824	1.98	1.765	1.941	1
348	1.863	2.078	1.882	2.02	1
349	1.882	2.118	2.0	2.137	1
350	1.941	2.078	2.039	2.235	1
351	1.922	1.98	2.098	2.255	1
352	1.804	2.02	2.216	2.196	1
353	1.588	1.98	2.314	2.118	1
354	1.647	1.98	2.255	2.059	1
355	1.843	2.02	2.333	2.059	1
356	1.941	2.02	2.353	2.078	1
357	1.961	1.961	2.314	2.039	1
358	2.02	1.922	2.275	2.0	1
359	2.059	1.941	2.314	1.922	1
360	2.098	2.098	2.333	1.98	1
361	2.0	2.039	2.157	1.98	1
362	1.922	1.961	2.039	2.02	1
363	1.98	1.98	1.941	2.059	1
364	2.059	2.098	1.98	2.118	1
365	2.098	2.118	2.0	2.157	1
366	2.02	1.98	1.98	2.157	1
367	2.0	1.941	2.02	2.078	1
368	1.98	2.0	2.078	2.039	1
369	1.902	1.863	2.02	2.039	1
370	1.863	1.804	2.02	2.0	1
371	1.961	1.745	2.098	1.961	1
372	1.98	1.667	2.216	1.882	1
373	2.0	1.765	2.235	1.863	1
374	2.0	1.804	2.196	1.882	1
375	2.059	1.804	2.196	1.941	1
376	2.098	1.804	2.137	1.902	1
377	1.98	1.686	1.882	1.863	1
378	1.863	1.745	1.824	1.745	1
379	1.863	1.902	1.863	1.765	1
380	1.902	1.941	1.784	1.804	1
381	1.902	1.882	1.745	1.902	1
382	1.882	1.902	1.804	2.0	1
383	1.922	1.843	1.725	2.039	1
384	1.941	1.784	1.784	2.039	1
385	2.0	1.784	1.961	2.02	1
386	1.941	1.804	1.882	1.961	1
387	1.863	1.784	1.902	1.824	1
388	1.882	1.765	2.137	1.725	1
389	1.843	1.804	2.196	1.745	1
390	1.922	1.706	2.098	1.765	1
391	2.078	1.627	1.922	1.765	1
392	2.02	1.549	1.941	1.686	1
393	1.98	1.627	1.922	1.608	1
394	1.961	1.843	1.941	1.667	1
395	1.941	1.98	1.961	1.745	1
396	1.667	2.098	1.902	1.941	1
397	1.627	2.078	1.824	2.059	1
398	1.784	2.039	1.824	2.098	1
399	1.765	2.059	1.804	2.078	1
400	1.686	2.078	1.765	2.02	1
401	1.784	2.0	1.804	1.98	1
402	1.824	1.941	1.902	2.0	1
403	1.784	1.902	1.961	2.059	1
404	1.765	1.902	2.137	2.039	1
405	1.882	2.039	2.294	2.078	1
406	1.824	1.882	2.275	2.02	1
407	1.863	1.843	2.176	1.961	1
408	1.941	1.804	2.098	1.863	1
409	2.02	1.784	2.137	1.843	1
410	2.059	1.804	2.196	1.882	1
411	2.039	1.922	2.196	1.902	1
412	2.039	1.961	1.941	1.902	1
413	1.941	1.941	1.922	1.941	1
414	1.961	1.961	1.922	2.0	1
415	2.0	2.039	1.98	2.02	1
416	2.0	1.922	1.941	2.078	1
417	2.02	2.0	2.02	2.118	1
418	2.118	1.961	1.961	2.157	1
419	1.98	1.922	2.039	2.118	1
420	1.882	1.922	2.196	2.059	1
421	2.0	1.882	2.235	2.02	1
422	2.078	1.843	2.196	1.961	1
423	2.118	1.784	2.235	1.882	1
424	2.176	1.765	2.255	1.804	1
425	2.216	1.725	2.176	1.804	1
426	2.157	1.725	2.176	1.824	1
427	2.137	1.765	2.176	1.824	1
428	2.216	1.882	2.137	1.882	1
429	2.255	1.863	2.039	1.902	1
430	2.157	1.745	1.784	1.863	1
431	2.039	1.824	1.843	1.824	1
432	2.059	2.02	1.902	1.882	1
433	1.882	1.98	1.784	2.02	1
434	1.765	1.941	1.804	2.078	1
435	1.804	1.863	1.804	2.039	1
436	1.98	1.824	1.98	2.0	1
437	2.0	1.961	2.137	2.098	1
438	1.961	1.961	2.314	2.196	1
439	2.02	1.863	2.196	2.137	1
440	1.941	1.725	2.216	2.0	1
441	1.863	1.804	2.353	1.902	1
442	1.863	1.902	2.275	1.902	1
443	1.922	1.882	2.176	1.902	1
444	1.961	1.843	2.196	1.902	1
445	2.078	1.961	2.255	1.941	1
446	2.098	1.882	2.02	1.961	1
447	2.0	1.863	1.843	1.922	1
448	1.961	1.784	1.824	1.882	1
449	1.922	1.804	1.804	1.882	1
450	1.941	1.824	1.863	1.922	1
451	2.059	1.863	1.941	1.98	1
452	2.098	1.784	1.941	2.0	1
453	2.078	1.706	1.843	2.059	1
454	1.98	1.824	1.961	2.0	1
455	1.961	1.98	2.176	1.941	1
456	2.02	1.765	2.176	1.902	1
457	1.98	1.588	2.137	1.863	1
458	2.059	1.627	2.137	1.824	1
459	2.098	1.765	2.196	1.824	1
460	2.118	1.882	2.176	1.863	1
461	1.922	2.059	2.314	1.902	1
462	1.941	2.157	2.294	2.039	1
463	2.059	2.157	2.176	2.137	1
464	2.02	2.098	2.02	2.196	1
465	1.863	2.078	1.961	2.176	1
466	1.784	2.137	2.059	2.157	1
467	1.843	2.157	1.961	2.157	1
468	1.784	2.118	1.902	2.098	1
469	1.706	1.922	1.882	2.02	1
470	1.784	2.0	2.118	2.039	1
471	1.922	2.078	2.412	2.255	1
472	1.902	1.863	2.373	2.294	1
473	1.824	1.706	2.255	2.216	1
474	1.843	1.824	2.235	2.059	1
475	1.941	1.843	2.157	1.843	1
476	1.961	1.706	2.157	1.725	1
477	1.941	1.549	2.176	1.706	1
478	2.0	1.49	2.196	1.725	1
479	2.176	1.765	2.137	1.863	1
480	2.216	1.98	1.941	1.98	1
481	2.098	1.961	1.863	2.039	1
482	1.922	1.824	1.941	2.02	1
483	1.745	1.745	1.902	2.059	1
484	1.745	1.804	1.843	2.059	1
485	1.843	2.02	1.882	2.078	1
486	1.922	2.235	1.961	2.098	1
487	2.0	2.02	1.98	2.059	1
488	2.098	1.843	2.02	2.02	1
489	2.0	1.784	2.098	1.941	1
490	1.922	1.843	2.157	1.922	1
491	1.902	1.961	2.118	1.882	1
492	1.98	1.98	2.216	1.824	1
493	1.922	2.02	2.235	1.784	1
494	1.725	1.961	2.157	1.804	1
495	1.941	2.0	2.098	1.824	1
496	2.157	2.02	2.059	1.725	1
497	2.078	2.078	2.039	1.686	1
498	1.922	2.02	1.941	1.667	1
499	1.824	1.961	1.98	1.667	1
500	1.882	2.078	1.804	1.745	1
501	1.863	2.098	1.725	1.824	1
502	1.843	2.02	1.725	1.863	1
503	1.824	1.902	1.745	1.843	1
504	1.804	1.902	2.0	1.824	1
505	1.863	1.863	2.196	1.863	1
506	1.863	1.745	2.275	1.941	1
507	1.902	1.765	2.216	2.0	1
508	2.02	1.804	2.078	2.02	1
509	2.059	1.824	2.275	1.98	1
510	2.078	1.784	2.314	1.961	1
511	2.039	1.667	2.196	1.961	1
512	2.02	1.843	2.255	1.961	1
513	2.039	2.059	2.255	2.02	1
514	2.098	2.02	2.078	2.078	1
515	2.078	1.863	1.863	2.137	1
516	2.039	1.961	2.02	2.216	1
517	2.098	2.039	2.039	2.275	1
518	2.078	2.118	2.059	2.333	1
519	2.059	2.059	2.02	2.353	1
520	2.059	1.98	2.0	2.255	1
521	1.902	1.882	1.941	2.118	1
522	1.941	1.843	1.922	1.961	1
523	2.059	1.843	2.059	1.765	1
524	2.078	1.804	2.235	1.765	1
525	2.02	1.784	2.137	1.863	1
526	2.0	1.549	1.863	1.882	1
527	1.922	1.471	1.922	1.824	1
528	1.941	1.647	2.157	1.725	1
529	2.078	1.706	2.255	1.686	1
530	2.059	1.667	1.922	1.706	1
531	2.02	1.667	1.824	1.804	1
532	2.039	1.804	1.824	1.902	1
533	1.961	1.843	1.882	2.0	1
534	1.745	1.824	1.725	2.098	1
535	1.824	1.902	1.804	2.157	1
536	1.902	1.961	1.922	2.216	1
537	1.922	2.118	2.059	2.275	1
538	2.059	2.216	2.039	2.216	1
539	1.902	1.961	1.961	2.157	1
540	1.922	1.941	2.235	2.078	1
541	1.98	1.745	2.039	2.02	1
542	1.863	1.725	2.078	1.824	1
543	2.039	1.784	2.157	1.725	1
544	2.137	1.686	2.196	1.706	1
545	2.216	1.824	2.333	1.784	1
546	2.098	1.922	2.157	1.824	1
547	2.137	1.824	1.784	1.765	1
548	2.078	1.686	1.588	1.627	1
549	1.961	1.588	1.765	1.588	1
550	1.961	1.549	1.745	1.706	1
551	2.0	1.784	1.706	1.863	1
552	1.922	1.843	1.706	1.98	1
553	1.824	1.941	1.922	2.0	1
554	1.922	1.765	2.039	1.941	1
555	2.118	1.706	2.059	1.941	1
556	2.0	1.745	1.98	1.98	1
557	1.824	1.745	1.843	2.039	1
558	1.843	1.745	2.216	2.059	1
559	1.882	1.882	2.471	2.118	1
560	1.843	2.078	2.49	2.196	1
561	1.863	2.02	2.588	2.275	1
562	2.098	2.039	2.373	2.176	1
563	2.353	2.078	2.118	1.902	1
564	2.333	1.824	1.863	1.686	1
565	2.157	1.745	1.922	1.667	1
566	2.157	1.863	1.98	1.765	1
567	2.176	1.922	1.98	1.941	1
568	2.137	1.824	1.725	1.961	1
569	2.0	1.98	1.725	1.902	1
570	1.745	2.412	1.961	1.941	1
571	1.569	2.314	2.039	2.098	1
572	1.863	1.98	2.0	2.118	1
573	2.039	1.765	1.882	2.0	1
574	1.98	1.647	1.941	1.784	1
575	2.0	1.706	1.98	1.647	1
576	1.804	1.961	2.137	1.725	1
577	1.569	2.137	2.373	1.941	1
578	1.51	2.176	2.294	2.118	1
579	1.667	2.078	2.235	2.118	1
580	1.686	2.078	2.235	2.039	1
581	1.627	2.118	2.196	1.98	1
582	1.549	2.216	2.137	2.0	1
583	1.51	2.235	2.059	2.118	1
584	1.588	2.196	1.902	2.216	1
585	1.588	2.275	2.059	2.294	1
586	1.608	2.235	2.02	2.255	1
587	1.686	2.157	1.863	2.059	1
588	1.804	2.157	1.882	1.882	1
589	1.824	2.0	1.941	1.922	1
590	1.725	1.824	1.941	2.039	1
591	1.922	1.902	2.157	2.235	1
592	2.039	1.922	2.216	2.333	1
593	2.078	1.745	2.078	2.098	1
594	1.941	1.843	2.392	1.824	1
595	2.02	1.902	2.353	1.647	1
596	2.098	1.706	2.196	1.686	1
597	2.235	1.765	2.176	1.922	1
598	2.216	1.804	2.137	2.059	1
599	2.176	1.902	2.059	2.059	1
600	1.961	1.804	1.882	2.02	1
601	2.078	1.941	2.039	2.02	1
602	2.196	2.118	2.176	2.098	1
603	2.137	2.137	2.176	2.294	1
604	2.078	2.078	2.137	2.333	1
605	2.098	2.039	2.098	2.294	1
606	2.039	2.0	2.157	2.216	1
607	1.941	1.804	2.235	2.02	1
608	1.98	1.882	2.314	1.922	1
609	2.039	1.765	2.039	1.824	1
610	2.118	1.706	2.157	1.863	1
611	2.196	1.706	2.275	1.941	1
612	2.235	1.706	2.373	2.02	1
613	2.255	1.706	2.137	1.941	1
614	2.059	1.608	1.745	1.627	1
615	1.961	1.647	1.863	1.471	1
616	2.02	1.745	2.039	1.51	1
617	2.098	1.784	1.98	1.725	1
618	1.941	1.627	1.745	1.902	1
619	2.0	1.863	1.627	1.98	1
620	2.0	1.804	1.706	2.0	1
621	1.98	1.784	1.706	1.941	1
622	1.882	1.667	1.569	1.902	1
623	1.882	1.745	1.784	1.941	1
624	1.902	1.882	2.137	1.922	1
625	1.922	1.725	2.098	1.804	1
626	2.0	1.667	2.137	1.725	1
627	2.118	1.843	2.078	1.765	1
628	2.02	1.667	2.0	1.765	1
629	2.078	1.706	2.118	1.725	1
630	2.137	1.608	2.118	1.667	1
631	2.216	1.588	1.784	1.588	1
632	2.176	1.745	2.02	1.745	1
633	2.216	1.902	2.255	1.863	1
634	1.98	1.922	2.059	1.961	1
635	2.098	1.922	1.843	1.941	1
636	2.275	1.902	1.882	1.961	1
637	2.118	1.902	2.157	2.0	1
638	2.078	1.922	1.745	2.02	1
639	2.157	1.784	1.588	1.902	1
640	2.216	1.667	1.824	1.824	1
641	2.118	1.824	2.078	1.882	1
642	1.941	2.078	2.353	2.098	1
643	2.137	1.843	2.333	2.255	1
644	2.353	1.745	2.314	2.176	1
645	2.333	1.784	2.098	1.98	1
646	1.843	2.02	2.157	1.863	1
647	1.431	2.176	2.431	1.98	1
648	1.529	1.98	2.373	2.176	1
649	1.843	2.059	1.961	2.235	1
650	2.039	1.941	1.824	2.059	1
651	1.961	2.059	1.863	1.902	1
652	1.765	2.255	2.078	1.902	1
653	1.608	2.373	1.98	2.039	1
654	1.431	2.333	2.039	2.235	1
655	1.392	2.353	2.157	2.373	1
656	1.471	2.275	2.0	2.412	1
657	1.431	2.059	1.706	2.275	1
658	1.471	2.02	1.941	2.078	1
659	1.51	1.941	2.059	1.922	1
660	1.51	1.902	2.196	1.784	1
661	1.804	2.0	2.255	1.706	1
662	1.745	1.784	2.118	1.686	1
663	1.765	1.706	2.0	1.745	1
664	1.824	1.569	1.863	1.824	1
665	2.0	1.667	1.961	1.882	1
666	2.216	1.804	2.078	1.765	1
667	2.118	1.824	1.843	1.804	1
668	1.882	1.804	1.667	1.784	1
669	1.98	1.863	1.686	1.725	1
670	2.039	1.804	1.863	1.843	1
671	2.157	1.922	1.961	2.039	1
672	2.216	1.863	1.804	2.157	1
673	1.961	1.647	1.667	2.157	1
674	1.765	1.608	1.745	2.078	1
675	1.922	1.627	1.961	1.922	1
676	2.118	1.647	2.196	1.902	1
677	2.176	1.725	2.157	1.941	1
678	2.059	1.882	2.078	1.902	1
679	1.98	1.784	2.02	1.765	1
680	2.039	1.588	2.039	1.686	1
681	2.039	1.51	2.118	1.725	1
682	1.98	1.667	2.078	1.824	1
683	1.922	1.843	2.02	1.902	1
684	2.039	1.941	1.843	1.843	1
685	1.961	1.941	1.804	1.745	1
686	1.961	2.196	2.0	1.784	1
687	1.824	2.157	1.863	1.98	1
688	1.765	2.118	1.804	2.157	1
689	1.804	2.118	1.941	2.176	1
690	2.0	2.294	2.235	2.216	1
691	2.059	2.216	2.235	2.255	1
692	1.882	2.176	2.275	2.235	1
693	1.941	2.255	2.451	2.157	1
694	1.922	2.137	2.392	2.0	1
695	2.0	2.0	2.373	1.961	1
696	1.961	1.922	2.451	2.078	1
697	2.078	1.98	2.49	2.176	1
698	2.039	1.902	2.373	2.137	1
699	2.02	1.863	2.314	2.039	1
700	2.02	1.745	2.137	1.882	1
701	2.02	1.784	2.059	1.706	1
702	2.059	1.882	1.863	1.725	1
703	1.961	1.843	1.843	1.804	1
704	2.0	1.902	2.02	1.961	1
705	2.098	2.059	2.118	2.157	1
706	1.98	1.804	1.863	2.137	1
707	1.765	1.706	1.804	2.078	1
708	1.824	1.745	2.0	2.078	1
709	2.039	1.725	2.039	2.137	1
710	2.137	1.765	2.255	2.137	1
711	2.176	1.902	2.431	2.059	1
712	2.157	1.765	2.333	2.02	1
713	2.255	1.725	2.098	1.961	1
714	2.294	1.588	2.098	1.902	1
715	2.157	1.627	2.216	1.843	1
716	2.216	1.941	2.373	1.961	1
717	2.157	2.157	2.549	2.098	1
718	2.078	2.0	2.412	2.176	1
719	2.039	1.882	1.941	2.157	1
720	2.137	1.843	1.725	2.118	1
721	2.118	1.765	1.784	2.137	1
722	2.078	1.804	1.98	2.118	1
723	2.235	1.843	1.824	1.98	1
724	2.137	1.784	1.765	1.765	1
725	2.137	1.765	1.961	1.667	1
726	2.078	1.569	1.941	1.706	1
727	2.098	1.373	1.961	1.745	1
728	2.431	1.373	1.902	1.706	1
729	2.216	1.471	1.941	1.647	1
730	1.392	1.922	2.373	1.804	1
731	1.275	2.275	2.529	2.098	1
732	2.039	1.824	2.098	2.157	1
733	2.333	1.392	1.725	1.804	1
734	2.275	1.569	1.824	1.451	1
735	2.02	1.725	1.882	1.451	1
736	1.804	2.0	1.804	1.667	1
737	1.667	2.314	1.863	2.059	1
738	1.588	2.51	2.078	2.353	1
739	1.471	2.353	1.98	2.451	1
740	1.431	2.255	1.863	2.353	1
741	1.49	2.176	1.98	2.196	1
742	1.569	2.216	1.98	2.118	1
743	1.588	2.176	2.039	2.059	1
744	1.647	2.176	2.314	2.118	1
745	1.765	2.02	2.275	2.118	1
746	1.902	1.804	2.039	2.059	1
747	1.863	1.627	2.02	1.902	1
748	2.0	1.745	2.157	1.745	1
749	2.118	1.882	2.059	1.686	1
750	2.059	1.784	2.039	1.706	1
751	1.98	1.843	2.118	1.784	1
752	1.902	1.922	2.078	1.843	1
753	1.725	2.078	1.725	1.961	1
754	1.784	1.941	1.49	1.922	1
755	1.961	2.0	1.725	1.922	1
756	2.039	2.098	1.863	1.902	1
757	1.98	1.98	1.882	1.882	1
758	1.882	1.961	1.902	1.98	1
759	1.706	2.059	1.765	2.078	1
760	1.765	2.098	1.961	2.0	1
761	1.725	1.922	1.941	1.882	1
762	1.784	1.98	2.235	1.804	1
763	1.98	2.176	2.471	1.843	1
764	1.882	1.902	2.137	1.941	1
765	1.863	1.765	1.961	1.902	1
766	2.039	1.902	2.157	1.745	1
767	2.157	2.039	2.373	1.667	1
768	2.118	1.961	2.176	1.745	1
769	2.098	1.941	1.961	1.863	1
770	2.039	1.98	1.804	1.882	1
771	1.961	1.961	1.863	1.765	1
772	2.039	2.059	1.922	1.725	1
773	2.059	1.961	1.765	1.784	1
774	1.98	1.922	1.863	1.961	1
775	2.02	1.863	1.941	2.118	1
776	2.059	1.882	2.0	2.235	1
777	2.0	1.725	1.922	2.098	1
778	2.098	1.745	2.078	1.941	1
779	2.157	1.686	2.02	1.863	1
780	2.02	1.588	1.98	1.863	1
781	2.0	1.569	1.98	1.843	1
782	2.059	1.49	2.078	1.706	1
783	2.157	1.667	2.451	1.686	1
784	2.216	1.784	2.275	1.941	1
785	2.118	1.706	2.059	2.196	1
786	2.098	1.804	1.922	2.333	1
787	1.961	1.922	1.941	2.373	1
788	1.98	1.882	1.902	2.216	1
789	1.941	1.804	1.882	1.804	1
790	2.0	1.98	2.216	1.627	1
791	2.235	2.255	2.314	1.824	1
792	2.02	2.02	2.137	2.235	1
793	1.941	1.961	2.118	2.451	1
794	2.0	1.863	2.137	2.412	1
795	1.961	1.804	2.275	2.235	1
796	1.98	1.804	2.49	2.039	1
797	2.02	1.667	2.471	1.824	1
798	2.059	1.549	2.176	1.627	1
799	2.235	1.627	2.275	1.608	1
800	2.137	1.647	2.157	1.765	1
801	2.039	1.451	2.039	1.902	1
802	2.294	1.431	2.137	1.961	1
803	2.51	1.647	2.118	1.961	1
804	2.392	1.804	2.118	1.961	1
805	2.02	1.961	2.196	2.098	1
806	1.627	2.059	2.0	2.275	1
807	1.667	1.863	1.725	2.373	1
808	1.843	1.843	1.824	2.333	1
809	2.118	1.902	1.961	2.235	1
810	2.314	1.706	2.039	2.118	1
811	2.078	1.804	2.176	2.059	1
812	1.843	2.078	2.235	2.059	1
813	1.784	2.275	2.333	2.118	1
814	1.784	2.255	2.431	2.235	1
815	1.882	1.961	2.353	2.235	1
816	1.843	1.706	2.176	2.118	1
817	1.745	1.608	2.157	2.0	1
818	1.824	1.804	2.059	1.961	1
819	1.824	2.157	2.0	1.843	1
820	1.765	2.157	2.098	1.922	1
821	1.647	2.098	2.0	1.941	1
822	1.686	2.059	1.843	1.922	1
823	1.882	1.961	1.765	1.922	1
824	2.02	2.098	1.941	1.961	1
825	1.843	2.157	1.725	2.039	1
826	1.725	2.118	1.765	2.137	1
827	1.686	2.137	1.961	2.157	1
828	1.725	2.059	2.176	2.098	1
829	1.843	2.098	2.333	2.0	1
830	1.784	2.176	2.235	1.922	1
831	1.706	1.941	2.157	1.922	1
832	1.922	1.686	2.235	1.843	1
833	2.0	1.549	2.0	1.686	1
834	1.941	1.549	1.843	1.549	1
835	2.157	1.588	1.922	1.49	1
836	2.176	1.804	2.0	1.627	1
837	1.941	2.039	2.0	1.784	1
838	1.784	2.059	2.059	1.961	1
839	2.0	1.922	1.843	2.059	1
840	2.0	1.725	1.529	1.961	1
841	1.745	1.843	1.667	1.863	1
842	1.647	2.02	1.784	1.784	1
843	1.784	2.078	1.706	1.686	1
844	1.725	1.98	1.745	1.549	1
845	1.941	2.039	1.804	1.529	1
846	2.02	2.059	1.863	1.706	1
847	1.922	2.0	2.02	1.98	1
848	1.784	2.039	2.059	2.098	1
849	1.745	2.098	2.235	1.922	1
850	1.902	2.078	2.176	1.667	1
851	1.941	2.098	2.275	1.627	1
852	2.098	2.078	2.255	1.725	1
853	2.02	2.157	2.176	1.804	1
854	1.98	1.941	1.824	1.824	1
855	1.824	1.882	1.745	1.765	1
856	2.059	2.118	1.98	1.667	1
857	2.039	1.902	1.824	1.706	1
858	1.902	2.0	1.902	1.843	1
859	2.0	2.137	1.98	2.02	1
860	2.0	1.882	1.882	2.098	1
861	1.902	1.549	1.784	2.0	1
862	1.824	1.706	1.961	1.922	1
863	1.882	1.686	2.118	1.902	1
864	2.078	1.843	2.471	1.902	1
865	2.02	1.49	2.196	1.902	1
866	1.882	1.333	1.98	1.745	1
867	2.176	1.549	2.275	1.745	1
868	2.333	1.627	2.275	1.922	1
869	2.039	1.471	1.882	2.0	1
870	1.922	1.569	1.98	1.961	1
871	2.137	1.725	2.039	2.0	1
872	2.216	1.824	2.02	2.118	1
873	2.137	1.882	2.098	2.353	1
874	1.961	1.941	2.275	2.549	1
875	2.098	2.059	2.451	2.667	1
876	2.294	2.098	2.216	2.725	1
877	2.216	2.078	2.176	2.647	1
878	2.059	2.0	2.353	2.49	1
879	1.98	2.039	2.392	2.314	1
880	2.137	2.098	2.49	2.275	1
881	2.294	2.078	2.647	2.333	1
882	2.294	1.961	2.647	2.373	1
883	2.216	1.804	2.471	2.275	1
884	2.196	1.725	2.412	2.118	1
885	2.255	1.667	2.373	1.98	1
886	2.235	1.725	2.49	1.882	1
887	2.196	1.784	2.353	1.863	1
888	2.039	1.725	1.804	1.98	1
889	1.98	1.627	1.765	2.02	1
890	2.137	1.667	1.784	1.922	1
891	2.176	1.608	1.667	1.725	1
892	2.353	1.373	1.686	1.608	1
893	2.471	1.392	1.608	1.588	1
894	2.412	1.353	1.451	1.627	1
895	2.255	1.373	1.51	1.686	1
896	1.863	1.765	1.686	1.863	1
897	1.569	2.118	2.216	2.098	1
898	1.588	1.941	2.333	2.235	1
899	1.843	1.667	2.02	2.157	1
900	1.804	1.647	1.961	1.843	1
901	2.039	1.765	1.922	1.569	1
902	2.02	2.059	2.039	1.471	1
903	1.824	2.216	2.196	1.647	1
904	1.843	2.392	2.176	1.902	1
905	1.608	2.235	1.882	2.078	1
906	1.353	2.255	1.902	2.137	1
907	1.294	2.333	2.059	2.157	1
908	1.294	2.529	2.235	2.196	1
909	1.392	2.49	2.118	2.196	1
910	1.471	2.373	1.784	2.137	1
911	1.431	2.51	2.02	2.118	1
912	1.353	2.529	2.353	2.255	1
913	1.51	2.157	2.098	2.275	1
914	1.667	1.98	2.235	2.176	1
915	1.784	1.941	2.255	2.02	1
916	1.843	2.078	2.196	1.843	1
917	1.882	2.039	2.157	1.686	1
918	1.804	1.902	2.118	1.627	1
919	1.922	1.98	2.098	1.706	1
920	1.941	2.039	2.137	1.804	1
921	2.039	2.039	2.118	1.941	1
922	2.157	1.941	1.863	1.961	1
923	2.0	1.902	1.765	1.902	1
924	1.902	1.902	1.725	1.824	1
925	1.961	1.882	1.725	1.745	1
926	2.059	1.843	1.725	1.686	1
927	2.118	1.784	1.608	1.706	1
928	2.098	1.725	1.627	1.804	1
929	1.882	1.647	1.667	1.882	1
930	1.902	1.608	1.667	1.863	1
931	1.882	1.451	1.922	1.745	1
932	2.216	1.549	2.02	1.608	1
933	2.098	1.49	1.902	1.608	1
934	2.0	1.549	1.941	1.667	1
935	2.059	1.431	1.922	1.725	1
936	2.02	1.451	1.902	1.686	1
937	2.098	1.431	1.843	1.392	1
938	2.137	1.49	1.667	1.157	1
939	2.0	1.627	1.725	1.255	1
940	2.02	1.725	1.725	1.588	1
941	1.922	1.627	1.529	1.784	1
942	1.961	1.824	1.529	1.902	1
943	1.843	1.706	1.549	1.941	1
944	2.118	1.922	2.196	2.078	1
945	2.157	1.843	2.059	2.157	1
946	1.765	1.588	1.549	1.902	1
947	1.784	1.647	1.765	1.549	1
948	2.176	1.902	2.275	1.373	1
949	2.196	1.725	2.255	1.529	1
950	2.196	1.667	2.118	1.843	1
951	2.196	1.608	2.255	2.078	1
952	2.294	1.843	2.588	2.275	1
953	2.294	2.039	2.647	2.49	1
954	2.078	2.059	2.627	2.647	1
955	2.098	2.314	2.843	2.588	1
956	2.333	2.314	2.51	2.373	1
957	2.176	2.059	2.078	2.098	1
958	2.176	2.216	2.412	2.0	1
959	2.137	2.412	2.471	2.255	1
960	2.02	2.392	2.255	2.588	1
961	1.843	2.314	2.333	2.843	1
962	1.98	2.49	2.667	2.902	1
963	1.961	2.431	2.667	2.784	1
964	1.922	2.196	2.294	2.588	1
965	1.922	2.255	2.275	2.412	1
966	1.843	1.98	2.431	2.275	1
967	1.922	1.784	2.569	2.216	1
968	2.157	1.745	2.333	2.176	1
969	2.098	1.647	2.039	1.961	1
970	2.059	1.608	2.157	1.765	1
971	2.098	1.647	2.137	1.627	1
972	2.02	1.667	2.098	1.765	1
973	2.118	1.451	1.706	1.882	1
974	2.078	1.471	1.647	1.922	1
975	1.902	1.549	1.725	1.941	1
976	2.157	1.431	1.549	1.922	1
977	2.118	1.784	1.588	1.863	1
978	2.039	2.137	1.863	1.922	1
979	1.863	1.804	1.902	2.078	1
980	1.647	1.608	1.824	2.157	1
981	1.765	1.569	1.922	2.157	1
982	1.902	1.51	1.922	2.039	1
983	1.961	1.706	2.157	1.863	1
984	2.0	1.922	2.275	1.804	1
985	1.784	1.941	2.0	1.804	1
986	1.569	1.863	2.0	1.843	1
987	1.471	1.961	2.275	1.941	1
988	1.667	2.118	2.588	2.098	1
989	1.843	2.255	2.49	2.137	1
990	1.961	2.216	2.196	2.078	1
991	1.843	2.118	1.843	1.98	1
992	1.706	2.216	1.706	1.863	1
993	1.627	2.235	1.902	1.804	1
994	1.686	2.275	2.255	1.922	1
995	1.686	2.333	2.157	2.098	1
996	1.627	2.529	1.745	2.235	1
997	1.529	2.412	2.137	2.255	1
998	1.667	2.176	2.137	2.235	1
999	1.922	2.216	2.314	2.137	1
1000	2.02	2.137	2.275	1.98	1
1001	1.941	1.98	2.196	1.804	1
1002	1.922	1.98	2.255	1.725	1
1003	2.039	2.098	2.235	1.725	1
1004	2.098	1.922	2.157	1.745	1
1005	2.118	1.941	2.039	1.804	1
1006	2.098	1.843	1.902	1.784	1
1007	2.118	1.863	1.863	1.784	1
1008	2.078	1.902	1.765	1.804	1
1009	2.137	1.843	1.686	1.922	1
1010	2.078	1.902	1.549	1.98	1
1011	2.176	1.941	1.49	1.804	1
1012	2.039	1.667	1.353	1.49	1
1013	2.039	1.627	1.667	1.392	1
1014	2.196	1.49	1.667	1.588	1
1015	2.118	1.549	1.745	1.784	1
1016	2.0	1.647	1.882	1.922	1
1017	1.745	1.686	1.922	1.863	1
1018	1.627	1.529	2.078	1.686	1
1019	2.0	1.529	2.0	1.569	1
1020	2.157	1.471	1.961	1.569	1
1021	2.176	1.49	1.922	1.51	1
1022	1.961	1.667	2.02	1.431	1
1023	1.863	1.902	2.098	1.392	1
1024	1.98	1.98	2.059	1.51	1
1025	1.784	1.902	2.0	1.667	1
1026	1.843	1.961	1.882	1.824	1
1027	1.902	2.078	1.941	1.961	1
1028	1.824	2.176	2.02	2.0	1
1029	1.706	2.02	1.941	1.941	1
1030	1.804	1.882	1.863	1.863	1
1031	1.725	1.706	1.608	1.725	1
1032	1.667	1.706	2.02	1.706	1
1033	1.922	1.824	2.235	1.824	1
1034	2.02	1.824	2.216	1.961	1
1035	2.02	1.765	2.353	2.157	1
1036	2.039	1.588	2.275	2.176	1
1037	1.98	1.49	2.0	2.059	1
1038	1.941	1.588	2.275	1.961	1
1039	2.098	1.745	2.353	1.961	1
1040	2.098	1.725	2.078	1.961	1
1041	2.078	1.824	2.078	1.98	1
1042	2.196	2.039	2.294	2.0	1
1043	2.255	2.098	2.314	2.196	1
1044	2.314	1.961	1.961	2.314	1
1045	2.157	2.02	2.098	2.431	1
1046	2.059	1.922	2.275	2.529	1
1047	2.176	1.686	1.941	2.373	1
1048	2.588	1.765	1.725	1.941	1
1049	2.627	1.51	1.843	1.627	1
1050	2.235	1.314	1.941	1.588	1
1051	1.961	1.647	2.667	1.902	1
1052	2.157	1.824	2.725	2.412	1
1053	2.725	1.686	2.02	2.49	1
1054	2.196	1.627	1.882	2.235	1
1055	1.686	1.863	2.373	2.02	1
1056	1.51	1.941	2.333	1.98	1
1057	2.02	1.686	1.98	1.941	1
1058	2.235	1.588	1.765	1.922	1
1059	2.0	1.824	1.804	2.039	1
1060	1.765	2.176	1.941	2.235	1
1061	1.647	2.333	2.059	2.549	1
1062	1.608	2.353	2.098	2.765	1
1063	1.647	2.157	2.02	2.686	1
1064	1.529	1.961	1.843	2.392	1
1065	1.275	2.039	1.961	2.137	1
1066	1.51	2.176	2.314	2.059	1
1067	1.843	2.039	2.431	2.157	1
1068	1.706	2.137	2.392	2.294	1
1069	1.451	2.216	2.373	2.353	1
1070	1.784	2.039	2.392	2.196	1
1071	2.176	1.882	2.333	1.922	1
1072	2.118	1.765	2.255	1.725	1
1073	2.039	1.882	2.078	1.588	1
1074	1.863	2.196	2.078	1.667	1
1075	1.863	2.471	2.098	1.863	1
1076	1.941	2.49	2.098	2.059	1
1077	1.98	2.627	2.157	2.137	1
1078	1.961	2.412	2.118	2.137	1
1079	2.059	2.294	1.941	2.02	1
1080	2.196	2.078	1.667	1.843	1
1081	2.216	1.784	1.667	1.725	1
1082	2.176	1.725	1.902	1.765	1
1083	2.333	1.765	2.118	1.843	1
1084	2.314	1.647	1.902	1.863	1
1085	2.078	1.667	1.765	1.784	1
1086	1.569	1.98	2.157	1.843	1
1087	1.314	1.882	2.451	2.039	1
1088	2.0	1.627	2.196	2.098	1
1089	2.431	1.392	1.843	1.824	1
1090	2.412	1.451	1.804	1.529	1
1091	2.196	1.765	1.882	1.353	1
1092	1.882	1.863	1.804	1.49	1
1093	1.667	2.059	1.804	1.686	1
1094	1.725	2.078	1.667	1.784	1
1095	1.608	1.882	1.392	1.824	1
1096	1.529	1.902	1.667	1.824	1
1097	1.667	2.0	1.784	1.902	1
1098	1.745	2.059	1.922	2.0	1
1099	1.902	2.059	2.039	2.039	1
1100	1.824	2.059	2.02	1.961	1
1101	1.471	1.961	2.059	2.0	1
1102	1.569	1.784	1.98	1.843	1
1103	1.882	1.451	1.725	1.431	1
1104	1.98	1.471	1.824	1.078	1
1105	2.059	1.627	2.039	1.02	1
1106	2.157	2.0	2.333	1.392	1
1107	2.098	1.98	2.196	1.863	1
1108	2.02	1.882	2.078	2.235	1
1109	1.941	1.843	1.961	2.275	1
1110	1.882	1.882	2.02	2.118	1
1111	2.0	2.02	2.098	1.961	1
1112	1.98	2.039	2.02	1.902	1
1113	1.98	2.137	2.118	1.941	1
1114	1.882	1.98	2.0	1.902	1
1115	1.902	1.902	2.118	2.039	1
1116	2.118	2.078	2.392	2.412	1
1117	2.118	1.98	2.294	2.588	1
1118	1.98	1.745	2.078	2.529	1
1119	1.98	1.706	2.294	2.294	1
1120	2.157	1.745	2.431	2.059	1
1121	2.216	1.784	2.588	1.902	1
1122	2.176	2.0	2.725	1.961	1
1123	2.098	1.922	2.392	2.098	1
1124	2.137	1.706	2.255	2.118	1
1125	2.255	1.725	2.098	2.078	1
1126	2.216	1.686	1.922	1.863	1
1127	2.137	1.863	2.02	1.843	1
1128	2.118	1.941	2.059	2.137	1
1129	1.98	1.843	1.941	2.333	1
1130	1.902	1.784	1.686	2.235	1
1131	2.0	1.804	1.784	1.863	1
1132	2.098	1.98	2.078	1.667	1
1133	2.118	1.98	2.216	1.784	1
1134	2.098	1.765	1.961	2.098	1
1135	1.961	1.902	2.0	2.314	1
1136	1.902	1.647	2.078	2.373	1
1137	1.922	1.51	1.961	2.137	1
1138	1.961	1.667	2.059	1.667	1
1139	2.02	1.804	2.098	1.373	1
1140	1.98	1.784	2.176	1.451	1
1141	2.118	1.569	2.02	1.667	1
1142	2.098	1.373	1.824	1.902	1
1143	2.118	1.412	2.118	1.922	1
1144	2.196	1.627	1.902	1.922	1
1145	2.078	1.49	1.49	1.824	1
1146	2.078	1.353	1.333	1.686	1
1147	2.196	1.471	1.647	1.647	1
1148	2.157	1.725	1.647	1.765	1
1149	1.863	1.529	1.49	1.922	1
1150	1.686	1.392	1.804	2.078	1
1151	2.078	1.451	2.059	2.078	1
1152	2.451	1.667	2.176	2.059	1
1153	2.196	1.686	2.137	1.961	1
1154	2.098	1.412	1.941	1.765	1
1155	2.078	1.549	1.843	1.667	1
1156	1.569	2.02	2.078	1.824	1
1157	1.51	2.373	2.529	2.196	1
1158	1.706	2.431	2.51	2.451	1
1159	2.039	2.412	2.431	2.392	1
1160	2.059	2.51	2.255	2.275	1
1161	1.863	2.49	2.137	2.098	1
1162	1.569	2.686	1.961	2.059	1
1163	1.373	2.667	1.863	2.078	1
1164	1.451	2.686	2.196	2.294	1
1165	1.49	2.765	2.373	2.51	1
1166	1.412	2.824	2.216	2.627	1
1167	1.49	2.706	2.196	2.549	1
1168	1.667	2.51	2.294	2.412	1
1169	1.824	2.373	2.353	2.137	1
1170	1.882	2.176	2.294	1.882	1
1171	1.804	1.882	2.118	1.725	1
1172	1.922	1.98	2.255	1.686	1
1173	2.098	1.961	2.333	1.784	1
1174	2.157	1.784	2.157	1.863	1
1175	2.216	1.765	1.941	1.882	1
1176	2.078	1.941	2.02	1.961	1
1177	1.882	1.922	2.098	1.902	1
1178	1.882	1.784	1.804	1.784	1
1179	2.02	1.647	1.706	1.647	1
1180	2.176	1.784	1.745	1.588	1
1181	2.157	1.922	1.784	1.686	1
1182	2.157	1.98	1.863	1.863	1
1183	2.137	1.902	1.804	2.059	1
1184	1.98	1.745	1.804	2.078	1
1185	1.922	1.882	1.843	2.02	1
1186	1.745	2.0	2.02	1.882	1
1187	1.98	1.922	2.0	1.686	1
1188	1.941	1.627	1.98	1.49	1
1189	1.961	1.627	2.157	1.392	1
1190	2.02	1.686	2.137	1.471	1
1191	2.137	1.863	2.137	1.686	1
1192	2.098	1.745	1.961	1.824	1
1193	2.0	1.667	1.98	1.863	1
1194	2.137	1.922	2.078	1.804	1
1195	2.059	1.765	1.667	1.608	1
1196	1.882	1.725	1.569	1.373	1
1197	1.843	1.902	1.882	1.49	1
1198	1.941	1.824	1.941	1.824	1
1199	1.98	1.824	1.843	2.157	1
1200	2.039	1.922	1.941	2.294	1
1201	1.922	1.863	1.863	2.275	1
1202	1.765	1.745	2.078	2.118	1
1203	1.941	1.922	2.373	2.0	1
1204	1.941	1.863	2.373	1.961	1
1205	1.941	1.588	2.098	1.922	1
1206	1.882	1.451	2.118	1.961	1
1207	1.902	1.686	2.294	2.02	1
1208	2.02	1.745	2.294	1.98	1
1209	2.0	1.549	2.196	1.784	1
1210	2.118	1.608	2.157	1.804	1
1211	2.314	1.98	2.529	2.098	1
1212	2.196	1.941	2.294	2.412	1
1213	2.0	1.686	1.863	2.529	1
1214	1.843	1.588	1.784	2.373	1
1215	2.0	1.784	1.98	2.078	1
1216	1.961	1.922	2.039	1.863	1
1217	1.98	2.078	2.431	2.02	1
1218	2.235	2.02	2.353	2.412	1
1219	2.137	1.843	2.333	2.608	1
1220	2.059	1.882	2.392	2.529	1
1221	2.059	1.863	2.412	2.275	1
1222	2.196	1.765	2.294	2.078	1
1223	2.314	1.98	2.529	1.98	1
1224	2.333	1.922	2.451	2.02	1
1225	2.196	1.686	2.235	2.039	1
1226	2.039	1.431	1.98	1.922	1
1227	2.078	1.549	2.118	1.824	1
1228	2.235	1.804	2.216	1.824	1
1229	2.0	1.804	2.039	1.941	1
1230	1.98	1.843	1.804	1.98	1
1231	2.235	1.784	1.588	1.882	1
1232	2.373	1.647	1.529	1.745	1
1233	2.02	1.608	1.667	1.686	1
1234	1.529	1.98	1.667	1.843	1
1235	1.412	2.137	1.902	2.157	1
1236	1.569	1.961	2.0	2.255	1
1237	1.667	1.824	1.863	2.118	1
1238	1.824	1.902	2.118	1.902	1
1239	1.922	1.961	2.275	1.765	1
1240	1.843	2.0	2.059	1.765	1
1241	1.745	1.882	1.706	1.804	1
1242	1.49	1.824	1.765	1.863	1
1243	1.549	2.02	2.078	1.863	1
1244	1.647	2.392	2.196	1.922	1
1245	1.706	2.51	2.098	2.039	1
1246	1.667	2.196	1.745	2.078	1
1247	1.843	1.98	1.667	2.0	1
1248	2.0	1.902	1.647	1.922	1
1249	1.961	1.745	1.667	1.843	1
1250	1.922	2.039	1.725	1.824	1
1251	1.627	2.078	1.667	1.902	1
1252	1.471	2.216	1.961	2.078	1
1253	1.922	2.333	2.216	2.235	1
1254	2.059	2.0	2.039	2.216	1
1255	1.863	1.863	2.039	2.098	1
1256	2.137	2.039	2.275	2.0	1
1257	2.118	1.863	2.176	1.745	1
1258	1.804	1.804	2.333	1.549	1
1259	1.922	2.098	2.412	1.569	1
1260	2.0	2.02	2.0	1.627	1
1261	1.902	2.02	2.118	1.824	1
1262	1.98	2.235	2.275	2.059	1
1263	2.02	2.196	2.078	2.196	1
1264	1.961	2.118	1.922	2.078	1
1265	1.882	1.922	1.686	1.882	1
1266	1.647	1.843	1.725	1.745	1
1267	1.745	1.961	1.843	1.627	1
1268	2.02	2.137	2.039	1.627	1
1269	1.941	1.941	1.882	1.765	1
1270	1.961	1.706	1.902	1.843	1
1271	2.0	1.784	1.941	1.882	1
1272	2.0	1.706	2.02	1.902	1
1273	2.078	1.725	2.039	1.804	1
1274	2.157	1.725	2.275	1.667	1
1275	2.098	1.569	1.98	1.588	1
1276	2.059	1.588	2.039	1.588	1
1277	2.118	1.686	2.255	1.588	1
1278	2.157	1.667	2.098	1.647	1
1279	2.216	1.863	1.902	1.745	1
1280	2.118	1.863	1.922	1.961	1
1281	2.059	1.902	2.137	2.216	1
1282	2.157	2.0	2.196	2.373	1
1283	2.157	1.961	1.961	2.333	1
1284	1.961	1.784	1.824	2.157	1
1285	1.961	1.961	2.157	2.118	1
1286	1.922	1.98	2.216	2.098	1
1287	1.941	1.863	2.137	2.216	1
1288	2.059	1.922	2.392	2.353	1
1289	2.176	1.98	2.51	2.51	1
1290	2.059	1.824	2.392	2.471	1
1291	1.863	1.667	2.314	2.294	1
1292	2.02	1.706	2.373	2.039	1
1293	2.137	1.667	2.373	1.902	1
1294	2.098	1.804	2.412	1.863	1
1295	2.078	1.902	2.333	1.902	1
1296	2.157	1.863	1.98	1.922	1
1297	2.294	1.902	1.922	2.0	1
1298	2.196	1.745	1.902	2.118	1
1299	2.059	1.804	1.902	2.039	1
1300	1.804	1.765	1.882	1.941	1
1301	2.039	1.863	1.961	2.0	1
1302	2.275	1.98	2.059	2.039	1
1303	2.196	1.804	1.922	1.922	1
1304	1.941	1.431	1.882	1.725	1
1305	2.059	1.392	2.078	1.706	1
1306	2.176	1.49	1.961	1.765	1
1307	2.176	1.529	2.039	1.941	1
1308	2.235	1.471	2.255	1.922	1
1309	2.137	1.588	2.255	1.902	1
1310	2.333	1.431	2.196	1.824	1
1311	2.412	1.275	1.843	1.686	1
1312	1.843	1.569	1.765	1.627	1
1313	1.569	1.824	1.922	1.765	1
1314	1.843	1.706	1.902	1.902	1
1315	2.039	1.431	1.784	1.961	1
1316	2.235	1.588	1.686	1.941	1
1317	2.02	2.196	1.824	2.059	1
1318	1.627	2.588	2.039	2.255	1
1319	1.333	2.49	2.098	2.471	1
1320	1.333	2.333	2.275	2.49	1
1321	1.451	2.118	1.961	2.333	1
1322	1.627	2.02	1.804	2.0	1
1323	1.745	2.196	2.314	1.784	1
1324	1.686	2.529	2.588	1.902	1
1325	1.647	2.627	2.49	2.176	1
1326	1.647	2.431	2.451	2.353	1
1327	1.725	2.255	2.333	2.294	1
1328	1.882	2.059	2.235	2.118	1
1329	1.902	1.941	2.196	1.922	1
1330	2.0	2.0	2.059	1.784	1
1331	1.784	2.039	1.922	1.784	1
1332	1.706	2.196	2.137	1.863	1
1333	1.882	2.471	2.0	2.078	1
1334	1.863	2.412	1.824	2.176	1
1335	1.725	1.941	1.922	2.216	1
1336	1.98	1.922	1.961	2.196	1
1337	2.255	2.02	2.059	2.039	1
1338	2.137	1.922	1.902	1.882	1
1339	1.784	1.667	1.686	1.745	1
1340	1.706	1.961	2.059	1.725	1
1341	2.0	2.216	2.255	1.804	1
1342	2.0	2.235	2.196	1.863	1
1343	1.824	2.235	2.137	1.863	1
1344	1.745	1.98	2.02	1.784	1
1345	1.98	1.745	1.902	1.647	1
1346	2.157	1.824	1.882	1.549	1
1347	2.039	1.941	1.882	1.608	1
1348	2.059	2.02	1.745	1.667	1
1349	2.039	2.02	1.804	1.745	1
1350	1.941	1.98	1.745	1.824	1
1351	1.706	1.706	1.549	1.882	1
1352	1.843	1.725	1.686	1.843	1
1353	1.941	1.745	1.706	1.843	1
1354	1.922	1.745	1.804	1.863	1
1355	1.961	1.804	2.039	1.843	1
1356	2.039	1.784	2.176	1.922	1
1357	2.078	1.667	2.176	1.902	1
1358	2.0	1.49	2.0	1.784	1
1359	1.941	1.529	2.078	1.725	1
1360	2.02	1.549	2.157	1.647	1
1361	2.098	1.412	2.078	1.647	1
1362	2.02	1.529	2.098	1.745	1
1363	2.275	1.941	2.255	1.961	1
1364	2.255	1.843	2.039	2.078	1
1365	1.941	1.569	1.804	1.941	1
1366	1.941	1.588	1.667	1.686	1
1367	2.0	1.765	1.667	1.627	1
1368	1.922	1.667	1.647	1.745	1
1369	1.863	1.608	1.863	2.0	1
1370	2.059	2.02	2.294	2.353	1
1371	2.059	1.941	2.039	2.569	1
1372	1.941	1.863	2.02	2.627	1
1373	1.902	1.725	2.118	2.373	1
1374	1.824	1.647	2.196	1.98	1
1375	1.961	1.784	2.314	1.824	1
1376	2.02	1.706	2.294	1.863	1
1377	2.02	1.745	2.412	2.039	1
1378	2.098	1.902	2.608	2.333	1
1379	2.137	2.039	2.569	2.49	1
1380	2.098	1.961	2.255	2.412	1
1381	2.118	2.0	2.275	2.235	1
1382	2.157	2.02	2.314	2.137	1
1383	2.157	1.98	2.176	2.02	1
1384	2.098	2.02	1.98	2.02	1
1385	2.137	2.059	2.039	2.078	1
1386	2.216	1.98	1.941	2.176	1
1387	2.216	1.882	1.902	2.196	1
1388	2.157	1.863	2.02	2.137	1
1389	2.216	1.843	2.098	2.039	1
1390	2.157	1.667	2.059	1.882	1
1391	2.176	1.51	2.157	1.725	1
1392	2.235	1.745	2.392	1.725	1
1393	2.059	1.647	2.137	1.784	1
1394	2.059	1.353	2.059	1.804	1
1395	2.49	1.255	1.941	1.745	1
1396	2.471	1.275	1.98	1.647	1
1397	2.118	1.843	2.255	1.667	1
1398	1.863	1.882	1.882	1.765	1
1399	1.608	1.784	1.725	1.902	1
1400	1.275	2.098	2.137	2.137	1
1401	1.725	2.118	2.078	2.255	1
1402	1.98	1.902	1.765	2.118	1
1403	1.765	1.961	1.745	1.902	1
1404	1.686	2.275	1.902	1.824	1
1405	1.608	2.451	2.176	2.02	1
1406	1.569	2.451	2.314	2.216	1
1407	1.549	2.451	2.255	2.392	1
1408	1.49	2.353	2.196	2.353	1
1409	1.608	2.431	2.333	2.196	1
1410	1.647	2.451	2.451	2.0	1
1411	1.667	2.294	2.412	1.863	1
1412	1.706	2.137	2.176	1.765	1
1413	1.922	2.118	2.02	1.765	1
1414	2.235	2.098	2.02	1.804	1
1415	2.176	2.0	2.059	1.863	1
1416	2.078	1.882	1.882	1.863	1
1417	2.0	1.765	1.686	1.784	1
1418	2.039	2.0	1.745	1.804	1
1419	1.706	2.196	1.843	1.961	1
1420	1.451	2.02	1.882	2.137	1
1421	1.765	1.882	1.765	2.157	1
1422	2.137	1.804	1.745	2.02	1
1423	2.196	1.627	1.765	1.902	1
1424	1.961	1.627	1.98	1.843	1
1425	1.824	1.686	2.176	1.882	1
1426	1.765	1.725	2.294	1.902	1
1427	1.824	1.765	2.118	1.902	1
1428	1.922	2.0	2.039	1.882	1
1429	1.843	2.039	2.176	1.863	1
1430	1.941	1.902	2.196	1.824	1
1431	1.863	1.667	1.804	1.667	1
1432	1.765	1.647	1.725	1.627	1
1433	2.0	2.02	1.941	1.784	1
1434	2.039	2.235	2.098	1.98	1
1435	1.98	2.176	1.902	2.078	1
1436	1.843	1.784	1.627	1.922	1
1437	1.882	1.902	1.824	1.824	1
1438	2.02	1.961	1.922	1.961	1
1439	2.02	1.902	1.667	1.98	1
1440	1.824	1.686	1.471	1.765	1
1441	1.569	1.451	1.745	1.569	1
1442	2.02	1.941	2.451	1.569	1
1443	2.314	2.078	2.51	1.784	1
1444	2.235	1.922	2.275	2.059	1
1445	2.157	1.686	2.098	2.098	1
1446	2.137	1.667	2.098	2.039	1
1447	2.059	1.627	2.039	1.902	1
1448	2.137	1.765	2.157	1.843	1
1449	2.176	1.902	2.275	1.765	1
1450	2.196	2.078	2.157	1.902	1
1451	1.961	1.922	1.902	2.02	1
1452	2.078	1.961	1.922	2.118	1
1453	2.059	1.902	1.941	2.137	1
1454	1.863	1.765	1.882	2.078	1
1455	2.059	1.98	2.078	2.137	1
1456	2.137	2.059	2.275	2.196	1
1457	1.98	1.765	2.157	2.059	1
1458	1.686	1.373	1.765	1.902	1
1459	1.922	1.588	2.157	1.824	1
1460	2.137	1.863	2.392	1.882	1
1461	1.941	1.49	2.098	1.902	1
1462	1.882	1.255	2.039	1.804	1
1463	2.059	1.451	2.118	1.667	1
1464	2.235	1.686	2.216	1.706	1
1465	2.137	1.549	2.118	1.804	1
1466	2.039	1.549	2.118	1.941	1
1467	2.098	1.706	1.961	2.098	1
1468	2.078	1.765	1.804	2.196	1
1469	1.882	2.078	2.02	2.235	1
1470	1.686	2.02	2.118	2.216	1
1471	1.824	1.765	2.0	2.137	1
1472	2.039	1.843	1.98	2.098	1
1473	2.118	1.98	2.098	2.216	1
1474	1.98	2.059	2.196	2.294	1
1475	1.902	2.02	2.333	2.392	1
1476	1.902	1.961	2.373	2.392	1
1477	2.039	1.902	2.431	2.216	1
1478	2.078	1.804	2.412	2.02	1
1479	2.039	1.765	2.176	1.824	1
1480	2.235	1.824	2.216	1.804	1
1481	2.353	1.706	2.059	1.784	1
1482	2.333	1.608	1.882	1.725	1
1483	2.137	1.725	2.0	1.725	1
1484	2.02	2.059	2.196	1.941	1
1485	1.843	1.98	2.137	2.196	1
1486	1.863	1.843	1.765	2.176	1
1487	1.961	2.059	1.765	2.059	1
1488	1.98	2.294	1.824	2.02	1
1489	2.02	2.078	1.843	1.961	1
1490	1.98	2.157	2.02	1.98	1
1491	1.922	2.078	2.039	1.922	1
1492	1.706	2.039	1.98	1.902	1
1493	1.608	2.235	2.255	1.902	1
1494	1.608	2.431	2.51	2.059	1
1495	1.686	2.353	2.353	2.137	1
1496	1.667	2.039	2.098	2.039	1
1497	1.667	2.098	2.216	1.922	1
1498	1.765	2.373	2.431	1.922	1
1499	1.824	2.275	2.294	1.961	1
1500	1.784	2.176	2.098	1.922	1
1501	1.863	2.078	1.902	1.902	1
1502	1.765	1.98	1.784	1.882	1
1503	1.863	2.078	1.882	1.922	1
1504	1.961	2.235	1.961	2.039	1
1505	1.961	2.118	2.0	2.118	1
1506	1.902	1.98	1.902	2.196	1
1507	1.98	2.039	1.941	2.216	1
1508	2.137	1.941	2.098	2.118	1
1509	1.922	1.686	1.98	1.902	1
1510	1.98	1.686	2.0	1.706	1
1511	1.941	1.882	2.098	1.706	1
1512	1.902	1.765	2.137	1.804	1
1513	2.098	1.804	2.235	1.863	1
1514	2.196	1.863	2.118	1.863	1
1515	2.098	1.686	1.98	1.745	1
1516	2.039	1.627	1.922	1.588	1
1517	1.941	1.686	1.804	1.451	1
1518	2.0	1.706	1.608	1.51	1
1519	1.961	1.745	1.627	1.667	1
1520	1.882	1.784	1.569	1.882	1
1521	1.804	1.804	1.569	1.902	1
1522	1.765	1.627	1.451	1.784	1
1523	1.843	1.706	1.725	1.725	1
1524	1.922	1.961	1.98	1.804	1
1525	1.961	1.804	1.745	1.843	1
1526	1.941	1.686	1.863	1.902	1
1527	1.922	1.588	1.902	1.922	1
1528	1.902	1.549	2.078	1.882	1
1529	1.922	1.686	2.275	1.863	1
1530	2.059	1.667	2.059	1.784	1
1531	2.039	1.725	2.176	1.804	1
1532	2.0	1.922	2.392	1.902	1
1533	2.098	1.843	2.216	1.961	1
1534	2.059	1.882	1.961	2.039	1
1535	2.176	2.0	2.059	2.196	1
1536	2.118	2.137	2.235	2.373	1
1537	2.078	2.078	2.118	2.373	1
1538	1.941	2.039	2.0	2.314	1
1539	1.902	2.157	2.176	2.275	1
1540	1.98	2.157	2.275	2.314	1
1541	1.98	2.118	2.137	2.294	1
1542	1.941	2.0	2.118	2.255	1
1543	2.059	1.98	2.235	2.216	1
1544	2.078	1.902	2.353	2.196	1
1545	2.098	1.922	2.431	2.235	1
1546	1.961	1.765	2.255	2.157	1
1547	2.078	1.902	2.431	2.039	1
1548	2.137	1.902	2.275	1.902	1
1549	1.98	1.686	2.176	1.686	1
1550	2.176	1.745	2.059	1.627	1
1551	1.98	1.706	1.824	1.608	1
1552	1.863	1.686	1.765	1.765	1
1553	1.98	1.725	1.863	2.0	1
1554	2.02	1.902	1.941	2.118	1
1555	1.667	1.745	1.686	2.02	1
1556	1.569	1.549	1.706	1.745	1
1557	1.824	1.51	1.667	1.647	1
1558	1.863	1.627	1.882	1.725	1
1559	1.902	1.529	1.941	1.941	1
1560	1.725	1.451	1.902	2.02	1
1561	1.804	1.549	1.98	2.0	1
1562	1.902	1.51	2.059	1.902	1
1563	1.961	1.471	2.118	1.765	1
1564	1.863	1.588	2.275	1.784	1
1565	1.843	1.608	2.333	1.843	1
1566	2.176	1.549	2.157	1.922	1
1567	2.333	1.765	2.118	1.902	1
1568	2.157	1.882	2.098	1.922	1
1569	2.078	1.843	1.941	1.902	1
1570	2.176	1.98	1.961	1.961	1
1571	2.176	2.118	1.961	2.02	1
1572	2.02	2.137	2.02	2.118	1
1573	1.902	2.137	2.118	2.216	1
1574	2.235	2.216	2.137	2.216	1
1575	2.275	2.157	1.98	2.176	1
1576	2.0	2.235	2.137	2.059	1
1577	1.961	2.216	2.333	2.059	1
1578	2.255	2.0	2.333	2.0	1
1579	2.373	1.961	2.216	1.882	1
1580	2.059	1.902	2.157	1.804	1
1581	1.843	2.039	2.118	1.824	1
1582	2.098	2.0	2.157	1.902	1
1583	2.314	2.0	2.078	1.882	1
1584	2.039	2.176	2.098	1.882	1
1585	1.471	2.51	2.294	2.0	1
1586	1.627	2.49	2.275	2.157	1
1587	1.863	2.137	1.765	2.118	1
1588	1.922	2.059	1.647	1.98	1
1589	1.863	2.255	1.804	1.882	1
1590	1.765	2.451	1.922	1.922	1
1591	1.647	2.353	1.902	2.039	1
1592	1.549	2.275	1.843	2.137	1
1593	1.549	2.196	2.039	2.176	1
1594	1.627	2.118	2.118	2.137	1
1595	1.667	1.941	2.157	2.039	1
1596	1.647	1.922	2.196	1.98	1
1597	1.765	1.961	2.255	1.922	1
1598	1.863	1.902	2.314	1.843	1
1599	1.824	1.745	2.216	1.706	1
1600	1.765	1.627	2.098	1.627	1
1601	2.02	1.686	1.98	1.667	1
1602	2.098	1.706	1.765	1.745	1
1603	1.922	1.549	1.686	1.804	1
1604	1.902	1.608	1.804	1.863	1
1605	1.98	1.941	1.941	1.902	1
1606	2.02	1.922	1.706	1.882	1
1607	1.843	1.765	1.824	1.784	1
1608	1.961	1.725	1.843	1.765	1
1609	1.98	1.608	1.863	1.824	1
1610	2.078	1.824	2.059	1.922	1
1611	2.078	1.824	2.118	2.02	1
1612	2.039	1.784	2.118	2.059	1
1613	2.0	1.804	2.137	2.0	1
1614	2.059	1.863	2.294	1.843	1
1615	2.039	1.706	2.098	1.667	1
1616	2.059	1.745	2.216	1.647	1
1617	2.157	1.784	2.235	1.804	1
1618	2.078	1.882	2.137	1.941	1
1619	2.078	2.02	2.078	2.078	1
1620	2.098	1.941	2.059	2.118	1
1621	2.039	1.98	2.039	2.176	1
1622	1.882	1.902	1.824	2.118	1
1623	1.824	1.784	1.706	2.059	1
1624	1.863	1.784	1.725	2.0	1
1625	1.902	1.765	1.843	1.941	1
1626	1.804	1.647	1.784	1.902	1
1627	1.706	1.647	1.941	1.922	1
1628	2.0	1.863	2.431	2.157	1
1629	2.118	1.882	2.51	2.392	1
1630	2.039	1.686	2.314	2.412	1
1631	1.98	1.373	2.0	2.157	1
1632	1.941	1.314	2.137	1.804	1
1633	1.961	1.412	2.216	1.667	1
1634	2.02	1.569	2.078	1.686	1
1635	2.098	1.765	2.235	1.863	1
1636	2.216	2.098	2.294	2.078	1
1637	2.157	2.098	2.078	2.255	1
1638	2.078	1.922	1.961	2.333	1
1639	2.098	1.863	2.02	2.294	1
1640	2.078	1.922	2.039	2.255	1
1641	2.039	1.941	2.0	2.118	1
1642	2.118	2.078	2.02	2.098	1
1643	2.059	2.176	2.078	2.118	1
1644	2.078	2.275	2.196	2.196	1
1645	2.02	2.333	2.216	2.235	1
1646	1.863	2.216	2.255	2.176	1
1647	1.922	2.078	2.353	2.059	1
1648	2.118	2.0	2.275	1.941	1
1649	2.137	1.804	2.118	1.765	1
1650	2.039	1.765	2.235	1.725	1
1651	2.176	1.863	2.176	1.725	1
1652	2.275	1.882	2.098	1.804	1
1653	2.294	1.98	1.98	1.863	1
1654	2.118	1.98	1.961	1.902	1
1655	2.059	1.941	1.922	1.824	1
1656	2.0	1.804	1.765	1.784	1
1657	1.882	2.078	1.863	1.902	1
1658	1.686	2.255	2.039	2.098	1
1659	1.745	2.0	2.02	2.235	1
1660	2.039	1.667	1.863	2.157	1
1661	2.176	1.745	1.863	1.961	1
1662	2.078	1.804	1.882	1.745	1
1663	1.941	1.784	2.0	1.667	1
1664	1.902	1.824	2.176	1.725	1
1665	1.961	1.882	2.235	1.804	1
1666	2.0	1.922	2.137	1.843	1
1667	1.608	1.824	2.098	1.824	1
1668	1.627	1.882	2.216	1.882	1
1669	1.961	1.961	2.118	1.902	1
1670	2.098	1.882	1.941	1.902	1
1671	1.843	1.922	1.824	1.843	1
1672	1.608	1.922	1.784	1.824	1
1673	1.667	1.882	1.706	1.804	1
1674	1.765	1.882	1.667	1.863	1
1675	1.765	2.02	1.686	1.922	1
1676	1.667	2.118	1.804	1.961	1
1677	1.627	2.059	1.824	1.98	1
1678	1.627	1.922	1.98	2.039	1
1679	1.725	1.843	2.059	2.039	1
1680	1.667	1.765	2.118	1.98	1
1681	1.824	1.882	2.275	2.0	1
1682	1.941	2.0	2.314	1.98	1
1683	1.902	1.882	2.196	1.824	1
1684	1.804	1.882	2.137	1.667	1
1685	1.824	1.804	2.078	1.588	1
1686	1.941	1.902	2.098	1.745	1
1687	2.0	1.922	2.059	2.059	1
1688	2.039	1.902	2.0	2.216	1
1689	2.02	2.059	1.941	2.176	1
1690	1.922	2.078	1.725	1.98	1
1691	1.902	2.078	1.922	1.804	1
1692	2.0	2.039	2.039	1.824	1
1693	2.098	2.176	2.176	1.98	1
1694	2.078	2.02	2.078	2.196	1
1695	1.902	1.902	2.02	2.294	1
1696	1.961	1.902	2.137	2.333	1
1697	2.059	1.863	2.255	2.137	1
1698	2.118	1.922	2.235	1.941	1
1699	2.098	1.706	2.216	1.706	1
1700	2.098	1.745	2.314	1.627	1
1701	2.059	1.804	2.275	1.725	1
1702	2.078	1.745	2.216	1.922	1
1703	2.137	1.745	2.137	2.039	1
1704	2.157	1.804	1.98	2.02	1
1705	2.098	1.824	1.98	1.922	1
1706	2.098	1.882	1.98	1.843	1
1707	2.157	1.961	2.0	1.941	1
1708	2.039	1.882	1.902	2.078	1
1709	1.843	1.824	1.882	2.157	1
1710	1.902	1.863	1.804	2.098	1
1711	1.922	1.882	1.824	2.0	1
1712	1.922	1.863	2.02	2.02	1
1713	2.0	1.882	2.157	2.059	1
1714	1.961	1.686	2.02	2.0	1
1715	1.961	1.667	2.157	1.922	1
1716	2.039	1.706	2.255	1.902	1
1717	2.118	1.725	2.294	1.922	1
1718	2.078	1.706	2.196	1.922	1
1719	1.941	1.686	2.176	1.941	1
1720	2.0	1.725	2.098	1.941	1
1721	2.078	1.725	1.863	1.941	1
1722	2.039	1.725	1.765	1.863	1
1723	1.941	1.686	1.804	1.863	1
1724	1.98	1.765	1.784	1.882	1
1725	1.922	1.745	1.765	2.0	1
1726	1.804	1.667	1.765	2.098	1
1727	1.784	1.569	1.804	2.118	1
1728	1.745	1.667	1.882	2.118	1
1729	2.02	1.902	2.059	2.118	1
1730	2.118	1.686	2.059	2.059	1
1731	2.02	1.569	2.157	1.882	1
1732	2.078	1.608	2.176	1.804	1
1733	2.039	1.333	1.98	1.725	1
1734	2.039	1.451	2.039	1.745	1
1735	2.098	1.745	2.314	1.863	1
1736	1.882	1.961	2.275	1.961	1
1737	1.765	2.059	2.196	2.059	1
1738	2.039	2.157	2.157	2.078	1
1739	2.098	2.216	2.02	2.02	1
1740	2.02	2.118	1.922	1.922	1
1741	2.059	2.157	1.902	1.902	1
1742	1.902	2.353	2.0	1.98	1
1743	1.784	2.412	2.039	2.137	1
1744	1.765	2.431	2.02	2.255	1
1745	1.745	2.412	2.098	2.235	1
1746	1.745	2.412	2.176	2.275	1
1747	1.784	2.412	2.294	2.216	1
1748	1.824	2.275	2.294	2.098	1
1749	1.824	2.235	2.353	2.02	1
1750	1.843	2.118	2.294	1.902	1
1751	1.863	2.0	2.176	1.804	1
1752	1.922	2.02	2.275	1.804	1
1753	1.961	2.02	2.196	1.882	1
1754	1.922	1.98	2.098	1.882	1
1755	2.078	2.0	2.059	1.882	1
1756	2.078	1.922	1.804	1.843	1
1757	1.961	1.784	1.765	1.784	1
1758	1.961	1.843	1.824	1.843	1
1759	2.0	1.824	1.824	1.902	1
1760	2.02	1.745	1.804	1.922	1
1761	1.961	1.824	1.882	2.0	1
1762	1.922	1.863	1.922	2.02	1
1763	1.843	1.706	1.804	2.0	1
1764	1.961	1.569	1.843	1.902	1
1765	1.922	1.627	2.098	1.804	1
1766	1.961	1.765	2.333	1.784	1
1767	2.137	1.588	2.235	1.843	1
1768	2.059	1.569	2.118	1.824	1
1769	2.0	1.706	2.137	1.824	1
1770	1.98	1.824	2.137	1.804	1
1771	1.902	1.882	2.078	1.784	1
1772	1.961	1.922	2.039	1.784	1
1773	1.941	1.902	1.941	1.863	1
1774	1.902	1.922	1.902	1.941	1
1775	1.902	2.059	1.902	2.02	1
1776	1.961	2.078	1.922	2.078	1
1777	1.922	2.02	1.922	2.098	1
1778	1.863	2.039	1.922	2.078	1
1779	1.863	2.039	2.039	2.039	1
1780	1.902	1.98	2.098	2.059	1
1781	1.961	1.961	2.137	2.059	1
1782	2.02	1.882	2.118	1.961	1
1783	2.0	1.804	2.176	1.902	1
1784	1.98	1.745	2.235	1.843	1
1785	2.059	1.765	2.255	1.804	1
1786	2.039	1.804	2.196	1.882	1
1787	2.0	1.765	2.098	1.902	1
1788	2.039	1.804	2.078	1.922	1
1789	2.118	1.843	2.059	1.882	1
1790	2.059	1.863	1.882	1.843	1
1791	1.98	1.882	1.882	1.902	1
1792	1.98	1.902	1.863	2.059	1
1793	1.922	1.922	1.804	2.157	1
1794	1.902	1.941	1.902	2.176	1
1795	1.922	1.863	1.863	2.098	1
1796	1.941	1.882	1.902	2.02	1
1797	1.941	1.922	2.078	2.02	1
1798	1.941	1.863	2.176	2.078	1
1799	1.902	1.745	2.137	2.118	1
1800	1.941	1.745	2.176	2.098	1
1801	2.039	1.765	2.275	2.0	1
1802	2.039	1.765	2.294	1.882	1
1803	2.039	1.765	2.255	1.784	1
1804	2.039	1.784	2.176	1.765	1
1805	2.059	1.863	2.098	1.784	1
1806	2.059	1.863	2.078	1.824	1
1807	2.02	1.882	1.941	1.902	1
1808	1.941	1.941	1.961	2.02	1
1809	1.941	1.961	1.863	2.078	1
1810	1.902	1.922	1.824	2.039	1
1811	1.902	1.961	1.863	2.0	1
1812	1.902	1.961	1.922	1.98	1
1813	1.882	1.922	1.941	1.98	1
1814	1.863	1.902	1.98	2.0	1
1815	1.882	1.863	2.059	2.059	1
1816	1.902	1.843	2.157	2.039	1
1817	1.961	1.843	2.235	1.98	1
1818	1.98	1.804	2.196	1.922	1
1819	1.961	1.784	2.196	1.843	1
1820	2.0	1.804	2.176	1.863	1
1821	2.0	1.824	2.137	1.863	1
1822	2.02	1.882	2.098	1.863	1
1823	2.02	1.961	2.059	1.882	1
1824	2.039	1.922	1.922	1.922	1
1825	1.941	1.941	1.863	1.922	1
1826	1.941	1.98	1.843	1.98	1
1827	1.902	2.039	1.843	2.02	1
1828	1.902	2.0	1.882	2.078	1
1829	1.902	1.961	1.882	2.098	1
1830	1.882	1.961	1.941	2.02	1
1831	1.902	1.902	2.02	2.02	1
1832	1.863	1.863	2.078	2.039	1
1833	1.922	1.824	2.137	1.961	1
1834	1.941	1.804	2.196	1.941	1
1835	2.0	1.784	2.235	1.843	1
1836	2.0	1.765	2.196	1.843	1
1837	1.98	1.765	2.176	1.824	1
1838	2.02	1.784	2.137	1.824	1
1839	2.02	1.824	2.137	1.863	1
1840	1.98	1.902	2.059	1.863	1
1841	2.0	1.882	1.902	1.902	1
1842	1.941	1.922	1.863	1.922	1
1843	1.961	1.98	1.843	1.961	1
1844	1.922	2.0	1.843	2.02	1
1845	1.902	1.98	1.902	2.039	1
1846	1.882	1.961	1.882	2.059	1
1847	1.882	1.922	1.941	2.02	1
1848	1.922	1.922	2.039	2.059	1
1849	1.941	1.902	2.118	2.039	1
1850	1.941	1.863	2.157	2.0	1
1851	1.961	1.824	2.196	1.922	1
1852	2.0	1.784	2.255	1.902	1
1853	2.0	1.784	2.235	1.843	1
1854	1.98	1.784	2.216	1.843	1
1855	2.0	1.804	2.157	1.843	1
1856	2.039	1.863	2.137	1.843	1
1857	2.039	1.902	2.039	1.863	1
1858	2.0	1.902	1.922	1.902	1
1859	1.961	1.922	1.882	1.941	1
1860	1.961	1.98	1.863	1.98	1
1861	1.941	2.0	1.843	2.02	1
1862	1.902	2.02	1.902	2.059	1
1863	1.902	1.98	1.922	2.078	1
1864	1.882	1.961	1.902	2.078	1
1865	1.941	1.922	1.98	2.02	1
1866	1.922	1.902	2.078	2.0	1
1867	1.941	1.843	2.137	1.941	1
1868	1.941	1.843	2.255	1.941	1
1869	1.961	1.804	2.255	1.922	1
1870	2.02	1.784	2.216	1.882	1
1871	1.98	1.804	2.176	1.824	1
1872	1.98	1.804	2.157	1.824	1
1873	2.0	1.863	2.098	1.843	1
1874	2.039	1.922	2.059	1.843	1
1875	2.02	1.941	1.941	1.902	1
1876	1.98	1.98	1.922	1.941	1
1877	1.98	2.0	1.882	1.98	1
1878	1.922	2.0	1.863	2.039	1
1879	1.882	2.0	1.882	2.039	1
1880	1.902	1.98	1.922	2.078	1
1881	1.882	1.98	1.98	2.059	1
1882	1.941	1.961	2.039	2.059	1
1883	1.882	1.902	2.078	2.039	1
1884	1.922	1.824	2.157	1.98	1
1885	1.961	1.824	2.216	1.961	1
1886	1.98	1.784	2.255	1.902	1
1887	2.039	1.765	2.235	1.863	1
1888	2.02	1.784	2.216	1.824	1
1889	2.059	1.784	2.196	1.843	1
1890	2.0	1.863	2.098	1.843	1
1891	2.0	1.863	2.059	1.882	1
1892	1.98	1.882	1.882	1.902	1
1893	1.961	1.902	1.882	1.922	1
1894	1.961	1.941	1.863	1.98	1
1895	1.941	1.98	1.902	2.059	1
1896	1.941	2.02	1.902	2.098	1
1897	1.902	1.961	1.941	2.078	1
1898	1.902	1.941	1.98	2.078	1
1899	1.882	1.941	2.02	2.039	1
1900	1.902	1.882	2.118	2.039	1
1901	1.941	1.843	2.176	2.02	1
1902	1.98	1.804	2.235	1.961	1
1903	1.98	1.765	2.216	1.922	1
1904	1.961	1.765	2.176	1.843	1
1905	2.039	1.784	2.176	1.843	1
1906	2.02	1.804	2.137	1.863	1
1907	2.039	1.843	2.137	1.824	1
1908	2.039	1.922	2.078	1.882	1
1909	1.98	1.882	1.941	1.902	1
1910	1.922	1.922	1.902	1.941	1
1911	1.941	2.0	1.863	1.961	1
1912	1.961	2.02	1.863	2.039	1
1913	1.922	2.02	1.882	2.078	1
1914	1.941	1.98	1.941	2.078	1
1915	1.922	1.961	1.961	2.059	1
1916	1.902	1.941	2.059	2.078	1
1917	1.941	1.922	2.137	2.039	1
1918	1.922	1.863	2.235	2.0	1
1919	1.961	1.863	2.255	1.961	1
1920	1.98	1.824	2.294	1.902	1
1921	2.02	1.804	2.235	1.843	1
1922	2.02	1.824	2.235	1.863	1
1923	2.02	1.824	2.216	1.882	1
1924	2.0	1.882	2.137	1.882	1
1925	2.0	1.902	2.078	1.882	1
1926	2.0	1.902	1.941	1.902	1
1927	1.922	1.941	1.902	1.922	1
1928	1.941	1.98	1.882	1.961	1
1929	1.941	2.059	1.882	2.059	1
1930	1.902	2.02	1.882	2.078	1
1931	1.863	2.0	1.902	2.078	1
1932	1.843	1.961	1.98	2.098	1
1933	1.863	1.941	2.02	2.059	1
1934	1.902	1.882	2.078	2.039	1
1935	1.961	1.863	2.176	1.98	1
1936	1.961	1.863	2.196	1.941	1
1937	1.961	1.804	2.235	1.882	1
1938	2.02	1.863	2.235	1.843	1
1939	2.02	1.824	2.196	1.824	1
1940	2.039	1.824	2.157	1.843	1
1941	2.039	1.863	2.098	1.882	1
1942	2.059	1.922	2.059	1.902	1
1943	2.059	1.902	1.922	1.902	1
1944	2.02	1.961	1.922	1.961	1
1945	2.02	2.0	1.863	1.961	1
1946	1.941	2.0	1.863	2.0	1
1947	1.941	1.98	1.882	2.059	1
1948	1.941	1.98	1.882	2.059	1
1949	1.961	1.961	1.902	2.059	1
1950	1.941	1.961	2.0	2.059	1
1951	1.98	1.902	2.098	2.039	1
1952	1.961	1.824	2.157	2.0	1
1953	1.98	1.804	2.196	1.922	1
1954	2.02	1.804	2.216	1.902	1
1955	2.02	1.784	2.196	1.843	1
1956	2.02	1.765	2.176	1.863	1
1957	2.02	1.804	2.176	1.843	1
1958	2.039	1.824	2.059	1.843	1
1959	2.0	1.902	2.0	1.882	1
1960	1.98	1.882	1.902	1.902	1
1961	1.941	1.902	1.843	1.941	1
1962	1.922	1.941	1.804	1.961	1
1963	1.902	1.98	1.804	2.02	1
1964	1.882	1.98	1.824	2.059	1
1965	1.863	1.941	1.863	2.078	1
1966	1.863	1.902	1.902	2.078	1
1967	1.882	1.882	1.98	2.02	1
1968	1.882	1.863	2.059	2.02	1
1969	1.882	1.804	2.176	2.0	1
1970	1.882	1.765	2.176	1.961	1
1971	1.941	1.765	2.216	1.882	1
1972	2.0	1.745	2.196	1.882	1
1973	2.0	1.784	2.196	1.824	1
1974	1.98	1.765	2.176	1.843	1
1975	1.98	1.804	2.118	1.843	1
1976	2.0	1.843	2.078	1.863	1
1977	1.98	1.843	1.941	1.882	1
1978	1.922	1.902	1.922	1.902	1
1979	1.922	1.941	1.882	1.961	1
1980	1.922	1.961	1.882	2.02	1
1981	1.922	1.98	1.922	2.098	1
1982	1.902	1.961	1.941	2.078	1
1983	1.922	1.941	2.0	2.039	1
1984	1.882	1.902	2.039	2.078	1
1985	1.922	1.882	2.157	2.02	1
1986	1.941	1.824	2.196	1.98	1
1987	1.961	1.804	2.235	1.922	1
1988	1.98	1.765	2.275	1.882	1
1989	2.02	1.765	2.235	1.863	1
1990	2.02	1.784	2.196	1.863	1
1991	2.02	1.804	2.176	1.863	1
1992	2.039	1.804	2.176	1.882	1
1993	2.039	1.922	2.098	1.882	1
1994	2.0	1.882	1.941	1.882	1
1995	1.98	1.902	1.902	1.922	1
1996	1.941	1.961	1.863	1.98	1
1997	1.922	1.98	1.863	2.02	1
1998	1.902	1.961	1.863	2.059	1
1999	1.922	1.961	1.863	2.059	1
