time	channel1	channel2	channel3	channel4	class
0	1.941	1.667	2.059	1.843	0
1	1.922	1.667	2.039	1.863	0
2	1.98	1.686	2.059	1.902	0
3	2.02	1.784	2.078	1.941	0
4	1.843	2.02	2.118	2.039	0
5	1.784	2.0	2.098	2.098	0
6	1.843	2.0	2.039	2.078	0
7	1.941	1.863	1.98	1.922	0
8	2.059	1.941	1.98	1.824	0
9	2.098	1.882	1.941	1.745	0
10	2.118	1.941	2.02	1.804	0
11	2.059	1.98	2.059	1.922	0
12	2.02	1.98	2.059	2.039	0
13	1.843	2.118	2.157	2.118	0
14	1.804	2.02	2.176	2.176	0
15	1.882	1.706	1.98	2.078	0
16	1.941	1.588	1.98	1.882	0
17	1.961	1.608	2.039	1.784	0
18	1.922	1.706	2.059	1.784	0
19	1.98	1.667	2.039	1.882	0
20	1.941	1.745	2.039	1.961	0
21	1.843	2.0	2.118	2.078	0
22	1.784	2.039	2.098	2.118	0
23	1.882	2.039	2.098	2.059	0
24	1.961	1.902	2.02	1.941	0
25	2.039	1.902	1.941	1.804	0
26	2.098	1.843	1.941	1.745	0
27	2.118	1.941	2.02	1.784	0
28	2.059	2.0	2.078	1.882	0
29	2.02	2.02	2.078	2.059	0
30	1.863	2.098	2.137	2.176	0
31	1.843	2.039	2.157	2.216	0
32	1.941	1.745	2.02	2.059	0
33	1.941	1.627	2.02	1.882	0
34	1.98	1.667	2.02	1.804	0
35	1.941	1.706	2.039	1.824	0
36	2.0	1.706	2.039	1.882	0
37	1.98	1.765	2.039	1.961	0
38	1.843	1.98	2.118	2.039	0
39	1.804	2.059	2.098	2.098	0
40	1.882	2.078	2.059	2.078	0
41	1.961	1.922	2.0	1.98	0
42	2.059	1.961	2.0	1.843	0
43	2.157	1.941	2.0	1.745	0
44	2.137	1.98	2.039	1.804	0
45	2.039	1.961	2.02	1.941	0
46	2.02	2.039	2.078	2.078	0
47	1.882	2.137	2.157	2.176	0
48	1.824	2.078	2.157	2.176	0
49	1.922	1.784	2.039	2.059	0
50	1.941	1.647	2.02	1.922	0
51	1.98	1.686	2.059	1.843	0
52	1.941	1.725	2.059	1.863	0
53	2.0	1.667	2.02	1.902	0
54	2.02	1.804	2.098	1.98	0
55	1.902	2.039	2.118	2.098	0
56	1.784	2.0	2.059	2.118	0
57	1.882	2.039	2.059	2.078	0
58	2.0	1.882	1.98	1.902	0
59	2.078	1.961	2.02	1.804	0
60	2.157	1.882	2.0	1.804	0
61	2.137	1.902	2.0	1.863	0
62	2.098	1.961	1.98	1.922	0
63	2.059	2.0	2.02	2.02	0
64	1.902	2.098	2.137	2.137	0
65	1.824	2.0	2.157	2.157	0
66	1.941	1.725	2.039	2.098	0
67	1.98	1.627	2.0	1.922	0
68	2.0	1.647	2.02	1.843	0
69	1.961	1.686	2.02	1.843	0
70	2.0	1.647	2.02	1.902	0
71	2.02	1.725	2.02	1.961	0
72	1.902	1.98	2.098	2.039	0
73	1.824	2.059	2.078	2.098	0
74	1.902	2.039	2.098	2.059	0
75	1.98	1.902	1.98	1.961	0
76	2.078	1.941	1.98	1.863	0
77	2.137	1.882	1.961	1.804	0
78	2.137	1.922	1.98	1.824	0
79	2.059	1.961	2.02	1.902	0
80	2.039	2.0	2.078	2.02	0
81	1.902	2.118	2.137	2.118	0
82	1.843	2.039	2.137	2.196	0
83	1.941	1.725	2.0	2.039	0
84	1.941	1.608	2.0	1.922	0
85	2.0	1.647	2.039	1.843	0
86	1.98	1.686	2.039	1.863	0
87	2.0	1.686	2.039	1.882	0
88	2.0	1.725	2.059	1.922	0
89	1.863	1.941	2.02	2.0	0
90	1.784	2.0	2.039	2.039	0
91	1.882	2.02	2.078	2.039	0
92	1.961	1.922	2.02	1.961	0
93	2.039	1.941	2.02	1.863	0
94	2.137	1.902	2.0	1.804	0
95	2.196	1.941	2.0	1.824	0
96	2.02	1.941	2.0	1.882	0
97	2.0	1.98	2.078	2.0	0
98	1.902	2.098	2.118	2.137	0
99	1.824	2.039	2.137	2.157	0
100	1.922	1.745	2.02	2.059	0
101	1.922	1.627	2.0	1.922	0
102	1.961	1.667	2.039	1.843	0
103	1.922	1.667	2.039	1.843	0
104	1.98	1.647	2.02	1.843	0
105	2.0	1.765	2.059	1.922	0
106	1.863	2.02	2.098	2.039	0
107	1.824	2.039	2.078	2.118	0
108	1.882	2.059	2.078	2.098	0
109	1.902	1.882	1.961	1.941	0
110	2.02	1.961	2.0	1.804	0
111	2.098	1.902	2.02	1.784	0
112	2.118	1.922	2.0	1.824	0
113	2.078	2.0	2.039	1.902	0
114	2.059	2.0	2.039	2.0	0
115	1.863	2.118	2.118	2.078	0
116	1.784	2.039	2.157	2.157	0
117	1.902	1.706	2.0	2.078	0
118	1.941	1.608	2.0	1.922	0
119	1.98	1.686	2.059	1.824	0
120	1.961	1.725	2.078	1.804	0
121	1.98	1.686	2.02	1.902	0
122	2.0	1.745	2.039	1.941	0
123	1.843	1.941	2.059	2.039	0
124	1.765	2.039	2.059	2.078	0
125	1.863	2.059	2.118	2.02	0
126	1.961	1.961	2.039	1.961	0
127	2.078	1.961	1.98	1.863	0
128	2.137	1.882	1.961	1.784	0
129	2.137	1.941	2.0	1.784	0
130	2.039	2.0	2.059	1.843	0
131	2.02	2.039	2.098	1.98	0
132	1.922	2.137	2.157	2.118	0
133	1.824	2.098	2.176	2.196	0
134	1.882	1.784	2.059	2.098	0
135	1.941	1.627	2.02	1.922	0
136	1.98	1.686	2.078	1.824	0
137	2.0	1.706	2.039	1.784	0
138	2.0	1.686	2.02	1.843	0
139	2.0	1.765	2.078	1.922	0
140	1.902	2.0	2.118	2.02	0
141	1.804	2.039	2.078	2.078	0
142	1.863	2.02	2.039	2.059	0
143	1.941	1.902	2.0	1.941	0
144	2.059	1.961	2.0	1.843	0
145	2.118	1.882	1.961	1.745	0
146	2.157	1.941	2.02	1.784	0
147	2.059	2.02	2.039	1.882	0
148	2.039	2.039	2.118	2.02	0
149	1.882	2.118	2.137	2.157	0
150	1.784	2.02	2.118	2.157	0
151	1.902	1.765	2.02	2.059	0
152	1.941	1.667	2.0	1.902	0
153	1.941	1.667	2.059	1.824	0
154	1.941	1.745	2.078	1.824	0
155	1.98	1.725	2.059	1.863	0
156	1.961	1.804	2.098	1.961	0
157	1.824	2.02	2.137	2.098	0
158	1.765	2.078	2.078	2.176	0
159	1.882	2.078	2.078	2.059	0
160	1.941	1.941	2.0	1.922	0
161	2.02	2.02	2.039	1.824	0
162	2.118	1.961	2.039	1.784	0
163	2.118	1.922	2.0	1.843	0
164	2.039	1.98	2.02	1.922	0
165	2.039	2.02	2.098	2.02	0
166	1.882	2.137	2.157	2.118	0
167	1.804	2.059	2.157	2.176	0
168	1.882	1.725	2.02	2.078	0
169	1.941	1.627	2.0	1.922	0
170	1.961	1.667	2.059	1.824	0
171	1.961	1.667	2.059	1.804	0
172	2.0	1.667	2.02	1.902	0
173	1.98	1.725	2.059	1.961	0
174	1.902	1.961	2.098	2.039	0
175	1.804	2.039	2.078	2.098	0
176	1.863	2.0	2.078	2.039	0
177	1.922	1.863	1.98	1.961	0
178	2.059	1.941	2.0	1.843	0
179	2.137	1.902	1.98	1.784	0
180	2.137	1.902	2.039	1.804	0
181	2.078	1.941	2.039	1.882	0
182	2.078	2.0	2.059	1.98	0
183	1.922	2.078	2.118	2.137	0
184	1.804	2.039	2.137	2.176	0
185	1.902	1.745	2.059	2.078	0
186	1.98	1.608	2.02	1.922	0
187	1.98	1.627	2.039	1.824	0
188	1.941	1.647	2.039	1.804	0
189	1.98	1.667	2.059	1.863	0
190	2.0	1.706	2.02	1.961	0
191	1.902	1.941	2.078	2.039	0
192	1.784	2.039	2.059	2.059	0
193	1.882	2.039	2.098	2.039	0
194	1.941	1.902	2.02	1.961	0
195	2.059	1.922	1.98	1.863	0
196	2.098	1.863	1.961	1.745	0
197	2.176	1.882	2.0	1.765	0
198	2.078	1.961	2.0	1.863	0
199	2.02	1.961	2.059	1.98	0
200	1.882	2.059	2.118	2.157	0
201	1.804	2.039	2.137	2.157	0
202	1.902	1.765	2.039	2.078	0
203	1.922	1.608	2.0	1.941	0
204	1.961	1.647	2.039	1.843	0
205	1.961	1.686	2.039	1.784	0
206	2.02	1.647	2.02	1.843	0
207	1.98	1.765	2.078	1.922	0
208	1.882	1.961	2.118	2.039	0
209	1.784	2.059	2.078	2.137	0
210	1.863	2.02	2.059	2.078	0
211	1.941	1.902	1.98	1.941	0
212	2.039	1.961	2.0	1.824	0
213	2.118	1.941	2.0	1.765	0
214	2.137	1.922	2.0	1.804	0
215	2.078	2.0	2.02	1.882	0
216	2.059	2.02	2.078	2.02	0
217	1.902	2.137	2.157	2.118	0
218	1.824	2.059	2.118	2.196	0
219	1.902	1.765	2.0	2.098	0
220	1.98	1.627	2.0	1.922	0
221	1.98	1.706	2.039	1.824	0
222	1.961	1.706	2.059	1.804	0
223	1.961	1.647	1.98	1.882	0
224	1.98	1.725	2.039	1.922	0
225	1.941	1.98	2.098	2.02	0
226	1.824	2.059	2.078	2.098	0
227	1.863	1.98	2.039	2.078	0
228	1.941	1.863	1.941	1.961	0
229	2.078	1.902	1.941	1.843	0
230	2.118	1.882	1.961	1.745	0
231	2.176	1.882	2.02	1.765	0
232	2.078	1.941	2.0	1.863	0
233	2.059	2.0	2.02	1.961	0
234	1.902	2.078	2.078	2.118	0
235	1.804	2.078	2.137	2.216	0
236	1.863	1.784	2.078	2.118	0
237	1.922	1.627	2.02	1.961	0
238	1.961	1.627	2.0	1.824	0
239	1.941	1.667	2.02	1.804	0
240	1.961	1.686	2.039	1.863	0
241	1.98	1.784	2.059	1.961	0
242	1.882	2.0	2.098	2.039	0
243	1.804	2.078	2.098	2.098	0
244	1.843	2.137	2.098	2.098	0
245	1.902	1.98	2.039	2.0	0
246	1.98	1.961	1.98	1.902	0
247	2.0	1.902	1.98	1.804	0
248	2.137	1.98	2.02	1.804	0
249	2.059	2.02	2.039	1.882	0
250	2.0	1.98	2.098	2.0	0
251	1.882	2.118	2.137	2.118	0
252	1.804	2.078	2.137	2.157	0
253	1.863	1.804	2.059	2.078	0
254	1.922	1.627	2.02	1.941	0
255	1.98	1.686	2.059	1.863	0
256	1.922	1.667	2.02	1.804	0
257	1.961	1.627	2.02	1.843	0
258	1.961	1.725	2.039	1.882	0
259	1.882	1.922	2.118	2.02	0
260	1.784	2.02	2.078	2.118	0
261	1.863	2.0	2.059	2.078	0
262	1.922	1.902	1.961	1.941	0
263	2.039	1.941	2.02	1.804	0
264	2.118	1.882	2.0	1.765	0
265	2.157	1.882	2.0	1.784	0
266	2.078	1.961	2.0	1.882	0
267	2.059	2.02	2.078	1.98	0
268	1.902	2.078	2.157	2.078	0
269	1.804	2.059	2.157	2.196	0
270	1.902	1.784	2.02	2.118	0
271	1.961	1.608	2.0	1.941	0
272	1.961	1.647	2.039	1.824	0
273	1.961	1.686	2.078	1.784	0
274	2.0	1.647	2.02	1.843	0
275	2.0	1.725	2.039	1.922	0
276	1.902	1.961	2.098	2.039	0
277	1.784	2.059	2.118	2.118	0
278	1.863	2.039	2.078	2.098	0
279	1.941	1.922	1.98	1.961	0
280	2.078	1.941	2.0	1.882	0
281	2.137	1.922	1.98	1.765	0
282	2.157	1.902	2.02	1.765	0
283	2.078	1.98	2.02	1.863	0
284	2.059	2.0	2.059	1.98	0
285	1.922	2.098	2.118	2.118	0
286	1.804	2.059	2.137	2.176	0
287	1.902	1.784	2.039	2.078	0
288	1.961	1.608	1.98	1.902	0
289	1.98	1.667	2.039	1.804	0
290	1.98	1.706	2.039	1.804	0
291	1.98	1.647	2.039	1.882	0
292	2.0	1.706	2.0	1.941	0
293	1.902	1.922	2.078	2.0	0
294	1.824	2.059	2.078	2.078	0
295	1.863	2.039	2.039	2.059	0
296	1.922	1.902	1.98	1.961	0
297	2.059	1.902	1.98	1.843	0
298	2.118	1.863	1.961	1.745	0
299	2.157	1.902	1.98	1.745	0
300	2.078	1.98	2.02	1.863	0
301	2.059	1.961	2.039	2.0	0
302	1.922	2.059	2.078	2.118	0
303	1.843	2.059	2.118	2.176	0
304	1.882	1.843	2.059	2.078	0
305	1.922	1.667	2.039	1.961	0
306	2.0	1.686	2.059	1.882	0
307	1.961	1.647	2.0	1.804	0
308	1.98	1.627	1.98	1.824	0
309	2.0	1.745	2.039	1.882	0
310	1.882	1.961	2.098	2.02	0
311	1.784	2.078	2.098	2.118	0
312	1.902	2.098	2.098	2.118	0
313	1.922	1.98	2.02	2.0	0
314	2.039	1.98	2.02	1.863	0
315	2.098	1.922	1.961	1.804	0
316	2.137	1.922	2.0	1.784	0
317	2.098	2.02	2.039	1.882	0
318	2.098	2.02	2.078	1.98	0
319	1.922	2.098	2.098	2.078	0
320	1.765	2.098	2.157	2.176	0
321	1.824	1.804	2.02	2.137	0
322	1.902	1.608	1.98	1.98	0
323	1.961	1.686	2.02	1.863	0
324	1.902	1.686	2.059	1.843	0
325	1.961	1.647	2.039	1.882	0
326	2.0	1.725	2.059	1.922	0
327	1.98	2.0	2.118	2.02	0
328	1.863	2.078	2.098	2.078	0
329	1.824	1.98	2.0	2.059	0
330	1.804	1.843	1.922	1.941	0
331	1.922	1.863	1.941	1.863	0
332	1.98	1.843	1.902	1.745	0
333	2.078	1.863	1.98	1.765	0
334	2.137	1.98	2.02	1.863	0
335	2.137	2.059	2.078	2.0	0
336	1.922	2.059	2.118	2.137	0
337	1.804	2.02	2.137	2.176	0
338	1.902	1.804	2.0	2.118	0
339	1.922	1.608	1.941	1.902	0
340	1.882	1.647	2.0	1.765	0
341	1.804	1.686	1.961	1.765	0
342	1.745	1.569	1.882	1.843	0
343	1.647	1.588	1.843	1.961	0
344	1.647	1.804	1.941	2.02	0
345	1.745	2.0	2.039	2.098	0
346	1.863	2.02	2.059	2.137	0
347	1.922	1.922	1.98	1.98	0
348	2.0	2.0	2.059	1.863	0
349	2.039	1.863	1.922	1.765	0
350	2.039	1.863	1.882	1.745	0
351	1.98	1.961	1.902	1.843	0
352	1.922	1.941	2.118	1.941	0
353	1.667	2.0	2.157	2.118	0
354	1.412	2.02	1.922	2.275	0
355	1.627	1.784	1.902	2.176	0
356	1.98	1.569	1.941	1.961	0
357	2.314	1.843	2.196	1.804	0
358	2.333	1.824	2.078	1.745	0
359	2.176	1.647	2.02	1.824	0
360	2.059	1.784	2.078	1.922	0
361	1.882	2.02	2.118	2.098	0
362	1.902	2.137	2.039	2.157	0
363	1.98	2.098	2.059	2.118	0
364	2.118	2.059	2.0	1.941	0
365	2.118	1.922	1.922	1.706	0
366	2.078	1.902	1.922	1.549	0
367	2.0	1.804	1.863	1.51	0
368	1.882	1.922	1.882	1.725	0
369	1.882	2.0	2.0	2.059	0
370	2.039	2.059	2.02	2.196	0
371	1.725	2.039	1.863	2.216	0
372	1.392	1.588	1.745	1.882	0
373	1.667	1.275	1.706	1.471	0
374	2.137	1.392	1.745	1.255	0
375	1.941	1.608	2.02	1.392	0
376	1.961	1.941	2.216	1.725	0
377	2.118	1.902	2.059	2.039	0
378	1.902	1.941	2.157	2.255	0
379	1.725	1.922	1.961	2.235	0
380	1.686	1.843	1.804	2.0	0
381	1.961	1.804	1.784	1.667	0
382	2.078	1.804	1.882	1.51	0
383	2.137	1.941	1.941	1.49	0
384	2.216	1.961	1.961	1.49	0
385	2.176	2.098	2.078	1.529	0
386	2.157	2.216	2.118	1.765	0
387	1.765	2.216	2.078	2.039	0
388	1.863	2.235	2.176	2.314	0
389	2.078	1.961	2.176	2.392	0
390	2.098	1.725	2.196	2.0	0
391	2.02	1.706	2.098	1.608	0
392	1.961	1.647	1.824	1.392	0
393	1.843	1.608	1.882	1.49	0
394	1.686	1.863	2.059	1.824	0
395	1.804	2.118	2.353	2.157	0
396	1.98	2.314	2.392	2.373	0
397	1.961	2.098	2.216	2.392	0
398	1.902	1.941	2.137	2.216	0
399	2.157	2.078	2.157	1.98	0
400	2.098	2.098	1.941	1.804	0
401	1.451	2.02	1.98	1.824	0
402	1.725	2.059	2.216	2.039	0
403	2.255	2.176	2.314	2.333	0
404	2.333	2.471	2.51	2.608	0
405	2.353	2.529	2.588	2.765	0
406	2.255	2.314	2.431	2.627	0
407	1.941	1.843	2.176	2.333	0
408	1.765	1.706	2.118	2.078	0
409	2.078	1.922	2.255	1.961	0
410	2.275	2.216	2.137	2.039	0
411	2.157	2.059	2.02	2.118	0
412	2.039	2.176	2.039	2.314	0
413	2.059	2.451	2.216	2.353	0
414	2.353	2.647	2.353	2.255	0
415	2.353	2.529	2.196	2.059	0
416	2.255	2.451	2.176	1.961	0
417	2.098	2.294	2.255	2.118	0
418	2.039	2.333	2.118	2.098	0
419	2.176	2.608	1.922	2.02	0
420	1.863	2.412	1.922	2.0	0
421	1.569	2.608	2.059	2.02	0
422	1.412	2.647	2.059	2.137	0
423	1.392	2.333	1.882	2.137	0
424	1.412	2.02	1.824	2.039	0
425	1.765	2.196	1.941	1.941	0
426	1.647	2.353	2.039	1.863	0
427	1.451	2.588	2.02	1.882	0
428	1.255	2.627	1.863	2.039	0
429	1.02	2.608	1.647	2.098	0
430	0.98	2.686	1.549	2.059	0
431	0.98	2.686	1.549	1.922	0
432	1.039	2.686	1.431	1.824	0
433	1.235	2.706	1.333	1.765	0
434	1.255	2.529	1.157	1.706	0
435	1.255	2.529	1.137	1.745	0
436	1.275	2.765	1.157	1.824	0
437	1.235	2.745	1.098	1.922	0
438	1.098	2.824	0.941	2.059	0
439	1.176	2.784	0.863	2.157	0
440	1.255	2.529	0.882	2.118	0
441	1.275	2.196	0.588	1.863	0
442	1.137	2.02	0.431	1.647	0
443	1.176	2.137	0.588	1.647	0
444	1.549	2.157	0.686	1.745	0
445	1.882	2.137	0.667	1.902	0
446	2.137	2.471	0.922	2.078	0
447	1.98	2.549	0.902	2.196	0
448	1.686	2.353	0.745	2.157	0
449	1.686	2.118	0.765	1.902	0
450	1.784	2.02	0.706	1.647	0
451	2.0	2.039	0.824	1.588	0
452	2.667	2.118	1.176	1.667	0
453	3.216	2.176	1.431	1.843	0
454	3.039	1.98	1.588	2.059	0
455	2.804	2.078	1.843	2.157	0
456	2.667	1.98	2.039	2.137	0
457	2.686	1.686	2.157	2.059	0
458	2.98	1.353	2.216	1.882	0
459	3.098	1.275	2.49	1.706	0
460	2.863	1.137	2.588	1.667	0
461	2.902	1.118	2.902	1.765	0
462	3.02	1.137	3.176	1.863	0
463	2.98	1.392	3.255	2.039	0
464	2.882	1.49	3.216	2.118	0
465	2.961	1.314	3.333	2.078	0
466	2.843	1.098	3.431	1.882	0
467	2.882	1.059	3.588	1.686	0
468	2.804	1.039	3.706	1.686	0
469	2.725	0.961	3.725	1.824	0
470	2.647	1.02	3.784	2.02	0
471	2.569	0.961	3.765	2.118	0
472	2.471	1.098	3.824	2.137	0
473	2.314	1.098	3.765	2.137	0
474	2.294	0.784	3.588	2.118	0
475	2.275	0.51	3.431	2.0	0
476	2.353	0.569	3.451	1.863	0
477	2.392	0.725	3.412	1.824	0
478	2.333	0.667	3.275	1.843	0
479	2.431	0.784	3.196	2.0	0
480	2.333	0.941	3.118	2.137	0
481	2.039	0.961	2.922	2.196	0
482	1.922	0.98	2.784	2.118	0
483	1.941	0.941	2.608	1.961	0
484	2.098	0.922	2.549	1.843	0
485	2.235	0.922	2.549	1.784	0
486	2.549	1.176	2.667	1.804	0
487	2.392	1.294	2.608	1.824	0
488	2.02	1.255	2.529	2.0	0
489	1.569	1.373	2.392	2.196	0
490	1.431	1.294	2.235	2.314	0
491	1.569	1.039	2.039	2.176	0
492	1.765	0.941	2.039	1.902	0
493	1.863	1.039	2.157	1.725	0
494	1.824	1.098	2.118	1.706	0
495	1.588	1.02	1.961	1.765	0
496	1.667	1.078	1.922	1.824	0
497	1.745	1.412	2.118	1.98	0
498	1.627	1.588	2.039	2.118	0
499	1.431	1.471	1.902	2.157	0
500	1.353	1.49	1.804	2.039	0
501	1.529	1.608	1.863	1.804	0
502	1.725	1.784	1.902	1.706	0
503	1.765	1.824	1.882	1.784	0
504	1.686	1.863	1.863	1.941	0
505	1.569	1.765	1.765	2.039	0
506	1.549	1.843	1.765	2.118	0
507	1.49	1.941	1.882	2.216	0
508	1.549	1.824	1.843	2.118	0
509	1.569	1.725	1.745	1.961	0
510	1.51	1.765	1.765	1.824	0
511	1.451	1.824	1.804	1.843	0
512	1.431	1.804	1.725	2.02	0
513	1.529	1.922	1.824	2.216	0
514	1.706	2.157	1.784	2.275	0
515	1.647	2.137	1.745	2.196	0
516	1.431	2.059	1.686	2.157	0
517	1.471	2.098	1.627	2.078	0
518	1.647	2.02	1.588	1.961	0
519	1.804	1.98	1.51	1.824	0
520	1.765	1.98	1.608	1.804	0
521	1.686	2.118	1.686	1.961	0
522	1.882	2.059	1.686	2.137	0
523	2.0	2.255	1.804	2.275	0
524	1.98	2.235	1.824	2.275	0
525	1.941	1.961	1.725	2.137	0
526	1.941	1.765	1.686	1.941	0
527	2.02	1.706	1.725	1.824	0
528	2.02	1.745	1.745	1.784	0
529	2.098	1.765	1.784	1.784	0
530	2.137	1.882	1.902	1.902	0
531	2.039	1.98	2.0	2.098	0
532	2.02	2.098	1.961	2.196	0
533	2.196	2.059	1.961	2.059	0
534	2.333	2.157	2.039	1.902	0
535	2.314	2.098	2.039	1.725	0
536	2.176	2.0	1.98	1.627	0
537	2.078	1.824	1.922	1.667	0
538	2.216	1.961	2.118	1.765	0
539	2.373	2.059	2.255	1.902	0
540	2.255	2.275	2.235	2.059	0
541	2.078	2.235	2.314	2.196	0
542	2.078	1.961	2.255	2.137	0
543	2.098	1.627	2.118	1.882	0
544	2.137	1.745	2.333	1.765	0
545	2.157	1.882	2.392	1.765	0
546	2.078	1.804	2.314	1.843	0
547	2.373	1.941	2.373	1.863	0
548	2.451	2.02	2.353	1.882	0
549	2.078	2.157	2.392	1.902	0
550	2.0	2.196	2.412	1.961	0
551	2.0	2.118	2.275	1.98	0
552	2.137	2.078	2.235	1.922	0
553	2.216	2.039	2.255	1.824	0
554	2.275	2.039	2.235	1.804	0
555	2.314	2.196	2.314	1.902	0
556	2.294	2.216	2.333	1.941	0
557	2.176	2.235	2.294	2.02	0
558	2.039	2.235	2.294	2.059	0
559	2.02	1.98	2.235	2.02	0
560	2.0	1.725	2.098	1.961	0
561	2.0	1.725	2.098	1.882	0
562	1.98	1.765	2.098	1.843	0
563	1.98	1.824	2.118	1.863	0
564	2.02	1.863	2.098	1.902	0
565	1.824	1.922	2.039	2.02	0
566	1.627	1.961	1.961	2.078	0
567	1.706	2.078	2.039	2.098	0
568	2.039	2.137	1.961	2.0	0
569	2.078	1.98	1.941	1.863	0
570	2.02	1.961	1.961	1.804	0
571	2.02	1.784	1.784	1.765	0
572	1.765	1.882	1.804	1.824	0
573	1.824	1.882	1.902	1.961	0
574	1.804	2.098	1.98	2.157	0
575	1.98	2.137	2.0	2.196	0
576	2.098	1.843	1.882	2.098	0
577	2.059	1.608	1.863	1.882	0
578	1.961	1.608	1.863	1.804	0
579	1.98	1.647	1.922	1.824	0
580	2.059	1.686	1.922	1.941	0
581	2.02	1.667	1.922	2.02	0
582	2.0	1.824	2.02	2.059	0
583	1.98	2.157	2.078	2.098	0
584	1.98	2.02	1.961	2.0	0
585	1.941	1.902	1.824	1.902	0
586	2.078	2.0	2.0	1.824	0
587	2.118	1.98	2.078	1.804	0
588	2.176	1.961	2.039	1.824	0
589	2.118	2.059	2.039	1.902	0
590	2.039	2.02	2.098	2.0	0
591	1.961	2.196	2.294	2.118	0
592	1.922	2.255	2.333	2.157	0
593	1.863	1.922	2.137	2.078	0
594	1.863	1.588	1.961	1.941	0
595	1.882	1.588	2.0	1.843	0
596	1.922	1.863	2.235	1.882	0
597	1.98	1.941	2.294	1.941	0
598	1.824	1.765	2.196	2.0	0
599	1.647	1.863	2.157	2.059	0
600	1.647	2.118	2.255	2.098	0
601	1.843	2.039	2.235	2.118	0
602	2.098	2.039	2.118	2.0	0
603	2.255	2.078	2.137	1.863	0
604	1.961	2.039	2.157	1.804	0
605	1.824	1.98	2.176	1.843	0
606	1.922	2.157	2.255	2.0	0
607	2.078	2.098	2.255	2.098	0
608	2.0	2.157	2.216	2.118	0
609	1.961	2.255	2.255	2.176	0
610	2.039	2.098	2.216	2.176	0
611	2.059	1.863	2.137	2.059	0
612	1.961	1.765	2.235	1.902	0
613	1.961	1.804	2.157	1.843	0
614	1.98	1.765	2.059	1.882	0
615	2.02	1.745	2.098	1.922	0
616	2.039	1.922	2.118	2.039	0
617	2.039	2.078	2.098	2.157	0
618	1.922	2.0	2.059	2.176	0
619	1.765	2.02	2.078	2.078	0
620	1.922	1.98	2.078	1.922	0
621	2.118	1.922	1.961	1.804	0
622	2.235	1.941	1.941	1.804	0
623	1.98	2.0	1.961	1.902	0
624	1.882	1.922	2.0	1.98	0
625	1.941	2.039	2.0	2.039	0
626	1.902	2.098	2.078	2.118	0
627	1.843	1.882	1.98	2.098	0
628	1.804	1.608	1.902	2.02	0
629	1.882	1.667	1.941	1.902	0
630	1.843	1.667	1.961	1.804	0
631	2.0	1.725	1.961	1.843	0
632	2.118	1.745	1.882	1.882	0
633	2.039	1.863	2.02	1.961	0
634	1.863	2.078	2.02	2.02	0
635	1.765	2.0	1.922	1.961	0
636	1.824	1.98	1.863	1.941	0
637	2.0	1.922	1.824	1.941	0
638	1.98	1.941	1.863	1.902	0
639	2.02	1.882	1.843	1.784	0
640	1.961	1.882	1.843	1.784	0
641	2.0	1.941	1.941	1.824	0
642	2.02	2.078	2.0	1.98	0
643	1.843	2.098	1.922	2.137	0
644	1.706	1.843	1.863	2.098	0
645	1.706	1.588	1.843	1.902	0
646	1.784	1.706	2.02	1.784	0
647	1.961	1.784	2.02	1.765	0
648	2.02	1.765	1.941	1.824	0
649	2.0	1.627	1.941	1.902	0
650	1.843	1.725	1.941	2.02	0
651	1.824	2.098	2.098	2.059	0
652	1.922	2.078	2.039	2.059	0
653	1.843	1.941	1.902	1.902	0
654	1.824	1.863	1.941	1.784	0
655	1.902	2.0	2.098	1.706	0
656	2.098	2.02	2.137	1.706	0
657	2.02	1.98	2.098	1.863	0
658	2.078	2.039	2.157	2.02	0
659	2.059	2.196	2.235	2.176	0
660	2.0	2.157	2.157	2.176	0
661	1.941	1.941	2.196	2.059	0
662	1.961	1.765	2.118	1.902	0
663	1.98	1.745	2.078	1.804	0
664	1.961	1.804	2.137	1.804	0
665	1.961	1.784	2.196	1.902	0
666	2.0	1.824	2.196	2.0	0
667	1.941	2.0	2.196	2.078	0
668	1.882	2.137	2.176	2.118	0
669	1.882	2.137	2.137	2.059	0
670	1.902	2.059	2.078	1.941	0
671	2.0	1.98	2.078	1.824	0
672	2.078	2.02	2.078	1.765	0
673	2.157	1.98	2.098	1.784	0
674	2.02	2.078	2.098	1.882	0
675	1.941	1.98	2.059	2.0	0
676	1.922	2.137	2.176	2.118	0
677	1.882	2.157	2.196	2.196	0
678	1.863	1.941	2.098	2.176	0
679	1.824	1.627	2.059	2.0	0
680	1.941	1.667	2.078	1.843	0
681	2.059	1.706	2.118	1.725	0
682	2.098	1.686	2.176	1.745	0
683	2.078	1.804	2.176	1.824	0
684	1.98	1.941	2.176	1.98	0
685	1.843	2.137	2.157	2.157	0
686	1.765	1.941	2.02	2.176	0
687	1.882	1.922	2.0	2.0	0
688	2.078	1.863	2.059	1.824	0
689	2.098	1.882	2.059	1.725	0
690	2.235	1.941	2.098	1.725	0
691	2.235	2.078	2.098	1.824	0
692	2.02	2.059	2.118	1.941	0
693	1.922	2.0	2.078	2.137	0
694	1.843	2.059	2.157	2.255	0
695	1.941	1.961	2.078	2.176	0
696	2.039	1.647	1.941	1.961	0
697	2.0	1.588	1.961	1.725	0
698	1.941	1.706	2.098	1.765	0
699	1.902	1.706	2.02	1.902	0
700	1.98	1.706	1.941	2.02	0
701	1.765	1.843	1.922	2.098	0
702	1.706	2.059	1.98	2.078	0
703	1.843	1.922	1.922	2.059	0
704	1.922	1.863	1.922	1.961	0
705	2.196	1.922	1.98	1.902	0
706	2.255	1.961	1.922	1.824	0
707	2.137	1.804	1.863	1.784	0
708	1.882	1.882	1.902	1.843	0
709	1.882	1.902	1.882	1.941	0
710	1.922	2.0	1.863	2.039	0
711	1.961	2.059	1.961	2.137	0
712	2.039	1.941	2.0	2.137	0
713	2.02	1.667	1.902	2.02	0
714	1.961	1.627	1.922	1.922	0
715	2.0	1.725	1.98	1.843	0
716	2.118	1.706	1.961	1.824	0
717	2.078	1.686	1.902	1.843	0
718	2.0	1.843	1.941	1.922	0
719	1.922	2.078	2.0	2.039	0
720	1.902	2.137	1.98	2.059	0
721	1.843	1.98	1.843	1.98	0
722	1.882	1.902	1.922	1.902	0
723	2.078	2.098	2.0	1.882	0
724	2.118	1.98	1.902	1.863	0
725	1.961	1.882	1.843	1.843	0
726	1.882	1.882	1.863	1.882	0
727	1.961	2.078	2.02	1.922	0
728	1.98	2.176	2.137	2.039	0
729	1.961	1.98	2.078	2.137	0
730	1.843	1.667	2.02	2.118	0
731	1.824	1.529	1.843	1.98	0
732	1.804	1.569	1.824	1.784	0
733	1.863	1.667	1.961	1.686	0
734	2.02	1.745	2.02	1.843	0
735	1.922	1.863	2.098	2.059	0
736	1.922	2.039	2.118	2.216	0
737	2.02	2.039	2.078	2.118	0
738	1.902	2.0	1.98	1.961	0
739	1.941	1.863	1.961	1.804	0
740	1.98	1.922	1.922	1.745	0
741	1.961	1.843	1.882	1.725	0
742	1.863	1.824	1.863	1.765	0
743	1.784	1.784	1.941	1.902	0
744	1.863	2.157	2.235	2.235	0
745	1.98	2.176	2.176	2.412	0
746	2.02	1.922	2.02	2.275	0
747	2.078	1.647	1.961	1.961	0
748	2.196	1.686	2.078	1.706	0
749	1.902	1.627	2.02	1.686	0
750	1.824	1.549	1.922	1.784	0
751	1.902	1.569	1.922	1.941	0
752	1.922	1.824	1.98	2.078	0
753	1.863	2.0	2.059	2.137	0
754	1.98	2.078	2.078	2.157	0
755	1.98	2.078	2.059	2.059	0
756	2.098	1.961	2.0	1.922	0
757	2.118	1.902	1.941	1.784	0
758	2.157	1.882	1.961	1.725	0
759	2.059	2.0	1.961	1.824	0
760	1.98	1.961	1.98	2.0	0
761	2.0	2.176	2.137	2.176	0
762	2.0	2.235	2.176	2.275	0
763	1.961	2.0	2.078	2.216	0
764	1.882	1.686	1.961	2.039	0
765	1.882	1.667	1.98	1.941	0
766	1.902	1.706	2.02	1.882	0
767	1.941	1.686	1.98	1.863	0
768	2.02	1.706	2.02	1.863	0
769	2.02	1.902	2.098	1.961	0
770	1.961	2.196	2.176	2.098	0
771	1.882	2.078	2.02	2.137	0
772	1.843	1.941	1.902	2.059	0
773	1.961	1.843	1.902	1.902	0
774	2.078	1.922	1.941	1.824	0
775	2.059	1.922	1.961	1.843	0
776	2.059	2.02	2.02	1.902	0
777	2.078	2.0	2.0	1.961	0
778	1.98	2.059	2.059	1.98	0
779	1.922	2.137	2.137	2.098	0
780	1.922	1.961	2.039	2.118	0
781	1.961	1.647	1.902	1.98	0
782	1.98	1.667	2.0	1.882	0
783	1.941	1.706	2.0	1.843	0
784	1.882	1.667	1.961	1.843	0
785	1.922	1.647	1.98	1.902	0
786	1.941	1.863	2.059	2.0	0
787	1.863	2.0	2.078	2.118	0
788	1.843	2.02	2.02	2.098	0
789	1.922	2.078	2.0	1.98	0
790	1.98	1.843	1.941	1.882	0
791	2.0	1.902	1.961	1.804	0
792	2.118	1.882	1.941	1.725	0
793	2.118	1.961	2.02	1.765	0
794	2.039	1.98	2.118	1.863	0
795	1.98	2.02	2.118	2.078	0
796	1.98	2.137	2.137	2.216	0
797	1.961	2.059	2.137	2.196	0
798	1.941	1.745	2.059	2.0	0
799	1.882	1.627	2.078	1.824	0
800	1.882	1.667	2.0	1.765	0
801	1.941	1.686	2.02	1.784	0
802	2.059	1.765	2.157	1.902	0
803	2.098	1.98	2.196	2.02	0
804	1.941	2.059	2.137	2.098	0
805	1.882	2.02	2.118	2.118	0
806	1.922	2.039	2.098	2.039	0
807	2.039	1.922	2.059	1.902	0
808	1.922	1.863	2.039	1.784	0
809	1.98	1.863	2.0	1.745	0
810	2.078	1.941	2.02	1.804	0
811	2.02	1.882	2.02	1.922	0
812	1.941	2.039	2.137	2.078	0
813	1.98	2.216	2.333	2.196	0
814	1.98	1.98	2.137	2.176	0
815	1.98	1.647	1.922	1.98	0
816	1.961	1.51	1.843	1.765	0
817	1.863	1.549	1.941	1.667	0
818	1.863	1.667	2.039	1.647	0
819	1.961	1.608	1.98	1.765	0
820	1.863	1.804	2.078	1.98	0
821	1.922	2.059	2.078	2.157	0
822	1.961	2.0	2.098	2.235	0
823	1.863	1.961	1.902	2.118	0
824	1.804	1.745	1.804	1.824	0
825	1.882	1.882	1.882	1.667	0
826	1.941	1.863	1.902	1.647	0
827	1.961	1.922	2.0	1.745	0
828	2.039	1.961	2.039	1.941	0
829	2.0	2.039	2.098	2.118	0
830	1.804	2.137	2.157	2.255	0
831	1.824	2.0	2.137	2.255	0
832	1.902	1.647	1.98	2.078	0
833	1.863	1.627	2.0	1.863	0
834	1.941	1.686	2.02	1.804	0
835	2.02	1.686	2.059	1.804	0
836	2.157	1.824	2.235	1.941	0
837	2.157	2.039	2.333	2.098	0
838	1.941	2.176	2.235	2.137	0
839	1.902	1.98	2.0	2.059	0
840	1.882	1.941	2.02	1.941	0
841	2.02	1.922	2.137	1.882	0
842	2.176	2.059	2.176	1.863	0
843	2.275	2.039	2.157	1.843	0
844	2.176	2.137	2.196	1.922	0
845	2.02	2.039	2.137	1.941	0
846	1.941	2.078	2.137	2.059	0
847	1.882	2.098	2.176	2.098	0
848	2.0	2.0	2.137	2.078	0
849	2.059	1.765	2.098	1.941	0
850	2.078	1.745	2.157	1.843	0
851	1.922	1.745	2.098	1.863	0
852	1.784	1.686	2.02	1.902	0
853	1.863	1.725	2.078	1.922	0
854	1.863	1.882	2.118	2.0	0
855	1.863	2.059	2.176	2.078	0
856	1.863	2.039	2.137	2.078	0
857	1.843	2.02	2.059	2.0	0
858	1.922	1.843	1.941	1.843	0
859	1.941	1.843	1.961	1.706	0
860	2.118	1.922	1.98	1.667	0
861	2.039	1.922	2.039	1.745	0
862	2.02	1.961	2.137	1.941	0
863	1.941	2.098	2.176	2.137	0
864	1.863	2.078	2.176	2.235	0
865	1.882	1.902	2.098	2.137	0
866	1.922	1.686	2.098	1.941	0
867	2.059	1.686	2.098	1.784	0
868	1.961	1.667	2.078	1.745	0
869	1.961	1.686	2.02	1.824	0
870	1.961	1.667	2.02	1.843	0
871	1.961	1.902	2.176	2.0	0
872	1.902	2.157	2.196	2.137	0
873	1.941	2.078	2.157	2.137	0
874	1.922	2.0	2.059	2.039	0
875	2.02	1.961	2.059	1.863	0
876	2.02	1.961	2.02	1.725	0
877	1.98	1.863	1.98	1.725	0
878	1.922	1.902	2.02	1.804	0
879	2.0	1.961	2.078	1.922	0
880	2.039	2.098	2.157	2.078	0
881	1.922	2.118	2.196	2.176	0
882	1.863	1.961	2.176	2.235	0
883	1.804	1.647	2.039	2.098	0
884	1.882	1.647	2.02	1.863	0
885	1.922	1.667	2.059	1.765	0
886	1.922	1.686	2.059	1.765	0
887	2.039	1.647	2.098	1.863	0
888	1.922	1.745	2.137	2.039	0
889	1.765	1.98	2.078	2.137	0
890	1.824	1.961	2.059	2.118	0
891	1.961	2.039	2.098	2.0	0
892	2.059	1.902	2.098	1.902	0
893	2.0	1.922	2.039	1.843	0
894	2.078	1.863	2.039	1.882	0
895	2.078	1.902	2.02	1.882	0
896	2.02	1.941	2.098	1.922	0
897	1.98	2.02	2.118	2.059	0
898	1.941	2.137	2.216	2.137	0
899	2.0	2.02	2.176	2.137	0
900	2.02	1.686	2.02	2.02	0
901	1.961	1.608	2.059	1.843	0
902	1.941	1.686	2.078	1.824	0
903	1.941	1.686	2.02	1.843	0
904	2.02	1.667	2.0	1.882	0
905	1.961	1.804	2.059	1.941	0
906	1.882	2.059	2.137	2.02	0
907	1.902	2.039	2.059	2.059	0
908	1.882	1.98	1.941	2.0	0
909	2.0	1.824	1.882	1.882	0
910	2.118	1.902	2.0	1.745	0
911	2.098	1.863	2.0	1.725	0
912	2.02	1.902	2.0	1.804	0
913	1.98	1.882	1.961	1.922	0
914	1.922	1.941	2.0	1.961	0
915	1.843	2.098	2.118	2.098	0
916	1.941	2.0	2.137	2.176	0
917	1.98	1.647	1.961	2.078	0
918	1.902	1.529	1.941	1.902	0
919	1.98	1.686	2.078	1.824	0
920	2.059	1.804	2.118	1.804	0
921	2.098	1.706	2.039	1.843	0
922	2.02	1.843	2.078	1.941	0
923	1.863	2.059	2.137	2.098	0
924	1.843	2.02	2.098	2.157	0
925	1.882	1.98	1.98	2.078	0
926	2.039	1.961	2.059	1.902	0
927	2.137	2.137	2.078	1.784	0
928	2.02	1.882	1.941	1.784	0
929	1.98	1.941	2.02	1.882	0
930	2.078	2.0	2.059	1.98	0
931	2.078	2.118	2.098	2.118	0
932	1.863	2.176	2.157	2.176	0
933	1.765	1.98	2.059	2.157	0
934	1.882	1.627	1.882	2.039	0
935	1.902	1.588	1.922	1.843	0
936	2.039	1.725	2.02	1.784	0
937	2.0	1.745	2.039	1.843	0
938	1.961	1.706	2.0	1.961	0
939	1.863	1.745	1.98	2.078	0
940	1.902	2.0	2.02	2.137	0
941	1.902	1.98	1.98	2.098	0
942	1.882	1.961	1.961	1.98	0
943	1.941	1.843	1.922	1.902	0
944	2.0	1.843	1.902	1.824	0
945	2.078	1.863	1.961	1.843	0
946	2.157	2.02	2.0	1.863	0
947	2.059	1.961	2.039	1.961	0
948	2.0	2.02	2.039	2.118	0
949	1.941	2.098	2.137	2.176	0
950	1.961	1.98	2.137	2.176	0
951	1.922	1.627	1.98	2.02	0
952	1.98	1.647	1.961	1.863	0
953	1.922	1.686	1.98	1.804	0
954	1.98	1.706	1.98	1.824	0
955	2.098	1.745	2.02	1.863	0
956	2.0	1.863	2.098	1.961	0
957	1.843	2.098	2.118	2.137	0
958	1.882	2.039	2.02	2.118	0
959	1.98	1.961	1.961	2.0	0
960	2.0	1.863	1.961	1.843	0
961	2.0	1.941	1.98	1.804	0
962	2.137	1.98	2.0	1.804	0
963	2.176	2.078	2.078	1.863	0
964	2.02	1.961	2.039	1.961	0
965	1.922	2.02	2.059	2.039	0
966	1.922	2.098	2.059	2.118	0
967	1.902	2.0	2.02	2.098	0
968	1.98	1.686	1.922	1.98	0
969	1.882	1.569	1.922	1.843	0
970	1.882	1.647	2.039	1.824	0
971	1.882	1.667	2.02	1.922	0
972	2.0	1.706	2.0	1.961	0
973	1.961	1.941	2.118	2.0	0
974	1.824	2.137	2.078	2.059	0
975	1.804	1.98	2.0	2.078	0
976	1.843	1.98	1.941	2.0	0
977	1.922	1.784	1.863	1.882	0
978	2.02	1.902	1.961	1.765	0
979	2.137	1.961	2.039	1.784	0
980	2.039	2.039	2.078	1.882	0
981	1.941	2.0	2.02	1.98	0
982	2.0	2.039	2.02	2.078	0
983	1.922	2.196	2.176	2.137	0
984	1.941	2.078	2.196	2.137	0
985	1.941	1.706	1.98	2.0	0
986	1.922	1.627	1.98	1.843	0
987	1.961	1.706	2.078	1.824	0
988	2.0	1.784	2.078	1.804	0
989	2.02	1.745	2.078	1.922	0
990	2.059	1.843	2.118	2.0	0
991	1.98	2.059	2.098	2.078	0
992	1.882	2.0	2.02	2.039	0
993	1.902	2.039	2.098	1.961	0
994	2.02	1.922	2.0	1.902	0
995	2.02	1.922	1.98	1.824	0
996	2.078	1.882	1.98	1.784	0
997	2.039	2.0	2.0	1.824	0
998	2.02	1.961	2.02	1.922	0
999	1.941	1.98	2.02	2.039	0
1000	1.843	2.059	2.098	2.137	0
1001	1.902	2.0	2.137	2.137	0
1002	1.902	1.647	2.02	2.02	0
1003	1.922	1.588	2.0	1.882	0
1004	2.0	1.706	2.0	1.784	0
1005	2.039	1.686	1.961	1.824	0
1006	2.02	1.667	1.98	1.882	0
1007	1.902	1.765	2.039	1.98	0
1008	1.863	1.98	2.098	2.098	0
1009	1.882	2.039	2.059	2.118	0
1010	1.902	2.02	2.02	2.078	0
1011	1.961	1.863	1.961	1.941	0
1012	2.0	1.863	1.941	1.824	0
1013	2.098	1.863	1.98	1.745	0
1014	2.098	1.941	2.0	1.765	0
1015	2.078	2.0	2.039	1.902	0
1016	2.059	2.059	2.137	2.059	0
1017	1.882	2.098	2.137	2.196	0
1018	1.824	1.961	2.078	2.196	0
1019	1.882	1.706	2.059	2.078	0
1020	1.902	1.686	2.02	1.902	0
1021	1.961	1.667	2.0	1.745	0
1022	1.941	1.647	2.039	1.765	0
1023	2.0	1.667	2.0	1.863	0
1024	2.039	1.804	2.078	2.0	0
1025	1.882	2.098	2.196	2.157	0
1026	1.804	2.059	2.118	2.157	0
1027	1.804	2.02	2.02	2.039	0
1028	1.98	1.843	1.941	1.902	0
1029	2.0	1.961	2.0	1.824	0
1030	2.039	1.882	2.0	1.804	0
1031	1.98	1.902	2.0	1.863	0
1032	1.961	2.0	2.02	1.941	0
1033	1.961	2.059	2.078	2.039	0
1034	1.922	2.157	2.196	2.137	0
1035	1.961	2.039	2.176	2.196	0
1036	2.0	1.706	2.039	2.078	0
1037	1.98	1.686	2.059	1.922	0
1038	1.941	1.706	2.059	1.843	0
1039	1.922	1.725	2.059	1.843	0
1040	1.941	1.706	2.02	1.922	0
1041	2.0	1.863	2.098	2.0	0
1042	1.941	2.078	2.098	2.098	0
1043	1.843	2.039	2.039	2.078	0
1044	1.882	2.078	2.078	2.02	0
1045	2.0	1.922	2.039	1.941	0
1046	2.078	1.941	2.02	1.824	0
1047	2.176	1.922	2.02	1.784	0
1048	2.157	2.02	2.039	1.804	0
1049	2.02	2.02	2.078	1.902	0
1050	1.961	2.118	2.118	2.02	0
1051	1.863	2.118	2.157	2.157	0
1052	1.863	1.98	2.157	2.196	0
1053	1.98	1.725	2.118	2.098	0
1054	1.961	1.627	2.059	1.941	0
1055	2.02	1.784	2.059	1.824	0
1056	2.0	1.706	2.059	1.804	0
1057	2.0	1.706	2.039	1.824	0
1058	1.961	1.804	2.078	1.922	0
1059	1.882	2.02	2.118	2.039	0
1060	1.863	1.98	2.059	2.098	0
1061	1.941	2.059	2.078	2.059	0
1062	1.922	1.902	2.02	1.941	0
1063	1.98	1.941	2.02	1.843	0
1064	2.078	1.863	2.0	1.745	0
1065	2.078	1.922	1.961	1.745	0
1066	2.118	2.0	2.078	1.882	0
1067	2.02	2.0	2.078	2.059	0
1068	1.961	2.118	2.137	2.196	0
1069	1.961	2.059	2.176	2.137	0
1070	1.902	1.647	1.98	2.02	0
1071	1.863	1.569	1.961	1.863	0
1072	2.0	1.706	2.059	1.804	0
1073	2.02	1.745	2.02	1.863	0
1074	2.039	1.725	2.098	1.922	0
1075	1.941	1.824	2.059	1.961	0
1076	1.98	2.039	2.02	2.059	0
1077	1.843	1.941	2.02	2.098	0
1078	1.922	2.02	2.039	2.059	0
1079	2.039	1.882	1.98	1.922	0
1080	2.059	1.961	2.02	1.843	0
1081	2.078	1.922	2.0	1.784	0
1082	2.0	1.941	2.0	1.843	0
1083	2.02	1.98	2.0	1.941	0
1084	2.02	2.0	2.039	2.02	0
1085	1.902	2.078	2.098	2.118	0
1086	1.882	1.961	2.098	2.157	0
1087	1.941	1.686	1.98	2.02	0
1088	1.922	1.627	1.98	1.863	0
1089	1.961	1.686	2.02	1.765	0
1090	2.0	1.725	2.039	1.784	0
1091	1.98	1.686	2.0	1.863	0
1092	1.941	1.804	2.039	1.941	0
1093	1.882	2.0	2.098	2.059	0
1094	1.863	2.0	2.059	2.118	0
1095	1.902	2.02	2.039	2.02	0
1096	2.02	1.902	1.98	1.882	0
1097	2.039	1.98	1.98	1.745	0
1098	2.039	1.882	1.98	1.725	0
1099	2.098	1.961	2.02	1.765	0
1100	2.059	1.922	2.0	1.863	0
1101	2.039	2.02	2.059	1.961	0
1102	1.922	2.098	2.118	2.098	0
1103	1.863	2.0	2.137	2.157	0
1104	1.902	1.686	2.059	2.039	0
1105	1.922	1.686	2.039	1.902	0
1106	1.922	1.667	2.0	1.824	0
1107	1.824	1.627	1.961	1.843	0
1108	1.882	1.686	2.059	1.882	0
1109	1.98	1.863	2.157	1.961	0
1110	2.098	2.078	2.098	2.02	0
1111	1.922	1.961	2.0	2.0	0
1112	1.765	2.039	2.059	2.0	0
1113	1.843	1.882	1.98	1.941	0
1114	1.961	1.922	1.961	1.882	0
1115	2.02	1.902	1.98	1.804	0
1116	2.059	2.0	2.078	1.863	0
1117	2.02	2.059	2.078	1.961	0
1118	2.0	2.059	2.157	2.059	0
1119	1.902	2.118	2.157	2.157	0
1120	1.882	2.039	2.098	2.137	0
1121	2.0	1.765	2.02	1.98	0
1122	1.961	1.627	2.02	1.863	0
1123	1.922	1.647	1.961	1.804	0
1124	1.941	1.706	2.02	1.804	0
1125	1.941	1.686	2.0	1.843	0
1126	1.882	1.804	2.078	1.98	0
1127	1.843	2.0	2.118	2.137	0
1128	1.902	2.078	2.078	2.196	0
1129	2.0	2.078	2.039	2.059	0
1130	2.0	1.941	2.02	1.882	0
1131	2.0	1.98	2.02	1.725	0
1132	2.059	1.843	1.961	1.725	0
1133	2.059	1.882	1.961	1.804	0
1134	2.059	2.02	2.02	1.902	0
1135	2.078	2.176	2.098	2.078	0
1136	1.843	2.137	2.118	2.157	0
1137	1.784	1.98	2.02	2.196	0
1138	1.863	1.667	1.961	2.039	0
1139	1.98	1.686	2.039	1.882	0
1140	2.059	1.784	2.118	1.804	0
1141	2.02	1.784	2.176	1.843	0
1142	2.0	1.725	2.0	1.961	0
1143	2.02	1.824	2.098	2.02	0
1144	1.902	2.098	2.118	2.098	0
1145	1.902	2.039	2.02	2.098	0
1146	1.902	2.02	2.039	2.0	0
1147	1.961	1.882	1.98	1.882	0
1148	1.98	1.922	2.02	1.824	0
1149	2.02	1.902	2.02	1.804	0
1150	2.157	1.961	2.02	1.824	0
1151	2.059	1.941	2.0	1.882	0
1152	2.0	2.078	2.157	2.039	0
1153	1.941	2.176	2.235	2.255	0
1154	1.902	2.02	2.157	2.294	0
1155	1.922	1.647	1.98	2.098	0
1156	2.02	1.608	1.98	1.843	0
1157	1.941	1.667	2.02	1.706	0
1158	1.882	1.667	2.0	1.765	0
1159	1.961	1.706	2.039	1.902	0
1160	1.922	1.686	1.98	2.0	0
1161	1.843	1.941	2.078	2.039	0
1162	1.882	2.039	2.078	2.078	0
1163	1.922	2.078	2.059	2.02	0
1164	2.0	1.882	1.98	1.922	0
1165	1.961	1.902	1.98	1.902	0
1166	2.0	1.863	2.0	1.843	0
1167	2.098	2.0	2.0	1.824	0
1168	2.0	1.922	1.922	1.843	0
1169	1.961	1.961	2.039	1.941	0
1170	1.902	2.098	2.137	2.098	0
1171	1.882	2.0	2.118	2.196	0
1172	2.02	1.765	2.02	2.098	0
1173	1.98	1.627	2.0	1.922	0
1174	1.922	1.667	2.02	1.824	0
1175	1.941	1.725	2.078	1.863	0
1176	2.039	1.706	2.02	1.882	0
1177	2.02	1.804	2.039	1.941	0
1178	1.922	2.0	2.098	2.059	0
1179	1.922	2.02	2.078	2.098	0
1180	1.98	2.0	2.039	2.02	0
1181	2.0	1.863	1.961	1.902	0
1182	2.039	1.961	2.0	1.804	0
1183	2.059	1.843	1.941	1.804	0
1184	2.059	1.922	2.0	1.824	0
1185	2.039	1.941	2.02	1.922	0
1186	2.02	2.02	2.059	2.039	0
1187	1.941	2.118	2.176	2.098	0
1188	1.882	2.02	2.118	2.118	0
1189	1.824	1.667	1.961	2.0	0
1190	1.843	1.588	1.941	1.882	0
1191	1.941	1.667	2.039	1.863	0
1192	2.039	1.706	2.137	1.902	0
1193	2.02	1.647	2.02	1.941	0
1194	1.941	1.745	1.98	1.941	0
1195	1.843	2.039	2.078	1.98	0
1196	1.686	1.961	2.098	2.02	0
1197	1.824	1.961	2.078	2.02	0
1198	2.02	1.863	2.02	1.941	0
1199	2.137	1.941	2.02	1.863	0
1200	2.196	1.98	2.059	1.824	0
1201	2.078	1.98	2.098	1.843	0
1202	1.98	1.98	2.039	1.922	0
1203	2.0	2.0	2.059	2.02	0
1204	1.961	2.098	2.137	2.118	0
1205	1.941	2.078	2.196	2.176	0
1206	2.02	1.843	2.176	2.118	0
1207	1.98	1.706	2.078	1.961	0
1208	2.039	1.745	2.098	1.863	0
1209	2.02	1.765	2.078	1.863	0
1210	2.02	1.686	2.059	1.863	0
1211	1.98	1.824	2.078	1.941	0
1212	1.902	2.039	2.098	2.0	0
1213	1.863	2.059	2.078	2.059	0
1214	1.863	2.039	2.059	2.078	0
1215	1.882	1.863	1.98	1.98	0
1216	1.961	1.961	2.039	1.882	0
1217	2.039	1.882	2.02	1.784	0
1218	2.059	1.941	2.0	1.765	0
1219	1.941	1.941	1.98	1.882	0
1220	1.922	1.961	2.039	2.02	0
1221	1.922	2.078	2.157	2.118	0
1222	1.961	2.118	2.216	2.176	0
1223	1.941	1.784	2.078	2.078	0
1224	1.804	1.569	2.0	1.961	0
1225	1.863	1.608	1.961	1.843	0
1226	1.902	1.686	2.02	1.765	0
1227	2.0	1.686	2.059	1.804	0
1228	1.98	1.824	2.118	1.902	0
1229	1.922	2.098	2.176	2.118	0
1230	1.902	2.098	2.118	2.196	0
1231	1.961	2.059	2.059	2.137	0
1232	2.02	1.941	2.02	1.922	0
1233	2.0	1.941	2.039	1.765	0
1234	2.02	1.882	1.961	1.745	0
1235	2.0	1.922	1.98	1.804	0
1236	2.0	2.02	2.059	1.941	0
1237	2.0	2.059	2.098	2.078	0
1238	1.961	2.098	2.137	2.137	0
1239	1.922	2.039	2.098	2.176	0
1240	1.882	1.686	2.0	2.039	0
1241	1.922	1.667	2.039	1.922	0
1242	1.961	1.725	2.059	1.863	0
1243	1.922	1.686	2.02	1.843	0
1244	1.902	1.608	1.961	1.843	0
1245	1.882	1.765	2.02	1.922	0
1246	1.843	2.039	2.078	2.059	0
1247	1.863	2.02	2.118	2.118	0
1248	1.961	2.0	2.0	2.078	0
1249	1.98	1.843	1.941	1.922	0
1250	2.059	1.922	1.98	1.784	0
1251	2.02	1.882	1.961	1.745	0
1252	1.902	1.922	1.961	1.824	0
1253	1.843	1.902	1.941	1.922	0
1254	1.922	1.922	2.0	2.0	0
1255	1.961	2.098	2.176	2.137	0
1256	2.039	2.0	2.157	2.196	0
1257	2.059	1.706	2.02	2.078	0
1258	1.902	1.569	2.0	1.843	0
1259	1.922	1.784	2.118	1.784	0
1260	1.961	1.706	1.961	1.824	0
1261	1.961	1.549	1.941	1.843	0
1262	1.961	1.804	2.118	1.941	0
1263	1.961	2.078	2.176	2.039	0
1264	1.98	2.02	2.059	2.078	0
1265	1.922	1.98	2.039	2.059	0
1266	1.961	1.863	1.98	1.941	0
1267	2.118	1.941	2.039	1.824	0
1268	2.137	1.922	2.039	1.784	0
1269	2.098	2.0	2.078	1.804	0
1270	2.078	2.02	2.098	1.882	0
1271	2.078	2.059	2.098	2.02	0
1272	2.0	2.078	2.137	2.118	0
1273	1.941	2.02	2.176	2.157	0
1274	2.0	1.745	2.02	2.039	0
1275	1.961	1.647	2.059	1.922	0
1276	1.98	1.686	2.078	1.843	0
1277	1.961	1.667	2.039	1.843	0
1278	1.98	1.667	2.02	1.863	0
1279	2.0	1.804	2.078	1.941	0
1280	1.922	2.0	2.078	2.059	0
1281	1.863	2.02	2.059	2.098	0
1282	1.863	2.02	2.078	2.118	0
1283	1.961	1.902	1.98	1.98	0
1284	2.02	1.902	2.0	1.824	0
1285	2.098	1.882	1.961	1.765	0
1286	2.118	1.961	2.02	1.784	0
1287	2.02	1.961	2.0	1.882	0
1288	1.902	1.961	2.0	2.0	0
1289	1.824	2.059	2.118	2.137	0
1290	1.882	2.02	2.137	2.196	0
1291	1.961	1.706	2.02	2.078	0
1292	1.941	1.627	1.98	1.902	0
1293	1.961	1.667	2.039	1.804	0
1294	1.941	1.686	2.039	1.804	0
1295	2.0	1.686	2.078	1.863	0
1296	1.961	1.765	2.039	2.0	0
1297	1.922	2.02	2.039	2.098	0
1298	1.882	2.02	2.078	2.078	0
1299	1.941	2.02	2.059	2.039	0
1300	1.961	1.824	1.961	1.902	0
1301	2.02	1.922	2.0	1.824	0
1302	2.098	1.922	2.02	1.804	0
1303	2.098	1.98	2.059	1.863	0
1304	2.059	1.98	2.02	1.922	0
1305	2.078	2.039	2.078	2.039	0
1306	1.961	2.098	2.118	2.137	0
1307	1.863	2.039	2.196	2.176	0
1308	1.922	1.725	2.0	2.078	0
1309	1.941	1.627	2.0	1.902	0
1310	1.98	1.686	2.039	1.824	0
1311	1.941	1.745	2.059	1.843	0
1312	1.98	1.725	2.059	1.902	0
1313	1.941	1.784	2.078	1.98	0
1314	1.882	2.0	2.098	2.059	0
1315	1.824	2.039	2.078	2.098	0
1316	1.843	2.0	2.059	2.059	0
1317	1.902	1.843	1.922	1.922	0
1318	1.941	1.843	1.941	1.784	0
1319	1.98	1.882	2.0	1.765	0
1320	2.039	1.98	2.02	1.804	0
1321	1.922	1.922	1.98	1.902	0
1322	1.922	1.941	2.078	2.02	0
1323	1.902	2.059	2.118	2.098	0
1324	1.902	2.0	2.157	2.137	0
1325	1.941	1.725	2.059	2.078	0
1326	1.922	1.569	2.0	1.961	0
1327	1.922	1.608	1.961	1.824	0
1328	1.961	1.686	1.98	1.765	0
1329	1.98	1.647	1.98	1.784	0
1330	1.902	1.667	2.02	1.843	0
1331	1.843	1.961	2.078	2.02	0
1332	1.922	2.078	2.118	2.118	0
1333	2.039	2.098	2.118	2.098	0
1334	2.059	2.0	2.02	1.961	0
1335	2.078	1.961	2.02	1.784	0
1336	2.0	1.902	2.02	1.725	0
1337	2.02	1.922	2.02	1.804	0
1338	2.0	2.0	2.02	1.941	0
1339	1.941	2.039	2.059	2.098	0
1340	1.882	2.118	2.157	2.196	0
1341	1.922	2.137	2.196	2.196	0
1342	1.98	1.843	2.059	2.098	0
1343	1.863	1.706	2.039	1.941	0
1344	1.902	1.745	2.098	1.824	0
1345	1.961	1.804	2.098	1.824	0
1346	1.961	1.686	2.02	1.902	0
1347	1.902	1.765	2.059	2.02	0
1348	1.882	2.078	2.157	2.078	0
1349	1.843	2.039	2.078	2.137	0
1350	1.882	2.039	2.059	2.078	0
1351	2.02	1.961	2.02	1.961	0
1352	2.098	2.0	2.02	1.843	0
1353	2.039	1.922	2.0	1.765	0
1354	2.02	1.902	1.98	1.784	0
1355	1.98	1.941	2.0	1.863	0
1356	2.118	2.02	2.078	2.0	0
1357	2.02	2.098	2.118	2.118	0
1358	1.941	2.039	2.196	2.176	0
1359	2.0	1.765	2.059	2.137	0
1360	1.98	1.647	2.02	1.922	0
1361	2.0	1.667	2.0	1.784	0
1362	2.02	1.745	2.059	1.784	0
1363	2.02	1.686	2.039	1.863	0
1364	2.0	1.706	1.98	1.922	0
1365	1.902	1.961	2.098	2.059	0
1366	1.843	2.078	2.118	2.118	0
1367	1.961	2.059	2.098	2.098	0
1368	1.98	1.882	1.98	2.0	0
1369	2.02	1.882	1.961	1.824	0
1370	2.059	1.843	1.961	1.725	0
1371	2.059	1.941	2.059	1.725	0
1372	2.039	1.941	2.059	1.902	0
1373	2.059	2.059	2.137	2.098	0
1374	1.941	2.137	2.137	2.216	0
1375	1.843	2.02	2.118	2.216	0
1376	1.863	1.686	2.0	2.059	0
1377	1.863	1.549	1.941	1.863	0
1378	1.941	1.667	2.059	1.784	0
1379	2.0	1.745	2.098	1.843	0
1380	2.02	1.667	2.039	1.902	0
1381	1.98	1.765	2.059	1.941	0
1382	1.941	2.078	2.118	2.039	0
1383	1.824	2.02	2.02	2.078	0
1384	1.863	1.961	2.02	2.059	0
1385	1.941	1.863	2.02	1.941	0
1386	2.039	1.941	2.0	1.804	0
1387	2.039	1.902	1.961	1.725	0
1388	2.059	1.882	1.961	1.765	0
1389	1.98	1.98	2.0	1.902	0
1390	1.98	1.98	2.059	2.039	0
1391	1.961	2.098	2.157	2.157	0
1392	1.902	2.059	2.137	2.157	0
1393	1.902	1.745	2.02	2.098	0
1394	1.902	1.647	2.0	1.961	0
1395	1.98	1.667	2.059	1.843	0
1396	1.961	1.706	2.0	1.804	0
1397	1.961	1.667	1.98	1.824	0
1398	1.98	1.784	2.039	1.941	0
1399	1.961	2.02	2.118	2.039	0
1400	1.863	2.039	2.059	2.137	0
1401	1.882	2.0	2.02	2.098	0
1402	1.941	1.922	2.0	1.961	0
1403	2.0	2.0	2.02	1.863	0
1404	2.02	1.902	2.0	1.784	0
1405	2.078	1.902	1.922	1.784	0
1406	2.039	1.941	1.961	1.824	0
1407	1.98	2.0	2.098	2.02	0
1408	1.882	2.118	2.157	2.216	0
1409	1.922	2.039	2.176	2.255	0
1410	1.941	1.725	1.961	2.078	0
1411	1.922	1.608	1.922	1.843	0
1412	1.882	1.667	2.0	1.725	0
1413	1.882	1.667	2.0	1.784	0
1414	1.902	1.569	1.941	1.882	0
1415	1.922	1.686	2.02	1.98	0
1416	2.0	2.02	2.137	2.078	0
1417	1.98	2.059	2.098	2.098	0
1418	1.961	1.98	2.059	2.039	0
1419	1.902	1.863	1.961	1.941	0
1420	1.961	1.882	1.961	1.863	0
1421	2.0	1.843	1.961	1.824	0
1422	2.137	1.922	2.02	1.843	0
1423	2.078	1.961	2.02	1.902	0
1424	2.078	2.0	2.059	1.98	0
1425	2.039	2.118	2.137	2.098	0
1426	1.941	2.098	2.216	2.157	0
1427	1.98	1.784	2.118	2.098	0
1428	1.941	1.627	2.059	1.98	0
1429	2.02	1.686	2.039	1.882	0
1430	2.02	1.765	2.098	1.863	0
1431	2.039	1.725	2.078	1.882	0
1432	2.02	1.765	2.078	1.902	0
1433	1.961	2.0	2.176	2.039	0
1434	1.902	2.078	2.118	2.059	0
1435	1.941	2.0	2.078	2.059	0
1436	1.98	1.902	2.02	1.961	0
1437	2.0	1.882	2.0	1.843	0
1438	2.059	1.843	1.98	1.745	0
1439	2.137	1.902	2.02	1.784	0
1440	1.98	1.941	2.02	1.882	0
1441	1.941	1.922	2.039	2.0	0
1442	1.922	2.039	2.118	2.098	0
1443	1.863	2.078	2.137	2.157	0
1444	1.863	1.784	2.039	2.118	0
1445	1.902	1.608	2.0	1.961	0
1446	1.941	1.647	2.02	1.863	0
1447	1.941	1.667	2.039	1.824	0
1448	1.941	1.686	2.02	1.863	0
1449	1.961	1.804	2.078	1.961	0
1450	1.902	2.0	2.098	2.078	0
1451	1.765	2.039	2.078	2.137	0
1452	1.804	2.039	2.059	2.059	0
1453	1.902	2.0	2.039	1.961	0
1454	2.02	2.02	2.039	1.882	0
1455	2.098	1.98	2.059	1.804	0
1456	2.157	2.039	2.059	1.843	0
1457	2.0	2.059	2.078	1.922	0
1458	1.98	2.059	2.118	2.039	0
1459	1.961	2.157	2.176	2.137	0
1460	1.882	2.118	2.196	2.196	0
1461	1.941	1.824	2.039	2.098	0
1462	1.98	1.706	2.059	1.922	0
1463	2.039	1.765	2.118	1.784	0
1464	2.02	1.745	2.098	1.804	0
1465	2.0	1.686	2.039	1.902	0
1466	2.0	1.765	2.039	1.98	0
1467	1.902	1.941	2.078	2.039	0
1468	1.843	2.078	2.118	2.059	0
1469	1.941	2.078	2.118	2.059	0
1470	2.0	1.922	2.02	1.961	0
1471	2.098	1.882	1.941	1.824	0
1472	2.078	1.843	1.902	1.745	0
1473	2.098	1.882	1.98	1.765	0
1474	2.039	1.98	2.059	1.882	0
1475	2.059	2.02	2.137	2.0	0
1476	1.941	2.02	2.059	2.137	0
1477	1.843	1.961	2.078	2.196	0
1478	1.922	1.745	2.0	2.059	0
1479	1.941	1.588	1.941	1.882	0
1480	1.98	1.647	2.0	1.765	0
1481	1.98	1.706	2.039	1.784	0
1482	1.941	1.647	2.059	1.882	0
1483	1.961	1.725	2.039	1.961	0
1484	1.922	1.961	2.059	2.059	0
1485	1.824	1.961	2.0	2.078	0
1486	1.902	2.039	2.059	2.059	0
1487	1.941	1.902	2.02	1.941	0
1488	1.98	1.922	2.02	1.843	0
1489	2.059	1.902	1.98	1.765	0
1490	2.118	1.863	1.941	1.784	0
1491	1.941	1.882	1.941	1.843	0
1492	2.0	1.961	2.039	1.961	0
1493	1.98	2.118	2.137	2.098	0
1494	1.863	2.02	2.078	2.157	0
1495	1.882	1.765	2.0	2.059	0
1496	1.941	1.608	2.0	1.902	0
1497	1.98	1.667	2.059	1.843	0
1498	2.059	1.725	2.039	1.804	0
1499	2.0	1.627	1.98	1.863	0
1500	1.922	1.725	2.0	1.922	0
1501	1.863	1.922	2.098	2.039	0
1502	1.804	2.02	2.059	2.118	0
1503	1.843	2.0	2.0	2.039	0
1504	1.824	1.902	1.961	1.941	0
1505	1.922	1.941	1.98	1.863	0
1506	2.118	1.902	2.02	1.804	0
1507	2.137	1.824	2.039	1.824	0
1508	2.098	1.98	2.078	1.902	0
1509	2.02	2.039	2.137	2.02	0
1510	1.863	2.137	2.157	2.157	0
1511	1.843	2.039	2.137	2.216	0
1512	1.941	1.804	2.039	2.098	0
1513	1.98	1.667	2.02	1.922	0
1514	1.941	1.686	2.078	1.824	0
1515	1.941	1.706	2.098	1.863	0
1516	2.0	1.667	2.059	1.922	0
1517	1.98	1.745	2.078	1.961	0
1518	1.902	1.98	2.157	2.02	0
1519	1.902	2.118	2.157	2.078	0
1520	1.902	2.02	2.02	2.059	0
1521	1.902	1.863	1.961	1.902	0
1522	2.02	1.98	2.059	1.843	0
1523	2.078	2.0	2.078	1.824	0
1524	2.098	1.961	2.059	1.843	0
1525	2.059	1.961	2.02	1.922	0
1526	2.02	1.961	2.039	1.961	0
1527	1.922	2.059	2.098	2.059	0
1528	1.824	2.098	2.176	2.137	0
1529	1.902	1.765	2.02	2.078	0
1530	1.882	1.608	1.98	1.961	0
1531	1.941	1.686	2.0	1.843	0
1532	1.961	1.706	2.059	1.804	0
1533	1.98	1.647	2.059	1.843	0
1534	1.961	1.725	2.039	1.922	0
1535	1.941	1.941	2.02	1.98	0
1536	1.843	1.961	2.02	2.039	0
1537	1.882	2.039	2.078	2.059	0
1538	1.941	1.902	2.02	1.98	0
1539	2.039	1.941	1.98	1.882	0
1540	2.02	1.843	1.902	1.765	0
1541	2.039	1.843	1.941	1.745	0
1542	2.039	1.961	2.039	1.824	0
1543	2.059	1.961	2.039	1.961	0
1544	1.922	2.039	2.059	2.059	0
1545	1.922	2.039	2.118	2.157	0
1546	1.961	1.804	2.0	2.118	0
1547	1.961	1.647	2.02	2.0	0
1548	1.941	1.686	2.039	1.882	0
1549	1.961	1.706	2.039	1.804	0
1550	2.0	1.686	2.02	1.824	0
1551	1.961	1.745	2.02	1.922	0
1552	1.922	1.941	2.098	2.02	0
1553	1.843	2.039	2.059	2.098	0
1554	1.902	2.078	2.098	2.078	0
1555	1.941	1.961	2.0	1.98	0
1556	1.98	1.961	2.039	1.902	0
1557	2.098	1.961	2.02	1.843	0
1558	2.157	1.98	2.039	1.804	0
1559	2.078	2.02	2.078	1.863	0
1560	2.0	2.02	2.059	1.98	0
1561	1.882	2.078	2.118	2.118	0
1562	1.843	2.039	2.137	2.196	0
1563	1.922	1.784	2.02	2.118	0
1564	1.961	1.667	2.039	1.98	0
1565	2.0	1.725	2.098	1.843	0
1566	1.922	1.725	2.078	1.824	0
1567	1.941	1.686	2.039	1.863	0
1568	1.98	1.745	2.039	1.922	0
1569	1.922	1.961	2.118	2.02	0
1570	1.863	2.059	2.137	2.098	0
1571	1.961	2.059	2.059	2.078	0
1572	1.922	1.902	1.961	1.941	0
1573	1.941	1.863	1.941	1.824	0
1574	1.98	1.863	1.961	1.725	0
1575	2.039	1.902	2.059	1.745	0
1576	2.039	2.059	2.137	1.941	0
1577	2.078	2.059	2.118	2.059	0
1578	2.0	2.098	2.098	2.118	0
1579	1.902	2.098	2.157	2.098	0
1580	1.882	1.824	2.059	2.039	0
1581	1.902	1.627	1.98	1.922	0
1582	1.961	1.647	2.0	1.843	0
1583	1.941	1.725	2.059	1.804	0
1584	2.0	1.706	2.118	1.863	0
1585	1.98	1.784	2.098	1.941	0
1586	1.941	1.98	2.137	2.039	0
1587	1.922	2.078	2.137	2.118	0
1588	1.882	2.0	2.02	2.078	0
1589	1.863	1.902	2.0	1.98	0
1590	2.039	2.0	2.059	1.863	0
1591	2.176	1.98	2.039	1.765	0
1592	2.098	1.922	2.0	1.804	0
1593	1.961	1.961	2.039	1.922	0
1594	1.98	1.961	2.059	2.039	0
1595	1.922	2.039	2.078	2.098	0
1596	1.902	2.098	2.196	2.176	0
1597	1.961	1.882	2.078	2.118	0
1598	1.961	1.647	1.98	1.98	0
1599	1.863	1.588	1.922	1.863	0
1600	1.725	1.627	1.941	1.784	0
1601	1.784	1.588	1.941	1.824	0
1602	1.941	1.686	1.98	1.902	0
1603	2.137	1.941	2.176	2.0	0
1604	2.176	2.176	2.235	2.098	0
1605	2.02	2.059	2.059	2.098	0
1606	1.765	1.824	1.863	1.922	0
1607	1.863	1.765	1.902	1.804	0
1608	1.98	1.784	1.941	1.765	0
1609	2.059	1.843	1.961	1.804	0
1610	2.039	1.941	2.039	1.941	0
1611	2.098	1.98	2.039	2.0	0
1612	2.0	2.0	2.059	2.059	0
1613	1.941	2.0	2.118	2.118	0
1614	2.059	1.863	2.118	2.059	0
1615	2.118	1.745	2.078	1.98	0
1616	2.078	1.706	2.059	1.863	0
1617	1.941	1.647	2.02	1.902	0
1618	1.961	1.647	2.02	1.882	0
1619	2.02	1.725	2.039	1.941	0
1620	1.961	1.961	2.098	2.039	0
1621	1.922	2.078	2.137	2.098	0
1622	1.941	2.039	2.059	2.118	0
1623	1.961	1.941	2.0	2.0	0
1624	2.059	1.941	2.0	1.882	0
1625	2.039	1.902	2.0	1.784	0
1626	2.078	1.941	2.02	1.765	0
1627	2.039	2.0	2.0	1.882	0
1628	2.02	2.0	2.059	2.0	0
1629	1.941	2.118	2.098	2.118	0
1630	1.843	2.059	2.137	2.196	0
1631	1.843	1.804	2.059	2.137	0
1632	1.843	1.667	2.02	1.961	0
1633	1.941	1.667	1.98	1.824	0
1634	1.902	1.706	2.02	1.784	0
1635	1.961	1.667	2.039	1.824	0
1636	1.961	1.706	2.039	1.922	0
1637	1.863	1.902	2.078	2.059	0
1638	1.804	2.039	2.098	2.137	0
1639	1.843	1.98	2.0	2.078	0
1640	1.824	1.843	1.922	1.961	0
1641	1.922	1.882	1.961	1.804	0
1642	2.0	1.882	1.98	1.725	0
1643	2.078	1.882	2.0	1.765	0
1644	2.039	1.98	2.039	1.902	0
1645	2.02	1.941	2.059	2.039	0
1646	1.941	2.039	2.098	2.098	0
1647	1.922	2.02	2.098	2.118	0
1648	1.902	1.843	2.039	2.02	0
1649	1.902	1.667	2.02	1.941	0
1650	1.941	1.647	2.02	1.902	0
1651	1.941	1.667	2.039	1.882	0
1652	1.98	1.706	2.039	1.843	0
1653	2.0	1.745	2.059	1.882	0
1654	1.922	1.961	2.098	1.98	0
1655	1.863	2.098	2.118	2.059	0
1656	1.922	2.078	2.098	2.078	0
1657	1.902	2.0	2.02	2.0	0
1658	1.98	1.922	2.02	1.902	0
1659	2.02	1.922	2.02	1.843	0
1660	2.059	1.941	2.02	1.784	0
1661	2.039	2.02	2.059	1.863	0
1662	2.059	2.0	2.078	1.902	0
1663	1.902	2.098	2.157	2.059	0
1664	1.824	2.078	2.176	2.235	0
1665	1.804	1.804	2.039	2.196	0
1666	1.824	1.588	2.0	2.02	0
1667	1.882	1.686	2.098	1.824	0
1668	2.059	1.784	2.02	1.765	0
1669	2.078	1.745	2.078	1.784	0
1670	2.039	1.745	2.059	1.882	0
1671	1.863	1.902	2.078	2.02	0
1672	1.765	2.0	2.098	2.098	0
1673	1.824	2.0	2.039	2.137	0
1674	1.882	1.922	1.941	2.0	0
1675	2.02	1.922	1.98	1.863	0
1676	2.078	1.922	2.02	1.784	0
1677	2.157	1.922	2.059	1.765	0
1678	2.098	2.02	2.02	1.843	0
1679	2.039	1.961	1.98	1.961	0
1680	1.902	2.039	2.039	2.059	0
1681	1.902	2.059	2.118	2.098	0
1682	1.98	1.863	2.078	2.098	0
1683	2.02	1.706	2.02	2.0	0
1684	2.0	1.647	2.0	1.922	0
1685	1.98	1.745	2.0	1.863	0
1686	1.961	1.667	1.961	1.863	0
1687	1.961	1.706	2.02	1.882	0
1688	1.961	1.882	2.078	1.941	0
1689	1.98	2.118	2.118	2.059	0
1690	2.0	2.098	2.118	2.098	0
1691	1.941	1.961	1.98	2.039	0
1692	2.02	1.922	1.961	1.902	0
1693	2.039	1.922	1.961	1.784	0
1694	2.078	1.922	1.961	1.745	0
1695	2.039	1.961	2.02	1.824	0
1696	2.0	1.961	2.059	2.0	0
1697	2.059	2.118	2.137	2.118	0
1698	1.98	2.098	2.137	2.176	0
1699	1.863	1.843	2.02	2.098	0
1700	1.961	1.686	2.02	2.0	0
1701	2.039	1.686	2.0	1.863	0
1702	1.98	1.667	1.98	1.824	0
1703	1.922	1.686	2.02	1.804	0
1704	1.961	1.725	2.078	1.863	0
1705	1.922	1.941	2.137	2.0	0
1706	1.941	2.118	2.118	2.078	0
1707	1.941	2.02	2.098	2.098	0
1708	1.922	1.941	2.02	2.02	0
1709	2.039	1.961	2.0	1.902	0
1710	2.078	1.922	1.98	1.824	0
1711	2.118	1.941	2.039	1.804	0
1712	2.059	2.0	2.039	1.882	0
1713	2.059	2.0	2.098	1.922	0
1714	1.98	2.098	2.157	2.078	0
1715	1.98	2.118	2.176	2.157	0
1716	1.961	1.882	2.078	2.137	0
1717	1.882	1.647	2.039	1.98	0
1718	1.961	1.706	2.137	1.843	0
1719	2.039	1.745	2.059	1.863	0
1720	2.0	1.706	2.059	1.882	0
1721	1.961	1.686	2.02	1.941	0
1722	1.824	1.863	2.039	2.02	0
1723	1.765	2.02	2.098	2.039	0
1724	1.824	2.02	2.059	2.059	0
1725	1.902	1.941	1.98	2.0	0
1726	2.039	1.922	2.0	1.863	0
1727	2.118	1.882	1.961	1.745	0
1728	2.137	1.922	2.02	1.765	0
1729	2.0	2.02	2.059	1.882	0
1730	1.922	1.961	2.039	2.02	0
1731	1.843	2.039	2.039	2.137	0
1732	1.824	2.059	2.118	2.196	0
1733	1.882	1.863	2.02	2.098	0
1734	1.902	1.667	1.961	1.922	0
1735	1.961	1.647	2.0	1.843	0
1736	2.0	1.706	2.02	1.824	0
1737	2.078	1.706	2.078	1.882	0
1738	2.078	1.784	2.137	1.961	0
1739	1.902	1.902	2.078	2.039	0
1740	1.765	2.039	2.078	2.098	0
1741	1.843	1.98	2.0	2.078	0
1742	1.902	1.922	1.961	1.961	0
1743	2.02	1.922	2.0	1.843	0
1744	2.0	1.922	2.039	1.804	0
1745	1.98	1.882	1.98	1.863	0
1746	1.902	1.941	1.98	1.941	0
1747	1.961	1.882	1.961	2.0	0
1748	2.137	2.078	2.059	2.039	0
1749	2.059	2.078	2.157	2.059	0
1750	1.961	1.902	2.137	2.098	0
1751	1.863	1.647	2.02	2.02	0
1752	1.843	1.608	2.02	1.882	0
1753	1.922	1.667	2.0	1.824	0
1754	1.961	1.706	2.02	1.824	0
1755	2.0	1.706	2.039	1.902	0
1756	1.98	1.902	2.098	2.02	0
1757	1.922	2.059	2.118	2.098	0
1758	1.98	2.039	2.118	2.078	0
1759	2.0	2.0	2.059	1.961	0
1760	2.118	1.941	2.039	1.882	0
1761	2.098	1.922	2.02	1.804	0
1762	2.118	1.902	2.02	1.784	0
1763	2.078	2.0	2.059	1.863	0
1764	2.059	2.02	2.118	1.961	0
1765	1.922	2.059	2.137	2.118	0
1766	1.902	2.098	2.176	2.176	0
1767	1.961	1.902	2.059	2.137	0
1768	1.902	1.667	2.02	1.98	0
1769	1.902	1.667	2.078	1.843	0
1770	1.902	1.706	2.078	1.843	0
1771	1.922	1.706	2.059	1.882	0
1772	1.922	1.725	2.02	1.961	0
1773	1.804	1.902	2.078	2.059	0
1774	1.706	2.039	2.098	2.118	0
1775	1.882	2.039	2.059	2.078	0
1776	2.0	2.02	2.02	1.961	0
1777	2.157	2.0	2.02	1.824	0
1778	1.941	1.902	2.02	1.804	0
1779	1.863	1.863	1.961	1.882	0
1780	1.863	1.961	1.961	1.941	0
1781	1.98	1.98	2.059	2.02	0
1782	2.02	2.137	2.137	2.098	0
1783	1.961	2.118	2.137	2.098	0
1784	1.941	1.863	2.02	2.0	0
1785	1.922	1.667	2.02	1.882	0
1786	1.961	1.706	2.078	1.863	0
1787	1.961	1.765	2.098	1.941	0
1788	1.961	1.686	2.0	1.961	0
1789	2.0	1.725	2.059	1.98	0
1790	2.02	1.941	2.118	1.961	0
1791	1.902	2.039	2.059	2.02	0
1792	1.882	1.98	2.039	2.02	0
1793	1.941	1.941	1.98	1.941	0
1794	2.039	1.961	2.02	1.843	0
1795	2.039	1.941	2.02	1.824	0
1796	2.02	1.902	2.0	1.882	0
1797	1.961	1.922	1.98	1.941	0
1798	1.961	1.882	1.98	1.961	0
1799	1.98	2.078	2.118	2.039	0
1800	1.843	2.118	2.157	2.098	0
1801	1.882	1.882	2.039	2.098	0
1802	2.0	1.667	1.941	1.961	0
1803	1.961	1.588	1.922	1.824	0
1804	1.882	1.627	2.02	1.824	0
1805	1.882	1.686	2.078	1.863	0
1806	1.98	1.745	2.059	1.961	0
1807	1.961	1.902	2.059	2.039	0
1808	1.863	2.039	2.059	2.078	0
1809	1.902	2.02	2.078	2.059	0
1810	1.941	2.0	2.02	1.941	0
1811	2.059	1.941	1.98	1.863	0
1812	2.078	1.902	1.961	1.765	0
1813	2.118	1.843	1.961	1.765	0
1814	2.059	1.98	2.059	1.863	0
1815	2.118	2.0	2.098	1.961	0
1816	2.02	2.059	2.059	2.118	0
1817	1.961	2.098	2.118	2.137	0
1818	1.98	1.902	2.078	2.078	0
1819	1.941	1.667	2.0	1.941	0
1820	1.941	1.686	2.078	1.863	0
1821	1.941	1.725	2.039	1.863	0
1822	1.882	1.686	1.98	1.863	0
1823	1.863	1.706	1.961	1.882	0
1824	1.784	1.843	2.02	1.961	0
1825	1.745	2.039	2.059	2.039	0
1826	1.922	2.02	2.078	2.078	0
1827	2.059	2.039	2.118	2.02	0
1828	2.098	2.0	2.059	1.941	0
1829	1.98	1.863	1.98	1.843	0
1830	1.922	1.882	2.0	1.784	0
1831	1.902	1.98	2.0	1.843	0
1832	1.902	1.882	1.98	1.961	0
1833	1.922	2.078	2.157	2.098	0
1834	1.941	2.137	2.216	2.216	0
1835	2.059	1.98	2.137	2.137	0
1836	2.078	1.725	2.059	1.98	0
1837	1.98	1.686	2.098	1.863	0
1838	1.961	1.706	2.118	1.824	0
1839	2.0	1.725	2.098	1.863	0
1840	2.098	1.784	2.098	1.902	0
1841	2.02	1.902	2.157	1.961	0
1842	1.922	2.078	2.118	2.059	0
1843	1.961	2.039	2.098	2.098	0
1844	1.961	1.98	2.02	2.039	0
1845	2.039	1.941	2.02	1.882	0
1846	2.059	2.0	2.059	1.784	0
1847	2.078	1.961	2.039	1.804	0
1848	2.039	2.039	2.059	1.882	0
1849	2.039	2.02	2.039	1.961	0
1850	1.922	2.098	2.078	2.098	0
1851	1.804	2.098	2.098	2.137	0
1852	1.863	1.882	2.039	2.137	0
1853	1.902	1.647	1.961	2.0	0
1854	1.941	1.667	2.02	1.863	0
1855	1.941	1.725	2.039	1.804	0
1856	1.922	1.667	1.98	1.765	0
1857	1.98	1.667	1.98	1.843	0
1858	1.941	1.902	2.098	1.961	0
1859	1.843	2.059	2.078	2.137	0
1860	1.863	2.02	2.059	2.176	0
1861	1.922	1.98	2.02	2.039	0
1862	2.02	1.902	1.961	1.882	0
1863	2.0	1.843	1.941	1.745	0
1864	2.098	1.863	1.961	1.706	0
1865	2.059	1.941	1.98	1.784	0
1866	2.098	1.98	2.078	1.922	0
1867	2.02	2.059	2.098	2.118	0
1868	1.941	2.059	2.118	2.216	0
1869	1.961	1.882	2.078	2.157	0
1870	1.98	1.647	2.02	2.0	0
1871	1.98	1.608	2.039	1.843	0
1872	1.98	1.667	2.039	1.804	0
1873	2.0	1.686	2.039	1.882	0
1874	2.0	1.725	2.039	1.961	0
1875	1.941	1.824	2.078	2.02	0
1876	1.863	2.0	2.098	2.078	0
1877	1.922	2.02	2.059	2.059	0
1878	1.941	1.941	2.0	1.98	0
1879	2.0	1.882	1.98	1.882	0
1880	2.0	1.902	1.98	1.824	0
1881	2.039	1.863	1.98	1.784	0
1882	2.039	1.961	2.0	1.843	0
1883	2.02	1.961	2.039	1.941	0
1884	1.961	2.078	2.157	2.098	0
1885	1.882	2.118	2.157	2.196	0
1886	1.922	1.922	2.078	2.078	0
1887	1.961	1.667	1.98	1.922	0
1888	1.922	1.647	2.0	1.824	0
1889	1.922	1.686	2.059	1.843	0
1890	1.941	1.686	2.039	1.902	0
1891	1.98	1.706	2.02	1.922	0
1892	1.922	1.863	2.098	2.0	0
1893	1.824	2.02	2.078	2.059	0
1894	1.882	1.98	2.02	2.059	0
1895	1.882	1.961	2.02	2.0	0
1896	2.02	1.882	2.0	1.882	0
1897	1.98	1.902	1.98	1.784	0
1898	2.039	1.863	1.98	1.765	0
1899	2.02	1.922	1.98	1.843	0
1900	1.98	1.902	2.02	1.922	0
1901	1.98	2.098	2.157	2.059	0
1902	1.922	2.157	2.216	2.157	0
1903	1.902	1.941	2.059	2.157	0
1904	1.882	1.627	1.941	2.02	0
1905	1.902	1.627	2.02	1.863	0
1906	1.941	1.706	2.039	1.824	0
1907	1.941	1.706	2.039	1.824	0
1908	2.0	1.745	2.078	1.902	0
1909	2.039	1.941	2.137	2.0	0
1910	1.941	2.118	2.137	2.098	0
1911	1.882	2.02	2.039	2.098	0
1912	1.922	1.98	2.039	2.0	0
1913	2.0	1.922	1.98	1.902	0
1914	2.0	1.941	1.98	1.804	0
1915	2.078	1.922	2.0	1.784	0
1916	2.039	2.02	2.059	1.863	0
1917	2.039	2.0	2.039	1.961	0
1918	2.0	2.078	2.059	2.078	0
1919	1.902	2.118	2.118	2.137	0
1920	1.882	2.0	2.098	2.137	0
1921	1.922	1.706	2.02	2.0	0
1922	1.902	1.667	2.0	1.863	0
1923	1.941	1.725	2.0	1.784	0
1924	1.98	1.706	2.0	1.784	0
1925	1.961	1.706	1.98	1.824	0
1926	1.882	1.804	2.02	1.961	0
1927	1.843	2.059	2.098	2.118	0
1928	1.902	2.059	2.098	2.137	0
1929	1.941	2.039	2.02	2.039	0
1930	2.039	1.922	2.0	1.882	0
1931	2.0	1.843	1.922	1.765	0
1932	2.078	1.824	1.941	1.686	0
1933	2.078	1.961	2.02	1.784	0
1934	2.039	1.98	2.039	1.922	0
1935	1.98	2.078	2.118	2.078	0
1936	1.922	2.118	2.157	2.235	0
1937	1.902	1.961	2.118	2.176	0
1938	1.961	1.686	2.02	2.02	0
1939	1.98	1.647	2.02	1.863	0
1940	2.0	1.686	2.039	1.804	0
1941	1.98	1.686	2.02	1.824	0
1942	2.02	1.745	2.059	1.882	0
1943	1.961	1.922	2.137	1.98	0
1944	1.863	2.059	2.137	2.118	0
1945	1.902	2.02	2.059	2.157	0
1946	1.922	1.98	2.039	2.078	0
1947	2.039	1.882	1.98	1.882	0
1948	2.02	1.922	1.98	1.765	0
1949	2.078	1.882	1.98	1.745	0
1950	2.039	1.961	2.0	1.843	0
1951	2.039	1.941	2.02	1.941	0
1952	2.0	2.059	2.078	2.059	0
1953	1.922	2.118	2.157	2.157	0
1954	1.882	1.941	2.078	2.176	0
1955	1.941	1.667	1.98	2.0	0
1956	1.98	1.667	2.02	1.863	0
1957	1.922	1.706	2.059	1.824	0
1958	1.941	1.706	2.059	1.824	0
1959	1.98	1.725	2.0	1.902	0
1960	1.941	1.824	2.02	1.961	0
1961	1.863	2.039	2.098	2.059	0
1962	1.882	2.039	2.078	2.078	0
1963	1.902	1.98	2.039	2.02	0
1964	2.0	1.882	2.0	1.902	0
1965	2.02	1.902	1.98	1.824	0
1966	2.059	1.922	2.0	1.784	0
1967	2.039	1.98	2.039	1.843	0
1968	2.02	1.961	2.059	1.922	0
1969	1.961	2.059	2.078	2.039	0
1970	1.922	2.118	2.157	2.157	0
1971	1.843	1.98	2.137	2.196	0
1972	1.941	1.686	2.02	2.039	0
1973	1.98	1.647	2.039	1.863	0
1974	1.961	1.725	2.059	1.804	0
1975	1.98	1.725	2.039	1.824	0
1976	2.0	1.784	2.039	1.902	0
1977	1.941	1.902	2.078	2.02	0
1978	1.843	2.059	2.078	2.098	0
1979	1.902	2.078	2.078	2.098	0
1980	1.922	2.078	2.039	2.039	0
1981	2.0	1.922	2.039	1.941	0
1982	2.02	1.922	1.98	1.863	0
1983	2.059	1.882	1.98	1.784	0
1984	2.078	1.98	2.02	1.843	0
1985	2.039	2.0	2.039	1.961	0
1986	2.039	2.118	2.118	2.098	0
1987	1.961	2.157	2.118	2.196	0
1988	1.941	1.941	2.039	2.137	0
1989	1.961	1.667	1.98	1.98	0
1990	1.98	1.647	2.0	1.843	0
1991	1.98	1.686	2.02	1.824	0
1992	2.0	1.706	2.0	1.843	0
1993	2.039	1.745	2.02	1.882	0
1994	1.98	1.902	2.059	1.941	0
1995	1.922	2.02	2.098	2.059	0
1996	1.961	1.98	2.02	2.078	0
1997	1.98	1.941	1.961	1.98	0
1998	2.078	1.863	1.941	1.843	0
1999	2.059	1.882	1.941	1.725	0
