time	channel1	channel2	channel3	channel4	class
0	2.02	1.843	2.176	1.941	3
1	2.0	1.863	2.118	1.902	3
2	1.98	1.922	2.039	1.882	3
3	2.0	1.98	2.0	1.843	3
4	1.922	2.02	1.922	1.824	3
5	1.882	2.039	1.941	1.843	3
6	1.863	2.078	1.882	1.922	3
7	1.843	2.059	1.922	1.961	3
8	1.863	2.02	1.961	2.0	3
9	1.843	2.0	1.961	2.02	3
10	1.863	1.922	2.02	2.039	3
11	1.843	1.882	2.059	2.078	3
12	1.902	1.824	2.137	2.078	3
13	1.961	1.804	2.157	2.078	3
14	2.02	1.784	2.196	2.039	3
15	2.059	1.784	2.196	2.0	3
16	2.039	1.784	2.118	1.941	3
17	2.02	1.804	2.157	1.941	3
18	1.961	1.863	2.157	1.941	3
19	2.0	1.882	2.098	1.882	3
20	1.98	1.922	2.0	1.863	3
21	1.98	1.941	1.922	1.824	3
22	1.961	1.961	1.902	1.804	3
23	1.882	2.039	1.882	1.863	3
24	1.863	2.02	1.941	1.941	3
25	1.843	1.98	1.941	2.0	3
26	1.824	1.961	1.961	2.02	3
27	1.824	1.922	2.0	2.039	3
28	1.843	1.882	2.078	2.078	3
29	1.863	1.804	2.157	2.098	3
30	1.941	1.784	2.157	2.059	3
31	1.98	1.765	2.196	2.039	3
32	1.98	1.784	2.216	1.98	3
33	2.02	1.784	2.176	1.941	3
34	2.02	1.804	2.137	1.961	3
35	2.02	1.804	2.118	1.902	3
36	2.02	1.863	2.059	1.843	3
37	2.039	1.941	2.0	1.824	3
38	2.0	1.922	1.902	1.824	3
39	1.961	1.941	1.902	1.824	3
40	1.961	1.98	1.863	1.843	3
41	1.941	1.961	1.882	1.922	3
42	1.922	1.941	1.941	1.941	3
43	1.902	1.902	1.941	2.0	3
44	1.863	1.863	1.98	2.02	3
45	1.941	1.824	2.039	2.039	3
46	1.98	1.784	2.137	2.059	3
47	2.059	1.765	2.137	2.039	3
48	2.039	1.765	2.176	2.02	3
49	2.059	1.765	2.216	2.0	3
50	2.078	1.765	2.157	1.98	3
51	2.098	1.784	2.157	1.941	3
52	2.059	1.843	2.137	1.902	3
53	2.039	1.902	2.098	1.902	3
54	2.078	1.961	2.02	1.863	3
55	1.961	2.0	1.941	1.863	3
56	1.922	2.02	1.941	1.843	3
57	1.882	2.039	1.882	1.882	3
58	1.882	2.02	1.902	1.941	3
59	1.941	2.0	1.941	1.98	3
60	1.882	1.961	1.941	2.02	3
61	1.863	1.922	1.98	2.039	3
62	1.882	1.882	2.078	2.078	3
63	1.882	1.784	2.137	2.059	3
64	1.941	1.765	2.157	2.059	3
65	1.941	1.765	2.216	2.059	3
66	2.059	1.765	2.196	2.039	3
67	2.039	1.765	2.137	1.98	3
68	2.0	1.804	2.157	1.961	3
69	1.961	1.863	2.137	1.882	3
70	1.98	1.922	2.098	1.902	3
71	1.98	1.941	2.02	1.882	3
72	1.98	1.961	1.922	1.863	3
73	1.941	2.0	1.922	1.843	3
74	1.882	2.078	1.882	1.882	3
75	1.863	2.039	1.902	1.941	3
76	1.863	2.02	1.941	1.98	3
77	1.863	2.02	1.961	2.02	3
78	1.843	2.02	2.0	2.039	3
79	1.902	1.902	2.039	2.078	3
80	1.902	1.843	2.118	2.098	3
81	2.0	1.824	2.137	2.039	3
82	2.02	1.784	2.196	2.039	3
83	2.078	1.784	2.196	1.961	3
84	2.059	1.784	2.157	1.941	3
85	2.059	1.784	2.118	1.922	3
86	2.078	1.804	2.118	1.902	3
87	2.059	1.863	2.059	1.843	3
88	2.059	1.922	2.02	1.824	3
89	2.0	1.941	1.922	1.824	3
90	1.922	1.98	1.922	1.863	3
91	1.902	2.02	1.902	1.922	3
92	1.922	1.98	1.882	1.941	3
93	1.922	1.922	1.922	1.961	3
94	1.922	1.902	1.922	1.98	3
95	1.863	1.902	1.941	1.98	3
96	1.902	1.882	2.059	2.02	3
97	1.863	1.843	2.137	2.098	3
98	1.902	1.824	2.176	2.118	3
99	1.941	1.784	2.196	2.098	3
100	1.98	1.784	2.216	2.02	3
101	2.02	1.784	2.176	1.98	3
102	2.0	1.804	2.157	1.941	3
103	1.98	1.843	2.137	1.902	3
104	1.961	1.882	2.078	1.863	3
105	2.0	1.98	2.039	1.882	3
106	1.961	1.961	1.922	1.882	3
107	1.922	1.961	1.922	1.863	3
108	1.922	1.961	1.843	1.863	3
109	1.882	1.98	1.902	1.882	3
110	1.882	1.941	1.941	1.941	3
111	1.882	1.941	1.961	2.0	3
112	1.922	1.882	2.0	2.039	3
113	1.882	1.843	2.039	2.078	3
114	1.922	1.784	2.098	2.078	3
115	1.98	1.725	2.137	2.039	3
116	2.0	1.706	2.176	2.02	3
117	2.039	1.725	2.157	1.98	3
118	2.02	1.804	2.157	1.941	3
119	2.0	1.843	2.176	1.961	3
120	2.059	1.843	2.137	1.941	3
121	2.137	1.882	2.078	1.922	3
122	2.098	1.941	2.02	1.863	3
123	2.0	2.0	1.922	1.804	3
124	1.922	2.0	1.941	1.784	3
125	1.902	2.078	1.902	1.863	3
126	1.882	2.039	1.922	1.961	3
127	1.882	2.02	1.941	2.0	3
128	1.902	1.98	1.941	2.02	3
129	1.843	1.961	2.02	2.039	3
130	1.863	1.882	2.078	2.039	3
131	1.922	1.843	2.118	2.059	3
132	1.961	1.804	2.157	2.02	3
133	2.0	1.765	2.176	2.02	3
134	2.02	1.765	2.176	1.98	3
135	2.02	1.765	2.137	1.941	3
136	2.039	1.784	2.118	1.922	3
137	2.039	1.784	2.137	1.863	3
138	2.078	1.882	2.078	1.882	3
139	2.039	1.941	2.059	1.843	3
140	2.02	1.922	1.902	1.843	3
141	1.98	1.922	1.902	1.804	3
142	1.98	1.98	1.863	1.863	3
143	1.941	1.961	1.863	1.882	3
144	1.941	1.941	1.941	1.941	3
145	1.882	1.941	1.961	2.0	3
146	1.882	1.902	2.02	2.059	3
147	1.941	1.843	2.039	2.059	3
148	1.961	1.784	2.118	2.078	3
149	2.02	1.745	2.137	2.039	3
150	2.02	1.706	2.196	2.0	3
151	2.059	1.706	2.196	1.98	3
152	2.078	1.745	2.157	1.922	3
153	2.078	1.765	2.137	1.941	3
154	2.039	1.824	2.118	1.941	3
155	2.0	1.863	2.078	1.882	3
156	2.0	1.941	2.039	1.863	3
157	1.941	1.941	1.922	1.843	3
158	1.922	1.961	1.941	1.843	3
159	1.922	1.98	1.863	1.863	3
160	1.902	2.0	1.882	1.902	3
161	1.863	2.0	1.922	1.941	3
162	1.804	2.0	1.98	2.0	3
163	1.804	1.941	2.02	2.078	3
164	1.824	1.902	2.059	2.098	3
165	1.902	1.863	2.137	2.118	3
166	1.922	1.843	2.176	2.078	3
167	1.941	1.804	2.216	2.059	3
168	1.98	1.784	2.235	2.0	3
169	1.98	1.784	2.157	1.961	3
170	2.0	1.824	2.157	1.98	3
171	2.039	1.843	2.157	1.922	3
172	2.078	1.902	2.078	1.922	3
173	2.02	1.941	2.039	1.882	3
174	2.02	1.961	1.922	1.843	3
175	1.961	1.98	1.922	1.804	3
176	1.941	2.0	1.882	1.824	3
177	1.902	2.0	1.882	1.902	3
178	1.843	1.98	1.941	1.941	3
179	1.902	1.961	1.941	2.02	3
180	1.922	1.922	2.0	2.0	3
181	1.882	1.863	2.039	2.039	3
182	1.882	1.804	2.098	2.078	3
183	1.941	1.765	2.157	2.078	3
184	2.02	1.765	2.157	2.059	3
185	2.02	1.745	2.196	2.0	3
186	2.0	1.745	2.137	1.941	3
187	2.0	1.784	2.137	1.922	3
188	2.02	1.804	2.157	1.902	3
189	2.039	1.863	2.078	1.882	3
190	2.02	1.902	2.059	1.882	3
191	1.98	1.922	1.902	1.863	3
192	1.922	1.961	1.922	1.824	3
193	1.941	2.0	1.863	1.882	3
194	1.902	2.02	1.902	1.922	3
195	1.882	2.02	1.922	1.941	3
196	1.882	1.98	1.98	2.0	3
197	1.843	1.922	2.0	2.059	3
198	1.941	1.882	2.039	2.059	3
199	1.961	1.824	2.118	2.059	3
200	1.941	1.804	2.137	2.078	3
201	1.961	1.843	2.176	2.059	3
202	1.98	1.824	2.216	2.039	3
203	1.961	1.843	2.157	2.0	3
204	1.98	1.824	2.176	1.961	3
205	2.0	1.863	2.137	1.98	3
206	1.961	1.941	2.098	1.882	3
207	1.98	2.02	2.059	1.863	3
208	1.941	2.02	1.941	1.863	3
209	1.882	2.0	1.941	1.863	3
210	1.882	2.078	1.922	1.902	3
211	1.882	2.059	1.922	1.941	3
212	1.843	2.039	1.941	2.0	3
213	1.863	1.961	1.961	2.02	3
214	1.863	1.941	2.02	2.039	3
215	1.863	1.902	2.039	2.039	3
216	1.922	1.863	2.118	2.059	3
217	1.941	1.784	2.137	2.059	3
218	1.961	1.765	2.196	2.059	3
219	2.02	1.765	2.235	2.02	3
220	2.039	1.765	2.157	1.961	3
221	2.039	1.784	2.157	1.922	3
222	2.039	1.784	2.137	1.902	3
223	2.059	1.824	2.059	1.902	3
224	2.039	1.922	2.039	1.824	3
225	2.02	1.902	1.922	1.843	3
226	1.98	1.941	1.922	1.804	3
227	1.941	1.941	1.882	1.843	3
228	1.922	1.922	1.863	1.902	3
229	1.941	1.922	1.902	1.941	3
230	1.922	1.922	1.922	1.961	3
231	1.882	1.922	1.922	2.0	3
232	1.843	1.824	2.02	2.02	3
233	1.902	1.804	2.098	2.039	3
234	2.0	1.745	2.137	2.078	3
235	2.0	1.765	2.157	2.039	3
236	2.039	1.745	2.196	2.0	3
237	2.02	1.765	2.137	1.961	3
238	2.02	1.804	2.157	1.902	3
239	2.039	1.843	2.118	1.902	3
240	1.98	1.882	2.078	1.863	3
241	2.039	1.961	2.039	1.843	3
242	1.961	1.941	1.882	1.843	3
243	1.922	1.961	1.902	1.824	3
244	1.922	2.0	1.863	1.843	3
245	1.902	2.0	1.902	1.902	3
246	1.922	2.0	1.922	1.961	3
247	1.882	1.902	1.922	1.98	3
248	1.902	1.863	1.98	2.0	3
249	1.922	1.882	2.059	2.02	3
250	1.902	1.824	2.118	2.078	3
251	1.941	1.765	2.137	2.078	3
252	1.98	1.745	2.157	2.039	3
253	2.039	1.725	2.196	2.0	3
254	2.02	1.784	2.176	1.961	3
255	2.0	1.824	2.176	1.941	3
256	2.0	1.824	2.137	1.922	3
257	2.078	1.863	2.118	1.882	3
258	2.02	1.98	2.078	1.882	3
259	1.941	1.961	1.961	1.843	3
260	1.902	1.961	1.941	1.863	3
261	1.882	2.039	1.922	1.882	3
262	1.863	2.039	1.922	1.922	3
263	1.843	2.039	1.941	1.961	3
264	1.863	1.961	1.961	2.0	3
265	1.882	1.961	1.98	2.02	3
266	1.863	1.882	2.039	2.059	3
267	1.902	1.843	2.098	2.098	3
268	1.941	1.765	2.137	2.059	3
269	1.98	1.745	2.157	2.059	3
270	2.02	1.725	2.196	2.0	3
271	2.059	1.745	2.157	1.961	3
272	2.059	1.765	2.118	1.961	3
273	2.078	1.765	2.137	1.922	3
274	2.118	1.804	2.078	1.902	3
275	2.078	1.882	2.02	1.824	3
276	2.059	1.882	1.863	1.804	3
277	1.941	1.941	1.902	1.804	3
278	1.902	1.98	1.902	1.863	3
279	1.902	1.961	1.882	1.941	3
280	1.98	1.902	1.863	1.961	3
281	2.0	1.882	1.902	1.961	3
282	1.961	1.882	1.98	1.922	3
283	1.863	1.863	2.039	2.0	3
284	1.882	1.804	2.098	2.039	3
285	1.961	1.745	2.157	2.059	3
286	1.961	1.725	2.176	2.059	3
287	1.98	1.725	2.216	2.0	3
288	2.0	1.784	2.176	1.98	3
289	1.961	1.824	2.157	1.941	3
290	1.961	1.843	2.157	1.961	3
291	1.922	1.902	2.137	1.941	3
292	1.98	1.98	2.098	1.922	3
293	1.941	1.98	1.961	1.863	3
294	1.882	1.98	1.941	1.804	3
295	1.882	2.098	1.922	1.843	3
296	1.824	2.098	1.941	1.922	3
297	1.804	2.098	1.98	2.039	3
298	1.824	2.059	1.98	2.078	3
299	1.843	1.98	2.02	2.078	3
300	1.882	1.961	2.059	2.059	3
301	1.843	1.922	2.118	2.078	3
302	1.922	1.843	2.176	2.078	3
303	1.961	1.824	2.176	2.039	3
304	2.02	1.784	2.196	2.0	3
305	2.059	1.784	2.176	1.98	3
306	2.078	1.765	2.157	1.941	3
307	2.078	1.784	2.118	1.902	3
308	2.118	1.804	2.078	1.882	3
309	2.078	1.922	2.02	1.824	3
310	2.078	1.922	1.902	1.784	3
311	1.98	1.922	1.882	1.784	3
312	1.941	1.961	1.843	1.804	3
313	1.922	1.961	1.843	1.863	3
314	1.961	1.941	1.902	1.922	3
315	1.961	1.882	1.902	1.961	3
316	1.961	1.824	1.902	1.98	3
317	1.98	1.784	1.98	1.922	3
318	1.98	1.706	2.0	1.961	3
319	2.0	1.647	2.098	1.98	3
320	2.039	1.647	2.118	2.0	3
321	2.118	1.627	2.137	1.961	3
322	2.137	1.667	2.118	1.941	3
323	2.039	1.784	2.137	1.922	3
324	1.882	1.922	2.235	1.98	3
325	1.922	1.941	2.176	2.02	3
326	2.0	1.941	2.118	2.0	3
327	1.98	1.902	1.922	1.902	3
328	1.922	1.902	1.922	1.804	3
329	1.941	2.0	1.882	1.804	3
330	1.824	2.118	1.902	1.863	3
331	1.784	2.176	1.98	1.98	3
332	1.725	2.176	2.02	2.098	3
333	1.706	2.118	2.059	2.176	3
334	1.765	2.059	2.137	2.196	3
335	1.745	2.0	2.157	2.196	3
336	1.843	1.902	2.216	2.137	3
337	1.882	1.922	2.235	2.078	3
338	1.922	1.863	2.255	2.039	3
339	1.961	1.902	2.216	2.0	3
340	2.0	1.922	2.216	2.0	3
341	2.02	1.902	2.176	1.961	3
342	2.02	1.902	2.137	1.922	3
343	1.98	1.961	2.059	1.882	3
344	2.02	1.98	1.961	1.804	3
345	1.98	1.98	1.941	1.824	3
346	1.941	2.02	1.902	1.843	3
347	1.902	1.98	1.882	1.882	3
348	1.922	2.0	1.922	1.941	3
349	1.922	1.961	1.922	1.961	3
350	1.902	1.902	1.98	2.02	3
351	1.941	1.882	2.059	2.059	3
352	1.941	1.784	2.078	2.078	3
353	1.98	1.745	2.137	2.039	3
354	2.0	1.745	2.137	2.0	3
355	2.039	1.706	2.196	1.961	3
356	2.059	1.706	2.157	1.941	3
357	2.059	1.706	2.098	1.941	3
358	2.059	1.706	2.078	1.902	3
359	2.078	1.745	2.078	1.863	3
360	2.098	1.863	2.039	1.843	3
361	2.078	1.824	1.902	1.804	3
362	2.0	1.784	1.843	1.784	3
363	1.961	1.784	1.784	1.745	3
364	1.902	1.863	1.843	1.804	3
365	1.922	1.941	1.922	1.922	3
366	1.961	1.902	1.922	1.98	3
367	1.961	1.863	1.882	2.0	3
368	1.922	1.765	1.922	1.941	3
369	1.902	1.686	1.941	1.961	3
370	1.941	1.647	2.078	1.941	3
371	2.0	1.745	2.137	1.98	3
372	2.02	1.765	2.235	1.961	3
373	2.02	1.765	2.196	1.98	3
374	2.059	1.784	2.157	1.941	3
375	2.176	1.784	2.098	1.902	3
376	2.176	1.882	2.059	1.843	3
377	2.118	1.882	2.039	1.843	3
378	1.98	1.863	1.843	1.804	3
379	1.922	1.882	1.882	1.784	3
380	1.98	1.98	1.922	1.843	3
381	1.98	2.0	1.902	1.902	3
382	1.941	1.98	1.902	1.941	3
383	1.843	1.98	1.941	1.961	3
384	1.706	1.98	1.961	2.039	3
385	1.686	2.0	2.118	2.137	3
386	1.941	1.882	2.078	2.176	3
387	2.039	1.745	2.098	2.098	3
388	1.941	1.745	2.078	2.02	3
389	1.922	1.745	2.157	1.961	3
390	1.941	1.804	2.176	1.961	3
391	1.941	1.824	2.157	1.98	3
392	1.922	1.882	2.137	2.0	3
393	1.902	1.863	2.118	1.961	3
394	1.922	1.902	2.098	1.922	3
395	1.922	1.941	2.0	1.882	3
396	1.961	2.039	2.0	1.922	3
397	1.941	2.0	1.922	1.882	3
398	1.882	1.961	1.863	1.902	3
399	1.902	1.941	1.843	1.941	3
400	1.882	2.0	1.922	1.941	3
401	1.882	2.039	2.02	2.059	3
402	1.902	1.98	2.196	2.137	3
403	2.02	1.843	2.137	2.176	3
404	1.98	1.784	2.078	2.078	3
405	1.961	1.804	2.157	2.059	3
406	2.02	1.902	2.314	2.0	3
407	2.137	1.941	2.235	2.0	3
408	2.137	1.941	2.157	1.98	3
409	2.098	1.941	2.216	1.961	3
410	2.039	2.039	2.275	1.98	3
411	1.961	2.098	2.333	1.98	3
412	2.0	1.902	1.882	1.882	3
413	1.843	1.98	1.863	1.804	3
414	1.961	2.176	2.02	1.843	3
415	1.961	2.078	2.078	1.941	3
416	1.863	1.882	1.961	2.0	3
417	1.922	2.059	1.843	1.961	3
418	2.059	2.235	1.941	1.941	3
419	1.765	1.941	2.059	2.02	3
420	1.686	1.686	2.02	2.078	3
421	1.843	1.686	2.176	2.059	3
422	2.118	1.725	2.098	1.98	3
423	2.118	1.667	2.039	1.882	3
424	2.039	1.765	2.078	1.863	3
425	1.941	1.882	2.118	2.0	3
426	1.961	1.784	2.0	2.039	3
427	2.0	1.765	1.961	1.902	3
428	2.098	1.745	1.863	1.745	3
429	2.059	1.824	1.745	1.627	3
430	2.0	1.922	1.804	1.667	3
431	1.922	1.98	1.765	1.804	3
432	1.784	1.98	1.706	1.98	3
433	1.745	2.118	1.882	2.157	3
434	1.863	2.039	1.922	2.137	3
435	1.863	1.804	1.824	2.039	3
436	1.804	1.765	1.843	2.02	3
437	1.882	1.863	2.078	2.039	3
438	1.98	1.941	2.157	2.039	3
439	1.941	1.824	2.118	2.078	3
440	1.961	1.804	2.216	2.118	3
441	1.961	1.804	2.216	2.098	3
442	1.961	1.843	2.157	2.118	3
443	2.039	1.863	2.118	2.078	3
444	2.0	1.902	2.118	2.0	3
445	1.941	1.941	2.078	1.922	3
446	1.961	1.922	1.941	1.843	3
447	1.902	1.961	1.902	1.804	3
448	1.902	1.922	1.843	1.843	3
449	1.941	2.059	2.039	1.922	3
450	1.98	2.176	2.098	1.98	3
451	1.941	1.922	1.961	2.0	3
452	1.882	1.824	1.941	1.961	3
453	1.882	1.745	2.039	1.961	3
454	1.941	1.765	2.059	2.0	3
455	1.961	1.725	2.137	2.0	3
456	2.059	1.725	2.196	2.0	3
457	2.078	1.647	2.314	1.961	3
458	2.078	1.588	2.412	1.922	3
459	2.059	1.627	2.431	1.922	3
460	2.098	1.725	2.235	1.882	3
461	2.235	1.745	1.922	1.824	3
462	2.196	1.804	2.059	1.706	3
463	2.078	1.843	2.059	1.706	3
464	1.98	1.863	2.02	1.725	3
465	2.02	1.98	2.039	1.843	3
466	1.961	2.078	1.961	1.961	3
467	1.961	2.098	2.0	1.941	3
468	1.902	2.039	2.078	1.941	3
469	1.765	2.0	2.098	2.0	3
470	1.843	2.059	2.0	2.078	3
471	1.843	1.961	1.863	2.059	3
472	1.922	1.882	2.118	2.039	3
473	2.0	1.922	2.157	2.02	3
474	2.02	1.863	2.176	1.961	3
475	1.98	1.902	2.137	1.922	3
476	1.941	1.922	2.176	1.961	3
477	1.882	1.882	2.059	2.039	3
478	1.882	1.843	2.02	2.039	3
479	1.941	1.882	2.059	2.039	3
480	1.882	1.882	1.902	1.941	3
481	1.843	1.902	1.882	1.843	3
482	1.922	1.843	1.882	1.824	3
483	1.961	1.784	1.804	1.824	3
484	1.98	1.882	1.863	1.843	3
485	1.765	1.765	1.843	1.882	3
486	1.804	1.686	1.98	1.941	3
487	1.863	1.686	1.863	2.02	3
488	2.02	1.667	1.686	2.078	3
489	1.922	1.627	2.078	2.098	3
490	1.882	1.647	2.333	2.157	3
491	2.059	1.608	2.294	2.137	3
492	2.059	1.667	2.176	2.0	3
493	2.0	1.686	2.196	1.902	3
494	1.98	1.941	2.059	1.863	3
495	1.98	2.0	2.137	1.843	3
496	2.078	2.0	2.02	1.902	3
497	2.059	1.863	1.784	1.843	3
498	1.961	1.824	1.902	1.843	3
499	1.863	2.039	1.922	1.922	3
500	1.922	2.216	1.961	2.059	3
501	2.078	2.137	1.98	2.098	3
502	2.02	2.0	2.02	2.078	3
503	1.961	1.902	1.941	2.059	3
504	1.882	1.824	1.902	2.02	3
505	1.843	1.863	1.922	2.059	3
506	1.941	1.824	2.176	2.039	3
507	1.961	1.882	2.333	2.039	3
508	1.961	2.039	2.392	2.059	3
509	2.059	1.784	2.196	2.098	3
510	2.0	1.784	2.216	2.098	3
511	2.098	1.941	2.059	2.098	3
512	2.157	2.0	2.039	2.0	3
513	1.902	2.039	2.059	1.843	3
514	1.843	2.137	2.059	1.784	3
515	1.804	2.216	2.059	1.765	3
516	1.824	2.196	2.0	1.902	3
517	1.765	2.118	2.0	2.039	3
518	1.824	2.098	2.02	2.098	3
519	1.863	2.275	1.863	2.039	3
520	1.882	2.137	1.961	1.941	3
521	1.765	2.02	2.118	2.0	3
522	1.804	1.961	2.255	2.157	3
523	1.941	1.863	2.157	2.196	3
524	1.922	1.745	2.157	2.157	3
525	1.961	1.804	2.255	2.059	3
526	2.078	1.843	2.275	1.941	3
527	2.059	1.745	2.235	1.863	3
528	2.059	1.784	2.039	1.804	3
529	2.137	1.784	2.098	1.765	3
530	2.157	1.941	2.118	1.863	3
531	2.039	1.98	2.039	1.902	3
532	1.902	1.941	2.078	1.941	3
533	1.941	2.02	2.0	1.941	3
534	1.863	2.078	1.882	1.922	3
535	1.824	2.098	2.039	1.941	3
536	2.02	1.961	2.0	1.902	3
537	1.941	1.961	2.039	1.882	3
538	1.882	1.941	1.961	1.961	3
539	1.882	1.941	1.941	2.039	3
540	1.804	1.863	2.078	2.0	3
541	1.882	1.863	2.157	2.0	3
542	2.0	1.882	2.235	2.02	3
543	2.078	1.804	2.255	1.961	3
544	2.137	1.725	2.137	1.941	3
545	2.137	1.824	2.039	1.902	3
546	2.157	1.824	2.039	1.804	3
547	2.137	1.922	2.098	1.784	3
548	2.157	1.843	1.843	1.765	3
549	1.941	1.706	1.725	1.804	3
550	2.02	1.784	1.686	1.804	3
551	2.078	1.961	1.765	1.882	3
552	1.98	1.863	1.843	1.882	3
553	1.863	1.863	1.922	1.941	3
554	1.902	1.765	1.902	1.961	3
555	2.059	1.745	1.882	1.961	3
556	1.863	1.608	1.843	1.902	3
557	1.902	1.706	2.059	1.863	3
558	2.02	1.686	2.02	1.882	3
559	1.961	1.627	2.137	1.922	3
560	1.941	1.667	2.078	1.961	3
561	2.02	1.765	2.118	1.98	3
562	2.0	1.843	2.196	1.922	3
563	1.961	1.784	2.294	1.824	3
564	2.02	1.922	2.196	1.824	3
565	1.941	1.922	1.824	1.765	3
566	1.863	1.824	1.784	1.765	3
567	1.941	1.902	1.961	1.824	3
568	1.941	2.039	2.098	1.941	3
569	2.0	2.0	2.137	2.039	3
570	2.0	1.902	2.02	2.059	3
571	2.0	1.902	1.941	2.078	3
572	1.961	1.824	1.941	2.098	3
573	2.02	1.706	2.098	2.235	3
574	2.059	1.686	2.333	2.275	3
575	2.118	1.824	2.392	2.255	3
576	2.118	1.647	2.176	2.216	3
577	2.118	1.608	2.059	2.059	3
578	2.078	1.667	2.196	1.961	3
579	1.98	1.745	2.157	1.98	3
580	2.0	1.647	2.118	1.98	3
581	2.137	1.804	2.098	2.098	3
582	2.157	2.0	2.078	2.059	3
583	2.059	1.961	1.961	1.902	3
584	1.843	2.02	1.745	1.745	3
585	1.706	2.118	1.843	1.706	3
586	1.784	2.118	1.941	1.824	3
587	1.686	2.157	2.098	2.039	3
588	1.804	2.098	2.059	2.196	3
589	1.784	2.0	2.059	2.176	3
590	1.902	1.961	2.118	2.098	3
591	1.902	1.961	2.314	2.039	3
592	1.902	1.863	2.157	1.98	3
593	1.941	1.745	2.078	1.902	3
594	1.98	1.784	2.216	1.824	3
595	2.0	1.804	2.078	1.784	3
596	1.941	1.765	2.039	1.824	3
597	1.863	1.824	2.216	1.98	3
598	2.0	1.961	2.098	2.078	3
599	1.902	1.961	1.941	2.02	3
600	1.824	1.922	1.843	1.824	3
601	1.961	1.882	1.686	1.608	3
602	1.902	1.941	1.627	1.569	3
603	1.745	1.961	1.706	1.686	3
604	1.667	2.0	1.765	1.882	3
605	1.725	1.98	1.843	2.0	3
606	1.784	2.059	1.922	2.078	3
607	1.765	2.0	1.922	2.118	3
608	1.804	1.824	2.02	2.137	3
609	2.0	1.882	2.078	2.098	3
610	2.0	1.882	2.078	2.0	3
611	2.0	1.882	2.216	1.882	3
612	1.941	1.843	2.275	1.863	3
613	1.882	1.902	2.078	1.922	3
614	1.941	2.02	2.098	2.0	3
615	2.0	2.118	2.039	2.02	3
616	2.137	2.137	2.098	1.98	3
617	2.0	2.039	2.059	1.961	3
618	2.039	2.039	2.02	1.902	3
619	2.0	2.098	1.961	1.941	3
620	1.98	2.176	2.039	1.98	3
621	1.941	2.216	2.098	2.0	3
622	1.98	2.216	2.098	1.961	3
623	1.902	2.039	2.059	1.941	3
624	1.843	2.02	2.039	2.0	3
625	2.02	1.961	2.118	2.059	3
626	2.0	1.863	2.216	2.02	3
627	2.02	1.882	2.333	1.961	3
628	2.039	1.863	2.275	1.902	3
629	2.059	1.843	2.196	1.922	3
630	2.196	1.863	2.157	1.922	3
631	2.118	1.902	2.137	1.843	3
632	1.98	1.882	2.059	1.745	3
633	2.078	1.902	1.941	1.647	3
634	2.059	1.843	1.941	1.647	3
635	1.941	1.824	1.922	1.706	3
636	1.882	1.922	1.941	1.882	3
637	1.941	1.922	1.961	2.0	3
638	1.941	1.686	1.804	1.98	3
639	1.902	1.588	1.824	1.882	3
640	1.941	1.765	2.059	1.902	3
641	2.098	1.588	2.02	2.078	3
642	2.098	1.431	2.078	2.118	3
643	1.902	1.51	2.098	2.118	3
644	1.902	1.51	2.216	2.078	3
645	2.078	1.353	2.275	2.02	3
646	2.333	1.471	2.157	2.0	3
647	2.216	1.549	1.98	1.941	3
648	2.118	1.647	2.098	1.902	3
649	2.098	1.843	2.255	2.039	3
650	2.098	1.902	2.255	2.196	3
651	2.0	1.882	2.078	2.196	3
652	1.961	1.843	1.882	2.039	3
653	1.863	2.02	1.843	1.922	3
654	1.804	2.196	1.902	1.922	3
655	1.863	2.294	2.157	2.039	3
656	1.882	2.196	2.059	2.137	3
657	1.843	2.098	2.078	2.196	3
658	1.882	2.02	2.196	2.255	3
659	1.824	1.98	2.137	2.275	3
660	1.686	1.902	2.078	2.216	3
661	1.784	1.902	2.275	2.02	3
662	2.039	1.941	2.51	1.941	3
663	2.02	1.961	2.392	1.961	3
664	1.941	1.863	1.922	2.02	3
665	1.941	1.627	1.863	1.941	3
666	1.941	1.725	2.02	1.824	3
667	2.02	1.922	1.961	1.765	3
668	1.824	1.922	2.02	1.804	3
669	1.843	1.882	2.02	1.922	3
670	1.941	1.843	1.882	2.02	3
671	1.902	1.804	1.784	2.039	3
672	1.784	1.863	1.784	1.941	3
673	1.804	1.725	1.824	1.882	3
674	2.0	1.804	1.941	1.941	3
675	2.0	1.941	2.02	2.039	3
676	1.882	1.941	1.98	2.078	3
677	1.863	1.961	2.02	2.059	3
678	1.843	1.706	2.078	2.059	3
679	1.863	1.569	2.137	2.02	3
680	2.118	1.706	2.157	1.961	3
681	2.216	1.686	2.02	1.941	3
682	2.255	1.824	2.0	1.882	3
683	2.196	1.882	2.059	1.784	3
684	2.039	1.882	1.843	1.706	3
685	1.961	2.059	1.843	1.706	3
686	1.941	2.157	2.078	1.824	3
687	1.98	2.02	1.902	1.941	3
688	1.961	1.686	1.647	1.863	3
689	2.157	1.667	1.745	1.745	3
690	2.275	1.882	1.804	1.725	3
691	1.941	2.059	1.882	1.824	3
692	1.843	2.176	2.078	2.078	3
693	1.804	2.039	2.235	2.255	3
694	1.941	1.941	2.078	2.196	3
695	2.078	1.98	2.059	1.902	3
696	2.216	1.941	2.039	1.608	3
697	2.039	1.922	1.941	1.431	3
698	1.863	1.922	2.098	1.608	3
699	1.765	2.0	2.039	1.941	3
700	1.765	2.098	2.059	2.039	3
701	1.843	2.157	1.98	1.922	3
702	1.98	2.157	1.765	1.686	3
703	1.922	2.137	1.843	1.51	3
704	1.706	2.137	1.98	1.51	3
705	1.784	2.157	1.843	1.667	3
706	1.843	2.039	1.961	1.882	3
707	1.804	1.961	2.0	2.098	3
708	1.667	1.941	2.118	2.275	3
709	1.667	1.824	2.078	2.216	3
710	1.824	1.824	2.235	2.059	3
711	1.922	1.941	2.294	1.941	3
712	1.882	1.882	2.255	1.922	3
713	1.922	1.882	2.196	2.02	3
714	2.0	1.804	2.196	2.098	3
715	2.02	1.725	2.137	2.078	3
716	1.922	1.765	2.196	1.98	3
717	1.902	1.882	2.157	1.922	3
718	1.941	1.941	1.98	1.843	3
719	1.902	1.98	1.961	1.863	3
720	1.863	2.059	2.0	1.961	3
721	1.824	1.882	1.922	2.0	3
722	1.843	1.922	2.02	2.059	3
723	1.902	1.882	1.843	2.059	3
724	1.863	1.765	1.804	2.0	3
725	1.882	1.902	2.078	2.0	3
726	2.059	1.863	2.176	2.078	3
727	2.039	1.745	2.235	2.137	3
728	2.039	1.706	2.255	2.137	3
729	2.02	1.647	2.275	2.137	3
730	2.118	1.824	2.392	2.196	3
731	2.157	1.804	2.314	2.294	3
732	2.216	1.725	2.333	2.294	3
733	2.314	1.686	2.275	2.157	3
734	2.353	1.902	2.275	2.039	3
735	2.196	1.98	2.196	1.922	3
736	2.137	1.922	2.039	1.941	3
737	2.118	1.941	2.0	2.0	3
738	2.059	2.137	2.098	2.098	3
739	1.863	1.961	2.098	2.157	3
740	1.922	1.863	1.98	2.137	3
741	2.118	1.804	1.961	2.039	3
742	2.0	1.882	1.902	2.02	3
743	1.902	1.941	2.157	2.02	3
744	2.02	1.863	2.235	2.098	3
745	2.059	1.765	2.255	2.176	3
746	1.98	1.745	2.275	2.176	3
747	1.941	1.686	2.118	2.059	3
748	2.157	1.804	2.078	1.941	3
749	2.098	1.824	2.157	1.863	3
750	1.902	1.765	2.196	1.902	3
751	2.02	1.725	2.118	1.882	3
752	2.196	1.765	1.941	1.843	3
753	2.137	1.706	1.863	1.745	3
754	2.059	1.667	1.941	1.667	3
755	2.0	1.706	2.0	1.667	3
756	1.98	1.882	1.686	1.686	3
757	2.039	1.882	1.706	1.706	3
758	1.882	2.059	2.0	1.804	3
759	1.725	2.255	2.039	2.02	3
760	1.686	2.039	2.059	2.118	3
761	1.941	1.608	2.078	2.02	3
762	2.118	1.51	2.0	1.824	3
763	2.176	1.784	2.157	1.745	3
764	2.059	1.824	2.196	1.804	3
765	1.863	1.804	1.98	1.882	3
766	2.059	2.039	1.941	1.941	3
767	2.078	2.118	2.098	1.922	3
768	1.98	2.176	2.098	1.961	3
769	1.765	2.255	1.922	1.98	3
770	1.647	2.118	1.647	1.98	3
771	1.824	1.941	1.667	1.824	3
772	1.902	2.118	1.804	1.765	3
773	1.784	2.255	1.922	1.824	3
774	1.667	2.078	1.863	1.941	3
775	1.725	1.961	1.745	2.02	3
776	1.706	2.02	2.02	2.157	3
777	1.882	2.078	2.118	2.235	3
778	1.902	1.98	1.902	2.157	3
779	1.784	1.902	1.843	1.98	3
780	1.784	1.863	2.039	1.882	3
781	1.784	1.784	2.137	1.824	3
782	1.961	1.882	2.118	1.804	3
783	2.0	1.882	2.02	1.765	3
784	1.902	1.882	2.137	1.882	3
785	2.0	2.059	2.216	2.0	3
786	2.059	2.0	1.902	2.02	3
787	1.961	1.784	1.608	1.843	3
788	1.98	1.863	1.784	1.667	3
789	1.961	2.078	1.961	1.667	3
790	1.765	2.098	2.02	1.824	3
791	1.765	2.0	1.922	2.0	3
792	1.804	1.941	1.902	2.059	3
793	1.863	1.843	1.902	2.098	3
794	1.961	1.765	1.941	2.02	3
795	2.0	1.588	1.941	1.922	3
796	1.902	1.588	2.039	1.824	3
797	1.941	1.765	2.294	1.843	3
798	2.078	1.706	2.412	1.941	3
799	2.059	1.569	2.216	2.02	3
800	1.941	1.647	2.196	2.118	3
801	2.0	1.824	2.275	2.078	3
802	2.137	1.725	2.0	1.922	3
803	1.922	1.569	1.784	1.706	3
804	1.941	1.686	1.843	1.588	3
805	2.059	1.922	2.059	1.667	3
806	2.059	2.0	2.059	1.843	3
807	2.0	2.0	2.059	2.098	3
808	1.804	2.078	2.039	2.176	3
809	1.843	1.843	1.824	2.098	3
810	1.941	1.804	1.804	2.0	3
811	1.922	1.824	2.0	1.843	3
812	1.98	1.824	2.118	1.784	3
813	1.922	1.863	2.216	1.765	3
814	2.0	1.941	2.255	1.863	3
815	2.059	1.843	2.294	2.039	3
816	2.157	1.902	2.392	2.314	3
817	2.118	1.824	2.235	2.353	3
818	2.118	1.784	2.039	2.039	3
819	2.176	2.078	2.196	1.706	3
820	1.98	2.294	2.314	1.647	3
821	2.078	2.157	2.176	1.784	3
822	2.157	1.98	2.078	1.902	3
823	2.039	1.98	1.922	2.078	3
824	2.02	1.941	2.039	2.216	3
825	2.059	1.882	2.137	2.294	3
826	2.039	1.882	2.216	2.294	3
827	2.039	1.961	2.373	2.333	3
828	2.118	1.902	2.275	2.314	3
829	2.098	1.961	2.098	2.314	3
830	1.765	1.922	2.235	2.314	3
831	1.804	1.863	2.392	2.294	3
832	2.137	1.667	2.353	2.176	3
833	2.275	1.686	2.255	2.02	3
834	2.176	1.686	2.235	1.961	3
835	2.039	1.843	2.196	1.961	3
836	1.98	1.98	2.098	2.039	3
837	2.059	2.176	2.098	2.118	3
838	1.941	2.078	1.98	2.059	3
839	1.843	2.02	1.882	1.843	3
840	1.882	2.118	1.922	1.765	3
841	1.863	2.078	1.961	1.824	3
842	1.843	1.98	1.961	1.961	3
843	1.843	1.98	1.941	2.039	3
844	1.725	2.02	1.902	2.0	3
845	1.686	2.0	2.137	2.059	3
846	1.863	1.784	2.176	2.039	3
847	2.118	1.647	2.039	1.98	3
848	2.02	1.706	2.137	1.882	3
849	1.843	1.824	2.255	1.804	3
850	1.902	1.902	2.098	1.804	3
851	1.922	1.863	1.98	1.863	3
852	1.843	1.804	2.059	1.863	3
853	2.078	1.804	1.824	1.706	3
854	2.039	1.922	1.804	1.549	3
855	1.824	1.941	1.843	1.49	3
856	1.941	1.98	1.686	1.686	3
857	1.863	2.098	1.706	1.922	3
858	1.804	1.843	1.882	1.98	3
859	1.863	1.745	1.843	1.882	3
860	1.98	1.725	1.529	1.725	3
861	1.843	1.725	1.745	1.608	3
862	1.843	1.627	1.843	1.706	3
863	1.961	1.608	1.98	1.961	3
864	1.922	1.471	2.078	2.196	3
865	1.902	1.471	1.961	2.235	3
866	2.0	1.549	2.039	2.078	3
867	2.098	1.706	2.039	1.882	3
868	2.137	1.843	2.02	1.765	3
869	2.039	1.725	2.118	1.765	3
870	1.863	1.569	1.882	1.804	3
871	1.961	1.667	1.784	1.863	3
872	2.0	1.745	1.804	1.941	3
873	2.02	1.863	1.863	1.941	3
874	1.941	2.02	1.902	1.902	3
875	1.922	2.098	1.902	1.863	3
876	1.961	1.922	1.784	1.784	3
877	1.804	1.804	1.588	1.686	3
878	1.784	2.078	1.863	1.843	3
879	1.784	2.176	2.118	2.137	3
880	1.843	2.039	2.255	2.294	3
881	1.922	1.765	2.216	2.275	3
882	2.059	1.725	2.216	2.098	3
883	2.118	1.824	2.255	1.863	3
884	2.0	2.0	2.216	1.804	3
885	2.02	2.039	2.196	1.824	3
886	2.078	1.98	2.255	1.882	3
887	2.0	2.118	2.235	1.922	3
888	2.059	2.176	2.255	1.922	3
889	2.098	2.157	2.078	1.922	3
890	2.02	2.118	2.039	1.863	3
891	1.824	2.098	2.02	1.804	3
892	1.725	2.0	2.059	1.824	3
893	1.922	2.0	2.078	1.941	3
894	2.039	1.922	2.157	2.078	3
895	2.078	1.784	2.176	2.078	3
896	2.0	1.863	2.235	2.098	3
897	1.843	1.824	2.235	2.059	3
898	1.588	1.608	2.275	2.039	3
899	1.941	1.529	2.294	2.039	3
900	2.235	1.627	2.216	1.961	3
901	2.098	1.765	2.098	1.902	3
902	1.902	1.765	2.039	1.843	3
903	1.804	1.706	2.098	1.843	3
904	1.961	1.863	2.255	1.941	3
905	2.059	2.0	2.02	1.98	3
906	1.902	1.922	1.745	1.98	3
907	1.765	2.0	1.922	1.941	3
908	1.804	2.078	1.843	2.02	3
909	1.941	2.294	1.902	2.118	3
910	1.843	2.078	1.961	2.137	3
911	1.706	1.941	1.922	2.098	3
912	1.725	1.902	1.941	2.078	3
913	1.804	1.902	2.039	2.118	3
914	1.961	1.902	2.118	2.275	3
915	2.02	1.804	2.059	2.314	3
916	2.078	1.902	2.216	2.333	3
917	2.137	1.941	2.471	2.294	3
918	2.098	1.882	2.275	2.235	3
919	2.098	1.765	2.255	2.176	3
920	2.118	1.882	2.294	2.137	3
921	2.02	2.02	2.333	2.137	3
922	2.235	2.039	2.235	2.137	3
923	2.118	1.98	1.941	1.98	3
924	2.137	2.078	2.059	1.882	3
925	2.098	2.118	1.843	1.824	3
926	1.961	2.039	1.824	1.784	3
927	2.078	2.118	2.118	1.902	3
928	2.098	1.961	2.176	2.059	3
929	1.98	1.922	2.02	2.137	3
930	1.863	1.902	1.784	2.078	3
931	1.765	1.882	2.157	2.02	3
932	1.98	1.961	2.451	1.98	3
933	2.02	1.725	2.255	1.961	3
934	1.961	1.49	2.0	1.882	3
935	2.176	1.667	2.098	1.824	3
936	2.275	1.647	2.157	1.843	3
937	2.078	1.765	2.294	1.863	3
938	2.02	1.902	2.039	1.863	3
939	1.922	2.059	1.843	1.804	3
940	1.941	1.98	1.745	1.745	3
941	1.961	1.902	1.863	1.667	3
942	2.078	1.882	1.706	1.608	3
943	1.902	1.863	1.706	1.647	3
944	1.784	1.882	1.863	1.804	3
945	2.078	1.882	1.863	2.0	3
946	1.961	1.843	1.882	2.039	3
947	1.922	1.706	1.804	1.902	3
948	1.843	1.804	1.824	1.784	3
949	1.843	1.843	1.902	1.667	3
950	1.863	1.745	2.0	1.667	3
951	1.902	1.824	2.137	1.706	3
952	1.902	1.745	2.039	1.765	3
953	1.902	1.588	1.902	1.784	3
954	1.961	1.863	2.02	1.765	3
955	2.02	2.0	2.0	1.706	3
956	1.863	2.039	2.02	1.706	3
957	1.843	2.078	1.902	1.804	3
958	1.843	2.216	1.882	1.863	3
959	1.804	2.098	1.745	1.843	3
960	1.784	2.0	1.784	1.725	3
961	1.882	2.0	1.941	1.706	3
962	1.765	2.078	1.98	1.843	3
963	1.608	2.039	1.961	2.0	3
964	1.784	1.843	2.0	2.157	3
965	1.941	1.784	2.039	2.255	3
966	2.0	1.686	2.098	2.216	3
967	2.039	1.627	2.078	2.137	3
968	2.098	1.745	2.137	2.039	3
969	2.216	1.765	2.118	1.922	3
970	2.118	1.784	2.255	1.98	3
971	2.059	1.863	2.294	2.078	3
972	1.902	1.824	2.157	2.039	3
973	1.961	1.804	1.902	1.882	3
974	2.078	1.902	1.784	1.667	3
975	2.059	2.039	2.02	1.647	3
976	2.078	2.078	2.0	1.804	3
977	2.118	1.882	1.961	1.961	3
978	2.02	1.863	2.02	1.98	3
979	1.922	1.804	2.098	1.941	3
980	1.824	1.725	2.059	1.961	3
981	1.961	1.725	2.137	2.157	3
982	2.0	1.667	2.333	2.314	3
983	2.059	1.824	2.392	2.275	3
984	1.941	2.0	2.373	2.235	3
985	1.824	1.706	2.294	2.118	3
986	2.039	1.49	2.373	1.98	3
987	2.176	1.549	2.431	2.0	3
988	2.059	1.725	2.392	2.118	3
989	2.157	1.824	2.294	2.216	3
990	2.098	1.941	2.294	2.255	3
991	2.02	1.745	2.059	2.176	3
992	1.98	1.667	1.824	2.039	3
993	2.059	1.961	2.196	2.039	3
994	1.863	2.137	2.275	2.235	3
995	1.765	2.0	1.843	2.275	3
996	1.863	1.941	1.745	2.216	3
997	1.804	1.843	2.039	2.118	3
998	1.98	1.667	2.353	2.176	3
999	2.176	1.51	2.549	2.235	3
1000	2.275	1.471	2.333	2.196	3
1001	2.02	1.765	1.863	2.098	3
1002	1.686	1.98	2.118	2.098	3
1003	1.882	1.765	2.196	2.098	3
1004	2.137	1.882	2.216	2.098	3
1005	2.118	2.098	2.196	2.098	3
1006	1.98	2.137	2.118	2.039	3
1007	1.902	2.216	2.137	1.961	3
1008	1.922	2.275	1.941	1.922	3
1009	1.706	2.137	1.902	1.824	3
1010	1.784	2.373	1.902	1.784	3
1011	1.961	2.549	1.824	1.784	3
1012	1.98	2.353	1.745	1.824	3
1013	1.706	2.235	1.863	1.863	3
1014	1.686	2.196	1.961	1.882	3
1015	1.922	2.176	1.922	1.98	3
1016	1.863	2.059	1.863	1.922	3
1017	1.765	1.882	2.235	1.902	3
1018	1.824	1.843	2.157	1.922	3
1019	1.98	1.686	1.961	1.882	3
1020	2.137	1.51	2.0	1.824	3
1021	2.176	1.725	2.118	1.765	3
1022	2.039	1.902	1.882	1.706	3
1023	1.882	1.922	1.961	1.686	3
1024	1.804	1.922	1.941	1.706	3
1025	1.961	1.804	1.765	1.725	3
1026	2.02	1.941	1.784	1.745	3
1027	1.961	2.118	1.843	1.804	3
1028	1.824	1.961	1.882	1.882	3
1029	1.745	1.843	1.765	1.863	3
1030	1.706	1.941	1.608	1.882	3
1031	1.843	1.98	1.745	1.941	3
1032	1.706	1.882	1.863	1.941	3
1033	1.804	1.804	2.0	1.941	3
1034	1.882	1.745	2.098	1.902	3
1035	2.02	1.667	2.137	1.863	3
1036	2.098	1.588	2.098	1.824	3
1037	2.059	1.431	2.039	1.745	3
1038	2.059	1.451	2.078	1.765	3
1039	2.176	1.627	2.039	1.725	3
1040	2.157	1.824	1.824	1.784	3
1041	1.725	1.98	2.039	1.843	3
1042	1.902	1.784	2.059	1.804	3
1043	2.176	1.706	1.902	1.725	3
1044	2.098	1.882	1.804	1.667	3
1045	1.941	2.118	1.941	1.745	3
1046	2.02	2.157	1.98	1.863	3
1047	1.941	2.098	1.882	1.961	3
1048	1.804	1.961	1.922	1.941	3
1049	1.804	1.922	2.078	1.98	3
1050	1.804	1.863	2.216	2.098	3
1051	1.98	1.902	2.314	2.176	3
1052	2.059	1.98	2.314	2.275	3
1053	1.98	1.882	2.314	2.235	3
1054	2.0	1.843	2.333	2.098	3
1055	1.882	1.784	2.137	1.922	3
1056	1.98	1.804	2.078	1.824	3
1057	2.118	1.902	2.118	1.863	3
1058	2.118	1.882	2.157	1.98	3
1059	2.176	1.863	1.98	1.98	3
1060	2.059	1.863	1.98	1.882	3
1061	1.961	1.882	1.863	1.784	3
1062	1.863	1.961	1.863	1.824	3
1063	1.941	1.902	1.922	1.902	3
1064	2.0	1.765	2.02	2.098	3
1065	1.941	1.725	2.098	2.235	3
1066	1.961	1.725	2.137	2.275	3
1067	2.157	1.784	2.098	2.196	3
1068	2.235	1.706	2.196	2.118	3
1069	2.059	1.49	2.118	2.059	3
1070	2.0	1.431	2.294	2.039	3
1071	2.098	1.49	2.431	2.078	3
1072	2.118	1.569	2.196	2.176	3
1073	2.118	1.667	2.216	2.176	3
1074	2.157	1.686	2.216	2.078	3
1075	2.157	2.02	2.137	2.059	3
1076	1.765	2.196	2.216	2.059	3
1077	1.765	1.667	2.157	2.078	3
1078	2.02	1.627	1.961	1.98	3
1079	1.961	2.078	1.863	1.902	3
1080	1.863	2.275	1.941	1.922	3
1081	1.804	2.216	2.235	2.0	3
1082	1.686	2.098	2.235	2.098	3
1083	1.588	2.059	1.902	2.216	3
1084	1.824	2.039	1.961	2.216	3
1085	1.941	2.02	2.373	2.196	3
1086	1.961	1.882	2.275	2.098	3
1087	1.882	1.961	2.196	1.941	3
1088	1.863	2.039	2.098	1.824	3
1089	1.843	2.275	2.333	1.882	3
1090	2.078	2.255	2.392	2.02	3
1091	2.176	2.039	2.176	2.039	3
1092	2.059	1.922	1.98	1.922	3
1093	2.118	1.98	1.745	1.725	3
1094	1.961	2.0	1.784	1.647	3
1095	1.961	2.216	2.039	1.765	3
1096	1.941	2.216	1.863	1.961	3
1097	1.804	2.118	1.902	2.039	3
1098	1.922	2.078	2.059	2.039	3
1099	1.922	1.941	1.922	2.0	3
1100	1.843	1.843	1.941	1.882	3
1101	1.922	1.647	2.039	1.843	3
1102	2.039	1.569	1.98	1.843	3
1103	2.059	1.627	2.078	1.941	3
1104	2.059	1.784	2.235	2.059	3
1105	2.078	1.902	2.235	2.098	3
1106	2.059	1.902	2.216	2.098	3
1107	2.0	1.706	2.059	1.941	3
1108	2.098	1.627	1.961	1.745	3
1109	2.039	1.549	1.882	1.686	3
1110	1.961	1.471	1.765	1.608	3
1111	2.098	1.647	1.745	1.608	3
1112	2.118	2.0	1.725	1.745	3
1113	1.667	2.275	1.882	1.98	3
1114	1.667	2.02	1.863	2.098	3
1115	1.98	1.804	1.902	2.039	3
1116	2.0	1.902	1.902	1.961	3
1117	1.627	1.824	1.745	1.922	3
1118	1.667	1.804	1.706	1.941	3
1119	1.824	1.706	2.0	2.0	3
1120	1.961	1.725	2.176	2.039	3
1121	2.039	1.745	2.176	1.941	3
1122	2.0	1.804	2.196	1.922	3
1123	2.0	1.902	2.157	1.941	3
1124	1.961	2.0	2.02	1.961	3
1125	1.902	2.098	1.961	1.961	3
1126	1.882	2.059	1.941	1.882	3
1127	1.922	2.059	1.863	1.863	3
1128	1.804	2.157	1.922	1.882	3
1129	1.941	2.235	1.863	1.824	3
1130	1.98	2.196	1.824	1.863	3
1131	2.0	2.137	1.902	1.882	3
1132	1.941	2.039	1.941	1.941	3
1133	1.863	1.961	1.941	1.961	3
1134	1.843	2.02	1.98	1.98	3
1135	1.863	2.0	1.961	1.98	3
1136	1.863	1.961	2.0	1.882	3
1137	1.804	1.863	2.137	1.824	3
1138	1.882	1.647	2.196	1.804	3
1139	1.843	1.804	2.137	1.922	3
1140	1.941	1.824	2.098	1.961	3
1141	1.98	1.667	2.02	1.882	3
1142	2.0	1.608	2.02	1.765	3
1143	2.039	1.765	2.118	1.706	3
1144	2.02	1.882	2.039	1.765	3
1145	1.882	1.843	1.941	1.824	3
1146	1.902	1.863	1.922	1.902	3
1147	1.725	1.98	1.902	1.922	3
1148	1.843	1.882	1.941	1.922	3
1149	1.804	1.784	1.961	1.98	3
1150	1.863	1.824	2.0	2.157	3
1151	1.98	1.804	2.098	2.235	3
1152	2.02	1.902	2.235	2.275	3
1153	2.0	1.902	2.412	2.275	3
1154	2.039	1.824	2.176	2.176	3
1155	2.0	1.706	2.255	2.118	3
1156	2.118	1.765	2.275	2.098	3
1157	2.216	1.824	2.333	2.098	3
1158	2.255	1.843	2.275	2.078	3
1159	2.059	1.902	2.333	2.059	3
1160	2.157	2.02	2.294	2.039	3
1161	2.216	2.02	2.196	2.0	3
1162	2.039	2.02	2.294	1.961	3
1163	2.157	2.098	2.078	2.02	3
1164	2.176	1.941	1.765	2.0	3
1165	1.902	1.843	1.863	1.941	3
1166	1.941	1.824	2.118	1.922	3
1167	2.039	1.745	2.157	2.02	3
1168	2.157	1.902	2.216	2.196	3
1169	2.216	1.882	2.176	2.333	3
1170	1.922	1.725	2.333	2.314	3
1171	1.686	1.667	2.314	2.235	3
1172	2.059	1.373	2.255	2.078	3
1173	2.294	1.235	2.235	1.902	3
1174	2.255	1.294	2.176	1.824	3
1175	2.216	1.275	2.098	1.843	3
1176	2.176	1.647	2.216	1.922	3
1177	2.078	1.784	2.078	1.961	3
1178	2.02	1.863	1.804	1.98	3
1179	1.706	2.196	1.784	1.941	3
1180	1.686	2.235	1.941	1.902	3
1181	1.824	1.882	1.941	1.922	3
1182	1.941	1.765	1.843	1.882	3
1183	1.882	1.941	1.824	1.824	3
1184	1.941	2.176	1.941	1.882	3
1185	1.922	2.412	2.137	2.039	3
1186	1.745	2.353	2.157	2.176	3
1187	1.902	2.118	2.02	2.157	3
1188	1.961	2.059	2.02	2.039	3
1189	1.941	2.098	2.216	1.941	3
1190	2.039	2.078	2.196	1.882	3
1191	2.059	2.196	2.255	1.961	3
1192	1.784	2.137	2.0	2.0	3
1193	1.569	2.196	1.882	1.882	3
1194	2.118	2.137	2.118	1.784	3
1195	2.118	1.902	2.353	1.745	3
1196	1.961	1.745	2.176	1.804	3
1197	2.059	1.765	1.373	1.804	3
1198	1.706	1.922	1.431	1.824	3
1199	1.49	2.078	1.824	1.882	3
1200	1.745	2.176	2.059	1.902	3
1201	1.824	2.118	2.098	1.941	3
1202	1.863	1.961	2.098	2.0	3
1203	1.843	1.686	1.882	1.961	3
1204	1.706	1.451	1.902	1.843	3
1205	1.804	1.569	1.961	1.804	3
1206	1.902	1.667	1.961	1.843	3
1207	1.922	1.863	1.98	1.882	3
1208	1.961	1.961	2.118	1.902	3
1209	1.902	1.922	2.137	1.922	3
1210	1.863	1.902	2.078	2.0	3
1211	2.137	1.863	1.784	1.882	3
1212	2.078	1.882	1.725	1.667	3
1213	1.922	1.961	1.824	1.549	3
1214	2.059	2.078	1.784	1.588	3
1215	2.039	2.098	1.706	1.686	3
1216	1.843	2.059	1.843	1.922	3
1217	1.784	2.118	1.902	2.039	3
1218	1.882	2.02	1.922	2.098	3
1219	1.843	1.941	2.0	2.059	3
1220	1.922	1.863	2.0	1.961	3
1221	2.0	1.784	2.176	1.882	3
1222	2.078	1.745	2.118	1.843	3
1223	1.98	1.686	2.157	1.902	3
1224	1.98	1.686	2.216	2.0	3
1225	2.078	1.725	2.157	2.118	3
1226	2.137	1.804	2.216	2.098	3
1227	2.157	1.706	2.216	2.02	3
1228	2.02	1.784	2.275	1.882	3
1229	2.059	1.745	2.059	1.824	3
1230	1.941	1.608	1.843	1.765	3
1231	1.882	1.627	1.843	1.725	3
1232	2.078	1.843	1.941	1.863	3
1233	2.0	1.902	1.98	2.039	3
1234	1.863	1.941	1.941	2.176	3
1235	1.745	1.941	1.961	2.235	3
1236	2.02	1.784	1.961	2.157	3
1237	2.02	1.569	2.059	1.98	3
1238	2.0	1.667	2.294	1.882	3
1239	2.137	1.706	2.275	1.961	3
1240	2.039	1.647	2.294	2.059	3
1241	1.922	1.51	2.157	2.137	3
1242	2.098	1.843	2.0	2.118	3
1243	2.157	2.02	2.157	2.078	3
1244	2.078	1.863	2.039	1.922	3
1245	2.02	1.745	2.157	1.804	3
1246	2.118	1.824	2.216	1.784	3
1247	2.176	1.902	2.118	1.863	3
1248	1.902	1.98	1.941	1.922	3
1249	1.882	2.0	1.706	1.98	3
1250	2.039	2.059	1.824	2.078	3
1251	1.863	2.216	2.059	2.157	3
1252	1.941	2.216	2.314	2.235	3
1253	1.941	2.02	2.314	2.255	3
1254	1.902	1.725	2.255	2.216	3
1255	1.961	1.431	2.275	2.078	3
1256	2.02	1.412	2.118	2.0	3
1257	2.118	1.51	2.137	1.98	3
1258	2.157	1.627	2.333	2.02	3
1259	2.196	1.824	2.392	2.039	3
1260	1.941	2.216	2.353	2.157	3
1261	1.608	2.235	2.137	2.216	3
1262	1.824	2.098	2.196	2.078	3
1263	2.039	1.863	2.118	1.882	3
1264	2.137	1.706	1.843	1.686	3
1265	1.902	1.922	1.882	1.647	3
1266	1.882	2.235	2.078	1.863	3
1267	1.863	2.451	1.98	2.098	3
1268	1.627	2.569	1.784	2.176	3
1269	1.686	2.451	1.863	2.118	3
1270	1.765	2.353	1.961	2.0	3
1271	1.667	2.196	2.039	1.98	3
1272	1.765	2.235	2.157	2.059	3
1273	1.765	2.333	2.157	2.157	3
1274	1.843	2.118	2.196	2.118	3
1275	2.137	1.941	2.216	1.961	3
1276	2.078	1.804	2.078	1.784	3
1277	2.059	1.745	1.922	1.745	3
1278	2.137	1.843	2.098	1.725	3
1279	2.118	1.902	2.098	1.843	3
1280	1.941	2.02	2.039	1.922	3
1281	1.784	1.98	1.882	1.922	3
1282	1.941	1.784	1.745	1.843	3
1283	2.059	1.843	1.765	1.784	3
1284	2.078	1.902	1.922	1.804	3
1285	1.98	1.863	1.824	1.863	3
1286	2.0	1.882	1.843	1.902	3
1287	1.922	1.843	2.039	1.98	3
1288	1.784	1.804	1.941	2.0	3
1289	1.941	1.725	2.02	1.941	3
1290	1.98	1.765	2.118	1.882	3
1291	1.98	1.686	2.039	1.843	3
1292	1.922	1.686	2.078	1.863	3
1293	1.961	1.765	2.137	1.882	3
1294	2.039	1.706	2.078	1.922	3
1295	1.941	1.647	2.039	1.843	3
1296	1.941	1.667	1.961	1.745	3
1297	2.0	1.667	1.902	1.725	3
1298	1.922	1.667	1.882	1.686	3
1299	1.961	1.824	1.961	1.804	3
1300	1.824	1.765	1.804	1.902	3
1301	1.882	1.667	1.725	1.98	3
1302	1.882	1.569	1.902	1.98	3
1303	1.882	1.588	1.902	1.961	3
1304	1.804	1.706	1.961	2.0	3
1305	1.882	1.784	2.059	2.059	3
1306	1.882	1.765	2.176	2.137	3
1307	1.922	1.647	2.235	2.176	3
1308	2.118	1.529	2.235	2.157	3
1309	2.118	1.804	2.098	2.039	3
1310	1.98	1.863	2.039	1.941	3
1311	2.02	2.0	2.157	1.922	3
1312	2.157	2.059	2.176	1.902	3
1313	2.157	2.039	2.039	1.784	3
1314	2.098	2.039	1.941	1.686	3
1315	2.039	2.078	1.882	1.686	3
1316	2.059	2.157	2.039	1.784	3
1317	1.961	2.078	1.941	1.882	3
1318	1.843	2.039	1.765	1.941	3
1319	2.039	2.118	2.039	1.98	3
1320	2.02	1.804	2.157	1.961	3
1321	1.961	1.549	1.902	1.961	3
1322	1.941	1.529	1.882	1.98	3
1323	1.941	1.804	2.098	1.98	3
1324	2.039	1.882	2.078	1.961	3
1325	1.824	1.882	2.235	2.02	3
1326	1.863	1.686	2.235	2.02	3
1327	2.157	1.667	2.294	2.118	3
1328	2.314	1.725	2.431	2.196	3
1329	2.176	1.725	2.137	2.137	3
1330	1.902	1.804	1.98	1.863	3
1331	1.902	2.02	1.941	1.725	3
1332	1.98	2.157	1.922	1.745	3
1333	2.059	2.118	2.02	1.824	3
1334	2.137	1.98	1.902	1.941	3
1335	1.784	2.176	1.98	2.137	3
1336	1.686	2.216	1.961	2.314	3
1337	2.118	2.196	2.059	2.275	3
1338	1.922	2.0	2.255	2.157	3
1339	1.804	1.725	2.294	2.02	3
1340	1.961	1.569	2.314	1.961	3
1341	2.039	1.588	2.314	2.0	3
1342	1.922	1.745	2.353	2.118	3
1343	1.843	1.765	2.196	2.235	3
1344	2.0	1.784	2.216	2.294	3
1345	1.961	1.863	2.216	2.196	3
1346	1.961	1.784	2.255	2.02	3
1347	2.039	2.0	2.255	1.882	3
1348	1.922	2.078	2.098	1.882	3
1349	1.824	2.0	1.902	1.941	3
1350	1.765	2.235	2.039	2.0	3
1351	1.824	2.49	1.922	2.02	3
1352	1.765	2.314	1.882	2.0	3
1353	1.863	2.216	1.922	1.98	3
1354	1.941	2.275	1.941	2.0	3
1355	1.843	2.333	2.0	2.078	3
1356	1.843	2.255	2.078	2.157	3
1357	1.843	2.098	2.098	2.137	3
1358	1.941	1.941	2.059	2.078	3
1359	2.02	1.961	2.216	2.039	3
1360	2.078	1.961	2.196	1.961	3
1361	2.118	1.922	2.02	1.941	3
1362	1.98	1.961	2.078	1.941	3
1363	1.863	1.804	2.0	1.922	3
1364	2.02	1.902	1.961	1.882	3
1365	2.059	1.902	1.882	1.804	3
1366	2.02	1.922	1.745	1.706	3
1367	1.882	1.824	1.725	1.647	3
1368	1.824	1.863	1.745	1.647	3
1369	1.706	1.882	1.765	1.725	3
1370	1.706	1.843	1.804	1.863	3
1371	1.824	1.863	1.843	1.922	3
1372	1.882	1.804	1.941	1.961	3
1373	1.961	1.784	1.98	1.98	3
1374	1.961	1.706	2.157	1.941	3
1375	1.863	1.588	2.0	1.843	3
1376	1.922	1.725	2.216	1.863	3
1377	2.118	1.902	2.216	1.902	3
1378	2.059	1.745	2.157	1.922	3
1379	2.039	1.627	2.118	1.824	3
1380	2.0	1.569	1.961	1.706	3
1381	2.039	1.706	1.98	1.725	3
1382	2.196	1.843	1.98	1.745	3
1383	2.118	1.882	1.941	1.784	3
1384	2.0	1.961	1.922	1.804	3
1385	2.02	1.922	1.843	1.824	3
1386	2.039	1.804	1.863	1.784	3
1387	1.98	1.784	1.843	1.745	3
1388	1.922	1.725	1.824	1.765	3
1389	1.922	1.725	1.804	1.882	3
1390	1.863	1.725	2.02	1.961	3
1391	1.882	1.686	2.431	2.078	3
1392	2.157	1.471	2.137	2.059	3
1393	2.294	1.353	1.941	1.922	3
1394	2.078	1.392	2.078	1.824	3
1395	2.078	1.431	1.961	1.824	3
1396	2.137	1.667	2.176	1.941	3
1397	2.0	2.039	2.353	2.098	3
1398	1.824	2.059	2.333	2.176	3
1399	1.941	1.686	2.118	2.0	3
1400	1.961	1.706	1.98	1.784	3
1401	1.98	2.02	1.745	1.686	3
1402	2.0	2.059	1.627	1.725	3
1403	1.843	1.961	1.784	1.922	3
1404	1.784	2.098	2.078	2.157	3
1405	1.824	2.137	2.196	2.353	3
1406	1.863	2.078	2.196	2.314	3
1407	1.843	1.863	2.0	2.098	3
1408	1.843	1.706	2.118	2.039	3
1409	1.961	1.824	2.333	2.039	3
1410	2.059	1.922	2.49	2.157	3
1411	2.059	1.863	2.412	2.196	3
1412	1.882	1.725	2.137	2.235	3
1413	1.686	1.824	2.176	2.275	3
1414	2.0	1.882	2.412	2.196	3
1415	2.196	1.725	2.275	2.059	3
1416	2.216	1.941	1.922	1.882	3
1417	1.961	2.098	1.902	1.843	3
1418	1.902	2.216	2.098	1.961	3
1419	1.843	2.353	2.098	2.157	3
1420	1.784	2.255	2.118	2.294	3
1421	1.784	2.098	2.039	2.314	3
1422	1.843	2.137	2.039	2.216	3
1423	1.824	2.235	1.961	2.137	3
1424	1.863	2.235	1.98	2.059	3
1425	1.902	2.157	2.118	2.059	3
1426	2.02	2.039	2.255	2.059	3
1427	2.02	1.922	2.314	2.059	3
1428	1.961	1.941	2.098	2.059	3
1429	1.843	1.961	2.0	2.0	3
1430	2.098	2.098	2.196	1.961	3
1431	2.216	2.176	2.275	1.961	3
1432	2.078	2.039	2.176	1.922	3
1433	2.059	1.882	1.98	1.843	3
1434	2.039	1.804	1.804	1.784	3
1435	1.98	1.941	1.882	1.804	3
1436	1.902	2.157	1.902	1.902	3
1437	2.0	2.078	1.922	1.922	3
1438	1.961	1.961	1.882	1.922	3
1439	1.784	1.824	1.725	1.824	3
1440	1.725	1.706	1.882	1.784	3
1441	1.824	1.765	2.157	1.863	3
1442	1.961	1.667	2.137	2.02	3
1443	2.176	1.647	2.039	2.078	3
1444	2.0	1.549	1.98	2.059	3
1445	1.902	1.549	2.157	1.902	3
1446	1.961	1.686	2.176	1.804	3
1447	2.02	1.667	2.078	1.725	3
1448	2.059	1.549	1.961	1.706	3
1449	2.039	1.804	2.039	1.804	3
1450	2.098	2.02	2.039	1.902	3
1451	1.941	1.824	1.902	1.882	3
1452	1.863	1.882	1.941	1.824	3
1453	1.922	1.961	1.706	1.804	3
1454	1.843	2.0	1.667	1.784	3
1455	1.882	2.039	1.784	1.863	3
1456	1.863	2.0	1.843	1.902	3
1457	1.882	1.961	2.0	1.941	3
1458	1.902	1.922	2.098	2.0	3
1459	1.863	1.843	2.02	2.02	3
1460	1.98	1.882	2.02	2.02	3
1461	1.98	1.941	2.059	1.98	3
1462	1.961	1.784	2.137	1.902	3
1463	2.02	1.667	2.098	1.863	3
1464	2.157	1.745	2.176	1.824	3
1465	2.176	1.843	2.196	1.804	3
1466	2.098	1.882	2.078	1.784	3
1467	2.059	1.902	2.0	1.824	3
1468	2.078	2.0	1.941	1.922	3
1469	2.039	1.98	2.059	1.922	3
1470	2.0	1.98	1.922	1.882	3
1471	1.941	1.941	1.863	1.863	3
1472	1.941	1.922	1.961	1.922	3
1473	1.961	1.863	2.059	1.98	3
1474	1.941	1.804	2.039	2.059	3
1475	1.902	1.784	2.098	2.098	3
1476	1.882	1.725	2.196	2.137	3
1477	1.863	1.667	2.157	2.157	3
1478	1.941	1.647	2.196	2.137	3
1479	2.039	1.706	2.373	2.098	3
1480	1.961	1.647	2.294	1.941	3
1481	1.961	1.667	2.059	1.804	3
1482	2.059	1.667	2.02	1.706	3
1483	1.902	1.725	2.098	1.824	3
1484	1.882	1.941	2.157	2.059	3
1485	2.0	1.98	2.0	2.137	3
1486	1.941	1.961	2.0	2.059	3
1487	1.902	2.039	1.941	1.902	3
1488	1.843	1.961	1.725	1.784	3
1489	1.765	1.824	1.608	1.725	3
1490	1.784	1.902	1.941	1.824	3
1491	1.922	2.059	1.98	2.039	3
1492	1.863	2.039	2.157	2.235	3
1493	1.863	1.98	2.196	2.412	3
1494	2.0	1.882	2.235	2.314	3
1495	1.98	1.765	2.255	2.118	3
1496	2.039	1.725	2.137	1.882	3
1497	2.039	1.627	2.0	1.745	3
1498	2.118	1.647	2.118	1.765	3
1499	2.157	1.824	2.333	1.882	3
1500	2.118	1.882	2.275	2.0	3
1501	2.02	2.02	2.157	2.098	3
1502	1.902	1.961	1.922	2.098	3
1503	1.922	2.059	1.745	1.98	3
1504	1.941	2.059	1.98	1.843	3
1505	1.941	1.882	2.157	1.745	3
1506	2.039	1.804	2.02	1.765	3
1507	2.0	1.824	1.902	1.843	3
1508	1.882	2.02	2.157	2.039	3
1509	1.843	1.922	2.137	2.235	3
1510	1.902	1.627	2.0	2.255	3
1511	2.059	1.706	2.098	2.137	3
1512	2.078	1.882	2.118	2.059	3
1513	1.941	1.902	2.137	1.98	3
1514	1.745	2.157	2.275	2.0	3
1515	1.882	2.02	2.235	2.0	3
1516	2.059	1.824	2.118	1.941	3
1517	2.039	1.784	2.0	1.882	3
1518	1.961	2.0	1.824	1.784	3
1519	1.961	2.137	1.745	1.765	3
1520	1.745	2.059	1.843	1.804	3
1521	1.647	2.137	1.804	1.863	3
1522	1.667	2.392	1.843	1.941	3
1523	1.765	2.333	1.745	2.0	3
1524	1.745	2.0	1.863	2.0	3
1525	1.882	2.078	2.059	2.0	3
1526	1.961	2.078	2.118	2.0	3
1527	1.824	1.902	2.059	2.02	3
1528	1.745	1.863	2.118	2.02	3
1529	1.922	1.824	2.176	2.039	3
1530	2.0	1.98	2.216	2.02	3
1531	2.078	1.922	2.098	1.941	3
1532	2.02	1.784	2.098	1.882	3
1533	2.059	1.686	2.078	1.824	3
1534	2.157	1.824	2.176	1.824	3
1535	2.176	2.157	2.157	1.863	3
1536	2.118	1.98	1.941	1.843	3
1537	2.078	2.0	1.922	1.902	3
1538	1.98	2.02	1.843	1.922	3
1539	1.922	2.039	1.882	1.941	3
1540	2.0	1.98	1.843	1.882	3
1541	1.941	1.843	1.863	1.843	3
1542	1.98	1.824	1.98	1.922	3
1543	1.98	1.784	2.02	1.98	3
1544	1.941	1.765	2.059	2.0	3
1545	1.98	1.569	2.118	2.0	3
1546	2.02	1.627	2.176	1.961	3
1547	1.98	1.686	2.255	1.922	3
1548	1.961	1.588	2.137	1.882	3
1549	1.941	1.627	2.098	1.843	3
1550	2.02	1.608	2.078	1.804	3
1551	2.098	1.549	2.02	1.804	3
1552	2.118	1.667	2.02	1.745	3
1553	2.137	1.922	2.059	1.784	3
1554	1.961	1.922	2.098	1.863	3
1555	2.02	1.922	1.922	1.882	3
1556	1.784	1.902	1.843	1.843	3
1557	1.784	1.824	1.902	1.843	3
1558	1.784	1.686	1.667	1.843	3
1559	1.843	1.784	1.824	1.902	3
1560	2.157	1.902	2.176	1.961	3
1561	2.137	1.902	2.255	2.118	3
1562	2.118	1.745	2.294	2.255	3
1563	2.137	1.706	2.353	2.235	3
1564	2.098	1.667	2.294	2.098	3
1565	2.118	1.627	2.118	1.902	3
1566	2.137	1.667	1.941	1.765	3
1567	2.098	1.784	2.157	1.784	3
1568	2.216	1.961	2.373	2.02	3
1569	2.118	1.941	2.078	2.078	3
1570	1.902	1.824	1.706	1.941	3
1571	2.0	1.941	2.02	1.824	3
1572	1.98	2.059	1.882	1.843	3
1573	1.804	1.961	1.843	1.961	3
1574	1.804	2.039	2.078	2.157	3
1575	1.804	2.039	2.059	2.235	3
1576	1.804	2.039	1.961	2.255	3
1577	1.784	2.0	2.02	2.157	3
1578	1.784	1.961	2.098	2.118	3
1579	1.843	2.0	2.255	2.157	3
1580	1.843	2.059	2.451	2.255	3
1581	1.961	1.941	2.412	2.314	3
1582	1.961	1.765	2.255	2.235	3
1583	1.98	1.922	2.137	2.118	3
1584	1.882	1.98	2.098	1.98	3
1585	1.922	2.118	2.137	1.922	3
1586	1.98	2.137	2.157	1.902	3
1587	2.039	2.137	2.157	1.941	3
1588	1.98	2.196	2.098	2.0	3
1589	1.863	2.118	1.902	2.0	3
1590	1.882	2.078	1.882	1.98	3
1591	1.863	2.059	1.98	1.98	3
1592	1.922	2.02	1.922	2.0	3
1593	2.02	2.098	1.882	2.02	3
1594	1.98	2.176	2.176	2.02	3
1595	1.882	2.02	2.137	2.118	3
1596	1.824	1.745	1.941	2.02	3
1597	1.725	1.745	1.961	1.902	3
1598	1.843	1.745	2.118	1.824	3
1599	2.039	1.843	2.137	1.804	3
1600	2.0	1.667	1.961	1.804	3
1601	2.039	1.745	2.137	1.843	3
1602	2.118	1.804	2.157	1.863	3
1603	1.941	1.941	2.176	1.863	3
1604	1.961	1.863	1.941	1.843	3
1605	1.863	1.824	1.529	1.725	3
1606	1.804	1.882	1.569	1.647	3
1607	1.725	1.863	1.804	1.706	3
1608	1.804	1.824	1.863	1.784	3
1609	1.863	1.784	2.02	1.902	3
1610	1.961	1.961	2.02	2.039	3
1611	1.98	1.941	2.039	2.118	3
1612	1.863	1.941	2.059	2.137	3
1613	1.961	1.843	2.078	2.039	3
1614	2.078	1.824	2.137	1.941	3
1615	2.098	1.804	2.216	1.882	3
1616	2.059	1.882	2.157	1.882	3
1617	2.039	1.863	2.137	1.902	3
1618	2.098	1.922	2.098	1.902	3
1619	2.098	1.902	2.02	1.843	3
1620	2.157	1.961	2.02	1.824	3
1621	2.059	2.0	2.02	1.902	3
1622	2.078	2.059	2.02	1.98	3
1623	2.059	2.078	1.902	1.941	3
1624	1.843	1.961	1.863	1.863	3
1625	1.804	1.863	1.784	1.804	3
1626	1.961	1.843	1.804	1.843	3
1627	1.902	1.882	1.902	1.98	3
1628	2.02	1.863	2.078	2.137	3
1629	1.98	1.804	2.098	2.176	3
1630	1.882	1.706	2.118	2.098	3
1631	1.922	1.667	2.118	1.961	3
1632	1.961	1.627	2.098	1.863	3
1633	1.961	1.647	2.039	1.824	3
1634	2.0	1.725	2.157	2.0	3
1635	2.059	1.765	2.216	2.196	3
1636	2.02	1.765	2.078	2.157	3
1637	1.961	1.784	1.961	1.902	3
1638	1.941	1.863	1.843	1.725	3
1639	1.863	1.922	1.863	1.667	3
1640	1.902	1.882	1.804	1.765	3
1641	1.882	1.882	1.863	1.902	3
1642	1.922	1.941	1.98	2.0	3
1643	1.922	1.902	2.059	2.078	3
1644	1.824	1.784	1.922	2.078	3
1645	1.824	1.745	2.0	2.039	3
1646	1.961	1.784	2.176	2.0	3
1647	2.039	1.686	2.255	2.0	3
1648	2.059	1.667	2.157	1.961	3
1649	2.098	1.647	2.196	1.902	3
1650	2.0	1.765	2.333	1.922	3
1651	2.098	1.784	2.196	1.98	3
1652	2.216	1.725	2.059	1.98	3
1653	2.039	1.745	2.196	1.941	3
1654	1.98	1.784	2.196	1.843	3
1655	2.137	1.882	2.0	1.765	3
1656	2.098	1.961	1.902	1.725	3
1657	1.922	2.078	1.902	1.824	3
1658	1.745	2.196	1.941	1.98	3
1659	1.804	2.098	2.039	2.078	3
1660	1.882	2.02	2.039	2.078	3
1661	1.941	1.941	1.922	2.098	3
1662	1.863	1.98	2.02	2.078	3
1663	1.882	1.922	2.196	2.098	3
1664	1.902	1.863	2.333	2.137	3
1665	1.843	1.922	2.314	2.176	3
1666	1.902	1.824	2.216	2.137	3
1667	1.922	1.882	2.216	2.039	3
1668	1.902	1.863	2.216	1.98	3
1669	1.98	1.843	2.098	1.961	3
1670	2.0	1.804	2.196	1.922	3
1671	1.98	1.922	2.255	1.941	3
1672	2.0	1.98	1.902	1.902	3
1673	1.922	1.98	1.941	1.882	3
1674	1.843	1.922	1.961	1.843	3
1675	1.902	1.98	1.843	1.882	3
1676	1.941	2.118	1.824	1.961	3
1677	1.863	2.137	2.039	2.02	3
1678	1.863	2.078	2.039	2.078	3
1679	1.863	1.941	2.059	2.098	3
1680	1.902	1.922	1.98	2.118	3
1681	1.922	1.843	2.098	2.039	3
1682	2.02	1.961	2.235	2.039	3
1683	2.059	1.922	2.235	2.0	3
1684	2.059	1.882	2.137	1.98	3
1685	2.039	1.922	2.098	1.941	3
1686	2.118	1.922	2.078	1.922	3
1687	2.078	1.98	2.0	1.902	3
1688	2.02	2.078	2.078	1.882	3
1689	1.98	2.059	1.902	1.882	3
1690	1.922	1.961	1.824	1.784	3
1691	1.941	2.0	1.824	1.784	3
1692	1.902	2.039	1.824	1.863	3
1693	1.882	2.0	1.863	1.922	3
1694	1.882	1.863	1.824	1.98	3
1695	1.882	1.902	1.961	1.98	3
1696	1.882	1.961	2.039	2.059	3
1697	1.882	1.804	2.0	2.059	3
1698	1.961	1.686	2.078	2.039	3
1699	1.961	1.686	2.098	2.02	3
1700	1.961	1.647	2.196	1.961	3
1701	2.039	1.706	2.196	1.961	3
1702	2.078	1.765	2.176	1.941	3
1703	2.098	1.706	2.118	1.941	3
1704	2.059	1.686	2.039	1.863	3
1705	1.98	1.804	1.98	1.824	3
1706	2.0	1.843	1.902	1.804	3
1707	2.0	1.902	1.941	1.765	3
1708	1.961	1.961	1.882	1.804	3
1709	1.882	1.902	1.863	1.882	3
1710	1.882	1.882	1.902	1.922	3
1711	1.882	1.902	1.961	1.961	3
1712	1.882	1.882	1.941	2.0	3
1713	1.843	1.843	2.02	2.02	3
1714	1.902	1.765	2.059	2.039	3
1715	1.941	1.686	2.157	2.039	3
1716	1.98	1.725	2.176	2.02	3
1717	2.039	1.706	2.216	2.0	3
1718	2.039	1.706	2.196	1.961	3
1719	2.039	1.725	2.176	1.941	3
1720	2.02	1.745	2.137	1.902	3
1721	2.059	1.784	2.157	1.863	3
1722	2.02	1.882	2.059	1.882	3
1723	2.0	1.882	1.961	1.843	3
1724	1.941	1.902	1.922	1.843	3
1725	1.961	1.961	1.902	1.843	3
1726	1.922	1.98	1.882	1.902	3
1727	1.902	1.961	1.902	1.961	3
1728	1.882	1.902	1.922	2.0	3
1729	1.882	1.863	1.941	2.0	3
1730	1.922	1.902	2.059	2.039	3
1731	1.941	1.882	2.098	2.098	3
1732	1.941	1.745	2.157	2.078	3
1733	1.961	1.706	2.157	2.059	3
1734	2.0	1.745	2.216	2.0	3
1735	2.059	1.784	2.235	1.961	3
1736	2.059	1.804	2.176	1.961	3
1737	2.02	1.784	2.176	1.961	3
1738	2.039	1.843	2.098	1.922	3
1739	2.02	1.922	2.078	1.882	3
1740	2.0	1.941	1.98	1.863	3
1741	1.961	1.961	1.941	1.843	3
1742	1.961	2.0	1.843	1.863	3
1743	1.882	2.078	1.961	1.902	3
1744	1.922	2.098	1.98	1.98	3
1745	1.882	1.98	1.961	1.98	3
1746	1.824	1.863	1.98	2.039	3
1747	1.804	1.843	2.0	2.059	3
1748	1.98	1.902	2.02	2.078	3
1749	1.961	1.804	2.176	2.039	3
1750	1.961	1.745	2.176	2.039	3
1751	1.98	1.725	2.235	2.0	3
1752	2.039	1.745	2.176	1.961	3
1753	2.0	1.804	2.176	2.0	3
1754	2.039	1.804	2.118	1.98	3
1755	2.039	1.804	2.098	1.902	3
1756	2.02	1.922	2.059	1.882	3
1757	2.0	1.922	1.902	1.824	3
1758	1.961	1.922	1.882	1.824	3
1759	1.922	1.961	1.843	1.824	3
1760	1.882	1.98	1.902	1.902	3
1761	1.863	2.0	1.902	1.98	3
1762	1.902	2.02	1.902	2.0	3
1763	1.902	2.0	1.98	2.039	3
1764	1.863	1.961	2.098	2.059	3
1765	1.824	1.824	1.98	2.078	3
1766	1.824	1.824	2.137	2.059	3
1767	2.02	1.843	2.216	2.078	3
1768	2.078	1.824	2.157	2.039	3
1769	2.0	1.804	2.196	1.961	3
1770	2.039	1.824	2.196	1.941	3
1771	2.02	1.843	2.137	1.902	3
1772	2.039	1.902	2.098	1.941	3
1773	2.02	1.961	2.078	1.882	3
1774	2.02	2.0	1.941	1.843	3
1775	1.922	2.0	1.902	1.824	3
1776	1.922	2.02	1.843	1.824	3
1777	1.902	2.059	1.843	1.882	3
1778	1.863	2.059	1.902	1.941	3
1779	1.882	1.98	1.922	2.02	3
1780	1.863	1.941	1.922	2.02	3
1781	1.843	1.902	2.02	2.02	3
1782	1.902	1.882	2.059	2.039	3
1783	1.922	1.784	2.176	2.039	3
1784	1.961	1.784	2.157	2.059	3
1785	2.0	1.765	2.196	2.02	3
1786	2.039	1.765	2.176	2.0	3
1787	2.039	1.784	2.118	1.961	3
1788	2.02	1.784	2.157	1.922	3
1789	2.039	1.804	2.118	1.902	3
1790	2.059	1.902	2.098	1.882	3
1791	2.02	1.941	1.961	1.843	3
1792	1.961	1.922	1.922	1.824	3
1793	1.922	1.961	1.882	1.843	3
1794	1.922	2.02	1.863	1.882	3
1795	1.882	1.98	1.922	1.941	3
1796	1.863	1.961	1.941	1.98	3
1797	1.863	1.902	1.941	2.02	3
1798	1.843	1.902	2.02	2.0	3
1799	1.922	1.824	2.039	2.039	3
1800	1.902	1.784	2.176	2.039	3
1801	1.98	1.804	2.176	2.059	3
1802	2.02	1.784	2.216	2.059	3
1803	2.02	1.765	2.176	1.98	3
1804	2.059	1.784	2.176	1.941	3
1805	2.02	1.804	2.157	1.922	3
1806	2.039	1.804	2.118	1.882	3
1807	2.02	1.882	2.059	1.902	3
1808	2.039	1.961	1.961	1.863	3
1809	1.961	1.941	1.922	1.863	3
1810	1.922	2.0	1.902	1.843	3
1811	1.882	2.02	1.882	1.863	3
1812	1.863	2.0	1.922	1.922	3
1813	1.824	1.961	1.961	1.98	3
1814	1.882	1.961	2.0	1.961	3
1815	1.941	1.902	2.059	2.039	3
1816	1.863	1.863	2.078	2.118	3
1817	1.922	1.784	2.176	2.098	3
1818	1.98	1.765	2.176	2.059	3
1819	1.961	1.765	2.235	2.02	3
1820	2.02	1.745	2.216	1.961	3
1821	2.02	1.784	2.157	1.922	3
1822	2.02	1.784	2.157	1.902	3
1823	2.039	1.824	2.137	1.902	3
1824	2.0	1.922	2.078	1.902	3
1825	2.0	1.922	1.98	1.863	3
1826	1.922	1.941	1.922	1.843	3
1827	1.941	2.0	1.902	1.843	3
1828	1.902	2.039	1.902	1.902	3
1829	1.863	2.0	1.922	1.961	3
1830	1.882	1.98	1.941	1.98	3
1831	1.843	1.922	1.941	1.961	3
1832	1.882	1.941	2.039	2.0	3
1833	1.902	1.882	2.078	2.02	3
1834	1.902	1.784	2.176	2.078	3
1835	1.961	1.804	2.196	2.078	3
1836	1.961	1.745	2.216	2.02	3
1837	2.02	1.765	2.176	1.961	3
1838	2.02	1.784	2.176	1.941	3
1839	2.02	1.804	2.157	1.922	3
1840	2.039	1.824	2.157	1.902	3
1841	2.02	1.882	2.059	1.882	3
1842	2.0	1.941	1.98	1.824	3
1843	1.941	1.961	1.941	1.843	3
1844	1.941	1.98	1.882	1.843	3
1845	1.902	2.02	1.863	1.882	3
1846	1.882	2.0	1.882	1.961	3
1847	1.882	1.98	1.941	1.961	3
1848	1.863	1.941	1.961	1.98	3
1849	1.922	1.941	2.0	2.039	3
1850	1.863	1.863	2.059	2.039	3
1851	1.922	1.804	2.176	2.039	3
1852	1.961	1.784	2.176	2.059	3
1853	1.961	1.745	2.216	2.039	3
1854	2.039	1.765	2.196	1.98	3
1855	2.059	1.784	2.176	1.98	3
1856	2.039	1.824	2.157	1.941	3
1857	2.039	1.843	2.118	1.902	3
1858	2.02	1.902	2.059	1.882	3
1859	2.0	1.941	2.0	1.824	3
1860	1.961	1.961	1.922	1.824	3
1861	1.922	2.0	1.902	1.824	3
1862	1.902	2.0	1.882	1.902	3
1863	1.863	1.98	1.902	1.941	3
1864	1.882	1.961	1.922	2.0	3
1865	1.882	1.961	1.98	2.0	3
1866	1.882	1.863	2.039	2.039	3
1867	1.863	1.843	2.059	2.059	3
1868	1.902	1.784	2.157	2.059	3
1869	1.98	1.804	2.176	2.078	3
1870	1.98	1.765	2.216	2.039	3
1871	2.039	1.765	2.196	1.98	3
1872	2.039	1.804	2.196	1.961	3
1873	2.039	1.784	2.137	1.922	3
1874	2.039	1.843	2.137	1.922	3
1875	2.039	1.902	2.078	1.882	3
1876	2.02	1.922	2.0	1.882	3
1877	1.961	1.941	1.922	1.863	3
1878	1.961	1.98	1.902	1.843	3
1879	1.902	2.039	1.882	1.882	3
1880	1.863	1.98	1.922	1.941	3
1881	1.882	1.98	1.922	1.98	3
1882	1.882	1.941	1.98	2.02	3
1883	1.882	1.941	2.02	2.039	3
1884	1.902	1.882	2.059	2.059	3
1885	1.922	1.804	2.176	2.078	3
1886	1.961	1.784	2.157	2.059	3
1887	2.0	1.745	2.216	2.02	3
1888	2.039	1.784	2.196	1.98	3
1889	2.02	1.784	2.196	1.941	3
1890	2.039	1.804	2.157	1.941	3
1891	2.039	1.824	2.098	1.882	3
1892	2.02	1.882	2.059	1.902	3
1893	2.02	1.961	2.0	1.843	3
1894	1.961	1.941	1.922	1.843	3
1895	1.922	1.98	1.882	1.843	3
1896	1.902	2.0	1.863	1.882	3
1897	1.863	2.0	1.902	1.922	3
1898	1.843	1.98	1.941	1.98	3
1899	1.863	1.941	1.961	2.02	3
1900	1.824	1.941	2.02	2.039	3
1901	1.902	1.882	2.059	2.059	3
1902	1.882	1.804	2.176	2.059	3
1903	1.941	1.784	2.176	2.078	3
1904	1.961	1.765	2.216	2.039	3
1905	2.02	1.765	2.196	1.961	3
1906	2.02	1.784	2.157	1.961	3
1907	2.02	1.804	2.157	1.961	3
1908	2.02	1.824	2.157	1.902	3
1909	2.02	1.902	2.059	1.882	3
1910	2.0	1.961	2.0	1.843	3
1911	1.941	1.941	1.941	1.824	3
1912	1.941	1.98	1.922	1.843	3
1913	1.882	2.0	1.863	1.882	3
1914	1.882	2.0	1.902	1.941	3
1915	1.863	1.98	1.922	1.961	3
1916	1.863	1.961	1.961	2.0	3
1917	1.902	1.941	1.98	2.039	3
1918	1.902	1.882	2.039	2.078	3
1919	1.922	1.784	2.157	2.059	3
1920	1.98	1.804	2.176	2.078	3
1921	1.98	1.765	2.216	2.02	3
1922	2.02	1.745	2.216	2.0	3
1923	2.039	1.804	2.196	1.961	3
1924	2.039	1.804	2.137	1.922	3
1925	2.039	1.824	2.157	1.882	3
1926	2.0	1.863	2.059	1.882	3
1927	2.039	1.922	1.98	1.863	3
1928	1.961	1.961	1.922	1.824	3
1929	1.941	2.02	1.922	1.824	3
1930	1.902	2.02	1.863	1.882	3
1931	1.882	1.98	1.882	1.922	3
1932	1.863	1.961	1.902	1.98	3
1933	1.882	1.961	1.941	2.0	3
1934	1.863	1.922	1.961	2.02	3
1935	1.882	1.882	2.059	2.078	3
1936	1.922	1.804	2.157	2.078	3
1937	1.961	1.784	2.137	2.039	3
1938	2.0	1.784	2.196	2.039	3
1939	2.02	1.765	2.216	1.98	3
1940	2.039	1.745	2.157	1.961	3
1941	2.039	1.824	2.157	1.941	3
1942	2.039	1.843	2.118	1.902	3
1943	2.059	1.902	2.039	1.882	3
1944	2.02	1.941	2.0	1.863	3
1945	1.961	1.941	1.941	1.843	3
1946	1.941	1.98	1.902	1.824	3
1947	1.922	2.02	1.882	1.902	3
1948	1.882	1.98	1.882	1.922	3
1949	1.882	2.0	1.941	1.98	3
1950	1.882	1.961	1.961	2.02	3
1951	1.863	1.922	2.0	2.02	3
1952	1.882	1.863	2.02	2.059	3
1953	1.902	1.824	2.157	2.078	3
1954	1.961	1.784	2.157	2.078	3
1955	2.0	1.765	2.196	2.059	3
1956	2.039	1.765	2.216	2.02	3
1957	2.039	1.784	2.157	1.98	3
1958	2.039	1.804	2.157	1.941	3
1959	2.039	1.824	2.118	1.902	3
1960	2.059	1.902	2.039	1.863	3
1961	2.02	1.941	2.0	1.863	3
1962	1.941	1.961	1.902	1.843	3
1963	1.922	1.98	1.902	1.824	3
1964	1.882	2.02	1.863	1.882	3
1965	1.863	2.02	1.882	1.922	3
1966	1.863	2.0	1.922	1.98	3
1967	1.843	1.98	1.941	2.0	3
1968	1.863	1.941	1.961	2.059	3
1969	1.882	1.882	2.039	2.059	3
1970	1.882	1.843	2.157	2.098	3
1971	1.961	1.824	2.157	2.098	3
1972	2.0	1.784	2.216	2.059	3
1973	2.039	1.784	2.196	2.02	3
1974	2.02	1.784	2.157	1.961	3
1975	2.039	1.804	2.157	1.922	3
1976	2.02	1.843	2.157	1.882	3
1977	2.098	1.882	2.059	1.902	3
1978	2.039	1.941	2.0	1.863	3
1979	1.961	1.941	1.902	1.824	3
1980	1.941	1.98	1.902	1.824	3
1981	1.902	2.02	1.863	1.882	3
1982	1.882	2.0	1.882	1.922	3
1983	1.882	1.961	1.922	1.961	3
1984	1.902	1.941	1.941	1.98	3
1985	1.902	1.961	2.0	2.02	3
1986	1.922	1.863	2.059	2.059	3
1987	1.922	1.804	2.137	2.098	3
1988	1.961	1.765	2.137	2.059	3
1989	2.0	1.745	2.176	2.039	3
1990	2.039	1.745	2.176	2.0	3
1991	2.039	1.745	2.176	1.961	3
1992	2.039	1.765	2.137	1.941	3
1993	2.059	1.784	2.137	1.863	3
1994	2.039	1.863	2.059	1.902	3
1995	2.059	1.922	2.02	1.843	3
1996	1.961	1.902	1.902	1.843	3
1997	1.961	1.922	1.882	1.824	3
1998	1.941	2.0	1.863	1.843	3
1999	1.902	1.98	1.882	1.922	3
