time	channel1	channel2	channel3	channel4	class
0	1.725	2.0	1.961	1.941	2
1	1.706	2.02	1.922	2.0	2
2	1.686	2.039	1.922	1.961	2
3	1.627	2.02	1.922	1.941	2
4	1.667	2.02	1.922	2.039	2
5	1.804	2.02	1.922	2.039	2
6	1.882	2.02	1.922	1.922	2
7	1.843	2.039	1.941	1.902	2
8	1.843	2.0	1.941	1.863	2
9	1.863	2.0	1.961	1.941	2
10	1.98	2.039	1.941	1.961	2
11	2.02	2.039	1.922	2.02	2
12	2.059	2.0	1.922	2.0	2
13	1.961	2.059	1.922	1.941	2
14	1.863	2.039	1.922	1.961	2
15	1.902	2.098	1.98	2.098	2
16	1.941	2.098	2.0	1.961	2
17	1.765	2.02	1.961	1.941	2
18	1.765	2.059	1.902	1.961	2
19	1.706	2.039	1.902	1.961	2
20	1.608	2.02	1.902	1.961	2
21	1.686	2.039	1.922	2.059	2
22	1.843	2.039	1.922	2.0	2
23	1.882	2.078	1.922	1.843	2
24	1.863	2.098	1.941	1.922	2
25	1.961	2.098	1.961	1.863	2
26	1.941	2.039	1.98	1.882	2
27	1.961	2.0	1.961	1.941	2
28	1.98	2.02	1.922	2.02	2
29	2.078	2.039	1.922	1.98	2
30	1.98	2.059	1.902	1.941	2
31	1.882	2.059	1.941	1.961	2
32	1.882	2.078	1.961	2.039	2
33	1.941	2.098	1.961	1.922	2
34	1.784	2.039	1.98	1.941	2
35	1.725	2.039	1.961	1.961	2
36	1.725	2.059	1.941	1.941	2
37	1.686	2.039	1.941	1.98	2
38	1.745	2.059	1.922	2.078	2
39	1.863	2.059	1.902	1.98	2
40	1.882	2.02	1.941	1.902	2
41	1.902	2.078	1.961	1.922	2
42	1.961	2.059	1.961	1.863	2
43	1.98	2.059	1.98	1.882	2
44	2.0	2.039	2.0	1.922	2
45	2.059	2.039	1.961	2.0	2
46	2.157	2.039	1.941	1.98	2
47	2.059	2.078	1.922	1.961	2
48	1.902	2.059	1.961	1.961	2
49	1.922	2.059	1.961	2.02	2
50	1.941	2.078	1.98	1.941	2
51	1.784	2.02	1.98	1.961	2
52	1.765	2.02	1.941	1.961	2
53	1.686	2.02	1.922	1.941	2
54	1.667	2.02	1.902	1.922	2
55	1.706	2.039	1.902	2.059	2
56	1.863	2.039	1.922	2.039	2
57	1.922	2.059	1.941	1.941	2
58	1.863	2.02	1.941	1.902	2
59	1.902	2.02	1.941	1.882	2
60	1.941	2.02	1.941	1.922	2
61	2.0	2.02	1.941	1.941	2
62	2.02	2.059	1.922	2.0	2
63	2.098	2.02	1.941	1.941	2
64	1.98	2.02	1.922	1.922	2
65	1.863	2.059	1.961	1.961	2
66	1.961	2.098	1.961	2.078	2
67	1.98	2.078	2.0	1.961	2
68	1.765	1.98	1.941	1.941	2
69	1.725	2.02	1.902	1.961	2
70	1.745	2.059	1.902	1.941	2
71	1.725	2.078	1.941	1.922	2
72	1.725	2.02	1.98	2.0	2
73	1.824	2.02	1.961	2.0	2
74	1.902	2.02	1.902	1.882	2
75	1.882	2.059	1.941	1.902	2
76	1.941	2.039	1.941	1.863	2
77	1.941	2.02	1.961	1.902	2
78	2.02	2.02	1.941	1.922	2
79	2.098	2.059	1.961	2.02	2
80	2.176	2.039	1.941	1.98	2
81	2.039	2.039	1.961	1.922	2
82	1.882	2.02	1.941	1.961	2
83	1.941	2.039	1.941	2.02	2
84	1.961	2.098	1.98	1.922	2
85	1.784	2.039	1.98	1.98	2
86	1.784	2.039	1.961	1.98	2
87	1.745	2.02	1.922	2.0	2
88	1.667	2.02	1.902	1.98	2
89	1.745	2.02	1.922	2.02	2
90	1.843	2.039	1.941	1.961	2
91	1.922	2.059	1.961	1.902	2
92	1.902	2.039	2.0	1.922	2
93	1.922	2.039	1.961	1.882	2
94	1.941	2.039	1.961	1.941	2
95	2.0	2.039	1.98	1.941	2
96	2.02	2.02	1.961	2.039	2
97	2.098	2.0	1.941	1.961	2
98	1.98	2.0	1.941	1.902	2
99	1.863	2.039	1.941	1.961	2
100	1.882	2.059	1.98	2.02	2
101	1.961	2.078	1.98	2.0	2
102	1.804	1.98	1.961	1.98	2
103	1.745	2.0	1.922	1.941	2
104	1.706	2.02	1.902	1.922	2
105	1.686	2.02	1.941	1.941	2
106	1.725	2.02	1.941	2.02	2
107	1.863	2.039	1.961	1.98	2
108	1.902	2.059	1.98	1.902	2
109	1.882	2.039	1.961	1.922	2
110	1.882	1.98	1.941	1.902	2
111	1.922	2.0	1.941	1.941	2
112	2.039	2.02	1.941	1.922	2
113	2.078	2.039	1.961	1.941	2
114	2.118	2.02	1.98	1.941	2
115	2.0	2.02	1.98	1.922	2
116	1.863	2.02	1.961	1.941	2
117	1.863	2.059	1.98	2.02	2
118	1.961	2.078	2.0	1.941	2
119	1.745	1.98	1.961	1.941	2
120	1.725	2.02	1.961	1.98	2
121	1.745	2.02	1.941	1.922	2
122	1.686	2.039	1.941	1.922	2
123	1.706	2.02	1.98	2.039	2
124	1.863	2.02	1.961	2.0	2
125	1.922	2.02	1.98	1.882	2
126	1.902	2.039	1.941	1.843	2
127	1.922	2.02	1.941	1.843	2
128	1.922	2.02	1.961	1.922	2
129	2.02	2.039	1.961	1.922	2
130	2.059	2.039	1.98	1.98	2
131	2.137	2.059	1.961	1.98	2
132	2.02	2.039	1.961	1.922	2
133	1.902	2.02	1.961	1.98	2
134	1.941	2.078	1.961	2.059	2
135	2.0	2.078	1.98	1.941	2
136	1.784	2.02	1.961	1.941	2
137	1.725	2.02	1.941	1.961	2
138	1.745	2.039	1.922	1.961	2
139	1.706	2.059	1.922	1.941	2
140	1.686	2.039	1.941	2.0	2
141	1.804	2.039	1.961	1.961	2
142	1.863	2.039	1.98	1.863	2
143	1.863	2.059	1.961	1.843	2
144	1.922	2.059	1.961	1.824	2
145	1.902	2.039	1.961	1.98	2
146	2.059	2.059	1.961	1.961	2
147	2.039	2.078	1.98	1.98	2
148	2.078	2.039	1.961	1.941	2
149	1.98	2.039	1.961	1.882	2
150	1.863	2.078	1.98	1.902	2
151	1.882	2.098	1.98	2.02	2
152	1.961	2.098	2.0	1.941	2
153	1.745	2.02	1.961	1.941	2
154	1.725	2.039	1.941	1.961	2
155	1.725	2.039	1.941	1.941	2
156	1.706	2.078	1.922	1.941	2
157	1.765	2.078	1.961	2.02	2
158	1.882	2.059	1.98	2.0	2
159	1.902	2.039	1.941	1.902	2
160	1.882	2.059	1.961	1.882	2
161	1.922	2.039	1.941	1.863	2
162	1.922	2.039	1.941	1.902	2
163	2.039	2.059	1.961	1.922	2
164	2.059	2.059	1.961	1.98	2
165	2.118	2.039	1.98	1.961	2
166	2.02	2.039	1.961	1.922	2
167	1.902	2.059	1.961	1.961	2
168	1.863	2.118	1.961	2.039	2
169	1.882	2.078	2.0	1.941	2
170	1.706	1.98	1.961	1.98	2
171	1.706	2.0	1.922	2.0	2
172	1.745	2.039	1.922	1.98	2
173	1.725	2.059	1.922	1.961	2
174	1.725	2.059	1.941	2.02	2
175	1.804	2.02	1.941	1.98	2
176	1.824	2.0	1.961	1.843	2
177	1.824	2.039	1.961	1.863	2
178	1.882	2.059	1.98	1.902	2
179	1.902	2.039	1.961	2.02	2
180	2.02	2.02	1.941	2.0	2
181	2.118	2.078	1.941	2.02	2
182	2.098	2.039	1.941	2.0	2
183	1.98	2.02	1.961	1.941	2
184	1.882	2.02	1.961	1.922	2
185	1.882	2.078	1.961	2.039	2
186	2.0	2.098	1.98	2.0	2
187	1.804	2.02	1.961	2.0	2
188	1.706	2.02	1.941	2.0	2
189	1.706	2.039	1.902	1.98	2
190	1.667	2.02	1.902	1.941	2
191	1.686	2.02	1.922	2.059	2
192	1.804	2.02	1.941	2.059	2
193	1.902	2.039	1.902	1.961	2
194	1.902	2.078	1.961	1.922	2
195	1.961	2.078	1.961	1.863	2
196	1.922	2.059	1.961	1.902	2
197	1.941	1.98	1.961	1.922	2
198	1.98	2.02	1.961	2.059	2
199	2.098	2.02	1.922	2.02	2
200	2.059	2.059	1.941	1.961	2
201	1.922	2.039	1.961	1.922	2
202	1.882	2.059	1.961	2.039	2
203	1.98	2.118	1.98	1.961	2
204	1.824	2.039	1.961	1.941	2
205	1.725	2.02	1.961	1.98	2
206	1.686	1.98	1.941	1.961	2
207	1.667	2.02	1.922	1.941	2
208	1.706	2.059	1.941	2.039	2
209	1.902	2.078	1.961	2.02	2
210	1.902	2.039	1.98	1.863	2
211	1.863	2.059	2.0	1.882	2
212	1.902	2.039	1.961	1.902	2
213	1.902	2.039	1.941	1.961	2
214	1.961	2.02	1.941	1.941	2
215	2.0	2.039	1.941	2.02	2
216	2.098	2.059	1.941	2.039	2
217	2.039	2.059	1.961	1.941	2
218	1.902	2.039	1.98	1.922	2
219	1.843	2.039	1.98	2.039	2
220	1.902	2.078	1.98	1.98	2
221	1.765	2.039	1.941	2.02	2
222	1.745	2.039	1.902	2.0	2
223	1.725	2.039	1.902	1.961	2
224	1.667	2.039	1.922	1.902	2
225	1.667	2.02	1.961	2.02	2
226	1.804	2.039	1.98	2.059	2
227	1.863	2.039	1.922	1.941	2
228	1.824	2.039	1.941	1.922	2
229	1.843	2.0	1.922	1.882	2
230	1.843	2.0	1.902	2.0	2
231	1.961	2.02	1.922	1.922	2
232	2.0	2.039	1.941	1.961	2
233	2.059	2.039	1.961	2.02	2
234	2.02	2.039	1.961	1.961	2
235	1.902	2.02	1.941	1.922	2
236	1.902	2.059	1.961	2.02	2
237	1.922	2.098	1.98	1.902	2
238	1.686	1.98	1.98	1.941	2
239	1.667	2.02	1.922	2.02	2
240	1.745	2.039	1.922	1.941	2
241	1.706	2.039	1.941	1.902	2
242	1.706	2.059	1.941	2.02	2
243	1.882	2.039	1.961	1.98	2
244	1.902	2.039	1.941	1.902	2
245	1.882	2.078	1.922	1.902	2
246	1.98	2.059	1.961	1.882	2
247	1.961	2.059	1.961	1.902	2
248	2.0	2.039	1.961	1.922	2
249	2.039	2.02	1.941	1.98	2
250	2.118	2.039	1.941	1.961	2
251	2.078	2.078	1.961	1.922	2
252	1.98	2.078	1.98	1.941	2
253	1.902	2.078	1.98	2.039	2
254	1.961	2.098	1.961	1.961	2
255	1.804	2.02	1.922	1.961	2
256	1.745	2.039	1.882	1.98	2
257	1.765	2.039	1.902	1.961	2
258	1.745	2.039	1.922	1.941	2
259	1.725	2.02	1.941	2.059	2
260	1.882	2.039	1.941	2.0	2
261	1.902	2.039	1.961	1.863	2
262	1.843	2.039	1.922	1.863	2
263	1.863	1.98	1.882	1.843	2
264	1.922	2.0	1.843	1.882	2
265	1.98	2.0	1.843	1.922	2
266	2.02	2.0	1.902	1.98	2
267	2.078	1.98	1.922	2.0	2
268	1.922	1.922	1.922	1.882	2
269	1.804	1.941	1.902	1.922	2
270	1.941	2.196	1.902	2.039	2
271	1.961	2.098	1.961	1.922	2
272	1.686	1.902	1.902	1.902	2
273	1.627	1.902	1.784	1.961	2
274	1.667	1.98	1.745	1.941	2
275	1.706	2.078	1.882	1.922	2
276	1.745	2.118	2.0	2.059	2
277	1.863	2.039	2.02	2.039	2
278	1.863	1.961	1.941	1.863	2
279	1.804	1.961	1.863	1.843	2
280	1.863	1.98	1.843	1.902	2
281	1.941	2.039	1.824	1.941	2
282	2.039	2.098	1.882	1.961	2
283	2.098	2.078	2.02	2.0	2
284	2.098	2.0	2.059	1.98	2
285	2.02	2.039	2.059	1.941	2
286	1.961	2.098	2.02	1.98	2
287	1.961	2.098	1.941	2.0	2
288	1.961	2.078	1.863	1.98	2
289	1.804	1.98	1.882	1.961	2
290	1.784	2.0	1.941	2.0	2
291	1.765	2.0	2.039	1.941	2
292	1.804	2.039	2.078	1.941	2
293	1.784	2.02	1.941	2.039	2
294	1.882	1.98	1.784	2.039	2
295	2.0	2.0	1.686	1.902	2
296	1.922	1.961	1.745	1.824	2
297	1.941	1.882	1.706	1.843	2
298	2.0	1.922	1.804	1.922	2
299	2.078	1.902	1.922	2.0	2
300	2.196	1.941	1.902	2.0	2
301	2.275	1.922	1.804	1.961	2
302	2.196	1.98	1.863	1.922	2
303	2.137	2.078	2.0	1.961	2
304	2.078	2.039	1.941	2.059	2
305	2.078	1.98	1.804	1.98	2
306	1.902	1.824	1.627	1.941	2
307	1.843	1.765	1.451	1.961	2
308	1.863	1.804	1.49	1.941	2
309	1.902	1.961	1.784	1.882	2
310	1.902	1.922	2.098	2.02	2
311	2.0	1.863	2.275	1.961	2
312	2.098	2.059	2.471	1.961	2
313	2.216	2.235	2.412	1.98	2
314	2.196	2.157	2.176	1.882	2
315	2.098	1.98	1.882	1.863	2
316	2.118	1.961	1.745	1.882	2
317	2.275	2.098	1.882	1.98	2
318	2.353	2.078	2.137	1.98	2
319	2.196	2.039	2.275	1.922	2
320	2.02	1.961	2.157	1.961	2
321	1.961	2.078	2.098	2.02	2
322	2.196	2.333	2.255	1.961	2
323	2.02	2.294	2.392	1.902	2
324	1.922	2.275	2.431	1.961	2
325	1.843	2.137	2.294	1.941	2
326	1.706	1.961	2.059	1.98	2
327	1.725	2.039	1.843	2.157	2
328	1.882	2.157	1.784	2.157	2
329	2.0	2.137	1.843	2.0	2
330	1.98	2.176	2.039	1.902	2
331	1.941	2.098	2.216	1.843	2
332	1.824	1.98	2.176	1.902	2
333	1.882	1.98	1.941	1.941	2
334	2.078	2.059	1.784	1.902	2
335	2.137	2.02	1.824	1.902	2
336	2.02	2.02	1.941	1.961	2
337	1.98	2.098	2.039	2.039	2
338	1.98	2.078	2.078	2.157	2
339	2.137	2.255	2.098	1.98	2
340	1.922	2.098	2.02	1.902	2
341	1.843	2.059	1.863	1.902	2
342	1.882	2.059	1.784	1.902	2
343	1.863	2.059	1.804	1.922	2
344	1.902	2.118	1.863	2.098	2
345	2.255	2.255	1.902	2.039	2
346	2.314	2.196	1.882	1.902	2
347	2.216	2.176	1.941	1.863	2
348	2.235	2.157	1.98	1.843	2
349	2.314	2.196	2.059	1.941	2
350	2.451	2.196	2.078	1.922	2
351	2.431	2.059	2.02	1.98	2
352	2.529	2.039	1.863	1.961	2
353	2.431	2.039	1.706	1.902	2
354	2.294	2.02	1.686	1.941	2
355	2.294	2.02	1.784	2.02	2
356	2.49	2.059	1.902	2.02	2
357	2.392	1.863	1.824	2.0	2
358	2.333	1.941	1.784	1.804	2
359	2.353	1.961	1.784	1.784	2
360	2.216	1.824	1.667	1.863	2
361	2.157	1.725	1.451	2.039	2
362	2.392	1.863	1.471	2.039	2
363	2.51	1.922	1.725	1.725	2
364	2.51	1.941	2.0	1.667	2
365	2.627	1.98	2.137	1.725	2
366	2.706	2.0	2.098	1.843	2
367	2.686	1.922	1.784	1.843	2
368	2.627	1.765	1.49	1.922	2
369	2.647	1.725	1.412	1.922	2
370	2.627	1.804	1.569	1.922	2
371	2.51	1.98	1.882	1.902	2
372	2.353	2.118	2.098	1.882	2
373	2.333	2.039	2.059	1.765	2
374	2.039	1.863	1.824	1.784	2
375	2.078	1.922	1.824	1.961	2
376	2.078	2.0	2.039	2.059	2
377	1.98	1.902	2.196	1.941	2
378	1.922	1.922	2.275	1.961	2
379	1.902	1.941	2.196	2.02	2
380	1.922	1.922	1.98	1.902	2
381	1.843	1.922	1.725	1.745	2
382	1.745	1.882	1.706	1.686	2
383	1.824	2.0	1.922	1.843	2
384	1.902	2.118	2.216	2.0	2
385	1.961	2.157	2.314	2.098	2
386	2.137	2.039	2.275	1.882	2
387	2.176	2.157	2.235	1.667	2
388	2.02	2.255	2.373	1.824	2
389	1.922	2.176	2.392	2.0	2
390	1.922	2.216	2.078	1.882	2
391	1.941	2.216	1.667	1.804	2
392	1.647	1.961	1.471	1.765	2
393	1.588	2.0	1.588	1.843	2
394	1.647	2.098	2.098	1.941	2
395	1.941	2.412	2.804	2.078	2
396	2.118	2.451	3.059	2.059	2
397	2.039	2.196	2.569	1.941	2
398	1.882	1.961	1.667	1.902	2
399	1.902	2.0	1.176	1.961	2
400	1.941	2.0	1.412	1.882	2
401	2.0	2.02	1.961	1.843	2
402	2.059	2.098	2.451	2.078	2
403	2.157	2.059	2.647	2.216	2
404	1.941	1.941	2.49	2.157	2
405	1.765	1.902	2.255	2.157	2
406	1.882	2.078	2.059	2.157	2
407	1.922	2.0	1.824	1.922	2
408	1.647	1.765	1.569	2.02	2
409	1.627	1.745	1.431	2.0	2
410	1.608	1.843	1.667	1.824	2
411	1.588	1.961	2.157	1.922	2
412	1.588	2.0	2.333	2.196	2
413	1.706	2.078	2.353	2.118	2
414	1.824	2.196	2.255	2.039	2
415	1.765	2.176	1.941	1.98	2
416	1.784	2.157	1.804	1.843	2
417	1.765	2.039	1.843	1.882	2
418	1.647	1.824	1.922	1.804	2
419	1.588	1.941	1.961	1.843	2
420	1.745	2.059	1.98	2.098	2
421	1.725	1.98	2.039	1.961	2
422	1.529	2.235	2.176	1.863	2
423	1.451	2.392	2.373	2.078	2
424	1.51	2.333	2.412	2.137	2
425	1.216	2.02	2.235	2.039	2
426	1.02	1.843	2.0	1.941	2
427	0.902	1.882	1.765	1.863	2
428	0.882	1.961	1.843	1.941	2
429	0.922	2.0	2.059	2.118	2
430	1.02	2.02	2.216	2.098	2
431	1.02	1.961	2.176	1.961	2
432	0.922	1.941	2.0	1.922	2
433	0.98	1.922	1.745	1.922	2
434	0.98	1.863	1.647	1.745	2
435	1.02	1.961	1.706	1.725	2
436	1.078	2.078	1.882	1.922	2
437	1.294	2.02	2.02	2.039	2
438	1.196	2.0	2.039	1.941	2
439	1.176	2.098	1.941	1.902	2
440	1.196	2.098	1.667	1.961	2
441	1.176	2.059	1.51	1.784	2
442	1.0	1.941	1.608	1.804	2
443	1.039	2.059	2.059	1.902	2
444	1.314	2.314	2.647	1.941	2
445	1.294	2.196	2.667	1.922	2
446	1.098	1.98	2.118	2.078	2
447	1.098	1.843	1.471	2.059	2
448	1.176	1.804	1.176	1.98	2
449	1.196	1.765	1.275	1.863	2
450	1.196	1.725	1.588	1.824	2
451	1.216	1.647	1.922	1.922	2
452	1.373	1.647	2.176	2.078	2
453	1.49	1.686	2.373	2.02	2
454	1.608	1.647	2.353	1.843	2
455	1.49	1.627	2.157	1.765	2
456	1.49	1.588	1.882	1.667	2
457	1.431	1.451	1.686	1.765	2
458	1.569	1.51	1.608	1.804	2
459	1.412	1.471	1.608	1.902	2
460	1.471	1.529	1.745	1.824	2
461	1.627	1.608	1.843	1.765	2
462	1.627	1.412	1.843	1.588	2
463	1.608	1.275	1.824	1.706	2
464	1.765	1.608	1.882	1.824	2
465	2.039	2.0	2.078	1.804	2
466	2.098	2.078	2.294	1.686	2
467	2.039	1.784	2.216	1.588	2
468	2.059	1.608	1.863	1.529	2
469	2.059	1.569	1.569	1.451	2
470	1.941	1.667	1.49	1.569	2
471	2.118	1.882	1.608	1.745	2
472	2.216	1.941	1.745	1.765	2
473	2.157	1.843	1.725	1.765	2
474	2.059	1.843	1.686	1.784	2
475	2.039	2.059	1.725	1.765	2
476	2.078	2.196	1.804	1.667	2
477	2.039	2.176	1.902	1.784	2
478	2.0	2.137	1.961	1.882	2
479	1.843	2.059	2.059	1.902	2
480	2.0	2.373	2.235	2.118	2
481	2.176	2.451	2.176	2.039	2
482	2.118	2.333	1.902	1.863	2
483	2.078	2.333	1.647	1.824	2
484	2.176	2.451	1.608	1.863	2
485	2.275	2.627	1.843	1.98	2
486	2.392	2.725	2.176	1.98	2
487	2.392	2.804	2.412	2.039	2
488	2.51	2.863	2.392	2.078	2
489	2.392	2.824	2.216	1.961	2
490	2.216	2.804	2.118	1.961	2
491	2.196	2.902	2.353	2.118	2
492	2.294	2.98	2.588	1.98	2
493	2.059	2.784	2.431	1.961	2
494	1.922	2.706	2.039	2.078	2
495	2.02	2.863	1.765	2.039	2
496	2.0	2.941	1.765	1.941	2
497	1.784	2.667	1.863	1.902	2
498	1.745	2.549	1.882	2.0	2
499	1.843	2.549	1.824	1.98	2
500	1.824	2.51	1.863	2.02	2
501	1.843	2.569	2.0	1.98	2
502	1.882	2.608	2.255	2.02	2
503	1.902	2.588	2.314	2.039	2
504	1.863	2.549	2.157	1.98	2
505	1.824	2.392	1.922	1.941	2
506	1.667	2.235	1.745	1.824	2
507	1.569	2.118	1.627	1.882	2
508	1.51	2.02	1.569	2.196	2
509	1.706	2.216	1.667	2.118	2
510	1.608	2.255	1.882	2.02	2
511	1.529	2.216	2.0	2.02	2
512	1.529	2.235	1.922	2.078	2
513	1.549	2.255	1.863	2.059	2
514	1.529	2.216	2.02	2.157	2
515	1.608	2.059	2.235	2.059	2
516	1.608	1.941	2.118	1.941	2
517	1.647	2.059	1.804	1.902	2
518	1.706	2.059	1.686	2.02	2
519	1.804	2.157	1.824	2.039	2
520	1.902	2.137	2.059	2.0	2
521	1.863	2.0	2.0	2.059	2
522	1.824	1.902	1.824	2.059	2
523	1.784	1.902	1.725	1.824	2
524	1.647	1.922	1.765	1.824	2
525	1.725	1.961	2.039	2.0	2
526	1.843	1.941	2.196	2.0	2
527	1.745	1.843	2.216	2.0	2
528	1.627	1.784	1.98	2.0	2
529	1.608	1.882	1.667	2.176	2
530	1.667	1.882	1.451	2.196	2
531	1.569	1.608	1.49	2.137	2
532	1.608	1.569	1.588	1.98	2
533	1.608	1.745	1.549	1.804	2
534	1.667	1.882	1.647	1.863	2
535	1.804	1.882	2.02	1.961	2
536	1.863	1.843	2.333	1.941	2
537	1.902	1.745	2.196	1.902	2
538	2.02	1.725	1.843	2.078	2
539	2.02	1.843	1.588	2.216	2
540	2.02	2.059	1.471	2.078	2
541	1.941	2.078	1.412	2.098	2
542	1.922	2.02	1.647	2.157	2
543	1.98	1.941	2.157	2.059	2
544	1.941	1.882	2.471	2.098	2
545	2.02	2.118	2.431	2.137	2
546	1.961	2.059	2.098	2.078	2
547	1.863	2.059	1.804	2.02	2
548	1.922	2.216	1.686	2.235	2
549	2.078	2.196	1.706	2.137	2
550	1.961	2.039	1.843	2.0	2
551	2.078	2.078	1.922	1.941	2
552	2.373	2.275	1.98	1.745	2
553	2.49	2.412	2.333	1.765	2
554	2.392	2.294	2.843	1.824	2
555	2.216	2.137	2.961	2.059	2
556	2.314	2.255	2.392	2.137	2
557	2.392	2.333	1.706	1.961	2
558	2.392	2.431	1.569	1.941	2
559	2.529	2.529	1.882	2.02	2
560	2.49	2.431	2.275	1.863	2
561	2.255	2.255	2.569	1.784	2
562	2.255	2.275	2.51	1.824	2
563	2.353	2.412	2.157	1.863	2
564	2.216	2.333	1.941	1.706	2
565	2.176	2.353	2.157	2.078	2
566	2.294	2.412	2.608	2.196	2
567	2.275	2.353	2.725	2.059	2
568	2.176	2.275	2.471	1.98	2
569	2.098	2.176	1.941	1.961	2
570	1.98	2.059	1.471	1.843	2
571	1.98	2.0	1.412	1.843	2
572	2.02	1.98	1.824	1.843	2
573	2.02	2.039	2.314	2.02	2
574	2.039	2.059	2.49	2.02	2
575	1.745	1.804	2.216	1.941	2
576	1.706	1.902	1.941	2.059	2
577	1.843	1.922	1.863	1.961	2
578	1.647	1.745	1.824	2.0	2
579	1.569	1.686	1.784	2.0	2
580	1.569	1.706	1.745	1.961	2
581	1.569	1.706	1.784	1.843	2
582	1.49	1.667	1.922	2.0	2
583	1.627	1.725	2.118	2.078	2
584	1.686	1.745	2.059	1.922	2
585	1.667	1.725	1.922	1.843	2
586	1.647	1.667	1.725	1.765	2
587	1.706	1.667	1.725	1.824	2
588	1.706	1.529	1.784	1.804	2
589	1.588	1.51	1.804	1.863	2
590	1.608	1.49	1.725	2.02	2
591	1.686	1.569	1.686	1.941	2
592	1.686	1.667	1.706	1.863	2
593	1.627	1.627	1.784	1.863	2
594	1.627	1.49	1.725	1.804	2
595	1.431	1.412	1.49	2.0	2
596	1.353	1.471	1.451	2.176	2
597	1.51	1.647	1.765	2.157	2
598	1.627	1.686	1.941	1.98	2
599	1.451	1.549	1.686	2.078	2
600	1.49	1.549	1.373	2.059	2
601	1.608	1.667	1.451	1.882	2
602	1.667	1.784	1.706	1.843	2
603	1.706	1.667	1.725	1.843	2
604	1.667	1.549	1.529	1.804	2
605	1.725	1.608	1.51	1.902	2
606	1.765	1.725	1.725	2.176	2
607	1.961	2.059	2.0	2.235	2
608	2.098	2.078	2.059	1.843	2
609	1.902	2.078	1.922	1.745	2
610	1.882	2.098	1.961	2.039	2
611	2.078	2.275	2.098	2.098	2
612	2.0	2.196	2.059	1.98	2
613	1.98	2.196	1.941	1.98	2
614	1.961	2.196	1.843	1.843	2
615	1.902	2.196	1.882	1.745	2
616	1.922	2.353	2.039	2.059	2
617	2.196	2.431	2.196	2.137	2
618	2.333	2.49	2.157	1.941	2
619	2.294	2.451	2.078	1.784	2
620	2.275	2.392	2.098	1.725	2
621	2.196	2.49	2.235	1.804	2
622	2.373	2.667	2.412	1.961	2
623	2.431	2.588	2.392	2.059	2
624	2.353	2.529	2.196	2.137	2
625	2.373	2.569	2.0	1.98	2
626	2.412	2.569	1.98	1.863	2
627	2.333	2.569	2.0	2.039	2
628	2.196	2.471	2.118	2.02	2
629	2.059	2.392	2.275	2.0	2
630	2.059	2.451	2.314	2.078	2
631	2.137	2.51	2.275	2.098	2
632	2.157	2.471	2.098	2.059	2
633	2.039	2.392	1.98	2.176	2
634	2.118	2.392	2.039	2.216	2
635	2.157	2.451	2.216	2.098	2
636	2.078	2.333	2.196	2.02	2
637	1.961	2.216	2.078	1.98	2
638	1.863	2.078	1.941	1.98	2
639	1.941	2.137	1.882	2.0	2
640	1.961	2.098	1.882	2.098	2
641	1.98	2.118	1.902	2.255	2
642	1.98	2.137	2.118	1.98	2
643	1.686	1.902	2.294	1.961	2
644	1.627	1.863	2.275	2.118	2
645	1.725	1.961	2.118	2.157	2
646	1.667	1.902	1.824	2.196	2
647	1.569	1.843	1.667	2.196	2
648	1.569	1.863	1.765	2.039	2
649	1.51	1.843	2.039	1.98	2
650	1.529	1.843	2.157	2.176	2
651	1.608	1.784	2.0	2.137	2
652	1.627	1.784	1.804	2.098	2
653	1.706	1.863	1.824	1.922	2
654	1.667	1.725	2.137	1.941	2
655	1.667	1.824	2.314	2.137	2
656	1.725	1.882	2.137	2.059	2
657	1.765	1.765	1.765	2.098	2
658	1.804	1.667	1.51	2.196	2
659	1.824	1.824	1.51	2.0	2
660	1.647	1.804	1.765	2.02	2
661	1.706	1.922	2.078	2.216	2
662	1.824	1.863	2.157	2.176	2
663	1.608	1.588	1.98	2.137	2
664	1.608	1.667	1.725	2.157	2
665	1.608	1.725	1.627	2.039	2
666	1.51	1.725	1.647	1.98	2
667	1.49	1.706	1.667	2.137	2
668	1.608	1.627	1.667	2.137	2
669	1.588	1.51	1.647	1.961	2
670	1.569	1.745	1.627	2.02	2
671	1.686	1.843	1.686	2.0	2
672	1.686	1.824	1.804	1.902	2
673	1.765	1.784	1.882	1.882	2
674	1.843	1.902	1.941	1.961	2
675	1.902	2.039	1.922	2.059	2
676	1.961	2.098	1.745	1.882	2
677	1.902	1.961	1.667	1.784	2
678	1.804	2.039	1.725	1.961	2
679	1.98	2.275	1.843	1.941	2
680	1.922	2.176	1.922	1.882	2
681	1.843	2.157	2.02	1.902	2
682	1.941	2.275	2.039	2.059	2
683	2.0	2.333	1.922	1.922	2
684	2.02	2.275	1.843	1.922	2
685	2.098	2.314	2.039	1.843	2
686	2.137	2.51	2.451	1.706	2
687	2.137	2.569	2.608	1.784	2
688	2.157	2.451	2.451	1.745	2
689	2.118	2.333	2.118	1.745	2
690	2.118	2.294	1.882	1.725	2
691	2.059	2.392	1.902	1.843	2
692	2.255	2.51	2.137	1.941	2
693	2.235	2.373	2.392	1.765	2
694	2.118	2.314	2.333	1.725	2
695	2.02	2.294	2.216	1.882	2
696	2.0	2.392	2.294	1.922	2
697	2.039	2.431	2.51	1.882	2
698	1.961	2.412	2.529	1.784	2
699	1.941	2.392	2.333	1.824	2
700	1.922	2.314	1.98	1.863	2
701	1.902	2.275	1.765	2.137	2
702	1.902	2.235	1.863	2.039	2
703	2.02	2.333	2.137	1.961	2
704	2.157	2.471	2.392	1.922	2
705	2.02	2.275	2.373	1.882	2
706	1.882	2.137	2.235	1.843	2
707	1.863	2.098	2.078	1.902	2
708	1.882	2.078	1.941	2.059	2
709	1.922	2.078	1.843	2.216	2
710	1.922	2.098	1.765	2.157	2
711	1.824	2.098	1.804	2.098	2
712	1.765	2.02	1.863	2.157	2
713	1.765	1.98	2.02	2.235	2
714	1.745	1.961	2.235	2.157	2
715	1.647	1.961	2.176	2.078	2
716	1.608	1.902	1.882	2.078	2
717	1.569	1.824	1.667	2.0	2
718	1.588	1.824	1.686	2.216	2
719	1.765	1.922	1.863	2.333	2
720	1.824	1.902	2.02	2.118	2
721	1.765	1.804	1.961	1.941	2
722	1.804	1.804	1.863	1.902	2
723	1.765	1.725	1.647	1.863	2
724	1.745	1.667	1.529	1.843	2
725	1.765	1.706	1.725	1.882	2
726	1.941	1.824	2.176	2.0	2
727	1.902	1.784	2.333	1.863	2
728	1.667	1.647	2.078	1.863	2
729	1.627	1.647	1.667	2.02	2
730	1.686	1.667	1.392	1.941	2
731	1.647	1.51	1.392	1.961	2
732	1.627	1.588	1.667	2.02	2
733	1.627	1.627	1.922	1.922	2
734	1.647	1.588	1.98	1.686	2
735	1.667	1.706	2.0	1.902	2
736	1.686	1.745	1.922	2.039	2
737	1.647	1.686	1.745	1.882	2
738	1.725	1.725	1.627	1.784	2
739	1.804	1.745	1.647	1.784	2
740	1.824	1.686	1.647	1.784	2
741	1.922	1.784	1.706	1.843	2
742	2.059	1.863	1.824	1.882	2
743	2.059	1.922	1.961	1.98	2
744	2.059	1.98	2.02	1.765	2
745	1.961	2.078	2.02	1.784	2
746	1.98	2.216	2.118	1.882	2
747	2.039	2.098	2.176	1.843	2
748	1.902	1.902	2.157	1.902	2
749	1.98	2.235	1.961	2.098	2
750	2.059	2.373	1.765	2.0	2
751	2.0	2.255	1.725	1.824	2
752	1.941	2.216	1.882	1.98	2
753	1.98	2.196	2.176	1.882	2
754	2.039	2.137	2.333	1.804	2
755	2.0	2.059	2.373	1.765	2
756	2.039	2.078	2.196	1.843	2
757	2.02	2.255	2.02	1.922	2
758	2.078	2.353	1.941	2.02	2
759	2.176	2.314	1.961	2.118	2
760	2.118	2.098	2.039	2.0	2
761	1.902	1.98	2.059	1.843	2
762	1.824	2.078	2.098	1.941	2
763	1.922	2.137	1.98	2.118	2
764	1.98	2.255	1.824	2.118	2
765	1.765	2.059	1.765	2.02	2
766	1.745	2.118	1.804	2.039	2
767	1.824	2.176	1.922	2.039	2
768	1.725	2.078	1.941	1.922	2
769	1.706	2.157	2.118	2.098	2
770	1.961	2.314	2.255	2.235	2
771	2.059	2.333	2.137	2.235	2
772	1.902	2.137	1.765	1.882	2
773	1.843	2.039	1.569	1.843	2
774	1.902	2.196	1.765	1.863	2
775	2.137	2.412	2.157	1.98	2
776	2.118	2.294	2.333	2.02	2
777	2.059	2.157	2.216	2.059	2
778	1.961	2.059	2.0	1.824	2
779	1.843	2.039	1.863	1.843	2
780	1.882	2.176	1.902	2.078	2
781	2.039	2.294	2.098	2.137	2
782	1.902	2.176	2.176	2.118	2
783	1.765	2.039	2.098	2.0	2
784	1.765	2.059	1.961	1.902	2
785	1.706	1.961	1.882	1.725	2
786	1.725	1.902	1.882	1.98	2
787	1.765	1.863	1.902	2.039	2
788	1.667	1.863	1.922	1.941	2
789	1.725	1.941	1.941	1.882	2
790	1.863	1.961	1.843	1.824	2
791	1.824	1.843	1.843	1.784	2
792	1.882	1.824	2.02	1.843	2
793	1.882	1.922	2.059	1.98	2
794	1.961	1.961	1.784	2.0	2
795	1.843	1.804	1.49	1.725	2
796	1.725	1.863	1.529	1.706	2
797	1.824	1.941	1.824	2.039	2
798	2.098	2.137	2.196	2.176	2
799	2.039	2.098	2.412	1.98	2
800	1.765	1.863	2.255	1.863	2
801	1.765	1.902	1.882	1.824	2
802	1.784	1.922	1.569	1.804	2
803	1.843	2.02	1.49	2.039	2
804	1.961	2.02	1.627	2.059	2
805	1.941	2.0	1.843	1.843	2
806	1.941	2.059	2.059	1.804	2
807	1.98	2.078	2.098	1.843	2
808	1.961	2.02	2.176	1.706	2
809	2.039	2.059	2.255	1.784	2
810	2.098	2.137	2.118	2.0	2
811	2.176	2.118	1.863	2.098	2
812	2.059	2.039	1.706	1.843	2
813	1.882	2.0	1.745	1.745	2
814	1.941	2.118	1.882	1.98	2
815	1.882	2.098	1.961	1.941	2
816	1.745	1.902	1.922	1.863	2
817	1.725	1.961	1.941	1.941	2
818	1.882	2.176	2.02	2.118	2
819	1.902	2.196	2.039	2.137	2
820	1.882	2.176	1.902	2.196	2
821	1.941	2.137	1.863	2.0	2
822	1.863	2.039	1.902	1.902	2
823	1.824	2.02	1.922	1.843	2
824	1.843	2.0	1.804	1.922	2
825	1.804	1.98	1.667	1.941	2
826	1.863	2.02	1.667	2.02	2
827	1.922	2.098	1.863	2.078	2
828	2.039	2.216	2.157	2.196	2
829	1.902	2.118	2.255	2.098	2
830	1.784	1.882	2.078	2.02	2
831	1.725	1.961	1.843	2.196	2
832	1.882	2.275	1.745	2.235	2
833	1.784	2.255	1.706	2.059	2
834	1.647	1.98	1.745	2.02	2
835	1.529	1.863	1.824	2.078	2
836	1.686	2.02	1.98	2.059	2
837	1.843	2.137	2.118	2.235	2
838	1.882	2.255	2.255	2.275	2
839	1.843	2.157	2.216	2.078	2
840	1.784	2.118	2.039	1.98	2
841	1.843	2.137	1.902	1.961	2
842	1.902	2.137	1.843	1.902	2
843	1.902	2.098	1.882	1.941	2
844	2.039	2.157	1.961	2.196	2
845	2.098	2.157	2.078	2.255	2
846	1.98	2.039	2.137	2.02	2
847	1.863	2.098	2.098	1.922	2
848	1.863	2.196	2.02	2.176	2
849	1.941	2.216	1.941	2.196	2
850	1.804	2.02	1.922	2.059	2
851	1.706	1.961	1.902	2.059	2
852	1.765	2.039	1.902	2.039	2
853	1.843	2.098	1.98	1.961	2
854	1.784	2.118	2.0	2.118	2
855	1.804	2.059	1.922	2.157	2
856	1.863	2.0	1.882	2.039	2
857	1.882	2.059	1.882	1.843	2
858	1.941	2.078	1.961	1.863	2
859	1.961	2.098	2.039	1.902	2
860	2.0	2.098	1.98	1.882	2
861	1.98	2.02	1.902	1.882	2
862	2.02	1.961	1.824	1.941	2
863	2.059	2.0	1.706	1.843	2
864	1.922	2.059	1.745	1.902	2
865	2.078	2.235	1.941	2.078	2
866	2.078	2.196	2.078	1.941	2
867	1.824	1.961	2.059	1.922	2
868	1.804	1.98	2.137	1.922	2
869	1.922	2.137	2.137	1.824	2
870	1.902	2.176	2.0	1.804	2
871	1.784	2.02	1.863	1.961	2
872	1.784	1.863	1.784	2.039	2
873	1.804	1.843	1.765	1.922	2
874	1.941	2.078	1.902	1.882	2
875	1.98	2.137	2.039	1.922	2
876	1.902	1.961	2.137	1.804	2
877	1.902	1.922	2.098	1.824	2
878	1.941	1.941	1.961	1.843	2
879	1.98	2.0	1.843	1.863	2
880	1.902	1.941	1.804	1.882	2
881	1.824	1.922	1.824	1.941	2
882	1.745	1.824	1.961	2.098	2
883	1.824	1.922	2.078	2.039	2
884	1.765	1.941	2.118	1.98	2
885	1.686	1.843	2.039	1.98	2
886	1.686	1.765	1.843	1.98	2
887	1.667	1.843	1.686	1.863	2
888	1.667	1.98	1.667	2.02	2
889	1.804	2.0	1.765	2.039	2
890	1.882	2.0	1.902	1.902	2
891	1.843	2.02	2.039	1.843	2
892	1.843	1.922	2.039	1.863	2
893	1.882	1.863	2.02	1.882	2
894	1.941	1.98	2.0	1.843	2
895	1.961	2.02	1.922	1.843	2
896	2.02	2.078	1.922	1.961	2
897	2.059	2.078	2.02	1.882	2
898	1.922	2.039	2.137	1.843	2
899	1.961	2.078	2.137	2.0	2
900	2.039	2.196	2.078	2.059	2
901	2.02	2.196	2.0	1.98	2
902	1.961	2.176	1.941	1.902	2
903	1.922	2.137	1.902	1.941	2
904	1.824	2.078	1.902	1.843	2
905	1.804	2.059	2.039	1.941	2
906	1.941	2.02	2.118	1.941	2
907	1.902	1.98	2.098	1.902	2
908	1.902	2.039	2.02	1.863	2
909	2.039	2.196	1.863	1.882	2
910	2.02	2.098	1.745	1.882	2
911	2.0	1.98	1.725	1.902	2
912	1.902	1.902	1.824	1.902	2
913	1.941	1.961	1.941	1.98	2
914	1.98	2.059	2.039	1.882	2
915	1.941	2.098	2.098	1.902	2
916	1.804	2.02	2.078	2.02	2
917	1.922	2.098	1.922	2.0	2
918	1.882	2.0	1.824	1.922	2
919	1.824	1.98	1.824	1.98	2
920	1.804	1.98	1.804	1.98	2
921	1.784	2.039	1.863	1.961	2
922	1.824	2.098	1.961	2.039	2
923	1.863	2.059	2.0	2.098	2
924	1.922	2.098	2.098	1.961	2
925	2.0	2.157	2.176	1.765	2
926	1.941	2.078	1.961	1.706	2
927	1.863	1.961	1.667	1.765	2
928	1.843	1.922	1.588	1.922	2
929	2.059	2.118	1.902	2.059	2
930	2.137	2.157	2.255	2.059	2
931	1.961	2.039	2.431	1.902	2
932	1.922	2.059	2.333	1.863	2
933	1.824	2.02	2.02	1.941	2
934	1.922	2.078	1.765	1.961	2
935	1.745	1.98	1.667	1.941	2
936	1.686	2.02	1.765	1.961	2
937	1.725	1.961	1.961	1.902	2
938	1.667	1.922	2.078	1.824	2
939	1.667	1.961	2.078	2.118	2
940	1.804	2.0	2.059	2.333	2
941	1.902	2.0	1.98	1.961	2
942	1.804	1.98	1.961	1.725	2
943	1.765	1.961	2.0	1.804	2
944	1.784	2.0	2.02	1.765	2
945	1.824	1.961	2.0	1.824	2
946	1.843	1.961	1.961	2.02	2
947	1.882	1.941	1.941	2.157	2
948	2.0	2.02	1.902	2.078	2
949	2.039	2.157	1.882	1.941	2
950	1.824	2.0	1.941	2.02	2
951	1.804	2.0	1.941	1.961	2
952	1.804	2.0	2.0	2.039	2
953	1.824	2.098	1.98	2.078	2
954	1.804	2.059	1.98	2.059	2
955	1.824	2.059	1.961	2.0	2
956	1.765	2.0	1.922	2.078	2
957	1.882	2.078	1.863	2.098	2
958	1.941	2.098	1.843	2.0	2
959	1.941	2.059	1.902	1.902	2
960	1.882	2.0	1.882	1.961	2
961	1.824	1.961	1.863	1.961	2
962	1.922	2.02	1.804	1.941	2
963	1.922	1.98	1.745	1.98	2
964	1.922	1.922	1.706	2.059	2
965	1.922	1.902	1.863	1.941	2
966	1.843	1.941	2.039	1.98	2
967	1.863	2.078	2.098	2.039	2
968	1.961	2.118	2.118	1.961	2
969	1.745	1.941	1.941	2.0	2
970	1.725	1.961	1.765	2.02	2
971	1.804	2.039	1.706	2.118	2
972	1.863	2.098	1.765	2.0	2
973	1.824	2.039	1.882	2.039	2
974	1.863	1.98	1.98	2.078	2
975	1.941	2.02	2.059	2.059	2
976	2.039	2.137	2.137	1.902	2
977	2.0	2.098	2.176	1.843	2
978	1.98	2.078	2.157	1.882	2
979	2.039	2.039	2.098	1.941	2
980	2.02	2.039	1.941	2.0	2
981	2.059	2.176	1.824	2.078	2
982	2.098	2.196	1.863	1.922	2
983	1.941	2.098	1.922	1.922	2
984	1.902	2.059	2.118	2.059	2
985	1.961	2.039	2.216	2.098	2
986	1.882	2.078	2.235	2.059	2
987	1.784	2.078	2.078	2.039	2
988	1.686	1.961	1.843	1.961	2
989	1.745	1.98	1.686	1.882	2
990	1.686	1.98	1.588	1.98	2
991	1.745	1.941	1.706	2.039	2
992	1.843	2.039	1.98	1.902	2
993	1.941	2.078	2.431	1.824	2
994	1.922	2.078	2.49	2.02	2
995	1.922	2.098	2.176	1.961	2
996	1.922	2.039	1.784	1.843	2
997	1.863	1.98	1.569	1.941	2
998	1.961	2.0	1.529	2.078	2
999	1.961	2.039	1.569	1.922	2
1000	1.863	1.961	1.765	1.843	2
1001	1.863	2.039	2.176	1.98	2
1002	2.0	2.196	2.627	2.0	2
1003	1.804	2.098	2.51	2.02	2
1004	1.745	2.039	2.059	2.059	2
1005	1.824	2.039	1.667	2.0	2
1006	1.765	2.0	1.549	1.961	2
1007	1.784	2.098	1.667	2.098	2
1008	1.902	2.078	1.902	2.098	2
1009	1.824	1.98	2.059	1.922	2
1010	1.843	2.02	2.157	1.725	2
1011	1.902	2.078	2.137	1.824	2
1012	1.941	2.118	2.137	2.0	2
1013	2.02	2.118	2.039	1.961	2
1014	2.039	2.137	1.98	1.941	2
1015	2.059	2.118	1.941	2.02	2
1016	1.961	2.059	1.941	1.882	2
1017	1.863	2.039	1.941	1.843	2
1018	1.804	2.078	1.941	1.961	2
1019	1.922	2.137	1.98	2.078	2
1020	1.863	2.078	1.941	2.078	2
1021	1.745	1.961	1.824	2.039	2
1022	1.745	1.98	1.784	1.902	2
1023	1.765	2.02	1.863	1.824	2
1024	1.745	2.039	1.902	2.02	2
1025	1.784	2.0	1.824	2.0	2
1026	1.745	1.941	1.686	1.863	2
1027	1.784	2.02	1.745	1.804	2
1028	1.824	2.059	2.039	1.902	2
1029	1.804	1.98	2.118	1.941	2
1030	1.843	1.941	1.961	1.882	2
1031	1.882	2.0	1.784	1.902	2
1032	1.941	2.02	1.706	2.02	2
1033	1.922	2.0	1.745	1.804	2
1034	1.843	2.0	1.863	1.784	2
1035	1.824	2.02	2.02	1.98	2
1036	1.922	2.059	2.118	2.0	2
1037	1.863	2.039	2.176	1.961	2
1038	1.765	2.02	2.039	1.98	2
1039	1.784	2.02	1.882	1.902	2
1040	1.843	2.059	1.824	1.863	2
1041	1.784	2.098	1.843	2.0	2
1042	1.863	2.098	1.98	2.157	2
1043	2.02	2.137	2.098	1.98	2
1044	2.059	2.196	2.157	1.706	2
1045	1.961	2.078	2.118	1.784	2
1046	1.902	2.0	2.0	1.784	2
1047	1.961	2.078	1.922	1.843	2
1048	2.039	2.118	1.902	1.941	2
1049	2.098	2.137	1.961	2.02	2
1050	2.02	2.098	2.0	1.882	2
1051	1.961	2.098	2.02	1.824	2
1052	1.922	2.098	2.039	1.98	2
1053	1.98	2.157	2.118	2.0	2
1054	1.902	2.157	2.157	1.941	2
1055	1.804	2.059	2.059	1.961	2
1056	1.804	1.941	1.922	2.02	2
1057	1.863	2.039	1.843	1.902	2
1058	1.843	2.157	1.843	2.0	2
1059	1.863	2.039	1.882	2.02	2
1060	1.863	2.039	1.961	1.902	2
1061	1.882	2.02	2.059	1.843	2
1062	1.843	1.961	2.02	1.824	2
1063	1.882	1.98	1.902	1.863	2
1064	1.961	2.059	1.941	1.922	2
1065	2.059	2.098	2.0	2.0	2
1066	2.059	2.078	1.922	2.157	2
1067	2.02	1.98	1.843	1.941	2
1068	1.863	1.922	1.824	1.863	2
1069	1.804	2.0	1.902	2.0	2
1070	1.863	2.059	1.922	2.059	2
1071	1.843	2.0	1.863	2.059	2
1072	1.843	2.059	1.824	2.039	2
1073	1.765	2.02	1.824	2.039	2
1074	1.765	2.0	1.863	1.922	2
1075	1.745	2.02	1.922	2.059	2
1076	1.784	2.02	2.059	2.118	2
1077	1.941	2.059	2.196	1.961	2
1078	1.882	2.039	2.039	1.824	2
1079	1.784	2.0	1.843	1.902	2
1080	1.863	2.078	1.725	1.98	2
1081	2.02	2.098	1.804	1.922	2
1082	1.961	2.0	1.941	1.961	2
1083	1.941	1.961	2.039	2.059	2
1084	1.941	1.961	2.059	2.0	2
1085	1.882	2.0	2.059	1.941	2
1086	1.804	2.098	2.039	1.941	2
1087	1.902	2.196	2.059	2.059	2
1088	1.902	2.078	2.078	2.02	2
1089	1.765	1.961	1.98	2.059	2
1090	1.804	2.039	1.922	2.039	2
1091	1.843	2.157	1.922	1.922	2
1092	1.784	2.137	1.961	1.98	2
1093	1.843	2.059	2.0	2.078	2
1094	1.902	2.039	1.98	2.02	2
1095	1.882	2.059	1.941	1.843	2
1096	1.902	2.098	1.98	1.784	2
1097	1.843	2.0	2.02	1.765	2
1098	1.863	2.02	2.02	1.863	2
1099	1.961	2.078	1.98	2.02	2
1100	2.039	2.078	1.961	2.098	2
1101	1.961	2.078	1.882	1.961	2
1102	1.882	2.039	1.902	1.843	2
1103	1.784	2.039	1.922	2.02	2
1104	1.882	2.098	2.0	2.0	2
1105	1.804	1.961	2.0	1.902	2
1106	1.647	1.922	1.941	1.863	2
1107	1.725	2.0	1.882	1.961	2
1108	1.745	2.0	1.882	1.941	2
1109	1.725	2.0	1.902	2.098	2
1110	1.804	2.02	1.922	2.196	2
1111	1.882	2.02	1.961	2.039	2
1112	1.902	2.059	1.902	1.882	2
1113	1.843	2.02	1.863	1.882	2
1114	1.882	2.02	1.882	1.843	2
1115	1.882	1.98	1.902	1.882	2
1116	1.902	1.941	1.882	1.941	2
1117	1.941	1.961	1.863	2.0	2
1118	1.961	1.961	1.882	1.843	2
1119	1.902	2.02	1.922	1.784	2
1120	1.843	2.02	1.961	2.02	2
1121	1.882	2.039	1.843	2.137	2
1122	1.843	2.0	1.863	2.118	2
1123	1.863	2.078	1.941	2.059	2
1124	1.902	2.176	1.98	2.0	2
1125	1.765	2.0	1.961	1.784	2
1126	1.608	1.922	1.863	1.882	2
1127	1.765	1.941	1.725	1.961	2
1128	1.824	1.961	1.686	1.922	2
1129	1.804	2.02	1.725	1.882	2
1130	1.941	2.098	2.0	1.961	2
1131	2.039	2.098	2.196	1.941	2
1132	2.059	2.059	2.176	1.804	2
1133	1.961	2.059	2.039	1.804	2
1134	1.922	2.02	1.961	2.0	2
1135	2.0	2.098	1.941	2.059	2
1136	1.98	2.098	1.882	2.0	2
1137	1.941	2.02	1.882	2.118	2
1138	1.98	2.059	1.961	1.941	2
1139	1.863	1.98	2.157	1.824	2
1140	1.843	2.02	2.176	1.98	2
1141	1.843	1.98	2.118	2.098	2
1142	1.804	1.902	1.941	1.98	2
1143	1.745	1.98	1.824	2.078	2
1144	1.98	2.275	1.882	2.059	2
1145	2.02	2.157	2.039	1.922	2
1146	1.961	2.039	2.196	1.863	2
1147	1.902	1.98	2.176	1.863	2
1148	1.843	1.941	2.039	1.863	2
1149	1.941	2.02	1.882	1.922	2
1150	1.941	2.0	1.824	1.941	2
1151	2.0	2.02	1.863	1.941	2
1152	2.0	2.039	2.0	1.882	2
1153	1.941	2.059	2.098	1.902	2
1154	1.902	2.059	2.059	2.059	2
1155	1.941	2.176	2.039	2.157	2
1156	1.941	2.157	2.0	2.059	2
1157	1.804	2.0	1.922	1.98	2
1158	1.784	2.039	1.863	1.941	2
1159	1.824	1.961	1.804	1.765	2
1160	1.745	1.98	1.922	1.863	2
1161	1.824	2.059	2.039	2.039	2
1162	1.863	2.02	2.059	2.137	2
1163	1.902	2.078	1.98	2.039	2
1164	1.863	2.02	1.824	1.941	2
1165	1.863	2.0	1.784	1.882	2
1166	1.961	2.0	1.863	1.824	2
1167	1.941	1.961	1.961	1.941	2
1168	1.902	1.961	1.98	2.098	2
1169	1.902	2.02	1.941	2.0	2
1170	1.824	2.059	1.922	1.961	2
1171	1.882	2.098	1.941	2.039	2
1172	1.961	2.098	2.0	2.02	2
1173	1.765	1.941	1.98	1.902	2
1174	1.706	1.961	1.902	2.02	2
1175	1.765	2.059	1.882	2.0	2
1176	1.804	2.078	1.902	1.902	2
1177	1.745	2.039	1.882	2.039	2
1178	1.765	1.961	1.863	2.157	2
1179	1.843	2.0	1.804	1.922	2
1180	1.745	2.0	1.824	1.745	2
1181	1.804	2.078	1.961	1.882	2
1182	1.98	2.078	2.137	1.824	2
1183	1.98	2.039	2.118	1.804	2
1184	1.902	1.98	1.922	1.843	2
1185	1.922	2.0	1.824	2.0	2
1186	2.0	2.059	1.824	1.902	2
1187	1.941	2.098	1.902	1.843	2
1188	1.804	2.02	1.98	2.039	2
1189	1.941	2.118	2.039	2.059	2
1190	1.922	2.078	2.078	1.98	2
1191	1.843	2.039	2.039	2.039	2
1192	1.863	2.098	1.961	2.039	2
1193	1.863	2.098	1.863	1.922	2
1194	1.784	2.02	1.824	1.98	2
1195	1.882	2.078	1.961	2.078	2
1196	1.98	2.118	2.118	2.0	2
1197	1.941	2.098	2.118	1.902	2
1198	1.922	2.078	2.039	1.961	2
1199	2.0	2.098	1.98	1.941	2
1200	2.059	2.137	1.98	1.941	2
1201	1.98	2.039	1.98	1.922	2
1202	1.922	2.0	1.902	2.078	2
1203	1.961	2.02	1.902	1.961	2
1204	1.902	1.98	1.902	1.902	2
1205	1.863	2.039	1.941	2.059	2
1206	1.98	2.118	2.039	2.059	2
1207	1.863	2.039	2.157	1.882	2
1208	1.725	1.882	2.118	1.882	2
1209	1.725	1.941	1.922	1.961	2
1210	1.745	2.0	1.765	1.98	2
1211	1.784	2.039	1.784	2.118	2
1212	2.0	2.157	1.941	2.098	2
1213	1.98	2.059	2.039	1.902	2
1214	1.804	1.941	2.0	1.745	2
1215	1.765	1.902	1.882	1.824	2
1216	1.961	2.039	1.902	1.765	2
1217	1.98	2.059	2.0	1.843	2
1218	1.98	2.078	2.02	2.039	2
1219	2.059	2.118	1.98	2.078	2
1220	2.098	2.157	1.961	1.922	2
1221	1.922	2.098	1.922	1.863	2
1222	1.863	2.039	1.941	1.98	2
1223	1.941	2.078	2.02	2.059	2
1224	1.863	2.02	2.059	1.98	2
1225	1.784	2.0	2.0	2.059	2
1226	1.824	2.059	1.941	2.02	2
1227	1.804	2.078	1.882	1.98	2
1228	1.824	2.098	1.863	2.098	2
1229	1.922	1.961	1.902	2.039	2
1230	1.804	1.961	1.961	1.961	2
1231	1.765	2.059	1.922	1.784	2
1232	1.784	2.0	1.863	1.882	2
1233	1.843	1.961	1.843	1.902	2
1234	1.902	1.941	1.863	1.98	2
1235	1.922	1.922	1.882	2.02	2
1236	1.941	1.922	1.922	2.098	2
1237	1.98	2.039	1.961	1.922	2
1238	1.902	2.059	1.98	1.804	2
1239	1.843	2.078	2.0	1.98	2
1240	1.902	2.02	1.941	2.039	2
1241	1.804	1.922	1.824	1.961	2
1242	1.706	1.922	1.804	2.0	2
1243	1.824	2.059	1.902	2.02	2
1244	1.843	2.078	2.059	1.824	2
1245	1.824	2.078	2.157	1.941	2
1246	1.882	2.098	2.098	2.078	2
1247	1.863	2.02	1.941	1.98	2
1248	1.902	2.0	1.863	1.765	2
1249	1.882	2.078	1.882	1.843	2
1250	1.902	2.098	2.0	1.863	2
1251	1.941	2.098	2.078	1.941	2
1252	1.922	2.059	2.059	1.922	2
1253	1.902	2.059	1.98	1.961	2
1254	1.902	2.0	1.882	1.843	2
1255	1.784	1.961	1.804	1.863	2
1256	1.804	2.02	1.824	2.0	2
1257	1.902	2.059	1.961	2.157	2
1258	1.882	2.059	2.059	1.98	2
1259	1.745	1.98	2.02	1.941	2
1260	1.725	2.0	1.922	2.0	2
1261	1.765	2.02	1.882	1.882	2
1262	1.725	2.02	1.863	1.941	2
1263	1.784	2.02	1.882	2.078	2
1264	1.902	2.039	1.98	2.039	2
1265	1.922	2.039	2.039	1.725	2
1266	1.941	2.039	2.02	1.765	2
1267	1.882	2.0	1.98	1.863	2
1268	2.0	2.059	1.961	1.941	2
1269	2.059	2.176	1.941	1.98	2
1270	2.118	2.216	1.961	2.02	2
1271	2.059	2.059	1.98	1.843	2
1272	1.882	2.02	2.0	1.902	2
1273	1.941	2.137	2.118	2.02	2
1274	2.0	2.176	2.216	2.039	2
1275	1.902	2.059	2.137	1.98	2
1276	1.843	2.078	1.961	2.0	2
1277	1.902	2.137	1.824	1.941	2
1278	1.843	2.078	1.824	1.902	2
1279	1.725	2.039	1.902	2.059	2
1280	1.882	2.137	2.02	2.235	2
1281	2.0	2.176	2.039	2.02	2
1282	1.902	2.039	2.02	1.784	2
1283	1.804	2.02	1.961	1.824	2
1284	1.882	2.039	1.941	1.824	2
1285	2.0	2.059	1.961	2.0	2
1286	2.02	2.098	1.961	2.039	2
1287	2.0	2.059	1.961	2.059	2
1288	1.941	2.0	1.961	1.902	2
1289	1.824	1.98	1.961	1.824	2
1290	1.765	1.961	1.98	1.961	2
1291	1.824	1.98	2.02	2.039	2
1292	1.843	1.961	1.941	2.039	2
1293	1.804	2.0	1.843	2.059	2
1294	1.843	2.098	1.863	2.176	2
1295	1.824	2.098	1.922	1.961	2
1296	1.667	1.941	1.961	1.902	2
1297	1.706	1.863	1.882	2.0	2
1298	1.824	1.863	1.824	1.922	2
1299	1.824	1.922	1.863	1.804	2
1300	1.784	1.98	1.961	1.961	2
1301	1.804	1.98	1.98	1.961	2
1302	1.863	1.961	1.882	1.941	2
1303	1.922	1.98	1.804	1.922	2
1304	1.922	1.98	1.824	2.059	2
1305	1.863	1.941	1.902	1.902	2
1306	1.784	1.98	1.98	1.863	2
1307	1.804	2.02	2.0	2.098	2
1308	1.941	2.059	1.922	2.196	2
1309	1.863	2.02	1.843	1.961	2
1310	1.725	2.059	1.804	1.961	2
1311	1.784	2.118	1.863	2.059	2
1312	1.824	2.02	1.98	1.922	2
1313	1.765	1.98	2.098	2.0	2
1314	1.843	2.078	2.118	2.196	2
1315	1.961	2.157	1.98	2.137	2
1316	1.98	2.157	1.882	1.902	2
1317	1.941	2.098	1.804	1.784	2
1318	1.922	2.059	1.804	1.784	2
1319	1.98	2.118	1.922	1.882	2
1320	2.059	2.157	2.039	2.039	2
1321	2.078	2.137	2.196	2.157	2
1322	2.118	2.137	2.137	1.922	2
1323	1.961	2.078	1.941	1.824	2
1324	1.843	1.98	1.745	2.0	2
1325	1.843	1.961	1.745	2.078	2
1326	1.902	2.098	1.824	1.98	2
1327	1.824	2.059	1.863	1.941	2
1328	1.765	1.941	1.961	1.961	2
1329	1.784	2.0	2.157	1.902	2
1330	1.804	2.137	2.235	2.02	2
1331	1.882	2.137	2.059	2.098	2
1332	1.902	2.039	1.804	1.98	2
1333	1.902	2.0	1.745	1.784	2
1334	1.863	1.98	1.824	1.863	2
1335	1.882	2.039	1.98	1.882	2
1336	1.961	2.059	2.098	1.882	2
1337	1.961	2.02	2.137	1.843	2
1338	1.961	2.02	2.118	1.98	2
1339	2.0	2.078	2.078	1.922	2
1340	2.0	2.078	2.059	1.922	2
1341	1.804	2.039	2.039	1.98	2
1342	1.882	2.078	2.039	2.059	2
1343	1.902	2.078	2.039	1.961	2
1344	1.824	2.02	2.02	1.961	2
1345	1.863	2.039	2.02	1.961	2
1346	1.784	2.0	1.98	1.902	2
1347	1.745	2.02	1.941	1.961	2
1348	1.843	2.059	1.98	2.098	2
1349	1.902	2.039	1.98	2.039	2
1350	1.843	2.039	1.961	1.824	2
1351	1.863	1.961	1.902	1.843	2
1352	1.902	2.02	1.902	1.882	2
1353	1.922	2.059	1.961	1.922	2
1354	1.961	2.039	2.02	1.941	2
1355	1.922	1.98	1.98	2.059	2
1356	1.922	1.961	1.922	1.961	2
1357	1.863	1.98	1.863	1.843	2
1358	1.863	2.078	1.902	2.059	2
1359	1.902	2.039	1.961	2.157	2
1360	1.843	1.961	2.0	1.98	2
1361	1.706	1.922	1.98	2.0	2
1362	1.725	1.961	1.882	1.961	2
1363	1.706	1.98	1.843	1.902	2
1364	1.686	2.02	1.843	2.0	2
1365	1.765	2.0	1.882	2.059	2
1366	1.863	2.039	1.922	2.059	2
1367	1.902	2.059	2.0	1.902	2
1368	1.843	2.039	2.02	1.902	2
1369	1.843	2.02	1.98	1.843	2
1370	1.902	2.039	1.922	1.882	2
1371	1.941	2.039	1.843	1.922	2
1372	1.961	2.039	1.824	2.059	2
1373	1.941	2.0	1.863	1.922	2
1374	1.824	2.02	1.882	1.922	2
1375	1.882	2.039	1.882	2.078	2
1376	1.902	2.059	2.0	2.118	2
1377	1.941	2.098	2.0	2.078	2
1378	1.804	2.0	1.941	1.961	2
1379	1.745	1.98	1.902	1.961	2
1380	1.725	2.0	1.824	1.922	2
1381	1.745	2.02	1.784	1.961	2
1382	1.804	1.941	1.804	2.039	2
1383	1.843	1.941	1.902	2.0	2
1384	1.902	2.059	1.98	1.922	2
1385	1.902	2.098	1.98	1.941	2
1386	1.961	2.098	1.941	1.882	2
1387	1.961	2.039	1.902	1.941	2
1388	1.902	1.922	1.824	2.02	2
1389	1.902	1.922	1.784	2.078	2
1390	2.0	2.0	1.863	1.863	2
1391	1.902	2.02	1.98	1.843	2
1392	1.902	2.118	2.078	2.078	2
1393	2.0	2.176	2.176	2.137	2
1394	1.922	2.118	2.118	1.961	2
1395	1.765	2.039	1.98	1.98	2
1396	1.843	2.118	1.863	2.059	2
1397	1.863	2.098	1.843	1.961	2
1398	1.765	2.059	1.941	2.02	2
1399	1.824	2.039	2.0	2.039	2
1400	1.98	2.176	2.059	2.0	2
1401	2.0	2.235	2.039	1.843	2
1402	1.941	2.078	2.02	1.843	2
1403	1.902	2.039	1.98	1.824	2
1404	1.961	2.059	2.039	1.882	2
1405	2.039	2.118	2.039	1.961	2
1406	2.039	2.137	2.0	2.039	2
1407	2.02	2.039	2.0	1.804	2
1408	1.804	1.902	2.0	1.706	2
1409	1.784	1.98	1.961	1.922	2
1410	1.922	2.098	1.961	2.059	2
1411	1.882	2.059	1.98	1.902	2
1412	1.706	1.941	1.902	1.941	2
1413	1.745	1.98	1.902	1.941	2
1414	1.765	2.0	1.941	1.961	2
1415	1.725	1.98	1.98	2.059	2
1416	1.725	1.922	1.961	2.059	2
1417	1.784	1.961	1.902	1.98	2
1418	1.824	2.02	1.882	1.725	2
1419	1.804	2.039	1.922	1.784	2
1420	1.863	1.98	1.961	1.745	2
1421	1.863	1.98	2.0	1.902	2
1422	1.922	2.02	1.98	2.02	2
1423	2.039	2.059	1.941	2.137	2
1424	2.039	2.078	1.902	2.02	2
1425	1.941	2.078	1.902	1.902	2
1426	1.882	2.059	1.863	2.059	2
1427	1.941	2.098	1.98	2.039	2
1428	1.941	2.078	2.059	1.961	2
1429	1.824	2.078	2.0	1.98	2
1430	1.863	2.078	1.902	2.0	2
1431	1.824	2.078	1.843	1.961	2
1432	1.804	2.118	1.922	2.0	2
1433	1.863	2.078	2.0	2.098	2
1434	1.922	2.098	2.039	2.02	2
1435	1.922	2.078	1.961	1.784	2
1436	1.824	2.02	1.882	1.784	2
1437	1.843	1.98	1.784	1.784	2
1438	1.843	1.961	1.745	1.941	2
1439	1.922	2.0	1.804	2.0	2
1440	1.961	2.039	1.882	2.118	2
1441	1.961	2.02	2.0	1.922	2
1442	1.882	2.039	2.078	1.804	2
1443	1.804	2.0	2.098	1.961	2
1444	1.902	2.059	2.0	2.078	2
1445	1.843	2.0	1.882	1.961	2
1446	1.686	1.902	1.745	2.0	2
1447	1.765	2.039	1.745	2.059	2
1448	1.843	2.078	1.882	1.941	2
1449	1.804	2.039	2.039	1.98	2
1450	1.882	2.039	2.137	2.078	2
1451	1.941	2.039	2.078	2.02	2
1452	1.922	2.039	1.961	1.902	2
1453	1.961	2.098	1.941	1.922	2
1454	2.0	2.137	1.941	1.863	2
1455	1.961	2.059	1.961	1.882	2
1456	1.902	1.98	1.961	1.902	2
1457	1.902	1.961	1.98	2.059	2
1458	1.98	2.039	1.961	1.941	2
1459	1.98	2.098	2.0	1.863	2
1460	1.902	2.059	2.0	1.98	2
1461	1.941	2.118	2.02	2.098	2
1462	1.902	2.118	2.02	2.0	2
1463	1.843	2.059	1.941	2.02	2
1464	1.824	1.98	1.902	1.98	2
1465	1.765	1.961	1.922	1.902	2
1466	1.745	2.02	1.902	1.902	2
1467	1.804	2.0	1.882	1.941	2
1468	1.863	2.0	1.863	2.0	2
1469	1.941	2.059	1.941	1.843	2
1470	1.961	2.059	2.02	1.922	2
1471	2.02	2.039	2.059	1.941	2
1472	2.059	2.118	1.98	1.922	2
1473	2.039	2.118	1.941	1.863	2
1474	2.02	2.078	1.882	2.0	2
1475	2.0	2.02	1.882	1.922	2
1476	1.98	2.078	1.941	1.882	2
1477	1.922	2.0	1.98	2.078	2
1478	1.961	2.02	1.961	2.059	2
1479	1.922	2.0	1.863	1.902	2
1480	1.745	1.98	1.843	1.941	2
1481	1.725	2.02	1.922	2.059	2
1482	1.863	2.137	2.059	2.02	2
1483	1.863	2.137	2.118	2.02	2
1484	1.824	2.078	2.039	2.078	2
1485	1.902	2.078	1.922	1.98	2
1486	1.843	2.02	1.824	1.804	2
1487	1.843	2.02	1.804	1.863	2
1488	1.922	1.98	1.882	1.804	2
1489	1.843	1.961	2.02	1.902	2
1490	1.961	2.078	2.118	2.039	2
1491	2.059	2.176	2.137	2.078	2
1492	2.0	2.137	2.098	1.843	2
1493	1.863	1.98	2.02	1.804	2
1494	1.765	1.902	1.922	1.902	2
1495	1.824	2.0	1.863	2.098	2
1496	1.961	2.176	1.98	2.118	2
1497	1.961	2.176	2.059	2.039	2
1498	1.824	2.118	2.078	2.02	2
1499	1.765	2.039	2.02	1.98	2
1500	1.745	2.02	1.941	1.961	2
1501	1.804	2.02	1.922	2.039	2
1502	1.843	2.02	1.922	1.961	2
1503	1.922	2.059	1.961	1.882	2
1504	1.922	2.118	2.0	1.922	2
1505	1.98	2.098	2.0	1.882	2
1506	1.941	2.039	1.98	1.922	2
1507	1.961	2.059	1.941	2.0	2
1508	2.0	2.059	1.863	2.098	2
1509	2.059	2.098	1.804	1.98	2
1510	1.98	2.059	1.843	1.902	2
1511	1.882	2.098	1.941	2.0	2
1512	1.941	2.137	2.078	2.176	2
1513	1.882	2.039	2.118	2.02	2
1514	1.784	1.98	1.98	2.02	2
1515	1.784	2.02	1.843	2.02	2
1516	1.784	2.0	1.765	1.98	2
1517	1.765	2.039	1.765	2.02	2
1518	1.804	2.059	1.863	2.118	2
1519	1.902	2.039	1.961	2.02	2
1520	1.882	1.98	1.98	1.824	2
1521	1.824	2.0	2.0	1.863	2
1522	1.843	1.98	1.941	1.863	2
1523	1.882	2.0	1.922	1.882	2
1524	1.941	2.059	1.961	1.902	2
1525	2.0	2.059	1.98	2.039	2
1526	1.961	1.98	1.922	1.922	2
1527	1.843	2.0	1.902	1.804	2
1528	1.824	2.039	1.98	1.941	2
1529	1.98	2.078	2.059	2.118	2
1530	1.961	2.137	2.078	2.0	2
1531	1.765	2.02	2.0	1.98	2
1532	1.765	1.98	1.843	1.941	2
1533	1.784	2.039	1.843	1.863	2
1534	1.824	2.059	1.922	1.922	2
1535	1.882	2.02	2.0	2.078	2
1536	1.961	2.039	2.039	2.0	2
1537	1.882	2.098	1.98	1.824	2
1538	1.922	2.137	2.0	1.922	2
1539	1.902	2.039	1.961	1.882	2
1540	1.922	2.078	1.922	1.863	2
1541	2.039	2.118	1.941	1.902	2
1542	2.059	2.078	1.941	2.078	2
1543	2.059	2.078	1.98	2.02	2
1544	1.922	2.078	1.961	1.941	2
1545	1.843	2.039	1.941	2.039	2
1546	1.98	2.098	1.902	2.137	2
1547	1.961	2.098	1.941	1.98	2
1548	1.784	1.98	1.922	1.98	2
1549	1.784	2.0	1.922	2.0	2
1550	1.784	1.961	1.941	1.922	2
1551	1.745	2.039	1.941	2.0	2
1552	1.824	2.118	1.922	2.098	2
1553	1.902	2.098	1.902	2.02	2
1554	1.882	2.059	1.922	1.784	2
1555	1.843	2.039	1.941	1.863	2
1556	1.941	2.059	2.039	1.922	2
1557	1.961	2.039	2.039	1.922	2
1558	1.922	2.078	2.02	1.922	2
1559	1.922	2.02	1.98	2.059	2
1560	1.98	2.0	1.922	1.922	2
1561	1.902	2.02	1.863	1.765	2
1562	1.804	2.0	1.863	1.804	2
1563	1.843	2.059	1.941	2.0	2
1564	1.922	2.098	2.059	2.02	2
1565	1.784	2.02	2.118	2.02	2
1566	1.784	2.059	2.078	2.078	2
1567	1.882	2.157	2.0	1.961	2
1568	1.765	2.039	1.902	1.902	2
1569	1.706	1.922	1.784	2.02	2
1570	1.824	2.0	1.784	2.02	2
1571	1.902	2.02	1.863	1.882	2
1572	1.882	2.039	1.902	1.902	2
1573	1.882	2.02	1.922	1.902	2
1574	1.922	2.0	2.0	1.922	2
1575	1.961	2.0	2.098	1.922	2
1576	1.961	2.039	2.098	2.039	2
1577	1.961	2.02	2.0	1.961	2
1578	1.882	2.0	1.902	1.922	2
1579	1.863	2.02	1.882	2.039	2
1580	1.941	2.078	1.882	2.157	2
1581	1.882	2.02	1.941	1.961	2
1582	1.784	1.98	1.961	1.922	2
1583	1.765	1.98	1.961	1.98	2
1584	1.745	1.941	1.922	1.882	2
1585	1.745	2.02	1.941	1.941	2
1586	1.882	2.098	2.039	2.098	2
1587	1.922	2.059	2.098	2.039	2
1588	1.882	2.02	2.02	1.824	2
1589	1.843	2.0	1.882	1.882	2
1590	1.941	2.0	1.804	1.706	2
1591	1.863	1.98	1.843	1.706	2
1592	1.941	2.02	1.98	1.843	2
1593	1.961	2.039	2.118	2.039	2
1594	1.961	2.039	2.118	1.98	2
1595	1.961	2.137	2.02	1.882	2
1596	1.922	2.078	1.941	1.941	2
1597	1.922	2.039	1.941	2.157	2
1598	1.882	2.059	1.902	1.961	2
1599	1.745	1.98	1.902	1.98	2
1600	1.765	2.039	1.922	2.0	2
1601	1.843	2.059	1.98	1.941	2
1602	1.765	2.0	2.02	1.961	2
1603	1.765	2.0	2.02	2.078	2
1604	1.863	2.078	1.98	2.118	2
1605	1.902	2.039	1.961	1.941	2
1606	1.882	2.098	1.922	1.882	2
1607	1.941	2.098	1.961	1.843	2
1608	1.961	2.0	1.961	1.863	2
1609	1.902	1.98	1.941	1.961	2
1610	1.98	2.039	1.961	2.118	2
1611	2.039	2.078	1.98	2.0	2
1612	1.941	2.039	1.961	1.882	2
1613	1.824	2.0	1.941	1.98	2
1614	1.98	2.118	1.98	2.118	2
1615	1.98	2.118	2.039	2.0	2
1616	1.843	2.098	2.0	1.961	2
1617	1.863	2.078	1.961	2.02	2
1618	1.804	2.02	1.922	1.922	2
1619	1.706	2.02	1.922	1.98	2
1620	1.863	2.137	1.961	2.098	2
1621	1.882	2.059	1.941	2.0	2
1622	1.863	2.078	1.941	1.843	2
1623	1.784	2.078	1.98	1.902	2
1624	1.843	2.02	1.941	1.902	2
1625	1.922	2.039	1.922	1.961	2
1626	2.0	2.039	1.902	1.882	2
1627	1.961	2.059	1.961	1.922	2
1628	1.922	2.0	1.961	1.882	2
1629	1.863	2.02	1.941	1.941	2
1630	1.843	2.039	1.922	2.02	2
1631	1.902	2.039	1.941	2.059	2
1632	1.882	2.02	1.98	1.902	2
1633	1.765	1.941	1.961	1.941	2
1634	1.804	2.039	1.902	2.02	2
1635	1.863	2.078	1.882	1.961	2
1636	1.824	2.078	1.922	1.98	2
1637	1.824	2.02	1.961	2.059	2
1638	1.882	1.98	1.98	2.0	2
1639	1.922	2.059	2.0	1.882	2
1640	1.902	2.039	1.941	1.882	2
1641	1.902	2.039	1.941	1.784	2
1642	1.941	2.039	1.941	1.824	2
1643	1.902	1.98	1.902	1.98	2
1644	1.922	2.02	1.882	2.039	2
1645	1.961	2.02	1.902	1.961	2
1646	1.882	2.02	1.961	1.902	2
1647	1.843	2.0	1.961	2.039	2
1648	1.863	2.039	1.98	2.059	2
1649	1.843	2.059	1.98	1.922	2
1650	1.745	2.059	1.941	2.0	2
1651	1.745	2.059	1.882	2.098	2
1652	1.804	2.0	1.824	1.961	2
1653	1.745	1.98	1.804	1.843	2
1654	1.765	2.0	1.902	2.02	2
1655	1.863	2.078	2.0	2.098	2
1656	1.961	2.078	2.059	1.922	2
1657	1.863	2.059	2.039	1.902	2
1658	1.922	2.078	1.961	1.941	2
1659	2.02	2.157	1.882	1.98	2
1660	2.0	2.118	1.882	1.863	2
1661	1.961	2.02	1.902	2.02	2
1662	2.02	2.039	1.922	1.941	2
1663	1.961	2.059	2.0	1.882	2
1664	1.882	2.118	2.059	2.02	2
1665	1.961	2.098	2.02	2.137	2
1666	1.98	2.098	1.961	2.02	2
1667	1.824	2.059	1.922	2.0	2
1668	1.804	2.039	1.902	2.039	2
1669	1.745	2.02	1.882	1.902	2
1670	1.706	2.0	1.922	1.902	2
1671	1.804	2.0	1.961	2.059	2
1672	1.882	2.059	1.941	2.0	2
1673	1.843	2.02	1.843	1.843	2
1674	1.706	1.98	1.824	1.922	2
1675	1.824	1.98	1.882	1.902	2
1676	1.922	2.0	2.0	1.882	2
1677	1.922	2.0	2.0	1.882	2
1678	1.902	1.98	1.863	1.961	2
1679	1.902	1.961	1.784	2.039	2
1680	1.902	2.0	1.824	1.961	2
1681	1.843	2.078	2.0	1.98	2
1682	1.941	2.137	2.137	2.078	2
1683	1.863	2.02	2.078	2.02	2
1684	1.745	1.941	1.902	2.02	2
1685	1.784	2.0	1.804	2.078	2
1686	1.804	2.039	1.843	1.941	2
1687	1.843	2.176	1.98	1.902	2
1688	1.882	2.098	2.078	2.078	2
1689	1.922	2.059	2.059	2.098	2
1690	1.941	2.078	2.02	1.902	2
1691	1.98	2.078	2.0	1.922	2
1692	2.02	2.118	2.02	1.824	2
1693	2.0	2.078	2.059	1.863	2
1694	1.98	2.059	2.059	1.941	2
1695	2.02	2.078	2.02	2.078	2
1696	2.059	2.059	2.0	1.961	2
1697	1.941	2.078	2.0	1.882	2
1698	1.882	2.039	2.0	1.98	2
1699	1.922	2.039	2.02	2.059	2
1700	1.98	2.098	2.059	1.941	2
1701	1.824	2.02	2.0	1.961	2
1702	1.804	2.02	1.98	2.0	2
1703	1.784	2.0	1.941	1.941	2
1704	1.725	1.98	1.902	1.961	2
1705	1.824	2.039	1.902	2.02	2
1706	1.882	2.039	1.941	1.941	2
1707	1.863	2.039	2.02	1.863	2
1708	1.902	2.059	2.02	1.961	2
1709	1.941	2.059	1.961	1.843	2
1710	1.902	2.039	1.941	1.843	2
1711	1.863	1.941	1.922	1.902	2
1712	1.98	2.02	1.902	2.02	2
1713	2.059	2.078	1.922	1.902	2
1714	1.961	2.078	1.941	1.863	2
1715	1.902	2.098	1.98	1.941	2
1716	1.941	2.098	2.02	2.078	2
1717	1.882	2.02	1.961	1.941	2
1718	1.706	1.941	1.902	1.961	2
1719	1.765	2.02	1.902	2.02	2
1720	1.804	2.078	1.922	1.922	2
1721	1.745	2.039	1.941	1.98	2
1722	1.784	1.98	1.941	2.078	2
1723	1.882	2.078	1.941	2.039	2
1724	1.902	2.157	1.961	1.843	2
1725	1.824	1.98	1.941	1.863	2
1726	1.863	1.961	1.902	1.843	2
1727	1.902	1.98	1.902	1.882	2
1728	1.941	2.02	1.941	1.961	2
1729	2.0	2.059	1.961	2.059	2
1730	2.0	2.02	1.961	1.98	2
1731	1.922	2.059	1.98	1.902	2
1732	1.863	2.078	1.98	1.98	2
1733	1.941	2.078	2.02	2.039	2
1734	1.922	2.059	2.02	1.941	2
1735	1.784	2.0	1.941	1.98	2
1736	1.765	2.0	1.863	1.961	2
1737	1.765	2.0	1.843	1.98	2
1738	1.784	2.098	1.882	2.039	2
1739	1.863	2.118	1.98	2.098	2
1740	1.922	2.078	2.02	2.0	2
1741	1.902	2.039	2.0	1.765	2
1742	1.843	2.0	1.941	1.784	2
1743	1.843	1.98	1.902	1.824	2
1744	1.902	2.0	1.922	1.863	2
1745	1.941	2.039	1.922	2.0	2
1746	1.98	2.059	1.941	2.098	2
1747	1.98	2.0	1.941	1.961	2
1748	1.863	2.02	1.941	1.863	2
1749	1.882	2.078	1.922	1.961	2
1750	1.922	2.078	1.961	2.078	2
1751	1.902	2.039	1.961	1.902	2
1752	1.745	2.0	1.922	1.98	2
1753	1.804	2.039	1.922	2.098	2
1754	1.824	2.078	1.941	2.039	2
1755	1.784	2.078	1.961	1.902	2
1756	1.804	2.039	1.98	2.0	2
1757	1.824	1.98	1.961	2.0	2
1758	1.863	2.0	1.902	1.843	2
1759	1.863	2.059	1.902	1.843	2
1760	1.922	2.059	1.941	1.824	2
1761	1.961	2.137	1.98	1.922	2
1762	1.961	2.059	2.0	1.902	2
1763	1.922	2.0	1.961	2.0	2
1764	1.941	2.0	1.961	1.922	2
1765	1.922	2.039	1.961	1.922	2
1766	1.863	2.039	1.961	2.02	2
1767	1.922	2.0	1.98	2.118	2
1768	1.941	2.078	1.961	2.0	2
1769	1.765	2.0	1.902	1.941	2
1770	1.706	1.98	1.882	2.0	2
1771	1.745	1.961	1.882	1.98	2
1772	1.706	2.02	1.902	2.02	2
1773	1.725	2.02	1.882	2.098	2
1774	1.843	2.02	1.863	2.059	2
1775	1.882	2.02	1.843	1.922	2
1776	1.863	2.039	1.922	1.882	2
1777	1.863	1.98	1.961	1.863	2
1778	1.882	1.98	1.98	1.941	2
1779	1.961	2.039	2.02	1.961	2
1780	2.0	2.098	2.02	2.039	2
1781	1.961	2.078	1.961	1.98	2
1782	1.902	2.078	1.882	1.902	2
1783	1.843	2.059	1.882	1.902	2
1784	1.902	2.098	1.961	2.059	2
1785	1.941	2.118	2.059	1.98	2
1786	1.843	2.039	2.059	1.98	2
1787	1.804	2.059	2.039	2.039	2
1788	1.863	2.098	2.0	1.98	2
1789	1.804	2.137	1.98	1.902	2
1790	1.863	2.078	2.0	2.039	2
1791	1.902	2.059	1.961	2.02	2
1792	1.941	2.098	1.961	1.843	2
1793	1.902	2.078	1.98	1.843	2
1794	1.902	2.039	2.02	1.784	2
1795	1.922	2.039	2.0	1.863	2
1796	2.039	2.118	2.0	1.922	2
1797	2.02	2.098	1.98	2.0	2
1798	2.0	2.039	1.961	1.961	2
1799	1.941	2.059	1.961	1.902	2
1800	1.882	2.059	1.941	1.941	2
1801	1.922	2.059	1.961	2.059	2
1802	1.941	2.059	1.961	1.922	2
1803	1.804	2.02	1.961	1.961	2
1804	1.804	2.039	1.941	1.98	2
1805	1.824	2.078	1.98	1.961	2
1806	1.804	2.02	1.961	1.961	2
1807	1.843	2.02	1.98	2.059	2
1808	1.863	2.039	1.961	2.039	2
1809	1.863	2.039	1.922	1.863	2
1810	1.863	2.0	1.902	1.863	2
1811	1.922	2.039	1.922	1.843	2
1812	1.902	2.02	1.941	1.882	2
1813	1.922	2.0	1.98	1.922	2
1814	1.941	2.02	1.98	2.078	2
1815	1.961	2.0	1.961	1.98	2
1816	1.863	1.98	1.941	1.902	2
1817	1.784	2.02	1.922	1.961	2
1818	1.824	2.059	1.941	2.098	2
1819	1.863	2.02	1.941	1.98	2
1820	1.725	1.961	1.922	1.98	2
1821	1.725	2.0	1.902	2.02	2
1822	1.745	2.0	1.922	1.961	2
1823	1.745	2.039	1.922	1.941	2
1824	1.804	2.039	1.961	2.039	2
1825	1.863	2.039	1.961	2.059	2
1826	1.843	2.059	1.961	1.902	2
1827	1.824	2.039	1.922	1.882	2
1828	1.882	2.0	1.902	1.824	2
1829	1.922	2.02	1.922	1.882	2
1830	1.961	2.059	1.922	1.961	2
1831	2.039	2.098	1.961	2.059	2
1832	2.039	2.059	1.961	1.98	2
1833	1.961	2.059	1.961	1.882	2
1834	1.902	2.059	1.98	1.961	2
1835	1.961	2.118	1.98	2.098	2
1836	1.941	2.098	1.98	1.961	2
1837	1.804	2.02	1.941	2.0	2
1838	1.784	2.039	1.902	2.02	2
1839	1.824	2.059	1.902	1.941	2
1840	1.804	2.059	1.922	1.922	2
1841	1.824	2.039	1.941	2.078	2
1842	1.863	2.02	1.922	2.059	2
1843	1.882	2.02	1.902	1.863	2
1844	1.882	2.059	1.941	1.902	2
1845	1.902	2.039	1.941	1.863	2
1846	1.882	2.02	1.922	1.941	2
1847	1.922	2.02	1.902	1.902	2
1848	1.922	2.02	1.922	2.02	2
1849	1.941	2.039	1.902	1.98	2
1850	1.863	2.0	1.922	1.902	2
1851	1.843	2.039	1.941	2.0	2
1852	1.902	2.078	1.941	2.137	2
1853	1.941	2.078	1.961	2.0	2
1854	1.765	2.0	1.922	1.98	2
1855	1.765	2.039	1.902	2.02	2
1856	1.804	2.039	1.902	2.0	2
1857	1.804	2.078	1.922	2.0	2
1858	1.843	2.078	1.961	2.137	2
1859	1.902	2.039	1.98	2.059	2
1860	1.882	2.078	1.941	1.882	2
1861	1.882	2.078	1.941	1.863	2
1862	1.98	2.078	1.961	1.882	2
1863	2.02	2.078	1.98	1.922	2
1864	2.02	2.078	2.02	1.941	2
1865	2.02	2.059	2.0	2.059	2
1866	2.039	2.059	2.0	1.961	2
1867	1.941	2.078	1.98	1.863	2
1868	1.863	2.078	2.0	1.98	2
1869	1.902	2.098	1.98	2.098	2
1870	1.902	2.098	2.0	1.98	2
1871	1.765	2.02	1.98	1.98	2
1872	1.706	2.039	1.941	2.02	2
1873	1.706	2.02	1.922	1.98	2
1874	1.667	2.0	1.902	1.961	2
1875	1.686	2.0	1.902	2.098	2
1876	1.784	2.0	1.902	2.059	2
1877	1.824	2.02	1.922	1.882	2
1878	1.745	2.02	1.941	1.882	2
1879	1.784	2.02	1.922	1.843	2
1880	1.843	2.039	1.941	1.863	2
1881	1.902	2.078	1.98	1.882	2
1882	1.882	2.02	2.0	2.059	2
1883	1.922	2.0	1.961	2.02	2
1884	1.824	1.98	1.922	1.902	2
1885	1.765	2.0	1.902	1.961	2
1886	1.863	2.078	1.922	2.02	2
1887	1.922	2.118	2.02	1.863	2
1888	1.784	2.078	2.078	1.941	2
1889	1.745	2.039	2.039	1.98	2
1890	1.784	2.039	2.0	1.922	2
1891	1.784	2.059	1.98	1.961	2
1892	1.843	2.059	1.961	2.137	2
1893	1.902	2.059	1.961	2.039	2
1894	1.922	2.059	1.98	1.804	2
1895	1.882	2.059	1.98	1.765	2
1896	1.922	2.02	2.02	1.765	2
1897	1.941	2.02	2.0	1.882	2
1898	1.98	2.039	2.0	1.941	2
1899	2.0	2.039	1.98	2.078	2
1900	2.0	1.98	1.922	2.039	2
1901	1.882	1.98	1.902	1.941	2
1902	1.824	2.0	1.902	2.02	2
1903	1.824	2.02	1.902	2.137	2
1904	1.863	2.02	1.961	2.0	2
1905	1.725	1.941	1.961	1.98	2
1906	1.725	1.98	1.902	2.0	2
1907	1.804	2.039	1.941	1.941	2
1908	1.784	2.059	1.98	1.922	2
1909	1.804	2.039	2.02	2.157	2
1910	1.922	1.98	1.98	2.157	2
1911	1.961	2.0	1.902	1.941	2
1912	1.902	2.039	1.863	1.863	2
1913	1.902	2.02	1.902	1.843	2
1914	1.941	2.059	1.961	1.882	2
1915	1.98	2.02	2.039	1.922	2
1916	2.039	2.02	2.039	2.039	2
1917	2.098	2.02	2.02	2.0	2
1918	2.0	2.039	1.98	1.98	2
1919	1.922	2.02	1.961	2.098	2
1920	1.98	2.039	1.941	2.176	2
1921	1.922	2.02	1.98	2.0	2
1922	1.765	1.961	1.961	2.039	2
1923	1.725	1.961	1.902	2.118	2
1924	1.765	1.941	1.902	2.098	2
1925	1.745	1.941	1.902	2.02	2
1926	1.784	1.98	1.941	2.118	2
1927	1.863	1.941	1.98	2.137	2
1928	1.863	1.922	1.961	2.0	2
1929	1.824	1.961	1.922	2.0	2
1930	1.863	1.902	1.882	1.922	2
1931	1.863	1.902	1.863	1.922	2
1932	1.941	1.961	1.922	1.98	2
1933	2.0	1.98	1.98	2.118	2
1934	2.078	1.961	2.0	2.059	2
1935	1.922	1.941	2.0	1.961	2
1936	1.824	1.922	1.961	2.039	2
1937	1.902	2.0	1.922	2.157	2
1938	1.961	1.98	1.941	2.039	2
1939	1.843	1.941	1.961	2.059	2
1940	1.765	1.922	1.922	2.039	2
1941	1.725	1.941	1.941	1.961	2
1942	1.725	1.941	1.98	1.941	2
1943	1.784	1.961	1.961	2.118	2
1944	1.882	1.941	1.941	2.078	2
1945	1.843	1.902	1.902	1.922	2
1946	1.804	1.941	1.902	1.902	2
1947	1.863	1.922	1.902	1.882	2
1948	1.902	1.922	1.922	1.941	2
1949	1.922	1.941	1.922	1.941	2
1950	1.961	1.961	1.941	2.059	2
1951	1.98	1.941	1.941	2.02	2
1952	1.882	1.941	1.922	1.941	2
1953	1.804	1.941	1.902	1.961	2
1954	1.902	2.0	1.961	2.078	2
1955	1.902	2.02	1.961	1.98	2
1956	1.745	1.941	1.941	2.0	2
1957	1.706	1.941	1.902	2.02	2
1958	1.725	1.961	1.882	1.98	2
1959	1.706	1.961	1.882	1.961	2
1960	1.765	1.961	1.882	2.098	2
1961	1.863	1.98	1.882	2.078	2
1962	1.863	1.98	1.882	1.902	2
1963	1.882	2.02	1.902	1.902	2
1964	1.902	2.0	1.922	1.824	2
1965	1.922	2.02	1.961	1.824	2
1966	1.98	2.078	2.02	1.882	2
1967	1.98	2.039	2.02	2.078	2
1968	2.02	2.0	1.98	2.059	2
1969	1.902	2.0	1.902	1.961	2
1970	1.863	2.039	1.902	1.98	2
1971	1.902	2.098	1.902	2.137	2
1972	1.961	2.078	1.961	1.98	2
1973	1.784	2.0	2.0	1.98	2
1974	1.725	2.02	1.98	1.98	2
1975	1.706	2.02	1.961	1.941	2
1976	1.725	2.059	1.961	1.922	2
1977	1.784	2.059	1.961	2.039	2
1978	1.843	2.059	1.98	2.039	2
1979	1.843	2.02	1.98	1.961	2
1980	1.922	2.078	1.941	1.98	2
1981	1.98	2.078	1.961	1.804	2
1982	1.961	2.059	1.98	1.882	2
1983	1.922	2.02	1.961	1.922	2
1984	1.863	1.98	1.961	2.059	2
1985	1.941	2.0	1.922	2.059	2
1986	1.941	2.02	1.922	1.961	2
1987	1.882	2.059	1.961	2.02	2
1988	1.941	2.078	2.0	2.137	2
1989	1.98	2.118	2.0	2.098	2
1990	1.863	2.059	1.98	2.176	2
1991	1.824	2.059	1.922	2.216	2
1992	1.765	2.0	1.843	2.059	2
1993	1.706	2.02	1.863	2.0	2
1994	1.784	2.059	1.902	2.176	2
1995	1.863	2.039	1.922	2.157	2
1996	1.922	2.098	1.961	2.0	2
1997	1.922	2.137	1.941	1.961	2
1998	1.98	2.098	1.961	1.902	2
1999	1.98	2.098	1.961	2.02	2
