time	channel1	channel2	channel3	channel4	class
0	1.686	2.039	2.02	1.941	2
1	1.647	2.039	1.941	2.039	2
2	1.667	2.039	1.902	2.0	2
3	1.667	2.059	1.882	1.922	2
4	1.667	2.078	1.922	1.941	2
5	1.765	2.059	1.98	1.922	2
6	1.843	2.098	1.98	1.941	2
7	1.882	2.078	2.0	1.961	2
8	1.961	2.118	2.0	1.882	2
9	1.941	2.078	1.98	1.922	2
10	2.02	2.039	1.941	1.882	2
11	2.0	2.039	1.941	1.902	2
12	2.02	2.039	1.941	2.0	2
13	1.98	2.098	1.98	2.02	2
14	1.961	2.118	2.0	2.0	2
15	1.961	2.118	1.98	2.02	2
16	1.941	2.137	2.02	1.922	2
17	1.706	2.039	1.98	1.902	2
18	1.686	2.078	1.941	1.98	2
19	1.745	2.078	1.941	2.02	2
20	1.745	2.059	1.941	2.02	2
21	1.824	2.098	1.941	2.02	2
22	1.863	2.078	1.961	1.941	2
23	1.902	2.059	1.961	1.941	2
24	1.922	2.078	1.961	1.98	2
25	2.02	2.059	1.98	1.922	2
26	2.039	2.059	1.961	1.941	2
27	2.078	2.078	1.961	1.922	2
28	2.039	2.059	1.961	1.961	2
29	2.098	2.059	1.941	2.02	2
30	2.039	2.078	1.941	1.98	2
31	1.941	2.059	1.961	1.941	2
32	1.882	2.098	1.961	2.02	2
33	1.882	2.098	1.98	1.941	2
34	1.706	2.0	1.941	1.922	2
35	1.686	2.039	1.922	1.961	2
36	1.686	2.059	1.902	1.941	2
37	1.667	2.039	1.941	1.902	2
38	1.667	2.059	1.961	2.02	2
39	1.804	2.039	1.961	1.961	2
40	1.863	2.059	1.941	1.863	2
41	1.902	2.078	1.961	1.922	2
42	1.98	2.039	1.941	1.902	2
43	1.98	2.039	1.922	1.922	2
44	2.02	2.039	1.941	1.863	2
45	2.0	2.02	1.941	1.98	2
46	2.078	2.059	1.961	2.0	2
47	2.02	2.039	1.922	1.961	2
48	1.902	2.039	1.941	1.902	2
49	1.882	2.098	1.961	1.961	2
50	1.863	2.118	2.0	1.843	2
51	1.647	2.02	2.0	1.902	2
52	1.627	2.039	1.961	2.098	2
53	1.725	2.078	1.922	2.059	2
54	1.725	2.039	1.922	2.0	2
55	1.824	2.098	1.922	2.039	2
56	1.902	2.078	1.941	1.922	2
57	1.843	2.039	1.922	1.902	2
58	1.863	2.039	1.961	1.961	2
59	1.961	2.078	1.98	1.961	2
60	1.98	2.039	1.98	1.961	2
61	2.039	2.039	1.941	1.961	2
62	2.098	2.078	1.941	1.98	2
63	2.196	2.098	1.961	2.039	2
64	2.098	2.078	1.961	2.039	2
65	2.0	2.059	1.961	2.098	2
66	2.02	2.118	1.941	2.137	2
67	1.941	2.078	1.98	1.961	2
68	1.686	1.961	1.922	1.941	2
69	1.686	2.039	1.922	2.059	2
70	1.745	2.078	1.922	2.078	2
71	1.725	2.039	1.922	1.98	2
72	1.725	2.039	1.941	2.0	2
73	1.804	2.039	1.941	1.961	2
74	1.863	2.02	1.941	1.941	2
75	1.922	2.059	1.98	2.0	2
76	2.0	2.039	1.941	1.941	2
77	2.0	2.02	1.902	1.961	2
78	2.039	2.039	1.882	1.922	2
79	1.98	2.02	1.902	1.98	2
80	2.098	2.059	1.961	2.137	2
81	2.098	2.059	1.98	2.02	2
82	1.922	2.039	2.0	1.961	2
83	1.922	2.078	1.961	2.059	2
84	1.902	2.098	1.941	1.941	2
85	1.725	2.02	1.922	1.941	2
86	1.706	2.02	1.922	2.039	2
87	1.745	2.059	1.922	2.039	2
88	1.765	2.078	1.961	1.98	2
89	1.745	2.059	1.941	1.98	2
90	1.784	2.039	1.961	1.961	2
91	1.843	2.02	1.941	1.922	2
92	1.863	2.059	1.98	1.941	2
93	1.98	2.059	1.961	1.941	2
94	1.961	2.02	1.941	1.961	2
95	2.0	2.02	1.961	1.922	2
96	1.961	2.039	1.961	1.961	2
97	2.059	2.039	1.961	2.039	2
98	2.0	2.02	1.902	2.02	2
99	1.941	2.039	1.902	1.98	2
100	1.98	2.118	1.922	2.039	2
101	1.941	2.118	2.0	1.902	2
102	1.667	1.961	1.98	1.902	2
103	1.647	2.02	1.941	1.98	2
104	1.725	2.078	1.922	2.0	2
105	1.765	2.059	1.922	1.941	2
106	1.706	2.02	1.922	2.0	2
107	1.804	2.02	1.922	1.98	2
108	1.882	2.0	1.961	1.902	2
109	1.941	2.039	1.961	1.941	2
110	2.039	2.059	1.961	1.922	2
111	2.02	2.039	1.941	1.922	2
112	2.039	2.02	1.941	1.843	2
113	2.0	2.0	1.941	1.882	2
114	2.078	2.039	1.961	1.98	2
115	2.039	2.02	1.941	1.961	2
116	1.922	2.0	1.961	1.961	2
117	1.863	2.039	1.941	2.0	2
118	1.922	2.098	2.0	1.98	2
119	1.745	2.02	1.961	1.902	2
120	1.647	2.0	1.941	1.941	2
121	1.686	2.0	1.922	1.961	2
122	1.667	2.0	1.922	1.882	2
123	1.667	2.0	1.941	1.941	2
124	1.745	2.02	1.941	1.941	2
125	1.843	2.059	1.98	1.922	2
126	1.882	2.02	1.98	1.902	2
127	1.961	2.02	1.961	1.902	2
128	2.0	2.02	1.941	1.922	2
129	1.98	2.0	1.941	1.882	2
130	1.961	2.0	1.902	1.902	2
131	2.039	2.02	1.902	1.941	2
132	2.02	2.039	1.961	1.922	2
133	1.922	2.039	1.961	1.941	2
134	1.882	2.039	1.98	2.0	2
135	1.902	2.098	1.922	1.941	2
136	1.706	1.98	1.843	1.922	2
137	1.725	2.0	1.804	1.961	2
138	1.706	2.02	1.843	1.922	2
139	1.667	1.98	1.902	1.882	2
140	1.667	2.02	1.961	1.941	2
141	1.824	2.078	2.02	1.941	2
142	1.902	2.039	2.02	1.922	2
143	1.882	2.0	1.961	1.902	2
144	1.941	2.02	1.922	1.882	2
145	1.98	2.02	1.902	1.882	2
146	2.078	2.0	1.922	1.863	2
147	2.02	2.0	1.922	1.882	2
148	2.039	1.98	1.922	1.98	2
149	2.039	2.0	1.902	1.98	2
150	1.941	2.0	1.863	1.882	2
151	1.882	2.0	1.882	1.961	2
152	1.922	2.078	1.941	1.902	2
153	1.686	1.922	2.0	1.863	2
154	1.588	1.863	1.922	1.902	2
155	1.686	1.98	1.882	1.98	2
156	1.765	2.118	1.961	1.961	2
157	1.765	2.078	1.98	1.922	2
158	1.706	1.882	1.824	1.863	2
159	1.725	1.843	1.667	1.863	2
160	1.824	1.922	1.608	1.902	2
161	1.941	1.98	1.706	1.902	2
162	1.941	1.941	1.882	1.902	2
163	1.98	1.922	2.039	1.804	2
164	1.98	1.922	2.157	1.804	2
165	1.941	1.902	2.118	1.882	2
166	1.882	1.863	1.961	1.902	2
167	1.804	1.882	1.804	1.961	2
168	1.843	2.078	1.784	2.039	2
169	1.98	2.157	1.784	1.98	2
170	1.745	2.0	1.608	1.902	2
171	1.627	1.922	1.588	1.882	2
172	1.588	1.824	1.686	1.902	2
173	1.549	1.745	1.843	1.922	2
174	1.608	1.863	2.059	1.98	2
175	1.824	2.02	2.235	2.0	2
176	1.961	2.137	2.196	2.02	2
177	2.137	2.255	2.059	1.98	2
178	2.157	2.137	1.804	1.941	2
179	2.059	2.0	1.588	1.961	2
180	2.078	1.922	1.588	1.941	2
181	2.098	1.941	1.804	1.941	2
182	2.196	2.0	2.098	2.039	2
183	2.333	2.157	2.333	2.078	2
184	2.255	2.196	2.314	2.039	2
185	2.196	2.118	2.176	2.059	2
186	2.118	2.118	2.118	1.98	2
187	2.0	2.078	2.157	2.0	2
188	1.98	2.098	2.157	2.02	2
189	2.059	2.176	2.118	2.039	2
190	2.059	2.118	1.961	1.961	2
191	2.0	2.098	1.824	1.961	2
192	2.039	2.0	1.882	1.843	2
193	2.02	1.941	2.078	1.843	2
194	2.118	2.0	2.392	1.922	2
195	2.275	2.078	2.471	1.961	2
196	2.314	2.118	2.314	1.961	2
197	2.412	2.039	2.039	1.863	2
198	2.314	1.941	1.784	1.882	2
199	2.275	1.824	1.608	1.922	2
200	2.275	1.882	1.608	1.902	2
201	2.216	1.922	1.863	1.843	2
202	2.157	1.961	2.196	1.961	2
203	2.196	1.961	2.431	1.804	2
204	2.059	1.863	2.451	1.804	2
205	2.098	1.902	2.235	1.824	2
206	2.137	1.882	1.941	1.882	2
207	2.196	1.941	1.745	1.804	2
208	2.157	1.843	1.667	1.784	2
209	2.216	1.804	1.725	1.784	2
210	2.373	1.824	1.961	1.706	2
211	2.549	1.725	2.039	1.686	2
212	2.588	1.725	2.039	1.647	2
213	2.588	1.686	1.902	1.667	2
214	2.843	1.863	1.824	1.667	2
215	2.882	1.863	1.804	1.647	2
216	2.882	1.843	1.882	1.725	2
217	2.961	1.784	1.941	1.686	2
218	2.784	1.627	1.902	1.627	2
219	2.725	1.608	1.882	1.686	2
220	2.882	1.784	1.804	1.706	2
221	2.902	1.922	1.667	1.686	2
222	2.902	1.824	1.608	1.745	2
223	2.863	1.706	1.647	1.765	2
224	2.824	1.725	1.745	1.706	2
225	2.765	1.804	1.863	1.725	2
226	2.882	1.804	1.922	1.725	2
227	2.961	1.745	1.804	1.784	2
228	2.941	1.745	1.706	1.784	2
229	3.118	2.0	1.765	1.824	2
230	3.078	2.02	1.882	1.824	2
231	2.961	1.863	1.902	1.725	2
232	2.745	1.784	1.784	1.765	2
233	2.824	2.0	1.745	1.902	2
234	2.902	2.098	1.784	1.882	2
235	2.608	2.039	1.843	1.902	2
236	2.333	1.941	1.843	1.961	2
237	2.294	2.059	1.706	1.98	2
238	2.078	1.902	1.51	1.863	2
239	1.725	1.863	1.431	1.922	2
240	1.608	1.961	1.608	1.98	2
241	1.647	2.176	2.0	2.0	2
242	1.51	2.235	2.235	2.137	2
243	1.627	2.49	2.118	2.235	2
244	1.608	2.392	1.804	2.118	2
245	1.314	1.961	1.49	1.98	2
246	1.176	1.824	1.373	1.902	2
247	1.078	1.745	1.471	2.0	2
248	1.157	2.02	1.627	2.157	2
249	1.137	2.216	1.804	2.118	2
250	1.118	2.275	2.02	2.235	2
251	1.098	2.275	2.137	2.157	2
252	0.922	2.176	2.118	2.118	2
253	0.745	2.157	1.941	2.196	2
254	0.843	2.216	1.667	2.137	2
255	0.667	2.157	1.431	2.137	2
256	0.49	2.039	1.451	2.157	2
257	0.412	1.961	1.706	2.157	2
258	0.51	2.098	2.059	2.157	2
259	0.549	2.216	2.196	2.176	2
260	0.745	2.333	2.118	2.235	2
261	0.863	2.333	1.843	2.196	2
262	0.863	2.353	1.529	2.216	2
263	1.039	2.373	1.392	2.235	2
264	1.059	2.216	1.353	2.098	2
265	1.039	2.137	1.412	2.039	2
266	1.059	2.118	1.49	2.02	2
267	1.137	2.157	1.529	2.078	2
268	1.157	2.059	1.49	2.02	2
269	1.216	2.275	1.471	2.039	2
270	1.196	2.255	1.431	2.039	2
271	1.216	2.235	1.471	1.961	2
272	1.0	2.039	1.353	1.882	2
273	0.941	2.0	1.118	1.922	2
274	1.0	1.922	0.902	1.941	2
275	1.078	2.0	0.941	1.961	2
276	1.157	2.078	1.0	1.882	2
277	1.137	1.824	0.98	1.706	2
278	1.098	1.608	1.039	1.667	2
279	1.216	1.667	1.275	1.706	2
280	1.431	1.882	1.49	1.843	2
281	1.588	1.922	1.49	1.667	2
282	1.471	1.608	1.353	1.451	2
283	1.431	1.549	1.118	1.608	2
284	1.706	1.765	1.02	1.725	2
285	1.804	1.882	1.118	1.745	2
286	1.882	1.98	1.353	1.765	2
287	1.961	1.961	1.627	1.882	2
288	2.039	2.0	1.765	1.725	2
289	1.667	1.49	1.608	1.451	2
290	1.529	1.471	1.529	1.588	2
291	1.765	1.706	1.667	1.863	2
292	2.118	2.0	1.745	1.902	2
293	2.176	1.98	1.784	1.804	2
294	2.294	1.941	1.784	1.824	2
295	2.353	2.0	1.804	1.902	2
296	2.51	2.098	1.902	1.863	2
297	2.549	2.039	2.02	1.882	2
298	2.706	2.118	2.118	1.843	2
299	2.784	2.098	2.137	1.843	2
300	2.745	2.059	2.078	1.765	2
301	2.686	1.98	1.804	1.961	2
302	2.863	2.157	1.667	1.902	2
303	2.824	2.118	1.941	1.882	2
304	2.765	2.255	2.549	2.118	2
305	2.961	2.431	3.02	2.078	2
306	2.745	2.353	2.784	2.0	2
307	2.588	2.353	2.176	1.961	2
308	2.588	2.353	1.804	1.941	2
309	2.471	2.275	1.804	1.804	2
310	2.451	2.412	2.196	2.059	2
311	2.686	2.627	2.667	2.118	2
312	2.725	2.765	2.843	1.98	2
313	2.667	2.725	2.745	2.0	2
314	2.588	2.686	2.431	2.02	2
315	2.51	2.667	2.098	2.02	2
316	2.471	2.627	2.039	1.961	2
317	2.412	2.765	2.392	2.078	2
318	2.49	2.941	2.784	2.216	2
319	2.451	3.039	3.098	2.157	2
320	2.176	2.961	3.039	2.157	2
321	2.078	3.0	2.863	2.255	2
322	1.98	2.882	2.686	2.118	2
323	1.725	2.745	2.392	2.098	2
324	1.51	2.647	2.02	2.176	2
325	1.529	2.843	2.176	2.373	2
326	1.647	3.02	2.706	2.353	2
327	1.471	3.02	3.412	2.294	2
328	1.529	3.0	3.922	2.176	2
329	1.412	2.725	3.725	2.098	2
330	1.216	2.569	3.078	2.137	2
331	1.294	2.608	2.549	2.235	2
332	1.294	2.647	2.431	2.294	2
333	1.373	2.667	2.706	2.333	2
334	1.333	2.647	3.059	2.294	2
335	1.275	2.627	3.314	2.451	2
336	1.275	2.647	3.373	2.373	2
337	1.118	2.608	3.333	2.294	2
338	1.02	2.608	3.255	2.51	2
339	1.078	2.647	3.137	2.451	2
340	0.98	2.588	3.039	2.392	2
341	0.804	2.49	2.863	2.471	2
342	0.843	2.49	2.745	2.49	2
343	0.902	2.49	2.804	2.49	2
344	0.882	2.412	2.961	2.353	2
345	0.961	2.392	3.059	2.373	2
346	1.078	2.373	2.98	2.412	2
347	1.157	2.353	2.824	2.431	2
348	1.196	2.216	2.627	2.353	2
349	1.216	2.118	2.549	2.235	2
350	1.235	2.118	2.549	2.216	2
351	1.333	2.176	2.608	2.176	2
352	1.451	2.176	2.706	2.333	2
353	1.431	2.0	2.745	2.196	2
354	1.216	1.804	2.647	2.098	2
355	1.157	1.784	2.451	2.216	2
356	1.216	1.725	2.294	2.176	2
357	1.196	1.725	2.333	2.059	2
358	1.275	1.745	2.608	2.02	2
359	1.235	1.667	2.725	2.0	2
360	1.275	1.588	2.49	1.941	2
361	1.255	1.51	2.078	1.961	2
362	1.333	1.431	1.902	1.941	2
363	1.392	1.392	2.157	1.784	2
364	1.569	1.49	2.765	1.706	2
365	1.569	1.451	3.118	1.765	2
366	1.667	1.431	2.843	1.745	2
367	1.765	1.412	2.294	1.667	2
368	1.745	1.353	1.941	1.627	2
369	1.765	1.294	1.882	1.686	2
370	1.804	1.235	2.137	1.627	2
371	1.745	1.353	2.471	1.647	2
372	1.804	1.412	2.784	1.765	2
373	1.882	1.431	2.882	1.627	2
374	1.725	1.353	2.745	1.51	2
375	1.647	1.333	2.392	1.471	2
376	1.725	1.373	2.137	1.51	2
377	1.765	1.333	2.078	1.471	2
378	1.725	1.373	2.157	1.51	2
379	1.863	1.333	2.255	1.392	2
380	1.902	1.373	2.275	1.353	2
381	2.0	1.451	2.255	1.333	2
382	2.02	1.392	2.235	1.373	2
383	2.039	1.353	2.196	1.314	2
384	2.137	1.373	2.098	1.255	2
385	2.176	1.333	2.0	1.216	2
386	2.196	1.412	1.922	1.451	2
387	2.333	1.549	1.863	1.471	2
388	2.235	1.49	1.843	1.314	2
389	2.157	1.51	1.843	1.529	2
390	2.333	1.608	1.922	1.51	2
391	2.216	1.608	1.961	1.353	2
392	2.039	1.608	1.843	1.412	2
393	2.039	1.667	1.667	1.549	2
394	2.176	1.725	1.529	1.529	2
395	2.196	1.765	1.49	1.529	2
396	2.275	1.843	1.549	1.588	2
397	2.314	1.882	1.608	1.608	2
398	2.353	1.98	1.627	1.608	2
399	2.431	2.039	1.608	1.706	2
400	2.588	2.078	1.529	1.686	2
401	2.608	2.157	1.431	1.765	2
402	2.549	2.235	1.373	1.882	2
403	2.451	2.255	1.294	2.02	2
404	2.333	2.294	1.255	1.98	2
405	2.314	2.373	1.275	1.961	2
406	2.275	2.471	1.392	2.157	2
407	2.353	2.569	1.353	2.275	2
408	2.216	2.549	1.294	2.137	2
409	2.059	2.451	1.196	2.078	2
410	1.98	2.549	1.157	2.255	2
411	2.02	2.588	1.098	2.333	2
412	1.98	2.686	1.02	2.392	2
413	2.02	2.686	1.0	2.412	2
414	2.02	2.686	1.02	2.373	2
415	1.98	2.706	1.118	2.314	2
416	1.98	2.647	1.137	2.353	2
417	2.039	2.667	1.098	2.353	2
418	2.02	2.647	1.02	2.333	2
419	2.0	2.686	1.0	2.353	2
420	2.0	2.706	0.98	2.549	2
421	2.078	2.706	0.804	2.529	2
422	1.824	2.51	0.608	2.51	2
423	1.706	2.529	0.647	2.667	2
424	1.961	2.824	1.216	2.569	2
425	1.745	2.549	1.725	2.333	2
426	1.549	2.373	1.627	2.529	2
427	1.588	2.431	1.098	2.647	2
428	1.667	2.471	0.588	2.608	2
429	1.588	2.431	0.392	2.569	2
430	1.627	2.353	0.549	2.569	2
431	1.667	2.255	1.059	2.471	2
432	1.725	2.255	1.51	2.392	2
433	1.843	2.392	1.627	2.49	2
434	1.863	2.235	1.451	2.353	2
435	1.804	2.118	1.275	2.255	2
436	1.824	2.118	1.255	2.235	2
437	1.843	2.118	1.216	2.294	2
438	1.882	2.118	1.235	2.196	2
439	1.804	2.039	1.333	2.118	2
440	1.706	1.98	1.353	2.118	2
441	1.745	2.0	1.471	2.078	2
442	1.706	1.961	1.51	1.882	2
443	1.588	1.922	1.471	1.843	2
444	1.608	1.922	1.431	1.882	2
445	1.627	1.882	1.431	1.804	2
446	1.569	1.804	1.51	1.706	2
447	1.627	1.843	1.627	1.686	2
448	1.745	1.843	1.686	1.667	2
449	1.824	1.824	1.647	1.627	2
450	1.863	1.824	1.569	1.647	2
451	1.922	1.765	1.569	1.569	2
452	1.941	1.765	1.627	1.549	2
453	1.922	1.804	1.725	1.608	2
454	1.941	1.784	1.765	1.667	2
455	1.941	1.706	1.804	1.686	2
456	1.882	1.725	1.824	1.725	2
457	1.843	1.725	1.922	1.843	2
458	1.961	1.784	1.941	1.863	2
459	1.863	1.745	2.0	1.725	2
460	1.706	1.667	2.039	1.863	2
461	1.706	1.725	2.098	2.0	2
462	1.765	1.706	2.216	1.961	2
463	1.725	1.725	2.275	2.0	2
464	1.804	1.706	2.314	2.02	2
465	1.902	1.725	2.294	2.02	2
466	1.961	1.725	2.314	2.039	2
467	1.961	1.686	2.392	2.078	2
468	2.0	1.667	2.451	2.059	2
469	2.039	1.667	2.51	2.098	2
470	2.039	1.686	2.549	2.098	2
471	2.059	1.686	2.588	2.216	2
472	2.078	1.686	2.588	2.235	2
473	2.0	1.686	2.608	2.196	2
474	1.941	1.725	2.627	2.275	2
475	1.98	1.784	2.667	2.275	2
476	1.902	1.765	2.765	2.098	2
477	1.725	1.686	2.784	2.118	2
478	1.706	1.725	2.765	2.235	2
479	1.824	1.824	2.725	2.235	2
480	1.824	1.843	2.745	2.157	2
481	1.824	1.804	2.686	2.157	2
482	1.882	1.765	2.647	2.137	2
483	1.961	1.765	2.588	2.059	2
484	1.98	1.941	2.725	2.118	2
485	2.078	1.941	2.98	2.039	2
486	2.098	1.98	3.02	2.039	2
487	2.078	1.98	2.882	2.0	2
488	2.059	2.02	2.686	2.118	2
489	2.098	2.0	2.529	2.098	2
490	1.98	1.961	2.51	2.059	2
491	1.941	2.0	2.529	2.118	2
492	2.078	2.137	2.667	2.137	2
493	2.0	2.137	2.725	1.961	2
494	1.843	2.118	2.725	2.039	2
495	1.804	2.157	2.627	2.098	2
496	1.784	2.118	2.529	2.0	2
497	1.765	2.118	2.431	1.961	2
498	1.804	2.157	2.294	2.0	2
499	1.922	2.196	2.275	1.961	2
500	1.98	2.216	2.294	1.922	2
501	1.961	2.176	2.392	1.922	2
502	2.02	2.196	2.471	1.824	2
503	2.02	2.216	2.471	1.843	2
504	2.02	2.275	2.373	1.882	2
505	2.039	2.255	2.157	1.922	2
506	2.059	2.216	1.941	1.902	2
507	1.941	2.235	1.843	1.882	2
508	1.922	2.196	1.882	1.863	2
509	1.863	2.176	2.0	1.922	2
510	1.843	2.275	2.196	1.824	2
511	1.706	2.196	2.235	1.824	2
512	1.667	2.196	2.118	1.882	2
513	1.765	2.255	1.941	1.824	2
514	1.745	2.235	1.784	1.745	2
515	1.745	2.176	1.686	1.804	2
516	1.765	2.157	1.647	1.784	2
517	1.765	2.059	1.686	1.765	2
518	1.863	2.196	1.706	1.843	2
519	2.039	2.235	1.804	1.745	2
520	2.0	2.098	1.745	1.686	2
521	1.922	2.078	1.608	1.686	2
522	2.02	2.137	1.588	1.784	2
523	2.0	2.078	1.667	1.804	2
524	1.922	2.078	1.804	1.765	2
525	1.882	2.098	1.804	1.882	2
526	1.941	2.137	1.627	1.941	2
527	1.882	2.059	1.451	1.804	2
528	1.745	1.98	1.373	1.745	2
529	1.706	2.0	1.451	1.784	2
530	1.745	2.039	1.608	1.824	2
531	1.765	2.039	1.725	1.804	2
532	1.765	2.0	1.706	1.824	2
533	1.824	1.98	1.647	1.804	2
534	1.902	1.941	1.569	1.765	2
535	1.902	2.02	1.549	1.824	2
536	1.98	1.98	1.569	1.765	2
537	2.0	1.941	1.588	1.765	2
538	1.961	1.922	1.608	1.725	2
539	1.941	1.922	1.608	1.824	2
540	2.02	1.922	1.569	1.882	2
541	1.961	1.922	1.471	1.882	2
542	1.882	1.922	1.49	1.98	2
543	2.0	2.02	1.529	2.02	2
544	1.922	2.0	1.647	1.843	2
545	1.706	1.863	1.667	1.843	2
546	1.667	1.882	1.608	1.961	2
547	1.745	1.902	1.569	1.961	2
548	1.745	1.961	1.608	1.922	2
549	1.863	2.02	1.686	1.98	2
550	1.922	2.0	1.725	2.0	2
551	2.0	2.02	1.725	1.941	2
552	2.0	1.961	1.706	1.98	2
553	2.059	1.98	1.706	1.902	2
554	2.039	1.961	1.765	1.961	2
555	2.078	2.0	1.824	1.961	2
556	2.098	2.039	1.882	2.039	2
557	2.157	2.02	1.902	2.039	2
558	2.039	2.059	1.922	2.0	2
559	1.961	2.059	1.922	2.078	2
560	2.0	2.059	1.922	2.118	2
561	1.922	2.0	1.863	1.922	2
562	1.745	1.961	1.784	1.961	2
563	1.765	2.059	1.882	2.059	2
564	1.824	2.078	2.059	2.059	2
565	1.824	2.118	2.157	2.02	2
566	1.843	2.098	2.098	2.039	2
567	1.882	2.039	1.961	1.941	2
568	1.843	1.961	1.863	1.902	2
569	1.902	2.02	1.863	1.98	2
570	1.922	1.961	1.902	1.902	2
571	1.961	2.0	2.0	1.902	2
572	1.98	2.059	2.078	1.863	2
573	1.961	2.059	2.098	1.98	2
574	2.0	2.02	2.078	2.02	2
575	1.922	2.02	2.02	2.039	2
576	1.902	2.059	1.98	2.098	2
577	1.941	2.098	1.941	2.176	2
578	1.863	2.039	1.98	1.941	2
579	1.627	1.941	2.02	1.941	2
580	1.627	1.98	2.039	2.02	2
581	1.667	2.02	1.98	2.059	2
582	1.667	2.0	1.902	2.0	2
583	1.725	2.02	1.902	2.078	2
584	1.843	2.039	1.961	2.039	2
585	1.882	2.059	1.98	2.02	2
586	1.882	2.059	2.0	2.059	2
587	1.902	1.941	1.843	1.98	2
588	1.941	2.02	1.804	2.02	2
589	2.039	2.098	1.941	2.0	2
590	2.039	2.059	2.118	2.039	2
591	2.059	2.039	2.157	2.039	2
592	1.961	2.059	2.059	2.059	2
593	1.843	2.039	1.941	2.118	2
594	1.941	2.098	1.882	2.157	2
595	1.941	2.157	1.922	1.98	2
596	1.725	2.039	2.0	2.0	2
597	1.706	2.059	2.039	2.078	2
598	1.784	2.118	2.098	2.118	2
599	1.824	2.157	2.098	2.039	2
600	1.824	2.118	2.039	2.02	2
601	1.843	2.078	1.98	2.039	2
602	1.902	2.078	1.98	1.961	2
603	1.941	2.059	2.039	2.02	2
604	1.98	2.059	2.059	1.922	2
605	2.0	2.059	2.059	1.98	2
606	2.02	2.059	2.039	1.922	2
607	1.941	2.02	2.02	1.961	2
608	2.0	1.98	2.0	2.0	2
609	1.922	2.02	1.902	2.02	2
610	1.902	2.039	1.882	2.02	2
611	1.882	2.0	1.922	2.078	2
612	1.843	2.02	2.039	1.922	2
613	1.706	2.02	2.176	1.961	2
614	1.686	2.0	2.176	2.039	2
615	1.725	1.961	2.02	2.02	2
616	1.667	1.922	1.922	1.941	2
617	1.686	1.961	1.843	2.0	2
618	1.824	2.02	1.843	2.039	2
619	1.941	2.059	1.902	1.941	2
620	1.882	2.02	2.0	1.961	2
621	1.98	2.0	2.098	1.922	2
622	2.02	1.98	2.118	1.922	2
623	2.039	2.0	2.078	1.941	2
624	2.078	2.02	2.02	2.039	2
625	2.078	1.98	1.961	2.02	2
626	2.0	2.02	1.961	2.02	2
627	1.98	2.118	2.039	2.098	2
628	2.098	2.216	2.157	2.118	2
629	2.0	2.098	2.216	1.902	2
630	1.765	1.98	2.118	1.941	2
631	1.765	2.0	1.961	2.02	2
632	1.804	2.039	1.882	2.039	2
633	1.745	2.0	1.863	2.0	2
634	1.784	2.078	1.902	2.078	2
635	1.922	2.02	1.961	1.961	2
636	1.902	2.039	2.059	1.922	2
637	2.039	2.196	2.235	1.98	2
638	2.098	2.098	2.216	1.922	2
639	1.98	1.98	2.0	1.882	2
640	1.98	1.941	1.804	1.863	2
641	2.0	2.02	1.784	1.922	2
642	2.059	2.039	1.863	2.0	2
643	2.039	2.078	1.941	1.961	2
644	1.882	1.961	1.98	1.98	2
645	1.882	2.02	2.02	2.059	2
646	1.961	2.118	2.039	1.902	2
647	1.765	2.0	1.961	1.902	2
648	1.745	2.02	1.882	1.98	2
649	1.804	2.059	1.922	1.961	2
650	1.725	2.02	1.961	1.882	2
651	1.725	2.059	1.98	1.961	2
652	1.863	2.098	1.941	1.961	2
653	1.902	2.098	1.941	1.882	2
654	1.941	2.039	1.922	1.902	2
655	1.961	2.0	1.824	1.843	2
656	1.961	2.039	1.784	1.902	2
657	2.02	2.078	1.863	1.882	2
658	2.059	2.098	2.059	1.922	2
659	2.059	2.098	2.196	1.98	2
660	2.02	2.118	2.118	1.922	2
661	1.882	2.059	1.922	1.961	2
662	1.941	2.118	1.784	2.039	2
663	1.922	2.118	1.804	1.882	2
664	1.686	2.039	1.863	1.922	2
665	1.706	2.098	1.882	2.039	2
666	1.784	2.118	1.882	2.059	2
667	1.765	2.078	1.941	1.922	2
668	1.706	2.059	2.02	1.941	2
669	1.765	2.039	2.0	1.941	2
670	1.843	2.02	1.902	1.922	2
671	1.863	2.059	1.745	2.0	2
672	2.0	2.098	1.725	1.922	2
673	1.961	2.098	1.843	1.902	2
674	1.961	2.078	1.961	1.882	2
675	1.961	2.039	1.961	1.98	2
676	2.02	2.039	1.902	1.98	2
677	1.98	2.039	1.824	1.941	2
678	1.843	2.039	1.784	1.961	2
679	1.902	2.118	1.902	2.059	2
680	1.961	2.176	1.98	1.961	2
681	1.765	2.078	1.98	1.941	2
682	1.686	2.02	1.902	1.941	2
683	1.706	2.039	1.843	1.961	2
684	1.725	2.039	1.843	1.922	2
685	1.745	2.02	1.882	1.961	2
686	1.824	2.039	1.922	1.941	2
687	1.882	2.118	1.961	1.922	2
688	1.902	2.059	1.941	1.902	2
689	1.941	1.98	1.882	1.843	2
690	1.922	2.0	1.843	1.863	2
691	2.02	2.059	1.882	1.843	2
692	1.961	2.039	1.902	1.863	2
693	1.98	2.0	1.922	1.902	2
694	1.961	2.059	1.98	1.941	2
695	1.882	2.02	1.961	1.882	2
696	1.882	2.039	1.961	2.02	2
697	1.902	2.078	1.941	1.863	2
698	1.647	1.922	1.863	1.824	2
699	1.588	1.922	1.824	1.902	2
700	1.706	2.0	1.824	1.98	2
701	1.745	2.059	1.882	1.882	2
702	1.706	2.039	1.961	1.902	2
703	1.804	2.039	1.961	1.922	2
704	1.882	2.059	2.0	1.882	2
705	1.882	2.02	1.941	1.902	2
706	1.961	1.98	1.882	1.902	2
707	1.961	2.0	1.843	1.922	2
708	2.02	2.039	1.863	1.843	2
709	2.02	2.059	1.902	1.902	2
710	2.059	2.098	1.961	2.0	2
711	2.02	2.039	1.961	1.961	2
712	1.941	2.039	1.941	2.0	2
713	1.941	2.118	1.961	2.059	2
714	1.98	2.137	1.941	1.902	2
715	1.745	2.039	1.902	1.882	2
716	1.725	2.059	1.882	1.961	2
717	1.784	2.059	1.863	2.0	2
718	1.765	2.039	1.863	1.922	2
719	1.784	2.059	1.922	1.98	2
720	1.843	2.039	1.961	1.922	2
721	1.882	2.039	1.98	1.922	2
722	1.98	2.137	1.961	1.961	2
723	2.078	2.176	1.922	1.922	2
724	1.941	2.039	1.882	1.784	2
725	1.804	1.882	1.902	1.706	2
726	1.882	1.98	1.98	1.863	2
727	1.98	2.039	2.039	2.0	2
728	2.0	2.039	1.961	1.98	2
729	1.902	2.039	1.863	1.922	2
730	1.824	2.059	1.824	2.0	2
731	1.961	2.216	1.961	1.882	2
732	1.725	2.039	2.118	1.882	2
733	1.608	2.0	2.157	1.98	2
734	1.667	2.0	2.059	2.02	2
735	1.745	2.039	1.902	1.961	2
736	1.784	2.098	1.882	1.941	2
737	1.824	2.039	1.941	1.922	2
738	1.882	2.078	2.0	1.922	2
739	1.922	2.059	2.059	1.98	2
740	2.059	2.118	2.098	1.961	2
741	2.039	2.098	2.078	1.941	2
742	2.039	2.039	2.039	1.922	2
743	2.02	2.059	1.961	1.961	2
744	2.098	2.059	1.882	2.039	2
745	2.039	2.059	1.882	2.0	2
746	1.961	2.078	2.0	1.98	2
747	1.922	2.137	2.098	2.078	2
748	1.98	2.118	2.137	1.941	2
749	1.765	2.0	2.02	1.941	2
750	1.745	2.039	1.922	1.98	2
751	1.745	2.0	1.882	2.0	2
752	1.725	2.0	1.863	1.941	2
753	1.706	2.0	1.843	1.98	2
754	1.784	2.0	1.863	1.98	2
755	1.843	2.02	1.98	1.902	2
756	1.882	2.059	2.137	1.98	2
757	1.961	2.059	2.137	2.0	2
758	1.941	1.98	2.0	1.98	2
759	1.98	1.961	1.863	1.843	2
760	1.98	2.02	1.824	1.902	2
761	1.961	2.0	1.824	2.02	2
762	1.922	1.98	1.902	2.02	2
763	1.902	1.961	1.961	2.02	2
764	1.922	2.02	2.098	2.157	2
765	1.98	2.059	2.098	1.961	2
766	1.745	1.98	2.059	1.961	2
767	1.686	1.961	1.961	2.02	2
768	1.725	1.98	1.863	2.078	2
769	1.804	2.059	1.863	2.0	2
770	1.765	2.02	1.902	2.02	2
771	1.824	1.98	1.961	2.02	2
772	1.902	2.0	2.0	1.98	2
773	1.941	1.961	1.961	1.98	2
774	1.961	1.961	1.941	1.961	2
775	2.0	2.02	1.941	1.98	2
776	2.039	1.98	1.98	1.902	2
777	2.02	1.961	1.98	1.941	2
778	2.039	1.961	1.922	2.039	2
779	2.039	1.98	1.882	2.0	2
780	1.922	1.961	1.902	1.98	2
781	1.843	1.98	1.922	2.059	2
782	1.922	2.059	1.941	1.961	2
783	1.784	2.02	2.0	1.941	2
784	1.725	2.0	2.02	2.0	2
785	1.725	1.941	1.941	1.98	2
786	1.686	1.902	1.784	1.922	2
787	1.725	1.941	1.706	1.941	2
788	1.824	2.02	1.804	1.98	2
789	1.882	2.02	1.98	1.922	2
790	1.882	1.941	2.118	1.941	2
791	2.0	1.961	2.137	1.902	2
792	1.98	1.98	2.0	1.902	2
793	2.039	2.039	1.882	1.843	2
794	1.98	2.02	1.824	1.882	2
795	2.039	2.039	1.882	1.961	2
796	1.98	1.98	1.941	1.882	2
797	1.941	1.98	2.039	1.922	2
798	1.98	2.118	2.059	2.059	2
799	2.02	2.137	2.098	1.922	2
800	1.784	2.0	2.059	1.902	2
801	1.706	1.961	1.961	1.941	2
802	1.765	2.0	1.882	2.02	2
803	1.824	2.039	1.902	1.882	2
804	1.765	2.0	1.941	1.98	2
805	1.882	2.059	1.961	1.98	2
806	1.941	2.059	1.961	1.863	2
807	1.922	2.078	1.961	1.922	2
808	1.961	2.02	1.941	1.882	2
809	1.98	2.02	1.961	1.922	2
810	2.02	2.039	1.98	1.863	2
811	2.078	2.078	1.98	1.941	2
812	2.098	2.039	1.941	2.0	2
813	2.0	1.98	1.863	1.961	2
814	1.941	2.02	1.804	1.961	2
815	1.882	2.098	1.843	2.02	2
816	1.941	2.137	2.0	1.922	2
817	1.765	2.039	2.098	1.882	2
818	1.686	2.0	2.039	2.0	2
819	1.784	2.059	1.941	2.02	2
820	1.804	2.059	1.863	1.922	2
821	1.706	2.039	1.824	1.941	2
822	1.804	2.039	1.902	1.941	2
823	1.902	2.059	2.02	1.922	2
824	1.902	2.078	2.078	1.922	2
825	1.98	2.078	2.039	1.882	2
826	1.961	2.078	1.98	1.902	2
827	1.98	2.0	1.922	1.863	2
828	1.961	2.02	1.882	1.882	2
829	2.039	2.039	1.922	2.02	2
830	2.0	2.02	1.98	1.922	2
831	1.863	2.02	2.02	1.941	2
832	1.882	2.098	2.0	2.098	2
833	1.902	2.118	2.0	1.922	2
834	1.686	1.961	1.961	1.882	2
835	1.608	1.961	1.863	1.941	2
836	1.667	2.0	1.804	2.0	2
837	1.765	2.059	1.824	1.941	2
838	1.686	2.02	1.902	1.961	2
839	1.765	2.039	2.039	1.941	2
840	1.824	2.039	2.098	1.941	2
841	1.843	2.039	2.059	1.922	2
842	1.922	2.02	1.922	1.922	2
843	1.922	2.02	1.804	1.941	2
844	1.941	2.02	1.784	1.902	2
845	1.98	2.059	1.902	1.941	2
846	2.059	2.078	2.0	2.02	2
847	2.0	2.059	2.059	1.941	2
848	1.882	2.059	2.059	1.961	2
849	1.824	2.078	2.039	2.078	2
850	1.941	2.118	2.0	2.0	2
851	1.745	2.02	1.98	1.961	2
852	1.706	2.039	1.941	2.02	2
853	1.765	2.078	1.922	2.078	2
854	1.784	2.098	1.961	1.98	2
855	1.725	2.039	2.0	2.02	2
856	1.824	2.059	2.02	2.02	2
857	1.882	2.059	1.98	2.02	2
858	1.882	2.078	1.922	1.98	2
859	1.941	2.039	1.941	1.941	2
860	1.961	2.039	1.922	1.98	2
861	1.98	2.039	1.902	1.922	2
862	1.961	2.039	1.922	1.922	2
863	2.0	2.039	1.922	2.02	2
864	1.98	2.039	1.941	2.0	2
865	1.902	2.039	2.02	1.961	2
866	1.882	2.059	2.078	2.059	2
867	1.863	2.098	2.059	1.98	2
868	1.667	1.961	1.882	1.98	2
869	1.667	2.0	1.745	2.02	2
870	1.706	2.039	1.824	2.059	2
871	1.745	2.0	1.922	1.961	2
872	1.686	2.039	1.98	2.0	2
873	1.804	2.039	2.0	1.98	2
874	1.824	2.0	1.922	2.0	2
875	1.902	2.098	1.902	1.961	2
876	1.961	2.039	1.941	1.961	2
877	1.941	2.0	1.961	1.961	2
878	1.961	2.0	1.922	1.922	2
879	2.0	2.059	1.882	1.941	2
880	2.098	2.098	1.922	2.02	2
881	2.039	2.078	1.961	1.98	2
882	1.922	2.039	1.98	1.98	2
883	1.922	2.098	1.961	2.059	2
884	1.902	2.118	2.0	1.961	2
885	1.804	2.039	1.98	1.941	2
886	1.745	2.02	1.843	1.98	2
887	1.784	2.059	1.784	1.98	2
888	1.745	2.0	1.843	1.902	2
889	1.745	2.098	1.98	1.941	2
890	1.922	2.216	2.157	1.961	2
891	1.922	2.098	2.118	1.882	2
892	1.902	2.039	2.02	1.902	2
893	1.922	2.02	1.922	1.882	2
894	1.961	2.039	1.863	1.882	2
895	2.039	2.078	1.882	1.843	2
896	2.039	2.059	1.941	1.843	2
897	2.0	2.02	1.961	1.98	2
898	2.039	2.059	2.02	1.961	2
899	1.98	2.078	2.059	1.961	2
900	1.863	2.098	2.059	2.02	2
901	1.902	2.098	2.039	1.961	2
902	1.784	2.02	2.0	1.882	2
903	1.745	2.02	1.941	1.941	2
904	1.765	2.078	1.941	2.02	2
905	1.765	2.02	1.941	1.941	2
906	1.725	2.059	1.961	1.98	2
907	1.843	2.078	1.98	1.961	2
908	1.902	2.059	2.02	1.882	2
909	1.922	2.059	2.02	1.902	2
910	1.941	2.02	2.0	1.922	2
911	1.98	2.02	1.941	1.922	2
912	2.02	2.059	1.922	1.882	2
913	2.02	2.078	1.961	1.863	2
914	2.02	2.039	1.98	1.961	2
915	2.0	2.02	1.98	1.961	2
916	1.941	2.039	1.98	1.961	2
917	1.922	2.039	1.961	2.078	2
918	1.922	2.137	2.0	1.98	2
919	1.784	2.059	2.0	1.882	2
920	1.706	2.0	1.98	1.961	2
921	1.725	2.02	1.922	2.02	2
922	1.765	2.02	1.902	1.941	2
923	1.725	2.039	1.902	1.98	2
924	1.804	2.039	1.941	1.98	2
925	1.863	2.059	2.0	1.941	2
926	1.922	2.039	1.98	1.941	2
927	1.941	2.02	1.961	1.922	2
928	1.961	2.02	1.941	1.922	2
929	1.98	2.02	1.922	1.902	2
930	1.961	2.02	1.902	1.882	2
931	2.02	2.0	1.902	2.0	2
932	2.0	2.02	1.922	1.961	2
933	1.882	1.98	1.941	1.941	2
934	1.843	2.02	1.902	2.078	2
935	1.902	2.118	1.961	2.0	2
936	1.784	2.039	1.98	1.941	2
937	1.686	2.0	1.941	1.961	2
938	1.686	1.961	1.882	2.0	2
939	1.745	2.039	1.843	1.98	2
940	1.765	2.078	1.882	1.941	2
941	1.784	2.039	1.922	1.922	2
942	1.824	2.02	1.941	1.941	2
943	1.863	2.039	1.941	1.922	2
944	1.922	2.02	1.922	1.941	2
945	1.961	1.98	1.902	1.882	2
946	1.941	2.0	1.882	1.922	2
947	2.039	2.118	1.882	1.941	2
948	2.039	2.078	1.941	1.98	2
949	1.98	2.0	2.0	1.941	2
950	1.882	2.02	2.0	1.98	2
951	1.902	2.078	2.02	2.078	2
952	1.941	2.118	1.98	2.039	2
953	1.765	2.0	1.961	1.922	2
954	1.686	1.961	1.863	1.961	2
955	1.745	2.059	1.843	2.0	2
956	1.784	2.059	1.902	1.961	2
957	1.725	2.039	1.98	1.98	2
958	1.784	2.02	2.02	1.98	2
959	1.882	2.02	2.0	1.98	2
960	1.922	2.059	1.961	1.961	2
961	1.961	2.039	1.941	1.961	2
962	2.0	2.039	1.922	1.941	2
963	2.059	2.039	1.941	1.902	2
964	2.0	2.039	1.961	1.902	2
965	1.98	2.0	1.961	2.0	2
966	2.02	2.0	1.941	2.0	2
967	1.941	2.039	1.941	2.0	2
968	1.941	2.098	1.961	2.098	2
969	1.941	2.118	1.961	2.039	2
970	1.804	2.02	2.0	1.863	2
971	1.667	1.941	1.961	1.922	2
972	1.686	1.961	1.902	1.98	2
973	1.725	2.02	1.863	1.961	2
974	1.706	2.039	1.902	1.98	2
975	1.804	2.02	1.922	1.98	2
976	1.882	2.078	1.961	2.02	2
977	1.961	2.059	1.961	1.961	2
978	1.98	2.039	1.961	1.941	2
979	1.941	1.98	1.941	1.882	2
980	1.961	2.0	1.922	1.863	2
981	1.98	2.0	1.902	1.863	2
982	2.02	2.059	1.882	2.0	2
983	2.059	2.078	1.882	1.98	2
984	1.941	2.039	1.941	2.0	2
985	1.882	2.078	1.98	2.137	2
986	1.961	2.098	2.02	2.02	2
987	1.804	2.039	2.0	1.902	2
988	1.725	2.0	1.941	1.961	2
989	1.745	2.02	1.863	2.039	2
990	1.765	2.0	1.863	1.961	2
991	1.765	2.078	1.882	1.961	2
992	1.804	2.059	1.863	1.941	2
993	1.804	2.02	1.922	1.922	2
994	1.863	2.02	1.961	1.922	2
995	1.902	2.02	2.039	1.922	2
996	1.941	2.02	2.078	1.882	2
997	1.961	2.059	2.039	1.882	2
998	1.98	2.059	1.961	1.882	2
999	2.02	2.059	1.902	1.961	2
1000	1.961	1.961	1.882	1.863	2
1001	1.843	1.941	1.882	1.922	2
1002	1.863	2.02	1.902	2.078	2
1003	1.941	2.118	1.98	2.0	2
1004	1.784	2.137	2.118	1.902	2
1005	1.745	2.098	2.137	1.961	2
1006	1.765	2.078	2.078	2.059	2
1007	1.765	1.98	1.98	1.902	2
1008	1.667	1.922	1.824	1.922	2
1009	1.804	2.02	1.765	1.961	2
1010	1.941	2.137	1.863	1.922	2
1011	1.961	2.098	2.039	1.922	2
1012	2.02	2.078	2.176	1.941	2
1013	1.98	2.0	2.137	1.863	2
1014	1.98	2.02	2.02	1.843	2
1015	1.98	2.078	1.922	1.863	2
1016	2.02	2.059	1.922	2.0	2
1017	2.078	2.059	1.922	2.02	2
1018	2.0	2.0	1.922	1.961	2
1019	1.902	2.0	1.941	2.039	2
1020	1.863	2.059	1.882	2.0	2
1021	1.784	2.039	1.902	1.922	2
1022	1.745	2.02	1.961	1.961	2
1023	1.765	2.059	2.059	2.039	2
1024	1.804	2.098	2.157	1.98	2
1025	1.725	2.0	2.098	1.98	2
1026	1.784	2.0	1.922	2.02	2
1027	1.863	2.02	1.784	1.98	2
1028	1.922	2.059	1.765	1.961	2
1029	1.941	2.039	1.863	2.039	2
1030	1.961	2.039	1.941	1.941	2
1031	1.98	2.039	1.941	1.902	2
1032	1.98	2.0	1.98	1.961	2
1033	2.059	2.02	1.961	2.039	2
1034	2.02	2.02	1.98	1.98	2
1035	1.863	1.961	1.961	1.961	2
1036	1.824	1.98	1.941	2.059	2
1037	1.961	2.118	1.882	2.078	2
1038	1.843	2.098	1.882	1.922	2
1039	1.667	1.98	1.961	1.902	2
1040	1.667	1.961	1.941	2.039	2
1041	1.725	2.0	1.922	2.0	2
1042	1.725	2.02	1.863	1.961	2
1043	1.745	2.0	1.843	1.961	2
1044	1.804	2.039	1.941	1.941	2
1045	1.922	2.059	2.02	1.922	2
1046	1.941	2.059	2.059	1.922	2
1047	1.961	2.059	2.039	1.882	2
1048	1.98	2.039	1.961	1.902	2
1049	2.0	2.059	1.882	1.902	2
1050	2.0	2.039	1.902	1.961	2
1051	2.059	2.078	1.941	2.0	2
1052	1.98	2.078	1.98	1.961	2
1053	1.882	2.02	1.98	2.02	2
1054	1.922	2.078	1.98	2.059	2
1055	1.843	2.02	1.922	1.882	2
1056	1.706	1.961	1.863	1.902	2
1057	1.765	2.098	1.941	2.02	2
1058	1.882	2.157	2.078	2.0	2
1059	1.824	2.098	2.078	1.961	2
1060	1.804	2.059	1.961	1.961	2
1061	1.863	2.078	1.882	1.961	2
1062	1.902	2.098	1.922	1.882	2
1063	1.902	1.98	1.922	1.922	2
1064	1.98	2.02	1.941	1.902	2
1065	2.118	2.118	1.98	1.941	2
1066	2.098	2.157	2.02	1.922	2
1067	2.039	2.059	2.02	1.961	2
1068	2.0	2.02	1.98	1.961	2
1069	1.922	2.039	1.98	1.961	2
1070	1.902	2.059	2.02	2.078	2
1071	1.941	2.078	2.0	2.098	2
1072	1.843	2.078	2.0	1.961	2
1073	1.725	2.039	1.961	1.922	2
1074	1.706	2.0	1.961	2.0	2
1075	1.706	2.0	1.941	1.98	2
1076	1.647	1.961	1.941	1.941	2
1077	1.745	2.039	1.922	2.0	2
1078	1.882	2.059	1.922	1.961	2
1079	1.843	2.0	1.941	1.863	2
1080	1.863	2.0	1.98	1.922	2
1081	1.902	1.98	1.961	1.863	2
1082	1.902	1.98	1.902	1.863	2
1083	1.922	2.0	1.863	1.843	2
1084	1.941	2.02	1.882	1.922	2
1085	1.941	2.0	1.882	1.922	2
1086	1.863	1.98	1.882	1.961	2
1087	1.882	2.059	1.98	2.078	2
1088	1.941	2.078	2.02	2.059	2
1089	1.824	2.078	2.0	1.902	2
1090	1.745	2.039	1.922	1.941	2
1091	1.745	2.059	1.863	1.961	2
1092	1.706	2.02	1.863	1.941	2
1093	1.706	2.039	1.882	1.922	2
1094	1.765	2.059	1.941	2.0	2
1095	1.882	2.118	1.961	2.02	2
1096	1.941	2.078	1.98	1.941	2
1097	1.961	2.078	1.922	1.98	2
1098	1.98	2.039	1.863	1.922	2
1099	2.02	2.02	1.882	1.902	2
1100	2.02	2.02	1.902	1.902	2
1101	1.98	2.059	2.0	1.98	2
1102	2.0	2.039	2.059	1.941	2
1103	1.922	2.078	2.078	1.961	2
1104	1.882	2.02	2.0	2.078	2
1105	1.98	2.078	1.902	2.078	2
1106	1.882	2.039	1.882	1.902	2
1107	1.706	2.0	1.922	1.961	2
1108	1.686	2.0	1.961	1.98	2
1109	1.686	2.0	1.961	1.941	2
1110	1.725	2.039	2.0	1.922	2
1111	1.745	2.0	2.02	1.961	2
1112	1.824	2.039	1.98	1.961	2
1113	1.941	2.078	1.941	1.941	2
1114	1.98	2.078	1.922	1.98	2
1115	1.961	2.02	1.922	1.863	2
1116	1.961	2.02	1.98	1.882	2
1117	1.961	2.02	2.02	1.882	2
1118	2.0	2.039	2.0	2.0	2
1119	2.039	1.98	1.922	1.98	2
1120	1.922	2.0	1.863	2.02	2
1121	1.922	2.098	1.882	2.0	2
1122	1.922	2.098	2.0	2.02	2
1123	1.843	2.059	2.078	1.882	2
1124	1.706	2.0	2.098	1.922	2
1125	1.745	2.0	2.02	2.0	2
1126	1.784	2.039	1.902	1.98	2
1127	1.765	2.039	1.843	1.941	2
1128	1.804	2.039	1.863	2.0	2
1129	1.882	2.02	1.961	1.961	2
1130	1.882	2.039	2.039	1.843	2
1131	1.882	2.039	2.078	1.902	2
1132	1.98	2.02	2.059	1.882	2
1133	2.039	2.078	2.059	1.882	2
1134	2.039	2.078	2.0	1.882	2
1135	2.0	2.059	1.941	1.961	2
1136	2.059	2.02	1.922	1.922	2
1137	1.922	1.98	1.961	1.922	2
1138	1.902	2.039	2.039	2.02	2
1139	2.0	2.137	2.059	2.059	2
1140	1.941	2.118	2.039	1.902	2
1141	1.745	2.0	2.0	1.902	2
1142	1.706	2.0	1.961	2.02	2
1143	1.765	2.02	1.922	2.0	2
1144	1.745	2.039	1.941	1.941	2
1145	1.804	2.039	1.98	2.0	2
1146	1.902	2.059	2.0	1.98	2
1147	1.922	2.059	2.0	1.922	2
1148	1.961	2.059	1.98	2.0	2
1149	2.02	2.059	1.961	1.941	2
1150	2.0	2.02	1.941	1.941	2
1151	2.0	2.039	1.902	1.961	2
1152	2.039	2.078	1.902	2.039	2
1153	2.059	2.039	1.922	2.0	2
1154	1.961	2.02	1.941	2.02	2
1155	1.882	2.0	1.922	2.098	2
1156	1.961	2.098	1.922	2.157	2
1157	1.902	2.098	1.98	1.941	2
1158	1.725	2.02	2.02	1.98	2
1159	1.706	2.02	2.0	2.059	2
1160	1.725	2.0	1.882	2.039	2
1161	1.725	2.039	1.824	1.961	2
1162	1.765	2.059	1.843	2.02	2
1163	1.863	2.078	1.902	2.02	2
1164	1.902	2.039	1.941	1.961	2
1165	1.902	2.039	2.02	2.039	2
1166	1.98	2.039	1.98	1.922	2
1167	1.98	2.039	1.961	1.902	2
1168	1.961	2.039	1.922	1.882	2
1169	1.961	2.02	1.902	2.0	2
1170	2.059	2.078	1.922	1.98	2
1171	2.0	2.059	1.961	1.961	2
1172	1.863	2.039	1.98	2.0	2
1173	1.922	2.078	1.961	2.059	2
1174	1.902	2.098	2.02	1.902	2
1175	1.725	2.02	2.0	1.882	2
1176	1.725	2.059	1.961	1.98	2
1177	1.765	2.078	1.922	1.98	2
1178	1.765	2.098	1.902	1.941	2
1179	1.765	2.039	1.882	1.941	2
1180	1.824	2.039	1.902	1.941	2
1181	1.882	2.059	1.941	1.843	2
1182	1.902	2.039	1.98	1.922	2
1183	1.961	2.039	1.98	1.882	2
1184	2.0	2.078	1.961	1.902	2
1185	2.02	2.078	1.922	1.863	2
1186	1.98	2.078	1.882	1.922	2
1187	1.961	2.0	1.922	1.902	2
1188	1.902	2.0	2.0	1.961	2
1189	1.882	2.059	2.039	2.02	2
1190	1.922	2.118	1.98	2.059	2
1191	1.882	2.078	1.961	1.882	2
1192	1.686	1.961	1.902	1.902	2
1193	1.706	2.02	1.882	2.0	2
1194	1.745	2.039	1.902	1.961	2
1195	1.706	2.059	1.941	1.922	2
1196	1.765	2.059	1.98	1.961	2
1197	1.843	2.039	1.98	1.961	2
1198	1.882	2.0	1.941	1.902	2
1199	1.882	2.02	1.941	1.941	2
1200	1.961	2.02	1.941	1.882	2
1201	1.961	1.98	1.902	1.902	2
1202	1.941	2.0	1.882	1.882	2
1203	2.0	2.02	1.902	1.961	2
1204	2.039	2.078	1.98	1.98	2
1205	1.98	2.059	2.0	1.98	2
1206	1.882	2.0	1.98	1.98	2
1207	1.863	1.98	1.941	2.039	2
1208	1.882	2.0	1.902	1.863	2
1209	1.706	1.941	1.902	1.882	2
1210	1.686	1.961	1.922	2.0	2
1211	1.725	2.0	1.902	2.0	2
1212	1.725	2.039	1.902	1.961	2
1213	1.784	2.059	1.922	2.0	2
1214	1.863	2.078	1.961	1.941	2
1215	1.843	1.98	2.02	1.863	2
1216	1.863	1.941	2.039	1.941	2
1217	2.0	2.0	2.0	1.882	2
1218	2.0	2.039	1.941	1.902	2
1219	1.98	2.02	1.902	1.863	2
1220	1.961	2.039	1.902	1.961	2
1221	2.039	2.059	1.961	1.961	2
1222	1.961	2.02	2.0	1.961	2
1223	1.882	2.02	2.0	2.0	2
1224	1.922	2.039	2.0	2.078	2
1225	1.922	2.078	1.98	1.902	2
1226	1.725	1.98	1.922	1.902	2
1227	1.706	2.039	1.902	1.961	2
1228	1.745	2.039	1.941	1.98	2
1229	1.765	2.039	1.961	1.961	2
1230	1.804	2.039	1.961	1.98	2
1231	1.863	2.02	1.941	1.98	2
1232	1.863	2.078	1.922	1.922	2
1233	1.902	2.0	1.882	1.961	2
1234	2.0	2.02	1.843	1.882	2
1235	2.0	2.039	1.902	1.902	2
1236	2.02	2.059	1.961	1.922	2
1237	2.039	2.118	2.039	1.961	2
1238	2.039	2.039	2.078	2.0	2
1239	1.961	2.039	2.02	1.98	2
1240	1.902	2.02	1.922	2.039	2
1241	1.922	2.118	1.902	2.078	2
1242	1.922	2.078	1.941	1.902	2
1243	1.725	2.02	1.961	1.922	2
1244	1.725	2.078	2.0	2.0	2
1245	1.765	2.039	1.98	2.039	2
1246	1.745	2.059	1.98	1.922	2
1247	1.765	2.059	2.02	1.98	2
1248	1.843	2.02	1.98	1.961	2
1249	1.882	2.039	1.941	1.902	2
1250	1.941	2.078	1.98	1.941	2
1251	2.0	2.059	2.0	1.882	2
1252	1.98	2.0	1.98	1.941	2
1253	2.0	1.98	1.941	1.902	2
1254	1.98	2.02	1.922	1.941	2
1255	2.0	2.02	1.941	1.98	2
1256	1.98	2.059	1.98	2.0	2
1257	1.941	2.059	1.98	2.039	2
1258	1.941	2.078	2.0	2.098	2
1259	1.922	2.059	1.941	1.902	2
1260	1.686	1.961	1.902	1.922	2
1261	1.706	2.02	1.902	2.02	2
1262	1.784	2.059	1.961	2.02	2
1263	1.725	2.02	1.98	1.922	2
1264	1.706	2.02	2.0	1.98	2
1265	1.843	2.059	1.941	2.0	2
1266	1.902	2.039	1.922	1.961	2
1267	1.941	2.059	1.922	1.98	2
1268	2.0	2.078	1.961	1.902	2
1269	1.961	2.059	2.02	1.941	2
1270	1.98	2.039	2.0	1.902	2
1271	1.98	2.039	1.941	1.961	2
1272	2.02	2.078	1.902	1.98	2
1273	1.961	2.039	1.922	1.98	2
1274	1.863	2.059	1.98	2.02	2
1275	1.922	2.137	2.078	2.098	2
1276	1.922	2.098	2.059	1.922	2
1277	1.745	2.02	2.0	1.902	2
1278	1.686	2.039	1.922	2.0	2
1279	1.725	2.059	1.882	2.059	2
1280	1.725	2.059	1.882	1.98	2
1281	1.765	2.078	1.961	1.98	2
1282	1.824	2.059	2.02	1.961	2
1283	1.843	2.059	2.039	1.941	2
1284	1.882	2.039	2.0	1.961	2
1285	1.98	2.039	1.941	1.902	2
1286	1.941	2.039	1.922	1.941	2
1287	2.02	2.078	1.941	1.961	2
1288	2.0	2.039	1.941	2.02	2
1289	2.0	2.0	1.922	2.02	2
1290	1.941	2.02	1.941	2.0	2
1291	1.902	2.039	1.941	2.02	2
1292	1.902	2.059	1.941	2.078	2
1293	1.882	2.059	1.941	1.961	2
1294	1.745	2.0	1.941	1.98	2
1295	1.745	2.02	1.922	2.039	2
1296	1.765	2.02	1.941	2.059	2
1297	1.725	2.02	1.882	2.0	2
1298	1.784	2.039	1.863	2.02	2
1299	1.843	2.0	1.843	1.98	2
1300	1.863	2.039	1.882	1.941	2
1301	1.922	2.078	1.922	2.02	2
1302	2.0	2.059	2.0	1.941	2
1303	1.961	2.039	1.98	1.961	2
1304	1.98	2.02	1.941	1.902	2
1305	1.98	2.02	1.882	1.961	2
1306	2.039	2.059	1.863	2.0	2
1307	1.961	2.039	1.902	1.98	2
1308	1.882	2.039	1.882	2.039	2
1309	1.941	2.118	1.961	2.098	2
1310	1.961	2.137	2.0	1.98	2
1311	1.765	2.039	1.98	1.98	2
1312	1.725	2.02	1.941	2.02	2
1313	1.765	2.039	1.902	2.02	2
1314	1.784	2.078	1.882	1.98	2
1315	1.765	2.078	1.902	1.98	2
1316	1.804	2.02	1.922	1.961	2
1317	1.863	2.039	1.941	1.98	2
1318	1.882	2.0	1.961	1.941	2
1319	1.941	1.961	1.941	1.941	2
1320	2.02	2.059	1.922	1.941	2
1321	2.039	2.078	1.922	1.882	2
1322	2.0	2.059	1.922	1.922	2
1323	2.02	2.02	1.941	1.961	2
1324	1.941	2.0	1.98	1.961	2
1325	1.902	2.02	1.98	2.0	2
1326	1.941	2.078	1.98	2.098	2
1327	1.961	2.098	2.0	1.922	2
1328	1.706	1.941	1.941	1.882	2
1329	1.725	2.02	1.863	1.961	2
1330	1.824	2.078	1.882	1.98	2
1331	1.765	2.039	1.941	1.922	2
1332	1.745	2.02	2.0	1.961	2
1333	1.863	2.059	2.02	1.961	2
1334	1.922	2.078	1.98	1.882	2
1335	1.922	2.039	1.961	1.902	2
1336	2.0	2.02	1.941	1.882	2
1337	1.98	2.039	1.922	1.882	2
1338	2.0	2.059	1.941	1.843	2
1339	1.98	2.039	1.961	1.922	2
1340	2.039	2.039	1.98	2.0	2
1341	1.961	2.039	2.0	1.98	2
1342	1.922	2.039	2.0	1.98	2
1343	1.882	2.118	1.98	2.059	2
1344	1.922	2.078	2.0	1.863	2
1345	1.725	2.0	1.941	1.882	2
1346	1.706	2.0	1.922	1.961	2
1347	1.745	2.039	1.922	1.961	2
1348	1.725	2.039	1.941	1.902	2
1349	1.725	2.02	1.882	1.961	2
1350	1.824	2.02	1.902	1.941	2
1351	1.902	2.078	1.98	1.902	2
1352	1.902	2.059	2.039	1.922	2
1353	1.941	2.0	2.059	1.863	2
1354	1.961	2.0	1.98	1.902	2
1355	1.98	2.039	1.902	1.863	2
1356	1.961	2.02	1.863	1.902	2
1357	1.98	2.02	1.882	1.941	2
1358	1.941	2.0	1.941	1.941	2
1359	1.882	2.039	2.0	1.98	2
1360	1.961	2.118	2.02	2.059	2
1361	1.941	2.118	2.039	1.922	2
1362	1.725	1.98	2.0	1.902	2
1363	1.667	2.0	1.922	1.961	2
1364	1.725	2.02	1.902	1.961	2
1365	1.745	2.02	1.922	1.941	2
1366	1.745	2.078	1.961	1.98	2
1367	1.804	2.039	1.98	1.941	2
1368	1.843	2.02	1.961	1.922	2
1369	1.882	2.039	1.941	1.941	2
1370	1.961	2.039	1.961	1.902	2
1371	1.941	2.02	1.941	1.941	2
1372	1.961	2.0	1.941	1.941	2
1373	2.0	2.039	1.941	1.98	2
1374	2.039	2.039	1.961	2.0	2
1375	1.941	2.02	1.961	1.941	2
1376	1.863	2.0	1.98	1.961	2
1377	1.882	2.059	1.961	2.098	2
1378	1.922	2.078	1.98	1.922	2
1379	1.765	2.02	1.961	1.961	2
1380	1.725	2.039	1.922	2.02	2
1381	1.745	2.039	1.902	2.039	2
1382	1.745	2.039	1.902	1.922	2
1383	1.725	1.98	1.961	1.922	2
1384	1.784	1.98	1.98	1.98	2
1385	1.863	2.039	1.961	1.98	2
1386	1.902	2.059	1.922	1.98	2
1387	2.0	2.039	1.941	1.882	2
1388	1.98	2.02	1.941	1.902	2
1389	1.98	2.039	1.961	1.863	2
1390	1.98	2.059	1.98	1.902	2
1391	2.0	2.039	1.961	1.98	2
1392	1.961	2.02	1.922	1.941	2
1393	1.882	2.02	1.941	1.922	2
1394	1.843	2.098	1.961	2.02	2
1395	1.922	2.157	2.039	1.961	2
1396	1.804	2.059	2.02	1.902	2
1397	1.686	1.98	1.961	1.941	2
1398	1.686	2.0	1.902	1.98	2
1399	1.725	2.02	1.882	1.98	2
1400	1.765	2.078	1.882	2.02	2
1401	1.843	2.059	1.941	1.922	2
1402	1.902	2.039	2.02	1.882	2
1403	1.882	2.059	2.02	1.941	2
1404	1.98	2.02	1.961	1.902	2
1405	1.941	2.0	1.882	1.941	2
1406	2.078	2.098	1.882	1.922	2
1407	2.02	2.059	1.922	1.902	2
1408	2.0	2.02	1.941	1.961	2
1409	1.941	2.0	1.941	1.98	2
1410	1.922	2.039	1.922	1.98	2
1411	1.961	2.118	1.961	2.039	2
1412	1.922	2.098	1.98	1.882	2
1413	1.706	1.961	1.98	1.843	2
1414	1.667	2.0	1.922	1.961	2
1415	1.745	2.059	1.902	1.961	2
1416	1.765	2.059	1.922	1.922	2
1417	1.745	2.059	1.961	1.941	2
1418	1.784	2.0	1.941	1.922	2
1419	1.824	2.059	1.941	1.863	2
1420	1.882	2.039	1.941	1.922	2
1421	1.961	2.02	1.961	1.922	2
1422	2.0	2.059	1.98	1.882	2
1423	2.02	2.059	1.98	1.824	2
1424	1.961	2.0	1.961	1.863	2
1425	2.02	2.02	1.961	1.961	2
1426	2.02	2.059	1.922	1.941	2
1427	1.922	2.039	1.941	1.961	2
1428	1.941	2.118	1.922	2.078	2
1429	1.961	2.118	1.98	1.922	2
1430	1.765	2.02	2.02	1.882	2
1431	1.725	2.02	2.0	1.98	2
1432	1.804	2.078	1.98	2.039	2
1433	1.804	2.078	1.941	1.941	2
1434	1.765	2.059	1.922	1.941	2
1435	1.824	2.039	1.922	1.941	2
1436	1.902	2.078	1.941	1.882	2
1437	1.961	2.078	1.941	1.922	2
1438	1.98	2.059	2.0	1.882	2
1439	1.98	2.039	2.0	1.941	2
1440	2.039	2.098	2.02	1.902	2
1441	2.0	2.059	2.0	1.922	2
1442	2.0	2.0	1.961	1.941	2
1443	1.961	2.02	1.961	1.961	2
1444	1.941	2.059	1.941	1.98	2
1445	1.941	2.118	2.0	2.078	2
1446	1.941	2.137	2.02	1.961	2
1447	1.745	2.0	2.02	1.922	2
1448	1.686	1.98	1.98	1.98	2
1449	1.725	2.039	1.922	2.0	2
1450	1.765	2.039	1.941	1.961	2
1451	1.745	2.059	1.941	2.039	2
1452	1.843	2.059	1.98	2.0	2
1453	1.882	2.0	1.941	1.941	2
1454	1.902	2.039	1.98	1.961	2
1455	1.98	2.039	1.941	1.922	2
1456	1.941	2.02	1.941	1.863	2
1457	1.961	2.0	1.941	1.863	2
1458	1.98	2.059	1.98	1.941	2
1459	2.0	2.039	1.98	2.039	2
1460	1.98	2.02	1.941	2.0	2
1461	1.902	2.02	1.902	2.02	2
1462	1.922	2.039	1.922	2.098	2
1463	1.941	2.118	1.961	1.961	2
1464	1.765	2.039	1.98	1.941	2
1465	1.706	2.039	1.98	2.039	2
1466	1.745	2.039	1.961	2.02	2
1467	1.725	2.02	1.941	1.941	2
1468	1.725	2.059	1.941	2.039	2
1469	1.863	2.059	1.922	2.039	2
1470	1.902	2.0	1.922	1.98	2
1471	1.922	2.039	1.882	1.961	2
1472	1.922	2.039	1.922	1.941	2
1473	1.922	2.02	1.98	1.961	2
1474	2.0	2.059	1.98	1.941	2
1475	1.98	2.059	1.961	1.961	2
1476	2.039	2.059	1.922	2.039	2
1477	1.961	2.039	1.922	2.0	2
1478	1.922	2.039	1.941	2.02	2
1479	1.922	2.118	1.882	2.098	2
1480	1.882	2.078	1.863	1.941	2
1481	1.667	1.941	1.843	1.902	2
1482	1.647	1.98	1.922	2.0	2
1483	1.686	2.0	1.98	2.059	2
1484	1.784	2.137	2.02	2.039	2
1485	1.804	2.098	1.961	2.0	2
1486	1.784	2.02	1.882	1.961	2
1487	1.843	2.02	1.843	1.902	2
1488	1.804	1.98	1.745	2.0	2
1489	2.0	2.078	1.706	1.98	2
1490	1.961	2.078	1.843	1.941	2
1491	1.961	2.039	2.059	1.863	2
1492	1.98	2.02	2.176	1.902	2
1493	2.02	2.02	2.157	2.0	2
1494	2.0	2.039	2.02	1.98	2
1495	1.902	2.039	1.882	2.0	2
1496	1.882	2.118	1.824	2.098	2
1497	1.961	2.196	1.863	2.02	2
1498	1.804	2.059	1.961	1.961	2
1499	1.765	2.039	2.039	1.98	2
1500	1.765	2.078	2.098	1.98	2
1501	1.745	2.02	2.118	1.941	2
1502	1.745	2.039	2.078	2.0	2
1503	1.863	2.098	2.039	2.0	2
1504	1.941	2.118	2.039	1.941	2
1505	1.961	2.118	2.039	1.922	2
1506	1.961	2.039	2.02	1.941	2
1507	1.98	2.039	2.02	1.922	2
1508	2.039	2.059	2.0	1.882	2
1509	2.0	2.059	2.0	1.902	2
1510	2.059	2.059	2.02	2.0	2
1511	2.0	2.039	1.98	1.961	2
1512	1.902	2.039	2.0	1.98	2
1513	1.922	2.078	1.98	2.078	2
1514	1.961	2.137	2.02	1.961	2
1515	1.804	2.039	2.02	1.922	2
1516	1.725	2.0	1.961	1.941	2
1517	1.725	2.02	1.922	2.0	2
1518	1.784	2.078	1.941	1.941	2
1519	1.784	2.059	1.961	2.0	2
1520	1.843	2.0	1.961	1.961	2
1521	1.824	2.0	1.902	1.922	2
1522	1.902	2.039	1.922	1.941	2
1523	1.98	2.039	1.922	1.941	2
1524	1.98	2.02	1.961	1.902	2
1525	1.98	2.0	1.941	1.882	2
1526	1.98	2.02	1.941	1.922	2
1527	2.02	2.039	1.961	2.0	2
1528	2.0	2.039	1.961	1.961	2
1529	1.902	2.02	1.941	1.961	2
1530	1.863	2.039	1.902	2.059	2
1531	1.902	2.078	1.941	1.961	2
1532	1.745	1.98	1.922	1.902	2
1533	1.706	1.98	1.922	1.961	2
1534	1.725	2.0	1.902	1.98	2
1535	1.725	2.02	1.922	1.922	2
1536	1.745	2.02	1.922	1.98	2
1537	1.843	2.059	1.941	1.961	2
1538	1.902	2.039	1.98	1.961	2
1539	1.882	2.0	1.922	1.902	2
1540	1.961	2.0	1.902	1.922	2
1541	1.961	2.0	1.902	1.882	2
1542	1.98	2.0	1.902	1.863	2
1543	2.0	2.039	1.902	1.941	2
1544	2.059	2.059	1.941	1.961	2
1545	2.02	1.98	1.941	1.922	2
1546	1.922	2.0	1.922	1.922	2
1547	1.863	2.059	1.922	2.039	2
1548	1.922	2.078	1.922	1.961	2
1549	1.745	1.98	1.922	1.882	2
1550	1.725	1.98	1.882	1.941	2
1551	1.745	2.02	1.882	2.0	2
1552	1.784	2.02	1.882	1.941	2
1553	1.745	2.02	1.902	1.941	2
1554	1.804	2.02	1.922	1.902	2
1555	1.804	2.02	1.961	1.843	2
1556	1.843	2.0	1.922	1.902	2
1557	1.902	1.98	1.902	1.902	2
1558	1.902	2.0	1.882	1.902	2
1559	1.961	2.0	1.863	1.882	2
1560	1.941	2.02	1.882	1.882	2
1561	1.98	2.02	1.922	1.961	2
1562	1.961	2.0	1.961	1.941	2
1563	1.863	1.98	1.941	1.902	2
1564	1.824	2.02	1.941	2.02	2
1565	1.863	2.078	1.98	1.922	2
1566	1.745	2.0	1.98	1.902	2
1567	1.745	2.0	1.941	1.98	2
1568	1.765	2.039	1.922	2.0	2
1569	1.784	2.059	1.922	1.882	2
1570	1.765	2.059	1.961	1.941	2
1571	1.843	2.02	1.961	1.941	2
1572	1.863	2.02	1.961	1.922	2
1573	1.941	2.059	1.961	1.902	2
1574	2.0	2.078	1.961	1.882	2
1575	2.02	2.039	1.98	1.863	2
1576	2.039	2.039	1.961	1.882	2
1577	2.059	2.078	1.961	1.882	2
1578	2.078	2.078	1.961	1.941	2
1579	2.039	2.059	1.98	1.941	2
1580	1.98	2.078	1.961	1.941	2
1581	1.882	2.078	2.02	1.98	2
1582	1.941	2.098	2.02	1.941	2
1583	1.784	2.039	2.0	1.882	2
1584	1.745	2.039	1.961	1.961	2
1585	1.765	2.078	1.902	2.02	2
1586	1.784	2.039	1.902	1.941	2
1587	1.725	2.0	1.922	1.941	2
1588	1.784	2.02	1.961	1.941	2
1589	1.902	2.078	1.98	1.941	2
1590	1.922	2.078	1.941	1.922	2
1591	1.941	2.039	1.941	1.902	2
1592	1.902	2.0	1.961	1.882	2
1593	1.941	2.0	1.961	1.902	2
1594	2.0	2.039	1.941	1.941	2
1595	2.02	2.02	1.941	1.961	2
1596	1.98	2.0	1.941	1.941	2
1597	1.863	2.0	1.922	1.941	2
1598	1.843	2.02	1.922	2.078	2
1599	1.922	2.098	1.961	2.059	2
1600	1.804	2.0	1.961	1.922	2
1601	1.686	1.961	1.961	1.941	2
1602	1.686	2.0	1.961	2.0	2
1603	1.725	2.039	1.941	2.0	2
1604	1.784	2.098	1.961	1.961	2
1605	1.784	2.02	1.961	1.961	2
1606	1.804	2.02	1.902	1.961	2
1607	1.882	2.039	1.922	1.98	2
1608	1.941	2.039	1.922	2.059	2
1609	2.0	2.039	1.961	1.961	2
1610	2.0	2.059	2.0	1.902	2
1611	1.961	2.078	2.0	1.961	2
1612	2.0	2.078	1.98	2.039	2
1613	1.98	2.039	1.941	2.039	2
1614	1.941	2.059	1.922	2.059	2
1615	1.902	2.098	1.922	2.137	2
1616	1.941	2.137	2.0	2.078	2
1617	1.824	2.059	2.0	2.0	2
1618	1.725	2.02	1.961	2.0	2
1619	1.725	2.039	1.941	2.059	2
1620	1.765	2.098	1.922	2.02	2
1621	1.765	2.118	1.961	2.039	2
1622	1.843	2.118	1.98	2.039	2
1623	1.902	2.078	2.0	1.98	2
1624	1.863	2.039	2.02	1.922	2
1625	1.902	2.078	1.98	2.0	2
1626	1.98	2.098	1.941	1.961	2
1627	2.0	2.059	1.941	1.902	2
1628	1.98	2.078	1.961	1.902	2
1629	1.98	2.098	2.0	2.02	2
1630	2.039	2.078	2.02	1.98	2
1631	1.922	2.078	2.0	1.98	2
1632	1.863	2.098	1.98	2.059	2
1633	1.922	2.137	1.98	2.02	2
1634	1.765	2.059	1.961	1.882	2
1635	1.667	2.0	1.922	1.922	2
1636	1.706	2.039	1.902	2.02	2
1637	1.804	2.118	1.941	1.961	2
1638	1.745	2.078	1.98	1.941	2
1639	1.745	2.039	2.039	1.961	2
1640	1.843	2.039	1.98	1.941	2
1641	1.902	2.078	1.961	1.882	2
1642	1.941	2.059	1.922	1.922	2
1643	1.941	2.059	1.902	1.922	2
1644	2.0	2.039	1.922	1.922	2
1645	2.0	2.078	1.98	1.922	2
1646	1.98	2.039	1.98	1.941	2
1647	1.98	2.0	2.02	1.922	2
1648	1.902	2.02	2.0	1.961	2
1649	1.843	2.039	1.961	2.059	2
1650	1.902	2.098	1.941	2.039	2
1651	1.804	2.039	1.961	1.922	2
1652	1.706	2.039	1.961	1.961	2
1653	1.745	2.039	1.961	2.0	2
1654	1.765	2.039	1.941	1.961	2
1655	1.745	2.039	1.961	1.941	2
1656	1.824	2.02	1.98	1.961	2
1657	1.882	2.039	1.961	1.941	2
1658	1.922	2.039	1.961	1.922	2
1659	1.941	2.039	1.922	1.961	2
1660	2.0	2.0	1.922	1.863	2
1661	2.0	2.0	1.941	1.863	2
1662	1.98	2.02	1.961	1.922	2
1663	2.059	2.039	1.961	2.02	2
1664	2.078	2.078	1.961	1.941	2
1665	2.0	2.059	1.961	1.902	2
1666	1.882	2.078	1.922	2.02	2
1667	1.941	2.078	2.0	2.0	2
1668	1.804	2.0	1.941	1.902	2
1669	1.725	1.961	1.902	1.902	2
1670	1.725	1.98	1.882	1.98	2
1671	1.765	2.059	1.882	1.961	2
1672	1.765	2.059	1.941	1.961	2
1673	1.824	2.039	1.98	1.98	2
1674	1.863	2.02	1.961	1.941	2
1675	1.922	2.078	1.922	1.902	2
1676	1.902	2.0	1.922	1.941	2
1677	1.902	1.98	1.882	1.922	2
1678	1.961	2.0	1.863	1.863	2
1679	1.98	2.039	1.882	1.882	2
1680	1.98	2.039	1.902	2.0	2
1681	1.98	1.98	1.922	1.98	2
1682	1.922	2.0	1.902	1.961	2
1683	1.863	2.02	1.922	2.0	2
1684	1.902	2.098	1.941	2.02	2
1685	1.765	2.0	1.961	1.941	2
1686	1.686	2.0	1.922	2.0	2
1687	1.765	2.059	1.882	2.098	2
1688	1.843	2.078	1.902	1.98	2
1689	1.765	2.059	1.922	1.863	2
1690	1.784	1.98	1.98	1.922	2
1691	1.882	2.02	1.98	1.961	2
1692	1.961	2.078	1.961	1.941	2
1693	1.98	2.039	1.961	1.961	2
1694	1.98	2.039	1.961	1.882	2
1695	2.02	2.039	1.961	1.882	2
1696	2.078	2.098	1.961	1.882	2
1697	2.078	2.078	2.02	1.941	2
1698	2.039	2.039	2.02	1.941	2
1699	1.98	2.078	2.02	1.941	2
1700	1.941	2.078	2.0	2.098	2
1701	2.039	2.157	2.0	2.039	2
1702	1.843	2.02	2.0	1.882	2
1703	1.686	2.0	1.961	1.922	2
1704	1.706	2.0	1.941	2.0	2
1705	1.765	2.02	1.922	2.0	2
1706	1.725	2.039	1.922	1.941	2
1707	1.784	2.059	1.961	1.961	2
1708	1.843	2.059	1.961	1.961	2
1709	1.922	2.039	1.961	1.902	2
1710	1.902	2.0	1.961	1.941	2
1711	1.961	2.02	1.961	1.941	2
1712	1.98	2.039	1.961	1.902	2
1713	1.961	2.02	1.941	1.902	2
1714	1.961	2.0	1.922	1.98	2
1715	1.941	1.961	1.922	2.0	2
1716	1.882	2.0	1.922	1.98	2
1717	1.843	2.059	1.941	2.059	2
1718	1.922	2.059	2.0	2.078	2
1719	1.784	2.0	2.0	1.922	2
1720	1.667	1.941	1.961	1.961	2
1721	1.706	2.0	1.922	2.039	2
1722	1.725	1.98	1.902	2.0	2
1723	1.686	2.02	1.882	2.0	2
1724	1.745	2.0	1.961	1.98	2
1725	1.804	1.98	1.961	1.961	2
1726	1.843	2.02	1.961	1.941	2
1727	1.882	2.0	1.961	1.961	2
1728	1.941	2.02	1.941	1.941	2
1729	1.98	2.02	1.941	1.922	2
1730	1.98	2.039	1.961	1.922	2
1731	1.98	2.039	1.961	2.02	2
1732	2.0	2.0	1.961	1.98	2
1733	1.882	1.98	1.922	1.98	2
1734	1.843	2.02	1.941	2.039	2
1735	1.922	2.059	1.961	2.098	2
1736	1.843	2.02	2.02	1.961	2
1737	1.745	2.0	1.98	1.98	2
1738	1.725	2.039	1.961	2.039	2
1739	1.804	2.059	1.941	2.0	2
1740	1.725	2.02	1.941	1.941	2
1741	1.745	2.0	1.98	1.961	2
1742	1.824	2.039	1.961	1.961	2
1743	1.882	2.078	1.961	1.98	2
1744	1.941	2.039	1.961	1.961	2
1745	1.941	2.0	1.98	1.882	2
1746	1.941	1.98	1.961	1.941	2
1747	2.02	2.02	1.961	1.922	2
1748	2.02	2.039	1.961	1.961	2
1749	1.98	2.039	1.98	1.941	2
1750	1.882	2.0	1.961	1.961	2
1751	1.843	2.02	2.0	2.098	2
1752	1.922	2.039	1.961	2.059	2
1753	1.824	2.039	2.0	1.922	2
1754	1.725	1.98	1.961	2.0	2
1755	1.745	2.0	1.902	2.078	2
1756	1.804	2.02	1.902	2.0	2
1757	1.765	2.02	1.941	1.941	2
1758	1.765	2.0	1.98	1.941	2
1759	1.804	2.0	1.98	1.98	2
1760	1.863	2.039	1.961	1.941	2
1761	1.961	2.098	1.961	2.0	2
1762	2.059	2.059	1.941	1.922	2
1763	2.0	2.0	1.961	1.902	2
1764	1.961	1.961	1.961	1.882	2
1765	2.0	2.039	1.941	2.02	2
1766	2.059	2.059	1.961	2.0	2
1767	1.961	2.02	1.961	1.98	2
1768	1.882	2.039	1.941	2.078	2
1769	1.941	2.059	1.98	2.078	2
1770	1.882	2.059	1.98	1.902	2
1771	1.725	2.039	1.98	1.922	2
1772	1.706	2.039	1.961	1.98	2
1773	1.745	2.039	1.941	2.02	2
1774	1.745	2.059	1.922	1.98	2
1775	1.824	2.039	1.922	1.961	2
1776	1.824	2.02	1.941	1.961	2
1777	1.843	2.039	1.922	1.922	2
1778	1.922	2.059	1.961	1.941	2
1779	2.02	2.078	1.961	1.922	2
1780	2.039	2.059	1.98	1.922	2
1781	2.059	2.059	1.961	1.843	2
1782	1.961	2.039	1.941	1.941	2
1783	1.98	2.039	1.941	1.98	2
1784	1.941	2.059	1.941	1.961	2
1785	1.902	2.078	1.922	2.059	2
1786	1.961	2.098	1.961	2.078	2
1787	1.882	2.078	1.961	1.882	2
1788	1.765	2.039	1.961	1.922	2
1789	1.765	2.098	1.961	1.98	2
1790	1.804	2.078	1.961	1.961	2
1791	1.725	2.078	1.941	1.941	2
1792	1.765	2.059	1.922	1.98	2
1793	1.843	2.059	1.902	1.941	2
1794	1.902	2.078	1.922	1.902	2
1795	1.941	2.137	1.961	1.961	2
1796	1.961	2.078	1.98	1.882	2
1797	1.961	2.059	1.961	1.882	2
1798	1.961	2.039	1.961	1.863	2
1799	1.98	2.039	1.922	1.961	2
1800	2.0	2.098	1.902	1.98	2
1801	1.902	2.078	1.902	1.941	2
1802	1.824	2.059	1.863	2.059	2
1803	1.902	2.118	1.863	2.078	2
1804	1.882	2.078	1.922	1.863	2
1805	1.667	1.98	1.961	1.882	2
1806	1.667	2.039	2.02	2.02	2
1807	1.804	2.137	2.059	2.059	2
1808	1.784	2.059	1.961	1.941	2
1809	1.725	2.039	1.882	1.941	2
1810	1.784	2.02	1.824	1.961	2
1811	1.902	2.059	1.804	1.922	2
1812	1.922	2.059	1.882	1.961	2
1813	1.98	2.059	1.98	1.922	2
1814	1.98	2.039	2.039	1.902	2
1815	2.0	2.059	2.078	1.882	2
1816	1.961	2.059	2.02	1.98	2
1817	1.961	2.0	1.902	1.941	2
1818	1.902	1.98	1.863	1.941	2
1819	1.804	2.02	1.882	2.098	2
1820	1.941	2.137	1.98	2.176	2
1821	1.941	2.137	2.078	1.98	2
1822	1.784	2.02	2.059	1.941	2
1823	1.745	2.059	1.98	2.0	2
1824	1.745	2.0	1.902	1.961	2
1825	1.667	1.98	1.843	1.961	2
1826	1.725	2.0	1.863	2.0	2
1827	1.863	2.059	1.902	1.98	2
1828	1.922	2.039	1.98	1.922	2
1829	1.902	2.039	2.0	1.941	2
1830	1.941	2.0	2.02	1.902	2
1831	2.0	2.039	1.98	1.941	2
1832	2.059	2.098	1.961	1.941	2
1833	2.039	2.078	1.941	2.0	2
1834	2.059	2.059	1.941	2.0	2
1835	1.961	2.02	1.941	1.941	2
1836	1.902	2.0	1.98	2.0	2
1837	1.941	2.078	1.98	2.02	2
1838	1.882	2.098	2.02	1.882	2
1839	1.706	2.02	1.961	1.922	2
1840	1.706	2.059	1.941	1.98	2
1841	1.745	2.039	1.922	1.961	2
1842	1.725	2.039	1.961	1.98	2
1843	1.804	2.078	1.98	1.961	2
1844	1.863	2.098	2.0	1.922	2
1845	1.902	2.118	2.02	1.882	2
1846	1.843	2.039	2.02	1.941	2
1847	1.863	1.98	1.961	1.941	2
1848	1.961	2.039	1.902	1.922	2
1849	1.941	2.02	1.922	1.843	2
1850	2.02	2.078	1.961	1.961	2
1851	2.098	2.078	2.02	1.98	2
1852	2.02	2.078	2.039	1.98	2
1853	1.902	2.02	2.0	2.039	2
1854	1.961	2.098	1.98	2.098	2
1855	1.882	2.098	1.98	1.902	2
1856	1.667	1.961	1.961	1.941	2
1857	1.608	1.961	1.882	2.039	2
1858	1.745	2.0	1.882	2.059	2
1859	1.863	2.039	1.902	2.0	2
1860	1.922	2.078	1.961	1.98	2
1861	1.98	2.059	2.02	1.922	2
1862	1.961	2.02	2.0	1.922	2
1863	1.922	2.0	1.941	1.961	2
1864	1.961	2.02	1.922	1.882	2
1865	1.98	2.039	1.902	1.882	2
1866	1.98	2.02	1.922	1.922	2
1867	2.02	2.02	1.941	2.02	2
1868	2.078	2.039	1.941	2.0	2
1869	1.961	2.039	1.941	1.961	2
1870	1.863	2.02	1.961	2.02	2
1871	1.922	2.078	1.941	2.098	2
1872	1.902	2.078	1.98	1.922	2
1873	1.706	1.98	1.961	1.941	2
1874	1.667	2.0	1.902	2.039	2
1875	1.765	2.039	1.882	1.961	2
1876	1.784	2.059	1.902	1.843	2
1877	1.765	2.039	1.961	1.961	2
1878	1.824	2.039	1.98	1.98	2
1879	1.824	2.039	1.98	1.882	2
1880	1.863	2.02	1.922	1.941	2
1881	1.98	2.039	1.922	1.882	2
1882	2.02	2.078	1.922	1.882	2
1883	2.0	2.059	1.941	1.843	2
1884	1.98	2.039	1.961	1.902	2
1885	2.039	2.059	2.0	1.941	2
1886	2.0	2.059	1.961	1.902	2
1887	1.922	2.039	1.98	1.98	2
1888	1.902	2.059	1.961	2.098	2
1889	1.804	2.02	1.922	1.902	2
1890	1.627	1.961	1.863	1.902	2
1891	1.608	2.0	1.843	1.98	2
1892	1.647	2.02	1.863	1.98	2
1893	1.647	1.98	1.902	1.922	2
1894	1.608	1.941	1.882	2.02	2
1895	1.667	1.98	1.843	1.941	2
1896	1.804	2.059	1.863	1.863	2
1897	1.765	2.02	1.843	1.98	2
1898	1.804	1.941	1.843	2.02	2
1899	1.784	1.902	1.784	2.078	2
1900	1.824	1.941	1.745	2.0	2
1901	1.882	1.922	1.745	2.039	2
1902	2.02	1.941	1.784	2.02	2
1903	2.02	2.02	1.843	1.745	2
1904	1.941	2.157	1.961	1.706	2
1905	1.941	2.196	2.118	2.118	2
1906	1.843	2.02	2.059	2.137	2
1907	1.686	1.882	1.843	2.02	2
1908	1.745	1.98	1.667	2.0	2
1909	1.902	2.039	1.686	2.0	2
1910	1.922	2.078	1.804	1.98	2
1911	1.941	2.098	1.941	1.961	2
1912	2.0	2.098	2.0	1.843	2
1913	2.137	2.216	2.078	1.686	2
1914	2.216	2.235	2.157	1.824	2
1915	2.137	2.137	2.098	1.882	2
1916	2.02	2.059	1.941	2.0	2
1917	2.039	2.039	1.784	1.961	2
1918	2.078	2.059	1.784	1.98	2
1919	2.118	2.098	1.902	2.078	2
1920	2.098	2.157	1.98	2.059	2
1921	1.98	2.059	2.0	2.0	2
1922	2.039	2.118	2.02	1.941	2
1923	2.216	2.314	2.098	1.706	2
1924	1.961	2.157	2.118	1.961	2
1925	1.706	1.98	2.039	2.098	2
1926	1.725	2.02	1.961	2.098	2
1927	1.824	2.137	1.922	2.098	2
1928	1.863	2.157	1.941	2.137	2
1929	1.941	2.118	2.0	2.0	2
1930	1.922	2.059	2.02	1.882	2
1931	2.059	2.157	2.039	2.059	2
1932	2.098	2.0	1.98	1.922	2
1933	2.0	1.961	1.922	1.804	2
1934	2.039	2.118	1.961	1.863	2
1935	2.02	2.098	2.078	2.039	2
1936	1.961	2.059	2.098	2.137	2
1937	1.922	2.039	2.02	2.078	2
1938	1.922	2.059	1.961	2.157	2
1939	1.98	2.059	1.922	2.275	2
1940	1.902	2.0	1.863	2.118	2
1941	1.667	1.882	1.804	2.0	2
1942	1.51	1.843	1.804	1.941	2
1943	1.431	1.882	1.824	1.98	2
1944	1.451	1.902	1.882	2.157	2
1945	1.549	1.941	1.902	2.255	2
1946	1.549	1.843	1.882	2.176	2
1947	1.569	1.784	1.824	2.196	2
1948	1.608	1.824	1.804	2.157	2
1949	1.804	1.863	1.804	1.98	2
1950	1.765	1.843	1.843	1.745	2
1951	1.588	1.863	1.882	1.588	2
1952	1.647	2.0	1.98	1.784	2
1953	1.784	2.0	2.059	2.216	2
1954	1.804	1.98	2.0	2.471	2
1955	1.804	1.902	1.902	2.255	2
1956	1.941	1.98	1.882	1.961	2
1957	2.059	2.039	1.882	1.765	2
1958	2.0	1.961	1.961	1.784	2
1959	1.961	1.98	1.961	1.882	2
1960	1.941	2.078	2.0	1.804	2
1961	1.843	2.137	2.039	1.725	2
1962	1.824	2.137	2.059	1.882	2
1963	1.98	2.118	2.039	2.02	2
1964	2.157	2.137	1.922	2.02	2
1965	2.157	2.059	1.882	1.961	2
1966	2.216	2.059	1.843	1.902	2
1967	2.235	2.02	1.824	1.882	2
1968	2.118	1.902	1.745	1.824	2
1969	2.0	1.922	1.667	1.961	2
1970	2.059	1.961	1.627	2.098	2
1971	1.922	2.039	1.745	2.02	2
1972	1.843	2.098	1.961	1.922	2
1973	1.706	1.98	2.0	2.02	2
1974	1.627	1.922	1.922	1.863	2
1975	1.471	1.882	1.784	1.882	2
1976	1.471	1.902	1.686	1.824	2
1977	1.569	2.039	1.725	1.784	2
1978	1.824	2.196	1.902	1.941	2
1979	1.843	2.137	2.0	2.078	2
1980	1.784	2.059	1.961	2.0	2
1981	1.725	2.02	1.922	1.804	2
1982	1.706	2.039	1.843	1.725	2
1983	1.843	2.098	1.882	1.745	2
1984	1.98	2.118	2.0	1.765	2
1985	2.078	2.176	2.157	1.725	2
1986	2.118	2.216	2.196	1.784	2
1987	2.078	2.176	2.078	1.824	2
1988	1.961	2.137	1.941	1.98	2
1989	2.078	2.235	1.882	2.078	2
1990	2.137	2.235	1.922	2.059	2
1991	1.98	2.137	1.98	1.843	2
1992	1.725	2.078	2.0	1.863	2
1993	1.725	2.059	1.98	1.98	2
1994	1.784	2.098	1.922	2.039	2
1995	1.843	2.078	1.902	2.039	2
1996	1.882	2.078	1.882	2.098	2
1997	1.98	2.098	1.902	2.137	2
1998	2.078	2.118	1.961	2.098	2
1999	1.98	2.059	1.98	2.039	2
