time	channel1	channel2	channel3	channel4	class
0	2.0	1.98	1.804	1.784	5
1	1.98	2.0	1.745	1.843	5
2	1.922	2.02	1.804	1.902	5
3	1.882	1.98	1.843	1.961	5
4	1.882	1.961	1.882	2.02	5
5	1.882	1.922	2.0	2.0	5
6	1.843	1.922	2.078	2.098	5
7	1.863	1.843	2.216	2.118	5
8	1.922	1.804	2.255	2.118	5
9	1.902	1.765	2.294	2.078	5
10	1.98	1.784	2.294	2.02	5
11	1.98	1.804	2.255	1.941	5
12	2.0	1.804	2.216	1.941	5
13	2.02	1.824	2.157	1.902	5
14	2.059	1.882	2.078	1.843	5
15	2.059	1.922	1.98	1.804	5
16	2.059	1.922	1.824	1.784	5
17	1.98	1.941	1.804	1.765	5
18	1.961	2.0	1.745	1.824	5
19	1.882	2.0	1.765	1.902	5
20	1.922	1.98	1.843	1.98	5
21	1.922	1.941	1.902	2.02	5
22	1.902	1.902	1.961	2.02	5
23	1.941	1.863	2.059	2.059	5
24	1.863	1.824	2.157	2.098	5
25	1.863	1.804	2.235	2.078	5
26	1.902	1.784	2.314	2.078	5
27	1.941	1.765	2.314	2.039	5
28	1.98	1.784	2.235	1.98	5
29	2.0	1.784	2.216	1.922	5
30	2.0	1.824	2.157	1.863	5
31	2.059	1.804	2.098	1.843	5
32	2.0	1.902	1.961	1.804	5
33	2.02	1.941	1.804	1.765	5
34	1.922	1.941	1.784	1.784	5
35	1.961	1.961	1.745	1.804	5
36	1.941	1.98	1.765	1.902	5
37	1.902	1.961	1.824	1.941	5
38	1.902	1.941	1.882	2.0	5
39	1.843	1.941	1.98	2.078	5
40	1.882	1.882	2.059	2.098	5
41	1.882	1.863	2.196	2.137	5
42	1.922	1.784	2.275	2.137	5
43	1.922	1.804	2.294	2.098	5
44	1.961	1.784	2.333	2.039	5
45	1.98	1.784	2.255	2.0	5
46	2.02	1.804	2.235	1.941	5
47	2.039	1.804	2.176	1.902	5
48	2.078	1.843	2.098	1.863	5
49	2.02	1.922	2.0	1.824	5
50	2.039	1.941	1.824	1.804	5
51	1.961	1.961	1.804	1.784	5
52	1.98	2.0	1.784	1.843	5
53	1.941	2.0	1.784	1.902	5
54	1.941	1.941	1.824	1.961	5
55	1.902	1.922	1.863	2.0	5
56	1.882	1.922	1.961	2.039	5
57	1.902	1.922	2.098	2.098	5
58	1.863	1.882	2.196	2.157	5
59	1.882	1.843	2.275	2.157	5
60	1.902	1.824	2.314	2.118	5
61	1.941	1.784	2.314	2.039	5
62	1.98	1.824	2.255	1.98	5
63	1.98	1.843	2.235	1.941	5
64	1.98	1.843	2.176	1.922	5
65	2.02	1.843	2.078	1.863	5
66	2.02	1.922	1.98	1.824	5
67	2.039	1.941	1.843	1.804	5
68	1.961	1.941	1.804	1.784	5
69	1.98	1.98	1.745	1.804	5
70	1.941	2.0	1.784	1.863	5
71	1.882	2.0	1.863	1.961	5
72	1.882	1.941	1.882	2.0	5
73	1.902	1.902	1.941	2.059	5
74	1.941	1.863	2.078	2.098	5
75	1.902	1.843	2.176	2.118	5
76	1.922	1.804	2.255	2.098	5
77	1.922	1.784	2.314	2.078	5
78	1.941	1.765	2.314	2.039	5
79	1.98	1.765	2.255	1.961	5
80	2.0	1.784	2.235	1.922	5
81	2.0	1.804	2.196	1.902	5
82	2.02	1.863	2.059	1.882	5
83	2.02	1.863	1.98	1.804	5
84	2.059	1.902	1.824	1.784	5
85	1.98	1.922	1.784	1.765	5
86	1.98	1.961	1.765	1.784	5
87	1.941	1.98	1.765	1.882	5
88	1.922	1.961	1.843	1.98	5
89	1.902	1.922	1.863	2.02	5
90	1.902	1.902	1.941	2.0	5
91	1.961	1.902	2.02	2.078	5
92	1.902	1.843	2.176	2.118	5
93	1.922	1.804	2.255	2.118	5
94	1.961	1.804	2.294	2.078	5
95	1.98	1.784	2.333	2.039	5
96	2.02	1.804	2.235	1.98	5
97	2.0	1.804	2.235	1.941	5
98	2.02	1.824	2.176	1.902	5
99	2.039	1.843	2.137	1.863	5
100	2.078	1.922	2.02	1.824	5
101	2.059	1.922	1.843	1.804	5
102	2.0	1.941	1.804	1.784	5
103	2.0	2.0	1.745	1.784	5
104	1.922	2.0	1.784	1.863	5
105	1.902	1.961	1.804	1.941	5
106	1.902	1.941	1.882	2.0	5
107	1.902	1.902	1.922	2.02	5
108	1.902	1.882	2.059	2.059	5
109	1.902	1.843	2.157	2.098	5
110	1.882	1.784	2.235	2.118	5
111	1.882	1.804	2.294	2.098	5
112	1.922	1.784	2.333	2.059	5
113	1.98	1.784	2.235	1.98	5
114	2.0	1.784	2.216	1.941	5
115	2.0	1.824	2.176	1.902	5
116	2.039	1.863	2.078	1.824	5
117	2.02	1.922	2.0	1.824	5
118	2.02	1.941	1.863	1.804	5
119	1.941	1.922	1.784	1.784	5
120	1.98	1.961	1.745	1.784	5
121	1.941	1.98	1.765	1.863	5
122	1.902	1.98	1.824	1.941	5
123	1.902	1.941	1.863	2.0	5
124	1.882	1.902	1.922	2.059	5
125	1.824	1.902	2.039	2.059	5
126	1.902	1.863	2.157	2.118	5
127	1.902	1.784	2.255	2.118	5
128	1.941	1.784	2.294	2.098	5
129	1.961	1.765	2.333	2.039	5
130	1.98	1.804	2.275	1.98	5
131	1.98	1.843	2.216	1.961	5
132	2.0	1.824	2.196	1.922	5
133	1.98	1.843	2.137	1.882	5
134	2.039	1.922	2.02	1.863	5
135	2.039	1.961	1.882	1.824	5
136	1.961	1.961	1.824	1.804	5
137	1.98	2.02	1.784	1.804	5
138	1.902	2.0	1.784	1.882	5
139	1.902	2.02	1.863	1.98	5
140	1.902	1.98	1.882	2.02	5
141	1.882	1.941	1.961	2.059	5
142	1.902	1.902	2.059	2.098	5
143	1.902	1.863	2.196	2.137	5
144	1.902	1.804	2.294	2.137	5
145	1.961	1.804	2.294	2.098	5
146	2.0	1.784	2.353	2.039	5
147	2.0	1.824	2.294	2.0	5
148	1.98	1.804	2.235	1.961	5
149	2.02	1.843	2.196	1.941	5
150	2.078	1.824	2.137	1.843	5
151	2.059	1.902	2.0	1.863	5
152	2.039	1.941	1.863	1.784	5
153	1.961	1.961	1.804	1.765	5
154	1.961	1.98	1.745	1.804	5
155	1.961	2.02	1.765	1.882	5
156	1.902	1.98	1.804	1.961	5
157	1.902	2.0	1.863	2.02	5
158	1.882	1.941	1.902	2.059	5
159	1.804	1.941	2.039	2.039	5
160	1.882	1.863	2.137	2.118	5
161	1.863	1.804	2.255	2.118	5
162	1.922	1.804	2.275	2.098	5
163	1.941	1.784	2.314	2.059	5
164	1.961	1.784	2.275	1.98	5
165	1.98	1.804	2.216	1.961	5
166	2.0	1.824	2.176	1.902	5
167	2.059	1.843	2.118	1.843	5
168	2.039	1.922	2.02	1.843	5
169	2.059	1.922	1.863	1.784	5
170	2.0	1.941	1.804	1.784	5
171	1.98	1.961	1.745	1.784	5
172	1.961	1.98	1.745	1.843	5
173	1.941	1.98	1.784	1.922	5
174	1.961	1.941	1.843	1.98	5
175	1.922	1.902	1.902	2.0	5
176	1.961	1.882	2.02	2.039	5
177	1.922	1.863	2.118	2.078	5
178	1.863	1.784	2.255	2.118	5
179	1.902	1.804	2.275	2.118	5
180	1.961	1.745	2.314	2.059	5
181	2.059	1.745	2.255	1.98	5
182	2.059	1.784	2.235	1.922	5
183	2.039	1.804	2.196	1.902	5
184	2.02	1.843	2.098	1.902	5
185	1.98	1.882	2.0	1.824	5
186	2.039	1.922	1.863	1.804	5
187	2.0	1.922	1.804	1.784	5
188	1.98	1.941	1.745	1.784	5
189	1.922	1.98	1.745	1.863	5
190	1.902	1.961	1.843	1.922	5
191	1.863	1.961	1.882	2.0	5
192	1.863	1.902	1.941	2.059	5
193	1.824	1.902	2.02	2.098	5
194	1.843	1.843	2.137	2.098	5
195	1.882	1.784	2.255	2.118	5
196	1.922	1.804	2.294	2.098	5
197	1.922	1.765	2.333	2.059	5
198	1.98	1.765	2.294	1.98	5
199	2.0	1.765	2.235	1.902	5
200	2.0	1.824	2.216	1.902	5
201	2.0	1.882	2.137	1.902	5
202	2.0	1.941	2.02	1.843	5
203	2.02	1.941	1.902	1.804	5
204	1.98	1.941	1.843	1.804	5
205	1.961	1.98	1.784	1.784	5
206	1.961	2.0	1.784	1.863	5
207	1.922	1.98	1.804	1.941	5
208	1.902	1.961	1.843	1.98	5
209	1.902	1.941	1.902	2.039	5
210	1.824	1.961	2.02	2.059	5
211	1.843	1.882	2.137	2.118	5
212	1.843	1.843	2.255	2.118	5
213	1.941	1.824	2.275	2.118	5
214	1.941	1.804	2.333	2.078	5
215	2.0	1.804	2.294	2.02	5
216	2.0	1.804	2.216	1.98	5
217	2.0	1.804	2.216	1.922	5
218	2.059	1.824	2.157	1.843	5
219	2.039	1.902	2.02	1.824	5
220	2.02	1.941	1.922	1.784	5
221	1.961	1.961	1.824	1.824	5
222	1.961	1.98	1.784	1.824	5
223	1.941	2.02	1.745	1.882	5
224	1.902	1.98	1.824	1.961	5
225	1.902	1.98	1.882	2.0	5
226	1.882	1.941	1.922	2.0	5
227	1.902	1.922	2.039	2.078	5
228	1.882	1.902	2.157	2.118	5
229	1.882	1.843	2.275	2.137	5
230	1.922	1.804	2.275	2.137	5
231	1.922	1.784	2.353	2.078	5
232	1.98	1.765	2.294	1.98	5
233	1.98	1.804	2.235	1.941	5
234	2.0	1.804	2.216	1.922	5
235	2.0	1.824	2.137	1.863	5
236	2.098	1.922	2.02	1.843	5
237	2.039	1.961	1.902	1.784	5
238	2.02	1.941	1.824	1.765	5
239	2.0	1.941	1.745	1.784	5
240	1.98	1.961	1.745	1.824	5
241	1.941	1.961	1.784	1.902	5
242	1.882	1.98	1.843	1.98	5
243	1.882	1.922	1.902	2.02	5
244	1.882	1.922	2.0	2.078	5
245	1.922	1.843	2.118	2.098	5
246	1.882	1.824	2.255	2.098	5
247	1.941	1.784	2.275	2.098	5
248	1.941	1.765	2.314	2.078	5
249	1.961	1.765	2.275	2.0	5
250	1.98	1.784	2.216	1.961	5
251	1.98	1.824	2.196	1.922	5
252	2.0	1.843	2.157	1.863	5
253	2.0	1.922	2.039	1.882	5
254	2.059	1.922	1.902	1.804	5
255	1.98	1.961	1.804	1.784	5
256	1.961	2.0	1.765	1.784	5
257	1.922	2.0	1.765	1.863	5
258	1.902	1.98	1.804	1.941	5
259	1.882	1.961	1.843	2.0	5
260	1.882	1.941	1.902	2.059	5
261	1.863	1.922	2.02	2.078	5
262	1.843	1.882	2.137	2.118	5
263	1.882	1.804	2.275	2.137	5
264	1.941	1.804	2.275	2.098	5
265	1.922	1.784	2.314	2.078	5
266	1.98	1.765	2.294	2.0	5
267	2.0	1.784	2.216	1.941	5
268	2.0	1.804	2.176	1.902	5
269	2.02	1.804	2.137	1.863	5
270	2.078	1.882	2.02	1.863	5
271	2.059	1.902	1.902	1.784	5
272	2.02	1.902	1.804	1.765	5
273	2.02	1.941	1.765	1.765	5
274	1.961	2.0	1.765	1.824	5
275	1.941	1.961	1.824	1.922	5
276	1.941	1.941	1.843	2.0	5
277	1.922	1.882	1.882	2.0	5
278	1.882	1.902	1.98	2.039	5
279	1.882	1.843	2.118	2.059	5
280	1.882	1.824	2.255	2.098	5
281	1.961	1.824	2.294	2.118	5
282	1.941	1.765	2.314	2.059	5
283	2.0	1.765	2.275	1.98	5
284	2.0	1.765	2.235	1.941	5
285	2.02	1.804	2.216	1.922	5
286	2.02	1.843	2.176	1.863	5
287	2.098	1.902	2.039	1.824	5
288	2.059	1.961	1.941	1.804	5
289	1.98	1.961	1.843	1.804	5
290	2.0	1.98	1.784	1.824	5
291	1.961	1.98	1.745	1.843	5
292	1.902	1.98	1.784	1.922	5
293	1.902	1.98	1.843	1.98	5
294	1.882	1.941	1.902	2.039	5
295	1.843	1.922	1.98	2.059	5
296	1.843	1.902	2.137	2.098	5
297	1.843	1.863	2.255	2.137	5
298	1.902	1.824	2.314	2.137	5
299	1.902	1.784	2.333	2.118	5
300	1.98	1.804	2.314	2.02	5
301	2.0	1.843	2.255	1.98	5
302	2.0	1.863	2.235	1.922	5
303	2.039	1.843	2.157	1.863	5
304	2.098	1.882	2.02	1.863	5
305	2.039	1.941	1.941	1.784	5
306	2.0	1.961	1.824	1.804	5
307	1.98	2.0	1.784	1.784	5
308	1.961	2.0	1.765	1.863	5
309	1.882	2.02	1.804	1.941	5
310	1.882	1.98	1.843	1.98	5
311	1.922	1.961	1.882	2.039	5
312	1.882	1.941	1.961	2.059	5
313	1.902	1.882	2.098	2.078	5
314	1.882	1.843	2.255	2.118	5
315	1.922	1.804	2.255	2.098	5
316	1.922	1.784	2.314	2.059	5
317	1.98	1.765	2.314	2.0	5
318	1.98	1.784	2.255	1.961	5
319	1.961	1.804	2.216	1.922	5
320	1.961	1.843	2.157	1.882	5
321	2.078	1.863	2.039	1.863	5
322	2.059	1.902	1.922	1.784	5
323	2.02	1.902	1.824	1.784	5
324	2.02	1.922	1.765	1.765	5
325	1.961	1.961	1.745	1.804	5
326	1.902	1.941	1.804	1.902	5
327	1.941	1.902	1.824	2.0	5
328	1.922	1.882	1.902	2.0	5
329	1.902	1.824	1.961	2.039	5
330	1.882	1.784	2.078	2.059	5
331	1.882	1.765	2.216	2.098	5
332	1.922	1.745	2.235	2.078	5
333	1.922	1.765	2.333	2.059	5
334	1.922	1.784	2.333	2.039	5
335	2.0	1.765	2.275	2.0	5
336	2.059	1.765	2.176	1.961	5
337	2.059	1.784	2.157	1.843	5
338	2.02	1.922	2.039	1.863	5
339	2.0	2.0	1.98	1.784	5
340	1.922	1.961	1.863	1.843	5
341	1.902	1.98	1.824	1.863	5
342	1.961	2.0	1.765	1.902	5
343	1.922	2.02	1.804	1.941	5
344	1.882	2.0	1.882	2.0	5
345	1.863	1.961	1.902	2.039	5
346	1.843	1.922	2.02	2.078	5
347	1.882	1.882	2.078	2.098	5
348	1.843	1.863	2.216	2.157	5
349	1.902	1.804	2.294	2.118	5
350	1.882	1.824	2.333	2.118	5
351	1.961	1.784	2.314	2.02	5
352	2.02	1.804	2.255	1.98	5
353	1.98	1.843	2.235	1.941	5
354	2.0	1.882	2.176	1.902	5
355	2.0	1.902	2.059	1.843	5
356	2.039	1.961	1.961	1.804	5
357	2.02	1.98	1.824	1.784	5
358	1.98	1.98	1.824	1.784	5
359	1.98	2.02	1.765	1.843	5
360	1.902	2.02	1.784	1.922	5
361	1.922	2.0	1.863	1.98	5
362	1.902	1.961	1.902	2.02	5
363	1.863	1.882	2.0	2.02	5
364	1.902	1.882	2.118	2.098	5
365	1.882	1.843	2.235	2.118	5
366	1.941	1.804	2.275	2.098	5
367	1.922	1.765	2.314	2.078	5
368	1.961	1.725	2.294	2.02	5
369	2.02	1.784	2.275	1.941	5
370	2.02	1.784	2.216	1.922	5
371	2.02	1.804	2.137	1.882	5
372	1.98	1.863	2.078	1.863	5
373	2.078	1.902	1.961	1.824	5
374	2.039	1.902	1.804	1.765	5
375	1.98	1.922	1.765	1.784	5
376	1.98	1.961	1.745	1.804	5
377	1.922	1.961	1.804	1.882	5
378	1.882	1.922	1.824	1.98	5
379	1.882	1.922	1.882	2.0	5
380	1.902	1.882	1.98	2.059	5
381	1.882	1.843	2.078	2.078	5
382	1.863	1.824	2.196	2.118	5
383	1.941	1.784	2.235	2.078	5
384	1.922	1.784	2.294	2.098	5
385	1.961	1.765	2.294	2.0	5
386	2.02	1.765	2.235	1.98	5
387	2.02	1.784	2.196	1.922	5
388	2.059	1.824	2.157	1.882	5
389	2.059	1.882	2.078	1.843	5
390	2.0	1.98	1.98	1.804	5
391	2.0	1.941	1.824	1.804	5
392	1.98	1.922	1.765	1.804	5
393	2.039	1.961	1.765	1.843	5
394	1.961	1.98	1.784	1.902	5
395	1.961	1.98	1.843	1.961	5
396	1.961	1.922	1.843	2.0	5
397	1.922	1.922	1.941	1.98	5
398	1.902	1.843	2.059	2.059	5
399	1.863	1.804	2.196	2.098	5
400	1.902	1.725	2.275	2.098	5
401	1.902	1.686	2.275	2.078	5
402	1.98	1.706	2.255	2.0	5
403	2.059	1.765	2.216	1.941	5
404	2.02	1.765	2.196	1.882	5
405	1.98	1.784	2.137	1.863	5
406	2.039	1.902	2.02	1.863	5
407	2.02	1.98	1.941	1.784	5
408	1.961	1.98	1.784	1.784	5
409	1.863	1.98	1.824	1.804	5
410	1.922	2.02	1.745	1.882	5
411	1.922	2.039	1.784	1.922	5
412	1.843	2.059	1.843	2.0	5
413	1.784	2.059	1.902	2.039	5
414	1.843	2.02	1.98	2.118	5
415	1.824	1.961	2.059	2.098	5
416	1.824	1.902	2.235	2.157	5
417	1.882	1.882	2.314	2.137	5
418	1.882	1.843	2.373	2.137	5
419	1.902	1.804	2.353	2.059	5
420	1.98	1.824	2.275	1.98	5
421	2.02	1.824	2.235	1.941	5
422	1.98	1.843	2.157	1.882	5
423	2.02	1.843	2.098	1.843	5
424	1.961	1.941	2.02	1.824	5
425	1.98	1.98	1.863	1.804	5
426	1.941	1.922	1.784	1.784	5
427	1.961	1.941	1.745	1.824	5
428	1.941	1.941	1.784	1.922	5
429	1.922	1.961	1.804	1.98	5
430	1.902	1.941	1.863	2.02	5
431	1.863	1.941	1.961	2.078	5
432	1.804	1.902	2.078	2.098	5
433	1.843	1.843	2.196	2.137	5
434	1.882	1.824	2.275	2.137	5
435	1.961	1.804	2.294	2.118	5
436	2.0	1.784	2.314	2.059	5
437	2.039	1.745	2.275	1.98	5
438	2.039	1.745	2.196	1.941	5
439	2.039	1.784	2.157	1.882	5
440	2.078	1.824	2.059	1.824	5
441	2.059	1.882	1.98	1.804	5
442	2.098	1.882	1.804	1.804	5
443	1.98	1.902	1.784	1.765	5
444	1.941	2.0	1.784	1.843	5
445	1.941	2.0	1.804	1.922	5
446	1.98	1.882	1.784	1.98	5
447	1.922	1.804	1.804	1.98	5
448	1.882	1.804	1.882	2.0	5
449	1.902	1.941	2.137	2.039	5
450	1.922	1.922	2.196	2.118	5
451	1.902	1.843	2.275	2.157	5
452	1.922	1.843	2.353	2.137	5
453	1.941	1.784	2.294	2.078	5
454	1.98	1.824	2.294	1.961	5
455	2.039	1.863	2.255	1.922	5
456	2.078	1.902	2.196	1.882	5
457	2.078	1.922	2.098	1.863	5
458	2.078	1.98	2.039	1.804	5
459	2.059	2.0	1.824	1.804	5
460	1.941	1.98	1.784	1.824	5
461	2.0	2.039	1.725	1.824	5
462	2.02	2.02	1.784	1.882	5
463	2.02	1.98	1.824	1.922	5
464	1.98	1.941	1.882	1.961	5
465	1.922	1.922	1.922	2.059	5
466	1.863	1.843	2.02	2.078	5
467	1.902	1.765	2.137	2.098	5
468	1.922	1.765	2.294	2.098	5
469	1.961	1.765	2.333	2.098	5
470	1.98	1.784	2.314	2.039	5
471	1.941	1.784	2.235	1.961	5
472	1.824	1.745	2.196	1.922	5
473	1.941	1.745	2.137	1.902	5
474	2.118	1.804	2.059	1.824	5
475	2.059	1.882	2.0	1.804	5
476	2.02	1.902	1.824	1.784	5
477	1.922	1.961	1.824	1.804	5
478	1.922	2.0	1.804	1.843	5
479	1.863	1.961	1.784	1.941	5
480	1.843	1.941	1.843	1.961	5
481	1.882	1.961	1.882	2.0	5
482	1.804	1.961	1.961	2.039	5
483	1.882	1.922	2.098	2.059	5
484	1.882	1.882	2.196	2.137	5
485	1.824	1.824	2.294	2.137	5
486	1.824	1.784	2.294	2.137	5
487	1.98	1.784	2.333	2.118	5
488	2.098	1.882	2.353	2.039	5
489	2.02	1.882	2.294	1.98	5
490	2.02	1.824	2.196	1.902	5
491	2.059	1.843	2.078	1.824	5
492	2.098	1.922	2.02	1.784	5
493	2.059	1.902	1.863	1.745	5
494	2.0	1.863	1.745	1.745	5
495	2.0	1.922	1.667	1.784	5
496	1.922	1.961	1.804	1.922	5
497	1.961	1.922	1.824	2.039	5
498	1.961	1.882	1.902	2.098	5
499	1.922	1.902	1.961	2.137	5
500	1.765	1.922	2.059	2.078	5
501	1.824	1.843	2.176	2.098	5
502	1.922	1.706	2.235	2.078	5
503	1.882	1.667	2.255	2.039	5
504	1.863	1.706	2.294	2.0	5
505	1.902	1.824	2.255	2.0	5
506	1.843	1.843	2.196	2.02	5
507	1.863	1.843	2.157	2.0	5
508	1.941	1.961	2.157	1.961	5
509	2.0	2.039	2.059	1.902	5
510	2.02	1.98	1.863	1.843	5
511	1.902	1.98	1.843	1.824	5
512	1.882	1.98	1.784	1.843	5
513	1.882	2.059	1.784	1.922	5
514	1.843	2.059	1.824	2.02	5
515	1.902	1.941	1.882	2.02	5
516	1.902	1.902	1.902	2.02	5
517	1.941	1.922	2.098	2.059	5
518	1.98	1.863	2.235	2.137	5
519	1.941	1.765	2.235	2.118	5
520	2.059	1.745	2.275	2.098	5
521	2.078	1.745	2.333	2.0	5
522	2.098	1.784	2.235	1.882	5
523	2.078	1.824	2.196	1.882	5
524	2.039	1.784	2.196	1.863	5
525	2.02	1.863	2.255	1.902	5
526	2.02	1.961	2.059	1.863	5
527	2.098	1.941	1.784	1.784	5
528	1.98	1.941	1.725	1.725	5
529	1.941	2.039	1.745	1.706	5
530	1.824	2.157	1.765	1.804	5
531	1.804	2.118	1.843	1.902	5
532	1.882	2.02	1.843	1.98	5
533	1.863	1.98	1.922	2.039	5
534	1.843	1.941	2.059	2.078	5
535	1.784	1.941	2.176	2.137	5
536	1.804	1.882	2.314	2.118	5
537	1.824	1.863	2.373	2.157	5
538	1.882	1.765	2.373	2.078	5
539	1.941	1.745	2.255	2.0	5
540	1.941	1.784	2.196	1.882	5
541	1.941	1.843	2.216	1.843	5
542	1.941	1.882	2.137	1.824	5
543	2.059	1.784	1.98	1.804	5
544	2.157	1.784	1.843	1.784	5
545	2.216	1.843	1.765	1.745	5
546	2.176	1.961	1.765	1.784	5
547	1.863	2.0	1.824	1.882	5
548	1.745	1.902	1.843	2.0	5
549	1.902	1.882	1.843	2.078	5
550	2.039	1.902	1.882	2.02	5
551	1.98	1.882	2.02	1.98	5
552	1.882	1.804	2.157	1.922	5
553	1.882	1.765	2.275	1.98	5
554	1.961	1.804	2.216	2.039	5
555	2.02	1.765	2.294	2.059	5
556	2.039	1.784	2.353	2.02	5
557	1.98	1.667	2.176	1.941	5
558	2.0	1.725	2.059	1.863	5
559	2.039	1.765	2.137	1.824	5
560	2.157	1.824	2.02	1.765	5
561	2.196	1.843	1.843	1.725	5
562	2.02	1.863	1.765	1.765	5
563	1.824	1.863	1.667	1.804	5
564	1.863	1.863	1.706	1.922	5
565	1.98	1.902	1.804	2.039	5
566	2.0	1.902	1.804	2.059	5
567	1.882	1.922	1.824	2.059	5
568	1.882	1.902	1.98	2.078	5
569	1.843	1.882	2.098	2.176	5
570	1.882	1.863	2.235	2.157	5
571	1.882	1.882	2.314	2.176	5
572	1.902	1.882	2.373	2.157	5
573	1.882	1.922	2.294	2.059	5
574	1.863	1.98	2.275	2.0	5
575	1.863	1.98	2.216	1.961	5
576	1.843	2.078	2.157	1.882	5
577	1.98	2.118	2.039	1.882	5
578	2.098	2.137	1.922	1.882	5
579	1.98	2.098	1.804	1.902	5
580	2.02	2.118	1.765	1.902	5
581	1.961	2.176	1.843	1.922	5
582	1.882	2.157	1.902	1.961	5
583	1.902	2.059	1.843	1.961	5
584	1.941	2.039	1.922	2.0	5
585	2.059	1.98	2.157	2.118	5
586	2.137	1.882	2.235	2.176	5
587	2.078	1.725	2.216	2.137	5
588	1.961	1.804	2.275	2.118	5
589	1.922	1.765	2.392	2.059	5
590	2.078	1.725	2.294	2.0	5
591	2.137	1.765	2.294	1.98	5
592	2.157	1.765	2.196	1.922	5
593	2.059	1.745	2.216	1.824	5
594	2.039	1.784	2.137	1.784	5
595	2.039	1.765	1.765	1.765	5
596	1.98	1.765	1.706	1.725	5
597	2.059	1.922	1.863	1.765	5
598	2.059	1.961	1.863	1.922	5
599	1.863	1.804	1.784	2.039	5
600	1.843	1.902	1.765	2.059	5
601	1.824	1.922	1.863	2.059	5
602	1.824	1.824	2.02	2.059	5
603	1.725	1.784	2.059	2.039	5
604	1.863	1.706	2.176	2.039	5
605	1.98	1.706	2.294	2.059	5
606	2.059	1.686	2.294	2.078	5
607	2.137	1.647	2.196	2.059	5
608	2.02	1.686	2.216	2.039	5
609	1.941	1.706	2.196	1.941	5
610	2.059	1.627	2.039	1.804	5
611	2.078	1.647	1.882	1.627	5
612	2.235	1.706	1.745	1.549	5
613	2.157	1.647	1.686	1.627	5
614	2.314	1.725	1.647	1.725	5
615	2.216	1.765	1.647	1.824	5
616	2.078	1.784	1.667	1.824	5
617	2.039	1.902	1.804	1.824	5
618	1.667	2.039	1.902	1.922	5
619	1.51	2.078	2.098	2.078	5
620	1.667	1.941	2.118	2.176	5
621	1.765	1.784	2.078	2.157	5
622	1.824	1.843	2.118	2.02	5
623	1.765	2.0	2.216	1.922	5
624	1.725	2.157	2.235	1.882	5
625	1.765	2.196	2.275	1.98	5
626	1.824	2.216	2.333	2.098	5
627	1.667	2.196	2.216	2.02	5
628	1.529	2.235	2.098	1.863	5
629	1.667	2.294	1.922	1.725	5
630	1.627	2.235	1.765	1.725	5
631	1.706	2.157	1.765	1.804	5
632	1.941	2.196	1.863	1.961	5
633	1.882	2.176	1.902	2.059	5
634	1.804	2.196	2.0	2.118	5
635	1.882	2.137	2.078	2.137	5
636	2.02	2.02	2.137	2.137	5
637	2.039	1.882	2.176	2.098	5
638	2.059	1.843	2.314	2.098	5
639	2.059	1.863	2.392	2.118	5
640	2.196	1.843	2.51	2.137	5
641	2.353	1.804	2.451	2.137	5
642	2.392	1.784	2.373	2.098	5
643	2.294	1.804	2.353	2.0	5
644	2.157	1.824	2.275	1.922	5
645	2.216	1.824	2.196	1.902	5
646	2.373	1.902	2.059	1.902	5
647	2.255	1.843	1.824	1.882	5
648	2.118	1.824	1.745	1.902	5
649	2.157	1.922	1.863	1.941	5
650	2.098	1.843	1.843	1.961	5
651	1.922	1.804	1.843	1.902	5
652	1.98	1.824	1.98	1.941	5
653	2.039	1.804	2.039	2.0	5
654	1.961	1.765	2.098	2.078	5
655	1.902	1.706	2.235	2.098	5
656	2.039	1.765	2.373	2.078	5
657	1.784	1.706	2.255	2.039	5
658	1.608	1.529	2.0	1.941	5
659	1.706	1.686	2.078	1.804	5
660	1.824	1.804	2.157	1.706	5
661	1.98	1.784	2.02	1.686	5
662	2.02	1.863	1.922	1.745	5
663	1.941	1.882	1.804	1.784	5
664	1.804	1.902	1.686	1.843	5
665	1.882	1.902	1.647	1.784	5
666	1.667	1.902	1.529	1.686	5
667	1.451	1.98	1.667	1.725	5
668	1.706	2.02	1.843	1.902	5
669	1.902	2.0	1.804	2.02	5
670	1.784	1.725	1.686	2.039	5
671	1.902	1.706	1.98	2.118	5
672	2.098	1.843	2.392	2.275	5
673	1.961	1.765	2.353	2.333	5
674	1.843	1.667	2.294	2.137	5
675	2.078	1.706	2.353	1.902	5
676	2.275	1.863	2.451	1.863	5
677	2.216	1.882	2.275	1.902	5
678	2.255	1.804	2.157	1.961	5
679	2.314	1.784	2.098	2.0	5
680	2.275	1.882	2.078	1.98	5
681	2.255	1.902	2.02	1.941	5
682	2.235	1.922	1.961	1.863	5
683	2.216	1.98	1.941	1.843	5
684	2.216	2.0	2.0	1.922	5
685	2.216	2.02	1.98	2.02	5
686	2.176	2.0	2.039	2.078	5
687	2.137	1.922	2.039	2.098	5
688	2.078	1.863	2.176	2.137	5
689	2.02	1.804	2.294	2.176	5
690	2.078	1.745	2.333	2.157	5
691	2.0	1.863	2.412	2.118	5
692	1.98	1.667	2.196	2.039	5
693	1.98	1.608	2.216	1.961	5
694	2.078	1.745	2.294	1.941	5
695	1.922	1.824	2.216	1.882	5
696	1.922	1.706	1.882	1.843	5
697	1.922	1.686	1.824	1.765	5
698	2.02	1.765	1.804	1.745	5
699	2.118	1.843	1.706	1.745	5
700	1.961	1.843	1.667	1.784	5
701	1.784	1.784	1.765	1.863	5
702	1.745	1.706	1.804	1.902	5
703	1.608	1.745	1.745	1.941	5
704	1.549	1.902	1.765	2.0	5
705	1.725	2.0	1.941	2.078	5
706	1.725	2.0	2.255	2.098	5
707	1.725	1.765	2.275	2.118	5
708	1.765	1.667	2.098	1.98	5
709	1.804	1.804	2.157	1.843	5
710	1.922	1.941	2.078	1.784	5
711	1.98	2.02	2.157	1.784	5
712	1.902	2.118	2.078	1.863	5
713	1.784	2.255	2.059	1.961	5
714	1.863	2.353	2.039	1.941	5
715	1.765	2.294	1.804	1.922	5
716	1.647	2.176	1.686	1.784	5
717	1.804	2.216	1.686	1.725	5
718	1.843	2.255	1.804	1.745	5
719	1.725	2.216	1.843	1.882	5
720	1.667	2.176	1.824	2.059	5
721	1.824	2.118	2.02	2.255	5
722	1.882	2.098	2.216	2.314	5
723	1.784	1.941	2.294	2.255	5
724	1.745	1.863	2.255	2.137	5
725	1.725	1.784	2.294	1.98	5
726	1.863	1.706	2.196	1.843	5
727	2.039	1.706	2.137	1.804	5
728	1.961	1.804	2.098	1.824	5
729	1.725	1.843	2.098	1.863	5
730	1.706	2.0	2.137	1.961	5
731	1.902	1.98	1.843	1.941	5
732	2.039	1.765	1.627	1.863	5
733	2.216	1.765	1.745	1.804	5
734	2.176	1.902	1.765	1.824	5
735	1.863	2.039	1.765	1.843	5
736	1.784	2.059	1.824	1.882	5
737	1.765	2.0	1.882	1.961	5
738	1.765	1.98	1.922	2.098	5
739	1.882	1.824	1.98	2.118	5
740	2.0	1.843	2.216	2.157	5
741	1.902	1.824	2.216	2.098	5
742	1.843	1.784	2.294	2.059	5
743	2.039	1.784	2.333	2.0	5
744	2.176	1.765	2.196	1.922	5
745	2.157	1.706	2.157	1.824	5
746	2.255	1.725	2.196	1.706	5
747	2.078	1.804	2.118	1.647	5
748	1.882	1.863	2.0	1.725	5
749	2.137	1.902	1.824	1.863	5
750	2.275	1.902	1.784	1.922	5
751	2.314	1.922	1.804	1.941	5
752	2.176	1.961	1.882	1.941	5
753	2.137	1.941	1.941	2.0	5
754	2.059	1.941	2.0	2.059	5
755	2.098	1.843	2.098	2.118	5
756	2.157	1.745	2.196	2.157	5
757	2.157	1.765	2.392	2.196	5
758	2.216	1.824	2.51	2.294	5
759	2.157	1.784	2.529	2.314	5
760	2.275	1.745	2.608	2.216	5
761	2.255	1.824	2.51	2.078	5
762	2.039	1.725	2.314	1.98	5
763	1.882	1.706	2.235	2.02	5
764	1.882	1.765	2.0	1.98	5
765	2.078	1.725	1.922	1.902	5
766	2.059	1.765	1.902	1.804	5
767	2.02	1.843	1.902	1.784	5
768	1.941	1.961	1.902	1.863	5
769	1.765	1.941	1.843	1.961	5
770	1.686	1.804	1.745	2.059	5
771	1.745	1.725	1.784	2.078	5
772	1.784	1.725	1.863	2.059	5
773	1.843	1.686	2.0	2.078	5
774	1.843	1.725	2.235	2.118	5
775	1.843	1.902	2.333	2.157	5
776	1.608	1.961	2.353	2.196	5
777	1.725	1.745	2.216	2.098	5
778	1.824	1.647	2.216	1.941	5
779	1.882	1.745	2.294	1.863	5
780	1.941	1.902	2.02	1.824	5
781	1.922	1.961	1.98	1.765	5
782	1.922	2.0	2.039	1.804	5
783	1.882	2.0	1.941	1.824	5
784	1.765	2.078	1.784	1.824	5
785	1.706	2.137	1.706	1.824	5
786	1.667	2.078	1.784	1.784	5
787	1.667	2.078	1.824	1.804	5
788	1.725	1.961	1.824	1.882	5
789	1.706	1.922	1.863	1.98	5
790	1.765	1.882	2.039	2.059	5
791	1.824	1.902	2.157	2.078	5
792	1.765	1.882	2.235	2.02	5
793	1.765	1.765	2.412	1.961	5
794	1.824	1.588	2.235	1.863	5
795	1.824	1.588	1.882	1.784	5
796	1.902	1.686	2.02	1.765	5
797	1.941	1.725	2.059	1.784	5
798	1.902	1.804	2.0	1.745	5
799	1.863	1.824	1.882	1.686	5
800	1.863	1.725	1.49	1.667	5
801	2.0	1.824	1.471	1.686	5
802	1.961	1.941	1.824	1.824	5
803	1.961	1.961	1.882	2.0	5
804	1.902	1.882	1.706	2.078	5
805	1.725	1.902	1.784	2.078	5
806	1.725	1.941	1.98	2.098	5
807	2.0	2.0	1.961	2.059	5
808	1.961	1.98	2.039	2.098	5
809	1.961	2.0	2.196	2.137	5
810	1.941	2.039	2.353	2.196	5
811	1.922	1.98	2.451	2.216	5
812	2.0	1.941	2.353	2.196	5
813	2.0	1.961	2.235	2.059	5
814	1.98	2.039	2.196	1.922	5
815	2.118	2.098	2.098	1.824	5
816	2.039	2.098	1.961	1.784	5
817	2.078	2.078	1.843	1.804	5
818	2.02	2.098	1.863	1.824	5
819	2.0	2.137	1.765	1.824	5
820	1.882	2.098	1.784	1.804	5
821	1.784	2.078	1.824	1.843	5
822	1.863	2.0	1.824	1.863	5
823	1.961	1.941	1.882	1.922	5
824	2.059	1.902	2.059	1.922	5
825	2.039	1.882	2.216	2.059	5
826	2.118	1.843	2.353	2.137	5
827	2.157	1.824	2.412	2.196	5
828	2.118	1.804	2.353	2.118	5
829	2.118	1.804	2.333	2.0	5
830	2.157	1.784	2.314	1.941	5
831	2.235	1.804	2.235	1.882	5
832	2.235	1.902	2.078	1.902	5
833	2.196	1.902	1.961	1.863	5
834	2.157	1.922	1.843	1.843	5
835	2.157	1.961	1.843	1.824	5
836	2.078	1.882	1.706	1.843	5
837	1.961	1.843	1.706	1.922	5
838	1.902	1.725	1.706	1.961	5
839	1.863	1.804	1.824	1.98	5
840	1.882	1.882	1.922	2.02	5
841	2.078	1.922	2.059	2.059	5
842	1.843	1.804	2.039	2.059	5
843	1.784	1.745	2.137	2.0	5
844	2.02	1.784	2.294	2.039	5
845	2.196	1.667	2.176	2.02	5
846	2.196	1.549	2.059	2.02	5
847	1.98	1.608	2.059	1.941	5
848	1.667	1.765	2.137	1.863	5
849	1.902	1.941	2.176	1.882	5
850	2.196	1.98	2.078	1.824	5
851	2.216	1.843	1.804	1.686	5
852	2.157	1.863	1.765	1.725	5
853	2.039	1.98	1.863	1.922	5
854	2.196	2.059	2.078	2.137	5
855	2.216	1.922	1.941	2.235	5
856	2.078	1.765	1.922	2.137	5
857	1.98	1.882	2.255	2.02	5
858	1.961	1.824	2.353	2.157	5
859	1.961	1.863	2.314	2.216	5
860	2.078	1.824	2.333	2.216	5
861	2.078	1.745	2.51	2.196	5
862	2.235	1.686	2.627	2.157	5
863	2.275	1.784	2.392	2.039	5
864	2.196	1.824	2.353	1.961	5
865	2.255	1.961	2.412	1.922	5
866	2.333	1.941	2.235	1.922	5
867	2.176	1.882	2.078	1.882	5
868	2.216	1.961	1.843	1.824	5
869	2.078	2.0	1.824	1.804	5
870	1.98	2.118	1.863	1.902	5
871	1.902	2.098	1.804	2.02	5
872	1.882	2.078	1.843	2.078	5
873	1.961	2.098	1.902	2.02	5
874	1.882	2.0	1.902	1.882	5
875	1.725	1.882	1.922	1.882	5
876	1.784	1.902	2.0	1.941	5
877	1.784	1.863	2.118	2.059	5
878	1.882	1.824	2.255	2.118	5
879	1.882	1.824	2.373	2.098	5
880	1.922	1.784	2.275	2.0	5
881	1.843	1.804	2.196	1.882	5
882	1.804	1.863	2.078	1.804	5
883	1.863	1.922	2.059	1.784	5
884	1.902	2.02	1.882	1.784	5
885	1.804	1.882	1.745	1.765	5
886	1.765	1.882	1.725	1.745	5
887	1.804	1.961	1.686	1.745	5
888	1.784	1.961	1.686	1.824	5
889	1.784	1.922	1.627	1.863	5
890	1.804	1.902	1.686	1.902	5
891	1.784	1.824	1.804	1.961	5
892	1.843	1.784	1.941	2.0	5
893	1.824	1.824	2.059	2.02	5
894	1.843	1.706	2.176	2.098	5
895	1.863	1.667	2.216	2.137	5
896	1.804	1.765	2.275	2.078	5
897	1.745	1.824	2.255	2.0	5
898	1.784	1.745	2.176	1.941	5
899	2.059	1.667	2.059	1.843	5
900	2.02	1.706	1.902	1.725	5
901	2.0	1.882	1.863	1.647	5
902	1.961	1.922	1.745	1.667	5
903	1.784	1.961	1.745	1.765	5
904	1.863	2.0	1.765	1.863	5
905	1.863	2.0	1.784	1.961	5
906	1.843	2.098	1.784	1.98	5
907	1.863	2.059	1.686	1.941	5
908	1.804	1.902	1.961	1.843	5
909	1.824	1.843	2.02	1.843	5
910	1.804	1.745	1.961	1.706	5
911	1.882	1.706	2.275	1.706	5
912	2.02	1.725	2.373	1.941	5
913	2.098	1.686	2.353	2.098	5
914	2.098	1.647	2.157	2.078	5
915	2.137	1.725	2.078	1.961	5
916	2.098	1.725	1.961	1.647	5
917	2.078	1.804	1.941	1.275	5
918	1.863	2.039	1.98	1.275	5
919	1.843	2.0	1.902	1.549	5
920	1.961	1.882	1.745	1.784	5
921	1.98	1.784	1.588	1.745	5
922	2.157	2.0	1.843	1.824	5
923	2.157	2.059	1.961	2.059	5
924	2.078	2.157	1.98	2.353	5
925	1.902	2.098	2.02	2.431	5
926	1.922	2.118	2.196	2.373	5
927	1.784	1.961	2.157	2.196	5
928	1.745	1.824	2.275	1.922	5
929	1.902	1.941	2.412	1.784	5
930	2.039	2.078	2.569	1.882	5
931	2.098	1.941	2.49	2.118	5
932	2.137	1.824	2.353	2.471	5
933	2.137	1.863	2.451	2.647	5
934	2.039	1.902	2.314	2.51	5
935	1.961	2.039	2.314	2.294	5
936	2.137	2.039	1.98	2.02	5
937	1.941	1.863	1.725	1.745	5
938	2.02	1.902	1.922	1.686	5
939	2.196	2.059	2.235	1.922	5
940	2.176	2.294	2.412	2.275	5
941	2.157	2.098	2.196	2.451	5
942	2.137	1.843	2.098	2.412	5
943	1.824	1.725	1.98	2.235	5
944	1.843	1.784	2.078	2.255	5
945	2.02	2.0	2.588	2.431	5
946	2.196	1.922	2.725	2.51	5
947	2.314	1.745	2.588	2.412	5
948	2.373	1.706	2.49	2.196	5
949	2.333	1.627	2.373	1.98	5
950	2.392	1.725	2.255	1.863	5
951	2.529	1.843	2.176	1.824	5
952	2.196	1.961	2.098	1.922	5
953	1.98	2.078	2.0	2.0	5
954	2.02	2.02	1.922	2.02	5
955	2.02	1.843	1.843	1.941	5
956	1.902	1.745	2.039	1.843	5
957	1.98	1.961	1.941	1.824	5
958	1.961	2.02	1.412	1.863	5
959	1.804	1.882	1.471	1.843	5
960	1.647	1.824	1.882	1.902	5
961	1.667	1.843	2.039	2.0	5
962	1.765	1.765	2.235	2.098	5
963	1.804	1.706	2.294	2.098	5
964	1.882	1.706	2.078	1.961	5
965	1.961	1.765	2.118	1.765	5
966	1.843	1.863	2.157	1.686	5
967	1.451	1.922	2.0	1.765	5
968	1.549	1.863	2.0	1.882	5
969	2.0	1.863	1.804	1.863	5
970	2.02	1.784	1.608	1.725	5
971	1.824	1.922	1.667	1.667	5
972	1.824	2.039	1.549	1.627	5
973	1.588	2.098	1.569	1.706	5
974	1.608	2.255	1.706	1.745	5
975	1.51	2.137	1.745	1.824	5
976	1.569	2.02	1.725	1.961	5
977	1.588	2.0	1.882	2.039	5
978	1.765	1.98	2.0	2.098	5
979	1.863	2.02	2.157	2.039	5
980	1.843	2.098	2.196	1.961	5
981	1.824	2.039	2.176	1.804	5
982	1.765	1.824	2.039	1.686	5
983	1.804	1.784	1.941	1.627	5
984	2.02	1.765	1.941	1.647	5
985	2.098	1.824	1.922	1.706	5
986	1.961	2.039	1.961	1.745	5
987	2.059	1.961	1.804	1.725	5
988	2.137	2.02	1.784	1.765	5
989	2.157	1.961	1.647	1.784	5
990	2.02	1.843	1.608	1.784	5
991	2.039	1.922	1.863	1.784	5
992	2.0	1.941	1.863	1.804	5
993	1.941	1.902	1.922	1.882	5
994	1.902	1.902	1.98	2.118	5
995	1.647	1.725	2.039	2.196	5
996	1.647	1.725	2.255	2.078	5
997	2.02	1.804	2.373	1.98	5
998	2.157	1.706	2.235	1.922	5
999	2.059	1.647	2.176	1.941	5
1000	2.059	1.765	2.412	2.098	5
1001	2.157	1.882	2.392	2.216	5
1002	2.176	1.784	2.275	2.118	5
1003	2.333	1.843	2.216	1.961	5
1004	2.176	1.843	1.961	1.784	5
1005	1.902	1.804	1.824	1.725	5
1006	2.078	1.843	1.784	1.765	5
1007	2.255	1.863	1.843	1.941	5
1008	2.373	1.961	1.98	2.078	5
1009	2.431	1.902	2.059	2.196	5
1010	2.294	1.902	2.078	2.294	5
1011	2.157	1.941	2.255	2.333	5
1012	2.176	1.843	2.314	2.294	5
1013	2.078	1.725	2.353	2.196	5
1014	2.039	1.686	2.49	2.176	5
1015	2.098	1.667	2.549	2.118	5
1016	2.275	1.627	2.373	1.941	5
1017	2.196	1.569	2.176	1.843	5
1018	2.118	1.667	2.196	1.922	5
1019	2.176	1.725	2.216	1.941	5
1020	2.118	1.765	2.02	1.902	5
1021	2.039	1.765	1.863	1.725	5
1022	1.882	1.824	1.941	1.667	5
1023	1.98	1.824	1.882	1.667	5
1024	1.961	2.0	1.784	1.765	5
1025	1.784	2.02	1.98	1.961	5
1026	1.686	1.745	1.843	2.137	5
1027	1.667	1.569	1.588	2.078	5
1028	1.765	1.902	1.922	1.961	5
1029	1.804	1.863	2.333	1.98	5
1030	1.686	1.745	2.275	2.039	5
1031	1.745	1.804	2.176	2.137	5
1032	1.843	1.843	2.255	2.118	5
1033	1.784	1.863	2.275	1.98	5
1034	1.686	1.961	2.843	2.039	5
1035	1.824	1.941	2.804	2.098	5
1036	2.078	1.765	1.804	2.02	5
1037	2.02	1.804	1.471	1.824	5
1038	1.863	2.0	2.0	1.706	5
1039	1.961	2.098	1.941	1.706	5
1040	1.98	2.059	1.784	1.745	5
1041	1.961	2.137	1.941	1.843	5
1042	1.961	2.137	1.784	1.98	5
1043	1.784	2.098	1.667	2.078	5
1044	1.647	2.0	1.843	2.157	5
1045	1.843	1.941	1.882	2.196	5
1046	1.824	1.98	1.922	2.137	5
1047	1.686	1.922	2.118	2.118	5
1048	1.824	1.863	2.176	2.118	5
1049	2.02	1.843	2.216	2.137	5
1050	1.941	1.98	2.196	2.078	5
1051	1.765	1.922	2.039	2.0	5
1052	1.706	1.922	2.0	1.902	5
1053	1.824	2.0	2.02	1.843	5
1054	2.059	2.039	1.922	1.863	5
1055	1.941	1.961	1.765	1.843	5
1056	1.765	1.98	1.745	1.882	5
1057	1.745	1.98	1.725	1.824	5
1058	1.843	2.078	1.824	1.843	5
1059	1.902	2.157	1.941	1.98	5
1060	1.98	2.098	1.902	2.078	5
1061	2.02	2.039	1.922	2.059	5
1062	2.078	2.0	2.137	1.98	5
1063	2.0	1.941	2.118	1.922	5
1064	1.765	1.804	2.137	1.902	5
1065	1.725	1.784	2.176	1.882	5
1066	1.745	1.804	2.216	1.961	5
1067	1.824	1.725	2.098	1.98	5
1068	1.882	1.725	2.118	1.824	5
1069	2.196	1.961	2.412	1.784	5
1070	2.255	1.941	2.314	1.804	5
1071	2.216	1.804	1.922	1.784	5
1072	2.098	1.843	1.804	1.745	5
1073	1.843	1.922	1.725	1.765	5
1074	1.902	1.843	1.686	1.667	5
1075	1.922	1.922	1.725	1.627	5
1076	1.941	1.961	1.804	1.608	5
1077	2.137	1.882	1.804	1.627	5
1078	2.098	1.725	1.843	1.843	5
1079	1.961	1.824	2.118	2.294	5
1080	2.157	1.961	2.373	2.608	5
1081	2.078	1.804	2.157	2.49	5
1082	2.078	1.804	2.294	2.137	5
1083	2.039	1.804	2.471	1.863	5
1084	2.059	1.667	2.294	1.686	5
1085	1.941	1.647	2.157	1.608	5
1086	1.922	1.686	2.098	1.745	5
1087	2.196	1.804	2.216	2.039	5
1088	2.569	2.02	2.373	2.314	5
1089	2.51	2.039	2.137	2.294	5
1090	2.098	1.941	1.882	1.922	5
1091	2.02	1.902	1.824	1.569	5
1092	2.0	1.922	1.706	1.431	5
1093	2.039	1.941	1.725	1.588	5
1094	1.902	2.02	2.0	2.02	5
1095	1.98	2.0	2.196	2.431	5
1096	2.039	1.941	2.157	2.51	5
1097	2.059	1.843	2.275	2.373	5
1098	2.059	1.922	2.529	2.216	5
1099	2.137	1.804	2.51	2.098	5
1100	2.098	1.784	2.431	2.078	5
1101	2.098	1.843	2.49	2.078	5
1102	1.98	1.843	2.412	2.078	5
1103	1.804	1.745	2.255	2.02	5
1104	1.863	1.765	2.157	1.98	5
1105	1.725	1.882	1.961	1.824	5
1106	1.529	1.98	1.961	1.765	5
1107	1.686	1.902	1.824	1.824	5
1108	1.882	1.863	1.725	1.843	5
1109	2.059	1.882	1.745	1.882	5
1110	1.941	1.882	1.961	2.0	5
1111	1.686	1.667	1.941	2.039	5
1112	1.588	1.667	1.667	2.059	5
1113	1.745	1.686	1.98	2.0	5
1114	1.863	1.627	1.922	1.941	5
1115	1.725	1.588	2.039	1.941	5
1116	1.863	1.549	2.157	2.02	5
1117	1.922	1.569	2.118	2.098	5
1118	2.098	1.804	2.373	2.118	5
1119	2.235	1.922	2.725	2.176	5
1120	1.98	1.529	2.275	2.118	5
1121	1.98	1.314	1.588	1.902	5
1122	2.392	1.529	1.784	1.686	5
1123	2.373	1.882	2.196	1.647	5
1124	2.255	1.961	1.902	1.686	5
1125	1.98	2.059	1.784	1.745	5
1126	1.824	2.157	1.843	1.902	5
1127	1.882	2.098	1.706	2.157	5
1128	1.98	1.922	1.804	2.176	5
1129	1.98	1.882	1.804	1.98	5
1130	1.922	1.922	1.902	1.863	5
1131	1.98	1.843	2.078	1.882	5
1132	2.039	1.902	2.176	1.961	5
1133	2.0	1.922	2.216	2.039	5
1134	1.961	1.765	2.373	2.098	5
1135	1.941	1.765	2.255	2.098	5
1136	1.98	1.706	1.922	2.0	5
1137	2.078	1.843	1.941	1.902	5
1138	2.0	2.137	2.039	1.784	5
1139	1.725	2.392	2.157	1.784	5
1140	1.588	2.373	2.078	1.824	5
1141	1.902	2.118	1.824	1.824	5
1142	2.078	2.02	1.647	1.745	5
1143	1.863	2.098	1.588	1.706	5
1144	1.725	2.294	1.725	1.745	5
1145	1.627	2.373	1.804	1.863	5
1146	1.588	2.294	1.824	1.98	5
1147	1.471	2.353	2.098	2.059	5
1148	1.471	2.255	2.196	2.176	5
1149	1.51	2.157	2.157	2.216	5
1150	1.824	2.059	2.275	2.137	5
1151	1.941	2.02	2.49	2.137	5
1152	1.922	2.098	2.549	2.078	5
1153	1.824	2.02	2.333	2.078	5
1154	1.843	1.863	2.157	1.961	5
1155	1.922	2.0	2.098	1.902	5
1156	1.98	2.059	2.078	1.843	5
1157	2.118	1.902	1.941	1.824	5
1158	2.216	1.902	1.765	1.824	5
1159	2.098	2.0	1.765	1.765	5
1160	1.804	1.961	1.686	1.686	5
1161	1.725	2.059	1.824	1.824	5
1162	1.863	2.0	1.843	2.0	5
1163	1.843	1.784	1.686	2.078	5
1164	1.902	1.824	1.824	2.039	5
1165	1.882	1.804	1.941	2.0	5
1166	1.824	1.647	2.0	1.98	5
1167	2.098	1.667	2.235	1.961	5
1168	2.255	1.725	2.373	1.98	5
1169	2.137	1.686	2.373	1.922	5
1170	1.961	1.667	2.235	1.863	5
1171	1.863	1.686	2.176	1.843	5
1172	1.706	1.686	2.02	1.843	5
1173	1.961	1.725	1.941	1.824	5
1174	2.353	1.824	2.02	1.863	5
1175	2.588	1.863	2.0	1.863	5
1176	2.667	1.922	1.922	1.765	5
1177	2.373	1.941	1.843	1.686	5
1178	2.176	1.922	1.961	1.686	5
1179	2.0	1.824	2.078	1.765	5
1180	1.961	1.706	2.098	1.922	5
1181	2.039	1.706	1.902	2.118	5
1182	1.961	1.804	2.098	2.157	5
1183	2.0	1.706	2.314	2.059	5
1184	2.235	1.608	2.451	2.0	5
1185	2.216	1.608	2.49	2.098	5
1186	2.196	1.667	2.49	2.255	5
1187	2.235	1.686	2.451	2.255	5
1188	2.275	1.667	2.275	2.078	5
1189	2.078	1.588	2.176	1.784	5
1190	2.039	1.745	2.196	1.706	5
1191	2.059	1.98	2.235	1.824	5
1192	2.078	1.961	1.961	2.059	5
1193	1.882	1.863	1.902	2.176	5
1194	1.961	1.902	1.902	2.196	5
1195	1.98	1.882	1.725	2.176	5
1196	2.059	1.961	1.843	2.078	5
1197	2.137	1.941	2.039	2.059	5
1198	1.98	2.039	2.235	2.118	5
1199	1.922	2.098	2.392	2.333	5
1200	1.824	1.882	2.392	2.431	5
1201	1.824	1.667	2.314	2.392	5
1202	1.882	1.608	2.294	2.196	5
1203	2.078	1.843	2.196	1.98	5
1204	1.961	1.824	2.196	1.824	5
1205	1.961	1.804	2.333	1.882	5
1206	2.02	1.804	2.157	1.961	5
1207	2.078	1.784	2.039	1.922	5
1208	2.137	1.882	2.039	1.824	5
1209	1.824	1.863	2.0	1.765	5
1210	1.706	1.745	1.529	1.745	5
1211	1.863	1.745	1.529	1.804	5
1212	1.765	1.804	2.0	1.824	5
1213	1.941	1.804	1.902	1.902	5
1214	1.627	1.804	1.451	1.941	5
1215	1.412	1.569	1.431	1.922	5
1216	1.824	1.451	1.882	1.922	5
1217	1.902	1.608	2.176	2.02	5
1218	1.961	1.882	2.078	2.039	5
1219	1.647	2.059	2.216	2.059	5
1220	1.529	1.902	2.216	2.078	5
1221	1.745	1.686	2.0	2.02	5
1222	1.902	1.686	1.922	1.922	5
1223	1.902	1.882	1.902	1.804	5
1224	2.02	2.157	1.902	1.765	5
1225	1.941	2.353	1.863	1.784	5
1226	1.922	2.373	1.765	1.804	5
1227	1.863	2.451	1.725	1.882	5
1228	1.824	2.471	1.647	1.902	5
1229	1.863	2.431	1.706	1.941	5
1230	1.804	2.314	1.824	1.941	5
1231	1.667	2.196	1.824	1.941	5
1232	1.569	2.157	1.824	2.02	5
1233	1.569	2.176	1.961	2.059	5
1234	1.588	2.02	1.98	2.078	5
1235	1.804	1.902	2.118	2.0	5
1236	2.02	1.882	2.216	1.882	5
1237	1.961	1.843	2.294	1.804	5
1238	1.784	1.882	2.392	1.902	5
1239	1.706	1.882	2.216	2.0	5
1240	1.608	1.706	1.922	1.941	5
1241	1.804	1.686	1.824	1.725	5
1242	2.137	1.922	1.961	1.569	5
1243	2.314	1.961	1.863	1.51	5
1244	2.196	1.941	1.765	1.51	5
1245	2.118	1.922	1.824	1.686	5
1246	2.02	1.902	1.843	1.922	5
1247	2.157	1.863	1.765	2.02	5
1248	2.255	1.98	2.02	2.02	5
1249	2.275	2.039	2.314	1.941	5
1250	2.333	1.98	2.451	1.941	5
1251	2.235	1.882	2.294	1.98	5
1252	2.235	1.745	2.294	2.02	5
1253	2.314	1.745	2.392	2.098	5
1254	2.216	1.745	2.431	2.196	5
1255	2.118	1.824	2.412	2.118	5
1256	2.176	1.902	2.471	1.961	5
1257	2.176	1.863	2.373	1.961	5
1258	2.157	1.902	2.196	1.882	5
1259	2.196	1.882	2.137	1.882	5
1260	2.02	1.765	1.882	1.882	5
1261	1.843	1.824	1.824	1.843	5
1262	1.843	1.902	1.745	1.882	5
1263	1.608	2.0	1.824	1.922	5
1264	1.549	1.902	1.745	1.961	5
1265	1.706	1.745	1.745	2.0	5
1266	2.02	1.686	1.843	2.059	5
1267	2.235	1.725	2.137	2.235	5
1268	2.118	1.843	2.451	2.431	5
1269	1.824	1.902	2.549	2.431	5
1270	1.725	1.765	2.49	2.196	5
1271	1.961	1.686	2.451	1.902	5
1272	2.196	1.608	1.98	1.706	5
1273	2.235	1.549	2.0	1.784	5
1274	2.333	1.745	2.373	1.922	5
1275	2.275	1.863	2.627	2.059	5
1276	2.333	1.961	2.451	2.176	5
1277	2.294	1.843	1.804	2.176	5
1278	2.078	1.843	1.824	2.039	5
1279	2.216	1.922	1.98	1.863	5
1280	2.157	1.922	1.98	1.824	5
1281	1.843	1.882	1.922	1.882	5
1282	1.725	1.882	2.0	2.039	5
1283	1.824	1.882	2.02	2.176	5
1284	1.922	1.745	2.039	2.275	5
1285	1.824	1.686	2.078	2.275	5
1286	1.765	1.608	2.059	2.176	5
1287	1.804	1.706	2.176	2.078	5
1288	1.961	1.686	2.196	1.941	5
1289	1.98	1.686	2.196	1.882	5
1290	1.922	1.824	2.137	1.922	5
1291	1.863	1.627	2.039	1.941	5
1292	2.0	1.529	1.843	1.863	5
1293	2.137	1.627	1.745	1.725	5
1294	2.059	1.824	1.647	1.608	5
1295	1.804	1.863	1.667	1.608	5
1296	2.0	1.863	1.569	1.686	5
1297	2.02	1.941	1.627	1.824	5
1298	1.902	2.0	1.686	1.941	5
1299	1.765	2.02	1.745	1.961	5
1300	1.647	2.078	1.902	2.02	5
1301	1.588	2.0	2.059	2.078	5
1302	1.686	2.02	2.176	2.157	5
1303	1.824	2.02	2.196	2.118	5
1304	1.784	2.118	2.176	2.098	5
1305	1.706	2.078	2.255	2.039	5
1306	1.667	2.118	2.314	2.02	5
1307	1.725	2.275	2.314	2.02	5
1308	1.765	2.235	2.216	2.0	5
1309	1.784	2.157	2.235	1.922	5
1310	1.843	2.216	2.157	1.882	5
1311	1.902	2.176	1.941	1.765	5
1312	1.725	2.196	1.824	1.725	5
1313	1.804	2.196	1.745	1.725	5
1314	1.784	2.078	2.039	1.863	5
1315	1.686	2.02	2.118	1.961	5
1316	1.667	1.902	1.902	1.98	5
1317	1.784	1.706	1.667	2.0	5
1318	1.902	1.765	1.431	1.784	5
1319	1.843	1.686	2.098	1.765	5
1320	2.196	1.706	2.608	1.98	5
1321	2.373	1.647	2.49	2.157	5
1322	2.0	1.627	2.235	2.118	5
1323	1.686	1.725	2.039	1.98	5
1324	1.647	1.784	2.098	1.863	5
1325	1.922	1.627	1.98	1.725	5
1326	2.176	1.549	1.745	1.549	5
1327	2.137	1.745	1.765	1.51	5
1328	2.196	1.961	1.863	1.608	5
1329	2.196	2.098	1.863	1.824	5
1330	2.118	2.039	1.627	1.882	5
1331	2.0	1.941	1.588	1.784	5
1332	1.745	2.078	1.784	1.765	5
1333	1.725	2.039	1.902	1.941	5
1334	1.922	2.078	1.902	2.059	5
1335	1.863	2.0	1.902	2.059	5
1336	1.863	1.863	2.039	2.0	5
1337	1.98	1.824	2.275	1.961	5
1338	2.059	1.784	2.294	2.02	5
1339	2.078	1.784	2.412	2.039	5
1340	2.333	1.902	2.49	2.059	5
1341	2.137	1.784	2.294	2.078	5
1342	1.843	1.706	2.137	2.059	5
1343	2.0	1.784	2.02	1.922	5
1344	2.333	1.922	2.059	1.784	5
1345	2.392	1.98	1.98	1.804	5
1346	2.294	1.98	2.059	1.961	5
1347	2.216	2.039	2.02	2.098	5
1348	2.157	1.902	1.882	2.118	5
1349	2.176	1.882	2.039	2.078	5
1350	2.314	2.02	2.216	2.059	5
1351	2.078	1.941	2.078	2.098	5
1352	1.882	1.863	2.275	2.275	5
1353	2.039	1.863	2.373	2.412	5
1354	2.137	1.922	2.588	2.431	5
1355	2.098	1.804	2.529	2.333	5
1356	1.961	1.667	2.529	2.216	5
1357	2.039	1.745	2.51	2.137	5
1358	2.275	1.922	2.549	2.098	5
1359	2.275	1.902	2.373	2.039	5
1360	2.02	1.843	2.196	1.961	5
1361	2.0	1.863	2.157	1.98	5
1362	2.039	1.863	1.941	1.941	5
1363	1.98	2.0	2.02	1.98	5
1364	1.922	1.98	1.922	2.02	5
1365	1.863	1.902	1.804	2.039	5
1366	1.941	1.804	1.843	2.0	5
1367	1.902	1.745	1.863	1.941	5
1368	1.902	1.784	1.725	1.961	5
1369	1.902	1.745	1.863	1.961	5
1370	1.706	1.686	2.02	2.02	5
1371	1.686	1.627	2.137	2.0	5
1372	1.863	1.49	2.059	1.98	5
1373	1.863	1.333	2.0	1.941	5
1374	1.922	1.431	1.98	1.863	5
1375	1.843	1.49	1.863	1.784	5
1376	1.843	1.314	1.824	1.706	5
1377	2.098	1.529	1.941	1.725	5
1378	2.157	1.804	1.902	1.667	5
1379	2.0	1.843	1.725	1.608	5
1380	1.765	1.843	1.686	1.608	5
1381	1.725	1.863	1.333	1.686	5
1382	1.627	2.0	1.392	1.824	5
1383	1.706	2.02	1.784	1.941	5
1384	1.745	2.059	2.0	1.961	5
1385	1.863	2.059	1.902	1.98	5
1386	1.902	2.176	2.118	2.059	5
1387	1.824	2.353	2.294	2.137	5
1388	1.882	2.451	2.373	2.176	5
1389	1.745	2.314	2.431	2.137	5
1390	1.49	2.137	2.294	2.02	5
1391	1.569	2.078	2.059	1.882	5
1392	1.725	2.118	2.059	1.725	5
1393	1.745	2.196	2.216	1.647	5
1394	1.902	2.196	2.176	1.804	5
1395	2.078	2.157	2.078	1.98	5
1396	2.039	2.039	1.824	1.902	5
1397	1.882	1.941	1.725	1.686	5
1398	1.902	2.098	1.745	1.588	5
1399	1.804	2.196	1.843	1.725	5
1400	1.765	2.118	1.686	2.078	5
1401	1.706	1.961	1.608	2.157	5
1402	1.765	1.863	1.784	2.02	5
1403	1.922	1.725	1.882	1.882	5
1404	1.902	1.706	2.039	1.843	5
1405	2.098	1.882	2.333	1.98	5
1406	2.196	2.0	2.333	2.275	5
1407	2.0	1.843	2.196	2.314	5
1408	1.98	1.804	2.118	2.157	5
1409	2.059	1.824	2.216	2.059	5
1410	2.157	1.804	2.118	1.902	5
1411	2.49	1.941	2.255	1.804	5
1412	2.49	2.078	2.275	1.725	5
1413	2.078	2.039	2.0	1.725	5
1414	1.863	1.98	1.765	1.863	5
1415	1.98	1.902	1.667	1.98	5
1416	2.118	1.902	1.745	2.02	5
1417	2.196	1.961	1.922	2.02	5
1418	2.176	1.941	2.0	1.941	5
1419	2.059	1.902	2.039	1.784	5
1420	2.0	1.804	2.176	1.784	5
1421	1.941	1.765	2.294	1.941	5
1422	1.863	1.647	2.255	2.039	5
1423	1.804	1.627	2.294	2.235	5
1424	1.804	1.706	2.608	2.471	5
1425	2.039	1.745	2.608	2.451	5
1426	2.078	1.686	2.294	2.255	5
1427	2.196	1.627	2.098	1.941	5
1428	2.275	1.667	2.176	1.647	5
1429	2.118	1.843	2.255	1.549	5
1430	1.804	1.863	2.039	1.608	5
1431	1.863	1.863	1.824	1.843	5
1432	1.922	1.843	1.765	2.059	5
1433	1.961	2.059	2.098	2.235	5
1434	1.98	2.098	2.137	2.353	5
1435	2.0	2.0	1.922	2.353	5
1436	2.098	1.941	2.0	2.294	5
1437	2.098	1.843	2.216	2.157	5
1438	2.118	1.824	2.196	2.078	5
1439	1.922	1.843	2.275	2.02	5
1440	1.882	1.765	2.392	2.118	5
1441	2.0	1.784	2.588	2.255	5
1442	2.039	1.725	2.51	2.314	5
1443	2.098	1.706	2.255	2.216	5
1444	2.118	1.667	2.157	2.02	5
1445	2.294	1.725	2.059	1.784	5
1446	2.333	1.784	1.941	1.725	5
1447	2.294	1.804	1.882	1.686	5
1448	2.235	1.784	1.745	1.725	5
1449	1.98	1.843	1.765	1.843	5
1450	1.706	1.824	1.804	1.98	5
1451	1.824	1.745	1.765	2.02	5
1452	2.137	1.745	1.725	1.961	5
1453	2.0	1.784	1.804	1.922	5
1454	1.804	1.667	1.784	1.902	5
1455	1.922	1.588	1.98	1.902	5
1456	1.941	1.627	1.98	1.922	5
1457	1.784	1.549	1.98	1.922	5
1458	1.784	1.549	2.157	1.941	5
1459	1.882	1.745	2.255	1.941	5
1460	1.882	2.039	2.431	2.039	5
1461	1.824	1.98	2.353	2.039	5
1462	1.745	1.706	1.863	1.941	5
1463	1.843	1.902	1.804	1.745	5
1464	1.922	2.255	2.039	1.667	5
1465	1.569	2.235	1.882	1.706	5
1466	1.686	2.118	1.51	1.745	5
1467	1.863	2.314	1.529	1.863	5
1468	1.843	2.412	1.843	1.941	5
1469	1.765	2.392	1.961	1.98	5
1470	1.569	2.333	1.922	1.961	5
1471	1.51	2.216	2.0	1.941	5
1472	1.627	2.196	2.098	2.02	5
1473	1.667	2.059	2.137	2.02	5
1474	1.725	1.98	2.196	2.059	5
1475	1.647	1.922	2.216	2.118	5
1476	1.706	1.863	2.02	2.039	5
1477	1.961	1.843	2.078	1.902	5
1478	2.0	1.843	2.098	1.765	5
1479	1.922	1.863	2.098	1.706	5
1480	2.039	1.804	1.941	1.745	5
1481	2.176	1.843	1.745	1.765	5
1482	1.882	1.706	1.529	1.667	5
1483	1.765	1.647	1.451	1.49	5
1484	1.863	1.765	1.431	1.373	5
1485	2.039	1.706	1.49	1.451	5
1486	2.098	1.784	1.784	1.824	5
1487	2.255	2.02	2.196	2.255	5
1488	2.235	1.961	2.02	2.412	5
1489	1.941	1.824	1.941	2.314	5
1490	1.902	1.784	2.157	2.078	5
1491	1.961	1.706	2.157	1.784	5
1492	2.098	1.569	2.176	1.608	5
1493	2.118	1.647	2.137	1.588	5
1494	2.098	1.863	2.333	1.843	5
1495	2.137	1.941	2.353	2.118	5
1496	2.059	1.98	2.216	2.137	5
1497	2.039	1.98	2.118	2.039	5
1498	2.118	2.118	2.255	1.98	5
1499	2.078	2.137	2.059	1.882	5
1500	1.922	2.039	1.843	1.824	5
1501	1.961	2.137	1.922	1.961	5
1502	2.02	2.098	2.02	2.196	5
1503	2.039	2.02	2.137	2.333	5
1504	1.843	1.961	2.157	2.314	5
1505	1.843	1.961	2.216	2.255	5
1506	2.039	1.98	2.353	2.216	5
1507	2.176	1.98	2.588	2.255	5
1508	2.078	1.863	2.549	2.255	5
1509	1.922	1.824	2.49	2.196	5
1510	2.078	1.765	2.412	2.098	5
1511	2.137	1.824	2.451	2.039	5
1512	2.255	1.843	2.549	2.0	5
1513	2.333	1.745	2.49	1.882	5
1514	2.196	1.686	2.196	1.824	5
1515	1.941	1.784	1.961	1.745	5
1516	1.843	1.882	1.824	1.843	5
1517	2.059	1.804	1.784	1.941	5
1518	2.118	1.745	1.745	2.0	5
1519	2.059	1.686	1.824	1.863	5
1520	2.059	1.627	2.0	1.725	5
1521	1.725	1.549	2.02	1.824	5
1522	1.804	1.588	1.961	2.039	5
1523	2.078	1.608	2.059	2.216	5
1524	1.765	1.608	2.333	2.333	5
1525	1.863	1.745	2.059	2.392	5
1526	1.961	1.824	2.137	2.314	5
1527	2.0	1.706	2.314	2.137	5
1528	2.039	1.725	2.294	1.98	5
1529	2.0	1.784	2.216	1.882	5
1530	2.039	1.922	2.137	1.863	5
1531	2.078	2.078	2.02	1.941	5
1532	2.059	2.098	1.843	1.961	5
1533	1.961	2.176	1.725	1.863	5
1534	1.941	2.294	1.745	1.725	5
1535	1.882	2.373	1.725	1.765	5
1536	1.824	2.216	1.745	1.961	5
1537	1.863	2.137	1.824	2.098	5
1538	1.843	2.078	1.882	2.078	5
1539	1.725	1.824	1.804	1.98	5
1540	1.725	1.608	1.804	1.863	5
1541	1.784	1.765	2.039	1.824	5
1542	1.902	1.745	2.176	1.824	5
1543	1.863	1.745	2.235	1.882	5
1544	1.863	1.686	2.078	1.902	5
1545	1.824	1.686	2.0	1.882	5
1546	1.804	1.882	2.02	1.941	5
1547	1.824	1.922	2.098	1.922	5
1548	1.98	1.902	2.059	1.765	5
1549	2.039	1.843	1.804	1.529	5
1550	1.961	1.922	1.647	1.412	5
1551	1.784	2.0	1.529	1.451	5
1552	1.686	2.098	1.49	1.608	5
1553	1.784	2.157	1.647	1.765	5
1554	1.824	2.275	1.902	2.039	5
1555	2.02	2.255	2.078	2.216	5
1556	1.961	2.255	2.235	2.216	5
1557	1.843	2.098	2.157	2.137	5
1558	1.667	1.922	2.176	1.98	5
1559	1.627	1.686	2.039	1.863	5
1560	1.882	1.706	2.137	1.843	5
1561	1.98	1.804	2.255	1.922	5
1562	1.922	1.863	2.275	2.059	5
1563	1.941	1.863	2.353	2.059	5
1564	2.078	1.863	2.353	1.941	5
1565	2.275	1.863	2.176	1.843	5
1566	2.294	1.941	2.078	1.804	5
1567	2.098	1.922	1.784	1.804	5
1568	1.843	1.784	1.686	1.765	5
1569	1.882	1.824	1.667	1.765	5
1570	1.98	1.922	1.784	1.804	5
1571	2.098	2.02	1.882	1.902	5
1572	2.039	2.039	1.922	2.118	5
1573	1.941	1.882	2.0	2.294	5
1574	1.922	1.843	2.137	2.294	5
1575	2.02	1.804	2.235	2.118	5
1576	2.157	1.686	2.216	1.941	5
1577	2.157	1.725	2.373	1.922	5
1578	2.02	1.725	2.451	2.078	5
1579	1.765	1.686	2.353	2.137	5
1580	1.549	1.725	2.196	2.078	5
1581	1.667	1.804	2.059	1.922	5
1582	1.843	1.765	1.98	1.843	5
1583	2.0	1.667	1.863	1.804	5
1584	2.196	1.686	1.863	1.824	5
1585	2.196	1.843	2.02	1.843	5
1586	2.157	2.0	2.059	1.941	5
1587	1.549	1.902	1.765	2.098	5
1588	1.451	1.765	1.784	2.098	5
1589	1.941	1.725	1.902	2.02	5
1590	2.294	1.824	2.059	2.059	5
1591	2.294	1.824	2.196	2.157	5
1592	2.118	1.843	2.333	2.275	5
1593	2.157	1.804	2.392	2.255	5
1594	2.216	1.843	2.471	2.196	5
1595	2.078	1.843	2.431	2.098	5
1596	2.275	1.882	2.392	2.059	5
1597	2.412	1.882	2.333	2.039	5
1598	2.471	1.882	2.235	1.882	5
1599	2.431	1.941	2.118	1.824	5
1600	2.216	2.0	2.137	1.784	5
1601	2.157	2.039	2.078	1.843	5
1602	2.137	1.98	1.98	1.961	5
1603	2.118	1.902	1.863	2.039	5
1604	1.922	1.941	1.98	2.02	5
1605	1.961	1.824	1.667	1.902	5
1606	2.02	1.686	1.627	1.725	5
1607	1.902	1.569	2.0	1.647	5
1608	1.941	1.667	2.235	1.765	5
1609	1.824	1.882	2.412	2.078	5
1610	1.706	1.765	2.569	2.412	5
1611	1.804	1.627	2.176	2.471	5
1612	1.961	1.627	2.039	2.235	5
1613	1.961	1.627	2.235	1.902	5
1614	1.98	1.706	2.0	1.686	5
1615	1.804	1.725	1.941	1.608	5
1616	1.863	1.961	1.941	1.667	5
1617	1.765	2.059	1.882	1.804	5
1618	1.686	2.078	1.804	1.941	5
1619	1.745	2.098	1.686	1.98	5
1620	1.784	2.039	1.529	1.941	5
1621	1.706	2.137	1.647	1.922	5
1622	1.745	2.333	1.784	2.0	5
1623	1.686	2.353	1.843	2.078	5
1624	1.647	2.176	1.882	2.176	5
1625	1.745	2.078	2.02	2.196	5
1626	1.686	2.039	2.098	2.098	5
1627	1.667	2.02	2.176	1.961	5
1628	1.765	2.078	2.275	1.902	5
1629	1.922	2.078	2.275	1.902	5
1630	1.98	2.118	2.255	1.961	5
1631	2.078	2.118	2.373	1.98	5
1632	2.0	2.02	2.373	2.0	5
1633	1.941	1.961	2.059	1.882	5
1634	2.0	2.078	1.804	1.686	5
1635	1.843	2.0	1.549	1.49	5
1636	1.824	2.078	1.706	1.529	5
1637	1.843	2.196	1.863	1.725	5
1638	1.784	2.02	1.745	1.863	5
1639	1.765	1.863	1.706	1.902	5
1640	1.843	1.843	1.804	1.902	5
1641	1.804	1.804	1.843	1.902	5
1642	1.725	1.745	1.882	1.863	5
1643	1.647	1.765	2.02	1.882	5
1644	1.804	1.765	2.235	2.02	5
1645	1.98	1.745	2.294	2.196	5
1646	2.039	1.647	2.235	2.216	5
1647	1.902	1.569	2.157	2.098	5
1648	2.0	1.725	2.216	1.863	5
1649	2.216	1.784	2.216	1.706	5
1650	2.255	1.863	2.176	1.706	5
1651	2.118	1.843	2.059	1.784	5
1652	2.078	1.765	1.863	1.882	5
1653	2.137	1.863	1.941	1.941	5
1654	2.196	2.0	1.922	2.078	5
1655	2.196	2.059	1.98	2.137	5
1656	2.216	2.0	1.961	2.176	5
1657	2.176	1.941	1.941	2.137	5
1658	1.98	1.824	1.98	2.157	5
1659	2.137	1.804	2.137	2.176	5
1660	2.078	1.784	2.275	2.216	5
1661	2.157	1.784	2.314	2.137	5
1662	2.02	1.667	2.314	1.961	5
1663	1.922	1.627	2.353	1.843	5
1664	1.98	1.706	2.314	1.941	5
1665	2.118	1.647	2.216	2.078	5
1666	2.0	1.627	2.137	2.059	5
1667	2.0	1.725	2.098	1.941	5
1668	2.059	1.863	2.078	1.824	5
1669	2.118	1.824	1.902	1.725	5
1670	2.078	1.863	2.0	1.686	5
1671	2.137	1.902	1.961	1.725	5
1672	1.902	1.863	1.824	1.824	5
1673	1.804	1.922	1.922	1.941	5
1674	2.0	1.961	1.961	2.059	5
1675	1.941	1.941	2.157	2.137	5
1676	1.863	1.902	2.294	2.275	5
1677	1.843	1.863	2.294	2.314	5
1678	1.902	1.804	2.275	2.196	5
1679	2.039	1.824	2.353	2.078	5
1680	2.039	1.882	2.412	1.98	5
1681	2.02	1.902	2.353	1.902	5
1682	2.039	1.902	2.392	2.02	5
1683	2.02	1.902	2.216	2.098	5
1684	2.098	1.902	1.941	2.039	5
1685	2.0	1.961	1.941	1.863	5
1686	1.98	1.941	1.784	1.706	5
1687	2.039	1.98	1.784	1.627	5
1688	2.039	2.059	1.804	1.725	5
1689	1.902	1.941	1.706	1.882	5
1690	1.902	1.882	1.745	1.98	5
1691	1.863	1.843	1.784	2.059	5
1692	1.941	1.765	1.882	2.078	5
1693	2.02	1.686	2.02	2.039	5
1694	1.882	1.667	2.0	2.039	5
1695	1.843	1.667	2.275	2.0	5
1696	1.941	1.627	2.294	2.039	5
1697	1.98	1.51	2.196	1.98	5
1698	1.902	1.431	2.157	1.882	5
1699	1.961	1.51	2.275	1.804	5
1700	2.098	1.647	1.941	1.804	5
1701	1.922	1.804	1.706	1.824	5
1702	1.706	1.686	1.922	1.784	5
1703	1.765	1.667	2.02	1.686	5
1704	1.804	1.98	2.255	1.667	5
1705	1.941	1.941	1.882	1.784	5
1706	1.882	1.784	1.216	1.902	5
1707	1.549	1.961	1.392	1.902	5
1708	1.686	2.118	1.784	1.902	5
1709	1.667	2.176	1.941	1.98	5
1710	1.549	2.412	2.255	2.137	5
1711	1.706	2.314	2.471	2.353	5
1712	2.118	2.059	2.294	2.392	5
1713	1.98	2.0	2.176	2.216	5
1714	1.804	2.0	2.118	2.039	5
1715	1.902	2.157	2.137	1.922	5
1716	1.882	2.275	2.118	1.922	5
1717	1.843	2.255	2.0	1.863	5
1718	1.902	2.137	1.922	1.804	5
1719	2.078	2.314	2.039	1.843	5
1720	2.333	2.471	2.137	1.961	5
1721	2.255	2.294	1.882	2.02	5
1722	2.137	2.137	1.647	1.922	5
1723	2.02	2.137	1.725	1.863	5
1724	1.961	2.157	1.824	1.843	5
1725	1.961	2.078	1.882	1.843	5
1726	1.922	2.02	1.941	1.843	5
1727	1.922	1.961	2.078	1.843	5
1728	1.98	1.902	2.235	1.961	5
1729	2.039	1.824	2.333	2.059	5
1730	2.078	1.784	2.412	2.255	5
1731	2.059	1.706	2.333	2.235	5
1732	2.098	1.706	2.294	2.0	5
1733	2.059	1.784	2.314	1.784	5
1734	1.961	1.784	2.255	1.725	5
1735	1.98	1.725	2.137	1.765	5
1736	1.98	1.667	1.961	1.784	5
1737	2.039	1.745	1.843	1.804	5
1738	1.941	1.843	1.863	1.784	5
1739	2.0	1.961	1.941	1.922	5
1740	1.961	1.902	1.843	2.098	5
1741	1.882	1.804	1.824	2.196	5
1742	1.863	1.784	1.843	2.216	5
1743	1.863	1.804	1.98	2.078	5
1744	1.843	1.765	2.098	2.0	5
1745	1.824	1.725	2.157	2.02	5
1746	1.804	1.647	2.235	2.098	5
1747	1.765	1.667	2.255	2.196	5
1748	1.824	1.627	2.275	2.216	5
1749	1.902	1.667	2.176	2.118	5
1750	1.98	1.706	2.176	1.961	5
1751	2.176	1.745	2.235	1.843	5
1752	2.176	1.725	2.098	1.784	5
1753	2.137	1.745	2.02	1.725	5
1754	1.961	1.765	1.804	1.725	5
1755	1.804	1.824	1.745	1.686	5
1756	1.843	1.882	1.686	1.725	5
1757	1.882	1.863	1.706	1.824	5
1758	1.941	1.804	1.745	1.902	5
1759	2.059	1.882	1.98	2.02	5
1760	2.137	1.922	2.098	2.118	5
1761	2.02	1.804	2.098	2.196	5
1762	2.02	1.804	2.235	2.157	5
1763	1.98	1.765	2.333	2.098	5
1764	2.039	1.784	2.353	2.039	5
1765	2.0	1.804	2.353	2.0	5
1766	2.039	1.804	2.314	2.02	5
1767	2.118	1.804	2.275	2.039	5
1768	2.098	1.843	2.314	2.02	5
1769	2.216	1.882	2.235	1.98	5
1770	2.157	2.0	2.118	1.922	5
1771	2.039	1.922	1.902	1.804	5
1772	2.02	1.941	1.843	1.765	5
1773	2.039	2.078	1.824	1.784	5
1774	2.02	2.0	1.784	1.882	5
1775	2.02	2.0	1.882	1.98	5
1776	1.98	1.922	1.922	2.059	5
1777	1.922	1.843	1.922	2.078	5
1778	1.922	1.824	2.059	2.059	5
1779	1.902	1.882	2.176	2.039	5
1780	1.843	1.843	2.294	2.039	5
1781	1.922	1.804	2.373	2.078	5
1782	1.922	1.804	2.373	2.039	5
1783	1.961	1.843	2.294	2.02	5
1784	1.941	1.784	2.216	2.0	5
1785	1.922	1.765	2.098	1.941	5
1786	2.059	1.922	2.059	1.843	5
1787	2.02	1.98	2.0	1.725	5
1788	1.922	1.961	1.784	1.667	5
1789	1.902	1.98	1.824	1.686	5
1790	1.863	2.02	1.765	1.745	5
1791	1.784	2.059	1.725	1.843	5
1792	1.804	2.039	1.745	1.922	5
1793	1.824	1.961	1.686	1.941	5
1794	1.804	1.863	1.725	1.941	5
1795	1.863	1.843	1.922	2.02	5
1796	2.078	1.863	2.078	2.059	5
1797	2.059	1.922	2.255	2.059	5
1798	1.882	1.843	2.176	2.039	5
1799	1.784	1.784	2.196	2.0	5
1800	1.941	1.784	2.137	1.961	5
1801	2.02	1.804	2.118	1.922	5
1802	2.039	1.882	2.157	1.922	5
1803	1.98	1.941	2.059	1.902	5
1804	2.039	1.961	1.98	1.863	5
1805	2.118	2.02	1.843	1.784	5
1806	2.039	2.059	1.804	1.765	5
1807	1.98	2.098	1.784	1.824	5
1808	1.882	2.078	1.804	1.902	5
1809	1.843	2.059	1.824	2.02	5
1810	1.843	2.039	1.882	2.059	5
1811	1.824	2.0	1.941	2.098	5
1812	1.765	1.941	2.039	2.098	5
1813	1.824	1.882	2.176	2.137	5
1814	1.824	1.804	2.275	2.157	5
1815	1.882	1.804	2.333	2.137	5
1816	1.922	1.784	2.353	2.078	5
1817	1.98	1.784	2.314	2.0	5
1818	1.961	1.804	2.235	1.98	5
1819	1.98	1.804	2.196	1.941	5
1820	2.02	1.804	2.118	1.843	5
1821	2.039	1.902	2.039	1.784	5
1822	2.0	1.863	1.882	1.745	5
1823	1.961	1.882	1.804	1.725	5
1824	1.98	1.922	1.765	1.706	5
1825	1.941	1.961	1.765	1.745	5
1826	1.902	1.98	1.843	1.882	5
1827	1.922	1.922	1.882	2.0	5
1828	1.882	1.882	1.902	2.078	5
1829	1.863	1.902	2.039	2.118	5
1830	1.902	1.824	2.157	2.098	5
1831	1.882	1.765	2.255	2.059	5
1832	1.961	1.725	2.255	2.059	5
1833	1.961	1.725	2.294	2.0	5
1834	2.02	1.725	2.275	1.941	5
1835	2.0	1.745	2.235	1.922	5
1836	2.0	1.784	2.196	1.902	5
1837	2.02	1.804	2.118	1.961	5
1838	2.039	1.863	2.039	1.922	5
1839	2.078	1.863	1.882	1.843	5
1840	1.98	1.922	1.863	1.824	5
1841	2.0	1.98	1.843	1.824	5
1842	1.961	1.98	1.804	1.902	5
1843	1.902	1.941	1.804	1.961	5
1844	1.882	1.922	1.843	1.98	5
1845	1.882	1.902	1.941	2.02	5
1846	1.902	1.98	2.059	2.059	5
1847	1.922	1.863	2.176	2.157	5
1848	1.922	1.804	2.294	2.235	5
1849	1.941	1.804	2.314	2.216	5
1850	1.961	1.784	2.373	2.137	5
1851	2.0	1.784	2.294	2.0	5
1852	2.02	1.804	2.275	1.922	5
1853	2.02	1.824	2.216	1.863	5
1854	2.039	1.824	2.196	1.824	5
1855	2.039	1.882	2.039	1.863	5
1856	2.059	1.902	1.902	1.824	5
1857	1.98	1.922	1.824	1.804	5
1858	1.961	1.98	1.784	1.784	5
1859	1.941	1.98	1.784	1.882	5
1860	1.922	1.98	1.843	1.961	5
1861	1.902	1.941	1.882	2.0	5
1862	1.902	1.922	1.902	2.039	5
1863	1.843	1.941	2.039	2.059	5
1864	1.843	1.863	2.118	2.137	5
1865	1.882	1.784	2.235	2.118	5
1866	1.922	1.765	2.275	2.098	5
1867	1.941	1.784	2.333	2.059	5
1868	2.0	1.784	2.294	2.0	5
1869	2.02	1.824	2.235	1.961	5
1870	2.02	1.824	2.216	1.922	5
1871	2.039	1.824	2.137	1.902	5
1872	2.02	1.882	2.039	1.824	5
1873	2.039	1.922	1.902	1.784	5
1874	1.961	1.941	1.824	1.784	5
1875	1.98	1.961	1.765	1.784	5
1876	1.941	2.0	1.745	1.843	5
1877	1.922	2.0	1.824	1.922	5
1878	1.882	1.98	1.863	1.98	5
1879	1.902	1.922	1.902	2.02	5
1880	1.882	1.902	1.961	2.039	5
1881	1.882	1.882	2.098	2.078	5
1882	1.882	1.863	2.275	2.118	5
1883	1.941	1.824	2.275	2.137	5
1884	1.941	1.824	2.333	2.118	5
1885	2.02	1.804	2.275	2.02	5
1886	2.02	1.824	2.216	1.941	5
1887	2.02	1.863	2.216	1.941	5
1888	2.02	1.902	2.176	1.902	5
1889	2.098	1.941	2.059	1.863	5
1890	2.039	1.961	1.902	1.784	5
1891	1.961	1.961	1.843	1.765	5
1892	1.961	1.98	1.784	1.784	5
1893	1.941	2.02	1.765	1.843	5
1894	1.922	2.039	1.863	1.941	5
1895	1.922	2.02	1.882	2.02	5
1896	1.882	1.941	1.922	2.039	5
1897	1.902	1.882	2.0	2.078	5
1898	1.843	1.863	2.118	2.098	5
1899	1.902	1.824	2.255	2.098	5
1900	1.922	1.824	2.255	2.118	5
1901	1.941	1.765	2.314	2.059	5
1902	2.02	1.765	2.275	1.98	5
1903	2.02	1.824	2.235	1.941	5
1904	2.039	1.863	2.216	1.941	5
1905	2.039	1.843	2.137	1.941	5
1906	2.078	1.902	2.02	1.863	5
1907	2.078	1.922	1.922	1.765	5
1908	2.039	1.941	1.843	1.745	5
1909	1.98	1.961	1.784	1.784	5
1910	1.941	1.961	1.765	1.843	5
1911	1.922	1.941	1.824	1.941	5
1912	1.922	1.961	1.863	2.0	5
1913	1.902	1.922	1.922	2.039	5
1914	1.882	1.863	2.0	2.098	5
1915	1.882	1.843	2.078	2.118	5
1916	1.882	1.784	2.235	2.118	5
1917	1.941	1.745	2.235	2.118	5
1918	1.941	1.745	2.314	2.078	5
1919	2.0	1.765	2.294	2.02	5
1920	2.02	1.804	2.216	1.98	5
1921	2.0	1.804	2.176	1.922	5
1922	2.039	1.804	2.157	1.882	5
1923	2.098	1.902	2.039	1.863	5
1924	2.059	1.902	1.922	1.784	5
1925	2.02	1.941	1.804	1.784	5
1926	1.98	1.98	1.765	1.784	5
1927	1.961	2.02	1.745	1.843	5
1928	1.902	1.961	1.804	1.941	5
1929	1.902	1.941	1.824	2.0	5
1930	1.902	1.922	1.882	2.02	5
1931	1.863	1.941	2.039	2.078	5
1932	1.882	1.863	2.098	2.118	5
1933	1.863	1.784	2.235	2.118	5
1934	1.922	1.784	2.255	2.118	5
1935	1.941	1.784	2.314	2.059	5
1936	2.0	1.784	2.275	2.0	5
1937	2.0	1.784	2.235	1.941	5
1938	1.98	1.784	2.176	1.922	5
1939	2.02	1.824	2.118	1.843	5
1940	2.059	1.902	2.039	1.824	5
1941	2.078	1.961	1.941	1.804	5
1942	1.98	1.941	1.843	1.784	5
1943	1.961	1.961	1.784	1.804	5
1944	1.961	2.02	1.784	1.882	5
1945	1.922	2.0	1.804	1.922	5
1946	1.922	2.0	1.843	2.0	5
1947	2.02	1.941	1.922	2.039	5
1948	1.961	1.961	2.0	2.078	5
1949	1.961	1.863	2.098	2.098	5
1950	2.0	1.843	2.235	2.137	5
1951	2.059	1.824	2.294	2.118	5
1952	2.059	1.784	2.333	2.098	5
1953	2.157	1.784	2.314	2.0	5
1954	2.196	1.804	2.255	1.98	5
1955	2.196	1.824	2.196	1.941	5
1956	2.255	1.843	2.118	1.902	5
1957	2.216	1.882	2.039	1.863	5
1958	2.255	1.941	1.961	1.824	5
1959	2.196	1.922	1.824	1.804	5
1960	2.176	1.961	1.784	1.784	5
1961	2.176	2.0	1.745	1.863	5
1962	2.078	1.961	1.804	1.902	5
1963	2.078	1.961	1.824	2.0	5
1964	2.039	1.941	1.882	2.02	5
1965	2.0	1.863	2.0	2.059	5
1966	2.0	1.882	2.098	2.118	5
1967	1.941	1.804	2.196	2.118	5
1968	1.98	1.765	2.255	2.137	5
1969	1.941	1.765	2.294	2.078	5
1970	1.98	1.725	2.275	2.0	5
1971	1.961	1.725	2.176	1.961	5
1972	1.961	1.745	2.157	1.902	5
1973	1.98	1.804	2.118	1.902	5
1974	2.0	1.882	2.039	1.863	5
1975	2.0	1.902	1.902	1.824	5
1976	1.922	1.882	1.765	1.765	5
1977	1.882	1.922	1.765	1.765	5
1978	1.863	2.02	1.765	1.843	5
1979	1.824	1.98	1.804	1.902	5
1980	1.804	1.922	1.824	2.0	5
1981	1.784	1.902	1.882	2.02	5
1982	1.784	1.882	1.98	2.059	5
1983	1.804	1.882	2.078	2.118	5
1984	1.784	1.863	2.235	2.137	5
1985	1.804	1.824	2.255	2.118	5
1986	1.843	1.804	2.333	2.098	5
1987	1.882	1.824	2.294	2.02	5
1988	1.882	1.804	2.255	1.961	5
1989	1.882	1.824	2.196	1.941	5
1990	1.902	1.882	2.157	1.902	5
1991	1.922	1.902	2.059	1.863	5
1992	1.902	1.941	1.941	1.804	5
1993	1.902	1.961	1.824	1.784	5
1994	1.863	2.02	1.784	1.804	5
1995	1.863	2.02	1.765	1.824	5
1996	1.804	2.039	1.804	1.922	5
1997	1.765	2.0	1.863	1.98	5
1998	1.765	1.941	1.902	2.039	5
1999	1.765	1.922	1.961	2.059	5
