time	channel1	channel2	channel3	channel4	class
0	1.98	1.824	2.0	1.941	4
1	1.961	1.882	2.039	1.941	4
2	1.961	1.922	2.02	1.941	4
3	1.961	1.961	2.039	1.922	4
4	1.882	1.941	2.039	1.902	4
5	1.922	1.98	2.02	1.941	4
6	1.882	1.941	2.0	1.98	4
7	1.922	2.0	2.0	1.961	4
8	1.961	1.961	2.0	1.961	4
9	1.961	1.902	2.0	1.941	4
10	1.941	1.98	2.137	1.961	4
11	2.059	2.059	2.137	2.02	4
12	1.882	1.725	1.961	1.941	4
13	1.882	1.725	2.0	1.882	4
14	1.961	1.784	2.02	1.863	4
15	1.98	1.784	2.039	1.882	4
16	1.961	1.824	2.098	1.941	4
17	1.98	1.863	2.039	1.961	4
18	1.941	1.902	2.059	1.961	4
19	1.922	1.922	2.078	1.961	4
20	1.941	1.941	2.02	1.922	4
21	1.863	1.922	2.0	1.902	4
22	1.863	1.961	2.02	1.902	4
23	1.863	2.0	2.02	1.922	4
24	1.922	2.0	2.039	1.941	4
25	1.941	1.961	2.039	1.941	4
26	1.922	1.922	2.02	1.941	4
27	1.922	1.941	2.118	1.98	4
28	2.02	2.02	2.157	2.02	4
29	1.882	1.725	1.98	2.0	4
30	1.863	1.706	2.0	1.902	4
31	1.941	1.784	2.02	1.863	4
32	1.941	1.824	2.02	1.863	4
33	1.902	1.784	2.059	1.902	4
34	1.922	1.843	2.039	1.941	4
35	1.922	1.863	2.02	1.902	4
36	1.922	1.902	2.039	1.941	4
37	1.922	1.941	2.02	1.941	4
38	1.882	1.902	2.0	1.922	4
39	1.902	1.941	2.0	1.902	4
40	1.902	1.941	2.0	1.941	4
41	1.902	1.961	2.02	1.961	4
42	1.961	1.941	2.0	1.941	4
43	1.941	1.863	2.0	1.941	4
44	1.941	1.941	2.098	1.941	4
45	2.078	1.98	2.098	1.961	4
46	1.882	1.706	1.961	1.941	4
47	1.863	1.667	1.961	1.882	4
48	1.961	1.765	2.02	1.882	4
49	2.0	1.784	2.02	1.863	4
50	1.941	1.745	2.02	1.902	4
51	1.961	1.824	2.02	1.922	4
52	1.961	1.843	2.02	1.922	4
53	1.961	1.902	2.059	1.961	4
54	1.941	1.902	2.02	1.941	4
55	1.863	1.902	2.0	1.922	4
56	1.882	1.902	2.02	1.922	4
57	1.902	1.902	2.02	1.941	4
58	1.961	1.98	2.039	1.922	4
59	2.02	1.961	2.059	1.941	4
60	1.961	1.882	2.039	1.961	4
61	1.961	1.902	2.137	1.961	4
62	2.098	1.98	2.118	2.0	4
63	1.922	1.686	1.961	1.941	4
64	1.922	1.686	2.0	1.882	4
65	1.98	1.765	2.039	1.882	4
66	2.0	1.784	2.059	1.922	4
67	1.961	1.745	2.039	1.922	4
68	1.98	1.824	2.059	1.941	4
69	1.98	1.882	2.078	1.961	4
70	2.02	1.922	2.078	1.941	4
71	1.941	1.922	2.02	1.961	4
72	1.902	1.922	2.039	1.941	4
73	1.941	1.941	2.039	1.941	4
74	1.882	1.922	2.02	1.961	4
75	1.922	1.941	2.02	1.961	4
76	1.98	1.922	2.02	1.961	4
77	1.961	1.882	2.039	1.961	4
78	1.941	1.941	2.196	2.0	4
79	2.078	2.0	2.157	2.059	4
80	1.941	1.725	1.98	2.02	4
81	1.882	1.706	2.02	1.941	4
82	1.961	1.784	2.059	1.902	4
83	1.961	1.824	2.039	1.902	4
84	1.941	1.784	2.078	1.941	4
85	1.98	1.824	2.039	1.98	4
86	1.941	1.863	2.059	2.0	4
87	1.941	1.902	2.059	2.02	4
88	1.902	1.961	2.059	2.02	4
89	1.882	1.961	2.078	2.02	4
90	1.922	1.961	2.039	2.0	4
91	1.902	1.922	2.0	1.961	4
92	1.882	1.961	2.0	1.961	4
93	1.902	1.941	2.059	1.961	4
94	1.902	1.922	2.059	2.02	4
95	1.922	1.98	2.196	2.078	4
96	2.118	2.039	2.176	2.098	4
97	1.961	1.765	2.02	2.039	4
98	1.902	1.706	2.0	1.961	4
99	1.922	1.765	2.039	1.922	4
100	1.941	1.765	2.039	1.902	4
101	1.882	1.784	2.059	1.961	4
102	1.922	1.843	2.059	2.0	4
103	1.941	1.902	2.059	2.039	4
104	1.941	1.922	2.059	2.02	4
105	1.941	1.941	2.039	1.98	4
106	1.882	1.941	2.02	1.961	4
107	1.902	1.941	2.02	1.941	4
108	1.882	1.922	1.98	1.961	4
109	1.902	1.961	2.0	1.961	4
110	1.941	1.922	2.0	1.98	4
111	1.902	1.863	1.98	1.98	4
112	1.882	1.902	2.078	2.02	4
113	1.961	1.961	2.078	2.059	4
114	1.863	1.725	1.922	2.02	4
115	1.863	1.725	2.0	1.941	4
116	1.922	1.804	2.039	1.941	4
117	1.922	1.784	2.02	1.961	4
118	1.882	1.765	2.059	1.961	4
119	1.961	1.843	2.0	1.941	4
120	1.902	1.824	1.98	1.98	4
121	1.882	1.902	2.02	1.98	4
122	1.882	1.922	2.02	1.98	4
123	1.902	1.941	2.039	1.98	4
124	1.922	2.02	2.059	2.02	4
125	1.882	1.961	2.0	2.02	4
126	1.863	1.941	2.0	2.02	4
127	1.961	1.98	2.059	1.98	4
128	1.941	1.922	2.059	1.98	4
129	1.902	1.941	2.157	2.0	4
130	2.039	2.02	2.157	2.02	4
131	1.922	1.725	1.98	2.0	4
132	1.863	1.706	1.98	1.922	4
133	1.961	1.804	2.059	1.902	4
134	1.961	1.824	2.059	1.922	4
135	1.902	1.784	2.039	1.961	4
136	1.902	1.843	2.039	1.98	4
137	1.882	1.882	2.02	1.98	4
138	1.902	1.922	2.059	1.961	4
139	1.863	1.922	2.059	1.941	4
140	1.863	1.961	2.039	1.941	4
141	1.863	1.961	2.02	1.941	4
142	1.824	1.941	2.0	1.961	4
143	1.843	1.98	2.02	1.961	4
144	1.882	1.922	2.02	1.941	4
145	1.863	1.882	2.02	1.941	4
146	1.863	1.941	2.118	1.98	4
147	2.0	2.0	2.137	1.961	4
148	1.843	1.725	1.98	1.961	4
149	1.804	1.686	1.98	1.922	4
150	1.882	1.745	2.02	1.843	4
151	1.902	1.765	2.02	1.843	4
152	1.843	1.784	2.059	1.902	4
153	1.863	1.804	2.02	1.922	4
154	1.863	1.843	2.02	1.922	4
155	1.843	1.902	2.059	1.922	4
156	1.863	1.941	2.039	1.902	4
157	1.804	1.902	2.0	1.902	4
158	1.824	1.922	2.02	1.902	4
159	1.804	1.882	1.98	1.922	4
160	1.843	1.941	2.02	1.922	4
161	1.902	1.98	2.059	1.941	4
162	1.863	1.863	2.02	1.941	4
163	1.843	1.882	2.118	1.961	4
164	1.98	1.98	2.137	1.961	4
165	1.902	1.745	1.98	1.941	4
166	1.824	1.706	2.0	1.882	4
167	1.902	1.765	2.078	1.882	4
168	1.922	1.804	2.078	1.922	4
169	1.882	1.765	2.059	1.922	4
170	1.922	1.804	2.02	1.922	4
171	1.882	1.863	2.039	1.882	4
172	1.902	1.922	2.098	1.922	4
173	1.922	1.961	2.098	1.941	4
174	1.882	1.902	2.02	1.941	4
175	1.863	1.961	2.039	1.941	4
176	1.843	1.922	2.039	1.941	4
177	1.882	1.961	2.02	1.941	4
178	1.922	1.941	2.02	1.902	4
179	1.922	1.882	2.039	1.902	4
180	1.882	1.922	2.137	1.941	4
181	2.02	2.0	2.137	1.98	4
182	1.902	1.745	1.98	1.961	4
183	1.882	1.686	2.0	1.882	4
184	1.98	1.804	2.059	1.863	4
185	2.0	1.843	2.078	1.882	4
186	1.902	1.765	2.039	1.922	4
187	1.902	1.843	2.039	1.922	4
188	1.941	1.882	2.02	1.922	4
189	1.941	1.922	2.039	1.922	4
190	1.941	1.941	2.059	1.922	4
191	1.941	1.941	2.039	1.922	4
192	1.941	1.98	2.039	1.922	4
193	1.922	1.98	2.059	1.941	4
194	1.922	2.0	2.059	1.961	4
195	1.98	1.961	2.039	1.941	4
196	1.98	1.882	2.0	1.941	4
197	1.961	1.902	2.098	1.941	4
198	2.078	2.02	2.157	1.98	4
199	1.98	1.725	1.961	1.941	4
200	1.922	1.667	2.0	1.922	4
201	2.0	1.804	2.059	1.882	4
202	2.02	1.804	2.039	1.902	4
203	1.98	1.784	2.059	1.922	4
204	1.98	1.804	2.02	1.922	4
205	2.0	1.843	2.039	1.902	4
206	1.98	1.961	2.078	1.941	4
207	1.98	1.941	2.039	1.98	4
208	1.922	1.902	2.0	1.98	4
209	1.98	1.961	2.02	1.941	4
210	1.941	1.961	2.0	1.941	4
211	1.941	1.98	2.02	1.941	4
212	2.0	1.98	2.039	1.961	4
213	1.98	1.882	2.039	1.98	4
214	1.98	1.902	2.118	2.0	4
215	2.137	2.02	2.137	2.02	4
216	2.02	1.784	1.98	2.0	4
217	1.902	1.706	2.0	1.961	4
218	1.98	1.804	2.078	1.922	4
219	2.059	1.843	2.059	1.922	4
220	1.98	1.804	2.059	1.941	4
221	2.02	1.843	2.039	1.961	4
222	2.0	1.863	2.039	1.98	4
223	1.98	1.902	2.039	1.98	4
224	1.98	1.941	2.059	2.0	4
225	1.961	1.922	2.02	1.961	4
226	1.961	1.98	2.02	1.98	4
227	1.941	1.941	2.0	2.0	4
228	1.961	1.961	2.0	1.98	4
229	2.02	1.98	2.02	1.961	4
230	2.0	1.902	2.02	1.961	4
231	1.961	1.922	2.098	1.98	4
232	2.078	2.0	2.137	2.02	4
233	1.98	1.745	1.941	2.02	4
234	1.922	1.706	1.961	1.941	4
235	2.0	1.804	2.02	1.902	4
236	2.0	1.784	2.039	1.922	4
237	1.922	1.745	2.02	1.941	4
238	1.941	1.863	2.039	1.961	4
239	1.98	1.922	2.078	1.98	4
240	2.0	1.961	2.059	1.98	4
241	2.0	1.941	2.039	1.961	4
242	1.941	1.922	2.0	1.961	4
243	1.902	1.98	2.0	1.961	4
244	1.902	1.941	2.0	1.98	4
245	1.902	1.98	2.02	1.98	4
246	1.98	1.98	2.059	1.98	4
247	1.98	1.922	2.039	1.941	4
248	2.0	1.882	2.098	1.961	4
249	2.118	2.039	2.157	2.0	4
250	2.059	1.784	2.0	2.0	4
251	1.922	1.686	1.98	1.961	4
252	1.98	1.765	2.0	1.902	4
253	2.02	1.784	2.039	1.882	4
254	1.98	1.784	2.059	1.882	4
255	2.02	1.843	2.059	1.902	4
256	2.0	1.882	2.039	1.922	4
257	1.961	1.902	2.0	1.961	4
258	1.98	1.922	2.02	1.941	4
259	1.961	1.922	2.039	1.902	4
260	1.961	1.961	1.98	1.902	4
261	1.961	1.941	1.961	1.882	4
262	1.98	1.961	2.0	1.902	4
263	2.02	2.0	2.059	1.941	4
264	1.941	1.863	2.0	1.961	4
265	1.941	1.843	2.039	1.98	4
266	2.118	2.02	2.157	1.98	4
267	2.039	1.784	1.98	1.941	4
268	1.961	1.765	2.0	1.902	4
269	2.0	1.804	2.02	1.902	4
270	2.02	1.765	2.0	1.882	4
271	1.98	1.784	2.02	1.902	4
272	2.0	1.843	2.02	1.922	4
273	1.98	1.863	2.039	1.961	4
274	1.961	1.941	2.039	1.98	4
275	2.0	1.98	2.059	1.98	4
276	2.0	1.922	2.0	1.961	4
277	1.961	1.961	2.0	1.941	4
278	1.961	1.961	2.059	1.961	4
279	1.98	2.0	2.059	2.0	4
280	2.02	1.922	2.0	1.98	4
281	2.0	1.882	2.0	1.961	4
282	1.98	1.882	2.098	2.0	4
283	2.098	2.0	2.118	2.039	4
284	2.02	1.804	2.0	2.0	4
285	1.961	1.706	1.98	1.961	4
286	2.0	1.784	2.039	1.941	4
287	2.059	1.824	2.098	1.941	4
288	2.02	1.784	2.078	1.98	4
289	2.02	1.843	2.039	1.961	4
290	2.02	1.843	2.02	1.941	4
291	2.02	1.941	2.078	1.941	4
292	2.0	1.941	2.059	1.961	4
293	1.961	1.941	2.039	2.0	4
294	1.98	2.0	2.078	2.02	4
295	1.98	1.98	2.078	2.02	4
296	1.98	1.98	2.078	2.0	4
297	2.02	2.0	2.078	2.0	4
298	2.02	1.902	2.078	1.98	4
299	2.039	1.902	2.157	2.0	4
300	2.137	2.0	2.176	2.02	4
301	2.059	1.804	2.059	2.02	4
302	1.98	1.706	2.039	1.98	4
303	2.039	1.784	2.059	1.922	4
304	2.059	1.824	2.078	1.941	4
305	2.039	1.843	2.118	1.941	4
306	2.02	1.863	2.118	2.0	4
307	2.0	1.863	2.078	2.02	4
308	2.02	1.922	2.059	2.0	4
309	2.0	1.961	2.059	1.961	4
310	2.0	1.941	2.078	1.961	4
311	2.0	2.0	2.078	1.98	4
312	2.0	1.98	2.059	1.98	4
313	2.0	1.98	2.078	1.98	4
314	2.0	1.98	2.059	1.98	4
315	2.0	1.922	2.059	1.961	4
316	2.02	1.922	2.137	1.98	4
317	2.137	2.02	2.176	2.02	4
318	2.02	1.804	2.039	2.02	4
319	1.941	1.745	2.039	2.0	4
320	2.039	1.784	2.02	1.941	4
321	2.078	1.804	2.059	1.882	4
322	2.02	1.824	2.078	1.922	4
323	2.02	1.902	2.078	1.961	4
324	2.02	1.902	2.078	2.0	4
325	2.02	1.941	2.059	2.0	4
326	2.02	1.961	2.059	1.98	4
327	2.0	1.941	2.039	1.961	4
328	1.961	1.961	2.02	1.961	4
329	1.961	1.941	2.02	1.98	4
330	2.0	1.98	2.039	2.0	4
331	2.039	1.98	2.02	1.961	4
332	2.0	1.922	2.039	1.98	4
333	1.98	1.843	2.059	1.98	4
334	2.118	1.98	2.137	2.059	4
335	2.059	1.745	1.941	2.0	4
336	1.98	1.667	1.961	1.922	4
337	2.02	1.784	2.0	1.902	4
338	2.039	1.765	2.02	1.902	4
339	2.02	1.745	2.02	1.922	4
340	2.039	1.804	2.02	1.941	4
341	2.02	1.824	1.98	1.961	4
342	2.0	1.863	2.02	1.961	4
343	1.98	1.961	2.059	1.98	4
344	2.0	1.922	2.0	1.961	4
345	1.98	1.941	2.0	1.961	4
346	1.941	1.941	2.0	1.961	4
347	1.961	1.941	2.039	1.961	4
348	2.039	1.961	2.02	1.961	4
349	2.02	1.882	2.0	1.941	4
350	2.02	1.843	2.039	1.941	4
351	2.137	2.02	2.157	2.02	4
352	2.078	1.843	2.059	2.02	4
353	1.98	1.725	2.0	2.0	4
354	2.039	1.745	2.02	1.941	4
355	2.059	1.824	2.078	1.902	4
356	2.039	1.804	2.118	1.941	4
357	2.078	1.843	2.059	1.98	4
358	2.039	1.843	2.039	1.98	4
359	2.059	1.922	2.078	2.0	4
360	2.039	1.961	2.078	1.98	4
361	2.02	1.941	2.078	1.961	4
362	2.02	1.98	2.059	1.98	4
363	2.02	1.941	2.02	1.941	4
364	2.039	1.941	2.059	1.941	4
365	2.039	1.98	2.059	1.941	4
366	2.039	1.922	2.059	1.961	4
367	2.02	1.882	2.078	2.0	4
368	2.176	2.0	2.157	2.039	4
369	2.078	1.863	2.039	2.02	4
370	1.98	1.725	2.039	1.961	4
371	2.0	1.765	2.02	1.922	4
372	2.0	1.804	2.059	1.882	4
373	1.961	1.784	2.059	1.902	4
374	1.961	1.843	2.039	1.961	4
375	2.0	1.882	2.039	1.961	4
376	2.02	1.941	2.078	2.0	4
377	2.02	1.961	2.059	1.98	4
378	1.941	1.941	2.039	1.961	4
379	1.902	1.98	2.039	1.961	4
380	1.902	1.961	2.039	1.98	4
381	1.922	1.961	2.039	1.961	4
382	1.98	2.0	2.059	1.961	4
383	1.941	1.941	2.039	1.961	4
384	1.941	1.824	2.059	1.98	4
385	2.059	2.02	2.176	2.039	4
386	2.02	1.824	2.02	2.02	4
387	1.922	1.725	2.0	1.961	4
388	1.941	1.765	2.02	1.902	4
389	1.961	1.784	2.059	1.902	4
390	1.961	1.784	2.059	1.902	4
391	1.98	1.843	2.039	1.922	4
392	1.941	1.843	2.02	1.922	4
393	1.922	1.922	2.078	1.961	4
394	1.941	1.941	2.059	2.0	4
395	1.941	1.922	2.039	1.98	4
396	1.941	1.902	2.0	1.961	4
397	1.863	1.902	2.0	1.941	4
398	1.863	1.941	2.039	1.961	4
399	1.961	1.941	2.02	1.961	4
400	1.961	1.882	2.02	1.961	4
401	1.941	1.843	2.059	1.98	4
402	2.059	1.98	2.137	2.039	4
403	2.0	1.765	1.98	2.02	4
404	1.882	1.667	1.961	1.961	4
405	1.941	1.765	2.039	1.922	4
406	1.961	1.824	2.059	1.922	4
407	1.922	1.765	2.059	1.941	4
408	1.941	1.804	2.039	1.98	4
409	1.941	1.843	2.039	1.98	4
410	1.961	1.902	2.02	2.0	4
411	1.961	1.961	2.059	1.98	4
412	1.902	1.922	2.039	1.98	4
413	1.902	1.941	2.0	1.98	4
414	1.882	1.941	2.02	1.961	4
415	1.902	1.98	2.039	1.98	4
416	1.941	1.961	2.039	1.98	4
417	1.902	1.882	2.02	2.0	4
418	1.922	1.863	2.078	1.98	4
419	2.059	1.98	2.137	2.039	4
420	1.98	1.824	2.0	2.02	4
421	1.863	1.667	1.98	1.961	4
422	1.922	1.745	2.039	1.922	4
423	1.961	1.784	2.039	1.902	4
424	1.941	1.765	2.059	1.922	4
425	1.922	1.824	2.039	1.961	4
426	1.922	1.804	2.039	1.98	4
427	1.941	1.863	2.039	1.98	4
428	1.941	1.922	2.02	1.922	4
429	1.902	1.941	2.059	1.941	4
430	1.902	1.941	2.059	1.961	4
431	1.902	1.922	2.0	1.98	4
432	1.863	1.922	2.0	1.961	4
433	1.922	1.961	2.039	1.941	4
434	1.902	1.902	2.039	1.941	4
435	1.922	1.824	2.098	1.98	4
436	2.059	2.0	2.157	2.039	4
437	1.961	1.784	2.0	1.98	4
438	1.843	1.686	1.98	1.922	4
439	1.902	1.745	2.039	1.902	4
440	1.961	1.784	2.059	1.902	4
441	1.922	1.765	2.039	1.922	4
442	1.902	1.843	2.039	1.941	4
443	1.863	1.863	2.039	1.941	4
444	1.882	1.902	2.078	1.941	4
445	1.902	1.922	2.039	1.961	4
446	1.922	1.922	2.02	1.941	4
447	1.922	1.941	2.039	1.922	4
448	1.902	1.961	2.039	1.961	4
449	1.863	1.961	2.02	1.961	4
450	1.902	1.961	2.02	1.961	4
451	1.902	1.902	2.039	1.941	4
452	1.922	1.863	2.059	1.941	4
453	2.059	1.98	2.137	2.0	4
454	2.02	1.824	2.02	2.0	4
455	1.902	1.706	1.98	1.941	4
456	1.98	1.745	2.039	1.902	4
457	2.0	1.804	2.059	1.902	4
458	1.98	1.784	2.078	1.922	4
459	1.98	1.804	2.02	1.941	4
460	1.941	1.824	2.02	1.922	4
461	1.941	1.922	2.059	1.961	4
462	1.98	1.941	2.039	1.961	4
463	1.922	1.922	2.039	1.98	4
464	1.941	1.961	2.039	1.961	4
465	1.961	1.961	2.02	1.941	4
466	1.922	1.98	2.039	1.961	4
467	1.941	1.961	2.02	1.941	4
468	1.922	1.882	2.02	1.941	4
469	1.941	1.843	2.039	1.941	4
470	2.078	2.0	2.137	2.0	4
471	2.02	1.863	2.02	2.0	4
472	1.882	1.706	1.98	1.941	4
473	1.941	1.765	2.0	1.882	4
474	1.98	1.804	2.02	1.863	4
475	1.941	1.804	2.059	1.882	4
476	1.961	1.882	2.098	1.941	4
477	1.961	1.863	2.059	1.98	4
478	1.941	1.882	2.039	1.98	4
479	1.941	1.922	2.02	1.941	4
480	1.902	1.941	2.02	1.922	4
481	1.902	1.961	2.059	1.922	4
482	1.902	1.961	2.039	1.961	4
483	1.882	1.961	2.039	1.98	4
484	1.941	1.961	2.02	1.961	4
485	1.902	1.902	2.039	1.941	4
486	1.941	1.902	2.098	1.961	4
487	2.078	2.039	2.157	2.02	4
488	2.0	1.843	2.02	2.0	4
489	1.882	1.725	2.0	1.961	4
490	1.922	1.765	2.059	1.922	4
491	1.961	1.804	2.059	1.922	4
492	1.941	1.784	2.059	1.922	4
493	1.961	1.824	2.059	1.941	4
494	1.941	1.863	2.039	1.941	4
495	1.922	1.902	2.078	1.961	4
496	1.941	1.941	2.059	1.961	4
497	1.941	1.941	2.039	1.941	4
498	1.902	1.98	2.039	1.941	4
499	1.902	1.98	2.059	1.98	4
500	1.922	1.961	2.039	1.98	4
501	1.98	1.98	2.02	1.941	4
502	1.98	1.922	2.02	1.941	4
503	1.941	1.882	2.039	1.922	4
504	2.059	2.02	2.137	1.98	4
505	2.02	1.863	2.02	2.02	4
506	1.882	1.706	1.98	1.941	4
507	1.941	1.784	2.02	1.902	4
508	1.98	1.843	2.059	1.902	4
509	1.961	1.784	2.039	1.902	4
510	1.941	1.824	2.02	1.941	4
511	1.941	1.863	2.02	1.941	4
512	1.961	1.902	2.059	1.941	4
513	1.961	1.961	2.059	1.961	4
514	1.941	1.941	2.02	1.961	4
515	1.922	1.961	2.0	1.922	4
516	1.922	1.941	1.98	1.941	4
517	1.902	1.961	2.0	1.941	4
518	1.961	1.961	2.02	1.961	4
519	1.961	1.902	2.0	1.961	4
520	1.961	1.882	2.02	1.961	4
521	2.098	2.02	2.118	2.0	4
522	2.039	1.863	2.02	1.98	4
523	1.902	1.706	1.961	1.961	4
524	1.961	1.784	2.039	1.922	4
525	2.0	1.804	2.02	1.882	4
526	1.961	1.804	2.039	1.902	4
527	1.961	1.824	2.039	1.941	4
528	1.941	1.843	2.0	1.98	4
529	1.961	1.902	2.039	1.961	4
530	1.922	1.941	2.02	1.941	4
531	1.922	1.941	2.0	1.941	4
532	1.902	1.961	2.02	1.941	4
533	1.882	1.961	2.0	1.961	4
534	1.882	1.941	2.0	1.961	4
535	1.941	1.98	2.0	1.961	4
536	1.922	1.922	2.02	1.961	4
537	1.902	1.843	2.0	1.961	4
538	2.0	1.961	2.098	1.98	4
539	1.961	1.863	2.0	2.0	4
540	1.824	1.725	1.961	1.961	4
541	1.902	1.784	2.039	1.922	4
542	1.98	1.843	2.039	1.941	4
543	1.961	1.765	2.0	1.922	4
544	1.922	1.824	2.0	1.941	4
545	1.902	1.863	2.0	1.922	4
546	1.882	1.902	2.059	1.941	4
547	1.882	1.941	2.02	1.961	4
548	1.902	1.961	2.02	1.961	4
549	1.902	2.0	2.039	1.98	4
550	1.922	2.0	2.02	1.961	4
551	1.882	1.961	2.0	1.98	4
552	1.961	1.961	2.0	1.961	4
553	1.941	1.882	2.0	1.941	4
554	1.902	1.843	2.039	1.961	4
555	2.02	1.961	2.098	2.02	4
556	2.0	1.843	2.0	2.02	4
557	1.882	1.706	1.98	1.961	4
558	1.922	1.725	2.059	1.941	4
559	1.961	1.784	2.059	1.941	4
560	1.941	1.745	2.059	1.961	4
561	1.922	1.824	2.039	1.961	4
562	1.922	1.824	2.0	1.961	4
563	1.922	1.882	2.02	1.941	4
564	1.902	1.863	2.02	1.961	4
565	1.882	1.922	2.02	1.941	4
566	1.902	2.0	2.059	1.941	4
567	1.922	2.02	2.078	1.98	4
568	1.922	2.0	2.02	2.0	4
569	1.98	1.941	1.98	1.961	4
570	1.941	1.863	1.961	1.961	4
571	1.922	1.824	2.02	1.941	4
572	2.059	2.0	2.137	1.98	4
573	2.0	1.863	2.039	2.0	4
574	1.863	1.667	1.941	1.961	4
575	1.922	1.706	1.98	1.882	4
576	1.98	1.784	2.02	1.863	4
577	1.961	1.804	2.059	1.922	4
578	2.0	1.922	2.098	1.98	4
579	2.02	1.863	1.961	1.98	4
580	2.0	1.824	1.922	1.882	4
581	1.882	1.882	2.039	1.882	4
582	1.843	1.922	2.02	1.922	4
583	1.863	1.922	1.98	1.941	4
584	1.882	1.882	1.941	1.941	4
585	1.882	1.941	2.0	1.941	4
586	2.0	2.118	2.078	1.961	4
587	2.078	2.059	2.098	1.98	4
588	2.0	1.863	2.02	1.98	4
589	2.039	1.902	2.098	1.98	4
590	2.02	1.784	2.02	1.941	4
591	1.863	1.647	1.922	1.824	4
592	1.902	1.745	2.039	1.804	4
593	1.98	1.784	2.078	1.882	4
594	2.0	1.706	2.078	1.961	4
595	2.02	1.863	2.098	1.98	4
596	2.02	1.98	2.157	2.02	4
597	1.98	1.941	2.118	2.0	4
598	1.98	1.784	1.961	1.902	4
599	1.961	1.804	1.961	1.843	4
600	1.902	1.922	2.078	1.882	4
601	1.941	1.863	2.039	1.961	4
602	1.922	1.922	2.098	2.039	4
603	2.02	2.078	2.176	2.02	4
604	2.039	1.98	2.098	1.961	4
605	2.039	1.902	2.078	1.882	4
606	2.098	2.059	2.235	1.902	4
607	2.137	1.922	2.098	1.98	4
608	2.059	1.647	1.941	2.0	4
609	1.961	1.569	1.961	1.902	4
610	1.941	1.627	2.078	1.902	4
611	1.941	1.647	2.039	1.961	4
612	1.922	1.765	2.059	2.0	4
613	2.0	1.843	2.118	1.961	4
614	2.078	1.941	2.176	1.902	4
615	2.039	1.941	2.02	1.863	4
616	1.961	1.922	1.98	1.922	4
617	1.98	1.961	1.98	1.922	4
618	1.961	1.882	2.02	1.941	4
619	1.863	1.824	2.059	2.0	4
620	1.804	1.824	2.078	2.02	4
621	1.843	1.882	2.078	1.961	4
622	1.902	1.843	2.0	1.961	4
623	1.902	1.941	2.078	2.137	4
624	1.98	1.784	2.039	2.196	4
625	1.941	1.725	2.059	2.137	4
626	2.059	1.98	2.235	2.0	4
627	2.176	1.98	2.196	1.882	4
628	2.078	1.922	2.176	1.882	4
629	1.902	1.843	2.118	2.0	4
630	1.882	1.824	2.0	2.137	4
631	1.902	1.824	1.98	2.216	4
632	1.863	1.824	2.078	2.216	4
633	1.902	1.922	2.255	2.176	4
634	1.98	2.0	2.235	2.098	4
635	1.961	1.843	2.039	1.98	4
636	2.0	1.941	2.098	1.941	4
637	2.078	2.02	2.118	2.0	4
638	2.078	1.843	2.039	2.039	4
639	2.078	1.745	2.039	2.118	4
640	2.157	1.961	2.157	2.216	4
641	2.137	1.824	2.0	2.176	4
642	2.02	1.745	2.039	2.02	4
643	1.941	1.647	2.039	1.902	4
644	1.824	1.588	1.98	1.882	4
645	1.961	1.608	1.98	1.863	4
646	2.098	1.686	2.02	1.882	4
647	2.039	1.667	1.98	1.961	4
648	2.02	1.745	2.039	2.059	4
649	2.02	1.922	2.078	2.137	4
650	2.02	1.941	2.0	2.137	4
651	1.902	2.098	2.02	2.098	4
652	1.863	2.137	2.02	2.02	4
653	2.039	2.078	1.941	1.863	4
654	2.078	1.941	1.843	1.706	4
655	1.804	1.706	1.784	1.745	4
656	1.745	1.765	1.941	1.961	4
657	1.882	1.902	1.961	2.118	4
658	2.02	1.902	1.863	2.098	4
659	1.941	1.804	1.824	2.118	4
660	1.882	1.961	2.0	2.157	4
661	1.98	2.0	2.0	2.157	4
662	1.902	1.902	1.902	2.118	4
663	1.824	1.863	1.843	2.078	4
664	1.725	1.784	1.765	2.039	4
665	1.667	1.882	1.784	2.039	4
666	1.686	1.902	1.745	2.02	4
667	1.765	1.961	1.745	2.039	4
668	1.725	2.039	1.941	2.235	4
669	1.667	2.039	1.961	2.569	4
670	1.647	1.98	1.843	2.725	4
671	1.706	2.0	1.882	2.647	4
672	1.745	1.961	1.902	2.431	4
673	1.784	1.843	1.902	2.353	4
674	1.843	1.941	1.98	2.373	4
675	1.784	1.686	1.824	2.412	4
676	1.608	1.451	1.725	2.353	4
677	1.745	1.431	1.863	2.314	4
678	1.941	1.745	2.216	2.392	4
679	2.118	1.765	2.137	2.431	4
680	2.078	1.471	1.902	2.412	4
681	1.765	1.235	1.784	2.353	4
682	1.745	1.569	2.02	2.353	4
683	1.882	1.706	2.098	2.373	4
684	1.961	1.588	2.039	2.275	4
685	2.098	1.529	1.961	2.157	4
686	2.078	1.627	2.059	2.078	4
687	1.98	1.667	2.118	2.078	4
688	1.922	1.608	2.039	2.059	4
689	1.961	1.686	2.137	2.098	4
690	2.118	1.843	2.255	2.157	4
691	2.333	1.941	2.255	2.216	4
692	2.196	1.784	2.118	2.157	4
693	1.804	1.588	2.039	2.039	4
694	1.765	1.745	2.216	1.882	4
695	1.824	1.824	2.196	1.725	4
696	1.765	1.745	2.216	1.667	4
697	1.804	1.902	2.176	1.667	4
698	1.843	1.98	2.137	1.745	4
699	1.863	2.039	2.157	1.824	4
700	1.941	2.0	2.137	1.765	4
701	1.843	2.098	2.196	1.647	4
702	1.627	2.137	2.176	1.471	4
703	1.686	2.275	2.255	1.353	4
704	1.765	2.216	2.157	1.431	4
705	1.686	2.118	2.059	1.647	4
706	1.863	2.157	2.098	1.765	4
707	2.02	2.118	2.137	1.784	4
708	2.118	2.275	2.196	1.608	4
709	2.098	2.216	2.078	1.314	4
710	1.882	2.0	1.961	1.098	4
711	1.804	1.922	1.902	1.078	4
712	1.922	2.059	1.961	1.294	4
713	2.137	2.176	2.039	1.51	4
714	2.216	2.255	2.118	1.667	4
715	2.196	2.294	2.196	1.784	4
716	2.216	2.412	2.255	1.725	4
717	2.137	2.314	2.039	1.529	4
718	2.216	2.353	2.02	1.392	4
719	2.294	2.392	2.0	1.412	4
720	2.314	2.333	1.902	1.451	4
721	2.294	2.333	2.039	1.51	4
722	2.333	2.471	2.196	1.608	4
723	2.353	2.49	2.255	1.706	4
724	2.529	2.51	2.235	1.804	4
725	2.569	2.431	2.137	1.824	4
726	2.51	2.196	2.078	1.824	4
727	2.314	2.039	2.059	1.745	4
728	2.373	2.078	2.118	1.627	4
729	2.49	2.176	2.176	1.627	4
730	2.431	2.118	2.157	1.686	4
731	2.431	2.039	2.118	1.784	4
732	2.49	2.059	2.157	1.804	4
733	2.392	2.0	2.098	1.843	4
734	2.314	1.922	2.059	1.863	4
735	2.275	1.922	2.098	1.824	4
736	2.333	1.922	2.078	1.824	4
737	2.353	1.863	1.98	1.843	4
738	2.255	1.765	1.941	1.882	4
739	2.275	1.902	2.059	1.941	4
740	2.216	1.882	2.176	2.0	4
741	2.235	1.843	2.118	1.941	4
742	2.373	2.078	2.196	1.922	4
743	2.569	2.196	2.275	1.922	4
744	2.373	1.725	1.98	1.922	4
745	2.235	1.725	2.059	2.0	4
746	2.353	1.902	2.078	2.078	4
747	2.451	2.02	2.216	2.196	4
748	2.392	2.118	2.235	2.176	4
749	2.333	2.137	2.216	2.137	4
750	2.373	2.333	2.294	2.176	4
751	2.569	2.51	2.333	2.235	4
752	2.686	2.608	2.373	2.255	4
753	2.569	2.549	2.333	2.235	4
754	2.549	2.608	2.294	2.216	4
755	2.529	2.588	2.353	2.196	4
756	2.51	2.588	2.294	2.235	4
757	2.569	2.51	2.294	2.235	4
758	2.627	2.549	2.392	2.294	4
759	2.706	2.627	2.412	2.412	4
760	2.686	2.451	2.314	2.333	4
761	2.412	2.216	2.255	2.176	4
762	2.431	2.275	2.294	2.098	4
763	2.51	2.373	2.412	2.078	4
764	2.588	2.49	2.431	2.157	4
765	2.51	2.255	2.255	2.196	4
766	2.353	2.196	2.216	2.196	4
767	2.275	2.157	2.216	2.176	4
768	2.294	2.275	2.216	2.098	4
769	2.314	2.255	2.196	1.98	4
770	2.196	2.157	2.098	1.902	4
771	2.039	2.216	2.157	1.922	4
772	1.941	2.216	2.157	1.98	4
773	1.98	2.157	2.098	1.98	4
774	1.98	2.0	1.98	1.863	4
775	1.902	1.941	2.0	1.745	4
776	1.98	2.0	2.137	1.745	4
777	1.941	1.902	2.078	1.824	4
778	1.549	1.588	1.843	1.804	4
779	1.529	1.588	1.824	1.686	4
780	1.667	1.686	1.863	1.549	4
781	1.667	1.569	1.863	1.431	4
782	1.627	1.569	1.863	1.392	4
783	1.569	1.51	1.824	1.392	4
784	1.51	1.569	1.804	1.51	4
785	1.431	1.647	1.824	1.627	4
786	1.412	1.549	1.745	1.627	4
787	1.294	1.471	1.706	1.549	4
788	1.275	1.529	1.706	1.451	4
789	1.294	1.51	1.725	1.451	4
790	1.451	1.471	1.745	1.51	4
791	1.431	1.392	1.765	1.627	4
792	1.314	1.314	1.804	1.706	4
793	1.392	1.451	1.882	1.725	4
794	1.451	1.431	1.843	1.725	4
795	1.255	1.098	1.725	1.686	4
796	1.118	1.0	1.725	1.667	4
797	1.196	1.02	1.784	1.686	4
798	1.275	1.078	1.804	1.765	4
799	1.353	1.235	1.804	1.804	4
800	1.471	1.255	1.843	1.863	4
801	1.569	1.275	1.843	1.863	4
802	1.275	1.02	1.765	1.863	4
803	1.039	1.118	1.824	1.922	4
804	1.059	1.216	1.882	2.0	4
805	1.176	1.196	1.804	2.02	4
806	1.294	1.157	1.784	1.922	4
807	1.451	1.176	1.765	1.882	4
808	1.392	1.118	1.804	1.902	4
809	1.333	1.118	1.863	1.941	4
810	1.412	1.353	2.0	2.059	4
811	1.49	1.373	1.922	2.118	4
812	1.431	1.0	1.725	2.02	4
813	1.451	0.961	1.824	1.922	4
814	1.471	1.059	1.902	1.902	4
815	1.471	1.078	1.882	1.961	4
816	1.451	1.137	1.882	2.0	4
817	1.451	1.314	1.98	1.98	4
818	1.529	1.51	2.098	1.98	4
819	1.647	1.451	1.961	2.039	4
820	1.686	1.49	1.941	2.059	4
821	1.569	1.549	1.961	1.98	4
822	1.549	1.549	1.961	1.922	4
823	1.588	1.588	2.02	2.0	4
824	1.647	1.706	2.039	2.078	4
825	1.647	1.706	2.039	2.039	4
826	1.627	1.725	2.059	2.02	4
827	1.765	1.843	2.137	2.0	4
828	1.824	1.765	2.02	2.0	4
829	1.667	1.588	1.98	1.941	4
830	1.686	1.627	2.059	1.941	4
831	1.745	1.725	2.059	1.941	4
832	1.706	1.647	2.059	1.98	4
833	1.686	1.706	2.078	2.039	4
834	1.706	1.784	2.059	2.02	4
835	1.647	1.784	2.02	1.961	4
836	1.667	1.863	2.098	1.941	4
837	1.706	2.0	2.098	1.941	4
838	1.686	1.922	1.98	1.922	4
839	1.647	1.902	1.961	1.941	4
840	1.647	1.922	2.0	1.961	4
841	1.804	2.0	2.078	1.98	4
842	1.941	2.059	2.118	1.961	4
843	1.961	1.98	2.078	1.902	4
844	1.98	2.078	2.137	1.922	4
845	1.843	2.039	2.039	1.922	4
846	1.706	1.824	1.961	1.882	4
847	1.843	1.863	1.98	1.882	4
848	1.98	1.961	2.039	1.882	4
849	1.98	1.941	2.0	1.882	4
850	1.961	2.02	2.098	1.902	4
851	2.039	2.078	2.059	1.902	4
852	2.02	2.059	2.0	1.863	4
853	1.961	2.039	1.941	1.824	4
854	1.961	2.118	1.98	1.843	4
855	2.02	2.157	2.0	1.882	4
856	2.098	2.176	2.02	1.902	4
857	2.078	2.157	2.039	1.882	4
858	2.078	2.196	2.02	1.902	4
859	2.02	2.118	1.98	1.961	4
860	2.02	2.059	1.98	2.02	4
861	2.196	2.196	2.118	2.02	4
862	2.294	2.157	2.039	1.902	4
863	2.078	1.902	1.961	1.843	4
864	2.098	1.941	2.059	1.863	4
865	2.235	2.02	2.059	1.902	4
866	2.275	1.961	2.039	1.863	4
867	2.255	1.941	2.02	1.863	4
868	2.176	2.059	2.078	1.902	4
869	2.196	2.176	2.196	1.941	4
870	2.196	2.157	2.216	1.98	4
871	2.255	2.216	2.196	2.02	4
872	2.333	2.118	2.098	1.961	4
873	2.314	2.176	2.176	1.882	4
874	2.294	2.235	2.235	1.882	4
875	2.294	2.235	2.216	1.941	4
876	2.294	2.176	2.196	2.0	4
877	2.294	2.098	2.157	1.961	4
878	2.314	2.157	2.235	1.961	4
879	2.353	2.157	2.235	2.078	4
880	2.294	1.922	2.196	2.098	4
881	2.333	1.98	2.275	2.098	4
882	2.314	2.0	2.314	2.078	4
883	2.314	1.961	2.275	2.098	4
884	2.294	1.902	2.216	2.098	4
885	2.314	1.961	2.235	2.098	4
886	2.275	2.02	2.255	2.157	4
887	2.275	1.98	2.157	2.176	4
888	2.196	1.98	2.196	2.255	4
889	2.157	1.98	2.176	2.255	4
890	2.216	1.98	2.157	2.196	4
891	2.176	2.098	2.255	2.216	4
892	2.196	2.02	2.157	2.275	4
893	2.118	1.784	2.098	2.314	4
894	2.157	1.804	2.137	2.294	4
895	2.196	1.922	2.235	2.275	4
896	2.255	1.941	2.255	2.255	4
897	2.078	1.608	2.098	2.196	4
898	2.039	1.529	2.059	2.118	4
899	2.157	1.706	2.216	2.137	4
900	2.157	1.725	2.157	2.196	4
901	2.059	1.647	2.137	2.235	4
902	2.039	1.745	2.118	2.235	4
903	2.02	1.784	2.02	2.137	4
904	2.059	1.627	1.961	2.039	4
905	2.039	1.745	2.059	2.039	4
906	2.0	1.882	2.196	2.118	4
907	2.02	1.941	2.118	2.216	4
908	2.02	1.863	2.039	2.196	4
909	2.059	1.941	2.078	2.137	4
910	2.039	1.863	2.0	2.039	4
911	1.98	1.725	1.98	1.961	4
912	2.039	1.961	2.176	2.0	4
913	2.078	2.0	2.118	2.059	4
914	1.804	1.745	2.02	2.098	4
915	1.882	1.784	2.059	2.098	4
916	2.02	1.725	1.961	2.02	4
917	2.078	1.804	2.078	1.961	4
918	1.98	1.843	2.098	1.961	4
919	1.882	1.843	2.0	1.961	4
920	1.882	1.922	2.059	1.941	4
921	1.882	2.02	2.196	2.039	4
922	1.922	2.078	2.137	2.098	4
923	1.882	2.02	2.059	2.078	4
924	1.961	2.02	2.02	2.0	4
925	1.882	1.98	1.98	1.941	4
926	1.882	2.0	2.039	1.922	4
927	1.882	1.961	2.078	1.98	4
928	1.882	1.941	2.078	2.039	4
929	1.98	2.039	2.216	2.078	4
930	2.098	2.078	2.157	2.098	4
931	1.882	1.824	2.02	2.0	4
932	1.863	1.824	2.02	1.941	4
933	1.941	1.824	1.98	1.922	4
934	1.902	1.745	1.98	1.922	4
935	1.863	1.784	2.02	1.882	4
936	1.961	1.902	2.02	1.902	4
937	1.98	1.922	2.02	1.98	4
938	1.922	1.863	1.98	1.941	4
939	1.882	1.941	1.98	1.922	4
940	1.804	1.902	1.961	1.902	4
941	1.784	1.941	1.941	1.922	4
942	1.745	1.98	2.0	1.961	4
943	1.882	2.02	2.0	1.941	4
944	1.961	1.941	1.941	1.882	4
945	1.922	1.804	1.922	1.843	4
946	1.863	1.961	2.078	1.882	4
947	1.98	1.961	2.039	1.922	4
948	1.824	1.667	1.961	1.902	4
949	1.843	1.745	1.98	1.882	4
950	1.98	1.804	1.98	1.882	4
951	1.961	1.824	2.0	1.882	4
952	1.882	1.804	2.039	1.902	4
953	1.902	1.863	2.02	1.902	4
954	1.902	1.922	2.039	1.863	4
955	1.961	1.98	2.078	1.882	4
956	1.922	2.0	2.039	1.902	4
957	1.902	1.98	2.02	1.961	4
958	1.922	1.98	2.0	1.941	4
959	1.902	1.961	2.02	1.902	4
960	1.941	2.02	2.039	1.882	4
961	1.922	1.961	2.039	1.941	4
962	1.902	1.941	2.0	2.02	4
963	2.02	2.078	2.118	2.039	4
964	2.118	2.02	2.02	1.98	4
965	1.863	1.686	1.863	1.882	4
966	1.843	1.667	1.961	1.784	4
967	2.0	1.863	2.098	1.843	4
968	2.02	1.824	2.039	1.863	4
969	1.98	1.784	2.0	1.941	4
970	1.961	1.863	2.0	2.0	4
971	2.0	1.961	2.0	2.0	4
972	1.961	1.98	2.078	1.98	4
973	1.941	2.02	2.0	2.02	4
974	1.922	1.941	1.922	1.98	4
975	2.0	1.941	1.98	1.882	4
976	1.961	1.941	2.02	1.882	4
977	1.98	1.98	2.039	1.922	4
978	2.0	1.961	2.078	1.98	4
979	1.941	2.02	2.176	2.02	4
980	2.059	2.137	2.275	2.118	4
981	2.118	2.098	2.157	2.137	4
982	1.961	1.765	2.0	2.039	4
983	1.98	1.706	2.02	1.941	4
984	2.0	1.824	2.098	1.902	4
985	2.02	1.765	2.039	1.922	4
986	1.98	1.804	2.098	1.941	4
987	1.961	1.882	2.059	1.98	4
988	1.902	1.98	2.118	2.039	4
989	1.98	2.039	2.137	2.078	4
990	2.098	2.039	2.078	2.039	4
991	2.039	2.0	2.039	1.961	4
992	1.961	2.02	2.0	1.941	4
993	1.922	1.98	2.0	1.922	4
994	1.961	2.02	2.02	1.961	4
995	2.02	2.039	2.059	1.98	4
996	2.02	1.941	2.02	2.0	4
997	1.98	2.02	2.059	1.98	4
998	2.059	2.039	2.078	2.02	4
999	1.98	1.824	2.0	2.02	4
1000	2.039	1.843	2.059	1.941	4
1001	2.02	1.843	2.02	1.902	4
1002	1.98	1.804	1.98	1.922	4
1003	1.961	1.784	2.0	1.941	4
1004	1.941	1.843	1.941	1.941	4
1005	1.941	1.922	1.941	1.961	4
1006	1.98	2.039	2.0	1.961	4
1007	1.922	2.02	2.0	1.961	4
1008	1.941	2.02	2.02	1.961	4
1009	2.02	2.02	2.02	1.941	4
1010	2.078	2.078	2.02	1.961	4
1011	2.039	2.118	2.02	1.922	4
1012	2.0	2.0	1.98	1.882	4
1013	1.98	1.922	1.941	1.882	4
1014	2.059	2.039	2.098	1.922	4
1015	2.157	1.98	2.039	1.961	4
1016	1.98	1.667	1.882	1.922	4
1017	2.0	1.765	2.0	1.902	4
1018	2.098	1.961	2.098	1.902	4
1019	2.137	1.922	2.02	1.863	4
1020	2.098	1.863	2.0	1.863	4
1021	2.078	1.804	2.0	1.824	4
1022	2.078	1.843	2.0	1.863	4
1023	2.118	1.922	2.0	1.843	4
1024	2.059	1.941	1.98	1.882	4
1025	1.922	1.98	1.961	1.902	4
1026	1.882	2.0	1.961	1.882	4
1027	1.922	2.039	1.961	1.882	4
1028	2.118	2.078	1.98	1.902	4
1029	2.098	1.941	1.902	1.902	4
1030	1.98	1.843	1.922	1.882	4
1031	2.039	2.02	2.118	1.882	4
1032	2.098	2.098	2.02	1.843	4
1033	1.961	1.804	1.882	1.824	4
1034	1.941	1.765	1.902	1.863	4
1035	1.98	1.843	1.961	1.902	4
1036	2.0	1.863	1.941	1.902	4
1037	1.98	1.824	1.961	1.882	4
1038	1.98	1.863	1.922	1.843	4
1039	1.922	1.98	2.0	1.843	4
1040	2.0	2.0	2.0	1.863	4
1041	2.0	2.0	1.961	1.882	4
1042	1.922	2.0	1.961	1.902	4
1043	1.941	2.078	2.02	1.882	4
1044	1.922	2.118	2.059	1.882	4
1045	1.922	2.078	2.039	1.941	4
1046	1.863	1.98	2.0	1.961	4
1047	1.882	1.922	1.961	1.922	4
1048	1.882	2.02	2.039	1.882	4
1049	1.98	2.098	2.078	1.882	4
1050	1.784	1.804	1.941	1.843	4
1051	1.843	1.804	2.02	1.843	4
1052	2.0	1.902	2.098	1.863	4
1053	1.98	1.882	2.02	1.843	4
1054	1.824	1.824	2.0	1.902	4
1055	1.824	1.843	1.98	1.941	4
1056	1.941	1.941	1.98	1.882	4
1057	1.98	1.98	2.02	1.863	4
1058	2.0	2.0	2.059	1.824	4
1059	1.843	2.0	2.078	1.882	4
1060	1.765	1.98	2.02	1.941	4
1061	1.863	1.961	1.961	1.961	4
1062	1.941	2.02	2.0	1.941	4
1063	1.98	2.039	2.02	1.922	4
1064	1.922	1.902	1.941	1.863	4
1065	1.922	1.961	2.078	1.843	4
1066	2.039	2.02	2.118	1.882	4
1067	1.863	1.725	2.02	1.941	4
1068	1.843	1.745	2.039	2.0	4
1069	1.922	1.765	2.0	1.961	4
1070	1.961	1.765	2.0	1.922	4
1071	1.961	1.922	2.098	1.882	4
1072	2.02	1.902	2.059	1.863	4
1073	1.863	1.804	2.0	1.843	4
1074	1.863	1.902	2.059	1.941	4
1075	1.922	1.961	2.059	1.961	4
1076	1.863	1.922	2.02	1.98	4
1077	1.882	1.922	2.0	1.941	4
1078	1.902	1.882	1.961	1.922	4
1079	1.941	1.961	2.02	1.902	4
1080	1.98	1.941	2.039	1.922	4
1081	1.961	1.863	2.098	1.941	4
1082	2.0	1.922	2.118	1.961	4
1083	2.02	1.882	2.039	1.961	4
1084	1.863	1.667	1.98	1.922	4
1085	1.902	1.725	2.0	1.882	4
1086	2.02	1.745	2.0	1.863	4
1087	2.02	1.706	2.039	1.882	4
1088	1.98	1.686	2.098	1.863	4
1089	1.961	1.784	2.118	1.902	4
1090	1.941	1.902	2.118	1.98	4
1091	1.961	1.922	2.02	2.039	4
1092	1.961	1.941	2.0	2.0	4
1093	1.922	1.902	2.02	1.941	4
1094	1.922	1.961	2.078	1.922	4
1095	1.922	1.941	2.137	1.941	4
1096	1.98	2.02	2.157	2.0	4
1097	2.039	2.039	2.137	2.0	4
1098	2.02	1.922	2.059	2.0	4
1099	1.922	1.961	2.157	2.039	4
1100	2.078	2.02	2.176	2.078	4
1101	1.922	1.706	2.039	2.059	4
1102	1.882	1.725	2.078	2.02	4
1103	1.902	1.804	2.118	2.02	4
1104	1.882	1.765	2.059	2.02	4
1105	1.902	1.745	2.059	2.039	4
1106	2.0	1.824	2.118	2.039	4
1107	2.039	1.922	2.157	2.059	4
1108	1.98	1.882	2.137	2.078	4
1109	1.902	1.922	2.137	2.059	4
1110	1.882	1.902	2.098	2.059	4
1111	1.863	1.941	2.078	2.078	4
1112	1.863	1.922	2.098	2.118	4
1113	1.882	2.02	2.137	2.157	4
1114	1.961	1.941	2.098	2.137	4
1115	1.961	1.843	2.078	2.078	4
1116	1.922	1.922	2.196	2.059	4
1117	2.039	1.98	2.196	2.078	4
1118	1.941	1.725	2.098	2.098	4
1119	1.863	1.667	2.039	2.098	4
1120	1.863	1.706	2.098	2.059	4
1121	1.961	1.765	2.118	2.059	4
1122	1.922	1.784	2.137	2.059	4
1123	1.98	1.765	2.059	2.059	4
1124	1.922	1.725	2.02	2.039	4
1125	1.843	1.804	2.059	2.059	4
1126	1.922	1.961	2.098	2.059	4
1127	1.863	1.882	2.0	2.078	4
1128	1.882	1.824	1.961	2.039	4
1129	1.902	1.863	2.02	1.98	4
1130	1.882	1.882	2.02	1.961	4
1131	1.882	1.902	2.059	1.961	4
1132	1.922	1.765	2.02	2.02	4
1133	1.98	1.843	2.137	2.098	4
1134	2.098	1.961	2.137	2.118	4
1135	1.902	1.667	1.961	2.039	4
1136	1.824	1.608	1.98	1.922	4
1137	1.863	1.745	2.078	1.882	4
1138	1.902	1.784	2.078	1.902	4
1139	1.941	1.725	2.02	1.922	4
1140	2.0	1.784	2.039	1.961	4
1141	1.961	1.804	2.078	1.961	4
1142	1.961	1.863	2.098	2.0	4
1143	1.902	1.902	2.078	1.98	4
1144	1.902	1.882	2.059	1.961	4
1145	1.882	1.902	2.02	1.961	4
1146	1.843	1.882	2.078	1.961	4
1147	1.902	1.961	2.098	1.98	4
1148	2.0	2.0	2.078	1.941	4
1149	1.961	1.824	2.0	1.922	4
1150	1.922	1.882	2.137	1.941	4
1151	2.118	1.98	2.157	1.98	4
1152	1.922	1.667	1.941	1.941	4
1153	1.882	1.647	1.98	1.902	4
1154	1.941	1.784	2.118	1.902	4
1155	1.961	1.765	2.098	1.902	4
1156	1.902	1.686	2.059	1.902	4
1157	1.902	1.765	2.059	1.882	4
1158	1.922	1.824	2.039	1.922	4
1159	1.941	1.902	2.039	1.941	4
1160	1.882	1.863	2.0	1.941	4
1161	1.824	1.902	2.02	1.941	4
1162	1.824	1.98	2.039	1.922	4
1163	1.843	1.922	1.98	1.902	4
1164	1.843	1.922	2.0	1.902	4
1165	1.863	1.863	1.961	1.922	4
1166	1.941	1.882	2.078	1.941	4
1167	2.039	2.02	2.235	2.02	4
1168	2.078	2.059	2.176	2.059	4
1169	1.863	1.725	2.02	1.98	4
1170	1.824	1.686	2.0	1.882	4
1171	1.922	1.765	2.039	1.824	4
1172	1.98	1.804	2.059	1.882	4
1173	1.941	1.804	2.098	1.98	4
1174	2.0	1.843	2.059	2.0	4
1175	2.0	1.922	2.098	2.0	4
1176	1.961	1.961	2.118	1.961	4
1177	1.98	2.039	2.137	1.961	4
1178	2.0	1.98	2.059	1.902	4
1179	1.961	1.98	2.02	1.922	4
1180	1.922	2.039	2.078	1.961	4
1181	1.961	2.059	2.039	1.941	4
1182	2.0	2.02	2.0	1.961	4
1183	1.98	1.941	2.078	1.961	4
1184	2.059	2.059	2.216	2.02	4
1185	2.118	2.118	2.196	2.098	4
1186	1.941	1.843	1.98	2.059	4
1187	1.902	1.784	1.961	1.961	4
1188	1.98	1.824	2.0	1.882	4
1189	2.02	1.843	2.0	1.843	4
1190	1.98	1.843	2.02	1.882	4
1191	2.039	2.0	2.078	1.941	4
1192	2.078	1.98	2.078	1.961	4
1193	2.0	1.961	2.039	2.0	4
1194	2.0	1.98	2.0	2.0	4
1195	1.98	1.98	2.0	1.98	4
1196	1.98	1.98	1.961	1.961	4
1197	1.922	1.941	1.941	1.961	4
1198	1.941	1.98	1.941	1.98	4
1199	2.039	2.0	1.98	1.961	4
1200	2.0	1.961	2.02	1.961	4
1201	2.078	1.961	2.137	1.98	4
1202	2.176	2.02	2.118	2.02	4
1203	2.02	1.667	1.902	1.961	4
1204	1.961	1.667	1.941	1.922	4
1205	2.02	1.804	2.0	1.941	4
1206	2.078	1.824	2.0	1.961	4
1207	2.059	1.784	2.0	1.902	4
1208	2.098	1.843	2.02	1.882	4
1209	2.039	1.902	2.02	1.882	4
1210	2.0	1.922	2.0	1.941	4
1211	2.039	1.941	2.02	1.961	4
1212	2.039	1.961	2.039	1.98	4
1213	2.039	2.0	2.039	2.0	4
1214	2.0	2.02	2.02	1.98	4
1215	2.02	2.02	2.02	1.941	4
1216	2.078	1.902	1.961	1.882	4
1217	2.059	1.902	2.0	1.863	4
1218	2.02	1.922	2.059	1.941	4
1219	2.098	2.02	2.078	2.039	4
1220	2.02	1.745	1.941	2.02	4
1221	1.98	1.706	1.98	1.941	4
1222	2.098	1.784	2.059	1.863	4
1223	2.078	1.784	2.059	1.941	4
1224	2.0	1.765	2.02	2.0	4
1225	2.078	1.804	2.0	1.98	4
1226	2.078	1.882	2.02	1.922	4
1227	2.078	1.941	2.039	1.902	4
1228	2.039	2.0	2.0	1.922	4
1229	2.0	1.882	1.98	1.941	4
1230	2.02	1.941	2.0	1.961	4
1231	2.0	2.0	2.078	2.0	4
1232	2.098	1.98	2.039	1.98	4
1233	2.078	1.922	2.0	1.961	4
1234	2.039	1.882	2.039	1.941	4
1235	2.078	2.0	2.216	2.0	4
1236	2.176	2.02	2.157	2.059	4
1237	2.0	1.686	1.941	2.02	4
1238	2.0	1.667	1.941	1.922	4
1239	2.039	1.745	2.0	1.843	4
1240	2.078	1.765	2.059	1.824	4
1241	2.137	1.784	2.078	1.863	4
1242	2.137	1.843	2.02	1.922	4
1243	2.059	1.784	2.0	1.961	4
1244	2.098	1.824	2.0	2.02	4
1245	2.0	1.882	2.02	2.0	4
1246	1.961	1.922	2.039	2.0	4
1247	2.0	1.902	1.98	1.941	4
1248	2.039	1.922	2.02	1.922	4
1249	2.098	1.922	1.98	1.843	4
1250	2.118	1.882	1.98	1.863	4
1251	2.059	1.882	2.039	1.961	4
1252	2.059	1.863	2.157	2.059	4
1253	2.176	1.98	2.196	2.118	4
1254	2.098	1.765	2.039	2.039	4
1255	2.078	1.686	2.02	1.922	4
1256	2.059	1.706	2.02	1.863	4
1257	2.098	1.784	2.098	1.882	4
1258	2.039	1.784	2.098	1.961	4
1259	2.059	1.843	2.098	1.98	4
1260	2.059	1.882	2.118	2.0	4
1261	2.059	1.902	2.098	2.0	4
1262	2.078	1.922	2.059	1.98	4
1263	2.059	1.922	2.078	1.941	4
1264	2.078	2.0	2.118	1.961	4
1265	2.059	2.0	2.098	2.02	4
1266	2.039	2.0	2.078	2.02	4
1267	2.059	1.941	2.039	1.98	4
1268	2.039	1.882	2.039	1.922	4
1269	2.039	1.863	2.098	1.922	4
1270	2.098	1.961	2.137	1.961	4
1271	2.098	1.765	2.039	2.0	4
1272	2.039	1.706	2.02	1.98	4
1273	2.078	1.804	2.059	1.961	4
1274	2.118	1.843	2.098	1.941	4
1275	2.078	1.784	2.098	1.941	4
1276	2.059	1.843	2.059	1.941	4
1277	2.078	1.863	2.059	1.922	4
1278	2.059	1.863	2.039	1.922	4
1279	2.039	1.922	2.039	1.941	4
1280	1.98	1.922	2.078	1.98	4
1281	2.02	1.98	2.059	2.0	4
1282	2.078	1.98	2.02	1.961	4
1283	2.059	1.98	2.039	1.902	4
1284	2.059	2.0	2.118	1.902	4
1285	2.098	1.922	2.098	1.961	4
1286	2.059	1.824	2.118	1.941	4
1287	2.118	1.941	2.157	2.039	4
1288	1.941	1.765	2.02	2.059	4
1289	1.843	1.765	2.059	2.02	4
1290	1.98	1.804	2.059	1.941	4
1291	2.078	1.843	2.059	1.863	4
1292	2.059	1.804	2.039	1.843	4
1293	1.98	1.804	2.039	1.922	4
1294	1.922	1.882	2.098	1.98	4
1295	2.0	1.941	2.059	2.02	4
1296	1.98	1.922	2.039	2.02	4
1297	1.902	1.98	2.098	1.98	4
1298	1.882	2.039	2.157	1.98	4
1299	1.824	2.0	2.078	2.039	4
1300	1.843	2.0	2.0	2.0	4
1301	1.98	2.02	2.0	1.98	4
1302	1.941	1.941	2.02	1.941	4
1303	1.922	1.863	2.137	1.941	4
1304	2.02	2.039	2.235	2.0	4
1305	1.922	1.804	2.059	2.039	4
1306	1.824	1.686	2.0	2.0	4
1307	1.824	1.745	2.02	1.922	4
1308	1.824	1.765	2.039	1.902	4
1309	1.882	1.824	2.039	1.882	4
1310	1.843	1.804	2.0	1.941	4
1311	1.784	1.824	1.961	1.922	4
1312	1.745	1.863	2.039	1.961	4
1313	1.725	1.902	2.02	1.98	4
1314	1.667	1.863	2.0	1.961	4
1315	1.667	1.922	2.0	1.941	4
1316	1.647	1.961	2.0	1.922	4
1317	1.627	1.922	1.98	1.922	4
1318	1.667	1.922	1.98	1.922	4
1319	1.647	1.843	1.961	1.922	4
1320	1.588	1.843	1.98	1.961	4
1321	1.667	1.941	2.118	2.059	4
1322	1.627	1.784	1.98	2.059	4
1323	1.588	1.706	1.961	1.922	4
1324	1.647	1.725	2.0	1.843	4
1325	1.686	1.804	2.02	1.824	4
1326	1.627	1.804	2.059	1.882	4
1327	1.569	1.784	1.961	1.941	4
1328	1.51	1.784	1.941	1.961	4
1329	1.569	1.902	2.02	1.961	4
1330	1.627	1.961	2.02	1.98	4
1331	1.627	1.882	1.961	1.961	4
1332	1.588	1.902	1.922	1.922	4
1333	1.627	1.922	1.98	1.902	4
1334	1.667	1.98	2.0	1.922	4
1335	1.686	1.941	2.039	1.941	4
1336	1.667	1.882	2.039	1.941	4
1337	1.667	1.824	2.039	1.961	4
1338	1.765	1.922	2.078	2.02	4
1339	1.667	1.706	1.922	2.0	4
1340	1.667	1.667	1.961	1.941	4
1341	1.745	1.725	1.961	1.882	4
1342	1.784	1.784	1.98	1.863	4
1343	1.765	1.725	1.98	1.902	4
1344	1.765	1.765	2.02	1.961	4
1345	1.765	1.843	2.059	2.039	4
1346	1.765	1.882	2.02	1.98	4
1347	1.804	1.882	1.98	1.961	4
1348	1.765	1.882	1.961	1.941	4
1349	1.745	1.882	1.98	1.941	4
1350	1.745	1.882	1.941	1.961	4
1351	1.784	1.902	1.961	1.941	4
1352	1.902	1.941	2.02	1.941	4
1353	1.882	1.824	1.961	1.98	4
1354	1.824	1.765	2.039	2.0	4
1355	2.0	1.922	2.098	2.02	4
1356	1.98	1.706	1.961	1.98	4
1357	1.922	1.667	1.961	1.902	4
1358	1.98	1.765	2.02	1.882	4
1359	2.0	1.784	2.02	1.902	4
1360	1.941	1.725	1.961	1.922	4
1361	2.0	1.784	2.02	1.98	4
1362	2.02	1.824	2.02	1.922	4
1363	2.0	1.902	2.059	1.941	4
1364	2.0	1.941	2.02	1.961	4
1365	2.02	1.922	2.02	1.941	4
1366	2.059	1.961	2.0	1.922	4
1367	2.059	1.98	2.039	1.922	4
1368	2.078	1.98	2.02	1.941	4
1369	2.078	1.961	2.0	1.941	4
1370	2.078	1.863	2.0	1.961	4
1371	2.078	1.882	2.078	1.98	4
1372	2.235	2.0	2.176	2.039	4
1373	2.176	1.784	2.0	2.02	4
1374	2.059	1.667	1.961	1.922	4
1375	2.098	1.745	2.0	1.882	4
1376	2.137	1.765	2.0	1.902	4
1377	2.118	1.686	2.0	1.941	4
1378	2.098	1.804	2.0	1.98	4
1379	2.078	1.824	1.98	1.961	4
1380	2.137	1.922	2.039	1.961	4
1381	2.118	1.902	2.039	1.961	4
1382	2.078	1.843	1.961	1.961	4
1383	2.059	1.902	1.961	1.922	4
1384	2.059	1.902	1.961	1.922	4
1385	2.039	1.922	1.98	1.922	4
1386	2.078	1.902	1.961	1.941	4
1387	2.078	1.843	2.0	1.98	4
1388	2.098	1.824	2.059	1.961	4
1389	2.255	1.941	2.098	1.98	4
1390	2.098	1.725	1.98	1.941	4
1391	1.941	1.706	2.02	1.941	4
1392	2.02	1.784	2.02	1.922	4
1393	2.078	1.745	1.98	1.902	4
1394	2.02	1.725	2.039	1.882	4
1395	2.059	1.824	2.039	1.902	4
1396	2.02	1.843	2.039	1.961	4
1397	1.98	1.922	2.078	1.98	4
1398	2.02	1.941	2.098	2.0	4
1399	2.0	1.98	2.098	2.0	4
1400	2.02	1.98	2.098	1.961	4
1401	1.961	1.941	2.039	1.941	4
1402	1.922	1.961	2.039	1.941	4
1403	1.941	1.98	2.059	1.961	4
1404	1.961	1.922	2.039	1.98	4
1405	2.0	1.882	2.176	1.98	4
1406	2.176	2.059	2.235	2.02	4
1407	2.098	1.804	2.059	1.98	4
1408	1.882	1.706	2.078	1.961	4
1409	1.882	1.784	2.137	1.941	4
1410	1.941	1.804	2.059	1.922	4
1411	2.0	1.784	2.039	1.922	4
1412	2.039	1.843	2.059	1.941	4
1413	1.98	1.922	2.098	1.902	4
1414	1.961	1.922	2.118	1.922	4
1415	1.941	1.922	2.078	1.961	4
1416	1.882	1.902	2.059	2.0	4
1417	1.922	1.961	2.059	1.98	4
1418	1.941	1.961	2.098	1.98	4
1419	1.961	2.02	2.078	1.98	4
1420	2.0	2.02	2.059	1.941	4
1421	1.961	1.882	2.02	1.941	4
1422	1.922	1.824	2.059	1.941	4
1423	2.078	1.961	2.157	1.98	4
1424	2.0	1.784	1.98	2.0	4
1425	1.843	1.667	1.98	1.961	4
1426	1.922	1.725	2.059	1.922	4
1427	2.0	1.824	2.078	1.902	4
1428	2.0	1.804	2.078	1.922	4
1429	1.961	1.824	2.039	1.922	4
1430	1.941	1.863	2.039	1.882	4
1431	1.961	1.98	2.078	1.922	4
1432	1.98	1.882	2.0	1.902	4
1433	1.941	1.941	2.059	1.922	4
1434	1.922	2.02	2.059	1.961	4
1435	1.882	1.98	2.039	1.98	4
1436	1.882	2.0	2.039	1.961	4
1437	1.961	2.0	2.078	1.941	4
1438	2.0	2.02	2.118	1.98	4
1439	1.961	1.922	2.059	1.961	4
1440	2.02	2.078	2.157	1.961	4
1441	1.961	1.843	1.98	1.941	4
1442	1.843	1.725	1.98	1.902	4
1443	1.882	1.804	2.039	1.902	4
1444	1.941	1.843	2.02	1.941	4
1445	1.902	1.824	2.059	1.961	4
1446	1.902	1.882	2.059	1.98	4
1447	1.922	1.902	2.059	2.02	4
1448	1.941	1.98	2.098	2.0	4
1449	1.941	1.98	2.059	1.961	4
1450	1.863	1.941	2.02	1.941	4
1451	1.843	2.02	2.039	1.961	4
1452	1.863	2.02	2.02	1.98	4
1453	1.902	2.02	2.0	1.98	4
1454	1.961	2.02	2.0	1.941	4
1455	1.902	1.922	2.039	1.941	4
1456	1.902	1.882	2.059	1.961	4
1457	2.059	2.039	2.137	2.0	4
1458	2.02	1.824	1.98	2.0	4
1459	1.902	1.706	1.941	1.961	4
1460	1.941	1.765	2.039	1.922	4
1461	2.02	1.804	2.039	1.922	4
1462	1.961	1.765	2.02	1.922	4
1463	1.941	1.765	1.961	1.922	4
1464	1.961	1.843	2.0	1.882	4
1465	2.0	1.922	2.118	1.961	4
1466	2.059	1.98	2.098	2.0	4
1467	2.118	1.922	2.0	2.0	4
1468	2.098	1.902	1.961	1.961	4
1469	1.98	1.882	2.02	1.922	4
1470	1.922	1.902	2.0	1.941	4
1471	2.0	1.941	2.02	1.961	4
1472	2.118	1.882	2.02	1.98	4
1473	2.157	1.843	2.098	2.0	4
1474	2.353	2.039	2.255	2.039	4
1475	2.294	1.863	2.098	2.059	4
1476	2.078	1.647	2.0	1.961	4
1477	2.078	1.725	2.039	1.882	4
1478	2.137	1.765	2.059	1.882	4
1479	2.157	1.745	2.059	1.902	4
1480	2.196	1.824	2.098	1.941	4
1481	2.157	1.843	2.078	2.0	4
1482	2.137	1.863	2.059	2.039	4
1483	2.137	1.902	2.059	2.02	4
1484	2.157	1.902	2.059	1.941	4
1485	2.118	1.941	2.078	1.922	4
1486	2.098	1.941	2.078	1.941	4
1487	2.098	1.961	2.059	2.0	4
1488	2.118	1.941	2.02	1.98	4
1489	2.02	1.882	2.02	1.98	4
1490	2.059	1.843	2.059	1.961	4
1491	2.196	2.0	2.157	2.0	4
1492	2.137	1.824	2.059	2.02	4
1493	2.0	1.686	1.961	1.961	4
1494	2.039	1.745	2.0	1.922	4
1495	2.078	1.784	2.039	1.902	4
1496	2.078	1.804	2.078	1.941	4
1497	2.078	1.863	2.078	1.961	4
1498	2.039	1.863	2.02	1.961	4
1499	2.02	1.941	2.078	1.941	4
1500	2.0	1.941	2.078	1.941	4
1501	1.941	1.922	2.02	1.961	4
1502	1.961	1.961	2.039	1.98	4
1503	2.039	1.98	2.039	1.961	4
1504	2.059	1.98	2.02	1.941	4
1505	2.02	1.941	2.02	1.941	4
1506	1.961	1.882	2.02	1.98	4
1507	1.961	1.882	2.039	2.0	4
1508	2.118	2.0	2.098	2.0	4
1509	2.039	1.784	2.0	2.0	4
1510	1.882	1.706	2.02	1.961	4
1511	1.98	1.765	2.039	1.922	4
1512	2.059	1.824	2.059	1.922	4
1513	2.02	1.804	2.059	1.941	4
1514	2.02	1.824	2.039	1.941	4
1515	2.0	1.804	2.0	1.961	4
1516	1.98	1.824	2.02	1.941	4
1517	1.961	1.863	2.0	1.922	4
1518	1.882	1.863	2.0	1.961	4
1519	1.863	1.961	2.02	2.039	4
1520	1.941	2.02	2.078	2.059	4
1521	2.02	2.059	2.078	2.039	4
1522	2.039	1.961	1.98	1.941	4
1523	1.98	1.882	1.98	1.863	4
1524	1.961	1.824	2.0	1.882	4
1525	2.059	1.98	2.118	1.98	4
1526	2.039	1.824	2.02	2.039	4
1527	1.902	1.725	2.02	2.039	4
1528	1.961	1.804	2.059	2.02	4
1529	2.275	1.765	2.098	1.98	4
1530	2.471	1.765	2.118	2.0	4
1531	2.51	1.863	2.137	1.98	4
1532	2.216	1.882	2.059	1.98	4
1533	2.118	1.922	2.078	1.961	4
1534	2.176	1.941	2.098	1.98	4
1535	2.235	1.941	2.078	1.98	4
1536	2.275	1.961	2.098	2.02	4
1537	2.353	1.961	2.078	2.02	4
1538	2.353	1.941	2.098	2.039	4
1539	2.333	1.961	2.078	2.078	4
1540	2.333	1.882	2.078	2.059	4
1541	2.275	1.882	2.059	2.0	4
1542	2.412	2.078	2.137	1.961	4
1543	2.255	1.882	2.039	1.98	4
1544	2.0	1.706	1.98	1.98	4
1545	2.0	1.765	2.02	1.922	4
1546	2.02	1.824	2.039	1.902	4
1547	1.882	1.824	2.059	1.902	4
1548	1.843	1.882	2.02	1.941	4
1549	1.784	1.922	2.0	1.961	4
1550	1.706	1.98	2.02	1.98	4
1551	1.667	2.039	2.039	1.98	4
1552	1.667	2.0	2.02	1.98	4
1553	1.608	2.02	2.0	1.961	4
1554	1.588	2.078	2.02	1.941	4
1555	1.569	2.078	2.039	1.902	4
1556	1.569	2.118	2.059	1.902	4
1557	1.529	2.0	2.02	1.922	4
1558	1.471	1.961	2.039	1.961	4
1559	1.569	2.098	2.137	2.039	4
1560	1.549	1.922	2.02	2.039	4
1561	1.451	1.804	2.02	1.961	4
1562	1.569	1.922	2.098	1.902	4
1563	1.608	1.922	2.059	1.882	4
1564	1.529	1.824	2.02	1.922	4
1565	1.51	1.863	2.0	1.961	4
1566	1.529	1.922	2.0	1.922	4
1567	1.549	1.941	2.039	1.941	4
1568	1.569	2.0	2.078	1.922	4
1569	1.588	2.02	2.078	1.961	4
1570	1.588	2.078	2.078	1.961	4
1571	1.608	2.02	2.039	1.941	4
1572	1.608	2.0	2.02	1.961	4
1573	1.706	2.02	2.02	1.961	4
1574	1.706	1.902	1.98	1.941	4
1575	1.686	1.843	2.039	1.961	4
1576	1.804	2.039	2.118	2.0	4
1577	1.804	1.941	2.059	1.98	4
1578	1.725	1.765	1.98	1.941	4
1579	1.765	1.765	1.98	1.882	4
1580	1.824	1.765	2.02	1.843	4
1581	1.824	1.765	2.02	1.902	4
1582	1.843	1.843	2.059	1.941	4
1583	1.902	1.902	2.078	1.961	4
1584	1.882	1.922	2.098	1.941	4
1585	1.882	1.902	2.039	1.941	4
1586	1.843	1.922	2.0	1.922	4
1587	1.902	2.0	2.0	1.922	4
1588	1.902	1.922	1.961	1.902	4
1589	1.902	1.902	2.039	1.922	4
1590	1.98	2.0	2.078	1.961	4
1591	2.02	2.0	2.137	2.0	4
1592	2.039	1.843	2.02	1.98	4
1593	2.118	1.98	2.137	2.02	4
1594	2.098	1.843	2.039	1.98	4
1595	1.961	1.667	1.961	1.922	4
1596	2.039	1.725	2.039	1.863	4
1597	2.098	1.824	2.098	1.863	4
1598	2.078	1.804	2.098	1.902	4
1599	2.0	1.765	2.039	1.961	4
1600	2.059	1.824	2.039	1.961	4
1601	2.098	1.863	2.078	1.98	4
1602	2.059	1.941	2.137	1.98	4
1603	2.078	1.961	2.098	1.98	4
1604	2.039	1.941	2.059	2.02	4
1605	1.961	1.941	2.039	2.0	4
1606	2.0	1.941	2.02	1.961	4
1607	2.039	1.98	2.039	1.922	4
1608	2.078	1.941	2.078	1.902	4
1609	2.078	1.922	2.118	2.0	4
1610	2.176	2.039	2.176	2.098	4
1611	2.137	1.863	2.02	2.078	4
1612	1.961	1.667	2.02	1.98	4
1613	2.02	1.804	2.078	1.922	4
1614	2.039	1.824	2.059	1.902	4
1615	2.039	1.784	2.059	1.941	4
1616	2.059	1.843	2.059	1.961	4
1617	2.02	1.843	2.059	1.98	4
1618	1.961	1.863	2.078	2.0	4
1619	1.961	1.902	2.039	1.98	4
1620	1.98	1.922	2.0	1.961	4
1621	1.961	2.0	2.059	1.941	4
1622	1.961	1.961	2.02	1.941	4
1623	1.961	1.902	2.02	1.941	4
1624	1.961	1.961	2.059	1.98	4
1625	1.882	1.941	2.039	2.0	4
1626	1.902	1.882	2.059	2.0	4
1627	2.059	2.0	2.118	2.0	4
1628	2.039	1.882	2.0	1.941	4
1629	1.882	1.706	1.98	1.882	4
1630	1.902	1.804	2.059	1.882	4
1631	1.902	1.804	2.059	1.922	4
1632	1.882	1.765	2.039	1.98	4
1633	1.902	1.843	2.039	2.0	4
1634	1.902	1.902	2.059	1.941	4
1635	1.902	1.902	2.078	1.902	4
1636	1.882	1.941	2.059	1.882	4
1637	1.902	1.98	2.078	1.882	4
1638	1.863	1.98	2.039	1.922	4
1639	1.843	1.961	2.0	1.961	4
1640	1.843	1.922	2.039	2.0	4
1641	1.922	1.98	2.059	2.0	4
1642	1.902	1.922	2.039	1.961	4
1643	1.902	1.843	2.02	1.941	4
1644	2.02	1.98	2.118	1.941	4
1645	2.02	1.882	2.059	1.941	4
1646	1.843	1.667	1.961	1.902	4
1647	1.902	1.706	2.0	1.882	4
1648	1.941	1.824	2.078	1.902	4
1649	1.902	1.745	2.039	1.922	4
1650	1.863	1.725	1.961	1.941	4
1651	1.863	1.784	1.961	1.902	4
1652	1.882	1.824	2.0	1.882	4
1653	1.922	1.922	2.039	1.922	4
1654	1.922	1.922	2.039	1.941	4
1655	1.863	1.922	2.02	1.961	4
1656	1.882	1.941	2.02	1.961	4
1657	1.902	1.961	2.02	1.941	4
1658	1.882	1.961	2.0	1.922	4
1659	1.863	1.863	1.961	1.902	4
1660	1.922	1.863	2.02	1.922	4
1661	2.039	2.039	2.157	2.0	4
1662	2.039	1.902	2.039	2.039	4
1663	1.922	1.706	2.0	1.961	4
1664	1.941	1.745	2.039	1.902	4
1665	1.98	1.843	2.059	1.863	4
1666	1.941	1.804	2.02	1.863	4
1667	1.902	1.843	2.039	1.902	4
1668	1.922	1.882	2.039	1.941	4
1669	1.941	1.902	2.059	1.961	4
1670	2.0	1.941	2.098	2.0	4
1671	2.039	1.961	2.059	2.0	4
1672	2.0	1.98	2.078	2.0	4
1673	1.941	1.961	2.0	1.961	4
1674	1.902	1.961	2.02	1.902	4
1675	1.941	2.0	2.02	1.882	4
1676	1.941	1.961	2.0	1.902	4
1677	1.961	1.922	2.02	1.941	4
1678	2.137	2.039	2.078	2.0	4
1679	2.118	1.863	1.961	1.98	4
1680	1.882	1.686	1.98	1.922	4
1681	1.961	1.784	2.02	1.902	4
1682	2.02	1.824	2.02	1.941	4
1683	2.0	1.804	2.02	1.941	4
1684	2.039	1.863	2.02	1.922	4
1685	2.0	1.922	2.0	1.863	4
1686	1.98	1.902	2.0	1.843	4
1687	1.941	1.922	2.0	1.882	4
1688	1.941	1.98	2.02	1.922	4
1689	1.98	2.0	2.02	1.961	4
1690	2.0	1.98	1.961	1.98	4
1691	1.961	1.961	2.0	1.961	4
1692	1.98	2.039	2.039	1.922	4
1693	1.98	1.98	2.039	1.902	4
1694	2.0	1.941	2.059	1.922	4
1695	2.118	2.098	2.157	1.98	4
1696	2.137	1.961	2.059	2.02	4
1697	1.941	1.745	1.98	1.961	4
1698	2.02	1.863	2.098	1.941	4
1699	2.039	1.902	2.059	1.922	4
1700	2.02	1.784	2.078	1.902	4
1701	2.02	1.863	2.078	1.941	4
1702	2.039	1.922	2.098	1.961	4
1703	2.039	1.98	2.118	1.98	4
1704	1.961	2.0	2.098	2.0	4
1705	1.961	2.0	2.078	2.0	4
1706	1.98	2.039	2.078	1.98	4
1707	1.98	2.0	2.039	1.98	4
1708	1.961	1.98	2.039	1.961	4
1709	2.039	2.02	2.098	1.961	4
1710	2.039	2.0	2.118	2.02	4
1711	2.059	1.922	2.098	2.02	4
1712	2.157	2.039	2.176	2.039	4
1713	2.118	1.961	2.078	2.0	4
1714	1.961	1.706	1.98	1.922	4
1715	1.961	1.745	2.02	1.882	4
1716	1.98	1.784	2.02	1.882	4
1717	2.02	1.824	2.078	1.941	4
1718	2.059	1.882	2.098	2.0	4
1719	2.098	1.843	2.02	2.0	4
1720	2.098	1.902	2.078	1.941	4
1721	2.078	1.961	2.098	1.98	4
1722	2.059	2.0	2.078	1.941	4
1723	1.961	1.98	2.059	1.941	4
1724	2.0	1.961	2.0	1.961	4
1725	1.98	1.941	2.0	1.941	4
1726	2.02	1.98	1.98	1.922	4
1727	2.02	1.922	2.0	1.902	4
1728	2.02	1.922	2.078	1.922	4
1729	2.196	2.098	2.176	2.02	4
1730	2.137	1.941	2.039	2.059	4
1731	1.941	1.725	1.961	1.98	4
1732	1.961	1.784	2.0	1.902	4
1733	2.0	1.804	2.02	1.843	4
1734	1.98	1.784	2.039	1.863	4
1735	2.02	1.882	2.078	1.961	4
1736	2.078	1.922	2.039	2.0	4
1737	2.02	1.863	2.039	1.98	4
1738	1.961	1.922	2.02	1.961	4
1739	1.98	1.98	2.02	1.941	4
1740	1.941	2.0	2.02	1.941	4
1741	1.922	2.0	2.02	1.961	4
1742	1.902	1.98	2.02	2.0	4
1743	1.961	1.98	2.0	1.98	4
1744	1.961	1.902	1.98	1.961	4
1745	1.961	1.882	2.059	1.922	4
1746	2.059	2.02	2.118	1.98	4
1747	2.02	1.863	2.02	2.02	4
1748	1.863	1.667	1.941	2.0	4
1749	1.902	1.725	1.98	1.98	4
1750	1.941	1.745	1.941	1.922	4
1751	1.902	1.745	2.02	1.902	4
1752	1.941	1.843	2.078	1.922	4
1753	1.98	1.824	2.02	1.922	4
1754	1.961	1.882	1.98	1.941	4
1755	1.902	1.882	2.02	1.961	4
1756	1.863	1.843	1.98	2.0	4
1757	1.863	1.922	2.02	1.98	4
1758	1.922	2.0	2.02	2.02	4
1759	1.902	1.961	2.02	2.0	4
1760	1.941	2.039	2.059	1.98	4
1761	1.922	1.922	2.0	1.961	4
1762	1.941	1.804	1.98	1.961	4
1763	2.059	2.0	2.098	2.0	4
1764	2.039	1.941	2.059	2.039	4
1765	1.863	1.725	2.0	2.02	4
1766	1.902	1.745	2.02	1.98	4
1767	1.961	1.804	2.02	1.922	4
1768	1.902	1.765	2.0	1.922	4
1769	1.843	1.745	2.0	1.941	4
1770	1.882	1.784	1.961	1.961	4
1771	1.922	1.882	2.02	2.0	4
1772	2.0	1.922	2.059	2.039	4
1773	1.941	1.922	2.02	2.02	4
1774	1.882	1.902	2.0	1.98	4
1775	1.882	1.902	1.98	1.941	4
1776	1.902	1.843	1.941	1.902	4
1777	1.941	1.922	1.98	1.922	4
1778	1.902	1.843	1.98	1.98	4
1779	1.922	1.784	1.98	2.02	4
1780	2.059	1.98	2.118	2.0	4
1781	2.098	1.922	2.059	1.98	4
1782	1.882	1.627	1.922	1.941	4
1783	1.961	1.686	2.0	1.902	4
1784	2.02	1.745	2.0	1.902	4
1785	1.98	1.745	2.039	1.902	4
1786	1.98	1.765	2.039	1.922	4
1787	1.961	1.804	2.02	1.922	4
1788	1.941	1.843	2.039	1.941	4
1789	1.922	1.882	2.059	1.961	4
1790	1.941	1.941	2.059	1.961	4
1791	1.961	1.98	2.059	1.941	4
1792	1.941	1.961	2.059	1.941	4
1793	1.941	1.961	2.059	1.941	4
1794	2.0	1.961	2.039	1.941	4
1795	1.961	1.902	2.039	1.961	4
1796	1.922	1.882	2.059	1.961	4
1797	2.0	2.02	2.196	2.02	4
1798	2.078	1.961	2.118	2.059	4
1799	1.922	1.706	2.0	1.961	4
1800	1.98	1.765	2.078	1.922	4
1801	2.02	1.804	2.059	1.863	4
1802	1.98	1.745	2.059	1.882	4
1803	1.98	1.784	2.098	1.922	4
1804	2.0	1.863	2.118	1.98	4
1805	1.961	1.902	2.059	1.98	4
1806	1.941	1.863	2.078	1.98	4
1807	1.961	1.941	2.059	1.98	4
1808	1.941	1.922	2.039	1.941	4
1809	1.922	1.922	2.02	1.961	4
1810	1.941	1.961	2.039	1.98	4
1811	1.98	1.922	1.98	1.941	4
1812	1.922	1.863	2.0	1.922	4
1813	1.941	1.843	2.039	1.941	4
1814	2.02	2.02	2.157	1.98	4
1815	2.078	1.941	2.098	2.039	4
1816	1.902	1.667	1.98	2.039	4
1817	1.961	1.725	2.02	1.941	4
1818	2.02	1.745	2.0	1.902	4
1819	2.0	1.745	1.98	1.902	4
1820	2.0	1.784	2.059	1.922	4
1821	1.98	1.843	2.02	1.961	4
1822	1.941	1.863	2.059	1.98	4
1823	1.961	1.902	2.059	1.98	4
1824	1.98	1.941	2.02	2.0	4
1825	1.98	1.922	2.02	2.0	4
1826	2.0	1.98	2.059	1.961	4
1827	1.961	1.922	1.98	1.941	4
1828	2.0	1.98	2.0	1.961	4
1829	1.98	1.902	2.059	1.98	4
1830	1.961	1.863	2.02	2.039	4
1831	2.078	1.961	2.098	2.02	4
1832	2.137	1.902	2.02	2.02	4
1833	1.941	1.686	1.961	1.941	4
1834	1.922	1.686	2.02	1.882	4
1835	2.0	1.765	2.02	1.863	4
1836	2.02	1.765	2.0	1.922	4
1837	2.02	1.745	2.02	1.961	4
1838	1.98	1.784	1.98	1.98	4
1839	1.941	1.843	2.059	1.98	4
1840	1.961	1.863	2.02	1.941	4
1841	2.0	1.902	2.0	1.941	4
1842	1.961	1.902	2.0	1.941	4
1843	2.0	1.961	2.078	1.98	4
1844	2.02	2.0	2.039	2.0	4
1845	2.02	2.0	2.02	1.98	4
1846	2.0	1.882	2.0	1.961	4
1847	1.941	1.843	2.0	1.941	4
1848	2.078	1.98	2.157	2.0	4
1849	2.118	1.961	2.098	2.02	4
1850	1.98	1.725	1.98	2.0	4
1851	1.98	1.745	2.039	1.961	4
1852	2.02	1.784	2.059	1.941	4
1853	1.98	1.745	2.0	1.922	4
1854	1.961	1.745	2.039	1.922	4
1855	1.98	1.824	2.039	1.941	4
1856	2.0	1.902	2.039	1.98	4
1857	2.039	1.961	2.078	2.0	4
1858	2.059	1.961	2.078	2.0	4
1859	1.961	1.902	2.0	1.961	4
1860	1.961	1.922	1.98	1.922	4
1861	1.961	1.941	2.078	1.922	4
1862	1.98	2.0	2.098	1.98	4
1863	1.961	1.922	2.02	2.0	4
1864	1.961	1.843	1.961	1.98	4
1865	2.059	2.0	2.137	1.98	4
1866	2.118	2.0	2.137	2.0	4
1867	1.941	1.706	2.0	1.961	4
1868	1.961	1.686	2.039	1.902	4
1869	2.039	1.784	2.078	1.882	4
1870	2.0	1.824	2.098	1.922	4
1871	1.98	1.824	2.098	1.941	4
1872	2.02	1.843	2.059	1.961	4
1873	1.98	1.902	2.039	1.961	4
1874	1.941	1.882	2.02	1.941	4
1875	1.941	1.922	2.0	1.902	4
1876	1.922	1.961	2.039	1.882	4
1877	1.941	1.98	2.039	1.863	4
1878	1.922	1.98	2.059	1.922	4
1879	1.922	2.0	2.02	1.961	4
1880	1.941	1.882	2.02	1.961	4
1881	1.961	1.843	2.0	1.961	4
1882	2.078	2.02	2.157	1.961	4
1883	2.196	2.02	2.118	1.941	4
1884	1.922	1.725	2.0	1.902	4
1885	1.902	1.725	2.02	1.863	4
1886	1.941	1.765	2.039	1.863	4
1887	1.941	1.784	2.039	1.902	4
1888	1.922	1.824	2.078	1.922	4
1889	1.98	1.863	2.098	1.941	4
1890	2.02	1.922	2.137	1.961	4
1891	2.02	1.961	2.078	1.961	4
1892	2.0	1.922	2.0	1.941	4
1893	1.922	1.961	2.039	1.922	4
1894	1.941	2.0	2.118	1.922	4
1895	1.941	2.039	2.118	1.961	4
1896	1.961	2.039	2.078	1.961	4
1897	1.961	1.961	2.059	1.941	4
1898	1.941	1.922	2.059	1.961	4
1899	2.02	2.059	2.176	2.0	4
1900	2.118	2.0	2.098	2.02	4
1901	1.941	1.725	1.98	1.941	4
1902	1.922	1.765	2.059	1.882	4
1903	1.98	1.804	2.098	1.882	4
1904	2.0	1.784	2.059	1.902	4
1905	1.98	1.765	2.059	1.922	4
1906	2.02	1.824	2.039	1.922	4
1907	2.0	1.882	2.078	1.961	4
1908	2.0	1.922	2.098	1.941	4
1909	1.961	1.922	2.039	1.941	4
1910	1.922	1.941	2.039	1.922	4
1911	1.961	1.98	2.039	1.922	4
1912	1.961	1.941	2.059	1.961	4
1913	2.02	1.98	2.059	2.0	4
1914	2.039	1.941	2.059	1.941	4
1915	2.0	1.863	2.02	1.902	4
1916	2.039	1.961	2.118	1.922	4
1917	2.118	2.0	2.137	1.961	4
1918	1.961	1.725	2.0	1.98	4
1919	1.98	1.745	2.02	1.941	4
1920	2.039	1.804	2.078	1.902	4
1921	2.02	1.784	2.059	1.882	4
1922	2.0	1.784	2.078	1.922	4
1923	2.02	1.843	2.039	1.941	4
1924	2.0	1.902	2.078	1.941	4
1925	2.0	1.902	2.039	1.961	4
1926	2.02	1.941	2.078	1.961	4
1927	2.0	1.941	2.059	1.961	4
1928	2.0	1.941	2.039	1.941	4
1929	1.98	1.863	2.02	1.941	4
1930	1.98	1.941	2.02	1.941	4
1931	2.02	1.902	2.02	1.941	4
1932	2.02	1.863	2.02	1.941	4
1933	2.078	1.961	2.137	2.0	4
1934	2.176	2.0	2.118	2.02	4
1935	1.98	1.725	2.0	2.02	4
1936	2.02	1.725	2.039	1.98	4
1937	2.059	1.765	2.059	1.941	4
1938	2.059	1.784	2.039	1.941	4
1939	2.039	1.824	2.039	1.961	4
1940	2.039	1.824	2.039	1.941	4
1941	2.02	1.902	2.02	1.961	4
1942	2.0	1.902	2.039	1.961	4
1943	2.02	1.961	2.039	1.98	4
1944	1.98	2.02	2.078	2.02	4
1945	2.02	2.039	2.059	2.02	4
1946	2.039	2.0	2.039	2.02	4
1947	2.078	2.02	2.039	1.98	4
1948	2.039	1.941	2.02	1.941	4
1949	1.961	1.882	2.059	1.961	4
1950	2.0	2.0	2.137	2.039	4
1951	2.098	2.02	2.098	2.078	4
1952	1.98	1.745	2.0	2.039	4
1953	2.039	1.765	2.02	1.98	4
1954	2.098	1.765	2.039	1.922	4
1955	2.098	1.765	2.02	1.902	4
1956	2.039	1.765	2.02	1.902	4
1957	2.059	1.824	2.059	1.941	4
1958	2.039	1.882	2.098	2.0	4
1959	1.98	1.863	2.039	2.039	4
1960	1.961	1.882	1.98	2.0	4
1961	2.02	1.902	2.039	1.961	4
1962	2.118	1.961	2.078	1.98	4
1963	2.118	1.922	2.078	2.0	4
1964	2.059	1.922	2.039	2.02	4
1965	2.0	1.902	2.039	2.0	4
1966	2.0	1.863	2.059	2.02	4
1967	2.078	2.02	2.176	2.059	4
1968	2.137	1.961	2.118	2.078	4
1969	1.98	1.647	1.98	2.02	4
1970	1.98	1.667	2.02	1.922	4
1971	2.039	1.765	2.078	1.902	4
1972	2.0	1.765	2.078	1.961	4
1973	1.961	1.765	2.078	2.02	4
1974	2.0	1.824	2.059	2.039	4
1975	2.0	1.882	2.039	2.039	4
1976	1.961	1.882	2.059	2.02	4
1977	1.941	1.863	2.0	2.0	4
1978	1.882	1.863	1.98	1.961	4
1979	1.922	1.882	2.0	1.961	4
1980	1.922	1.882	2.02	2.0	4
1981	1.922	1.941	2.02	2.02	4
1982	1.902	1.843	1.98	2.0	4
1983	1.902	1.804	1.961	2.0	4
1984	1.902	1.941	2.078	2.02	4
1985	1.902	2.02	2.098	2.078	4
1986	1.745	1.686	1.961	2.059	4
1987	1.765	1.647	1.941	2.0	4
1988	1.863	1.725	2.0	1.941	4
1989	1.863	1.804	2.039	1.961	4
1990	1.804	1.843	2.059	2.0	4
1991	1.784	1.843	2.0	2.0	4
1992	1.765	1.902	1.98	2.0	4
1993	1.784	2.039	2.059	2.0	4
1994	1.725	2.078	2.059	2.039	4
1995	1.725	2.098	2.098	2.039	4
1996	1.706	2.078	2.059	2.059	4
1997	1.706	2.039	2.039	2.039	4
1998	1.745	2.098	2.02	2.0	4
1999	1.745	2.039	2.02	1.961	4
