time	channel1	channel2	channel3	channel4	class
0	1.922	1.824	2.216	1.843	1
1	1.961	1.824	2.176	1.804	1
2	1.98	1.824	2.176	1.843	1
3	2.0	1.824	2.157	1.863	1
4	2.02	1.843	2.098	1.882	1
5	2.059	1.902	2.059	1.922	1
6	2.078	1.882	1.961	1.941	1
7	1.98	1.902	1.922	1.98	1
8	1.961	1.961	1.902	2.0	1
9	1.941	1.98	1.922	2.039	1
10	1.961	1.941	1.922	2.039	1
11	1.922	1.941	1.922	2.02	1
12	1.882	1.941	1.961	2.0	1
13	1.902	1.902	2.039	1.98	1
14	1.882	1.863	2.078	1.961	1
15	1.941	1.824	2.137	1.882	1
16	1.961	1.843	2.176	1.843	1
17	1.98	1.804	2.216	1.784	1
18	2.039	1.804	2.176	1.824	1
19	2.039	1.804	2.157	1.824	1
20	2.039	1.824	2.137	1.863	1
21	2.039	1.843	2.118	1.882	1
22	2.02	1.882	2.078	1.941	1
23	2.039	1.902	1.98	1.961	1
24	1.941	1.902	1.941	2.0	1
25	1.961	1.941	1.922	2.039	1
26	1.941	1.98	1.902	2.059	1
27	1.882	1.961	1.922	2.098	1
28	1.902	1.98	1.961	2.078	1
29	1.902	1.961	1.98	2.118	1
30	1.922	1.941	2.039	2.039	1
31	1.882	1.902	2.098	2.0	1
32	1.902	1.824	2.157	1.941	1
33	1.941	1.843	2.196	1.882	1
34	1.98	1.843	2.235	1.863	1
35	2.02	1.843	2.216	1.843	1
36	2.02	1.843	2.196	1.882	1
37	2.02	1.824	2.157	1.902	1
38	2.039	1.843	2.118	1.902	1
39	2.039	1.902	2.078	1.961	1
40	2.059	1.902	2.0	1.98	1
41	1.961	1.941	1.941	2.039	1
42	1.961	1.961	1.902	2.039	1
43	1.941	1.98	1.902	2.078	1
44	1.922	1.98	1.941	2.098	1
45	1.902	1.941	1.961	2.078	1
46	1.882	1.941	1.98	2.039	1
47	1.902	1.922	2.02	2.0	1
48	1.882	1.902	2.098	2.0	1
49	1.902	1.843	2.176	1.941	1
50	1.941	1.843	2.196	1.922	1
51	1.941	1.804	2.196	1.863	1
52	2.02	1.824	2.196	1.882	1
53	2.0	1.824	2.137	1.863	1
54	2.02	1.804	2.137	1.882	1
55	2.059	1.784	2.078	1.902	1
56	2.059	1.882	2.039	1.941	1
57	2.059	1.882	1.941	1.98	1
58	1.961	1.902	1.902	2.02	1
59	1.961	1.922	1.882	2.039	1
60	1.902	1.961	1.843	2.078	1
61	1.902	1.961	1.902	2.098	1
62	1.902	1.941	1.902	2.059	1
63	1.922	1.922	1.941	2.0	1
64	1.882	1.902	1.98	2.02	1
65	1.882	1.882	2.039	1.98	1
66	1.922	1.824	2.118	1.922	1
67	1.961	1.824	2.137	1.863	1
68	2.02	1.765	2.196	1.843	1
69	2.059	1.765	2.157	1.843	1
70	2.039	1.804	2.137	1.843	1
71	2.02	1.804	2.118	1.902	1
72	2.098	1.765	2.039	1.902	1
73	2.078	1.882	2.039	1.941	1
74	2.078	1.863	1.941	1.941	1
75	1.98	1.922	1.961	2.0	1
76	1.941	1.98	1.902	2.059	1
77	1.882	1.98	1.882	2.098	1
78	1.922	1.941	1.882	2.118	1
79	1.902	1.961	1.941	2.039	1
80	1.902	1.961	1.98	2.039	1
81	1.824	1.961	2.02	2.0	1
82	1.863	1.941	2.098	2.0	1
83	1.863	1.863	2.157	1.961	1
84	1.882	1.843	2.176	1.922	1
85	1.941	1.843	2.216	1.882	1
86	1.98	1.843	2.216	1.863	1
87	2.0	1.843	2.196	1.882	1
88	2.02	1.863	2.176	1.902	1
89	2.059	1.863	2.137	1.922	1
90	2.059	1.922	2.078	1.941	1
91	2.039	1.902	1.98	1.98	1
92	1.961	1.922	1.902	2.039	1
93	1.98	1.961	1.902	2.02	1
94	1.941	2.0	1.863	2.059	1
95	1.922	2.0	1.922	2.059	1
96	1.922	1.961	1.98	2.059	1
97	1.882	1.922	1.941	2.059	1
98	1.882	1.922	2.0	1.98	1
99	1.902	1.902	2.078	1.98	1
100	1.902	1.843	2.176	1.941	1
101	1.961	1.824	2.176	1.902	1
102	1.98	1.804	2.176	1.843	1
103	2.039	1.784	2.157	1.843	1
104	2.039	1.824	2.157	1.863	1
105	2.059	1.824	2.157	1.863	1
106	2.039	1.843	2.078	1.882	1
107	2.059	1.863	2.059	1.941	1
108	2.078	1.863	1.961	1.961	1
109	1.98	1.882	1.902	2.0	1
110	2.02	1.961	1.882	2.02	1
111	1.941	1.961	1.843	2.059	1
112	1.922	1.922	1.882	2.039	1
113	1.922	1.961	1.902	2.039	1
114	1.882	1.941	1.961	2.02	1
115	1.863	1.941	2.0	2.0	1
116	1.882	1.902	2.039	1.98	1
117	1.922	1.824	2.118	1.902	1
118	1.941	1.843	2.157	1.882	1
119	1.98	1.843	2.196	1.824	1
120	2.0	1.804	2.157	1.824	1
121	2.02	1.804	2.137	1.843	1
122	2.02	1.843	2.118	1.863	1
123	2.02	1.863	2.137	1.882	1
124	2.059	1.882	2.059	1.961	1
125	2.02	1.863	1.941	1.961	1
126	1.961	1.902	1.882	1.98	1
127	1.961	1.961	1.882	2.02	1
128	1.961	1.98	1.902	2.059	1
129	1.902	1.961	1.902	2.078	1
130	1.882	1.961	1.922	2.039	1
131	1.882	1.941	1.941	2.039	1
132	1.882	1.941	2.02	2.0	1
133	1.843	1.902	2.059	1.98	1
134	1.902	1.863	2.157	1.922	1
135	1.941	1.824	2.137	1.863	1
136	1.961	1.824	2.196	1.824	1
137	2.0	1.804	2.196	1.843	1
138	2.0	1.804	2.137	1.863	1
139	2.039	1.804	2.118	1.863	1
140	2.059	1.843	2.078	1.922	1
141	2.059	1.882	2.059	1.922	1
142	2.059	1.882	1.98	1.961	1
143	1.941	1.882	1.922	2.0	1
144	1.98	1.941	1.882	2.0	1
145	1.961	1.98	1.882	2.039	1
146	1.882	1.961	1.902	2.039	1
147	1.902	1.961	1.941	2.059	1
148	1.902	1.941	1.961	2.039	1
149	1.902	1.961	2.039	2.0	1
150	1.902	1.922	2.059	1.98	1
151	1.882	1.824	2.176	1.941	1
152	1.941	1.843	2.157	1.902	1
153	1.961	1.804	2.196	1.843	1
154	2.039	1.804	2.176	1.824	1
155	2.02	1.824	2.157	1.843	1
156	2.02	1.804	2.157	1.863	1
157	2.059	1.804	2.118	1.922	1
158	2.059	1.882	2.059	1.941	1
159	2.059	1.882	1.961	1.941	1
160	1.961	1.902	1.922	2.0	1
161	1.961	1.902	1.882	2.039	1
162	1.941	1.961	1.882	2.039	1
163	1.941	1.961	1.902	2.078	1
164	1.902	1.961	1.941	2.078	1
165	1.941	1.961	1.98	2.059	1
166	1.863	1.941	2.0	2.039	1
167	1.882	1.882	2.039	1.98	1
168	1.863	1.843	2.157	1.922	1
169	1.941	1.863	2.176	1.882	1
170	1.98	1.824	2.196	1.863	1
171	2.0	1.784	2.176	1.843	1
172	2.0	1.804	2.176	1.843	1
173	2.039	1.843	2.176	1.863	1
174	2.039	1.843	2.176	1.863	1
175	2.078	1.882	2.078	1.941	1
176	2.059	1.882	1.98	1.941	1
177	1.98	1.922	1.941	2.0	1
178	1.941	1.941	1.902	2.02	1
179	1.922	1.941	1.902	2.059	1
180	1.882	1.961	1.882	2.078	1
181	1.902	1.98	1.941	2.039	1
182	1.882	1.941	1.98	2.02	1
183	1.882	1.961	2.02	2.039	1
184	1.863	1.902	2.059	2.0	1
185	1.863	1.843	2.137	1.941	1
186	1.941	1.843	2.157	1.863	1
187	1.941	1.843	2.216	1.843	1
188	2.0	1.784	2.196	1.824	1
189	2.02	1.784	2.137	1.863	1
190	2.02	1.784	2.118	1.863	1
191	2.039	1.784	2.098	1.843	1
192	2.039	1.882	2.039	1.922	1
193	2.059	1.863	1.98	1.941	1
194	1.98	1.863	1.902	2.0	1
195	1.98	1.882	1.882	2.0	1
196	1.941	1.961	1.843	2.059	1
197	1.882	1.98	1.902	2.078	1
198	1.902	1.941	1.941	2.098	1
199	1.922	1.902	1.922	2.0	1
200	1.941	1.902	2.02	2.0	1
201	1.902	1.902	2.059	1.961	1
202	1.922	1.863	2.157	1.902	1
203	1.902	1.843	2.176	1.902	1
204	1.902	1.824	2.196	1.863	1
205	2.0	1.784	2.157	1.824	1
206	2.02	1.804	2.157	1.843	1
207	2.02	1.824	2.157	1.863	1
208	1.98	1.824	2.137	1.882	1
209	2.039	1.882	2.02	1.922	1
210	2.078	1.902	1.961	1.961	1
211	1.941	1.902	1.922	2.02	1
212	1.961	1.98	1.902	2.02	1
213	1.902	2.02	1.922	2.059	1
214	1.863	2.02	1.941	2.118	1
215	1.863	2.02	1.961	2.118	1
216	1.882	1.961	1.961	2.078	1
217	1.824	2.0	2.059	2.059	1
218	1.902	1.941	2.118	2.039	1
219	1.882	1.902	2.176	1.961	1
220	1.961	1.902	2.196	1.902	1
221	1.961	1.902	2.235	1.882	1
222	2.0	1.863	2.235	1.882	1
223	2.02	1.863	2.216	1.922	1
224	2.02	1.863	2.196	1.922	1
225	2.059	1.863	2.157	1.902	1
226	2.039	1.902	2.039	1.961	1
227	2.039	1.902	1.98	1.961	1
228	1.961	1.922	1.941	2.02	1
229	1.961	1.961	1.902	2.02	1
230	1.961	1.98	1.882	2.078	1
231	1.941	1.961	1.902	2.098	1
232	1.941	1.941	1.922	2.059	1
233	1.882	1.941	1.941	2.02	1
234	1.882	1.902	2.0	2.0	1
235	1.863	1.902	2.059	2.0	1
236	1.902	1.863	2.137	1.922	1
237	1.98	1.824	2.137	1.882	1
238	1.961	1.824	2.176	1.843	1
239	2.02	1.784	2.196	1.824	1
240	2.02	1.784	2.176	1.843	1
241	2.059	1.804	2.137	1.882	1
242	2.078	1.804	2.078	1.863	1
243	2.059	1.863	2.059	1.922	1
244	2.078	1.863	2.0	1.961	1
245	2.0	1.863	1.902	1.98	1
246	2.0	1.922	1.902	2.039	1
247	1.961	1.961	1.863	2.02	1
248	1.882	1.922	1.863	2.039	1
249	1.922	1.941	1.902	2.039	1
250	1.902	1.941	1.941	2.02	1
251	1.882	1.941	1.98	2.0	1
252	1.902	1.882	2.039	1.98	1
253	1.902	1.843	2.137	1.922	1
254	1.941	1.824	2.157	1.882	1
255	1.961	1.824	2.216	1.863	1
256	2.0	1.804	2.176	1.804	1
257	2.02	1.804	2.176	1.824	1
258	2.039	1.784	2.137	1.882	1
259	2.059	1.804	2.137	1.824	1
260	2.098	1.863	2.078	1.941	1
261	2.078	1.902	2.02	1.941	1
262	2.0	1.902	1.941	1.98	1
263	1.98	1.922	1.922	2.039	1
264	1.961	1.98	1.902	2.059	1
265	1.941	1.961	1.902	2.078	1
266	1.922	1.961	1.941	2.059	1
267	1.941	1.98	1.961	2.059	1
268	1.843	1.922	2.02	2.02	1
269	1.922	1.902	2.059	1.98	1
270	1.882	1.863	2.157	1.922	1
271	1.941	1.863	2.196	1.882	1
272	1.961	1.824	2.216	1.882	1
273	2.0	1.784	2.176	1.843	1
274	2.02	1.804	2.157	1.824	1
275	2.039	1.843	2.176	1.863	1
276	2.078	1.863	2.098	1.882	1
277	2.039	1.824	2.039	1.922	1
278	2.098	1.863	1.961	1.922	1
279	2.0	1.882	1.882	1.941	1
280	1.961	1.902	1.882	1.98	1
281	1.941	1.922	1.843	2.039	1
282	1.902	1.922	1.902	2.039	1
283	1.882	1.961	1.902	2.039	1
284	1.843	1.961	1.922	2.02	1
285	1.843	1.922	1.98	2.02	1
286	1.843	1.902	2.059	2.02	1
287	1.882	1.843	2.118	1.941	1
288	1.98	1.804	2.118	1.882	1
289	1.922	1.804	2.176	1.824	1
290	1.961	1.804	2.216	1.824	1
291	1.961	1.843	2.196	1.863	1
292	1.961	1.824	2.176	1.922	1
293	1.98	1.863	2.157	1.922	1
294	1.98	1.902	2.118	1.98	1
295	2.0	1.922	2.02	2.0	1
296	1.941	1.941	1.961	2.02	1
297	1.961	1.941	1.941	2.039	1
298	1.922	1.98	1.902	2.078	1
299	1.882	1.98	1.941	2.098	1
300	1.863	1.941	1.941	2.098	1
301	1.863	1.941	1.961	2.059	1
302	1.843	1.941	2.0	2.0	1
303	1.882	1.941	2.078	2.0	1
304	1.882	1.863	2.137	1.961	1
305	1.941	1.863	2.176	1.902	1
306	1.961	1.843	2.196	1.863	1
307	2.0	1.843	2.235	1.843	1
308	2.039	1.824	2.216	1.843	1
309	2.039	1.843	2.176	1.902	1
310	2.039	1.804	2.118	1.882	1
311	2.118	1.863	2.059	1.882	1
312	2.098	1.922	2.02	1.941	1
313	2.02	1.941	1.941	1.98	1
314	2.0	1.922	1.882	2.02	1
315	1.98	1.961	1.882	2.059	1
316	1.941	1.961	1.902	2.059	1
317	1.922	1.98	1.941	2.059	1
318	1.941	1.961	1.961	2.039	1
319	1.902	1.922	1.98	2.0	1
320	1.902	1.882	2.059	1.961	1
321	1.902	1.882	2.137	1.941	1
322	2.0	1.824	2.176	1.882	1
323	1.98	1.843	2.196	1.863	1
324	2.039	1.784	2.176	1.824	1
325	2.039	1.784	2.137	1.843	1
326	2.039	1.804	2.137	1.843	1
327	2.059	1.784	2.118	1.882	1
328	2.078	1.824	2.059	1.902	1
329	2.118	1.863	2.0	1.922	1
330	2.02	1.902	1.922	1.98	1
331	1.98	1.882	1.902	2.0	1
332	1.98	1.941	1.863	2.059	1
333	1.922	1.922	1.882	2.039	1
334	1.941	1.902	1.882	2.039	1
335	1.922	1.902	1.902	1.98	1
336	1.922	1.843	1.98	1.961	1
337	1.941	1.863	2.02	1.941	1
338	1.941	1.804	2.118	1.902	1
339	2.02	1.784	2.098	1.824	1
340	1.98	1.784	2.176	1.824	1
341	2.0	1.745	2.196	1.824	1
342	2.02	1.765	2.137	1.843	1
343	2.059	1.745	2.098	1.824	1
344	2.039	1.784	2.098	1.824	1
345	2.02	1.882	2.078	1.922	1
346	1.961	1.902	2.02	1.98	1
347	2.0	1.902	1.922	2.0	1
348	1.98	1.922	1.882	2.059	1
349	1.922	1.961	1.863	2.059	1
350	1.843	1.98	1.922	2.098	1
351	1.804	2.02	1.98	2.078	1
352	1.765	2.02	2.0	2.078	1
353	1.745	2.0	2.059	2.098	1
354	1.765	1.961	2.098	2.059	1
355	1.745	1.902	2.157	2.039	1
356	1.863	1.902	2.196	1.961	1
357	1.882	1.863	2.235	1.902	1
358	1.922	1.843	2.235	1.882	1
359	2.0	1.863	2.216	1.882	1
360	1.98	1.863	2.176	1.922	1
361	2.0	1.843	2.157	1.902	1
362	2.0	1.882	2.078	1.941	1
363	2.039	1.922	2.02	1.961	1
364	2.0	1.902	1.922	2.02	1
365	2.0	1.941	1.902	2.02	1
366	2.0	1.98	1.882	2.039	1
367	1.941	1.98	1.922	2.059	1
368	1.922	1.961	1.941	2.078	1
369	1.922	2.02	1.961	2.059	1
370	1.922	1.961	2.059	2.039	1
371	1.882	1.922	2.039	2.0	1
372	1.882	1.863	2.098	1.941	1
373	1.961	1.804	2.137	1.882	1
374	2.0	1.863	2.196	1.843	1
375	2.039	1.804	2.196	1.804	1
376	2.059	1.804	2.157	1.824	1
377	2.039	1.784	2.157	1.863	1
378	2.059	1.784	2.118	1.922	1
379	2.098	1.843	2.039	1.902	1
380	2.098	1.863	2.0	1.922	1
381	2.02	1.882	1.941	1.98	1
382	2.02	1.922	1.922	2.0	1
383	1.98	1.941	1.882	2.059	1
384	1.961	1.98	1.902	2.078	1
385	1.961	2.0	1.922	2.078	1
386	1.902	1.961	1.941	2.039	1
387	1.882	1.961	2.02	2.02	1
388	1.922	1.922	2.059	1.98	1
389	1.882	1.902	2.137	1.941	1
390	1.961	1.882	2.157	1.902	1
391	1.98	1.863	2.216	1.863	1
392	2.02	1.863	2.216	1.863	1
393	2.039	1.843	2.157	1.824	1
394	2.039	1.843	2.137	1.863	1
395	2.039	1.843	2.118	1.882	1
396	2.098	1.863	2.059	1.882	1
397	2.059	1.922	2.02	1.941	1
398	2.02	1.922	1.922	1.98	1
399	2.0	1.922	1.902	2.0	1
400	1.941	1.961	1.882	2.039	1
401	1.922	1.98	1.882	2.059	1
402	1.902	1.961	1.922	2.059	1
403	1.902	1.922	1.922	2.02	1
404	1.863	1.902	1.941	2.02	1
405	1.882	1.863	2.02	1.98	1
406	1.882	1.824	2.098	1.941	1
407	1.98	1.804	2.137	1.882	1
408	2.0	1.784	2.157	1.824	1
409	2.039	1.745	2.157	1.804	1
410	2.059	1.725	2.137	1.804	1
411	2.039	1.706	2.078	1.824	1
412	2.098	1.725	2.059	1.843	1
413	2.137	1.804	2.039	1.863	1
414	2.137	1.843	2.02	1.902	1
415	2.02	1.824	1.882	1.961	1
416	1.961	1.863	1.882	1.98	1
417	1.902	1.922	1.922	2.078	1
418	1.922	1.961	1.902	2.098	1
419	1.98	1.941	1.902	2.098	1
420	1.922	1.922	1.961	2.039	1
421	1.863	1.961	2.02	2.0	1
422	1.824	1.902	2.059	2.0	1
423	1.804	1.922	2.176	1.98	1
424	1.902	1.902	2.235	2.0	1
425	1.863	1.882	2.235	1.941	1
426	1.902	1.863	2.235	1.902	1
427	1.902	1.882	2.216	1.902	1
428	1.922	1.902	2.235	1.902	1
429	1.961	1.882	2.176	1.922	1
430	1.98	1.902	2.098	1.922	1
431	2.0	1.961	2.059	1.98	1
432	1.941	1.922	1.941	2.02	1
433	1.941	1.941	1.902	2.02	1
434	1.961	2.039	1.922	2.059	1
435	1.902	1.98	1.882	2.059	1
436	1.863	1.98	1.902	2.078	1
437	1.882	1.961	1.98	2.02	1
438	1.882	1.941	1.961	2.059	1
439	1.902	1.863	2.0	1.941	1
440	1.863	1.824	2.059	1.902	1
441	1.882	1.765	2.098	1.863	1
442	1.941	1.765	2.176	1.824	1
443	1.98	1.765	2.176	1.824	1
444	2.039	1.765	2.157	1.824	1
445	2.059	1.765	2.098	1.784	1
446	2.0	1.765	2.059	1.765	1
447	1.98	1.784	1.98	1.765	1
448	2.039	1.863	1.922	1.824	1
449	1.98	1.863	1.902	1.922	1
450	1.941	1.863	1.882	2.02	1
451	1.922	1.902	1.784	2.059	1
452	1.902	1.922	1.745	2.039	1
453	1.902	1.922	1.784	1.941	1
454	1.961	1.922	1.941	1.882	1
455	1.922	1.922	1.98	1.902	1
456	1.882	1.843	1.941	1.882	1
457	1.863	1.824	2.039	1.902	1
458	1.961	1.784	2.118	1.922	1
459	2.0	1.784	2.118	1.882	1
460	2.0	1.843	2.235	1.882	1
461	2.039	1.784	2.196	1.902	1
462	2.02	1.686	2.059	1.843	1
463	2.078	1.745	1.98	1.804	1
464	2.098	1.882	2.0	1.824	1
465	2.118	1.843	2.118	1.902	1
466	2.078	1.745	1.922	2.02	1
467	2.059	1.784	1.745	2.059	1
468	2.039	1.882	1.686	2.02	1
469	1.98	1.98	2.059	2.02	1
470	2.098	1.961	2.137	2.02	1
471	1.98	1.843	1.941	2.02	1
472	1.902	1.745	1.706	2.059	1
473	2.0	1.804	1.922	1.941	1
474	2.02	1.863	2.02	1.882	1
475	1.98	1.765	2.098	1.824	1
476	2.02	1.725	2.118	1.804	1
477	2.216	1.627	2.157	1.784	1
478	2.157	1.667	2.353	1.824	1
479	2.078	1.725	2.196	1.843	1
480	1.922	1.804	1.922	1.863	1
481	1.941	1.843	1.941	1.882	1
482	2.078	1.882	1.98	1.922	1
483	2.078	1.863	1.941	1.961	1
484	1.961	1.941	1.941	2.0	1
485	1.843	2.02	1.863	2.098	1
486	1.843	2.059	1.686	2.216	1
487	1.804	1.941	1.647	2.196	1
488	1.765	2.02	1.765	2.176	1
489	1.667	2.098	1.863	2.216	1
490	1.725	2.118	1.922	2.157	1
491	1.804	2.059	1.922	2.039	1
492	1.863	1.961	1.941	1.922	1
493	1.843	1.941	1.941	1.902	1
494	1.882	1.922	1.98	1.961	1
495	1.922	1.961	2.039	2.02	1
496	1.98	2.02	1.922	2.078	1
497	1.922	2.059	1.882	2.078	1
498	1.941	2.137	1.941	2.059	1
499	1.961	2.098	1.843	2.039	1
500	2.0	2.059	1.745	2.078	1
501	1.922	2.059	1.784	2.098	1
502	1.902	2.118	1.882	2.137	1
503	1.863	2.235	1.902	2.176	1
504	1.843	2.216	2.02	2.235	1
505	1.804	2.157	2.137	2.275	1
506	1.863	2.098	2.098	2.216	1
507	1.941	2.078	1.961	2.118	1
508	1.804	2.02	2.078	1.941	1
509	1.922	1.882	2.255	1.765	1
510	1.961	1.863	2.431	1.765	1
511	1.902	1.882	2.451	1.922	1
512	1.98	1.902	2.431	2.137	1
513	2.039	1.843	2.353	2.275	1
514	2.02	1.765	2.235	2.235	1
515	2.078	1.863	2.176	2.059	1
516	2.157	1.961	2.118	1.863	1
517	2.059	1.843	1.961	1.804	1
518	1.98	1.863	2.078	1.922	1
519	1.98	1.98	2.137	2.137	1
520	1.882	2.02	2.157	2.235	1
521	1.941	2.0	2.157	2.294	1
522	1.941	2.059	2.098	2.255	1
523	1.961	2.118	2.137	2.216	1
524	1.941	2.098	2.137	2.118	1
525	1.902	2.02	2.157	1.961	1
526	2.0	1.922	2.314	1.882	1
527	1.98	1.941	2.471	1.902	1
528	2.078	1.941	2.51	1.941	1
529	2.059	1.922	2.353	2.039	1
530	2.059	1.902	2.412	2.039	1
531	2.118	2.059	2.569	2.078	1
532	2.157	2.098	2.51	2.059	1
533	2.235	2.02	2.314	2.059	1
534	2.078	1.922	2.078	2.078	1
535	1.98	1.961	1.922	2.078	1
536	1.98	1.941	2.098	2.098	1
537	2.0	1.961	2.176	2.157	1
538	2.0	1.98	2.176	2.216	1
539	1.98	2.0	2.275	2.255	1
540	1.922	1.961	2.294	2.216	1
541	1.902	1.863	2.176	2.176	1
542	1.922	1.725	2.118	2.039	1
543	1.922	1.667	2.275	1.843	1
544	1.922	1.608	2.373	1.706	1
545	2.098	1.647	2.275	1.686	1
546	2.098	1.588	2.157	1.765	1
547	1.98	1.412	2.137	1.882	1
548	1.98	1.588	2.373	2.0	1
549	2.098	1.51	2.059	1.922	1
550	2.118	1.51	1.902	1.647	1
551	2.118	1.471	1.922	1.667	1
552	2.02	1.667	1.784	1.882	1
553	1.98	1.706	1.608	2.0	1
554	1.902	1.471	1.686	1.863	1
555	2.039	1.51	1.765	1.647	1
556	1.961	1.569	1.745	1.588	1
557	1.843	1.49	1.784	1.686	1
558	1.882	1.627	2.02	1.98	1
559	1.941	1.647	1.902	2.118	1
560	2.039	1.569	1.549	2.0	1
561	2.02	1.529	1.275	1.686	1
562	1.922	1.51	1.627	1.392	1
563	1.902	1.588	1.902	1.353	1
564	2.039	1.667	1.902	1.529	1
565	2.098	1.725	1.706	1.725	1
566	2.078	1.765	1.765	1.922	1
567	2.039	1.863	1.922	1.961	1
568	2.078	1.941	1.745	1.941	1
569	2.0	1.922	1.353	1.784	1
570	1.882	1.863	1.255	1.627	1
571	1.843	1.922	1.451	1.608	1
572	1.863	2.0	1.765	1.765	1
573	1.843	2.078	1.784	1.882	1
574	1.804	2.098	1.824	1.961	1
575	1.824	2.059	1.961	1.804	1
576	1.804	2.118	2.157	1.706	1
577	1.843	2.078	2.294	1.686	1
578	1.843	2.02	2.373	1.725	1
579	1.941	2.02	2.431	1.824	1
580	1.922	2.039	2.392	1.922	1
581	1.882	2.02	2.373	1.961	1
582	1.98	2.098	2.333	1.941	1
583	2.059	2.235	2.529	1.98	1
584	2.059	2.353	2.647	2.118	1
585	1.98	2.294	2.706	2.275	1
586	1.843	2.314	2.765	2.412	1
587	1.961	2.412	2.667	2.451	1
588	2.0	2.431	2.314	2.471	1
589	1.863	2.412	2.373	2.392	1
590	1.941	2.392	2.529	2.314	1
591	1.961	2.216	2.471	2.333	1
592	1.922	2.078	2.529	2.333	1
593	1.98	2.235	2.627	2.235	1
594	1.98	2.098	2.588	2.118	1
595	2.02	2.098	2.451	2.039	1
596	2.02	2.059	2.529	2.02	1
597	2.235	2.02	2.431	2.196	1
598	2.431	1.824	2.137	2.196	1
599	2.353	1.588	1.843	2.02	1
600	2.353	1.667	1.824	1.745	1
601	2.412	1.784	1.941	1.588	1
602	2.451	1.745	1.824	1.706	1
603	2.235	1.725	1.824	2.078	1
604	2.216	1.941	1.922	2.412	1
605	2.392	1.98	1.706	2.471	1
606	2.314	1.686	1.627	2.216	1
607	2.314	1.647	1.824	1.863	1
608	2.255	1.784	1.941	1.784	1
609	2.157	1.706	1.784	2.02	1
610	2.235	1.725	1.922	2.137	1
611	2.314	1.725	2.02	2.137	1
612	2.235	1.706	2.039	2.0	1
613	2.275	1.706	2.196	1.922	1
614	2.275	1.765	2.275	1.961	1
615	2.294	1.784	2.216	2.059	1
616	2.275	1.824	1.961	2.098	1
617	2.196	1.608	1.922	2.098	1
618	2.196	1.647	1.745	2.137	1
619	2.216	1.804	1.882	2.157	1
620	2.196	1.961	1.98	2.176	1
621	2.196	2.0	1.765	2.176	1
622	2.02	1.882	1.706	2.118	1
623	1.922	1.882	1.843	2.098	1
624	1.922	1.882	1.863	2.118	1
625	1.941	1.902	1.922	2.118	1
626	1.902	1.98	2.0	2.176	1
627	1.98	2.157	2.255	2.137	1
628	1.941	2.02	2.373	2.039	1
629	1.745	1.824	1.863	1.863	1
630	1.725	1.961	1.882	1.765	1
631	1.961	1.98	2.137	1.804	1
632	1.941	1.882	2.02	1.863	1
633	1.804	1.882	2.118	1.882	1
634	1.843	1.961	2.137	2.0	1
635	1.882	1.98	2.02	2.0	1
636	1.941	1.863	1.804	2.0	1
637	1.804	1.804	1.765	1.922	1
638	1.824	1.902	1.863	1.882	1
639	1.824	1.863	1.784	1.902	1
640	1.588	1.686	1.725	1.902	1
641	1.529	1.627	1.627	1.843	1
642	1.588	1.706	1.627	1.745	1
643	1.627	1.745	1.725	1.765	1
644	1.647	1.667	1.922	1.784	1
645	1.627	1.588	2.157	1.784	1
646	1.627	1.667	2.176	1.765	1
647	1.725	1.608	2.039	1.608	1
648	1.784	1.725	2.0	1.529	1
649	1.745	1.784	1.961	1.569	1
650	1.725	1.765	1.98	1.647	1
651	1.745	1.804	1.961	1.725	1
652	1.804	1.922	1.961	1.725	1
653	1.863	1.98	1.902	1.745	1
654	1.725	1.98	1.922	1.863	1
655	1.725	2.078	1.941	2.078	1
656	1.725	2.137	1.882	2.157	1
657	1.784	2.157	1.98	2.118	1
658	1.745	2.137	2.059	1.961	1
659	1.725	2.137	2.039	1.882	1
660	1.608	2.157	2.235	1.882	1
661	1.706	2.059	2.255	1.941	1
662	1.686	1.98	2.314	1.961	1
663	1.745	2.039	2.392	1.98	1
664	1.843	1.98	2.471	1.941	1
665	1.882	1.98	2.49	1.902	1
666	1.863	1.902	2.412	1.863	1
667	1.843	1.863	2.314	1.863	1
668	1.882	1.882	2.353	1.863	1
669	2.0	2.039	2.412	1.941	1
670	2.098	2.098	2.333	2.02	1
671	1.961	2.0	2.235	2.118	1
672	1.902	1.902	2.0	2.118	1
673	1.882	1.902	1.961	2.078	1
674	1.882	1.863	1.961	2.0	1
675	1.902	1.902	1.98	1.922	1
676	1.922	1.882	2.0	1.882	1
677	1.863	1.863	2.059	1.941	1
678	1.804	1.765	2.059	2.039	1
679	1.804	1.686	2.157	1.98	1
680	1.941	1.706	2.196	1.824	1
681	1.961	1.608	2.118	1.686	1
682	2.039	1.529	1.98	1.686	1
683	1.98	1.49	2.02	1.804	1
684	1.941	1.49	2.0	1.882	1
685	1.941	1.51	1.941	1.98	1
686	2.0	1.588	1.804	1.98	1
687	2.098	1.647	1.647	1.941	1
688	2.02	1.706	1.627	1.922	1
689	2.078	1.765	1.745	1.961	1
690	2.02	1.804	1.784	2.039	1
691	1.98	1.686	1.725	2.118	1
692	1.882	1.569	1.706	2.157	1
693	1.882	1.706	1.843	2.118	1
694	2.02	1.843	2.039	2.0	1
695	1.961	1.824	1.941	1.882	1
696	1.902	1.765	2.059	1.804	1
697	2.02	1.902	2.137	1.804	1
698	2.078	2.02	2.275	1.824	1
699	2.137	2.0	2.275	1.863	1
700	2.118	1.882	2.235	1.902	1
701	2.039	1.824	2.255	1.902	1
702	2.059	1.98	2.451	1.941	1
703	2.216	2.176	2.588	2.039	1
704	2.255	2.137	2.412	2.059	1
705	2.0	2.059	2.294	2.039	1
706	2.059	2.078	2.137	2.039	1
707	2.078	2.176	2.039	2.0	1
708	2.02	2.176	2.02	2.02	1
709	1.824	2.275	2.255	2.098	1
710	1.882	2.235	2.431	2.098	1
711	1.902	2.176	2.471	2.078	1
712	1.902	2.118	2.51	2.059	1
713	1.863	2.078	2.49	2.039	1
714	1.902	2.098	2.51	2.078	1
715	1.922	1.961	2.176	2.059	1
716	1.863	1.863	2.0	1.882	1
717	1.922	1.922	2.059	1.804	1
718	2.059	2.098	2.176	1.863	1
719	2.02	2.098	2.255	1.941	1
720	1.98	2.118	2.02	2.02	1
721	1.941	1.98	1.824	2.039	1
722	1.922	1.961	1.706	2.039	1
723	2.02	1.941	1.647	2.0	1
724	1.941	2.0	1.569	2.02	1
725	1.843	1.961	1.51	1.98	1
726	1.843	1.863	1.686	1.922	1
727	1.941	1.784	1.569	1.843	1
728	1.765	1.804	1.725	1.824	1
729	1.902	1.784	1.765	1.824	1
730	1.98	1.627	1.627	1.667	1
731	1.902	1.608	1.765	1.51	1
732	1.922	1.647	1.863	1.431	1
733	1.941	1.569	1.882	1.529	1
734	1.941	1.608	1.843	1.765	1
735	2.0	1.569	1.941	1.804	1
736	2.098	1.569	1.863	1.745	1
737	2.0	1.686	1.824	1.667	1
738	2.078	1.804	1.804	1.667	1
739	1.941	1.824	1.745	1.765	1
740	1.941	1.882	1.706	1.902	1
741	1.843	1.863	1.686	2.0	1
742	1.824	1.863	1.784	2.039	1
743	1.843	1.961	1.804	2.039	1
744	1.784	1.98	1.941	2.02	1
745	1.804	2.02	2.098	2.02	1
746	1.745	2.059	2.137	2.02	1
747	1.765	1.941	2.235	1.98	1
748	1.882	1.961	2.275	1.961	1
749	1.843	1.922	2.294	1.882	1
750	1.902	1.922	2.255	1.863	1
751	1.882	1.961	2.294	1.902	1
752	1.941	2.0	2.275	1.98	1
753	1.961	1.98	2.373	1.98	1
754	2.039	2.0	2.373	2.0	1
755	2.039	1.98	2.196	2.039	1
756	1.961	1.98	2.157	2.059	1
757	1.961	2.0	2.02	2.098	1
758	1.922	2.02	2.039	2.157	1
759	1.941	1.98	2.078	2.216	1
760	1.863	1.961	2.039	2.176	1
761	1.882	1.961	2.098	2.02	1
762	1.902	1.941	2.118	1.922	1
763	1.902	1.824	2.137	1.765	1
764	1.824	1.804	2.314	1.765	1
765	1.882	1.745	2.294	1.882	1
766	1.902	1.667	2.216	2.02	1
767	1.961	1.627	2.098	2.02	1
768	2.02	1.667	2.118	2.0	1
769	2.078	1.784	2.196	1.902	1
770	2.078	1.686	2.216	1.824	1
771	2.059	1.706	2.216	1.922	1
772	2.098	1.824	2.255	2.098	1
773	2.059	1.863	2.02	2.196	1
774	2.157	1.863	1.922	2.137	1
775	2.078	1.98	2.0	2.0	1
776	1.941	1.961	2.078	2.039	1
777	1.941	1.843	2.078	2.294	1
778	1.882	1.961	2.275	2.471	1
779	1.961	1.98	2.412	2.451	1
780	2.157	2.02	2.216	2.196	1
781	1.961	2.0	2.157	1.882	1
782	1.902	1.902	2.216	1.745	1
783	2.0	1.922	2.471	1.843	1
784	2.078	1.941	2.51	2.059	1
785	2.039	1.863	2.275	2.216	1
786	2.118	1.824	2.157	2.157	1
787	2.137	1.784	2.157	2.02	1
788	2.118	1.843	2.039	1.941	1
789	2.118	1.98	1.922	1.922	1
790	2.098	2.098	1.922	1.961	1
791	2.157	2.078	1.941	2.059	1
792	2.02	1.961	1.922	2.118	1
793	2.0	1.824	1.824	2.137	1
794	1.843	1.882	1.745	2.098	1
795	1.765	1.922	2.039	2.02	1
796	1.902	1.922	2.137	1.902	1
797	2.098	1.863	1.843	1.804	1
798	2.02	1.843	1.725	1.706	1
799	1.902	1.804	1.882	1.667	1
800	1.863	1.863	2.137	1.725	1
801	1.98	1.882	2.216	1.824	1
802	2.176	1.725	2.137	1.863	1
803	2.0	1.686	1.941	1.843	1
804	1.745	1.863	1.824	1.745	1
805	1.882	1.98	1.902	1.784	1
806	2.039	1.863	1.804	1.804	1
807	2.02	1.765	1.667	1.843	1
808	2.039	1.804	1.725	1.902	1
809	2.02	2.059	1.824	1.961	1
810	1.961	2.02	1.725	1.922	1
811	1.784	1.863	1.196	1.784	1
812	1.549	1.667	1.333	1.745	1
813	1.706	1.882	1.725	1.824	1
814	1.863	1.941	1.843	1.882	1
815	1.824	1.824	1.922	1.824	1
816	1.902	1.765	1.863	1.686	1
817	1.882	1.725	1.804	1.627	1
818	1.961	1.745	1.843	1.627	1
819	2.039	1.745	1.882	1.667	1
820	2.059	1.784	1.882	1.706	1
821	1.98	1.882	1.765	1.765	1
822	1.882	1.902	1.902	1.863	1
823	2.039	1.902	2.059	1.98	1
824	2.039	1.961	2.02	2.02	1
825	2.078	1.98	1.882	2.078	1
826	1.922	2.02	1.804	2.118	1
827	1.863	2.059	1.843	2.137	1
828	1.843	2.039	1.922	2.137	1
829	1.804	2.059	2.176	2.157	1
830	1.882	2.176	2.392	2.137	1
831	1.843	2.039	2.333	2.137	1
832	1.765	1.882	2.314	2.078	1
833	1.804	1.804	2.294	1.98	1
834	1.843	1.882	2.412	1.922	1
835	1.941	1.941	2.431	1.941	1
836	2.02	2.02	2.353	1.98	1
837	2.02	1.941	2.275	1.961	1
838	2.0	1.922	2.275	1.961	1
839	2.039	1.961	2.294	1.941	1
840	2.059	1.961	2.196	2.0	1
841	1.961	1.98	2.137	2.098	1
842	1.98	1.98	2.098	2.098	1
843	1.941	2.098	2.157	2.098	1
844	1.922	2.059	2.196	2.137	1
845	1.922	2.02	2.157	2.098	1
846	1.902	2.0	2.176	2.02	1
847	1.843	2.0	2.235	2.02	1
848	1.882	1.941	2.392	2.039	1
849	1.922	1.745	2.353	1.961	1
850	1.941	1.706	2.314	1.882	1
851	1.863	1.804	2.373	1.941	1
852	1.922	1.824	2.333	2.0	1
853	2.02	1.765	2.294	2.02	1
854	2.059	1.745	2.235	1.98	1
855	2.118	1.745	2.216	1.922	1
856	2.137	1.745	2.118	1.922	1
857	2.216	1.745	2.039	1.882	1
858	2.118	1.765	2.02	1.941	1
859	2.039	1.784	1.804	2.02	1
860	2.039	1.804	1.667	2.078	1
861	1.98	1.922	1.745	2.118	1
862	1.941	1.98	1.843	2.137	1
863	1.941	1.902	1.941	2.078	1
864	1.941	1.824	1.902	1.961	1
865	1.98	1.765	1.824	1.824	1
866	1.98	1.765	2.059	1.627	1
867	2.059	1.765	2.137	1.569	1
868	1.941	1.667	2.0	1.686	1
869	1.902	1.725	2.02	1.98	1
870	1.941	1.804	2.294	2.118	1
871	2.078	1.765	2.078	1.961	1
872	2.118	1.725	1.843	1.765	1
873	2.039	1.765	1.863	1.706	1
874	2.078	1.824	1.941	1.765	1
875	2.02	1.882	2.039	1.922	1
876	1.98	1.882	2.02	2.118	1
877	1.941	1.941	1.863	2.216	1
878	1.882	1.941	1.824	2.176	1
879	1.882	2.0	1.902	2.118	1
880	1.902	2.059	2.039	2.118	1
881	1.902	2.059	2.176	2.137	1
882	1.902	1.98	2.059	2.078	1
883	1.843	1.922	2.118	2.0	1
884	1.922	1.922	2.235	1.882	1
885	1.961	1.961	2.294	1.804	1
886	2.0	1.843	2.255	1.843	1
887	2.02	1.765	2.098	1.824	1
888	2.098	1.824	2.157	1.882	1
889	2.157	1.98	2.275	1.98	1
890	2.235	2.02	2.196	1.98	1
891	2.118	1.941	1.804	1.98	1
892	1.941	1.882	1.588	1.902	1
893	1.902	1.98	1.765	1.941	1
894	1.922	2.039	1.961	2.059	1
895	1.98	1.941	2.098	2.235	1
896	2.059	1.902	1.922	2.216	1
897	2.0	1.804	1.784	2.02	1
898	1.824	1.804	1.863	1.863	1
899	1.784	1.902	1.922	1.804	1
900	1.804	1.824	1.902	1.804	1
901	1.843	1.706	1.98	1.824	1
902	1.824	1.706	2.059	1.922	1
903	1.882	1.667	2.098	1.922	1
904	1.98	1.667	2.078	1.941	1
905	2.02	1.784	2.059	1.941	1
906	2.039	1.725	2.039	1.863	1
907	1.98	1.824	1.922	1.863	1
908	1.98	1.765	1.824	1.882	1
909	2.039	1.863	1.824	1.941	1
910	2.02	1.882	1.745	1.98	1
911	2.02	1.961	1.804	2.0	1
912	1.941	2.039	1.804	1.98	1
913	1.941	2.039	1.863	1.922	1
914	1.902	2.098	1.941	1.941	1
915	1.902	2.059	2.039	1.941	1
916	1.765	2.02	2.176	2.059	1
917	1.725	2.059	2.314	2.137	1
918	1.922	2.039	2.314	2.059	1
919	1.961	2.059	2.392	1.863	1
920	2.02	2.02	2.373	1.725	1
921	2.0	2.0	2.294	1.706	1
922	1.941	1.902	2.216	1.765	1
923	1.922	1.902	2.235	1.824	1
924	2.098	2.098	2.294	1.922	1
925	2.098	2.098	2.235	2.02	1
926	1.961	2.059	2.137	2.157	1
927	1.961	2.0	2.078	2.255	1
928	1.922	1.961	1.961	2.235	1
929	1.882	1.961	1.98	2.118	1
930	1.902	1.98	2.0	1.961	1
931	1.843	1.882	1.961	1.863	1
932	1.843	1.882	2.059	1.863	1
933	1.824	1.843	2.118	1.922	1
934	1.843	1.784	2.196	1.941	1
935	1.902	1.725	2.176	1.902	1
936	1.882	1.667	2.157	1.824	1
937	1.961	1.686	2.137	1.745	1
938	2.0	1.725	2.118	1.725	1
939	2.02	1.706	2.137	1.804	1
940	2.02	1.784	2.157	1.941	1
941	2.02	1.804	2.059	2.0	1
942	2.059	1.824	1.941	1.98	1
943	1.961	1.824	1.824	1.882	1
944	2.0	1.843	1.824	1.843	1
945	2.02	1.922	1.863	1.941	1
946	1.922	1.941	1.863	2.098	1
947	1.882	1.902	1.824	2.176	1
948	1.902	1.863	1.863	2.176	1
949	1.824	1.922	2.02	2.078	1
950	1.882	1.922	2.235	2.02	1
951	1.922	1.902	2.294	1.902	1
952	1.961	1.784	2.216	1.706	1
953	1.922	1.784	2.216	1.627	1
954	2.02	1.824	2.314	1.784	1
955	2.02	1.824	2.235	2.137	1
956	1.941	1.922	2.353	2.412	1
957	2.039	1.902	2.373	2.333	1
958	2.137	1.941	2.235	2.118	1
959	2.118	1.863	2.02	1.863	1
960	2.02	1.843	2.118	1.804	1
961	2.078	1.961	2.196	1.98	1
962	2.059	2.039	2.059	2.333	1
963	1.961	2.157	2.118	2.51	1
964	1.961	2.176	2.039	2.549	1
965	1.902	2.059	1.882	2.412	1
966	1.804	1.922	1.961	2.196	1
967	1.863	1.804	2.0	2.039	1
968	1.902	1.843	2.157	1.922	1
969	1.961	1.863	2.196	1.922	1
970	1.922	1.804	2.176	1.941	1
971	2.0	1.804	2.118	1.941	1
972	2.039	1.863	2.078	1.902	1
973	2.059	1.863	2.039	1.863	1
974	2.039	1.902	2.02	1.824	1
975	2.098	1.882	1.902	1.824	1
976	2.118	1.824	1.824	1.843	1
977	2.0	1.824	1.765	1.922	1
978	2.0	1.824	1.784	1.98	1
979	2.039	1.863	1.745	2.0	1
980	2.02	1.863	1.804	1.961	1
981	1.961	1.824	2.0	1.882	1
982	1.98	1.745	2.059	1.863	1
983	1.941	1.882	1.765	1.961	1
984	1.804	1.824	1.647	1.941	1
985	1.863	1.784	2.039	1.843	1
986	1.961	1.804	2.294	1.745	1
987	1.882	1.725	2.333	1.745	1
988	1.98	1.725	2.176	1.765	1
989	1.961	1.686	2.078	1.725	1
990	2.039	1.667	2.118	1.745	1
991	2.059	1.745	2.157	1.725	1
992	2.059	1.922	2.118	1.843	1
993	2.078	2.02	2.02	1.882	1
994	1.941	2.0	1.863	1.941	1
995	1.902	1.98	1.882	2.0	1
996	1.922	1.941	1.843	2.039	1
997	1.882	1.941	1.765	2.039	1
998	1.941	1.941	1.804	1.98	1
999	1.922	1.922	1.863	1.922	1
1000	1.843	1.922	1.902	1.922	1
1001	1.863	1.922	1.961	1.902	1
1002	1.824	1.882	1.961	1.941	1
1003	1.882	1.804	2.0	1.922	1
1004	1.882	1.784	2.0	1.824	1
1005	1.922	1.745	1.902	1.686	1
1006	1.98	1.706	1.804	1.647	1
1007	1.961	1.706	1.843	1.706	1
1008	2.039	1.765	1.882	1.843	1
1009	2.098	1.882	1.902	1.961	1
1010	2.039	1.863	1.882	1.961	1
1011	2.02	1.882	1.784	1.941	1
1012	2.0	1.902	1.725	1.843	1
1013	2.0	1.961	1.706	1.824	1
1014	1.902	1.961	1.745	1.843	1
1015	1.922	2.0	1.647	1.804	1
1016	1.922	1.941	1.686	1.765	1
1017	1.882	1.922	1.824	1.784	1
1018	1.804	1.882	1.902	1.843	1
1019	1.804	1.784	2.02	1.843	1
1020	1.922	1.824	2.294	1.824	1
1021	1.902	1.922	2.49	1.843	1
1022	1.961	1.902	2.333	1.824	1
1023	1.98	1.902	2.196	1.804	1
1024	1.941	1.922	2.255	1.784	1
1025	1.98	1.902	2.314	1.824	1
1026	2.02	1.961	2.333	1.882	1
1027	2.02	2.078	2.314	2.059	1
1028	1.961	2.059	2.216	2.196	1
1029	1.941	2.02	2.235	2.235	1
1030	1.961	2.118	2.353	2.196	1
1031	1.882	2.157	2.412	2.255	1
1032	1.784	2.118	2.353	2.51	1
1033	1.804	2.137	2.451	2.627	1
1034	1.863	2.137	2.471	2.51	1
1035	1.902	2.118	2.51	2.294	1
1036	1.863	1.98	2.431	2.039	1
1037	1.882	1.922	2.431	1.902	1
1038	1.843	1.941	2.49	1.941	1
1039	1.922	1.902	2.51	2.078	1
1040	2.039	1.824	2.569	2.216	1
1041	2.098	1.863	2.49	2.196	1
1042	2.0	1.843	2.137	2.235	1
1043	1.941	1.804	2.02	2.176	1
1044	2.157	2.0	2.373	2.176	1
1045	2.157	1.941	2.02	2.157	1
1046	1.98	1.784	1.647	2.098	1
1047	1.922	1.882	1.824	2.039	1
1048	1.961	1.98	1.922	2.078	1
1049	2.0	1.922	1.922	2.098	1
1050	1.961	1.922	2.0	2.137	1
1051	1.902	1.922	1.922	2.118	1
1052	1.941	1.882	1.824	2.078	1
1053	1.824	1.882	1.922	1.961	1
1054	1.902	1.765	2.078	1.843	1
1055	1.941	1.745	2.157	1.804	1
1056	1.98	1.745	2.176	1.784	1
1057	2.078	1.941	2.098	1.843	1
1058	2.157	1.941	2.059	1.824	1
1059	2.137	1.843	1.941	1.784	1
1060	2.137	1.765	1.902	1.784	1
1061	2.118	1.804	1.941	1.784	1
1062	2.137	1.922	1.922	1.863	1
1063	2.118	1.882	1.863	1.882	1
1064	2.078	2.0	1.725	1.922	1
1065	1.961	2.078	1.804	1.961	1
1066	2.02	2.039	2.039	2.0	1
1067	1.98	1.961	2.039	1.922	1
1068	1.961	1.922	1.824	1.902	1
1069	1.863	1.922	1.765	1.902	1
1070	1.882	1.922	2.078	1.961	1
1071	1.941	1.804	2.098	1.882	1
1072	1.922	1.745	2.02	1.745	1
1073	2.039	1.765	2.0	1.667	1
1074	1.961	1.843	2.078	1.706	1
1075	1.863	1.784	2.02	1.824	1
1076	1.922	1.706	2.039	1.902	1
1077	2.118	1.745	2.039	1.98	1
1078	2.098	1.745	1.843	1.961	1
1079	2.02	1.725	1.686	1.902	1
1080	1.941	1.686	1.608	1.824	1
1081	1.98	1.725	1.608	1.863	1
1082	1.941	1.843	1.686	2.078	1
1083	1.922	1.824	1.588	2.176	1
1084	1.882	1.667	1.51	2.098	1
1085	1.824	1.647	1.529	1.902	1
1086	1.765	1.647	1.667	1.667	1
1087	1.804	1.706	1.863	1.529	1
1088	1.961	1.667	1.922	1.529	1
1089	1.941	1.627	1.863	1.627	1
1090	1.961	1.588	1.725	1.647	1
1091	2.059	1.608	1.745	1.706	1
1092	2.02	1.686	1.843	1.706	1
1093	2.039	1.686	1.902	1.725	1
1094	2.059	1.765	1.882	1.745	1
1095	2.02	1.941	2.0	1.824	1
1096	2.039	1.961	1.961	1.902	1
1097	2.059	1.961	2.0	1.843	1
1098	2.039	1.902	1.902	1.804	1
1099	1.902	1.824	1.941	1.941	1
1100	1.765	2.039	2.196	2.255	1
1101	1.804	2.176	2.294	2.51	1
1102	1.863	2.098	2.333	2.412	1
1103	1.863	2.078	2.353	2.157	1
1104	1.824	2.078	2.529	1.941	1
1105	1.882	2.059	2.647	1.941	1
1106	1.824	2.02	2.647	2.02	1
1107	1.824	1.922	2.588	2.157	1
1108	1.902	2.02	2.667	2.314	1
1109	1.98	2.078	2.647	2.392	1
1110	2.02	1.98	2.49	2.275	1
1111	2.0	1.98	2.451	2.176	1
1112	2.02	2.078	2.431	2.157	1
1113	1.922	2.059	2.294	2.196	1
1114	1.922	2.059	2.333	2.196	1
1115	1.961	2.118	2.235	2.196	1
1116	1.922	2.098	2.098	2.235	1
1117	1.922	1.98	2.098	2.235	1
1118	1.922	1.98	2.137	2.216	1
1119	1.902	1.941	2.157	2.235	1
1120	1.863	1.922	2.196	2.098	1
1121	1.824	1.863	2.235	1.98	1
1122	1.843	1.843	2.255	1.922	1
1123	1.902	1.902	2.275	1.863	1
1124	2.0	1.824	2.314	1.863	1
1125	2.02	1.863	2.275	1.902	1
1126	2.0	1.863	2.314	1.98	1
1127	2.0	1.804	2.118	1.961	1
1128	2.196	1.784	1.863	1.824	1
1129	2.157	1.824	1.843	1.745	1
1130	2.157	1.863	1.863	1.784	1
1131	2.098	1.961	1.824	1.882	1
1132	2.118	2.078	1.902	2.02	1
1133	2.078	1.98	1.902	2.078	1
1134	2.039	1.98	1.843	1.98	1
1135	1.922	2.098	1.902	1.922	1
1136	1.745	2.137	2.02	2.059	1
1137	1.784	1.961	2.039	2.098	1
1138	2.0	1.863	2.02	2.0	1
1139	2.02	1.863	2.059	1.863	1
1140	1.98	1.941	2.157	1.745	1
1141	2.0	1.941	2.216	1.667	1
1142	1.961	1.863	2.157	1.745	1
1143	1.922	1.922	2.216	1.961	1
1144	2.039	1.941	2.118	2.078	1
1145	1.941	1.922	2.098	2.078	1
1146	1.902	1.961	2.118	2.059	1
1147	2.039	1.922	1.902	2.059	1
1148	2.02	1.922	1.824	2.02	1
1149	2.039	1.941	1.784	2.02	1
1150	1.882	1.961	1.843	2.02	1
1151	1.843	2.039	1.98	2.039	1
1152	1.863	1.922	1.824	2.039	1
1153	1.941	1.843	1.765	2.059	1
1154	1.882	1.863	1.922	1.98	1
1155	1.804	1.882	2.02	1.922	1
1156	1.882	1.824	2.039	1.863	1
1157	1.922	1.765	2.02	1.765	1
1158	1.922	1.686	2.059	1.686	1
1159	1.922	1.667	2.0	1.667	1
1160	1.98	1.706	1.98	1.725	1
1161	2.098	1.765	1.882	1.824	1
1162	2.02	1.706	1.804	1.863	1
1163	2.039	1.725	1.843	1.824	1
1164	2.098	1.765	1.725	1.784	1
1165	2.039	1.784	1.686	1.824	1
1166	1.98	1.784	1.588	1.843	1
1167	1.922	1.784	1.647	1.902	1
1168	1.961	1.824	1.686	1.902	1
1169	1.961	1.824	1.647	1.804	1
1170	1.941	1.706	1.725	1.686	1
1171	1.863	1.667	1.686	1.686	1
1172	1.784	1.588	1.686	1.745	1
1173	1.902	1.686	2.0	1.824	1
1174	1.98	1.686	2.02	1.882	1
1175	1.922	1.569	1.843	1.863	1
1176	1.961	1.588	1.902	1.745	1
1177	1.98	1.588	1.784	1.667	1
1178	1.882	1.529	1.824	1.627	1
1179	2.02	1.706	2.118	1.745	1
1180	2.176	1.745	1.961	1.902	1
1181	2.157	1.706	1.706	2.059	1
1182	1.902	1.725	1.725	2.098	1
1183	1.941	1.804	1.804	2.098	1
1184	1.941	1.902	1.863	2.098	1
1185	1.961	1.843	1.902	2.078	1
1186	1.941	1.843	1.98	2.078	1
1187	1.882	1.902	2.059	2.039	1
1188	1.882	2.02	2.255	1.961	1
1189	1.863	2.039	2.255	1.902	1
1190	1.843	1.922	2.373	1.863	1
1191	1.941	1.863	2.51	1.824	1
1192	1.961	1.882	2.588	1.784	1
1193	2.059	1.98	2.451	1.902	1
1194	2.02	2.098	2.51	2.078	1
1195	1.961	2.118	2.569	2.176	1
1196	1.922	2.039	2.49	2.078	1
1197	2.0	2.039	2.549	2.02	1
1198	2.059	2.039	2.333	2.078	1
1199	2.0	2.118	2.176	2.157	1
1200	1.941	2.118	2.157	2.216	1
1201	1.922	2.118	2.196	2.196	1
1202	1.902	2.098	2.176	2.196	1
1203	1.784	2.059	2.196	2.176	1
1204	1.863	2.176	2.314	2.216	1
1205	1.922	2.196	2.294	2.235	1
1206	1.863	2.098	2.333	2.235	1
1207	1.941	1.961	2.392	2.196	1
1208	1.941	1.98	2.412	2.098	1
1209	2.02	1.941	2.333	1.961	1
1210	2.078	1.98	2.216	1.843	1
1211	2.039	1.961	2.275	1.824	1
1212	2.078	1.961	2.333	1.941	1
1213	2.255	2.059	2.255	2.059	1
1214	2.157	2.176	2.157	2.118	1
1215	2.039	1.98	1.98	2.118	1
1216	2.098	1.882	2.0	2.118	1
1217	2.235	1.922	2.02	2.098	1
1218	2.176	2.078	2.078	2.137	1
1219	1.98	2.157	2.078	2.157	1
1220	1.882	2.059	1.922	2.137	1
1221	1.843	1.961	1.843	2.118	1
1222	1.824	1.745	2.078	2.039	1
1223	1.961	1.725	2.137	1.961	1
1224	1.922	1.745	2.039	1.824	1
1225	1.824	1.882	2.059	1.784	1
1226	1.863	1.902	2.137	1.765	1
1227	1.941	1.804	2.039	1.784	1
1228	1.961	1.667	1.98	1.804	1
1229	1.961	1.686	1.902	1.804	1
1230	2.02	1.765	1.863	1.824	1
1231	2.02	1.922	1.882	1.843	1
1232	1.941	1.922	1.98	1.922	1
1233	1.843	1.882	1.804	1.98	1
1234	1.961	1.863	1.51	2.0	1
1235	2.02	1.961	1.529	1.98	1
1236	1.863	1.922	1.745	1.941	1
1237	1.863	1.941	1.824	1.902	1
1238	1.863	1.941	1.745	1.745	1
1239	1.804	1.882	1.843	1.647	1
1240	1.784	1.882	1.882	1.667	1
1241	1.804	1.765	2.039	1.882	1
1242	1.804	1.863	2.176	2.196	1
1243	1.902	1.824	2.176	2.196	1
1244	2.039	1.804	2.059	1.902	1
1245	2.078	1.863	2.059	1.549	1
1246	2.02	1.882	2.02	1.451	1
1247	1.961	1.804	2.039	1.569	1
1248	2.0	1.863	1.863	1.863	1
1249	1.961	1.824	1.804	2.098	1
1250	1.922	1.863	1.843	2.235	1
1251	2.0	1.922	1.784	2.255	1
1252	1.961	1.941	1.745	2.078	1
1253	1.922	1.863	1.745	1.824	1
1254	1.843	1.784	1.686	1.706	1
1255	1.745	1.745	1.745	1.784	1
1256	1.843	1.804	1.941	2.039	1
1257	1.863	1.843	2.176	2.176	1
1258	1.941	1.941	2.333	2.118	1
1259	1.902	1.706	2.078	1.882	1
1260	1.941	1.588	1.843	1.627	1
1261	2.0	1.588	2.02	1.529	1
1262	2.039	1.706	2.255	1.686	1
1263	2.0	1.784	2.137	1.902	1
1264	2.02	1.706	2.078	2.059	1
1265	2.098	1.804	2.02	2.176	1
1266	2.157	1.863	1.941	2.196	1
1267	2.078	1.882	1.961	2.118	1
1268	2.118	1.824	1.98	2.039	1
1269	1.98	1.765	1.882	1.98	1
1270	1.902	1.843	1.843	1.922	1
1271	2.02	1.98	1.941	1.961	1
1272	1.98	1.98	2.059	2.039	1
1273	1.863	1.706	2.039	2.02	1
1274	1.784	1.667	1.922	1.961	1
1275	1.941	1.706	1.941	1.824	1
1276	1.941	1.784	2.157	1.745	1
1277	1.961	1.843	2.431	1.745	1
1278	2.059	1.686	2.353	1.765	1
1279	2.02	1.647	2.314	1.843	1
1280	2.039	1.686	2.157	1.902	1
1281	2.078	1.725	2.039	1.882	1
1282	2.098	1.784	2.059	1.843	1
1283	2.118	1.804	2.078	1.922	1
1284	2.02	1.804	2.039	1.961	1
1285	2.098	1.941	2.078	2.0	1
1286	2.0	1.961	2.098	2.059	1
1287	2.118	1.941	2.235	2.118	1
1288	2.078	1.961	2.098	2.137	1
1289	1.882	1.843	2.078	2.078	1
1290	2.039	1.824	2.118	2.0	1
1291	2.118	1.902	2.294	1.98	1
1292	2.098	1.843	2.392	1.941	1
1293	2.098	1.784	2.255	1.902	1
1294	2.118	1.725	2.255	1.824	1
1295	2.118	1.882	2.373	1.843	1
1296	1.961	2.118	2.49	1.98	1
1297	1.902	2.039	2.608	2.137	1
1298	2.098	1.941	2.373	2.176	1
1299	2.216	1.863	2.059	2.078	1
1300	2.196	1.941	1.98	1.961	1
1301	1.941	2.196	2.157	2.039	1
1302	1.725	2.392	2.196	2.275	1
1303	1.667	2.431	2.216	2.51	1
1304	1.725	2.235	2.196	2.549	1
1305	1.784	2.196	2.059	2.353	1
1306	1.882	2.255	1.922	2.157	1
1307	1.745	2.216	2.039	1.941	1
1308	1.706	2.059	2.255	1.941	1
1309	1.784	2.02	2.333	2.02	1
1310	1.745	2.098	2.137	2.118	1
1311	1.647	2.059	2.157	2.118	1
1312	1.667	2.078	2.255	2.02	1
1313	1.863	2.02	2.255	1.961	1
1314	1.941	1.902	2.118	1.863	1
1315	2.078	1.941	1.961	1.824	1
1316	2.118	1.941	1.922	1.804	1
1317	2.118	1.941	1.863	1.824	1
1318	1.922	2.059	1.902	1.961	1
1319	1.824	2.137	1.804	2.118	1
1320	1.725	2.137	1.824	2.216	1
1321	1.902	2.137	1.824	2.098	1
1322	1.98	2.098	1.745	1.961	1
1323	1.863	2.078	1.765	1.922	1
1324	1.686	2.039	1.922	2.0	1
1325	1.706	2.0	2.0	2.118	1
1326	1.843	1.941	2.059	1.98	1
1327	1.922	1.941	2.059	1.765	1
1328	1.902	1.882	2.039	1.627	1
1329	1.941	1.804	1.98	1.608	1
1330	1.882	1.765	1.922	1.706	1
1331	1.961	1.765	2.0	1.804	1
1332	2.078	1.765	1.922	1.902	1
1333	2.059	1.804	1.784	1.902	1
1334	2.02	1.745	1.667	1.843	1
1335	1.882	1.686	1.745	1.745	1
1336	2.059	1.863	1.882	1.765	1
1337	2.059	1.941	1.843	1.824	1
1338	1.961	1.804	1.706	1.804	1
1339	1.902	1.725	1.706	1.784	1
1340	1.922	1.706	1.902	1.824	1
1341	1.902	1.745	2.0	1.784	1
1342	1.863	1.569	1.843	1.745	1
1343	1.863	1.529	1.902	1.725	1
1344	1.961	1.608	2.137	1.725	1
1345	2.039	1.667	2.314	1.765	1
1346	2.137	1.725	2.373	1.804	1
1347	2.157	1.686	2.333	1.882	1
1348	2.078	1.627	2.216	1.902	1
1349	2.137	1.451	1.804	1.804	1
1350	2.118	1.569	1.824	1.765	1
1351	2.196	1.725	2.078	1.941	1
1352	2.196	1.784	2.02	2.235	1
1353	2.098	1.784	1.941	2.451	1
1354	2.039	1.765	1.863	2.392	1
1355	1.98	1.765	1.765	2.176	1
1356	2.078	1.824	1.843	1.98	1
1357	2.098	1.824	1.941	2.0	1
1358	1.98	1.725	1.941	2.118	1
1359	1.941	1.725	2.098	2.235	1
1360	1.98	1.843	2.196	2.157	1
1361	2.137	1.824	2.196	1.98	1
1362	2.137	1.686	2.176	1.843	1
1363	2.098	1.667	2.176	1.765	1
1364	2.059	1.745	2.275	1.863	1
1365	2.137	1.784	2.255	1.941	1
1366	2.118	1.725	2.137	2.02	1
1367	2.039	1.902	2.157	2.039	1
1368	2.098	2.02	2.255	2.059	1
1369	1.961	2.137	2.196	2.118	1
1370	2.157	2.039	2.078	2.137	1
1371	2.078	1.941	2.02	2.118	1
1372	2.059	1.882	2.039	2.0	1
1373	2.039	1.902	2.137	1.941	1
1374	1.902	1.961	2.196	1.922	1
1375	1.667	2.137	2.412	2.078	1
1376	1.725	2.078	2.235	2.137	1
1377	1.784	1.863	2.255	2.039	1
1378	1.647	1.745	2.49	2.02	1
1379	1.784	1.843	2.549	1.941	1
1380	2.176	1.882	2.196	1.882	1
1381	2.059	1.863	2.02	1.784	1
1382	1.882	1.902	2.02	1.784	1
1383	1.824	1.882	2.157	1.882	1
1384	1.765	1.961	2.314	2.0	1
1385	1.902	1.961	2.02	2.118	1
1386	1.98	2.0	1.667	2.059	1
1387	1.863	2.078	1.725	1.961	1
1388	1.843	2.098	1.824	1.902	1
1389	1.882	2.078	1.725	1.902	1
1390	1.824	2.059	1.765	1.98	1
1391	1.922	2.02	1.804	2.02	1
1392	1.882	2.059	1.902	1.98	1
1393	1.804	2.0	1.941	1.922	1
1394	1.824	1.941	1.98	1.784	1
1395	2.0	1.824	1.961	1.647	1
1396	2.059	1.765	1.961	1.608	1
1397	1.98	1.961	2.039	1.706	1
1398	1.804	2.118	2.176	1.941	1
1399	1.882	2.0	2.098	2.039	1
1400	2.039	1.98	2.059	1.98	1
1401	2.235	1.961	2.059	1.902	1
1402	2.176	2.039	1.961	1.882	1
1403	1.98	2.078	1.902	1.941	1
1404	1.961	2.078	1.882	2.02	1
1405	1.863	2.157	1.941	2.078	1
1406	1.784	2.216	1.941	2.137	1
1407	1.804	2.235	2.059	2.196	1
1408	1.843	2.196	2.098	2.196	1
1409	1.804	2.078	2.118	2.098	1
1410	1.804	2.0	2.078	1.98	1
1411	1.784	1.882	2.059	1.824	1
1412	1.804	1.843	2.157	1.765	1
1413	1.863	1.882	2.216	1.804	1
1414	1.98	1.843	2.196	1.804	1
1415	1.961	1.745	2.157	1.824	1
1416	1.941	1.745	2.137	1.843	1
1417	2.02	1.863	2.176	1.882	1
1418	2.059	1.824	2.098	1.863	1
1419	2.039	1.784	1.882	1.824	1
1420	1.922	1.804	1.824	1.804	1
1421	1.98	1.784	1.725	1.784	1
1422	1.98	1.824	1.647	1.882	1
1423	1.922	1.745	1.765	2.0	1
1424	1.902	1.824	1.902	2.0	1
1425	1.824	1.804	1.922	2.0	1
1426	1.961	1.843	2.02	2.0	1
1427	1.922	1.784	2.118	1.98	1
1428	1.922	1.745	2.196	1.882	1
1429	2.0	1.784	2.235	1.882	1
1430	1.941	1.647	2.216	1.922	1
1431	1.961	1.588	2.039	1.922	1
1432	2.078	1.588	1.922	1.824	1
1433	2.059	1.627	2.078	1.745	1
1434	2.137	1.647	2.078	1.784	1
1435	2.235	1.686	2.098	1.961	1
1436	2.412	1.745	2.039	2.098	1
1437	2.333	1.647	1.941	2.196	1
1438	2.255	1.608	1.882	2.157	1
1439	2.039	1.627	1.882	2.157	1
1440	2.118	1.588	1.784	2.098	1
1441	2.275	1.706	1.765	2.02	1
1442	2.118	1.941	2.098	2.0	1
1443	1.843	1.863	2.314	2.059	1
1444	2.059	1.667	1.98	2.02	1
1445	1.961	1.627	1.706	1.863	1
1446	1.961	1.863	2.078	1.804	1
1447	2.059	1.902	2.373	1.863	1
1448	2.314	1.745	2.333	1.902	1
1449	2.216	1.725	2.137	1.863	1
1450	1.941	1.804	2.098	1.902	1
1451	2.02	1.804	2.275	1.902	1
1452	2.176	1.784	2.294	1.961	1
1453	2.294	1.863	1.98	2.02	1
1454	2.02	2.118	1.882	2.118	1
1455	1.882	2.098	1.961	2.157	1
1456	2.02	2.0	1.843	2.118	1
1457	1.706	2.098	1.882	2.118	1
1458	1.549	1.922	2.118	2.157	1
1459	2.078	1.745	1.922	2.078	1
1460	2.255	1.667	1.765	1.882	1
1461	2.059	1.843	2.02	1.765	1
1462	1.863	1.686	2.078	1.745	1
1463	2.0	1.588	2.02	1.804	1
1464	2.118	1.608	1.961	1.824	1
1465	1.804	2.059	2.059	1.941	1
1466	1.176	2.588	2.51	2.196	1
1467	1.314	2.098	2.588	2.373	1
1468	1.961	1.765	2.235	2.216	1
1469	2.059	1.922	2.137	1.961	1
1470	1.824	1.922	2.02	1.824	1
1471	1.843	1.961	1.843	1.824	1
1472	1.745	2.294	2.02	2.078	1
1473	1.549	2.549	2.157	2.451	1
1474	1.431	2.51	2.118	2.588	1
1475	1.392	2.431	2.157	2.431	1
1476	1.333	2.49	2.373	2.275	1
1477	1.157	2.451	2.392	2.196	1
1478	1.314	2.333	2.314	2.098	1
1479	1.471	2.255	2.294	2.039	1
1480	1.471	2.157	2.235	2.078	1
1481	1.392	2.118	2.235	2.039	1
1482	1.412	2.157	2.235	1.922	1
1483	1.471	2.098	2.235	1.784	1
1484	1.471	2.118	2.275	1.784	1
1485	1.529	2.118	2.157	1.804	1
1486	1.569	2.078	2.02	1.902	1
1487	1.588	1.98	1.922	1.882	1
1488	1.569	1.941	1.804	1.824	1
1489	1.627	2.039	1.765	1.765	1
1490	1.608	2.02	1.804	1.765	1
1491	1.608	1.863	1.784	1.804	1
1492	1.686	1.824	1.863	1.843	1
1493	1.667	1.843	1.804	1.824	1
1494	1.627	1.863	1.922	1.765	1
1495	1.765	1.863	1.98	1.725	1
1496	1.745	1.667	1.941	1.627	1
1497	1.843	1.569	1.961	1.49	1
1498	1.941	1.569	1.98	1.451	1
1499	1.98	1.51	2.039	1.49	1
1500	2.098	1.627	2.118	1.627	1
1501	2.196	1.627	2.059	1.745	1
1502	2.235	1.608	2.078	1.804	1
1503	2.235	1.647	2.02	1.863	1
1504	2.196	1.627	1.902	1.804	1
1505	2.216	1.706	1.902	1.804	1
1506	2.314	1.824	2.0	1.863	1
1507	2.294	1.804	2.0	2.078	1
1508	2.196	1.745	1.882	2.235	1
1509	2.216	1.843	1.98	2.216	1
1510	2.255	1.922	2.216	2.176	1
1511	2.216	1.882	2.412	2.176	1
1512	2.255	1.824	2.353	2.196	1
1513	2.294	1.745	2.176	2.157	1
1514	2.294	1.667	2.02	2.118	1
1515	2.235	1.784	2.333	2.059	1
1516	2.333	1.804	2.471	2.098	1
1517	2.353	1.725	2.412	2.137	1
1518	2.392	1.647	2.333	2.157	1
1519	2.353	1.627	2.216	2.196	1
1520	2.333	1.667	2.02	2.196	1
1521	2.412	1.843	1.961	2.275	1
1522	2.392	1.824	1.922	2.255	1
1523	2.275	1.784	1.922	2.216	1
1524	2.216	1.843	1.882	2.078	1
1525	2.216	1.863	1.843	2.078	1
1526	2.176	1.863	1.824	2.216	1
1527	2.098	1.745	1.902	2.275	1
1528	2.078	1.784	1.961	2.235	1
1529	2.078	1.765	2.0	2.098	1
1530	2.098	1.706	2.02	1.922	1
1531	2.176	1.765	1.941	1.765	1
1532	2.098	1.745	2.0	1.667	1
1533	2.176	1.765	2.098	1.725	1
1534	2.255	1.725	2.098	1.882	1
1535	2.255	1.686	2.039	1.961	1
1536	2.333	1.765	2.02	1.902	1
1537	2.392	1.686	1.922	1.843	1
1538	2.412	1.627	1.804	1.765	1
1539	2.176	1.725	1.804	1.784	1
1540	2.02	1.882	1.824	1.882	1
1541	2.059	1.902	1.706	1.98	1
1542	2.078	1.863	1.647	1.98	1
1543	1.863	1.941	1.863	1.902	1
1544	2.0	1.961	2.039	1.922	1
1545	2.157	1.922	2.078	1.863	1
1546	2.176	1.882	1.922	1.784	1
1547	1.902	1.882	2.0	1.765	1
1548	1.686	2.02	2.255	1.765	1
1549	1.725	1.961	2.314	1.804	1
1550	2.0	1.843	2.235	1.843	1
1551	2.059	1.882	2.0	1.804	1
1552	1.843	1.98	2.0	1.706	1
1553	1.824	2.098	2.235	1.725	1
1554	1.941	2.255	2.255	1.922	1
1555	2.039	2.02	2.039	2.059	1
1556	2.02	1.961	1.824	2.078	1
1557	1.902	2.02	1.784	2.0	1
1558	1.725	2.196	1.824	1.98	1
1559	1.706	2.196	1.941	2.0	1
1560	1.824	2.098	1.882	2.039	1
1561	1.882	2.039	1.706	1.941	1
1562	1.922	1.98	1.706	1.863	1
1563	1.882	1.882	1.804	1.745	1
1564	1.882	1.922	1.941	1.725	1
1565	2.0	2.078	2.059	1.765	1
1566	1.804	2.02	2.157	1.863	1
1567	1.627	1.863	2.157	2.02	1
1568	1.804	1.745	2.02	2.02	1
1569	2.039	1.824	2.039	1.824	1
1570	2.078	1.863	2.059	1.667	1
1571	2.039	1.882	2.039	1.725	1
1572	2.039	1.922	1.922	1.843	1
1573	1.922	1.941	1.902	2.039	1
1574	1.843	2.039	2.0	2.216	1
1575	1.843	2.157	2.02	2.255	1
1576	1.824	2.098	2.039	2.235	1
1577	1.784	2.098	2.118	2.157	1
1578	1.824	2.137	2.235	2.098	1
1579	1.882	2.059	2.078	2.118	1
1580	1.902	2.02	2.157	2.078	1
1581	1.941	2.059	2.353	2.02	1
1582	1.941	1.98	2.294	1.902	1
1583	1.824	1.824	2.255	1.745	1
1584	1.941	1.784	2.275	1.667	1
1585	2.039	2.02	2.373	1.725	1
1586	2.0	2.176	2.451	1.902	1
1587	2.0	1.922	2.333	2.039	1
1588	2.118	1.902	2.157	2.02	1
1589	2.137	1.961	2.059	1.98	1
1590	2.039	1.961	2.0	1.961	1
1591	2.02	1.961	2.02	1.98	1
1592	2.0	1.941	1.98	2.039	1
1593	1.902	1.98	2.0	2.059	1
1594	1.882	1.98	1.961	1.941	1
1595	1.922	2.078	2.078	1.902	1
1596	1.941	2.02	2.235	1.941	1
1597	1.843	1.863	2.176	1.941	1
1598	1.824	1.824	2.098	1.961	1
1599	1.882	1.882	2.275	1.98	1
1600	1.882	1.863	2.314	1.98	1
1601	2.078	1.765	2.333	1.941	1
1602	2.137	1.804	2.353	1.882	1
1603	2.098	1.765	2.235	1.843	1
1604	2.078	1.686	2.098	1.902	1
1605	2.118	1.824	2.157	1.98	1
1606	2.176	1.863	2.098	2.118	1
1607	2.157	1.824	1.961	2.098	1
1608	2.118	1.765	1.902	2.02	1
1609	2.098	1.686	1.941	2.078	1
1610	2.0	1.706	1.98	2.216	1
1611	2.039	1.686	1.863	2.294	1
1612	1.961	1.804	1.941	2.255	1
1613	1.843	1.804	1.961	2.255	1
1614	1.745	1.863	2.059	2.255	1
1615	1.922	1.745	2.059	2.157	1
1616	2.059	1.569	2.0	1.941	1
1617	2.039	1.608	2.098	1.706	1
1618	2.118	1.627	2.137	1.627	1
1619	2.078	1.549	2.02	1.667	1
1620	2.078	1.51	1.961	1.745	1
1621	2.118	1.51	2.039	1.824	1
1622	2.275	1.647	2.078	1.98	1
1623	2.157	1.804	1.961	2.078	1
1624	1.784	1.824	1.745	2.196	1
1625	1.725	1.765	1.529	2.196	1
1626	1.824	1.725	1.549	1.98	1
1627	1.863	1.745	1.765	1.843	1
1628	1.941	1.922	1.863	1.843	1
1629	2.059	1.882	1.784	1.882	1
1630	1.902	1.824	1.804	2.0	1
1631	1.882	1.922	2.0	2.078	1
1632	1.863	2.098	2.098	2.098	1
1633	1.843	2.0	1.98	2.0	1
1634	1.784	1.902	1.961	1.922	1
1635	1.824	1.941	2.039	1.843	1
1636	1.961	2.039	2.098	1.863	1
1637	1.98	2.118	2.078	1.882	1
1638	1.922	2.118	2.137	1.882	1
1639	2.0	2.039	2.02	1.843	1
1640	2.196	1.804	1.765	1.784	1
1641	2.098	1.824	1.686	1.784	1
1642	1.961	1.98	1.902	1.863	1
1643	1.98	1.922	1.843	2.039	1
1644	1.922	1.784	1.824	2.118	1
1645	2.02	1.725	1.824	2.02	1
1646	2.098	1.863	1.765	1.863	1
1647	1.922	2.059	1.824	1.784	1
1648	1.588	1.98	1.961	1.882	1
1649	1.608	1.745	2.118	1.941	1
1650	2.0	1.431	2.039	1.922	1
1651	2.02	1.667	2.098	1.843	1
1652	1.902	2.0	2.294	1.843	1
1653	1.922	2.039	2.314	1.922	1
1654	2.078	2.039	2.255	1.961	1
1655	2.059	2.039	2.196	2.0	1
1656	2.02	2.059	2.157	2.02	1
1657	2.02	2.157	2.118	2.078	1
1658	1.824	2.275	2.098	2.137	1
1659	1.902	2.294	2.118	2.176	1
1660	1.863	2.412	2.137	2.196	1
1661	1.843	2.275	2.118	2.196	1
1662	1.922	2.235	2.137	2.157	1
1663	1.902	2.176	2.039	2.078	1
1664	1.961	2.059	2.02	1.98	1
1665	1.941	2.078	2.137	1.941	1
1666	1.902	1.98	2.235	1.804	1
1667	1.882	1.98	2.275	1.686	1
1668	1.804	2.039	2.275	1.627	1
1669	1.882	1.902	2.216	1.667	1
1670	1.882	1.765	2.216	1.745	1
1671	2.02	1.725	2.098	1.824	1
1672	2.059	1.745	2.039	1.765	1
1673	2.039	1.784	2.0	1.765	1
1674	2.02	1.824	2.0	1.725	1
1675	2.039	1.922	2.118	1.804	1
1676	2.02	1.961	2.098	1.941	1
1677	1.882	1.922	1.922	2.0	1
1678	1.784	1.882	1.863	2.039	1
1679	1.804	1.882	1.882	2.059	1
1680	1.824	1.941	2.02	2.059	1
1681	1.882	1.922	2.078	1.961	1
1682	1.843	1.922	2.255	1.98	1
1683	1.843	1.882	2.314	2.02	1
1684	1.902	1.745	2.255	2.039	1
1685	1.902	1.745	2.235	2.02	1
1686	1.941	1.647	2.275	1.922	1
1687	2.02	1.686	2.294	1.882	1
1688	2.059	1.725	2.333	1.902	1
1689	2.078	1.725	2.353	2.0	1
1690	2.098	1.804	2.314	2.098	1
1691	2.098	1.804	2.078	2.078	1
1692	2.039	1.784	1.882	2.039	1
1693	2.02	1.882	1.902	2.059	1
1694	1.98	1.863	1.961	2.157	1
1695	2.0	1.843	2.098	2.255	1
1696	2.039	1.882	2.098	2.314	1
1697	1.98	1.922	2.078	2.333	1
1698	1.922	1.902	2.059	2.294	1
1699	1.941	1.843	2.098	2.118	1
1700	1.941	1.824	2.176	1.961	1
1701	2.0	1.765	2.216	1.863	1
1702	1.961	1.745	2.275	1.922	1
1703	2.059	1.706	2.235	1.961	1
1704	2.098	1.686	2.039	2.02	1
1705	2.059	1.745	2.039	1.961	1
1706	2.078	1.824	2.157	1.922	1
1707	2.059	1.902	2.176	1.902	1
1708	2.098	1.882	1.882	1.941	1
1709	2.059	1.784	1.765	2.039	1
1710	2.0	1.784	1.784	2.098	1
1711	1.961	1.902	1.804	2.098	1
1712	1.902	1.98	1.784	2.059	1
1713	1.902	1.98	1.804	2.059	1
1714	1.902	1.882	1.745	2.02	1
1715	1.882	1.824	1.686	1.941	1
1716	1.843	1.824	1.941	1.882	1
1717	1.843	1.843	2.039	1.902	1
1718	1.98	1.765	2.059	1.922	1
1719	2.02	1.706	2.039	1.961	1
1720	2.039	1.765	2.0	1.902	1
1721	1.98	1.725	2.059	1.804	1
1722	2.039	1.588	1.882	1.725	1
1723	2.059	1.608	1.804	1.627	1
1724	2.196	1.647	1.863	1.627	1
1725	2.137	1.725	1.784	1.706	1
1726	2.137	1.784	1.765	1.804	1
1727	2.314	1.804	1.686	1.882	1
1728	2.275	1.882	1.667	1.882	1
1729	2.157	1.765	1.686	1.902	1
1730	2.098	1.902	1.627	1.922	1
1731	1.902	2.02	1.667	1.941	1
1732	1.824	2.0	1.686	1.863	1
1733	1.745	1.961	1.843	1.843	1
1734	2.02	1.804	1.922	1.804	1
1735	2.196	1.725	2.0	1.725	1
1736	2.039	1.863	1.98	1.686	1
1737	1.784	2.039	2.216	1.784	1
1738	1.686	2.078	2.333	1.98	1
1739	1.843	1.902	2.314	2.078	1
1740	2.0	1.843	2.216	2.039	1
1741	2.02	1.902	2.039	1.98	1
1742	2.02	2.059	1.961	1.941	1
1743	1.863	2.157	2.039	1.98	1
1744	1.725	2.176	2.059	2.078	1
1745	1.627	2.275	2.059	2.294	1
1746	1.588	2.157	2.157	2.451	1
1747	1.765	2.078	2.137	2.431	1
1748	1.804	2.196	2.118	2.216	1
1749	1.765	2.216	2.098	2.02	1
1750	1.725	2.059	2.157	1.882	1
1751	1.686	2.157	2.333	1.902	1
1752	1.804	2.216	2.451	2.02	1
1753	1.922	2.137	2.431	2.039	1
1754	1.941	2.02	2.314	1.98	1
1755	1.902	1.98	2.255	1.922	1
1756	1.922	1.961	2.255	1.882	1
1757	1.941	1.98	2.314	1.824	1
1758	2.039	2.078	2.314	1.863	1
1759	2.0	2.059	2.235	2.0	1
1760	2.059	2.02	2.216	2.059	1
1761	2.02	2.0	2.176	2.118	1
1762	1.961	2.0	2.098	2.078	1
1763	1.902	2.0	2.039	2.059	1
1764	1.941	2.0	1.941	2.02	1
1765	1.882	1.98	1.863	1.882	1
1766	1.863	1.98	2.02	1.824	1
1767	1.863	1.922	2.216	1.784	1
1768	1.882	1.922	2.275	1.804	1
1769	1.922	1.863	2.216	1.784	1
1770	1.882	1.706	2.157	1.824	1
1771	1.961	1.686	2.216	1.765	1
1772	2.039	1.706	2.157	1.765	1
1773	2.039	1.706	2.02	1.765	1
1774	2.02	1.725	2.118	1.686	1
1775	2.137	1.804	2.196	1.686	1
1776	2.118	1.843	2.118	1.745	1
1777	2.118	1.765	1.843	1.882	1
1778	1.941	1.686	1.961	1.98	1
1779	1.941	1.765	1.902	2.059	1
1780	2.059	1.922	1.882	2.137	1
1781	2.059	1.941	1.922	2.216	1
1782	1.961	1.863	1.961	2.176	1
1783	1.961	1.882	2.118	2.059	1
1784	2.02	1.922	2.255	2.098	1
1785	2.02	1.941	2.235	2.118	1
1786	1.98	1.784	2.118	2.118	1
1787	1.882	1.647	2.02	2.0	1
1788	1.961	1.647	2.176	1.824	1
1789	2.078	1.725	2.314	1.784	1
1790	2.157	1.765	2.196	1.824	1
1791	2.118	1.804	2.059	2.02	1
1792	2.098	1.765	1.98	2.216	1
1793	2.039	1.686	2.078	2.373	1
1794	1.98	1.647	2.0	2.255	1
1795	1.961	1.627	1.843	2.078	1
1796	2.059	1.725	1.667	1.941	1
1797	1.98	1.804	1.706	1.902	1
1798	1.882	1.627	1.706	1.961	1
1799	1.824	1.882	1.941	2.059	1
1800	1.843	2.02	1.941	2.059	1
1801	1.882	1.804	1.922	2.098	1
1802	1.922	1.725	2.0	2.039	1
1803	1.941	1.706	2.098	2.0	1
1804	1.98	1.765	2.196	2.02	1
1805	2.02	1.784	2.118	1.922	1
1806	1.98	1.784	2.02	1.745	1
1807	1.961	1.804	2.02	1.667	1
1808	2.059	1.922	1.941	1.686	1
1809	2.078	1.922	1.98	1.824	1
1810	2.137	1.922	2.0	1.961	1
1811	2.196	1.824	1.902	2.039	1
1812	2.176	1.745	1.745	1.98	1
1813	2.137	1.667	1.627	1.941	1
1814	2.039	1.608	1.647	1.902	1
1815	1.98	1.608	1.745	1.902	1
1816	1.784	1.765	1.784	1.941	1
1817	1.784	1.922	1.784	2.0	1
1818	1.863	1.725	1.863	1.961	1
1819	1.922	1.49	1.882	1.863	1
1820	2.118	1.451	1.863	1.667	1
1821	2.137	1.706	1.941	1.51	1
1822	2.059	1.882	2.059	1.471	1
1823	1.882	1.941	2.118	1.647	1
1824	1.804	1.922	2.098	1.843	1
1825	1.922	1.98	2.02	1.882	1
1826	1.98	2.098	2.0	1.922	1
1827	2.039	2.216	2.02	1.863	1
1828	2.078	2.255	1.902	1.863	1
1829	1.922	2.294	1.941	1.804	1
1830	1.941	2.392	1.941	1.843	1
1831	1.902	2.431	1.882	1.961	1
1832	1.902	2.314	1.941	2.02	1
1833	1.843	2.353	2.059	2.098	1
1834	1.843	2.333	2.098	2.118	1
1835	1.882	2.196	2.118	2.078	1
1836	1.863	2.235	2.235	1.941	1
1837	1.725	2.157	2.392	1.902	1
1838	1.706	2.078	2.412	1.902	1
1839	1.98	1.98	2.412	1.882	1
1840	2.098	2.0	2.353	1.922	1
1841	2.02	2.0	2.373	1.902	1
1842	1.98	2.02	2.412	1.902	1
1843	1.98	2.02	2.373	1.882	1
1844	1.922	2.059	2.353	1.961	1
1845	1.98	2.098	2.275	1.961	1
1846	1.863	2.059	2.216	2.0	1
1847	1.843	2.059	2.118	2.078	1
1848	1.784	2.059	2.137	2.137	1
1849	1.745	2.02	2.157	2.137	1
1850	1.804	2.02	2.255	2.098	1
1851	1.804	2.02	2.235	2.078	1
1852	1.706	1.902	2.059	2.0	1
1853	1.784	1.784	2.157	1.882	1
1854	1.804	1.765	2.255	1.824	1
1855	1.843	1.765	2.275	1.902	1
1856	1.882	1.725	2.216	1.961	1
1857	1.98	1.706	2.157	1.961	1
1858	2.0	1.725	2.078	1.98	1
1859	1.961	1.667	1.941	1.902	1
1860	1.98	1.647	1.941	1.824	1
1861	2.078	1.765	2.039	1.863	1
1862	2.157	1.784	2.0	2.039	1
1863	2.02	1.706	1.804	2.137	1
1864	2.0	1.725	1.627	2.196	1
1865	1.863	1.843	1.745	2.255	1
1866	1.941	1.882	1.882	2.235	1
1867	2.02	1.804	1.824	2.176	1
1868	1.941	1.745	1.863	2.098	1
1869	1.941	1.863	2.137	2.02	1
1870	1.961	1.843	2.157	2.0	1
1871	1.941	1.647	2.078	1.922	1
1872	1.922	1.647	2.039	1.882	1
1873	1.98	1.686	2.235	1.863	1
1874	2.078	1.706	2.255	1.863	1
1875	2.098	1.725	2.216	1.863	1
1876	2.196	1.784	2.216	1.863	1
1877	2.039	1.765	2.216	1.98	1
1878	2.098	1.863	2.157	2.039	1
1879	2.137	1.941	1.922	2.078	1
1880	2.02	1.824	1.902	2.039	1
1881	2.137	1.804	1.863	1.98	1
1882	2.02	1.843	2.0	1.961	1
1883	1.961	1.824	1.941	2.02	1
1884	1.941	1.902	1.843	2.137	1
1885	1.882	1.902	1.98	2.176	1
1886	1.941	2.0	2.157	2.137	1
1887	2.02	1.882	2.059	2.059	1
1888	2.0	1.765	2.039	1.961	1
1889	1.941	1.745	2.157	1.902	1
1890	2.02	1.706	2.235	1.922	1
1891	2.039	1.745	2.176	1.961	1
1892	2.078	1.706	2.059	2.02	1
1893	2.078	1.765	1.882	2.059	1
1894	1.922	1.824	1.961	2.039	1
1895	2.039	1.98	2.039	2.098	1
1896	2.078	2.02	1.882	2.098	1
1897	1.98	1.961	1.765	2.078	1
1898	2.02	2.02	1.745	2.02	1
1899	2.0	2.059	1.784	2.02	1
1900	1.941	2.0	1.843	2.02	1
1901	1.863	1.941	1.804	2.059	1
1902	1.843	1.961	1.725	2.02	1
1903	1.863	2.059	1.922	2.0	1
1904	1.902	2.059	2.118	1.941	1
1905	1.961	1.961	2.157	1.863	1
1906	2.02	1.824	2.02	1.765	1
1907	2.039	1.706	1.98	1.667	1
1908	2.118	1.686	1.98	1.588	1
1909	2.157	1.686	2.02	1.608	1
1910	2.176	1.686	2.039	1.706	1
1911	2.078	1.706	1.961	1.784	1
1912	2.098	1.667	1.961	1.843	1
1913	2.235	1.725	1.882	1.882	1
1914	1.941	1.922	1.784	1.941	1
1915	1.863	2.02	1.784	2.0	1
1916	1.98	1.804	1.784	2.02	1
1917	2.059	1.765	1.784	1.941	1
1918	2.0	1.843	1.725	1.882	1
1919	1.863	1.902	1.804	1.882	1
1920	1.765	1.98	1.98	1.882	1
1921	1.725	1.961	2.059	1.902	1
1922	1.804	1.922	2.118	1.863	1
1923	1.804	1.922	2.176	1.824	1
1924	1.843	1.882	2.235	1.784	1
1925	1.98	1.863	2.176	1.824	1
1926	1.941	1.843	2.137	1.824	1
1927	1.843	1.961	2.157	1.863	1
1928	1.863	1.902	2.176	1.902	1
1929	1.961	1.882	2.235	1.941	1
1930	1.98	2.059	2.176	2.0	1
1931	1.765	2.137	2.176	2.098	1
1932	1.941	2.0	2.02	2.118	1
1933	1.902	2.02	1.98	2.137	1
1934	1.843	2.137	2.039	2.176	1
1935	1.784	2.137	2.098	2.118	1
1936	1.765	2.157	2.137	2.137	1
1937	1.745	2.157	2.275	2.157	1
1938	1.706	2.137	2.373	2.157	1
1939	1.765	2.078	2.392	2.078	1
1940	1.824	2.039	2.392	1.922	1
1941	1.843	2.059	2.412	1.824	1
1942	1.882	2.059	2.392	1.824	1
1943	1.922	2.02	2.353	1.902	1
1944	1.961	1.961	2.235	1.98	1
1945	2.02	1.961	2.196	1.98	1
1946	2.078	2.039	2.176	1.961	1
1947	2.059	2.059	2.137	1.941	1
1948	1.961	2.078	2.098	1.98	1
1949	1.98	1.98	1.961	2.039	1
1950	1.941	1.941	1.882	2.078	1
1951	1.941	1.961	1.922	2.059	1
1952	1.961	1.941	1.961	2.02	1
1953	1.961	1.882	1.98	2.0	1
1954	1.902	1.843	2.02	2.0	1
1955	1.961	1.804	2.078	1.98	1
1956	1.922	1.784	2.176	1.98	1
1957	1.98	1.784	2.137	1.98	1
1958	1.961	1.725	2.176	1.922	1
1959	2.039	1.686	2.098	1.863	1
1960	2.0	1.706	2.078	1.824	1
1961	2.039	1.706	2.02	1.765	1
1962	2.098	1.667	2.039	1.784	1
1963	2.137	1.686	2.059	1.882	1
1964	2.078	1.627	1.843	2.059	1
1965	2.0	1.765	1.686	2.176	1
1966	2.078	1.941	1.843	2.196	1
1967	1.98	2.02	2.0	2.216	1
1968	1.98	1.882	1.922	2.137	1
1969	1.961	1.765	1.784	2.039	1
1970	1.902	1.765	1.804	1.961	1
1971	1.98	1.804	2.02	1.941	1
1972	2.059	1.863	2.157	1.961	1
1973	2.039	1.843	2.216	2.02	1
1974	2.039	1.843	2.216	2.02	1
1975	2.059	1.765	2.275	2.02	1
1976	2.137	1.745	2.196	1.98	1
1977	2.098	1.765	2.157	1.902	1
1978	2.098	1.765	2.098	1.902	1
1979	2.118	1.804	2.078	1.882	1
1980	2.176	1.843	2.039	1.922	1
1981	2.118	1.824	1.863	1.961	1
1982	2.039	1.843	1.863	1.98	1
1983	2.039	1.882	1.882	1.961	1
1984	2.0	1.922	1.882	2.0	1
1985	1.922	1.882	1.824	2.0	1
1986	1.863	1.843	1.824	2.0	1
1987	1.863	1.882	1.902	2.059	1
1988	1.882	1.824	1.941	2.039	1
1989	1.863	1.784	1.941	1.98	1
1990	1.843	1.706	2.039	1.824	1
1991	1.922	1.784	2.157	1.725	1
1992	1.961	1.784	2.118	1.706	1
1993	1.961	1.725	2.118	1.745	1
1994	2.0	1.765	2.098	1.824	1
1995	2.0	1.725	2.039	1.843	1
1996	2.039	1.804	2.02	1.843	1
1997	2.078	1.902	1.961	1.922	1
1998	2.039	1.843	1.922	1.98	1
1999	1.961	1.882	1.863	2.059	1
