time	channel1	channel2	channel3	channel4	class
0	1.863	1.961	2.0	1.922	4
1	1.863	1.922	2.02	1.941	4
2	1.843	1.882	2.039	1.941	4
3	1.98	2.039	2.176	1.98	4
4	1.961	1.902	2.039	2.02	4
5	1.784	1.667	1.941	1.941	4
6	1.843	1.745	2.02	1.882	4
7	1.863	1.804	2.039	1.882	4
8	1.863	1.725	2.039	1.922	4
9	1.843	1.765	2.0	1.941	4
10	1.863	1.824	1.98	1.941	4
11	1.882	1.922	2.059	1.941	4
12	1.843	1.98	2.098	1.98	4
13	1.863	1.98	2.0	2.0	4
14	1.843	1.98	2.0	1.941	4
15	1.863	2.0	2.0	1.941	4
16	1.843	2.0	2.0	1.941	4
17	1.922	2.02	2.02	1.961	4
18	1.941	1.961	2.039	1.98	4
19	1.961	1.902	2.02	1.961	4
20	1.98	2.039	2.118	2.0	4
21	2.0	1.941	2.059	2.0	4
22	1.824	1.667	1.961	1.961	4
23	1.902	1.725	2.0	1.902	4
24	1.961	1.804	2.02	1.902	4
25	1.961	1.804	2.039	1.941	4
26	1.941	1.784	2.02	1.98	4
27	1.941	1.824	2.02	1.98	4
28	1.98	1.882	2.078	1.922	4
29	2.0	1.902	2.078	1.922	4
30	1.98	1.98	2.059	1.941	4
31	1.922	1.961	2.059	1.961	4
32	1.922	1.98	2.078	2.0	4
33	1.902	1.961	2.039	1.98	4
34	1.941	1.98	2.039	1.98	4
35	1.941	1.941	2.078	1.98	4
36	1.941	1.882	2.059	1.961	4
37	2.059	2.0	2.137	1.98	4
38	2.078	1.902	2.039	1.961	4
39	1.882	1.667	1.98	1.922	4
40	1.922	1.725	2.078	1.922	4
41	1.98	1.784	2.078	1.941	4
42	1.98	1.745	2.059	1.941	4
43	1.98	1.765	2.059	1.961	4
44	1.961	1.765	2.0	1.941	4
45	1.941	1.824	2.059	1.922	4
46	1.961	1.902	2.039	1.922	4
47	1.961	1.941	2.039	1.902	4
48	1.902	1.922	2.02	1.922	4
49	1.902	1.902	2.02	1.941	4
50	1.902	1.922	2.02	1.98	4
51	1.941	2.0	2.039	1.961	4
52	1.941	1.882	2.0	1.961	4
53	1.902	1.824	2.0	1.941	4
54	2.02	1.961	2.118	1.961	4
55	2.059	1.922	2.059	1.98	4
56	1.824	1.647	1.941	1.941	4
57	1.863	1.686	2.0	1.922	4
58	1.98	1.784	2.039	1.902	4
59	1.941	1.745	2.039	1.941	4
60	1.941	1.824	2.078	1.98	4
61	1.961	1.882	2.059	1.98	4
62	1.902	1.922	2.078	1.98	4
63	1.922	1.902	2.059	1.98	4
64	1.922	1.961	2.02	1.98	4
65	1.882	1.98	2.059	1.961	4
66	1.902	1.98	2.059	1.98	4
67	1.882	1.961	2.039	2.0	4
68	1.941	1.961	2.059	2.0	4
69	1.961	1.922	2.059	1.98	4
70	1.941	1.922	2.078	1.961	4
71	2.078	2.039	2.176	1.98	4
72	2.098	1.902	2.098	2.0	4
73	1.902	1.647	1.98	1.961	4
74	1.941	1.725	2.059	1.902	4
75	2.02	1.804	2.098	1.902	4
76	1.98	1.765	2.078	1.941	4
77	1.961	1.784	2.098	1.961	4
78	1.961	1.804	2.039	1.961	4
79	2.0	1.882	2.039	1.941	4
80	2.0	1.941	2.098	1.961	4
81	1.941	2.0	2.098	1.961	4
82	1.941	1.98	2.078	1.98	4
83	1.98	2.0	2.098	1.98	4
84	1.98	1.98	2.059	1.941	4
85	1.98	2.039	2.098	1.941	4
86	1.941	1.961	2.098	1.941	4
87	1.902	1.882	2.059	1.941	4
88	2.02	2.039	2.196	1.961	4
89	2.059	1.98	2.157	2.0	4
90	1.902	1.706	2.039	1.961	4
91	1.941	1.706	2.098	1.902	4
92	1.98	1.765	2.118	1.882	4
93	1.961	1.784	2.157	1.882	4
94	1.922	1.824	2.176	1.922	4
95	1.922	1.882	2.176	1.961	4
96	1.941	1.902	2.176	2.0	4
97	1.961	1.961	2.196	1.961	4
98	1.941	2.0	2.157	1.941	4
99	1.882	2.02	2.176	1.922	4
100	1.902	2.0	2.196	1.922	4
101	1.922	1.98	2.176	1.961	4
102	1.941	2.039	2.196	1.941	4
103	1.961	1.98	2.196	1.941	4
104	1.922	1.922	2.176	1.98	4
105	1.98	2.059	2.294	2.0	4
106	2.02	1.98	2.235	2.059	4
107	1.863	1.725	2.137	2.0	4
108	1.922	1.706	2.137	1.941	4
109	1.961	1.745	2.176	1.922	4
110	1.961	1.765	2.157	1.922	4
111	1.941	1.765	2.118	1.941	4
112	1.941	1.804	2.078	1.961	4
113	1.941	1.922	2.098	1.98	4
114	1.961	1.961	2.157	2.0	4
115	1.941	2.02	2.118	2.059	4
116	1.902	1.961	2.059	2.02	4
117	1.941	1.941	2.02	2.0	4
118	1.941	1.941	2.02	1.98	4
119	2.0	2.02	2.02	1.961	4
120	1.98	1.941	2.0	1.98	4
121	2.0	1.902	1.98	1.98	4
122	2.059	2.039	2.078	2.039	4
123	2.078	1.941	2.0	2.059	4
124	1.902	1.667	1.863	2.02	4
125	1.902	1.745	1.941	1.98	4
126	2.0	1.804	1.961	1.961	4
127	2.02	1.804	1.961	1.98	4
128	2.0	1.765	1.922	2.0	4
129	1.98	1.843	1.882	2.0	4
130	2.0	1.882	1.902	1.98	4
131	2.02	1.902	1.922	1.98	4
132	2.02	1.98	1.922	2.0	4
133	1.98	1.961	1.902	2.02	4
134	2.0	2.0	1.941	2.02	4
135	2.0	2.0	1.941	2.02	4
136	2.02	2.02	1.922	2.0	4
137	2.02	1.922	1.941	1.961	4
138	2.02	1.863	1.941	1.98	4
139	2.118	2.02	2.078	2.0	4
140	2.196	1.961	2.0	2.0	4
141	1.98	1.667	1.902	1.941	4
142	2.02	1.667	1.961	1.882	4
143	2.118	1.745	2.0	1.882	4
144	2.137	1.745	2.039	1.922	4
145	2.118	1.765	2.039	1.941	4
146	2.118	1.824	2.059	1.961	4
147	2.118	1.843	2.059	1.961	4
148	2.098	1.863	2.098	1.902	4
149	2.157	1.941	2.098	1.902	4
150	2.078	1.941	2.098	1.902	4
151	2.078	1.941	2.118	1.922	4
152	2.098	1.922	2.118	1.961	4
153	2.176	2.0	2.157	1.941	4
154	2.176	1.941	2.157	1.922	4
155	2.176	1.882	2.157	1.941	4
156	2.255	2.039	2.314	2.0	4
157	2.314	1.98	2.216	2.02	4
158	2.137	1.667	2.059	1.98	4
159	2.118	1.706	2.137	1.922	4
160	2.196	1.784	2.196	1.902	4
161	2.196	1.784	2.176	1.922	4
162	2.216	1.804	2.157	1.941	4
163	2.196	1.824	2.098	1.961	4
164	2.157	1.863	2.118	1.961	4
165	2.176	1.941	2.157	1.961	4
166	2.176	2.0	2.118	1.98	4
167	2.157	1.961	2.078	1.961	4
168	2.196	1.98	2.078	1.961	4
169	2.157	1.961	2.059	1.98	4
170	2.157	2.0	2.039	1.98	4
171	2.176	1.941	2.0	1.961	4
172	2.196	1.882	2.0	1.961	4
173	2.255	2.039	2.118	2.0	4
174	2.294	2.02	2.098	2.02	4
175	2.098	1.725	1.922	2.02	4
176	2.098	1.745	1.941	1.961	4
177	2.216	1.863	1.98	1.941	4
178	2.176	1.863	1.961	1.961	4
179	2.098	1.843	1.941	2.0	4
180	2.118	1.922	1.922	2.0	4
181	2.137	2.02	1.941	2.0	4
182	2.118	2.059	1.961	2.02	4
183	2.078	2.078	1.941	2.0	4
184	2.02	2.098	1.902	2.0	4
185	1.98	2.078	1.902	1.98	4
186	1.961	2.098	1.902	2.02	4
187	1.941	2.176	1.902	2.02	4
188	1.941	2.098	1.922	2.039	4
189	1.922	2.039	1.882	2.039	4
190	1.98	2.137	2.0	2.039	4
191	2.02	2.118	1.941	2.039	4
192	1.765	1.804	1.804	2.0	4
193	1.745	1.804	1.843	1.961	4
194	1.804	1.922	1.882	1.922	4
195	1.765	1.961	1.922	1.98	4
196	1.745	1.961	1.922	2.0	4
197	1.686	1.961	1.882	2.02	4
198	1.667	2.039	1.882	2.02	4
199	1.647	2.059	1.902	2.0	4
200	1.667	2.078	1.863	1.961	4
201	1.608	2.098	1.882	1.941	4
202	1.627	2.137	1.902	1.941	4
203	1.588	2.118	1.882	1.941	4
204	1.627	2.176	1.882	1.961	4
205	1.588	2.118	1.902	1.98	4
206	1.569	2.039	1.922	1.98	4
207	1.647	2.157	2.0	2.02	4
208	1.686	2.157	1.941	2.0	4
209	1.549	1.843	1.824	1.922	4
210	1.549	1.863	1.882	1.882	4
211	1.608	1.941	1.941	1.863	4
212	1.608	1.902	1.902	1.902	4
213	1.588	1.922	1.941	1.922	4
214	1.627	1.98	1.922	1.922	4
215	1.627	1.98	1.941	1.922	4
216	1.667	2.039	1.98	1.922	4
217	1.667	2.098	1.961	1.902	4
218	1.647	2.098	1.961	1.922	4
219	1.627	2.098	1.961	1.922	4
220	1.647	2.02	1.961	1.941	4
221	1.686	2.078	1.98	1.941	4
222	1.706	2.0	1.98	1.922	4
223	1.765	1.882	1.961	1.902	4
224	1.843	2.078	2.137	1.922	4
225	1.941	2.098	2.098	1.941	4
226	1.745	1.745	1.922	1.922	4
227	1.765	1.765	1.98	1.882	4
228	1.863	1.843	2.02	1.863	4
229	1.902	1.863	2.039	1.863	4
230	1.863	1.824	2.039	1.902	4
231	1.902	1.882	2.0	1.902	4
232	1.941	1.961	2.02	1.902	4
233	1.941	2.02	2.039	1.902	4
234	1.961	2.059	2.039	1.882	4
235	1.941	2.059	2.02	1.902	4
236	1.98	2.059	2.02	1.882	4
237	2.0	2.039	2.0	1.882	4
238	2.039	2.098	2.02	1.882	4
239	2.039	2.02	2.02	1.882	4
240	2.059	1.941	2.0	1.882	4
241	2.118	2.078	2.137	1.882	4
242	2.216	2.078	2.098	1.922	4
243	2.039	1.706	1.961	1.882	4
244	2.078	1.745	1.98	1.843	4
245	2.176	1.824	2.02	1.804	4
246	2.176	1.824	2.039	1.824	4
247	2.137	1.824	2.039	1.863	4
248	2.176	1.863	2.02	1.882	4
249	2.176	1.922	2.02	1.882	4
250	2.196	1.98	2.078	1.882	4
251	2.196	2.02	2.02	1.863	4
252	2.137	2.0	2.039	1.863	4
253	2.137	2.02	2.039	1.863	4
254	2.157	2.02	2.078	1.882	4
255	2.176	2.039	2.059	1.863	4
256	2.176	1.98	2.059	1.882	4
257	2.157	1.902	2.059	1.882	4
258	2.196	2.02	2.157	1.922	4
259	2.294	2.02	2.118	1.922	4
260	2.118	1.706	2.0	1.843	4
261	2.098	1.706	2.039	1.804	4
262	2.157	1.745	2.078	1.784	4
263	2.157	1.745	2.078	1.804	4
264	2.118	1.725	2.078	1.843	4
265	2.118	1.804	2.059	1.863	4
266	2.078	1.804	2.098	1.863	4
267	2.078	1.824	2.078	1.863	4
268	2.078	1.882	2.059	1.824	4
269	2.039	1.863	2.059	1.843	4
270	2.0	1.882	2.059	1.843	4
271	2.0	1.843	2.078	1.843	4
272	2.039	1.882	2.059	1.863	4
273	2.039	1.804	2.059	1.843	4
274	2.0	1.745	2.059	1.843	4
275	2.0	1.824	2.176	1.863	4
276	2.118	1.843	2.157	1.922	4
277	1.902	1.51	2.0	1.902	4
278	1.941	1.529	2.039	1.843	4
279	1.98	1.608	2.078	1.843	4
280	2.0	1.608	2.098	1.843	4
281	1.922	1.569	2.078	1.882	4
282	1.922	1.627	2.039	1.882	4
283	1.922	1.667	2.059	1.863	4
284	1.922	1.745	2.098	1.902	4
285	1.882	1.765	2.078	1.922	4
286	1.843	1.725	2.039	1.922	4
287	1.902	1.784	2.059	1.902	4
288	1.882	1.784	2.059	1.922	4
289	1.843	1.824	2.078	1.941	4
290	1.843	1.745	2.059	1.98	4
291	1.863	1.667	2.039	1.961	4
292	1.902	1.804	2.157	1.98	4
293	2.0	1.882	2.176	1.98	4
294	1.804	1.549	2.02	1.961	4
295	1.784	1.549	2.02	1.941	4
296	1.863	1.627	2.059	1.922	4
297	1.902	1.647	2.078	1.922	4
298	1.863	1.686	2.098	1.98	4
299	1.863	1.765	2.098	2.02	4
300	1.843	1.784	2.078	2.059	4
301	1.882	1.843	2.098	2.02	4
302	1.882	1.922	2.098	2.02	4
303	1.843	1.882	2.098	2.02	4
304	1.882	1.902	2.059	2.02	4
305	1.863	1.902	2.098	2.039	4
306	1.902	1.961	2.078	2.02	4
307	1.863	1.902	2.078	2.039	4
308	1.843	1.804	2.078	2.039	4
309	1.882	1.882	2.176	2.078	4
310	2.0	1.922	2.157	2.078	4
311	1.824	1.608	2.0	2.039	4
312	1.824	1.608	2.039	1.98	4
313	1.902	1.667	2.098	1.98	4
314	1.922	1.686	2.098	1.98	4
315	1.902	1.686	2.078	2.0	4
316	1.882	1.745	2.059	2.02	4
317	1.863	1.765	2.098	2.039	4
318	1.882	1.804	2.098	2.039	4
319	1.902	1.863	2.078	2.02	4
320	1.863	1.824	2.059	2.02	4
321	1.882	1.843	2.039	2.02	4
322	1.863	1.824	2.059	2.02	4
323	1.902	1.882	2.059	2.02	4
324	1.902	1.824	2.059	2.02	4
325	1.902	1.765	2.059	2.039	4
326	1.941	1.843	2.196	2.078	4
327	2.039	1.882	2.176	2.118	4
328	1.882	1.569	1.98	2.059	4
329	1.902	1.529	2.0	1.98	4
330	1.961	1.627	2.078	1.961	4
331	2.0	1.667	2.098	1.98	4
332	1.941	1.627	2.078	2.02	4
333	1.941	1.706	2.078	2.039	4
334	1.922	1.784	2.098	2.059	4
335	1.941	1.843	2.118	2.078	4
336	1.961	1.843	2.059	2.039	4
337	1.941	1.804	2.039	2.0	4
338	1.922	1.882	2.059	1.98	4
339	1.902	1.882	2.078	2.02	4
340	1.922	1.922	2.098	2.039	4
341	1.961	1.902	2.078	2.078	4
342	1.941	1.824	2.078	2.039	4
343	1.961	1.863	2.176	2.039	4
344	2.039	1.922	2.157	2.059	4
345	1.882	1.608	2.02	2.02	4
346	1.882	1.608	2.02	2.0	4
347	1.941	1.706	2.078	1.961	4
348	1.961	1.725	2.098	1.98	4
349	1.922	1.706	2.118	2.039	4
350	1.922	1.745	2.059	2.059	4
351	1.902	1.765	2.039	2.02	4
352	1.922	1.824	2.059	1.98	4
353	1.882	1.902	2.059	2.0	4
354	1.843	1.882	2.059	2.0	4
355	1.843	1.922	2.059	2.039	4
356	1.843	1.922	2.098	2.078	4
357	1.882	1.961	2.059	2.039	4
358	1.882	1.882	2.039	2.02	4
359	1.863	1.765	2.02	1.98	4
360	1.843	1.882	2.157	1.98	4
361	1.941	1.98	2.196	2.039	4
362	1.804	1.667	2.039	2.059	4
363	1.804	1.588	2.039	2.02	4
364	1.882	1.686	2.039	1.98	4
365	1.902	1.725	2.039	1.961	4
366	1.863	1.725	2.078	1.961	4
367	1.863	1.843	2.098	2.0	4
368	1.882	1.863	2.118	2.02	4
369	1.882	1.843	2.078	2.02	4
370	1.882	1.902	2.059	2.0	4
371	1.863	1.902	2.059	1.961	4
372	1.882	1.961	2.059	1.98	4
373	1.863	1.922	2.078	2.0	4
374	1.902	2.0	2.098	2.02	4
375	1.922	1.98	2.098	2.039	4
376	1.902	1.843	2.039	2.0	4
377	1.902	1.902	2.176	1.98	4
378	2.0	2.0	2.176	2.02	4
379	1.863	1.706	2.02	2.0	4
380	1.882	1.667	2.02	1.961	4
381	1.961	1.706	2.02	1.922	4
382	1.961	1.725	2.059	1.922	4
383	1.941	1.765	2.118	1.961	4
384	1.961	1.824	2.059	1.961	4
385	1.902	1.882	2.078	1.98	4
386	1.922	1.922	2.078	2.0	4
387	1.902	1.941	2.02	1.98	4
388	1.882	1.902	2.0	1.941	4
389	1.902	1.882	2.0	1.922	4
390	1.882	1.843	1.98	1.922	4
391	1.902	1.882	2.0	1.922	4
392	1.922	1.843	1.98	1.961	4
393	1.941	1.765	2.02	1.98	4
394	1.961	1.863	2.176	2.039	4
395	2.02	2.02	2.216	2.118	4
396	1.882	1.784	2.078	2.078	4
397	1.941	1.627	1.922	1.961	4
398	2.0	1.549	1.863	1.804	4
399	2.0	1.667	2.0	1.784	4
400	1.941	1.745	2.078	1.882	4
401	1.961	1.824	2.059	2.039	4
402	1.98	1.882	2.039	2.098	4
403	2.059	1.902	2.02	2.059	4
404	2.0	2.02	2.059	2.02	4
405	2.02	2.078	2.078	1.961	4
406	2.078	2.039	2.0	1.902	4
407	2.078	1.961	1.941	1.863	4
408	2.039	2.02	1.98	1.863	4
409	2.039	2.02	2.02	1.882	4
410	2.02	1.902	2.0	1.941	4
411	2.098	1.922	2.078	2.0	4
412	2.176	2.059	2.078	2.039	4
413	2.0	1.667	1.784	1.961	4
414	1.98	1.588	1.863	1.824	4
415	2.118	1.745	1.98	1.784	4
416	2.059	1.863	2.059	1.843	4
417	1.941	1.824	2.059	1.941	4
418	1.98	1.843	1.922	1.941	4
419	1.961	1.784	1.902	1.902	4
420	1.961	1.804	1.961	1.902	4
421	2.0	2.157	2.118	1.941	4
422	2.235	2.333	2.137	2.02	4
423	2.216	2.157	2.0	2.02	4
424	1.98	1.922	1.882	1.98	4
425	1.98	1.98	1.941	1.902	4
426	2.0	2.157	2.098	1.922	4
427	2.059	2.196	2.137	1.98	4
428	2.216	2.216	2.235	2.039	4
429	2.392	2.333	2.216	2.098	4
430	2.176	1.941	2.02	2.02	4
431	2.118	1.843	2.02	1.961	4
432	2.157	1.882	2.039	1.941	4
433	2.196	1.902	2.098	1.961	4
434	2.137	1.863	2.078	2.02	4
435	2.157	1.882	2.0	1.98	4
436	2.098	1.922	2.0	2.0	4
437	2.078	2.0	2.098	1.98	4
438	2.078	2.078	2.078	2.02	4
439	2.118	2.196	2.176	2.039	4
440	2.098	2.235	2.157	2.039	4
441	2.039	2.039	1.98	1.98	4
442	2.078	1.961	1.843	1.843	4
443	2.039	1.922	1.843	1.745	4
444	1.98	1.902	1.98	1.745	4
445	2.039	2.02	2.235	1.882	4
446	2.137	2.098	2.196	2.039	4
447	1.941	1.725	1.902	2.078	4
448	1.902	1.608	1.804	1.961	4
449	2.039	1.706	1.922	1.824	4
450	2.059	1.784	1.961	1.706	4
451	2.098	1.784	2.02	1.725	4
452	2.078	1.961	2.078	1.843	4
453	2.02	2.02	2.02	1.961	4
454	2.059	2.0	1.98	2.0	4
455	2.02	1.961	1.902	1.941	4
456	1.961	2.0	2.0	1.863	4
457	2.078	2.137	1.961	1.863	4
458	2.157	2.059	1.843	1.902	4
459	2.039	1.98	1.863	1.961	4
460	2.078	2.0	1.98	1.98	4
461	2.078	2.039	2.059	1.98	4
462	2.118	2.176	2.176	1.98	4
463	2.392	2.373	2.196	2.039	4
464	2.294	1.98	1.882	2.039	4
465	2.157	1.784	1.882	2.02	4
466	2.235	1.863	1.902	1.98	4
467	2.255	1.922	1.922	1.902	4
468	2.294	1.98	1.941	1.843	4
469	2.333	1.941	1.804	1.824	4
470	2.294	1.941	1.784	1.843	4
471	2.275	1.98	1.843	1.98	4
472	2.235	2.02	1.882	2.098	4
473	2.235	2.02	1.882	2.118	4
474	2.216	1.961	1.804	2.078	4
475	2.137	2.059	1.843	2.039	4
476	2.196	2.255	1.804	1.941	4
477	2.255	2.0	1.647	1.804	4
478	2.059	1.804	1.667	1.745	4
479	2.0	1.922	1.941	1.843	4
480	2.176	2.059	1.98	2.098	4
481	1.98	1.647	1.765	2.176	4
482	1.804	1.588	1.765	2.078	4
483	1.882	1.745	1.863	1.922	4
484	1.941	1.843	1.941	1.804	4
485	1.824	1.824	1.98	1.824	4
486	1.824	1.863	1.922	1.882	4
487	1.667	1.843	1.961	1.961	4
488	1.529	1.902	2.078	2.0	4
489	1.451	1.922	2.078	1.961	4
490	1.412	1.961	2.118	1.961	4
491	1.412	2.0	2.157	2.0	4
492	1.333	1.961	2.235	2.02	4
493	1.314	1.922	2.216	2.039	4
494	1.314	1.863	2.235	2.059	4
495	1.255	1.784	2.314	2.118	4
496	1.157	1.667	2.412	2.216	4
497	1.118	1.686	2.49	2.294	4
498	0.961	1.412	2.314	2.216	4
499	1.059	1.49	2.353	2.098	4
500	1.275	1.706	2.529	2.078	4
501	1.392	1.686	2.49	2.157	4
502	1.216	1.431	2.51	2.235	4
503	1.118	1.471	2.608	2.353	4
504	1.118	1.588	2.804	2.431	4
505	1.196	1.627	2.784	2.471	4
506	1.333	1.647	2.686	2.373	4
507	1.529	1.627	2.667	2.235	4
508	1.647	1.706	2.686	2.118	4
509	1.706	1.941	2.804	2.157	4
510	1.765	2.098	2.765	2.294	4
511	1.941	2.078	2.588	2.333	4
512	1.902	1.745	2.431	2.294	4
513	1.922	1.706	2.627	2.216	4
514	2.196	1.686	2.765	2.118	4
515	2.255	1.471	2.529	2.0	4
516	2.157	1.608	2.451	1.922	4
517	2.196	1.922	2.392	1.941	4
518	2.373	2.0	2.333	1.941	4
519	2.608	2.02	2.314	1.804	4
520	2.863	2.0	2.176	1.569	4
521	2.98	2.039	2.078	1.392	4
522	2.745	1.922	2.098	1.333	4
523	2.569	2.0	2.157	1.373	4
524	2.608	2.137	2.157	1.392	4
525	2.706	2.333	2.02	1.275	4
526	2.765	2.412	1.784	1.118	4
527	2.765	2.529	1.765	0.922	4
528	2.824	2.647	2.059	0.843	4
529	2.686	2.647	2.255	0.941	4
530	2.686	2.667	2.353	1.157	4
531	2.941	2.706	2.294	1.235	4
532	2.804	2.451	2.157	1.176	4
533	2.765	2.49	2.314	0.98	4
534	2.882	2.627	2.431	0.824	4
535	2.725	2.667	2.294	0.824	4
536	2.529	2.647	2.275	0.941	4
537	2.529	2.824	2.49	1.235	4
538	2.588	2.824	2.667	1.51	4
539	2.706	2.686	2.706	1.686	4
540	2.667	2.549	2.608	1.725	4
541	2.706	2.588	2.686	1.725	4
542	2.765	2.588	2.627	1.745	4
543	2.686	2.549	2.706	1.824	4
544	2.647	2.569	2.647	1.922	4
545	2.608	2.471	2.529	1.961	4
546	2.529	2.392	2.412	2.059	4
547	2.549	2.294	2.49	2.176	4
548	2.647	2.216	2.588	2.255	4
549	2.529	1.843	2.314	2.353	4
550	2.451	1.667	2.118	2.49	4
551	2.451	1.706	2.039	2.569	4
552	2.451	1.745	2.0	2.49	4
553	2.373	1.686	1.961	2.333	4
554	2.314	1.549	1.725	2.176	4
555	2.235	1.51	1.549	2.196	4
556	2.196	1.49	1.529	2.51	4
557	2.235	1.51	1.471	2.824	4
558	2.333	1.49	1.314	2.902	4
559	2.412	1.49	1.196	2.706	4
560	2.235	1.392	1.059	2.471	4
561	2.176	1.196	0.941	2.294	4
562	2.314	1.0	0.902	2.216	4
563	2.196	0.902	0.804	2.294	4
564	2.118	0.941	0.686	2.431	4
565	2.255	1.176	0.804	2.608	4
566	2.235	0.902	0.706	2.647	4
567	2.137	0.647	0.529	2.529	4
568	2.098	0.667	0.529	2.373	4
569	2.059	0.804	0.667	2.373	4
570	2.0	1.0	0.824	2.49	4
571	1.902	1.02	0.667	2.569	4
572	1.804	0.961	0.686	2.549	4
573	1.706	1.059	0.863	2.471	4
574	1.667	1.157	0.98	2.451	4
575	1.588	1.235	1.039	2.49	4
576	1.49	1.294	1.118	2.529	4
577	1.431	1.451	1.294	2.608	4
578	1.392	1.647	1.431	2.627	4
579	1.314	1.647	1.49	2.608	4
580	1.157	1.529	1.588	2.549	4
581	1.02	1.49	1.686	2.471	4
582	1.059	1.569	1.863	2.392	4
583	0.902	1.392	1.824	2.333	4
584	0.765	1.392	1.922	2.275	4
585	0.804	1.569	2.176	2.294	4
586	0.843	1.843	2.353	2.294	4
587	0.745	1.863	2.353	2.176	4
588	0.706	1.922	2.333	2.039	4
589	0.725	2.0	2.333	1.863	4
590	0.627	2.078	2.314	1.765	4
591	0.451	2.118	2.216	1.745	4
592	0.333	2.196	2.176	1.725	4
593	0.373	2.373	2.196	1.706	4
594	0.451	2.431	2.235	1.667	4
595	0.471	2.49	2.196	1.608	4
596	0.471	2.549	2.176	1.51	4
597	0.471	2.608	2.235	1.431	4
598	0.569	2.647	2.275	1.392	4
599	0.784	2.667	2.176	1.392	4
600	0.706	2.373	1.784	1.353	4
601	0.667	2.353	1.745	1.294	4
602	0.725	2.412	1.922	1.235	4
603	0.804	2.471	2.0	1.275	4
604	0.882	2.373	1.863	1.353	4
605	0.98	2.451	1.784	1.373	4
606	1.039	2.51	1.961	1.392	4
607	1.078	2.51	2.0	1.353	4
608	1.235	2.49	2.0	1.275	4
609	1.333	2.51	2.059	1.275	4
610	1.451	2.49	2.098	1.353	4
611	1.49	2.392	2.118	1.451	4
612	1.549	2.431	2.216	1.569	4
613	1.667	2.353	2.255	1.667	4
614	1.706	2.333	2.373	1.706	4
615	1.725	2.255	2.431	1.686	4
616	1.961	2.333	2.51	1.706	4
617	1.902	2.02	2.353	1.686	4
618	1.922	1.961	2.412	1.647	4
619	2.157	2.059	2.549	1.667	4
620	2.294	2.078	2.588	1.784	4
621	2.216	1.961	2.529	1.902	4
622	2.255	1.941	2.51	1.941	4
623	2.294	1.961	2.471	1.922	4
624	2.255	1.961	2.373	1.941	4
625	2.255	1.98	2.392	2.0	4
626	2.333	1.961	2.392	2.078	4
627	2.431	2.02	2.392	2.098	4
628	2.431	1.98	2.314	2.059	4
629	2.529	1.902	2.176	2.02	4
630	2.51	1.882	2.196	2.039	4
631	2.431	1.725	2.157	2.098	4
632	2.412	1.608	2.196	2.176	4
633	2.451	1.686	2.235	2.255	4
634	2.569	1.412	2.02	2.216	4
635	2.686	1.294	1.961	2.078	4
636	2.686	1.373	2.0	1.98	4
637	2.686	1.373	2.0	1.941	4
638	2.569	1.412	2.059	2.039	4
639	2.451	1.569	2.137	2.255	4
640	2.431	1.49	2.02	2.314	4
641	2.451	1.431	1.961	2.255	4
642	2.471	1.529	2.0	2.078	4
643	2.49	1.588	2.0	1.902	4
644	2.471	1.706	2.059	1.882	4
645	2.412	1.706	2.039	2.039	4
646	2.412	1.627	1.98	2.216	4
647	2.392	1.706	2.039	2.235	4
648	2.314	1.667	2.059	2.157	4
649	2.235	1.647	2.157	2.039	4
650	2.353	1.863	2.235	1.98	4
651	2.216	1.686	2.059	2.02	4
652	2.059	1.569	2.0	2.137	4
653	2.078	1.706	2.078	2.216	4
654	2.098	1.843	2.216	2.216	4
655	2.098	1.863	2.157	2.176	4
656	2.02	1.765	2.039	2.059	4
657	2.0	1.804	2.137	2.0	4
658	1.961	1.98	2.255	2.059	4
659	1.902	2.0	2.275	2.137	4
660	1.902	2.078	2.294	2.216	4
661	1.843	2.118	2.235	2.235	4
662	1.824	2.02	2.157	2.216	4
663	1.863	2.078	2.216	2.196	4
664	1.902	2.059	2.275	2.137	4
665	1.922	2.039	2.314	2.078	4
666	1.922	1.941	2.294	2.039	4
667	1.961	2.118	2.373	2.118	4
668	1.843	1.863	2.255	2.176	4
669	1.765	1.784	2.255	2.196	4
670	1.863	1.804	2.294	2.196	4
671	1.902	1.824	2.333	2.137	4
672	1.902	1.804	2.255	2.02	4
673	1.902	1.725	2.176	1.941	4
674	1.863	1.745	2.157	1.882	4
675	1.882	1.784	2.176	1.941	4
676	1.882	1.804	2.176	2.02	4
677	1.882	1.784	2.196	2.059	4
678	1.843	1.882	2.275	2.118	4
679	1.804	1.922	2.255	2.157	4
680	1.843	1.863	2.196	2.176	4
681	1.961	1.863	2.176	2.059	4
682	1.922	1.667	2.196	1.941	4
683	1.863	1.549	2.176	1.863	4
684	2.02	1.686	2.235	1.863	4
685	1.882	1.431	2.098	1.863	4
686	1.745	1.333	2.137	1.863	4
687	1.784	1.431	2.039	1.843	4
688	1.882	1.49	1.922	1.784	4
689	2.098	1.529	1.902	1.784	4
690	2.118	1.588	2.157	1.824	4
691	1.922	1.529	2.275	1.843	4
692	1.882	1.529	2.176	1.784	4
693	1.902	1.588	2.059	1.725	4
694	1.882	1.588	1.961	1.725	4
695	1.882	1.588	1.941	1.784	4
696	2.0	1.549	1.98	1.843	4
697	2.118	1.549	1.961	1.843	4
698	2.157	1.588	1.941	1.745	4
699	2.098	1.588	1.98	1.647	4
700	2.02	1.51	1.98	1.608	4
701	2.157	1.667	2.02	1.725	4
702	2.118	1.451	1.922	1.784	4
703	2.078	1.373	1.922	1.804	4
704	2.078	1.392	1.882	1.745	4
705	2.098	1.373	1.804	1.706	4
706	2.137	1.412	1.863	1.667	4
707	2.196	1.569	1.882	1.647	4
708	2.176	1.549	1.843	1.627	4
709	2.118	1.667	1.863	1.667	4
710	2.059	1.686	1.863	1.725	4
711	2.078	1.725	1.843	1.745	4
712	2.098	1.824	1.882	1.725	4
713	2.098	1.922	1.902	1.706	4
714	2.118	1.922	1.863	1.667	4
715	2.137	1.941	1.843	1.627	4
716	2.098	1.882	1.843	1.647	4
717	2.098	1.725	1.843	1.686	4
718	2.216	1.961	1.961	1.765	4
719	2.157	1.804	1.863	1.745	4
720	2.059	1.608	1.765	1.706	4
721	2.02	1.686	1.824	1.784	4
722	2.098	1.882	1.98	1.902	4
723	2.196	1.922	2.039	1.941	4
724	2.137	1.922	2.0	1.902	4
725	2.059	1.902	1.902	1.804	4
726	2.059	1.882	1.902	1.784	4
727	2.059	1.961	1.941	1.824	4
728	2.098	2.0	2.0	1.922	4
729	2.098	2.02	1.961	2.039	4
730	1.98	1.961	1.863	2.059	4
731	1.961	1.961	1.863	2.137	4
732	2.02	2.137	2.098	2.157	4
733	2.118	2.098	2.157	2.216	4
734	2.078	1.882	2.078	2.157	4
735	2.118	2.118	2.176	2.137	4
736	2.078	1.941	2.02	2.176	4
737	1.941	1.745	2.02	2.216	4
738	2.0	1.882	2.078	2.235	4
739	2.0	1.863	2.02	2.196	4
740	1.882	1.843	2.059	2.235	4
741	1.902	1.98	2.157	2.333	4
742	1.882	2.039	2.235	2.412	4
743	1.961	2.176	2.255	2.431	4
744	2.0	2.216	2.176	2.353	4
745	1.922	2.235	2.157	2.294	4
746	1.843	2.255	2.157	2.314	4
747	1.804	2.176	2.137	2.294	4
748	1.824	2.196	2.157	2.275	4
749	1.863	2.196	2.157	2.255	4
750	1.882	2.176	2.196	2.235	4
751	1.863	2.118	2.255	2.275	4
752	1.902	2.275	2.314	2.275	4
753	1.804	2.02	2.098	2.196	4
754	1.765	1.882	2.039	2.078	4
755	2.0	1.882	1.98	2.0	4
756	2.059	1.863	1.98	2.02	4
757	1.902	1.843	2.02	2.157	4
758	1.804	1.863	2.039	2.157	4
759	1.765	1.882	2.098	2.078	4
760	1.784	1.863	2.0	1.98	4
761	1.824	1.863	1.902	1.882	4
762	1.922	1.882	1.882	1.824	4
763	1.98	1.902	1.882	1.843	4
764	2.0	1.922	1.961	1.882	4
765	1.922	1.922	1.882	1.902	4
766	1.824	1.882	1.686	1.863	4
767	1.765	1.804	1.784	1.843	4
768	1.784	1.784	2.098	1.882	4
769	1.961	1.941	2.157	1.922	4
770	1.941	1.745	1.941	1.863	4
771	1.824	1.627	1.843	1.765	4
772	1.804	1.765	1.961	1.667	4
773	1.843	1.843	2.039	1.647	4
774	1.824	1.824	2.059	1.686	4
775	1.843	1.882	2.02	1.725	4
776	1.824	1.922	2.078	1.765	4
777	1.824	2.059	2.216	1.804	4
778	1.745	2.118	2.176	1.804	4
779	1.706	2.098	2.176	1.804	4
780	1.667	2.137	2.118	1.804	4
781	1.686	2.157	2.098	1.804	4
782	1.745	2.196	2.118	1.784	4
783	1.843	2.255	2.137	1.745	4
784	1.784	2.098	2.118	1.725	4
785	1.725	2.059	2.176	1.765	4
786	1.863	2.216	2.235	1.882	4
787	1.765	2.02	2.098	1.941	4
788	1.647	1.863	2.098	1.902	4
789	1.725	1.922	2.137	1.882	4
790	1.765	1.941	2.118	1.824	4
791	1.784	1.902	2.02	1.804	4
792	1.725	1.98	1.961	1.804	4
793	1.765	2.039	2.059	1.843	4
794	1.745	2.098	2.118	1.902	4
795	1.765	2.078	2.039	1.922	4
796	1.765	2.039	1.98	1.882	4
797	1.765	2.118	2.039	1.882	4
798	1.804	2.098	2.0	1.902	4
799	1.784	2.098	2.0	1.961	4
800	1.843	2.098	1.961	1.98	4
801	1.824	2.02	1.922	1.961	4
802	1.843	1.961	2.0	1.941	4
803	2.02	2.098	2.078	1.961	4
804	1.98	1.922	1.961	1.902	4
805	1.882	1.804	1.941	1.824	4
806	1.98	1.765	1.922	1.784	4
807	2.02	1.843	1.98	1.863	4
808	2.02	1.843	2.0	1.941	4
809	2.059	1.902	2.02	2.0	4
810	2.059	1.98	2.039	2.0	4
811	2.157	2.02	2.039	1.961	4
812	2.137	2.0	1.961	1.902	4
813	2.059	2.02	1.922	1.902	4
814	2.098	2.039	1.922	1.941	4
815	2.157	2.059	2.039	2.02	4
816	2.235	2.098	2.098	2.059	4
817	2.333	2.059	1.98	1.98	4
818	2.275	1.902	1.922	1.922	4
819	2.275	1.804	1.882	1.863	4
820	2.392	1.98	2.059	1.961	4
821	2.412	1.745	1.863	2.039	4
822	2.314	1.569	1.824	1.961	4
823	2.392	1.706	1.922	1.902	4
824	2.431	1.784	1.922	1.882	4
825	2.392	1.745	2.02	1.961	4
826	2.412	1.784	2.0	2.098	4
827	2.412	1.745	1.98	2.098	4
828	2.392	1.784	2.0	2.0	4
829	2.392	1.902	2.0	1.902	4
830	2.412	1.941	1.98	1.882	4
831	2.392	1.961	2.02	1.941	4
832	2.471	1.961	2.059	1.98	4
833	2.471	1.961	2.098	2.039	4
834	2.451	1.98	2.137	2.118	4
835	2.373	1.961	2.157	2.157	4
836	2.392	1.922	2.157	2.157	4
837	2.529	2.118	2.275	2.176	4
838	2.451	1.961	2.196	2.176	4
839	2.294	1.745	2.157	2.098	4
840	2.294	1.765	2.137	2.078	4
841	2.275	1.784	2.157	2.059	4
842	2.333	1.745	2.137	2.059	4
843	2.373	1.784	2.118	2.098	4
844	2.314	1.902	2.157	2.137	4
845	2.196	1.902	2.137	2.157	4
846	2.118	1.902	2.137	2.118	4
847	2.059	2.0	2.157	2.078	4
848	2.078	2.0	2.098	2.059	4
849	2.039	1.922	1.941	2.059	4
850	2.02	1.863	1.941	2.059	4
851	2.039	1.98	2.02	2.078	4
852	1.941	1.941	2.039	2.098	4
853	1.922	1.824	2.039	2.059	4
854	2.039	1.941	2.118	2.039	4
855	1.941	1.804	2.039	1.98	4
856	1.765	1.686	2.02	1.941	4
857	1.745	1.706	2.059	1.98	4
858	1.784	1.725	2.059	2.0	4
859	1.804	1.686	2.039	1.941	4
860	1.784	1.745	2.059	1.902	4
861	1.745	1.843	2.098	1.922	4
862	1.725	1.922	2.157	1.98	4
863	1.706	1.941	2.098	2.059	4
864	1.686	1.961	2.078	2.039	4
865	1.667	1.98	2.098	1.98	4
866	1.627	1.961	2.078	1.902	4
867	1.627	1.961	2.098	1.863	4
868	1.686	2.059	2.137	1.902	4
869	1.784	1.961	2.098	1.98	4
870	1.706	1.843	2.059	2.059	4
871	1.765	1.941	2.157	2.078	4
872	1.784	1.843	2.039	1.98	4
873	1.667	1.706	1.961	1.824	4
874	1.745	1.706	1.98	1.686	4
875	1.804	1.784	2.098	1.706	4
876	1.804	1.765	2.118	1.804	4
877	1.804	1.745	2.02	1.922	4
878	1.843	1.765	2.0	1.961	4
879	1.863	1.804	2.0	1.941	4
880	1.863	1.863	1.98	1.863	4
881	1.843	1.902	1.941	1.784	4
882	1.843	1.941	2.02	1.706	4
883	1.863	1.941	2.078	1.725	4
884	1.902	1.941	2.059	1.765	4
885	1.961	1.922	1.961	1.863	4
886	1.941	1.804	1.843	1.98	4
887	1.941	1.804	1.98	1.961	4
888	2.059	1.98	2.157	1.902	4
889	2.039	1.804	2.039	1.784	4
890	1.863	1.588	1.961	1.686	4
891	1.863	1.647	1.98	1.706	4
892	1.961	1.725	1.98	1.804	4
893	2.02	1.745	2.02	1.922	4
894	2.059	1.784	2.02	2.0	4
895	2.059	1.843	2.059	1.98	4
896	2.039	1.882	2.098	1.882	4
897	1.98	1.882	2.059	1.843	4
898	1.941	1.922	2.02	1.824	4
899	1.922	1.98	2.02	1.902	4
900	1.941	1.922	2.02	1.922	4
901	1.941	1.922	2.0	1.902	4
902	2.0	1.98	1.902	1.882	4
903	2.02	1.922	1.824	1.922	4
904	2.059	1.824	2.02	2.02	4
905	2.176	1.941	2.196	2.02	4
906	2.137	1.804	2.0	1.941	4
907	1.922	1.686	1.902	1.824	4
908	1.98	1.667	1.922	1.765	4
909	1.98	1.667	1.922	1.863	4
910	1.882	1.706	2.0	2.02	4
911	2.0	1.824	2.059	2.176	4
912	2.059	1.882	2.02	2.157	4
913	2.118	1.902	2.078	2.02	4
914	2.137	1.98	2.118	1.863	4
915	2.059	2.02	2.098	1.824	4
916	2.0	2.118	2.118	1.902	4
917	2.0	2.118	2.137	2.098	4
918	2.0	2.137	2.157	2.235	4
919	2.039	2.137	2.176	2.235	4
920	2.078	2.059	2.196	2.137	4
921	2.078	2.059	2.216	2.039	4
922	2.196	2.196	2.353	2.039	4
923	2.157	2.118	2.235	2.078	4
924	1.961	1.882	2.176	2.118	4
925	2.039	1.902	2.216	2.078	4
926	2.098	1.941	2.216	2.078	4
927	2.098	1.902	2.196	2.078	4
928	2.078	1.882	2.118	2.059	4
929	2.0	1.902	2.078	2.02	4
930	1.961	2.0	2.137	2.0	4
931	1.961	2.039	2.137	2.02	4
932	1.941	2.059	2.02	2.02	4
933	1.941	1.98	2.02	2.0	4
934	2.02	2.02	1.98	1.98	4
935	1.922	2.02	1.922	1.961	4
936	1.902	2.039	1.98	1.961	4
937	1.902	1.98	2.0	1.961	4
938	1.882	1.902	2.0	1.941	4
939	2.059	2.059	2.118	1.961	4
940	2.039	1.922	1.98	1.961	4
941	1.824	1.686	1.824	1.902	4
942	1.843	1.686	1.745	1.784	4
943	1.882	1.804	1.745	1.804	4
944	1.843	1.784	1.843	1.882	4
945	1.882	1.863	2.039	1.961	4
946	1.961	1.824	2.02	1.98	4
947	1.961	1.922	2.157	1.98	4
948	1.902	1.902	1.961	1.941	4
949	1.863	1.863	1.745	1.863	4
950	1.863	1.941	1.725	1.784	4
951	1.843	2.0	1.941	1.804	4
952	1.882	2.0	2.039	1.902	4
953	1.941	2.039	2.039	2.039	4
954	1.941	1.882	1.98	2.118	4
955	1.98	1.824	1.961	2.118	4
956	2.078	1.961	2.039	2.0	4
957	2.098	1.824	1.902	1.902	4
958	1.882	1.549	1.784	1.784	4
959	1.922	1.647	1.961	1.784	4
960	2.059	1.725	2.02	1.863	4
961	2.157	1.745	2.078	1.922	4
962	2.176	1.804	2.098	1.961	4
963	2.098	1.824	2.098	2.02	4
964	2.02	1.843	2.078	2.039	4
965	2.02	1.804	2.078	2.02	4
966	2.078	1.882	2.059	1.961	4
967	2.098	1.863	2.059	1.882	4
968	2.216	1.882	2.157	1.843	4
969	2.235	1.941	2.157	1.902	4
970	2.255	2.039	2.176	1.98	4
971	2.216	1.961	2.196	2.059	4
972	2.118	1.882	2.255	2.078	4
973	2.275	1.98	2.353	2.118	4
974	2.314	1.843	2.196	2.078	4
975	2.157	1.647	2.059	1.941	4
976	2.196	1.706	2.098	1.882	4
977	2.216	1.745	2.137	1.922	4
978	2.196	1.725	2.196	2.02	4
979	2.157	1.745	2.196	2.059	4
980	2.157	1.804	2.216	2.039	4
981	2.137	1.882	2.196	2.02	4
982	2.098	1.882	2.098	1.98	4
983	2.059	1.882	1.98	1.961	4
984	2.039	1.882	2.02	1.922	4
985	1.98	1.902	2.059	1.961	4
986	1.961	1.941	2.02	1.961	4
987	2.0	1.902	2.0	1.98	4
988	1.961	1.863	2.0	1.961	4
989	1.922	1.843	1.98	1.961	4
990	1.961	2.02	2.078	2.0	4
991	1.961	1.922	2.02	2.059	4
992	1.804	1.647	1.902	2.02	4
993	1.824	1.725	2.0	1.902	4
994	1.902	1.863	1.98	1.804	4
995	1.804	1.843	2.0	1.784	4
996	1.686	1.882	2.059	1.863	4
997	1.725	1.922	1.98	1.941	4
998	1.725	1.941	1.961	1.98	4
999	1.725	2.02	1.902	1.98	4
1000	1.686	2.039	1.922	1.961	4
1001	1.627	2.02	1.961	1.941	4
1002	1.627	2.039	1.961	1.902	4
1003	1.588	2.098	1.98	1.882	4
1004	1.608	2.137	1.98	1.902	4
1005	1.627	2.0	1.961	1.941	4
1006	1.647	1.882	1.882	1.922	4
1007	1.745	2.02	2.0	1.863	4
1008	1.725	1.922	1.961	1.882	4
1009	1.471	1.706	1.902	1.922	4
1010	1.49	1.765	1.941	1.941	4
1011	1.588	1.804	1.941	1.902	4
1012	1.667	1.784	1.941	1.804	4
1013	1.745	1.824	1.98	1.784	4
1014	1.784	1.843	2.039	1.824	4
1015	1.745	1.941	2.098	1.902	4
1016	1.706	1.98	2.078	2.0	4
1017	1.706	2.0	2.039	2.098	4
1018	1.725	2.02	2.02	2.098	4
1019	1.824	2.039	2.02	1.98	4
1020	1.784	2.059	2.02	1.902	4
1021	1.882	2.137	2.059	1.882	4
1022	1.98	1.98	2.0	1.922	4
1023	1.98	1.922	2.078	1.941	4
1024	2.078	2.098	2.275	2.039	4
1025	2.118	1.98	2.137	2.078	4
1026	1.961	1.686	2.02	2.039	4
1027	2.0	1.765	2.059	2.0	4
1028	2.137	1.765	2.059	1.961	4
1029	2.157	1.784	2.059	1.941	4
1030	2.098	1.745	1.98	1.961	4
1031	2.118	1.745	1.98	2.0	4
1032	2.118	1.843	2.078	2.059	4
1033	2.157	2.02	2.216	2.098	4
1034	2.157	2.0	2.098	2.039	4
1035	2.098	1.922	2.02	1.922	4
1036	2.098	1.922	2.02	1.882	4
1037	2.157	1.98	2.059	1.902	4
1038	2.196	1.961	2.0	1.961	4
1039	2.176	1.863	2.0	1.961	4
1040	2.176	1.863	2.039	1.98	4
1041	2.196	2.039	2.118	2.0	4
1042	2.176	1.922	2.039	2.0	4
1043	2.0	1.686	2.0	1.961	4
1044	2.098	1.765	2.02	1.922	4
1045	2.157	1.765	2.0	1.922	4
1046	2.059	1.725	1.98	1.882	4
1047	2.059	1.745	2.02	1.882	4
1048	2.176	1.824	2.02	1.882	4
1049	2.059	1.863	2.059	1.882	4
1050	2.0	1.922	2.098	1.922	4
1051	2.039	1.922	1.98	1.941	4
1052	1.961	1.843	1.824	1.941	4
1053	2.0	1.882	1.745	1.882	4
1054	2.02	1.941	1.882	1.843	4
1055	1.98	1.98	2.02	1.843	4
1056	1.98	1.863	2.059	1.863	4
1057	1.941	1.804	2.059	1.941	4
1058	2.039	1.961	2.098	2.0	4
1059	2.098	1.922	2.02	2.0	4
1060	1.882	1.686	1.922	1.882	4
1061	1.902	1.686	1.941	1.824	4
1062	1.961	1.784	2.02	1.824	4
1063	1.941	1.765	2.039	1.843	4
1064	1.902	1.824	2.098	1.922	4
1065	1.902	1.941	2.235	2.0	4
1066	1.902	2.02	2.216	2.098	4
1067	1.843	2.02	2.157	2.059	4
1068	1.843	2.078	2.176	2.0	4
1069	1.843	2.157	2.216	1.941	4
1070	1.824	2.157	2.255	1.941	4
1071	1.824	2.157	2.216	1.961	4
1072	1.902	2.216	2.216	1.98	4
1073	1.902	2.118	2.216	2.078	4
1074	1.843	2.039	2.255	2.216	4
1075	1.922	2.137	2.294	2.235	4
1076	1.98	2.059	2.235	2.118	4
1077	1.824	1.824	2.176	1.98	4
1078	1.824	1.863	2.196	1.902	4
1079	1.922	1.863	2.196	1.922	4
1080	1.922	1.784	2.098	2.02	4
1081	1.882	1.784	2.059	2.059	4
1082	1.902	1.784	2.0	2.059	4
1083	1.902	1.863	2.078	2.02	4
1084	1.902	1.863	2.059	2.0	4
1085	1.902	1.843	1.98	1.961	4
1086	1.902	1.882	2.02	1.941	4
1087	1.902	1.922	2.039	1.98	4
1088	1.882	1.863	1.941	1.961	4
1089	1.882	1.843	1.882	1.961	4
1090	1.941	1.824	1.922	1.902	4
1091	1.961	1.765	1.922	1.843	4
1092	2.0	1.863	2.02	1.902	4
1093	2.039	1.765	1.961	1.98	4
1094	1.863	1.49	1.863	1.961	4
1095	1.922	1.549	1.922	1.922	4
1096	1.961	1.647	2.0	1.922	4
1097	1.941	1.686	2.02	1.902	4
1098	1.922	1.667	1.98	1.882	4
1099	1.922	1.804	2.0	1.902	4
1100	1.922	1.843	1.98	1.941	4
1101	1.961	1.843	1.961	1.941	4
1102	2.0	1.843	2.039	1.902	4
1103	1.98	1.863	2.137	1.922	4
1104	1.882	1.824	2.0	1.902	4
1105	1.882	1.882	1.784	1.922	4
1106	1.961	2.0	1.569	1.941	4
1107	1.961	1.902	1.882	1.98	4
1108	1.98	1.804	2.235	1.98	4
1109	2.059	1.902	2.275	1.941	4
1110	2.059	1.882	2.059	1.882	4
1111	1.882	1.588	1.784	1.804	4
1112	1.922	1.667	1.765	1.784	4
1113	1.961	1.725	1.882	1.824	4
1114	1.922	1.725	1.922	1.882	4
1115	1.922	1.784	2.0	1.98	4
1116	1.961	1.804	2.059	2.0	4
1117	1.922	1.863	2.098	2.0	4
1118	1.941	1.922	2.098	1.941	4
1119	2.0	2.02	2.118	1.922	4
1120	2.0	2.118	2.176	1.961	4
1121	1.961	2.137	2.157	2.02	4
1122	1.941	2.118	2.157	2.0	4
1123	1.922	2.157	2.196	2.0	4
1124	1.922	2.118	2.255	2.0	4
1125	1.98	2.059	2.255	1.98	4
1126	2.059	2.176	2.333	2.02	4
1127	2.137	2.137	2.275	2.02	4
1128	1.961	1.863	2.176	1.98	4
1129	1.961	1.922	2.196	1.941	4
1130	2.0	1.941	2.216	1.98	4
1131	2.0	1.922	2.235	2.078	4
1132	2.039	1.922	2.196	2.078	4
1133	2.039	1.902	2.059	1.98	4
1134	1.98	1.961	2.098	1.902	4
1135	2.0	2.039	2.118	1.961	4
1136	2.0	2.02	2.059	2.02	4
1137	1.961	1.961	1.961	2.0	4
1138	1.922	2.0	1.98	1.961	4
1139	1.941	2.0	2.039	1.922	4
1140	1.961	2.039	1.98	1.941	4
1141	1.941	1.941	1.902	1.941	4
1142	1.941	1.922	1.941	1.961	4
1143	2.039	2.078	2.078	2.059	4
1144	2.078	1.941	2.039	2.118	4
1145	1.882	1.667	1.961	2.118	4
1146	1.941	1.725	2.0	2.039	4
1147	1.98	1.765	1.98	1.941	4
1148	1.98	1.745	2.02	1.863	4
1149	1.961	1.784	2.039	1.863	4
1150	1.922	1.804	2.0	1.882	4
1151	1.961	1.863	2.039	1.941	4
1152	1.98	1.941	2.098	2.039	4
1153	1.98	1.961	2.078	2.078	4
1154	1.961	1.922	2.039	2.02	4
1155	1.941	1.922	2.02	1.941	4
1156	1.922	1.941	2.0	1.902	4
1157	1.961	2.0	1.941	1.902	4
1158	1.961	1.922	2.039	1.941	4
1159	1.98	1.863	2.098	1.922	4
1160	2.039	1.941	2.118	1.98	4
1161	2.059	1.902	2.0	1.98	4
1162	1.902	1.608	1.882	1.902	4
1163	1.941	1.627	1.922	1.843	4
1164	2.0	1.686	1.961	1.863	4
1165	2.0	1.706	1.98	1.882	4
1166	1.961	1.706	2.02	1.922	4
1167	1.961	1.745	1.98	1.902	4
1168	1.98	1.765	1.902	1.882	4
1169	1.98	1.804	1.882	1.863	4
1170	2.0	1.882	1.961	1.863	4
1171	1.922	1.843	1.98	1.882	4
1172	1.882	1.882	1.98	1.941	4
1173	1.902	1.882	1.961	1.941	4
1174	1.961	1.922	1.961	1.941	4
1175	2.0	1.902	1.98	1.922	4
1176	2.0	1.784	1.98	1.902	4
1177	2.02	1.98	2.137	1.961	4
1178	2.078	1.98	2.078	1.98	4
1179	1.941	1.569	1.922	1.922	4
1180	1.961	1.667	2.02	1.863	4
1181	1.98	1.765	2.059	1.843	4
1182	1.961	1.784	2.137	1.902	4
1183	1.961	1.863	2.216	1.98	4
1184	2.0	1.922	2.196	2.039	4
1185	1.941	1.922	2.118	2.039	4
1186	1.941	1.961	2.059	1.961	4
1187	1.922	2.059	2.098	1.902	4
1188	1.902	2.039	2.118	1.902	4
1189	1.941	2.059	2.157	1.98	4
1190	2.0	2.137	2.235	2.039	4
1191	2.078	2.196	2.216	2.118	4
1192	2.0	2.118	2.196	2.098	4
1193	1.961	2.039	2.137	2.0	4
1194	1.961	2.137	2.176	2.0	4
1195	2.039	2.137	2.216	2.039	4
1196	1.882	1.804	2.118	2.02	4
1197	1.941	1.843	2.137	2.0	4
1198	2.02	1.941	2.176	2.0	4
1199	2.02	1.922	2.157	2.02	4
1200	2.0	1.882	2.098	2.039	4
1201	2.0	1.922	2.098	2.0	4
1202	2.0	1.98	2.098	1.961	4
1203	1.98	1.98	2.078	1.941	4
1204	1.98	2.0	2.059	1.922	4
1205	1.922	2.0	2.039	1.941	4
1206	1.922	2.02	2.02	1.98	4
1207	1.98	2.0	1.98	2.0	4
1208	1.98	1.961	1.98	1.98	4
1209	1.98	1.863	1.98	1.922	4
1210	1.941	1.843	2.0	1.882	4
1211	1.98	2.02	2.137	1.961	4
1212	2.039	1.961	1.961	2.0	4
1213	1.902	1.588	1.824	1.98	4
1214	1.922	1.647	1.882	1.902	4
1215	1.961	1.686	1.961	1.824	4
1216	1.961	1.667	1.961	1.804	4
1217	1.902	1.647	1.961	1.863	4
1218	1.941	1.667	1.863	1.902	4
1219	2.0	1.745	1.882	1.922	4
1220	2.02	1.784	1.922	1.922	4
1221	1.941	1.804	1.902	1.941	4
1222	1.941	1.804	1.902	1.863	4
1223	1.882	1.804	1.882	1.804	4
1224	1.941	1.843	1.902	1.765	4
1225	1.98	1.922	1.902	1.804	4
1226	1.902	1.843	1.922	1.863	4
1227	1.882	1.824	2.02	1.98	4
1228	2.0	1.98	2.216	2.098	4
1229	2.098	2.02	2.216	2.176	4
1230	1.961	1.725	2.059	2.098	4
1231	1.922	1.706	2.059	1.941	4
1232	2.0	1.824	2.078	1.824	4
1233	1.98	1.784	2.059	1.784	4
1234	1.902	1.863	2.176	1.863	4
1235	1.922	2.039	2.275	2.02	4
1236	1.941	2.059	2.235	2.176	4
1237	1.941	2.039	2.196	2.314	4
1238	1.961	2.059	2.176	2.294	4
1239	1.922	2.098	2.176	2.157	4
1240	1.922	2.118	2.157	1.98	4
1241	1.922	2.078	2.176	1.922	4
1242	1.941	2.118	2.196	1.941	4
1243	1.961	2.039	2.157	2.0	4
1244	1.941	1.882	2.078	2.039	4
1245	1.941	1.98	2.157	2.039	4
1246	2.02	1.98	2.059	2.039	4
1247	1.843	1.667	1.941	2.02	4
1248	1.882	1.667	1.961	1.961	4
1249	1.98	1.765	2.0	1.941	4
1250	2.02	1.745	2.039	1.922	4
1251	1.98	1.765	2.039	1.902	4
1252	1.882	1.745	1.961	1.863	4
1253	1.843	1.784	1.98	1.843	4
1254	1.902	1.882	2.039	1.941	4
1255	1.922	1.922	1.98	2.039	4
1256	1.922	1.902	1.941	2.039	4
1257	1.961	1.98	2.0	1.98	4
1258	1.961	2.039	2.078	1.961	4
1259	1.941	2.039	2.078	1.922	4
1260	1.922	2.0	2.039	1.941	4
1261	1.902	1.882	1.98	1.961	4
1262	1.98	1.98	2.098	2.0	4
1263	2.078	2.02	2.078	2.039	4
1264	1.922	1.686	1.961	1.98	4
1265	1.902	1.686	1.961	1.902	4
1266	1.98	1.765	1.961	1.882	4
1267	2.0	1.745	1.961	1.902	4
1268	1.941	1.725	2.039	1.961	4
1269	1.922	1.804	1.98	2.02	4
1270	1.941	1.843	1.922	1.98	4
1271	1.98	1.863	1.882	1.882	4
1272	1.961	1.922	1.843	1.843	4
1273	1.961	1.922	1.863	1.843	4
1274	1.922	1.941	1.882	1.922	4
1275	1.922	1.922	1.922	2.02	4
1276	1.98	1.941	1.961	2.078	4
1277	1.941	1.902	1.961	2.02	4
1278	1.922	1.824	1.863	1.922	4
1279	1.961	1.922	1.922	1.882	4
1280	2.098	2.0	2.0	1.922	4
1281	1.922	1.725	2.02	1.941	4
1282	1.941	1.725	2.059	1.941	4
1283	2.0	1.784	2.0	1.941	4
1284	1.961	1.784	1.961	1.941	4
1285	1.961	1.765	2.0	1.961	4
1286	1.961	1.882	2.039	1.98	4
1287	1.941	1.922	2.059	1.961	4
1288	1.98	1.98	2.059	1.961	4
1289	1.941	2.0	2.078	1.961	4
1290	1.902	2.02	2.137	2.0	4
1291	1.941	2.078	2.118	2.039	4
1292	1.941	2.02	2.039	2.02	4
1293	1.941	2.02	2.02	1.961	4
1294	1.941	1.98	2.059	1.961	4
1295	1.902	1.941	2.098	2.0	4
1296	1.941	2.059	2.235	2.078	4
1297	2.059	2.059	2.157	2.118	4
1298	1.902	1.686	2.0	2.039	4
1299	1.941	1.765	2.078	1.922	4
1300	1.961	1.843	2.098	1.902	4
1301	1.961	1.765	2.059	1.922	4
1302	2.0	1.765	2.098	1.941	4
1303	2.0	1.824	2.059	1.941	4
1304	1.902	1.882	2.098	2.0	4
1305	1.941	1.902	2.137	2.0	4
1306	1.98	1.98	2.137	1.961	4
1307	1.941	2.0	2.176	1.902	4
1308	1.961	2.02	2.157	1.941	4
1309	1.902	2.0	2.118	1.98	4
1310	1.941	2.0	2.078	1.98	4
1311	2.039	1.882	2.02	1.922	4
1312	2.0	1.843	2.039	1.882	4
1313	2.02	1.961	2.216	1.922	4
1314	2.078	2.0	2.216	2.0	4
1315	1.882	1.647	2.0	2.0	4
1316	1.922	1.627	2.0	1.902	4
1317	2.0	1.686	2.0	1.843	4
1318	1.98	1.686	2.0	1.843	4
1319	1.961	1.706	2.059	1.902	4
1320	1.961	1.765	2.039	1.98	4
1321	1.941	1.804	2.059	2.0	4
1322	1.98	1.843	2.02	2.039	4
1323	1.98	1.863	1.961	1.961	4
1324	1.961	1.863	1.98	1.882	4
1325	1.941	1.941	2.0	1.882	4
1326	1.922	1.902	1.98	1.902	4
1327	1.941	1.941	2.02	1.941	4
1328	1.961	1.961	2.078	2.0	4
1329	1.98	1.902	2.059	2.0	4
1330	2.0	2.0	2.196	2.0	4
1331	2.098	2.039	2.196	2.039	4
1332	1.922	1.706	2.02	1.961	4
1333	1.902	1.686	2.039	1.902	4
1334	1.98	1.784	2.059	1.902	4
1335	2.0	1.843	2.098	1.902	4
1336	1.98	1.824	2.137	1.941	4
1337	1.98	1.843	2.098	1.941	4
1338	1.961	1.863	2.078	1.98	4
1339	1.98	1.922	2.118	1.961	4
1340	1.961	2.02	2.098	1.961	4
1341	1.922	1.98	2.078	1.941	4
1342	1.941	1.98	2.039	1.941	4
1343	1.922	2.039	2.0	1.961	4
1344	1.98	1.961	1.922	1.922	4
1345	2.0	1.902	2.02	1.882	4
1346	1.941	1.902	2.078	1.882	4
1347	1.941	1.922	2.137	1.941	4
1348	2.059	2.02	2.078	1.98	4
1349	1.941	1.686	1.902	1.961	4
1350	1.922	1.667	1.922	1.922	4
1351	1.98	1.745	1.98	1.902	4
1352	1.98	1.745	1.961	1.882	4
1353	1.98	1.745	1.961	1.824	4
1354	2.0	1.824	2.0	1.863	4
1355	1.922	1.902	2.02	1.902	4
1356	1.941	1.882	2.0	1.98	4
1357	1.961	1.922	1.98	2.0	4
1358	1.941	1.902	1.941	1.941	4
1359	1.98	1.961	1.98	1.922	4
1360	1.961	1.98	2.02	1.941	4
1361	1.941	2.02	2.039	1.961	4
1362	1.961	2.0	2.078	2.0	4
1363	1.922	1.922	2.059	2.0	4
1364	1.922	1.961	2.137	2.02	4
1365	2.078	2.059	2.176	2.059	4
1366	1.922	1.725	1.98	2.0	4
1367	1.902	1.686	2.02	1.922	4
1368	1.961	1.824	2.118	1.902	4
1369	2.0	1.843	2.078	1.941	4
1370	1.941	1.804	2.098	1.98	4
1371	1.941	1.882	2.098	2.0	4
1372	1.941	1.941	2.098	1.98	4
1373	1.961	2.0	2.098	2.02	4
1374	1.922	2.039	2.098	1.98	4
1375	1.902	2.0	2.059	1.941	4
1376	1.922	2.0	2.039	1.882	4
1377	1.902	2.0	2.039	1.922	4
1378	1.922	2.02	2.039	1.98	4
1379	1.98	1.98	2.098	2.0	4
1380	1.961	1.902	2.059	1.98	4
1381	1.941	1.941	2.118	1.902	4
1382	2.059	2.0	2.118	1.922	4
1383	1.941	1.686	1.922	1.922	4
1384	1.863	1.647	1.961	1.941	4
1385	1.902	1.765	2.039	2.0	4
1386	1.882	1.765	2.02	2.0	4
1387	1.922	1.706	2.0	1.961	4
1388	2.0	1.804	2.059	1.922	4
1389	2.0	1.843	2.0	1.902	4
1390	1.961	1.902	2.039	1.882	4
1391	1.941	1.941	2.039	1.941	4
1392	1.922	1.922	2.0	1.961	4
1393	1.961	2.0	2.039	1.941	4
1394	1.941	1.941	2.0	1.941	4
1395	1.922	2.0	2.059	1.98	4
1396	1.961	1.98	2.059	2.039	4
1397	1.961	1.902	2.02	2.039	4
1398	2.0	1.922	2.118	1.98	4
1399	2.098	2.0	2.137	1.941	4
1400	2.0	1.745	2.039	1.882	4
1401	1.941	1.725	2.059	1.882	4
1402	1.961	1.745	2.078	1.902	4
1403	2.0	1.804	2.078	1.961	4
1404	2.0	1.804	2.059	1.961	4
1405	2.039	1.745	1.961	1.941	4
1406	1.961	1.843	2.02	1.922	4
1407	1.922	1.941	2.098	1.941	4
1408	1.961	2.0	2.118	2.0	4
1409	1.941	1.961	2.059	1.961	4
1410	1.961	1.98	2.02	1.961	4
1411	1.922	1.941	2.0	1.98	4
1412	1.922	1.961	2.0	1.98	4
1413	1.941	1.922	2.0	1.941	4
1414	1.941	1.843	1.98	1.941	4
1415	1.961	1.902	2.059	1.941	4
1416	2.078	1.98	2.078	1.961	4
1417	1.922	1.667	1.902	1.941	4
1418	1.882	1.647	1.961	1.863	4
1419	1.98	1.706	1.98	1.843	4
1420	1.98	1.725	1.961	1.843	4
1421	1.941	1.706	1.961	1.902	4
1422	1.941	1.765	1.902	1.941	4
1423	1.922	1.765	1.882	1.961	4
1424	1.922	1.882	2.0	1.98	4
1425	1.922	1.922	2.039	1.98	4
1426	1.902	1.941	2.02	1.961	4
1427	1.922	2.02	2.02	1.941	4
1428	1.922	2.02	2.0	1.961	4
1429	1.902	2.02	1.941	1.941	4
1430	1.941	1.941	1.961	1.922	4
1431	1.922	1.922	2.039	1.961	4
1432	1.961	2.0	2.176	2.02	4
1433	2.078	2.078	2.196	2.059	4
1434	1.902	1.824	2.098	2.059	4
1435	1.882	1.784	2.118	2.059	4
1436	1.941	1.863	2.098	2.059	4
1437	1.961	1.902	2.118	2.039	4
1438	1.922	1.843	2.098	2.0	4
1439	1.961	1.863	2.078	1.941	4
1440	1.961	1.941	2.137	1.961	4
1441	1.941	2.0	2.137	1.941	4
1442	1.961	2.02	2.118	1.98	4
1443	1.882	2.0	2.098	2.02	4
1444	1.922	2.039	2.098	2.039	4
1445	1.902	1.98	2.039	2.02	4
1446	1.922	1.961	2.02	2.0	4
1447	1.961	1.961	2.039	1.98	4
1448	1.922	1.863	2.039	2.0	4
1449	1.922	1.922	2.176	2.02	4
1450	2.059	2.0	2.137	2.02	4
1451	1.902	1.686	1.941	1.961	4
1452	1.843	1.647	1.922	1.882	4
1453	1.922	1.725	2.039	1.863	4
1454	1.98	1.784	2.078	1.941	4
1455	1.98	1.765	2.059	1.98	4
1456	1.98	1.804	2.039	2.02	4
1457	1.941	1.843	2.039	1.98	4
1458	2.0	1.882	2.059	1.98	4
1459	1.961	1.941	2.059	1.98	4
1460	1.941	1.961	2.059	1.961	4
1461	1.961	2.02	2.098	1.961	4
1462	1.922	2.0	2.118	2.0	4
1463	1.941	2.02	2.059	2.039	4
1464	2.0	1.961	2.039	2.0	4
1465	1.98	1.882	2.039	1.98	4
1466	1.922	1.902	2.118	1.98	4
1467	2.078	2.0	2.176	2.02	4
1468	1.98	1.745	2.02	2.02	4
1469	1.922	1.667	2.039	1.961	4
1470	2.039	1.745	2.059	1.882	4
1471	1.98	1.745	2.059	1.922	4
1472	1.922	1.725	2.02	1.961	4
1473	1.961	1.824	2.02	1.961	4
1474	1.98	1.863	2.02	1.961	4
1475	2.02	1.902	2.039	1.961	4
1476	1.961	1.882	2.02	1.941	4
1477	1.941	1.882	1.98	1.922	4
1478	1.941	1.961	1.98	1.902	4
1479	1.922	1.98	2.039	1.922	4
1480	1.941	2.039	2.039	1.961	4
1481	1.98	1.941	2.0	1.961	4
1482	1.98	1.882	2.0	1.941	4
1483	2.02	1.902	2.078	1.941	4
1484	2.078	1.961	2.098	1.961	4
1485	1.922	1.667	1.961	1.941	4
1486	1.922	1.667	1.961	1.902	4
1487	2.0	1.765	2.0	1.863	4
1488	2.039	1.804	2.02	1.882	4
1489	1.98	1.765	2.02	1.922	4
1490	1.961	1.784	2.0	1.941	4
1491	1.902	1.824	1.98	1.922	4
1492	1.922	1.941	2.039	1.941	4
1493	2.0	2.02	2.039	1.941	4
1494	1.941	1.941	2.02	1.961	4
1495	1.941	1.98	2.02	1.961	4
1496	1.941	1.98	2.039	1.961	4
1497	1.98	2.02	2.02	1.941	4
1498	2.02	2.02	2.039	1.922	4
1499	2.0	1.922	2.059	1.941	4
1500	1.922	1.882	2.118	2.0	4
1501	2.0	2.039	2.157	2.039	4
1502	1.922	1.745	2.0	2.02	4
1503	1.863	1.725	2.0	1.961	4
1504	2.0	1.824	2.078	1.902	4
1505	2.078	1.843	2.098	1.882	4
1506	2.039	1.804	2.078	1.902	4
1507	2.02	1.843	2.039	1.941	4
1508	1.961	1.863	2.039	1.961	4
1509	1.941	1.922	2.098	2.0	4
1510	2.0	2.02	2.098	1.961	4
1511	2.0	2.02	2.059	1.941	4
1512	1.941	2.039	2.059	1.902	4
1513	1.922	2.0	2.059	1.922	4
1514	2.02	2.059	2.059	1.961	4
1515	2.039	2.02	2.059	1.98	4
1516	2.02	1.941	2.078	2.0	4
1517	1.98	1.98	2.157	1.98	4
1518	2.078	2.078	2.196	1.961	4
1519	2.02	1.765	2.0	1.882	4
1520	1.961	1.706	2.02	1.863	4
1521	2.0	1.804	2.078	1.902	4
1522	2.0	1.824	2.118	2.039	4
1523	1.98	1.784	2.078	2.078	4
1524	2.02	1.843	2.039	2.0	4
1525	2.02	1.902	2.059	1.902	4
1526	1.98	1.961	2.098	1.902	4
1527	1.941	1.941	2.059	1.922	4
1528	1.922	1.98	2.059	1.98	4
1529	1.941	2.02	2.059	2.0	4
1530	1.961	1.98	2.059	2.02	4
1531	1.98	2.0	2.02	1.98	4
1532	2.0	1.98	2.02	1.961	4
1533	1.98	1.902	2.039	1.961	4
1534	1.961	1.882	2.137	2.02	4
1535	2.059	2.02	2.196	2.059	4
1536	1.98	1.725	2.0	2.039	4
1537	1.922	1.667	1.961	1.941	4
1538	2.0	1.765	2.02	1.863	4
1539	2.02	1.784	2.078	1.863	4
1540	1.98	1.745	2.059	1.902	4
1541	2.0	1.824	2.059	1.941	4
1542	2.0	1.863	2.039	1.961	4
1543	2.0	1.922	2.078	1.98	4
1544	1.98	1.941	2.078	1.961	4
1545	1.961	1.922	2.059	1.961	4
1546	1.961	1.961	2.039	1.961	4
1547	1.98	1.941	2.039	1.922	4
1548	1.98	2.0	2.059	1.941	4
1549	1.98	1.98	2.059	1.941	4
1550	1.98	1.863	2.059	1.941	4
1551	1.98	1.843	2.118	1.961	4
1552	2.078	1.961	2.157	2.0	4
1553	1.98	1.706	1.98	1.98	4
1554	1.902	1.647	2.0	1.922	4
1555	1.961	1.725	2.059	1.882	4
1556	1.98	1.745	2.059	1.882	4
1557	1.98	1.706	2.039	1.922	4
1558	1.98	1.804	2.039	1.922	4
1559	1.961	1.784	2.039	1.941	4
1560	1.98	1.843	2.039	1.961	4
1561	1.961	1.902	2.02	1.922	4
1562	1.922	1.882	2.0	1.922	4
1563	1.922	1.922	2.0	1.922	4
1564	1.961	1.882	2.02	1.961	4
1565	1.961	1.941	2.059	1.961	4
1566	1.961	1.922	2.039	1.941	4
1567	1.902	1.882	2.059	1.941	4
1568	1.941	1.922	2.118	1.961	4
1569	2.118	2.02	2.157	2.02	4
1570	2.0	1.667	1.882	1.941	4
1571	1.902	1.588	1.922	1.863	4
1572	1.941	1.725	2.0	1.863	4
1573	1.961	1.745	2.039	1.922	4
1574	1.98	1.784	2.059	1.98	4
1575	2.02	1.882	2.039	2.0	4
1576	2.0	1.902	2.059	1.961	4
1577	2.0	1.98	2.059	1.961	4
1578	1.961	1.98	2.02	1.961	4
1579	1.941	1.961	1.98	1.961	4
1580	1.961	2.039	2.0	1.961	4
1581	1.98	2.059	2.039	2.0	4
1582	2.0	2.059	2.02	2.039	4
1583	2.0	2.039	1.98	2.059	4
1584	1.98	1.98	2.0	2.02	4
1585	2.0	1.98	2.078	2.039	4
1586	2.118	2.118	2.118	2.078	4
1587	2.0	1.843	1.98	2.078	4
1588	1.941	1.745	1.941	2.039	4
1589	2.0	1.784	1.961	2.0	4
1590	2.059	1.863	2.02	2.0	4
1591	2.02	1.882	2.02	2.02	4
1592	2.0	1.902	2.0	2.078	4
1593	2.0	1.922	1.961	2.098	4
1594	2.02	2.02	2.0	2.098	4
1595	1.961	2.059	2.02	2.098	4
1596	1.922	2.039	2.039	2.078	4
1597	1.961	2.059	1.98	2.078	4
1598	1.98	2.039	1.961	2.039	4
1599	1.98	2.039	1.961	2.059	4
1600	1.961	2.078	2.0	2.098	4
1601	1.961	2.0	2.02	2.098	4
1602	1.98	1.941	2.078	2.098	4
1603	2.098	2.059	2.137	2.098	4
1604	1.98	1.824	2.02	2.059	4
1605	1.882	1.725	2.0	2.02	4
1606	1.961	1.765	1.98	1.961	4
1607	2.0	1.804	2.02	1.941	4
1608	2.0	1.804	2.098	2.02	4
1609	1.98	1.882	2.078	2.059	4
1610	1.941	1.863	2.059	2.0	4
1611	1.961	1.922	2.078	1.98	4
1612	1.961	1.98	2.078	1.922	4
1613	1.941	1.961	2.078	1.902	4
1614	1.902	2.0	2.078	1.941	4
1615	1.922	1.98	2.098	1.98	4
1616	1.961	2.0	2.098	1.961	4
1617	1.98	1.961	2.059	1.902	4
1618	1.961	1.922	2.098	1.882	4
1619	1.961	1.902	2.216	1.922	4
1620	2.039	2.039	2.235	1.961	4
1621	1.961	1.745	2.039	1.902	4
1622	1.941	1.686	2.039	1.824	4
1623	2.0	1.804	2.098	1.784	4
1624	2.02	1.804	2.118	1.784	4
1625	2.0	1.765	2.118	1.824	4
1626	2.02	1.804	2.098	1.824	4
1627	2.0	1.843	2.098	1.824	4
1628	2.039	1.922	2.157	1.863	4
1629	2.0	1.961	2.137	1.863	4
1630	1.961	1.961	2.098	1.824	4
1631	1.941	2.0	2.078	1.824	4
1632	1.941	2.0	2.059	1.824	4
1633	1.961	1.961	2.078	1.824	4
1634	2.0	1.961	2.078	1.843	4
1635	2.02	1.902	2.098	1.824	4
1636	2.02	1.863	2.176	1.843	4
1637	2.118	2.0	2.216	1.902	4
1638	2.0	1.725	2.039	1.882	4
1639	1.882	1.647	2.02	1.824	4
1640	1.941	1.706	2.059	1.804	4
1641	1.98	1.765	2.078	1.804	4
1642	1.98	1.725	2.059	1.843	4
1643	1.941	1.765	2.059	1.882	4
1644	1.922	1.824	2.059	1.882	4
1645	1.961	1.902	2.078	1.902	4
1646	1.922	1.902	2.039	1.902	4
1647	1.882	1.882	2.059	1.902	4
1648	1.882	1.941	2.039	1.922	4
1649	1.902	1.941	2.02	1.922	4
1650	1.882	1.961	2.039	1.961	4
1651	1.902	1.98	2.039	1.961	4
1652	1.882	1.824	2.0	1.98	4
1653	1.882	1.804	2.059	1.98	4
1654	1.98	2.0	2.157	2.02	4
1655	1.902	1.765	1.98	2.039	4
1656	1.804	1.647	1.961	1.98	4
1657	1.902	1.686	2.0	1.941	4
1658	1.941	1.784	2.02	1.961	4
1659	1.863	1.706	2.0	2.0	4
1660	1.824	1.765	2.0	2.039	4
1661	1.824	1.784	1.98	2.059	4
1662	1.863	1.863	2.0	2.059	4
1663	1.863	1.902	2.0	2.02	4
1664	1.843	1.922	2.0	2.02	4
1665	1.824	1.941	1.98	2.059	4
1666	1.824	1.941	1.98	2.078	4
1667	1.824	1.961	2.0	2.098	4
1668	1.882	1.961	2.0	2.078	4
1669	1.843	1.902	1.961	2.059	4
1670	1.843	1.804	2.039	2.059	4
1671	1.961	1.961	2.078	2.118	4
1672	1.882	1.765	1.941	2.098	4
1673	1.784	1.667	1.941	2.059	4
1674	1.863	1.725	1.98	2.02	4
1675	1.902	1.765	1.98	2.0	4
1676	1.882	1.784	2.0	2.02	4
1677	1.902	1.863	2.0	2.02	4
1678	1.902	1.882	2.0	2.0	4
1679	1.882	1.902	2.02	2.0	4
1680	1.863	1.961	1.98	2.02	4
1681	1.863	1.961	1.961	2.0	4
1682	1.922	2.0	1.961	2.039	4
1683	1.941	2.02	1.98	2.039	4
1684	1.902	2.02	2.0	2.02	4
1685	1.922	2.02	1.98	2.0	4
1686	1.902	1.941	1.961	1.941	4
1687	1.902	1.902	2.02	1.961	4
1688	2.02	2.02	2.039	2.02	4
1689	1.941	1.784	1.902	2.0	4
1690	1.863	1.706	1.922	1.922	4
1691	1.961	1.784	1.98	1.902	4
1692	2.0	1.784	1.961	1.922	4
1693	1.98	1.765	2.0	1.941	4
1694	1.961	1.804	1.98	1.941	4
1695	1.961	1.843	1.98	1.922	4
1696	1.941	1.902	2.039	1.902	4
1697	1.922	1.941	2.0	1.902	4
1698	1.922	1.961	2.02	1.902	4
1699	1.922	2.0	2.02	1.902	4
1700	1.922	1.98	2.0	1.902	4
1701	1.961	2.0	2.02	1.882	4
1702	2.0	2.0	2.039	1.902	4
1703	1.98	1.922	2.02	1.902	4
1704	1.961	1.863	2.059	1.882	4
1705	2.118	2.02	2.157	1.922	4
1706	2.02	1.784	2.02	1.902	4
1707	1.922	1.686	2.02	1.843	4
1708	2.0	1.765	2.078	1.824	4
1709	2.0	1.804	2.098	1.843	4
1710	1.98	1.765	2.078	1.863	4
1711	1.98	1.804	2.039	1.882	4
1712	1.98	1.843	2.059	1.863	4
1713	2.0	1.882	2.078	1.843	4
1714	1.98	1.961	2.078	1.843	4
1715	1.961	1.961	2.039	1.863	4
1716	1.941	1.98	2.078	1.882	4
1717	1.98	1.98	2.039	1.902	4
1718	1.98	1.961	2.039	1.882	4
1719	1.961	1.961	2.039	1.863	4
1720	1.941	1.902	2.039	1.863	4
1721	1.961	1.824	2.059	1.863	4
1722	2.078	1.961	2.137	1.941	4
1723	2.02	1.784	2.0	1.941	4
1724	1.941	1.667	1.98	1.863	4
1725	2.02	1.745	2.078	1.824	4
1726	2.02	1.765	2.078	1.824	4
1727	1.98	1.706	2.039	1.804	4
1728	1.98	1.765	2.059	1.843	4
1729	1.98	1.843	2.039	1.882	4
1730	2.0	1.902	2.078	1.902	4
1731	1.961	1.922	2.059	1.922	4
1732	1.961	1.922	2.039	1.922	4
1733	1.98	1.941	2.059	1.902	4
1734	1.961	1.961	2.078	1.902	4
1735	1.98	1.941	2.078	1.902	4
1736	2.02	1.961	2.078	1.902	4
1737	2.0	1.902	2.059	1.882	4
1738	2.0	1.863	2.118	1.922	4
1739	2.118	2.039	2.235	1.98	4
1740	2.039	1.765	2.039	2.0	4
1741	1.922	1.608	2.0	1.922	4
1742	1.98	1.706	2.078	1.882	4
1743	2.02	1.784	2.118	1.882	4
1744	2.02	1.745	2.137	1.902	4
1745	2.0	1.765	2.078	1.941	4
1746	1.961	1.784	2.059	1.941	4
1747	1.98	1.882	2.098	1.922	4
1748	1.961	1.882	2.078	1.941	4
1749	1.961	1.902	2.078	1.941	4
1750	1.98	1.941	2.059	1.922	4
1751	2.0	1.922	2.039	1.922	4
1752	1.922	1.902	2.039	1.922	4
1753	1.961	1.922	2.059	1.922	4
1754	1.98	1.843	2.039	1.941	4
1755	1.98	1.784	2.078	1.941	4
1756	2.098	1.961	2.176	1.98	4
1757	2.0	1.765	2.02	1.98	4
1758	1.863	1.627	2.0	1.922	4
1759	1.922	1.686	2.059	1.902	4
1760	1.961	1.745	2.059	1.882	4
1761	1.961	1.725	2.078	1.922	4
1762	1.98	1.784	2.098	1.961	4
1763	1.941	1.824	2.039	1.98	4
1764	1.941	1.863	2.059	1.941	4
1765	1.922	1.922	2.059	1.961	4
1766	1.882	1.98	2.059	1.98	4
1767	1.843	2.02	2.098	2.0	4
1768	1.863	2.02	2.078	2.039	4
1769	1.902	1.98	2.039	2.0	4
1770	1.922	1.961	2.02	1.98	4
1771	1.824	1.922	2.039	1.98	4
1772	1.824	1.863	2.059	2.02	4
1773	1.961	2.0	2.137	2.059	4
1774	1.961	1.843	2.02	2.059	4
1775	1.843	1.745	2.02	2.0	4
1776	1.882	1.765	2.039	1.98	4
1777	1.941	1.765	2.0	1.961	4
1778	1.882	1.745	2.02	1.98	4
1779	1.843	1.843	2.02	2.02	4
1780	1.843	1.863	2.0	2.039	4
1781	1.882	1.941	2.059	2.039	4
1782	1.882	1.941	2.02	2.039	4
1783	1.882	1.961	2.0	2.02	4
1784	1.882	1.98	2.0	2.0	4
1785	1.882	1.98	2.0	2.02	4
1786	1.863	1.98	1.98	2.039	4
1787	1.902	2.0	1.98	2.02	4
1788	1.922	1.941	1.98	2.02	4
1789	1.882	1.902	2.02	2.02	4
1790	2.0	2.039	2.118	2.059	4
1791	1.961	1.882	2.0	2.078	4
1792	1.824	1.745	1.941	2.0	4
1793	1.922	1.765	1.961	1.941	4
1794	1.961	1.824	1.98	1.941	4
1795	1.922	1.804	2.0	1.98	4
1796	1.922	1.863	1.98	2.039	4
1797	1.922	1.902	2.0	2.02	4
1798	1.941	2.039	2.078	2.039	4
1799	1.922	2.059	2.059	2.039	4
1800	1.941	2.02	1.98	2.02	4
1801	1.961	2.059	2.0	1.98	4
1802	1.961	2.039	2.0	2.0	4
1803	1.941	2.059	2.02	2.02	4
1804	1.98	2.078	2.039	2.039	4
1805	1.961	2.02	2.039	2.039	4
1806	1.961	1.941	2.059	2.059	4
1807	2.137	2.098	2.137	2.039	4
1808	2.059	1.902	2.02	2.02	4
1809	1.941	1.745	2.0	1.98	4
1810	2.02	1.804	2.039	1.941	4
1811	2.059	1.882	2.078	1.941	4
1812	2.02	1.863	2.078	1.961	4
1813	2.02	1.863	2.078	2.0	4
1814	2.0	1.882	2.039	1.98	4
1815	2.0	1.941	2.078	1.941	4
1816	2.039	2.0	2.098	1.961	4
1817	2.02	2.039	2.098	1.961	4
1818	2.0	2.0	2.098	1.98	4
1819	2.0	1.98	2.098	1.98	4
1820	2.0	2.0	2.098	1.961	4
1821	2.039	2.02	2.118	1.941	4
1822	2.02	1.941	2.118	1.961	4
1823	2.02	1.863	2.137	1.941	4
1824	2.157	2.02	2.196	1.961	4
1825	2.118	1.843	2.078	1.941	4
1826	1.961	1.725	2.098	1.902	4
1827	2.0	1.765	2.157	1.902	4
1828	2.02	1.804	2.157	1.941	4
1829	2.02	1.765	2.157	1.961	4
1830	2.059	1.784	2.137	1.941	4
1831	1.98	1.863	2.137	1.922	4
1832	1.961	1.941	2.216	1.902	4
1833	2.0	1.98	2.157	1.941	4
1834	2.02	1.98	2.137	1.941	4
1835	2.0	2.02	2.157	1.961	4
1836	1.98	1.98	2.157	1.98	4
1837	1.961	2.02	2.157	2.0	4
1838	2.0	2.02	2.137	2.0	4
1839	1.98	1.902	2.098	1.98	4
1840	1.961	1.843	2.098	1.961	4
1841	2.098	1.98	2.216	2.02	4
1842	2.098	1.804	2.098	2.02	4
1843	1.961	1.608	2.02	1.961	4
1844	2.0	1.647	2.059	1.922	4
1845	2.02	1.706	2.078	1.922	4
1846	2.0	1.706	2.078	1.941	4
1847	2.0	1.804	2.098	1.98	4
1848	2.0	1.843	2.059	2.02	4
1849	2.0	1.863	2.059	2.02	4
1850	2.039	1.843	2.02	1.98	4
1851	2.02	1.882	2.0	1.98	4
1852	1.961	1.941	2.02	1.961	4
1853	1.98	1.941	2.0	1.98	4
1854	1.961	1.961	2.0	2.02	4
1855	1.98	2.0	2.0	2.039	4
1856	2.0	1.922	1.98	2.039	4
1857	2.02	1.882	2.0	2.039	4
1858	2.118	2.039	2.118	2.039	4
1859	2.039	1.941	2.039	2.078	4
1860	1.882	1.706	1.922	2.078	4
1861	1.98	1.725	1.961	2.0	4
1862	2.0	1.784	1.98	1.98	4
1863	1.941	1.804	2.0	2.0	4
1864	1.961	1.824	1.98	2.02	4
1865	1.961	1.824	1.922	2.02	4
1866	2.0	1.843	1.941	1.98	4
1867	2.0	1.941	2.0	1.98	4
1868	1.98	1.961	1.961	2.02	4
1869	1.941	2.0	1.98	2.02	4
1870	1.961	2.039	2.02	2.059	4
1871	1.922	2.078	2.02	2.078	4
1872	1.941	2.039	1.98	2.059	4
1873	1.843	1.941	2.0	2.059	4
1874	1.882	1.902	2.0	2.039	4
1875	2.176	2.059	2.118	2.02	4
1876	2.118	1.902	1.98	2.02	4
1877	1.863	1.686	1.941	1.961	4
1878	1.902	1.765	2.0	1.922	4
1879	1.961	1.824	2.02	1.941	4
1880	1.941	1.843	2.059	1.961	4
1881	1.922	1.882	2.078	2.02	4
1882	1.902	1.922	2.059	2.039	4
1883	1.961	1.961	2.078	2.039	4
1884	1.961	1.961	2.059	1.961	4
1885	1.98	1.98	2.02	1.941	4
1886	1.941	2.02	2.02	1.902	4
1887	1.902	2.02	2.039	1.922	4
1888	1.902	1.98	2.0	1.941	4
1889	1.941	2.0	1.98	1.922	4
1890	1.961	1.941	2.02	1.922	4
1891	1.922	1.902	2.02	1.961	4
1892	2.078	2.039	2.118	1.961	4
1893	2.078	1.882	1.98	1.941	4
1894	1.902	1.686	1.922	1.863	4
1895	1.961	1.725	1.98	1.824	4
1896	2.0	1.765	1.98	1.843	4
1897	1.961	1.706	1.961	1.843	4
1898	1.941	1.745	1.961	1.843	4
1899	1.922	1.843	1.961	1.882	4
1900	1.941	1.922	2.0	1.922	4
1901	1.961	1.961	2.02	1.902	4
1902	1.98	2.0	1.961	1.902	4
1903	1.941	2.0	1.961	1.882	4
1904	1.922	1.961	1.961	1.882	4
1905	1.863	1.961	1.941	1.902	4
1906	1.941	2.02	1.98	1.902	4
1907	1.98	1.961	1.961	1.882	4
1908	1.98	1.941	1.98	1.882	4
1909	2.078	2.157	2.118	1.922	4
1910	2.039	1.961	2.0	1.961	4
1911	1.863	1.765	1.941	1.941	4
1912	1.941	1.784	1.961	1.882	4
1913	1.98	1.824	1.98	1.843	4
1914	2.0	1.863	2.039	1.863	4
1915	1.98	1.922	2.059	1.922	4
1916	1.902	1.941	2.02	1.961	4
1917	1.941	1.961	2.02	1.941	4
1918	1.98	1.961	2.0	1.902	4
1919	1.961	1.961	1.98	1.882	4
1920	1.922	1.941	1.941	1.882	4
1921	1.922	1.922	1.941	1.863	4
1922	1.922	1.941	1.961	1.902	4
1923	1.961	1.98	1.961	1.922	4
1924	1.941	1.843	1.941	1.922	4
1925	1.941	1.784	1.941	1.922	4
1926	2.039	1.941	2.039	1.922	4
1927	2.059	1.843	1.961	1.922	4
1928	1.843	1.608	1.882	1.902	4
1929	1.902	1.686	1.98	1.902	4
1930	2.0	1.745	2.02	1.922	4
1931	2.0	1.725	1.98	1.941	4
1932	1.902	1.725	1.941	1.922	4
1933	1.882	1.725	1.902	1.902	4
1934	1.941	1.824	1.98	1.882	4
1935	1.98	1.922	2.0	1.902	4
1936	2.0	2.0	2.02	1.961	4
1937	1.98	2.059	2.059	1.98	4
1938	1.941	2.02	2.059	2.02	4
1939	1.922	2.0	2.039	2.039	4
1940	1.98	2.02	2.02	2.0	4
1941	1.961	1.922	2.0	1.941	4
1942	1.941	1.882	2.02	1.902	4
1943	2.078	2.039	2.118	1.98	4
1944	2.059	1.902	2.02	1.98	4
1945	1.863	1.686	1.961	1.941	4
1946	1.882	1.765	2.039	1.922	4
1947	1.98	1.784	2.039	1.902	4
1948	2.0	1.745	2.0	1.902	4
1949	1.98	1.784	2.0	1.882	4
1950	1.961	1.804	1.98	1.882	4
1951	1.941	1.922	2.059	1.882	4
1952	1.941	1.922	2.0	1.902	4
1953	1.902	1.902	1.961	1.922	4
1954	1.902	1.961	2.0	1.922	4
1955	1.941	2.02	2.039	1.922	4
1956	1.922	1.98	2.0	1.941	4
1957	1.922	1.902	1.902	1.922	4
1958	1.902	1.804	1.922	1.863	4
1959	1.922	1.784	1.98	1.863	4
1960	2.098	2.059	2.157	1.941	4
1961	2.137	1.902	2.078	2.0	4
1962	1.941	1.667	2.0	1.98	4
1963	1.98	1.706	2.02	1.902	4
1964	2.039	1.784	2.078	1.863	4
1965	2.059	1.765	2.098	1.902	4
1966	2.02	1.784	2.098	1.941	4
1967	1.98	1.725	2.0	1.941	4
1968	1.961	1.765	2.039	1.922	4
1969	2.0	1.863	2.098	1.922	4
1970	2.02	1.902	2.098	1.941	4
1971	1.98	1.882	2.039	1.961	4
1972	1.98	1.922	2.078	1.98	4
1973	2.0	1.882	2.078	2.0	4
1974	2.02	1.922	2.098	1.98	4
1975	2.02	1.824	2.098	1.98	4
1976	2.02	1.765	2.078	1.941	4
1977	2.078	1.922	2.157	1.98	4
1978	2.098	1.804	2.098	2.0	4
1979	1.922	1.647	2.098	2.0	4
1980	2.02	1.725	2.157	2.0	4
1981	2.098	1.686	2.059	1.961	4
1982	2.02	1.608	2.02	1.941	4
1983	1.941	1.667	2.059	1.961	4
1984	1.98	1.745	2.078	1.961	4
1985	2.02	1.804	2.118	1.961	4
1986	2.039	1.882	2.137	1.98	4
1987	2.039	1.941	2.137	1.98	4
1988	1.98	1.922	2.118	1.98	4
1989	1.961	1.922	2.098	2.0	4
1990	1.961	1.902	2.098	2.0	4
1991	2.02	1.902	2.059	1.961	4
1992	1.961	1.804	2.059	1.922	4
1993	1.941	1.725	2.098	1.902	4
1994	2.059	1.922	2.196	1.98	4
1995	2.098	1.824	2.118	2.02	4
1996	1.922	1.529	1.98	1.941	4
1997	1.922	1.588	2.039	1.882	4
1998	1.98	1.608	2.02	1.843	4
1999	2.0	1.627	2.078	1.882	4
