time	channel1	channel2	channel3	channel4	class
0	2.0	1.784	2.216	1.824	1
1	2.02	1.784	2.157	1.804	1
2	2.02	1.784	2.078	1.804	1
3	2.02	1.863	1.98	1.863	1
4	2.039	1.882	1.863	1.882	1
5	1.961	1.902	1.824	1.922	1
6	2.0	1.941	1.804	2.02	1
7	1.941	1.961	1.804	2.078	1
8	1.922	1.941	1.843	2.098	1
9	1.902	1.98	1.863	2.098	1
10	1.863	1.941	1.902	2.118	1
11	1.922	1.941	2.039	2.039	1
12	1.882	1.922	2.137	2.02	1
13	1.922	1.843	2.235	1.98	1
14	1.961	1.843	2.275	1.941	1
15	2.0	1.784	2.294	1.863	1
16	2.039	1.804	2.275	1.824	1
17	2.02	1.765	2.235	1.824	1
18	2.039	1.765	2.196	1.863	1
19	2.02	1.843	2.098	1.843	1
20	2.078	1.902	2.059	1.922	1
21	2.059	1.882	1.882	1.902	1
22	1.98	1.882	1.863	1.941	1
23	1.98	1.941	1.784	2.02	1
24	1.941	1.961	1.804	2.059	1
25	1.941	2.0	1.863	2.098	1
26	1.882	2.0	1.882	2.098	1
27	1.863	1.941	1.98	2.059	1
28	1.863	1.941	2.02	2.078	1
29	1.843	1.902	2.176	2.078	1
30	1.902	1.863	2.216	1.961	1
31	1.902	1.824	2.275	1.922	1
32	1.961	1.804	2.294	1.882	1
33	1.98	1.804	2.255	1.843	1
34	2.02	1.804	2.255	1.824	1
35	2.02	1.824	2.196	1.843	1
36	2.059	1.824	2.118	1.843	1
37	2.02	1.882	2.0	1.882	1
38	2.02	1.863	1.863	1.882	1
39	1.98	1.902	1.824	1.922	1
40	1.98	1.961	1.804	2.0	1
41	1.922	1.941	1.784	2.059	1
42	1.902	1.98	1.843	2.098	1
43	1.922	1.98	1.863	2.078	1
44	1.922	1.98	1.941	2.098	1
45	1.902	1.961	2.039	2.078	1
46	1.922	1.902	2.137	2.059	1
47	1.922	1.824	2.196	1.98	1
48	1.98	1.784	2.235	1.922	1
49	1.98	1.784	2.294	1.863	1
50	2.02	1.745	2.275	1.824	1
51	2.039	1.745	2.216	1.824	1
52	2.02	1.804	2.176	1.824	1
53	2.02	1.863	2.137	1.863	1
54	2.098	1.941	2.078	1.882	1
55	2.059	1.843	1.863	1.922	1
56	1.961	1.863	1.824	1.941	1
57	1.98	1.941	1.804	1.98	1
58	1.922	2.02	1.804	2.059	1
59	1.902	2.02	1.882	2.078	1
60	1.882	2.02	1.882	2.118	1
61	1.863	2.039	1.922	2.098	1
62	1.863	2.02	2.078	2.118	1
63	1.882	2.0	2.176	2.059	1
64	1.922	1.941	2.255	1.98	1
65	1.902	1.882	2.275	1.941	1
66	1.941	1.824	2.314	1.863	1
67	2.0	1.843	2.275	1.824	1
68	2.02	1.804	2.255	1.824	1
69	2.039	1.784	2.196	1.843	1
70	2.078	1.824	2.098	1.824	1
71	2.078	1.863	2.0	1.843	1
72	2.039	1.843	1.843	1.863	1
73	1.98	1.863	1.824	1.902	1
74	2.0	1.902	1.765	1.961	1
75	1.961	1.922	1.765	2.02	1
76	1.902	1.941	1.804	2.059	1
77	1.902	1.98	1.863	2.098	1
78	1.902	1.98	1.922	2.157	1
79	1.941	1.961	2.059	2.098	1
80	1.941	1.863	2.098	2.039	1
81	1.902	1.863	2.216	1.98	1
82	1.863	1.882	2.314	1.922	1
83	1.882	1.843	2.314	1.902	1
84	1.98	1.804	2.294	1.882	1
85	2.0	1.824	2.235	1.843	1
86	2.0	1.824	2.196	1.863	1
87	1.98	1.804	2.118	1.882	1
88	2.02	1.882	2.039	1.902	1
89	1.98	1.882	1.882	1.902	1
90	1.922	1.922	1.863	1.98	1
91	1.941	1.941	1.824	2.02	1
92	1.902	1.961	1.804	2.098	1
93	1.863	1.961	1.824	2.118	1
94	1.882	1.961	1.863	2.098	1
95	1.843	1.98	1.922	2.098	1
96	1.843	1.922	2.0	2.078	1
97	1.863	1.922	2.098	2.078	1
98	1.882	1.863	2.216	2.0	1
99	1.922	1.863	2.255	1.961	1
100	1.98	1.804	2.275	1.882	1
101	2.02	1.765	2.275	1.804	1
102	2.0	1.765	2.216	1.824	1
103	2.039	1.765	2.196	1.863	1
104	2.02	1.843	2.078	1.863	1
105	2.039	1.863	2.039	1.863	1
106	2.059	1.843	1.882	1.902	1
107	1.98	1.863	1.824	1.922	1
108	1.98	1.882	1.784	1.961	1
109	1.922	1.941	1.784	2.039	1
110	1.922	1.941	1.843	2.078	1
111	1.922	1.941	1.863	2.098	1
112	1.922	1.902	1.922	2.059	1
113	1.882	1.902	2.02	2.078	1
114	1.902	1.882	2.078	2.039	1
115	1.902	1.804	2.196	1.961	1
116	1.941	1.843	2.235	1.902	1
117	1.98	1.824	2.314	1.882	1
118	2.02	1.804	2.255	1.824	1
119	2.02	1.765	2.235	1.824	1
120	2.059	1.765	2.176	1.804	1
121	2.118	1.784	2.098	1.784	1
122	2.098	1.882	2.039	1.843	1
123	2.059	1.882	1.882	1.882	1
124	1.961	1.882	1.824	1.922	1
125	1.961	1.961	1.804	1.98	1
126	1.882	2.02	1.824	2.078	1
127	1.922	2.0	1.843	2.078	1
128	1.922	2.0	1.902	2.098	1
129	1.882	1.98	1.961	2.098	1
130	1.863	1.98	2.059	2.098	1
131	1.882	1.961	2.157	2.059	1
132	1.882	1.902	2.255	2.02	1
133	1.941	1.882	2.294	1.961	1
134	1.941	1.824	2.314	1.902	1
135	2.0	1.824	2.275	1.843	1
136	2.0	1.843	2.255	1.863	1
137	2.0	1.843	2.216	1.824	1
138	2.039	1.863	2.176	1.863	1
139	2.02	1.902	2.118	1.882	1
140	2.059	1.863	1.922	1.902	1
141	1.98	1.922	1.843	1.922	1
142	1.961	1.941	1.824	1.98	1
143	1.941	2.0	1.784	2.059	1
144	1.902	2.0	1.824	2.059	1
145	1.922	2.0	1.882	2.078	1
146	1.882	1.98	1.941	2.039	1
147	1.902	1.961	2.039	2.078	1
148	1.902	1.922	2.118	2.059	1
149	1.922	1.863	2.196	1.98	1
150	1.961	1.843	2.275	1.922	1
151	1.961	1.804	2.275	1.863	1
152	2.0	1.765	2.255	1.824	1
153	2.02	1.765	2.255	1.804	1
154	2.02	1.784	2.196	1.824	1
155	2.059	1.804	2.137	1.804	1
156	2.059	1.824	2.059	1.863	1
157	2.098	1.824	1.882	1.902	1
158	2.0	1.863	1.824	1.922	1
159	2.0	1.902	1.784	1.961	1
160	1.941	1.941	1.765	2.02	1
161	1.902	1.941	1.843	2.098	1
162	1.922	1.941	1.843	2.098	1
163	1.882	1.941	1.902	2.118	1
164	1.922	1.941	2.02	2.059	1
165	1.882	1.902	2.118	2.078	1
166	1.922	1.843	2.216	2.02	1
167	1.98	1.804	2.235	1.922	1
168	2.0	1.765	2.275	1.863	1
169	2.039	1.765	2.255	1.824	1
170	2.039	1.745	2.235	1.824	1
171	2.078	1.745	2.176	1.824	1
172	2.078	1.804	2.098	1.804	1
173	2.078	1.843	2.078	1.863	1
174	2.0	1.843	1.922	1.902	1
175	1.941	1.863	1.843	1.961	1
176	2.0	1.902	1.784	2.0	1
177	1.98	1.941	1.765	2.039	1
178	1.941	1.961	1.824	2.059	1
179	1.882	1.961	1.863	2.078	1
180	1.843	1.941	1.922	2.059	1
181	1.882	1.961	2.0	2.059	1
182	1.863	1.941	2.137	2.078	1
183	1.843	1.882	2.255	2.059	1
184	1.882	1.863	2.294	2.0	1
185	1.922	1.863	2.314	1.941	1
186	1.941	1.863	2.294	1.863	1
187	1.961	1.843	2.275	1.863	1
188	1.98	1.824	2.216	1.863	1
189	2.039	1.804	2.176	1.882	1
190	2.02	1.863	2.078	1.882	1
191	2.039	1.882	1.902	1.902	1
192	1.941	1.941	1.863	1.941	1
193	1.941	1.941	1.824	2.0	1
194	1.922	1.98	1.784	2.078	1
195	1.882	2.0	1.824	2.078	1
196	1.882	2.0	1.843	2.098	1
197	1.863	2.0	1.902	2.098	1
198	1.863	1.98	2.02	2.098	1
199	1.902	1.961	2.118	2.078	1
200	1.882	1.882	2.196	2.0	1
201	1.941	1.863	2.255	1.941	1
202	1.961	1.824	2.314	1.882	1
203	2.0	1.784	2.275	1.843	1
204	2.039	1.784	2.235	1.804	1
205	2.059	1.784	2.196	1.804	1
206	2.059	1.784	2.098	1.824	1
207	2.059	1.824	2.059	1.843	1
208	2.078	1.824	1.882	1.863	1
209	2.0	1.843	1.824	1.902	1
210	2.02	1.902	1.804	1.961	1
211	1.961	1.961	1.784	2.02	1
212	1.922	1.941	1.804	2.078	1
213	1.882	1.961	1.824	2.078	1
214	1.902	1.961	1.882	2.078	1
215	1.882	1.961	2.02	2.039	1
216	1.882	1.922	2.118	2.059	1
217	1.922	1.902	2.196	2.0	1
218	1.961	1.863	2.275	1.961	1
219	1.98	1.824	2.294	1.863	1
220	1.98	1.843	2.255	1.824	1
221	2.0	1.824	2.255	1.824	1
222	2.0	1.824	2.196	1.843	1
223	2.02	1.824	2.157	1.843	1
224	2.039	1.863	2.059	1.902	1
225	2.078	1.882	1.922	1.882	1
226	2.0	1.922	1.843	1.922	1
227	1.98	1.961	1.824	1.961	1
228	1.961	1.98	1.784	2.039	1
229	1.902	1.961	1.824	2.078	1
230	1.902	1.941	1.863	2.078	1
231	1.882	1.941	1.902	2.078	1
232	1.902	1.922	2.0	2.039	1
233	1.922	1.922	2.098	2.078	1
234	1.882	1.882	2.196	1.98	1
235	1.941	1.843	2.255	1.961	1
236	1.941	1.804	2.294	1.882	1
237	2.0	1.784	2.294	1.843	1
238	2.02	1.804	2.216	1.824	1
239	2.039	1.804	2.216	1.824	1
240	2.059	1.784	2.157	1.843	1
241	2.039	1.843	2.059	1.843	1
242	2.078	1.863	1.922	1.902	1
243	1.98	1.902	1.863	1.922	1
244	1.961	1.922	1.824	1.98	1
245	1.941	1.98	1.784	2.059	1
246	1.922	1.961	1.824	2.078	1
247	1.922	1.98	1.863	2.098	1
248	1.882	1.98	1.922	2.078	1
249	1.882	1.941	2.02	2.098	1
250	1.902	1.922	2.098	2.059	1
251	1.902	1.863	2.216	2.02	1
252	1.961	1.843	2.235	1.922	1
253	1.98	1.784	2.294	1.882	1
254	2.02	1.784	2.255	1.843	1
255	2.0	1.784	2.235	1.804	1
256	2.039	1.765	2.196	1.804	1
257	2.059	1.765	2.137	1.784	1
258	2.059	1.824	2.078	1.843	1
259	2.059	1.843	1.902	1.882	1
260	1.961	1.882	1.882	1.941	1
261	2.0	1.922	1.824	2.0	1
262	2.0	1.961	1.804	2.059	1
263	1.922	1.961	1.824	2.098	1
264	1.902	1.961	1.843	2.078	1
265	1.902	1.961	1.922	2.098	1
266	1.824	1.961	2.02	2.059	1
267	1.863	1.941	2.137	2.078	1
268	1.843	1.882	2.216	2.059	1
269	1.902	1.863	2.255	1.98	1
270	1.922	1.843	2.314	1.922	1
271	1.961	1.824	2.294	1.863	1
272	1.98	1.784	2.255	1.863	1
273	1.98	1.784	2.216	1.824	1
274	2.039	1.824	2.176	1.843	1
275	2.02	1.902	2.098	1.863	1
276	2.039	1.902	1.961	1.902	1
277	1.941	1.902	1.863	1.98	1
278	1.941	1.961	1.824	2.0	1
279	1.922	2.0	1.804	2.059	1
280	1.922	2.0	1.843	2.078	1
281	1.882	1.98	1.863	2.098	1
282	1.863	1.98	1.902	2.098	1
283	1.843	1.98	2.0	2.078	1
284	1.863	1.961	2.098	2.078	1
285	1.882	1.902	2.216	2.0	1
286	1.902	1.863	2.255	1.961	1
287	1.941	1.824	2.275	1.882	1
288	2.0	1.804	2.275	1.824	1
289	2.0	1.824	2.255	1.824	1
290	2.02	1.784	2.235	1.824	1
291	2.039	1.804	2.157	1.863	1
292	2.078	1.863	2.039	1.843	1
293	2.059	1.863	1.922	1.902	1
294	1.98	1.882	1.824	1.922	1
295	2.02	1.922	1.804	1.961	1
296	1.961	1.961	1.804	2.02	1
297	1.941	1.961	1.824	2.059	1
298	1.902	1.98	1.843	2.078	1
299	1.902	1.961	1.902	2.098	1
300	1.863	1.941	1.98	2.098	1
301	1.882	1.922	2.078	2.059	1
302	1.902	1.863	2.196	2.02	1
303	1.941	1.843	2.235	1.941	1
304	1.941	1.784	2.275	1.882	1
305	2.0	1.765	2.255	1.843	1
306	2.02	1.765	2.235	1.804	1
307	2.039	1.765	2.196	1.824	1
308	2.039	1.765	2.157	1.784	1
309	2.098	1.824	2.039	1.843	1
310	2.078	1.804	1.902	1.882	1
311	2.02	1.843	1.843	1.882	1
312	2.0	1.922	1.804	1.941	1
313	1.941	1.941	1.804	2.039	1
314	1.941	1.941	1.784	2.098	1
315	1.922	1.922	1.824	2.098	1
316	1.922	1.941	1.882	2.059	1
317	1.902	1.98	1.98	2.059	1
318	1.863	1.902	2.078	2.059	1
319	1.882	1.843	2.176	2.0	1
320	1.941	1.843	2.216	1.922	1
321	1.961	1.804	2.255	1.863	1
322	2.02	1.765	2.275	1.824	1
323	2.039	1.745	2.235	1.824	1
324	2.059	1.745	2.196	1.804	1
325	2.098	1.784	2.157	1.843	1
326	2.098	1.824	2.078	1.863	1
327	2.078	1.784	1.902	1.863	1
328	2.0	1.863	1.824	1.922	1
329	1.961	1.941	1.804	1.922	1
330	1.902	1.98	1.804	2.02	1
331	1.863	1.961	1.824	2.118	1
332	2.0	2.0	1.863	2.137	1
333	1.961	1.98	1.922	2.098	1
334	1.922	1.961	2.039	2.098	1
335	1.843	1.98	2.118	2.059	1
336	1.843	1.922	2.235	2.02	1
337	1.863	1.922	2.294	2.0	1
338	1.902	1.882	2.353	1.961	1
339	1.961	1.843	2.333	1.922	1
340	1.98	1.843	2.275	1.863	1
341	2.0	1.804	2.255	1.863	1
342	2.0	1.804	2.176	1.863	1
343	2.059	1.843	2.118	1.843	1
344	2.059	1.843	1.941	1.882	1
345	1.98	1.824	1.843	1.902	1
346	2.0	1.863	1.765	1.941	1
347	1.98	1.902	1.745	1.98	1
348	1.961	1.922	1.804	2.039	1
349	1.882	1.941	1.824	2.059	1
350	1.902	1.902	1.863	2.098	1
351	1.863	1.902	1.961	2.098	1
352	1.922	1.863	2.039	2.0	1
353	1.922	1.804	2.157	1.922	1
354	1.941	1.765	2.157	1.824	1
355	1.941	1.725	2.157	1.765	1
356	1.98	1.804	2.176	1.745	1
357	1.98	1.804	2.137	1.804	1
358	2.039	1.804	2.118	1.824	1
359	2.059	1.804	2.137	1.784	1
360	2.098	1.843	2.098	1.863	1
361	2.078	1.843	1.902	1.843	1
362	1.98	1.765	1.745	1.863	1
363	1.922	1.941	1.725	1.863	1
364	1.941	2.059	1.765	1.902	1
365	1.961	2.0	1.902	1.98	1
366	1.941	1.961	2.0	2.02	1
367	1.843	1.804	1.843	2.059	1
368	1.784	1.824	1.765	2.059	1
369	1.902	1.882	1.941	2.059	1
370	1.863	1.882	2.196	1.98	1
371	1.961	1.843	2.255	1.863	1
372	1.941	1.863	2.333	1.863	1
373	2.02	1.784	2.392	1.824	1
374	1.98	1.627	2.275	1.784	1
375	1.98	1.667	2.118	1.686	1
376	2.0	1.725	1.941	1.627	1
377	2.0	1.824	1.98	1.667	1
378	2.059	1.863	1.902	1.784	1
379	1.98	1.882	1.725	1.98	1
380	1.922	1.922	1.686	2.078	1
381	1.961	2.059	1.804	2.118	1
382	1.882	2.0	1.863	2.098	1
383	1.922	1.961	1.725	2.078	1
384	1.941	2.039	1.843	2.02	1
385	1.941	2.176	2.275	2.059	1
386	1.863	2.039	2.176	2.118	1
387	1.745	1.784	1.843	2.059	1
388	1.863	1.765	1.745	1.902	1
389	1.941	1.824	1.961	1.843	1
390	1.98	1.902	2.451	1.922	1
391	1.961	1.824	2.314	1.961	1
392	2.02	1.647	2.02	1.941	1
393	2.059	1.824	2.0	1.863	1
394	2.098	2.118	2.235	1.882	1
395	1.98	1.824	1.647	1.843	1
396	1.882	1.647	1.353	1.824	1
397	1.863	1.784	1.51	1.882	1
398	1.922	1.922	1.725	2.0	1
399	1.922	1.98	1.667	2.137	1
400	1.784	1.961	1.706	2.235	1
401	1.784	1.961	1.824	2.275	1
402	1.882	2.02	1.804	2.275	1
403	1.902	2.059	2.098	2.216	1
404	1.882	2.059	2.431	2.216	1
405	1.843	1.941	2.431	2.137	1
406	1.882	1.941	2.51	2.118	1
407	2.0	2.059	2.588	2.118	1
408	2.078	1.98	2.471	2.098	1
409	2.118	1.961	2.333	2.078	1
410	2.059	1.882	2.333	2.02	1
411	2.059	1.922	2.255	2.059	1
412	2.137	2.0	2.078	2.039	1
413	2.118	2.118	2.02	2.078	1
414	2.059	2.078	2.059	2.098	1
415	1.98	2.059	2.059	2.176	1
416	2.0	2.118	1.902	2.196	1
417	2.078	2.078	1.941	2.176	1
418	2.059	2.02	1.961	2.157	1
419	1.902	1.941	1.765	2.059	1
420	1.902	1.843	1.745	2.0	1
421	1.961	1.941	1.961	1.902	1
422	2.118	1.843	1.824	1.824	1
423	1.941	1.706	1.824	1.824	1
424	2.02	1.745	2.0	1.843	1
425	2.059	1.706	1.863	1.804	1
426	2.098	1.627	1.706	1.725	1
427	2.176	1.667	1.627	1.706	1
428	2.157	1.686	1.51	1.686	1
429	2.059	1.686	1.451	1.745	1
430	2.039	1.824	1.431	1.824	1
431	1.98	1.824	1.392	1.922	1
432	1.902	1.902	1.353	1.98	1
433	1.843	1.863	1.294	1.98	1
434	1.824	1.804	1.353	1.922	1
435	1.863	1.843	1.549	1.863	1
436	1.804	2.0	1.725	1.863	1
437	1.863	2.059	1.882	1.98	1
438	1.843	2.059	2.255	2.039	1
439	1.804	2.039	2.49	2.078	1
440	1.824	1.882	2.471	1.961	1
441	1.804	1.941	2.686	1.843	1
442	1.922	2.059	2.98	1.804	1
443	2.02	2.0	3.098	1.882	1
444	1.98	1.922	2.843	1.961	1
445	1.863	1.941	2.804	2.039	1
446	1.784	1.98	2.686	2.059	1
447	1.922	1.941	2.49	1.98	1
448	1.941	1.941	2.647	1.882	1
449	1.961	2.118	2.882	1.961	1
450	1.863	2.157	2.922	2.176	1
451	1.784	2.078	2.843	2.412	1
452	1.765	2.039	2.922	2.549	1
453	1.745	2.02	3.137	2.569	1
454	1.784	1.902	3.098	2.431	1
455	1.843	1.961	2.725	2.157	1
456	1.961	2.0	2.569	1.922	1
457	1.941	1.922	2.902	1.804	1
458	1.941	1.882	3.314	1.882	1
459	2.078	1.941	3.0	2.078	1
460	2.078	1.804	2.392	2.196	1
461	1.961	1.843	2.471	2.137	1
462	2.078	2.039	2.627	2.098	1
463	2.118	2.0	2.314	2.0	1
464	2.157	1.922	1.902	1.902	1
465	2.078	1.941	1.824	1.843	1
466	2.02	1.961	1.667	1.882	1
467	2.039	2.0	1.706	1.902	1
468	2.039	1.961	1.784	1.98	1
469	1.941	2.098	1.863	2.157	1
470	1.843	2.059	1.784	2.235	1
471	1.941	1.882	1.647	2.078	1
472	1.922	1.804	1.725	1.804	1
473	2.0	1.804	1.843	1.588	1
474	2.059	1.882	1.961	1.51	1
475	2.039	1.902	1.902	1.608	1
476	2.02	1.922	1.902	1.725	1
477	2.098	1.824	1.902	1.745	1
478	2.118	1.667	1.765	1.686	1
479	2.02	1.706	1.706	1.667	1
480	1.98	1.745	1.627	1.686	1
481	2.02	1.784	1.471	1.706	1
482	2.157	1.863	1.353	1.745	1
483	2.02	1.804	1.412	1.745	1
484	1.882	1.784	1.549	1.804	1
485	1.863	1.863	1.667	1.902	1
486	1.98	1.941	1.725	1.941	1
487	1.922	1.941	1.725	1.98	1
488	1.804	1.824	1.941	2.039	1
489	1.824	1.686	1.863	2.039	1
490	1.784	1.529	1.882	1.882	1
491	1.961	1.647	2.059	1.765	1
492	2.078	1.804	2.078	1.667	1
493	1.961	1.706	2.059	1.627	1
494	1.941	1.627	2.078	1.647	1
495	2.078	1.686	2.0	1.745	1
496	2.137	1.765	2.039	1.863	1
497	1.98	1.784	1.961	1.98	1
498	1.882	1.686	1.725	1.98	1
499	1.824	1.706	1.529	1.961	1
500	2.059	1.863	1.608	1.941	1
501	2.118	1.902	1.549	1.941	1
502	1.922	1.824	1.667	1.922	1
503	1.843	1.784	1.706	1.961	1
504	1.824	1.745	1.804	1.98	1
505	1.961	1.882	2.039	2.039	1
506	1.98	1.882	2.078	1.98	1
507	1.941	1.765	2.137	1.902	1
508	2.02	1.863	2.02	1.922	1
509	1.98	1.725	1.961	1.902	1
510	2.078	1.765	2.137	1.863	1
511	2.039	1.804	2.0	1.804	1
512	2.118	1.706	1.706	1.686	1
513	2.118	1.745	1.882	1.686	1
514	2.157	1.922	2.098	1.725	1
515	2.098	1.941	1.922	1.882	1
516	2.02	2.078	1.863	2.02	1
517	2.098	2.196	1.765	2.137	1
518	2.02	2.157	1.784	2.176	1
519	1.882	2.078	1.784	2.157	1
520	1.804	2.196	1.941	2.157	1
521	1.824	2.235	2.157	2.157	1
522	1.824	2.157	2.255	2.157	1
523	1.804	2.176	2.529	2.098	1
524	1.902	2.196	2.608	2.02	1
525	1.882	2.137	2.667	2.0	1
526	1.902	2.078	2.745	2.059	1
527	1.882	2.137	2.745	2.098	1
528	1.902	2.176	2.706	2.137	1
529	1.98	2.196	2.647	2.196	1
530	1.98	2.098	2.588	2.176	1
531	1.941	2.059	2.451	2.137	1
532	1.902	2.059	2.294	2.059	1
533	1.961	2.137	2.294	2.098	1
534	1.961	2.176	2.196	2.216	1
535	1.863	2.098	2.392	2.373	1
536	1.902	2.039	2.118	2.51	1
537	1.922	1.98	1.922	2.412	1
538	1.882	1.961	2.157	2.255	1
539	1.922	1.961	2.314	2.196	1
540	1.922	1.824	2.353	2.176	1
541	2.0	1.745	2.412	2.098	1
542	2.059	1.686	2.275	2.039	1
543	2.059	1.569	2.137	1.882	1
544	2.137	1.49	2.176	1.843	1
545	2.196	1.627	2.196	1.824	1
546	2.137	1.686	2.118	1.804	1
547	2.118	1.686	1.922	1.784	1
548	2.176	1.667	1.843	1.765	1
549	2.176	1.608	1.647	1.745	1
550	2.039	1.549	1.431	1.784	1
551	2.098	1.627	1.431	1.843	1
552	2.039	1.725	1.608	1.882	1
553	1.98	1.824	1.745	1.922	1
554	1.824	2.039	1.765	1.941	1
555	1.843	2.059	1.725	1.961	1
556	1.824	1.863	1.843	2.0	1
557	1.863	1.765	1.98	2.02	1
558	1.922	1.745	1.98	1.902	1
559	1.902	1.902	2.118	1.804	1
560	1.902	1.863	2.137	1.686	1
561	1.882	1.804	2.02	1.608	1
562	1.882	1.804	1.98	1.569	1
563	1.922	1.863	1.98	1.569	1
564	2.02	1.843	1.961	1.686	1
565	2.02	1.961	1.961	1.824	1
566	1.961	2.0	1.922	2.02	1
567	1.843	1.843	1.667	2.02	1
568	1.824	1.902	1.569	1.882	1
569	1.902	1.824	1.549	1.686	1
570	2.0	1.843	1.549	1.627	1
571	1.882	1.804	1.431	1.725	1
572	1.765	1.922	1.667	1.941	1
573	1.843	1.863	1.98	2.118	1
574	1.784	1.804	2.196	2.157	1
575	1.882	1.706	2.196	1.98	1
576	1.922	1.667	1.922	1.784	1
577	1.922	1.588	1.745	1.627	1
578	1.941	1.608	1.941	1.549	1
579	1.98	1.686	2.118	1.686	1
580	1.98	1.686	2.157	1.843	1
581	2.0	1.667	2.039	1.824	1
582	2.059	1.686	2.0	1.745	1
583	1.882	1.745	1.647	1.765	1
584	2.0	1.941	1.412	1.922	1
585	1.961	1.941	1.745	2.078	1
586	1.843	1.922	1.98	2.176	1
587	1.922	1.961	1.882	2.196	1
588	1.863	1.961	1.922	2.196	1
589	1.843	2.0	2.039	2.196	1
590	1.863	1.961	2.137	2.118	1
591	1.902	2.02	2.275	2.039	1
592	1.922	1.941	2.294	1.941	1
593	1.902	1.863	2.255	1.882	1
594	2.059	1.824	2.235	1.882	1
595	1.961	1.824	2.412	2.039	1
596	2.059	1.882	2.431	2.137	1
597	2.078	1.863	2.333	2.137	1
598	2.118	1.863	2.294	2.02	1
599	2.118	1.941	2.196	2.0	1
600	2.137	1.882	2.039	1.98	1
601	2.0	1.922	2.039	1.941	1
602	2.118	2.02	1.843	1.961	1
603	1.98	2.02	1.902	2.059	1
604	1.922	1.98	2.0	2.196	1
605	1.922	2.098	2.235	2.333	1
606	1.941	2.039	2.333	2.353	1
607	1.922	2.02	2.373	2.314	1
608	1.784	2.059	2.451	2.157	1
609	1.902	2.02	2.529	2.078	1
610	1.902	2.0	2.529	2.078	1
611	2.02	1.941	2.49	2.059	1
612	2.059	1.961	2.51	1.961	1
613	2.039	2.02	2.608	1.863	1
614	2.039	2.02	2.667	1.902	1
615	1.902	1.922	2.431	1.961	1
616	2.0	1.941	2.275	2.118	1
617	2.02	2.02	2.275	2.176	1
618	1.843	1.922	2.059	2.176	1
619	2.098	2.039	1.686	2.039	1
620	2.02	2.02	1.843	1.98	1
621	1.863	1.98	2.059	2.02	1
622	1.824	2.02	2.176	2.176	1
623	1.882	2.0	2.137	2.275	1
624	1.922	1.922	1.98	2.235	1
625	1.902	1.882	2.118	2.118	1
626	1.961	1.804	2.275	1.98	1
627	1.961	1.725	2.353	1.882	1
628	1.961	1.765	2.314	1.843	1
629	2.039	1.824	2.216	1.863	1
630	2.078	1.745	2.078	1.843	1
631	2.137	1.725	1.98	1.824	1
632	2.118	1.765	1.922	1.745	1
633	2.137	1.882	1.902	1.745	1
634	2.078	1.941	1.863	1.765	1
635	2.078	2.059	1.725	1.882	1
636	2.02	1.961	1.647	2.0	1
637	2.0	1.843	1.725	2.02	1
638	2.0	1.922	1.667	1.98	1
639	1.902	2.059	1.588	1.98	1
640	1.922	2.059	1.784	1.922	1
641	1.922	2.0	1.922	1.902	1
642	1.824	1.882	2.039	1.941	1
643	1.902	1.824	2.137	1.941	1
644	1.882	1.882	2.176	1.961	1
645	1.941	1.804	2.157	1.843	1
646	2.02	1.804	2.098	1.784	1
647	1.922	1.725	2.216	1.784	1
648	1.98	1.843	2.294	1.804	1
649	2.059	1.843	2.196	1.843	1
650	1.902	1.745	2.059	1.863	1
651	1.98	1.686	1.51	1.843	1
652	1.902	1.667	1.333	1.765	1
653	1.882	1.745	1.647	1.765	1
654	1.882	1.765	1.784	1.902	1
655	1.941	1.941	1.765	2.02	1
656	1.941	1.922	1.725	2.078	1
657	1.863	1.745	1.667	2.118	1
658	1.824	1.745	1.745	2.02	1
659	1.824	1.765	1.863	1.922	1
660	1.843	1.647	1.882	1.745	1
661	1.922	1.608	1.961	1.588	1
662	2.059	1.608	2.02	1.471	1
663	2.098	1.588	1.98	1.431	1
664	1.98	1.588	1.98	1.588	1
665	1.902	1.569	1.804	1.804	1
666	1.922	1.627	1.804	1.863	1
667	2.02	1.804	1.902	1.706	1
668	2.118	1.961	2.059	1.608	1
669	2.02	1.922	1.902	1.686	1
670	1.98	1.902	1.451	1.824	1
671	1.863	1.922	1.667	2.0	1
672	1.784	2.0	1.784	2.137	1
673	1.824	2.059	1.882	2.216	1
674	1.804	1.98	2.0	2.157	1
675	1.725	2.039	2.157	2.0	1
676	1.804	2.059	2.098	1.922	1
677	1.804	2.0	2.353	1.961	1
678	1.843	2.02	2.588	2.078	1
679	1.902	1.98	2.392	2.137	1
680	1.961	1.98	2.333	2.098	1
681	1.922	2.0	2.549	2.078	1
682	2.118	2.078	2.431	2.039	1
683	2.078	1.961	2.255	1.941	1
684	1.882	1.804	2.196	1.843	1
685	2.039	1.98	2.078	1.882	1
686	2.0	2.078	1.941	2.02	1
687	1.922	2.02	2.0	2.176	1
688	1.961	2.078	2.118	2.294	1
689	2.0	2.176	2.196	2.353	1
690	2.0	2.098	2.098	2.294	1
691	1.902	2.078	2.216	2.255	1
692	1.922	2.078	2.333	2.196	1
693	1.941	2.118	2.373	2.118	1
694	2.0	1.961	2.275	2.02	1
695	2.0	1.941	2.529	2.02	1
696	2.02	1.922	2.627	2.039	1
697	2.137	1.882	2.392	2.059	1
698	2.0	1.902	2.373	2.039	1
699	2.039	1.863	2.353	2.039	1
700	2.059	1.882	2.255	2.02	1
701	2.059	1.824	2.176	2.059	1
702	2.098	1.843	2.059	2.098	1
703	2.059	1.784	1.863	2.078	1
704	2.118	2.098	2.02	2.118	1
705	2.039	2.0	1.941	2.078	1
706	1.961	1.863	1.784	2.078	1
707	1.961	1.843	1.784	2.098	1
708	1.961	1.804	1.98	2.118	1
709	2.02	1.863	2.137	2.196	1
710	2.0	1.804	2.216	2.216	1
711	2.02	1.725	1.98	2.118	1
712	1.922	1.804	2.118	1.941	1
713	1.941	1.804	2.314	1.882	1
714	2.098	1.824	2.333	1.843	1
715	2.176	1.824	2.294	1.824	1
716	2.137	1.824	2.255	1.824	1
717	2.157	1.784	2.098	1.843	1
718	2.078	1.804	1.824	1.784	1
719	2.02	1.804	1.706	1.804	1
720	1.941	1.922	1.824	1.902	1
721	1.941	2.02	1.784	1.961	1
722	1.882	2.02	1.804	1.98	1
723	1.843	2.0	1.804	2.02	1
724	1.882	1.922	1.843	2.039	1
725	1.961	1.882	1.804	2.0	1
726	1.804	1.745	1.824	1.922	1
727	1.804	1.804	2.039	1.882	1
728	1.941	1.843	2.275	1.824	1
729	1.941	1.784	2.235	1.843	1
730	1.804	1.745	2.157	1.804	1
731	1.784	1.667	1.98	1.725	1
732	1.941	1.667	1.902	1.627	1
733	2.039	1.569	2.098	1.529	1
734	2.118	1.647	2.059	1.549	1
735	2.157	1.706	1.784	1.627	1
736	2.059	1.706	1.706	1.784	1
737	1.922	1.902	1.745	1.961	1
738	1.882	1.961	1.706	2.02	1
739	1.784	1.863	1.529	1.961	1
740	1.725	1.745	1.647	1.863	1
741	1.725	1.745	1.588	1.902	1
742	1.882	1.863	1.588	1.941	1
743	1.98	1.98	1.843	2.02	1
744	1.824	1.902	2.059	2.078	1
745	1.765	1.824	2.235	2.039	1
746	1.863	1.784	2.275	2.0	1
747	1.843	1.647	2.118	1.902	1
748	1.922	1.686	2.039	1.863	1
749	1.922	1.706	2.0	1.706	1
750	1.98	1.686	1.922	1.588	1
751	2.0	1.686	1.824	1.549	1
752	1.98	1.784	1.863	1.725	1
753	2.078	1.863	1.784	2.059	1
754	2.039	1.843	1.725	2.176	1
755	2.078	1.882	1.588	2.059	1
756	2.039	2.02	1.667	1.902	1
757	1.902	1.922	1.706	1.784	1
758	1.843	1.863	1.765	1.765	1
759	1.961	1.902	1.765	1.882	1
760	2.0	2.078	1.961	1.961	1
761	1.941	2.118	2.235	2.039	1
762	1.98	2.02	2.412	2.078	1
763	2.039	1.98	2.314	1.961	1
764	2.0	1.863	2.314	1.804	1
765	2.0	1.922	2.451	1.784	1
766	1.98	2.0	2.529	1.863	1
767	2.0	2.059	2.588	1.941	1
768	1.98	2.098	2.647	1.98	1
769	1.961	2.078	2.373	2.02	1
770	2.059	1.941	2.098	2.0	1
771	1.863	2.039	2.235	2.02	1
772	1.902	2.235	2.157	2.098	1
773	1.98	2.255	2.078	2.255	1
774	1.882	2.235	2.157	2.353	1
775	1.784	2.078	2.255	2.353	1
776	1.804	2.176	2.275	2.333	1
777	1.765	2.196	2.314	2.255	1
778	1.804	2.118	2.373	2.275	1
779	1.882	2.0	2.51	2.216	1
780	1.922	1.961	2.569	2.196	1
781	2.0	1.941	2.392	2.078	1
782	2.098	1.863	2.353	1.961	1
783	1.98	1.922	2.569	1.98	1
784	2.118	1.98	2.549	2.039	1
785	2.196	1.98	2.255	2.078	1
786	2.137	1.922	2.059	2.0	1
787	2.059	1.784	1.902	1.902	1
788	2.0	1.765	1.902	1.902	1
789	2.059	1.98	2.078	2.0	1
790	2.039	2.039	1.941	2.216	1
791	1.863	1.922	1.922	2.294	1
792	2.02	1.961	1.824	2.255	1
793	2.039	1.922	1.804	2.157	1
794	1.941	1.863	2.078	2.039	1
795	2.02	1.941	2.176	1.98	1
796	1.922	1.843	2.157	1.922	1
797	1.882	1.745	2.235	1.882	1
798	2.098	1.745	2.294	1.863	1
799	2.157	1.804	2.176	1.863	1
800	2.02	1.843	2.137	1.882	1
801	2.02	1.784	2.078	1.843	1
802	2.039	1.706	1.961	1.784	1
803	2.078	1.706	1.961	1.745	1
804	2.137	1.765	1.804	1.725	1
805	2.137	1.863	1.667	1.765	1
806	2.02	1.902	1.725	1.863	1
807	1.882	1.824	1.804	1.941	1
808	1.922	1.725	1.667	2.059	1
809	1.961	1.902	1.725	2.176	1
810	1.961	2.0	1.863	2.157	1
811	1.882	1.824	1.725	1.922	1
812	1.745	1.667	1.784	1.686	1
813	1.863	1.706	2.137	1.49	1
814	1.961	1.784	2.255	1.549	1
815	1.882	1.843	2.176	1.765	1
816	1.941	1.784	2.059	2.059	1
817	1.98	1.706	2.059	2.196	1
818	2.059	1.686	1.98	1.98	1
819	2.118	1.804	1.824	1.706	1
820	2.039	1.824	1.882	1.647	1
821	2.0	1.824	1.784	1.706	1
822	1.922	1.804	1.51	1.765	1
823	1.784	1.784	1.569	1.824	1
824	1.882	1.882	1.588	2.0	1
825	1.941	1.922	1.471	2.157	1
826	1.902	1.902	1.549	2.255	1
827	1.843	1.843	1.588	2.157	1
828	1.843	1.765	1.706	2.0	1
829	1.804	1.784	1.922	1.922	1
830	1.941	1.765	2.059	1.922	1
831	1.882	1.647	2.078	1.882	1
832	1.863	1.608	2.039	1.765	1
833	2.039	1.667	1.961	1.667	1
834	1.961	1.745	2.078	1.667	1
835	2.039	1.745	2.137	1.745	1
836	2.059	1.745	2.059	1.784	1
837	2.0	1.745	1.902	1.745	1
838	2.059	1.863	1.922	1.725	1
839	2.039	1.961	2.0	1.804	1
840	2.0	2.02	1.882	1.922	1
841	1.824	2.02	1.902	2.02	1
842	1.882	2.078	2.059	2.137	1
843	1.922	2.118	2.02	2.196	1
844	1.843	2.059	1.961	2.176	1
845	1.784	2.078	2.137	2.098	1
846	1.824	2.059	2.294	2.039	1
847	1.902	2.0	2.471	1.941	1
848	1.922	2.02	2.49	1.941	1
849	1.941	1.98	2.569	1.941	1
850	1.961	1.941	2.529	1.941	1
851	1.941	1.824	2.451	1.922	1
852	1.941	1.922	2.392	1.863	1
853	1.961	1.922	2.373	1.824	1
854	2.118	1.98	2.255	1.863	1
855	2.098	1.961	2.137	1.922	1
856	1.961	1.961	2.078	2.098	1
857	2.039	1.98	2.0	2.118	1
858	2.0	2.137	1.98	2.098	1
859	1.902	2.196	2.078	2.02	1
860	1.98	2.216	2.196	2.059	1
861	1.961	2.078	2.216	2.176	1
862	1.843	2.078	2.353	2.275	1
863	1.882	2.059	2.275	2.373	1
864	1.804	2.039	2.392	2.333	1
865	1.863	2.02	2.51	2.196	1
866	1.961	1.902	2.549	2.039	1
867	2.059	1.98	2.549	1.882	1
868	2.0	2.0	2.686	1.882	1
869	1.98	1.882	2.627	1.941	1
870	2.02	1.863	2.157	2.0	1
871	2.118	1.98	1.902	2.059	1
872	2.137	2.0	2.0	2.039	1
873	2.0	1.882	2.0	2.039	1
874	1.98	1.922	1.863	2.0	1
875	1.882	2.0	1.765	2.118	1
876	1.843	1.961	1.725	2.235	1
877	1.941	1.961	1.706	2.235	1
878	1.941	1.941	1.824	2.078	1
879	1.98	1.961	1.922	1.922	1
880	1.961	1.922	2.118	1.902	1
881	1.882	1.784	2.157	1.961	1
882	1.882	1.745	2.078	2.02	1
883	2.0	1.667	2.118	1.98	1
884	2.098	1.588	1.98	1.902	1
885	2.02	1.667	1.98	1.863	1
886	2.02	1.725	2.255	1.824	1
887	1.941	1.588	2.255	1.784	1
888	2.118	1.784	2.039	1.824	1
889	2.176	1.686	1.706	1.843	1
890	1.98	1.569	1.627	1.863	1
891	2.0	1.745	1.569	1.863	1
892	2.118	1.941	1.804	1.922	1
893	1.98	1.941	1.902	2.039	1
894	1.824	1.863	1.804	2.039	1
895	1.765	1.784	1.765	2.039	1
896	1.882	1.922	1.627	2.039	1
897	1.843	1.902	1.922	1.961	1
898	1.902	1.863	2.059	1.863	1
899	1.882	1.784	2.118	1.765	1
900	1.98	1.765	2.196	1.686	1
901	1.98	1.765	2.176	1.647	1
902	1.863	1.843	2.275	1.725	1
903	2.02	1.804	1.98	1.882	1
904	2.098	1.627	1.627	1.882	1
905	1.98	1.627	1.706	1.824	1
906	2.0	1.765	1.863	1.647	1
907	2.02	1.882	1.804	1.627	1
908	1.98	1.882	1.706	1.745	1
909	1.98	1.804	1.588	2.0	1
910	1.902	1.784	1.569	2.216	1
911	1.922	1.902	1.804	2.216	1
912	1.961	1.765	1.804	2.118	1
913	1.941	1.667	1.471	1.98	1
914	1.804	1.627	1.686	1.863	1
915	1.902	1.647	2.078	1.784	1
916	2.0	1.706	2.157	1.804	1
917	1.961	1.686	2.157	1.824	1
918	2.02	1.529	2.118	1.804	1
919	1.98	1.49	2.02	1.784	1
920	2.0	1.51	1.961	1.765	1
921	2.137	1.588	1.804	1.706	1
922	2.137	1.706	1.843	1.686	1
923	2.039	1.686	1.843	1.765	1
924	1.902	1.627	1.569	1.824	1
925	1.961	1.843	1.647	1.804	1
926	2.039	1.941	1.745	1.824	1
927	1.824	1.804	1.667	1.843	1
928	1.765	1.843	1.667	1.882	1
929	1.784	1.98	1.922	1.98	1
930	2.0	2.059	2.059	2.137	1
931	1.922	2.118	2.078	2.176	1
932	1.824	1.961	2.235	2.039	1
933	1.784	1.863	2.255	1.882	1
934	1.882	2.039	2.529	1.784	1
935	2.059	2.176	2.647	1.824	1
936	1.961	2.216	2.608	1.98	1
937	1.882	2.235	2.588	2.137	1
938	1.961	2.157	2.529	2.118	1
939	2.0	2.235	2.451	2.039	1
940	2.0	2.275	2.392	1.961	1
941	1.961	2.314	2.275	2.0	1
942	1.902	2.431	2.176	2.098	1
943	1.882	2.529	2.353	2.275	1
944	1.882	2.412	2.373	2.412	1
945	1.941	2.431	2.373	2.51	1
946	1.863	2.392	2.353	2.471	1
947	1.725	2.314	2.373	2.353	1
948	1.745	2.216	2.392	2.235	1
949	1.784	2.157	2.549	2.196	1
950	1.922	2.157	2.686	2.196	1
951	1.941	2.118	2.627	2.176	1
952	1.941	1.961	2.471	2.039	1
953	1.961	1.882	2.392	1.98	1
954	1.961	1.824	2.314	1.941	1
955	1.98	1.824	2.412	1.941	1
956	2.059	1.863	2.275	2.039	1
957	2.137	1.941	2.059	2.039	1
958	2.157	1.941	1.784	2.02	1
959	2.059	1.941	1.765	1.98	1
960	1.961	1.98	1.961	2.02	1
961	1.922	2.0	2.02	2.039	1
962	1.922	2.0	1.922	2.059	1
963	2.02	1.98	1.765	2.078	1
964	1.961	1.98	1.784	2.039	1
965	1.98	1.902	1.882	1.961	1
966	2.0	1.922	2.157	1.863	1
967	2.118	1.902	2.314	1.902	1
968	2.039	1.843	2.353	1.922	1
969	2.118	1.824	2.098	1.882	1
970	2.078	1.804	2.098	1.902	1
971	2.118	1.804	2.157	1.863	1
972	2.216	1.784	1.941	1.745	1
973	2.078	1.745	1.882	1.686	1
974	2.098	1.725	1.843	1.686	1
975	2.059	1.667	1.667	1.804	1
976	1.98	1.588	1.647	1.941	1
977	2.039	1.882	1.725	2.118	1
978	1.941	1.784	1.745	2.196	1
979	1.922	1.706	1.843	2.137	1
980	2.0	1.725	1.608	1.961	1
981	1.882	1.686	1.627	1.843	1
982	1.784	1.667	1.961	1.843	1
983	1.824	1.627	2.118	1.882	1
984	1.941	1.608	2.196	1.941	1
985	1.882	1.569	2.059	1.98	1
986	1.98	1.529	2.02	1.843	1
987	1.922	1.529	2.176	1.686	1
988	1.961	1.647	2.059	1.588	1
989	2.02	1.569	1.843	1.51	1
990	2.098	1.549	1.843	1.549	1
991	2.0	1.647	1.706	1.667	1
992	1.98	1.627	1.431	1.706	1
993	1.941	1.686	1.49	1.784	1
994	1.843	1.824	1.667	1.961	1
995	1.843	1.902	1.784	2.176	1
996	1.902	1.863	1.608	2.176	1
997	1.804	1.745	1.529	2.0	1
998	1.784	1.824	1.647	1.784	1
999	1.922	1.882	1.882	1.765	1
1000	1.863	1.843	1.98	1.804	1
1001	1.843	1.784	2.0	1.843	1
1002	1.902	1.824	2.118	1.882	1
1003	2.039	1.784	2.196	1.922	1
1004	2.059	1.784	2.137	1.98	1
1005	2.02	1.804	2.118	2.0	1
1006	2.059	1.824	1.98	1.98	1
1007	2.118	1.843	1.902	1.824	1
1008	2.059	1.784	1.863	1.725	1
1009	2.039	1.882	1.824	1.765	1
1010	2.039	1.922	1.863	1.882	1
1011	1.98	1.902	1.843	2.118	1
1012	1.882	1.902	1.824	2.235	1
1013	1.824	1.863	1.804	2.196	1
1014	1.784	1.922	1.941	2.078	1
1015	1.882	1.98	2.059	2.02	1
1016	1.941	1.941	2.078	2.02	1
1017	1.784	1.745	2.216	1.98	1
1018	1.863	1.843	2.392	1.98	1
1019	1.961	2.02	2.725	2.039	1
1020	2.0	2.059	2.745	2.078	1
1021	1.922	1.941	2.392	1.98	1
1022	1.941	1.961	2.275	1.863	1
1023	1.922	2.039	2.353	1.843	1
1024	1.941	2.118	2.49	1.863	1
1025	2.059	2.196	2.333	2.0	1
1026	2.0	2.118	2.098	2.098	1
1027	1.98	2.196	2.078	2.118	1
1028	2.0	2.294	2.078	2.137	1
1029	1.941	2.255	2.118	2.137	1
1030	1.922	2.196	2.157	2.176	1
1031	1.843	2.078	2.196	2.098	1
1032	1.882	2.078	2.255	2.118	1
1033	1.882	2.176	2.294	2.196	1
1034	1.902	2.176	2.51	2.294	1
1035	1.961	1.961	2.373	2.176	1
1036	1.922	1.824	2.412	1.941	1
1037	1.941	1.824	2.529	1.765	1
1038	1.941	1.784	2.412	1.725	1
1039	2.02	1.745	2.176	1.784	1
1040	2.078	1.706	2.078	1.863	1
1041	2.157	1.824	2.137	1.98	1
1042	2.118	1.961	2.078	2.078	1
1043	2.059	1.922	1.961	2.039	1
1044	2.0	1.863	1.824	1.961	1
1045	2.02	1.961	1.804	1.941	1
1046	1.98	1.922	1.843	1.961	1
1047	2.0	1.882	1.863	2.0	1
1048	1.98	1.902	1.804	2.02	1
1049	1.922	1.98	1.961	2.118	1
1050	1.922	1.961	2.039	2.176	1
1051	1.922	1.843	2.275	2.078	1
1052	2.039	1.882	2.235	2.039	1
1053	2.039	1.843	2.431	1.961	1
1054	2.059	1.706	2.275	1.824	1
1055	2.039	1.725	1.922	1.784	1
1056	2.0	1.804	2.02	1.784	1
1057	2.039	1.745	2.275	1.824	1
1058	2.098	1.725	2.098	1.882	1
1059	2.078	1.784	1.902	1.882	1
1060	2.059	1.765	1.765	1.961	1
1061	2.0	1.882	2.02	2.039	1
1062	2.0	1.902	1.784	2.078	1
1063	1.863	1.961	1.706	2.078	1
1064	1.745	1.745	1.569	2.059	1
1065	1.804	1.706	1.569	1.941	1
1066	1.941	1.882	1.706	1.824	1
1067	1.941	1.902	1.902	1.843	1
1068	1.882	1.843	2.157	1.902	1
1069	1.843	1.784	2.157	1.941	1
1070	1.804	1.765	2.137	1.941	1
1071	1.961	1.745	2.059	1.902	1
1072	1.961	1.686	2.0	1.824	1
1073	1.843	1.569	1.843	1.667	1
1074	1.902	1.667	1.902	1.588	1
1075	2.059	1.824	1.902	1.608	1
1076	2.098	1.902	1.784	1.706	1
1077	2.098	1.922	1.725	1.863	1
1078	1.98	1.961	1.667	2.02	1
1079	1.902	1.902	1.588	2.078	1
1080	1.824	1.882	1.725	2.039	1
1081	1.882	1.941	1.706	1.961	1
1082	1.824	1.98	1.725	1.98	1
1083	1.902	2.078	1.902	2.039	1
1084	2.02	2.039	2.196	2.02	1
1085	1.902	1.941	2.314	2.0	1
1086	1.902	1.882	2.235	1.902	1
1087	1.98	1.863	2.255	1.922	1
1088	1.941	1.824	2.294	1.98	1
1089	2.059	1.843	2.255	1.922	1
1090	2.0	1.804	2.137	1.765	1
1091	2.0	1.784	2.216	1.627	1
1092	2.039	1.804	2.078	1.667	1
1093	2.039	1.843	1.941	1.725	1
1094	1.941	1.882	1.863	1.941	1
1095	1.941	1.922	1.784	2.098	1
1096	1.941	1.941	1.608	2.196	1
1097	1.824	1.922	1.706	2.196	1
1098	1.902	1.941	1.765	2.059	1
1099	1.863	1.922	1.863	1.922	1
1100	1.922	1.941	2.078	1.902	1
1101	1.961	1.941	2.137	2.039	1
1102	1.941	2.02	2.314	2.176	1
1103	1.941	2.059	2.431	2.255	1
1104	1.902	1.902	2.431	2.118	1
1105	2.0	1.882	2.51	1.882	1
1106	2.078	1.843	2.373	1.784	1
1107	2.098	1.824	2.255	1.765	1
1108	2.078	1.941	2.333	1.843	1
1109	2.137	2.078	2.431	1.961	1
1110	2.216	2.078	2.353	2.118	1
1111	2.098	2.02	2.176	2.235	1
1112	2.02	2.0	2.098	2.176	1
1113	1.961	2.0	1.961	2.118	1
1114	1.922	1.98	1.98	2.098	1
1115	1.961	2.118	2.059	2.196	1
1116	1.882	2.078	2.059	2.216	1
1117	1.804	2.039	2.118	2.235	1
1118	1.824	1.98	2.118	2.157	1
1119	1.824	1.922	2.314	2.078	1
1120	1.843	1.882	2.373	2.02	1
1121	1.922	1.882	2.353	2.02	1
1122	1.98	1.843	2.294	1.98	1
1123	2.0	1.882	2.431	1.961	1
1124	2.059	1.941	2.431	1.902	1
1125	2.098	1.902	2.333	1.843	1
1126	2.078	1.863	2.118	1.824	1
1127	1.98	1.98	2.039	1.902	1
1128	1.941	1.961	1.922	2.0	1
1129	1.961	2.02	1.961	2.078	1
1130	1.98	2.02	1.941	2.098	1
1131	1.98	2.0	1.863	2.078	1
1132	2.0	2.0	1.863	2.02	1
1133	1.961	2.02	1.922	2.039	1
1134	1.902	2.0	2.078	2.059	1
1135	1.902	1.843	2.078	2.176	1
1136	1.863	1.804	2.039	2.157	1
1137	1.941	1.784	2.118	2.0	1
1138	1.882	1.706	2.275	1.843	1
1139	1.922	1.725	2.314	1.765	1
1140	2.059	1.706	2.216	1.804	1
1141	2.059	1.647	2.078	1.804	1
1142	2.059	1.647	1.902	1.765	1
1143	2.157	1.627	1.843	1.765	1
1144	2.0	1.549	1.824	1.745	1
1145	2.039	1.745	1.725	1.765	1
1146	2.0	1.765	1.725	1.843	1
1147	2.039	1.804	1.608	2.0	1
1148	1.961	1.863	1.588	2.039	1
1149	1.902	1.922	1.647	1.98	1
1150	1.863	1.824	1.725	1.863	1
1151	1.941	1.843	1.784	1.765	1
1152	2.0	1.961	2.039	1.843	1
1153	1.961	2.059	2.412	1.98	1
1154	1.863	1.784	2.294	2.137	1
1155	1.882	1.549	1.784	2.02	1
1156	1.941	1.588	2.059	1.745	1
1157	1.961	1.784	2.255	1.549	1
1158	2.078	1.784	2.078	1.569	1
1159	2.039	1.784	1.922	1.686	1
1160	2.059	1.784	2.0	1.902	1
1161	2.078	1.843	1.98	2.0	1
1162	1.98	1.706	1.725	1.98	1
1163	1.843	1.784	1.647	1.882	1
1164	1.804	1.784	1.588	1.922	1
1165	1.824	1.804	1.647	1.961	1
1166	1.902	1.824	1.569	2.02	1
1167	1.863	1.784	1.608	2.02	1
1168	1.784	1.765	1.725	2.059	1
1169	1.843	1.843	1.863	2.02	1
1170	1.961	1.941	1.98	2.02	1
1171	1.882	1.824	2.118	1.98	1
1172	1.863	1.804	2.235	1.902	1
1173	1.863	1.902	2.294	1.843	1
1174	1.961	1.843	2.216	1.804	1
1175	2.02	1.765	2.176	1.765	1
1176	2.02	1.843	2.196	1.745	1
1177	2.098	1.922	2.235	1.765	1
1178	2.157	2.02	2.059	1.863	1
1179	2.02	1.922	1.765	1.902	1
1180	1.922	2.0	1.824	1.922	1
1181	1.98	2.078	1.922	1.961	1
1182	1.941	2.098	1.98	2.059	1
1183	1.922	2.118	1.804	2.098	1
1184	1.941	2.098	1.784	2.137	1
1185	1.941	2.137	2.039	2.078	1
1186	1.863	2.078	2.216	2.157	1
1187	1.863	2.02	2.275	2.157	1
1188	1.882	1.902	2.373	2.02	1
1189	1.902	1.824	2.353	1.902	1
1190	1.941	1.882	2.275	1.745	1
1191	2.0	1.902	2.196	1.784	1
1192	2.039	1.843	2.255	1.902	1
1193	2.039	1.863	2.294	1.98	1
1194	2.02	1.98	2.294	1.98	1
1195	2.059	1.941	2.059	1.922	1
1196	1.98	1.882	1.961	1.902	1
1197	1.922	1.941	1.961	2.0	1
1198	1.941	2.02	2.059	2.176	1
1199	2.039	2.118	1.98	2.255	1
1200	2.02	2.078	1.882	2.235	1
1201	1.863	2.0	1.961	2.157	1
1202	1.824	1.941	2.098	2.157	1
1203	1.902	2.0	2.255	2.196	1
1204	1.863	1.98	2.353	2.235	1
1205	1.843	1.843	2.392	2.176	1
1206	1.98	1.882	2.49	2.039	1
1207	2.0	1.784	2.471	1.961	1
1208	2.078	1.784	2.49	1.941	1
1209	2.078	1.824	2.471	1.961	1
1210	2.078	1.824	2.294	1.98	1
1211	2.039	1.784	2.196	1.941	1
1212	2.078	1.882	2.078	1.922	1
1213	2.098	1.922	2.0	1.902	1
1214	2.02	1.863	1.961	1.941	1
1215	1.961	1.922	1.804	1.98	1
1216	1.961	1.961	1.843	2.0	1
1217	1.902	2.0	1.863	2.02	1
1218	1.941	2.059	1.922	2.02	1
1219	1.98	2.078	2.039	2.039	1
1220	1.941	2.059	2.137	2.02	1
1221	1.765	1.922	2.235	2.137	1
1222	1.882	1.882	2.137	2.039	1
1223	1.961	1.765	2.137	1.902	1
1224	1.941	1.784	2.314	1.745	1
1225	2.059	1.725	2.235	1.667	1
1226	2.039	1.765	2.275	1.765	1
1227	1.98	1.804	2.314	1.902	1
1228	2.02	1.824	2.216	2.02	1
1229	2.137	1.863	1.98	1.98	1
1230	2.137	1.784	1.843	1.902	1
1231	2.02	1.824	1.686	1.784	1
1232	1.902	1.843	1.784	1.882	1
1233	1.961	1.941	1.843	2.059	1
1234	1.922	1.941	1.941	2.137	1
1235	2.039	2.02	1.941	2.176	1
1236	1.98	2.0	1.745	2.098	1
1237	1.824	1.863	1.843	1.98	1
1238	1.824	1.863	2.0	2.0	1
1239	1.882	1.765	2.078	1.941	1
1240	1.941	1.765	2.176	1.863	1
1241	2.02	1.686	2.255	1.843	1
1242	2.02	1.706	2.157	1.784	1
1243	1.98	1.647	2.0	1.765	1
1244	1.98	1.608	1.824	1.784	1
1245	2.157	1.765	1.725	1.745	1
1246	2.118	1.765	1.725	1.725	1
1247	2.02	1.608	1.569	1.804	1
1248	1.922	1.686	1.569	1.902	1
1249	1.922	1.725	1.549	1.98	1
1250	1.863	1.804	1.549	1.922	1
1251	1.941	1.941	1.529	1.902	1
1252	2.0	1.941	1.588	1.843	1
1253	1.922	1.941	1.922	1.863	1
1254	1.824	1.922	2.137	1.922	1
1255	1.922	1.902	1.961	2.059	1
1256	1.902	1.902	1.961	2.059	1
1257	2.0	1.863	2.196	1.922	1
1258	1.922	1.843	2.392	1.765	1
1259	2.0	1.784	2.118	1.667	1
1260	1.98	1.843	2.235	1.647	1
1261	2.02	1.863	2.255	1.765	1
1262	1.98	1.961	2.275	1.922	1
1263	2.039	2.0	2.216	2.078	1
1264	2.02	1.922	1.922	2.02	1
1265	1.922	1.882	1.843	1.961	1
1266	1.902	1.961	1.882	1.922	1
1267	1.922	2.059	1.843	1.98	1
1268	1.882	2.137	1.824	2.078	1
1269	1.882	2.118	1.941	2.176	1
1270	1.843	2.078	1.961	2.216	1
1271	1.804	2.039	2.059	2.216	1
1272	1.824	1.98	2.196	2.137	1
1273	1.863	1.961	2.255	2.02	1
1274	1.863	1.961	2.353	1.961	1
1275	1.922	2.0	2.412	1.902	1
1276	1.961	2.0	2.353	1.843	1
1277	2.059	1.941	2.333	1.765	1
1278	2.02	1.922	2.275	1.706	1
1279	1.941	1.961	2.255	1.824	1
1280	2.059	2.02	2.157	1.961	1
1281	2.0	1.98	1.961	2.02	1
1282	1.902	2.0	1.98	2.039	1
1283	1.902	2.02	2.0	2.078	1
1284	1.922	2.039	2.0	2.118	1
1285	1.902	2.039	2.039	2.118	1
1286	1.922	2.039	2.02	2.157	1
1287	1.863	1.941	2.118	2.118	1
1288	1.863	1.98	2.255	2.137	1
1289	1.902	2.059	2.353	2.137	1
1290	1.922	1.941	2.412	2.137	1
1291	1.882	1.843	2.412	2.059	1
1292	1.98	1.765	2.373	1.961	1
1293	2.039	1.804	2.373	1.941	1
1294	2.039	1.843	2.373	1.961	1
1295	2.039	1.784	2.275	1.98	1
1296	2.059	1.745	2.176	1.941	1
1297	2.118	1.784	2.059	1.902	1
1298	2.118	1.843	1.941	1.882	1
1299	2.078	1.882	1.902	1.922	1
1300	2.078	1.882	1.843	2.02	1
1301	1.961	1.922	1.843	2.196	1
1302	1.922	1.843	1.765	2.255	1
1303	1.98	1.824	1.725	2.098	1
1304	1.961	1.824	1.882	1.961	1
1305	1.922	1.784	2.078	1.922	1
1306	1.922	1.804	2.137	1.961	1
1307	1.922	1.725	2.137	2.0	1
1308	1.961	1.725	2.216	2.0	1
1309	1.98	1.706	2.235	1.941	1
1310	2.059	1.725	2.294	1.824	1
1311	2.039	1.647	2.176	1.745	1
1312	1.98	1.588	1.98	1.686	1
1313	1.98	1.569	1.961	1.647	1
1314	2.039	1.784	2.118	1.784	1
1315	2.0	1.824	1.843	1.902	1
1316	1.902	1.902	1.686	1.98	1
1317	1.961	1.941	1.608	1.961	1
1318	1.863	1.902	1.706	1.98	1
1319	1.863	1.961	1.804	2.02	1
1320	1.824	1.941	1.824	2.078	1
1321	1.725	1.961	1.824	2.118	1
1322	1.843	2.0	1.941	2.02	1
1323	1.922	1.922	2.078	1.98	1
1324	1.824	1.882	2.373	1.941	1
1325	1.804	1.98	2.549	1.941	1
1326	2.02	1.824	1.98	1.902	1
1327	2.02	1.706	1.745	1.804	1
1328	1.902	1.824	2.275	1.784	1
1329	2.039	1.843	2.412	1.882	1
1330	2.059	1.745	2.059	1.902	1
1331	2.078	1.804	1.98	1.824	1
1332	2.0	1.784	1.941	1.843	1
1333	2.157	1.824	1.588	1.902	1
1334	2.02	1.725	1.294	1.863	1
1335	1.902	1.686	1.529	1.804	1
1336	1.902	1.843	1.667	1.843	1
1337	1.863	1.882	1.745	1.961	1
1338	1.902	1.804	1.765	2.078	1
1339	1.902	1.804	1.765	2.098	1
1340	1.863	1.804	1.804	1.98	1
1341	1.882	1.784	1.902	1.824	1
1342	1.922	1.745	2.02	1.706	1
1343	1.98	1.725	2.137	1.706	1
1344	2.0	1.882	2.176	1.765	1
1345	2.0	1.843	2.118	1.804	1
1346	2.02	1.784	2.039	1.784	1
1347	2.039	1.882	2.098	1.804	1
1348	2.059	1.98	2.059	1.941	1
1349	2.02	1.98	1.882	2.02	1
1350	1.98	2.0	1.882	2.02	1
1351	2.0	1.961	1.804	1.961	1
1352	1.941	1.961	1.804	1.941	1
1353	1.98	2.176	1.98	2.02	1
1354	2.02	2.235	2.216	2.157	1
1355	1.98	2.137	2.157	2.216	1
1356	1.902	2.02	2.059	2.275	1
1357	1.843	1.98	2.157	2.255	1
1358	1.843	1.902	2.255	2.059	1
1359	1.863	1.882	2.333	1.824	1
1360	1.922	1.902	2.471	1.686	1
1361	2.02	1.98	2.569	1.765	1
1362	2.02	1.961	2.431	1.902	1
1363	2.0	1.804	2.235	1.902	1
1364	2.0	1.765	2.039	1.863	1
1365	2.02	1.902	2.098	1.843	1
1366	2.078	2.02	2.059	1.824	1
1367	1.98	2.059	1.961	1.863	1
1368	1.882	2.02	1.922	1.922	1
1369	1.882	2.059	2.0	2.039	1
1370	1.882	2.137	2.02	2.098	1
1371	1.922	2.157	2.0	2.118	1
1372	1.902	2.098	2.078	2.157	1
1373	1.863	1.98	2.176	2.078	1
1374	1.863	1.98	2.294	2.02	1
1375	1.922	1.961	2.471	2.02	1
1376	1.922	2.059	2.647	2.137	1
1377	1.98	2.0	2.608	2.157	1
1378	2.0	1.863	2.451	2.039	1
1379	2.039	1.843	2.373	1.882	1
1380	2.078	1.843	2.392	1.804	1
1381	2.098	1.941	2.373	1.882	1
1382	2.039	1.843	2.353	2.039	1
1383	2.039	1.863	2.176	2.176	1
1384	1.961	1.824	2.0	2.235	1
1385	1.98	1.941	1.824	2.216	1
1386	2.02	2.02	1.922	2.176	1
1387	1.941	1.902	2.02	2.118	1
1388	1.784	1.804	2.02	2.157	1
1389	1.961	1.882	1.98	2.235	1
1390	2.059	1.961	2.098	2.216	1
1391	1.863	1.922	2.235	2.176	1
1392	1.843	1.902	2.176	2.078	1
1393	1.961	1.804	2.216	1.961	1
1394	2.039	1.824	2.235	1.882	1
1395	1.98	1.745	2.0	1.824	1
1396	2.0	1.725	2.176	1.804	1
1397	2.039	1.824	2.255	1.863	1
1398	2.078	1.824	2.118	1.882	1
1399	2.118	1.745	1.804	1.863	1
1400	2.02	1.706	1.627	1.784	1
1401	1.961	1.804	1.627	1.784	1
1402	2.0	1.922	1.667	1.824	1
1403	2.039	1.902	1.647	1.902	1
1404	1.922	1.824	1.608	2.0	1
1405	1.863	1.824	1.627	2.039	1
1406	1.824	1.824	1.824	2.059	1
1407	1.824	1.843	2.137	2.078	1
1408	1.824	1.922	2.196	2.039	1
1409	1.863	1.706	1.765	1.882	1
1410	1.843	1.588	1.725	1.784	1
1411	1.902	1.706	2.255	1.706	1
1412	1.941	1.725	2.353	1.745	1
1413	1.961	1.686	2.176	1.804	1
1414	1.961	1.745	2.098	1.843	1
1415	2.0	1.765	1.961	1.804	1
1416	2.078	1.863	1.98	1.784	1
1417	2.078	1.804	1.765	1.784	1
1418	1.922	1.804	1.667	1.804	1
1419	1.941	1.784	1.608	1.882	1
1420	1.922	1.804	1.667	2.02	1
1421	1.843	1.824	1.667	2.078	1
1422	1.961	1.902	1.667	2.098	1
1423	2.039	1.922	1.667	1.98	1
1424	1.863	1.843	1.765	1.941	1
1425	1.824	1.863	1.882	1.941	1
1426	1.882	1.804	2.176	1.902	1
1427	2.0	1.863	2.294	1.784	1
1428	2.02	1.745	2.118	1.647	1
1429	1.941	1.667	1.941	1.588	1
1430	1.941	1.804	2.137	1.725	1
1431	2.039	1.784	2.137	1.882	1
1432	2.078	1.686	2.02	1.902	1
1433	2.039	1.765	1.941	1.824	1
1434	2.039	1.922	1.843	1.706	1
1435	1.961	2.0	1.843	1.686	1
1436	2.0	2.078	1.804	1.784	1
1437	1.98	2.078	1.765	1.941	1
1438	1.922	2.059	1.784	2.059	1
1439	1.843	2.02	1.843	2.137	1
1440	1.882	1.98	1.941	2.196	1
1441	1.882	2.02	2.02	2.176	1
1442	1.843	1.961	2.02	2.098	1
1443	1.863	1.922	2.235	2.0	1
1444	1.98	1.961	2.353	1.941	1
1445	2.0	1.902	2.373	1.941	1
1446	1.961	1.843	2.333	1.941	1
1447	2.02	1.922	2.412	2.0	1
1448	2.0	1.843	2.294	2.039	1
1449	2.0	1.725	2.176	1.98	1
1450	1.961	1.824	2.098	1.902	1
1451	1.98	1.941	2.02	1.922	1
1452	2.0	1.941	1.882	2.0	1
1453	1.961	1.941	1.804	2.098	1
1454	1.843	1.941	1.843	2.157	1
1455	1.824	1.98	1.961	2.157	1
1456	1.863	2.039	2.098	2.216	1
1457	1.843	2.098	2.235	2.255	1
1458	1.882	2.039	2.255	2.196	1
1459	1.882	1.961	2.235	2.137	1
1460	1.843	1.98	2.373	2.02	1
1461	1.902	2.02	2.471	2.0	1
1462	1.961	1.961	2.529	1.961	1
1463	2.039	1.843	2.451	1.902	1
1464	2.078	1.843	2.412	1.882	1
1465	2.098	1.882	2.412	1.882	1
1466	2.137	1.882	2.333	1.902	1
1467	2.137	1.98	2.235	1.843	1
1468	2.039	1.922	2.059	1.863	1
1469	2.059	2.0	1.98	1.922	1
1470	2.137	2.039	1.941	1.98	1
1471	2.02	2.059	1.922	2.098	1
1472	1.961	2.02	2.039	2.176	1
1473	1.941	2.039	1.941	2.176	1
1474	1.922	2.059	1.922	2.078	1
1475	1.902	2.118	2.118	2.02	1
1476	1.863	2.0	2.255	2.059	1
1477	1.863	1.961	2.235	2.039	1
1478	1.922	1.863	2.098	1.961	1
1479	1.961	1.882	2.353	1.941	1
1480	2.118	2.0	2.627	2.059	1
1481	2.118	1.902	2.51	2.098	1
1482	1.902	1.843	2.235	2.039	1
1483	1.98	1.902	2.078	1.863	1
1484	2.176	1.961	2.059	1.784	1
1485	2.078	1.882	1.922	1.804	1
1486	2.0	1.804	1.843	1.941	1
1487	1.961	1.882	1.765	2.098	1
1488	1.922	1.902	1.745	2.157	1
1489	1.941	1.902	1.765	2.157	1
1490	1.922	1.922	1.882	2.118	1
1491	1.843	1.882	1.98	2.078	1
1492	1.804	1.824	1.922	2.098	1
1493	1.961	1.824	1.863	2.118	1
1494	1.804	1.745	2.137	2.02	1
1495	1.843	1.725	2.255	1.922	1
1496	2.0	1.725	2.02	1.804	1
1497	1.902	1.608	2.078	1.667	1
1498	1.843	1.529	2.137	1.667	1
1499	1.922	1.608	2.098	1.706	1
1500	2.078	1.784	1.961	1.784	1
1501	2.039	1.745	1.882	1.882	1
1502	2.039	1.686	1.824	1.922	1
1503	2.039	1.784	1.765	1.843	1
1504	2.0	1.882	1.765	1.824	1
1505	1.98	1.922	1.608	1.882	1
1506	1.882	1.843	1.588	1.922	1
1507	1.804	1.784	1.784	1.98	1
1508	1.863	1.863	1.706	2.039	1
1509	1.902	1.882	1.627	2.059	1
1510	1.882	1.863	1.922	2.02	1
1511	1.902	1.804	2.157	1.941	1
1512	2.0	1.784	2.216	1.882	1
1513	1.98	1.804	2.216	1.863	1
1514	2.039	1.745	2.196	1.784	1
1515	2.039	1.765	2.137	1.765	1
1516	2.0	1.706	2.078	1.745	1
1517	2.039	1.725	2.098	1.725	1
1518	2.02	1.784	1.98	1.745	1
1519	2.078	1.863	1.765	1.765	1
1520	2.059	1.882	1.667	1.784	1
1521	2.02	1.863	1.706	1.882	1
1522	1.961	2.0	1.765	2.0	1
1523	1.961	2.059	1.824	2.078	1
1524	1.941	2.02	1.804	2.098	1
1525	1.902	1.98	1.824	2.059	1
1526	1.863	2.02	1.922	2.059	1
1527	1.863	1.961	2.059	2.039	1
1528	1.922	1.941	2.216	1.98	1
1529	1.902	1.863	2.176	1.882	1
1530	1.98	1.863	2.255	1.824	1
1531	2.039	1.902	2.294	1.843	1
1532	2.02	1.843	2.314	1.843	1
1533	2.02	1.843	2.314	1.863	1
1534	2.078	1.824	2.255	1.902	1
1535	2.078	1.863	2.196	2.0	1
1536	2.02	1.882	1.961	1.941	1
1537	1.882	1.863	1.863	1.843	1
1538	1.902	2.02	1.98	1.902	1
1539	1.941	2.098	2.02	2.137	1
1540	1.863	2.0	1.961	2.196	1
1541	1.804	2.02	2.02	2.137	1
1542	1.863	2.039	2.039	2.059	1
1543	1.863	2.0	2.196	2.039	1
1544	1.922	1.98	2.294	2.176	1
1545	1.804	1.961	2.431	2.294	1
1546	1.902	1.902	2.471	2.255	1
1547	1.941	1.882	2.51	2.059	1
1548	2.0	1.824	2.392	1.804	1
1549	1.98	1.765	2.294	1.706	1
1550	2.0	1.863	2.373	1.882	1
1551	2.098	1.863	2.353	2.039	1
1552	2.176	1.922	2.196	2.196	1
1553	2.157	1.902	2.039	2.176	1
1554	2.118	1.961	1.902	2.098	1
1555	2.059	2.0	1.843	1.98	1
1556	1.961	1.98	1.765	1.961	1
1557	1.941	1.961	1.784	1.961	1
1558	1.961	1.98	1.804	2.039	1
1559	1.922	1.922	1.863	2.118	1
1560	1.941	1.98	2.078	2.216	1
1561	1.961	2.059	2.137	2.255	1
1562	1.843	1.961	2.118	2.098	1
1563	1.882	1.784	2.196	1.922	1
1564	1.922	1.745	2.353	1.706	1
1565	2.0	1.804	2.451	1.667	1
1566	2.039	1.824	2.275	1.745	1
1567	1.902	1.706	1.961	1.882	1
1568	1.922	1.608	1.804	1.902	1
1569	2.02	1.745	2.118	1.863	1
1570	2.118	1.941	2.098	1.784	1
1571	2.059	1.922	1.941	1.784	1
1572	2.0	1.922	1.863	1.882	1
1573	1.98	1.98	1.804	1.961	1
1574	1.902	2.0	1.804	2.098	1
1575	1.882	1.961	1.745	2.157	1
1576	1.824	2.0	1.804	2.137	1
1577	1.824	2.039	1.961	2.078	1
1578	1.882	2.0	2.098	2.0	1
1579	1.961	2.0	2.196	1.941	1
1580	2.0	1.941	2.216	1.882	1
1581	1.98	1.941	2.294	1.902	1
1582	1.98	1.863	2.275	1.882	1
1583	1.98	1.824	2.235	1.824	1
1584	2.078	1.902	2.235	1.784	1
1585	2.078	1.784	2.098	1.765	1
1586	1.941	1.784	1.863	1.706	1
1587	1.98	1.882	1.824	1.784	1
1588	1.98	1.843	1.784	1.882	1
1589	1.961	1.882	1.765	1.941	1
1590	1.961	1.882	1.569	1.98	1
1591	1.863	1.882	1.667	2.02	1
1592	1.882	1.941	1.706	2.02	1
1593	1.824	1.863	1.686	2.0	1
1594	1.804	1.804	1.745	1.941	1
1595	1.824	1.784	1.882	1.902	1
1596	1.882	1.725	2.0	1.824	1
1597	1.961	1.608	1.98	1.804	1
1598	1.902	1.667	2.157	1.863	1
1599	1.961	1.725	2.275	1.961	1
1600	1.922	1.647	2.098	1.961	1
1601	2.02	1.667	2.02	1.843	1
1602	2.059	1.667	2.039	1.765	1
1603	2.02	1.686	2.098	1.765	1
1604	2.078	1.706	1.902	1.804	1
1605	2.039	1.745	1.765	1.804	1
1606	2.098	1.863	1.843	1.882	1
1607	2.078	2.059	1.902	2.059	1
1608	1.922	1.961	1.863	2.196	1
1609	1.902	1.922	1.863	2.255	1
1610	1.902	1.98	1.882	2.235	1
1611	1.902	2.02	2.039	2.078	1
1612	1.922	2.0	2.118	1.961	1
1613	1.902	1.902	2.235	1.882	1
1614	1.961	1.941	2.392	1.902	1
1615	1.941	1.961	2.529	2.0	1
1616	2.02	1.882	2.431	2.059	1
1617	2.059	1.824	2.255	2.0	1
1618	2.0	1.804	2.275	1.922	1
1619	2.02	1.863	2.353	1.902	1
1620	2.157	2.039	2.353	1.902	1
1621	2.157	2.059	2.137	1.961	1
1622	2.02	2.0	1.98	1.98	1
1623	1.98	1.98	1.922	2.0	1
1624	1.98	2.039	1.902	2.098	1
1625	1.843	1.98	1.902	2.216	1
1626	1.882	2.059	2.02	2.235	1
1627	1.961	2.157	2.118	2.235	1
1628	1.941	2.118	2.235	2.235	1
1629	1.882	2.039	2.235	2.196	1
1630	1.824	1.882	2.275	2.137	1
1631	1.882	1.863	2.314	2.039	1
1632	1.941	1.961	2.431	2.0	1
1633	1.961	1.863	2.353	1.941	1
1634	1.941	1.863	2.373	1.882	1
1635	1.98	1.922	2.333	1.863	1
1636	2.0	1.824	2.235	1.824	1
1637	2.059	1.882	2.196	1.902	1
1638	2.039	1.824	2.059	1.961	1
1639	1.902	1.765	1.902	1.98	1
1640	1.922	1.804	1.784	1.922	1
1641	1.98	1.902	1.725	1.98	1
1642	1.843	1.941	1.745	2.039	1
1643	1.882	1.961	1.882	2.118	1
1644	1.902	1.98	1.922	2.157	1
1645	1.902	1.941	2.02	2.176	1
1646	1.863	1.824	2.039	2.078	1
1647	1.804	1.765	2.098	1.98	1
1648	1.843	1.725	2.176	1.824	1
1649	1.922	1.784	2.294	1.745	1
1650	2.02	1.745	2.235	1.725	1
1651	2.0	1.745	2.118	1.745	1
1652	1.922	1.725	2.137	1.843	1
1653	1.98	1.804	2.196	1.922	1
1654	2.059	1.863	2.137	1.882	1
1655	2.176	1.882	1.882	1.784	1
1656	2.098	1.824	1.569	1.686	1
1657	1.961	1.863	1.824	1.745	1
1658	1.922	2.02	1.98	1.922	1
1659	1.941	2.039	1.882	2.059	1
1660	2.02	1.98	1.725	2.118	1
1661	1.882	1.882	1.843	2.039	1
1662	1.882	1.961	2.0	2.02	1
1663	1.902	1.961	2.0	2.02	1
1664	2.0	1.961	2.078	2.0	1
1665	1.941	1.941	2.216	1.922	1
1666	1.941	1.824	2.255	1.804	1
1667	2.02	1.706	2.235	1.725	1
1668	2.078	1.765	2.275	1.706	1
1669	2.098	1.765	2.216	1.745	1
1670	2.059	1.745	2.059	1.765	1
1671	2.078	1.745	1.824	1.824	1
1672	2.059	1.725	1.745	1.765	1
1673	1.941	1.686	1.667	1.765	1
1674	1.961	1.882	1.706	1.824	1
1675	1.98	1.902	1.627	1.922	1
1676	1.902	1.824	1.647	2.078	1
1677	1.902	1.843	1.647	2.118	1
1678	1.863	1.843	1.706	2.039	1
1679	1.804	1.843	1.804	2.0	1
1680	1.824	1.824	1.961	1.922	1
1681	1.882	1.941	2.118	2.0	1
1682	1.882	1.98	2.137	2.078	1
1683	1.902	1.863	2.157	2.098	1
1684	1.922	1.784	2.176	2.039	1
1685	1.941	1.765	2.235	1.961	1
1686	1.98	1.843	2.118	1.863	1
1687	2.059	1.922	1.961	1.745	1
1688	2.098	2.078	2.157	1.686	1
1689	2.157	2.118	2.157	1.745	1
1690	2.02	2.0	1.843	1.824	1
1691	1.961	2.02	1.784	1.882	1
1692	2.0	2.0	1.725	1.98	1
1693	1.98	2.02	1.863	2.157	1
1694	1.98	2.118	1.922	2.235	1
1695	1.922	2.098	1.941	2.176	1
1696	1.882	2.059	1.941	2.02	1
1697	1.902	1.922	2.039	1.843	1
1698	1.843	1.902	2.176	1.824	1
1699	1.863	1.843	2.176	1.843	1
1700	1.941	1.843	2.314	1.843	1
1701	2.039	1.882	2.431	1.922	1
1702	2.0	1.863	2.333	1.941	1
1703	1.98	1.765	2.216	1.941	1
1704	2.0	1.765	2.157	1.863	1
1705	2.059	1.863	2.176	1.863	1
1706	2.039	1.902	2.078	1.902	1
1707	1.98	1.922	1.961	2.0	1
1708	1.941	1.98	1.961	2.078	1
1709	1.941	1.961	1.941	2.157	1
1710	1.863	1.98	1.882	2.255	1
1711	1.843	2.0	1.922	2.294	1
1712	1.922	2.039	2.039	2.314	1
1713	1.902	2.078	2.137	2.314	1
1714	1.824	1.961	2.255	2.157	1
1715	1.824	1.941	2.353	2.02	1
1716	1.902	1.902	2.412	2.0	1
1717	1.882	1.863	2.529	2.059	1
1718	1.941	1.843	2.451	2.098	1
1719	1.98	1.843	2.431	2.118	1
1720	2.02	1.804	2.431	2.059	1
1721	2.059	1.765	2.314	1.98	1
1722	2.059	1.824	2.176	1.882	1
1723	2.02	1.882	2.157	1.882	1
1724	2.059	1.902	1.961	1.941	1
1725	1.98	1.922	1.882	1.961	1
1726	1.961	1.922	1.824	2.059	1
1727	1.902	1.941	1.824	2.118	1
1728	1.902	1.863	1.843	2.098	1
1729	1.863	1.843	1.843	2.059	1
1730	1.824	1.824	2.0	2.059	1
1731	1.843	1.843	2.059	2.039	1
1732	1.882	1.804	2.078	2.02	1
1733	1.922	1.667	2.078	1.902	1
1734	1.882	1.569	2.118	1.804	1
1735	1.882	1.647	2.275	1.765	1
1736	1.961	1.725	2.294	1.824	1
1737	2.0	1.647	2.216	1.824	1
1738	2.02	1.667	2.098	1.804	1
1739	2.098	1.902	1.941	1.765	1
1740	2.098	1.902	1.882	1.745	1
1741	2.02	1.765	1.804	1.765	1
1742	1.98	1.824	1.784	1.863	1
1743	2.02	1.922	1.706	1.98	1
1744	2.02	2.02	1.647	2.02	1
1745	1.902	2.02	1.745	2.0	1
1746	1.902	2.0	1.804	1.98	1
1747	1.961	2.059	1.941	2.02	1
1748	1.98	2.02	1.98	2.02	1
1749	2.0	1.902	2.098	1.961	1
1750	2.0	1.824	2.078	1.863	1
1751	1.941	1.804	2.196	1.804	1
1752	2.059	1.804	2.275	1.824	1
1753	2.098	1.843	2.196	1.863	1
1754	2.098	1.784	2.118	1.843	1
1755	2.098	1.824	2.098	1.804	1
1756	2.118	1.824	2.02	1.745	1
1757	2.118	1.882	1.941	1.765	1
1758	2.059	1.902	1.941	1.843	1
1759	2.02	1.961	1.784	1.941	1
1760	2.0	2.02	1.588	2.02	1
1761	2.0	2.078	1.588	2.078	1
1762	1.902	2.078	1.824	2.039	1
1763	1.863	2.059	1.941	2.059	1
1764	1.902	2.078	2.02	2.098	1
1765	1.922	2.078	2.078	2.059	1
1766	1.902	2.0	2.157	2.078	1
1767	1.902	1.98	2.235	2.0	1
1768	1.902	1.941	2.314	2.0	1
1769	1.941	1.824	2.255	1.882	1
1770	1.961	1.745	2.235	1.784	1
1771	1.941	1.824	2.235	1.784	1
1772	2.0	1.863	2.235	1.804	1
1773	2.078	1.843	2.157	1.882	1
1774	2.078	1.843	2.059	1.902	1
1775	1.961	1.784	1.902	1.941	1
1776	1.922	1.863	1.824	1.922	1
1777	1.961	1.902	1.745	2.0	1
1778	1.902	1.941	1.765	2.078	1
1779	1.863	1.941	1.863	2.137	1
1780	1.863	1.902	1.902	2.176	1
1781	1.824	1.922	1.961	2.078	1
1782	1.843	1.922	2.059	2.059	1
1783	1.843	1.863	2.137	2.02	1
1784	1.882	1.804	2.196	1.961	1
1785	1.843	1.804	2.235	1.902	1
1786	1.902	1.745	2.255	1.843	1
1787	1.961	1.765	2.196	1.843	1
1788	1.961	1.784	2.235	1.863	1
1789	2.0	1.765	2.216	1.882	1
1790	2.059	1.824	2.157	1.882	1
1791	2.02	1.882	2.039	1.863	1
1792	2.0	1.824	1.843	1.882	1
1793	1.961	1.843	1.902	1.961	1
1794	1.941	1.941	1.863	2.039	1
1795	1.941	1.98	1.882	2.137	1
1796	1.863	1.941	1.843	2.118	1
1797	1.843	1.941	1.941	2.059	1
1798	1.863	1.961	2.0	2.098	1
1799	1.863	1.922	2.118	2.098	1
1800	1.882	1.902	2.235	2.098	1
1801	1.922	1.882	2.294	2.059	1
1802	1.941	1.863	2.353	1.961	1
1803	2.0	1.824	2.353	1.902	1
1804	2.0	1.804	2.314	1.863	1
1805	2.0	1.765	2.294	1.824	1
1806	2.0	1.804	2.275	1.804	1
1807	2.118	1.804	2.137	1.804	1
1808	2.059	1.843	2.0	1.843	1
1809	2.039	1.882	1.902	1.902	1
1810	2.0	1.941	1.863	1.98	1
1811	1.98	1.961	1.784	2.02	1
1812	1.941	1.961	1.784	2.059	1
1813	1.922	1.98	1.824	2.039	1
1814	1.922	1.922	1.863	2.039	1
1815	1.902	1.98	1.961	2.078	1
1816	1.882	1.941	2.059	2.078	1
1817	1.922	1.961	2.157	2.039	1
1818	1.902	1.863	2.235	1.961	1
1819	1.941	1.863	2.314	1.922	1
1820	1.98	1.824	2.275	1.843	1
1821	2.02	1.784	2.255	1.824	1
1822	2.02	1.804	2.176	1.824	1
1823	2.039	1.804	2.157	1.804	1
1824	2.078	1.863	2.118	1.824	1
1825	2.098	1.843	2.078	1.824	1
1826	2.059	1.843	1.843	1.843	1
1827	1.98	1.902	1.706	1.882	1
1828	2.0	1.922	1.725	1.922	1
1829	1.941	1.941	1.843	2.059	1
1830	1.902	2.0	1.882	2.176	1
1831	1.922	2.0	1.882	2.176	1
1832	1.922	1.941	1.902	2.118	1
1833	1.863	1.863	1.922	2.02	1
1834	1.882	1.882	2.098	1.941	1
1835	1.922	1.843	2.216	1.902	1
1836	1.922	1.843	2.275	1.922	1
1837	1.961	1.824	2.314	1.922	1
1838	2.02	1.804	2.255	1.902	1
1839	2.0	1.804	2.157	1.863	1
1840	2.02	1.784	2.118	1.843	1
1841	2.059	1.824	2.078	1.843	1
1842	2.078	1.843	2.0	1.863	1
1843	2.059	1.863	1.863	1.882	1
1844	2.02	1.882	1.784	1.882	1
1845	2.0	1.941	1.745	1.961	1
1846	1.922	1.961	1.784	2.059	1
1847	1.882	1.98	1.824	2.137	1
1848	1.941	1.98	1.863	2.098	1
1849	1.922	1.961	1.902	2.02	1
1850	1.863	1.922	1.941	2.02	1
1851	1.824	1.902	2.137	2.02	1
1852	1.863	1.882	2.235	2.02	1
1853	1.922	1.843	2.314	2.0	1
1854	1.98	1.804	2.294	1.882	1
1855	2.0	1.784	2.275	1.804	1
1856	2.0	1.784	2.235	1.824	1
1857	2.02	1.784	2.176	1.804	1
1858	2.059	1.765	2.098	1.824	1
1859	2.02	1.882	2.02	1.902	1
1860	2.039	1.863	1.882	1.922	1
1861	1.922	1.902	1.804	1.961	1
1862	1.961	1.922	1.765	1.98	1
1863	1.922	1.961	1.765	2.059	1
1864	1.882	1.98	1.824	2.078	1
1865	1.882	1.98	1.863	2.118	1
1866	1.863	1.98	1.902	2.098	1
1867	1.804	2.0	2.039	2.059	1
1868	1.863	1.961	2.157	2.059	1
1869	1.863	1.863	2.235	2.0	1
1870	1.922	1.843	2.275	1.941	1
1871	1.961	1.824	2.294	1.882	1
1872	2.0	1.824	2.275	1.843	1
1873	2.0	1.824	2.275	1.824	1
1874	2.0	1.804	2.255	1.843	1
1875	2.078	1.843	2.137	1.843	1
1876	2.059	1.902	2.078	1.863	1
1877	2.059	1.882	1.902	1.902	1
1878	1.941	1.882	1.824	1.941	1
1879	1.98	1.941	1.804	2.0	1
1880	1.941	1.98	1.824	2.059	1
1881	1.922	1.98	1.843	2.098	1
1882	1.882	1.98	1.882	2.098	1
1883	1.863	1.961	1.961	2.098	1
1884	1.902	1.98	2.059	2.039	1
1885	1.863	1.941	2.176	2.02	1
1886	1.902	1.863	2.216	1.98	1
1887	1.922	1.863	2.275	1.922	1
1888	1.941	1.804	2.314	1.882	1
1889	2.0	1.804	2.275	1.824	1
1890	2.02	1.804	2.255	1.824	1
1891	2.039	1.824	2.216	1.843	1
1892	2.059	1.882	2.137	1.843	1
1893	2.039	1.882	2.059	1.882	1
1894	2.059	1.863	1.882	1.902	1
1895	2.0	1.902	1.863	1.961	1
1896	2.0	1.961	1.824	1.98	1
1897	1.941	1.98	1.824	2.059	1
1898	1.902	1.98	1.843	2.098	1
1899	1.922	1.961	1.882	2.098	1
1900	1.902	1.98	1.922	2.098	1
1901	1.882	1.961	2.039	2.059	1
1902	1.863	1.902	2.157	2.039	1
1903	1.922	1.863	2.235	2.0	1
1904	1.961	1.863	2.275	1.941	1
1905	1.961	1.843	2.333	1.882	1
1906	2.0	1.784	2.294	1.843	1
1907	2.02	1.784	2.255	1.843	1
1908	2.039	1.784	2.216	1.843	1
1909	2.059	1.824	2.098	1.843	1
1910	2.098	1.882	2.059	1.882	1
1911	2.059	1.863	1.882	1.882	1
1912	2.0	1.902	1.824	1.922	1
1913	2.0	1.961	1.804	1.98	1
1914	1.941	1.98	1.804	2.059	1
1915	1.922	1.98	1.824	2.098	1
1916	1.902	1.961	1.863	2.118	1
1917	1.902	1.941	1.902	2.118	1
1918	1.922	1.961	2.0	2.059	1
1919	1.863	1.941	2.137	2.059	1
1920	1.922	1.863	2.255	2.0	1
1921	1.941	1.863	2.294	1.941	1
1922	1.961	1.804	2.294	1.863	1
1923	2.02	1.784	2.275	1.824	1
1924	2.0	1.784	2.255	1.824	1
1925	2.02	1.765	2.216	1.843	1
1926	2.039	1.765	2.118	1.863	1
1927	2.059	1.824	2.039	1.843	1
1928	2.059	1.843	1.902	1.882	1
1929	1.961	1.882	1.843	1.922	1
1930	2.0	1.902	1.784	1.98	1
1931	1.961	1.961	1.784	2.039	1
1932	1.922	1.98	1.804	2.059	1
1933	1.882	1.98	1.863	2.098	1
1934	1.863	1.961	1.922	2.059	1
1935	1.863	1.961	2.02	2.078	1
1936	1.882	1.961	2.137	2.039	1
1937	1.902	1.882	2.216	2.0	1
1938	1.922	1.863	2.255	1.941	1
1939	1.941	1.824	2.294	1.882	1
1940	2.0	1.804	2.255	1.843	1
1941	2.02	1.804	2.235	1.804	1
1942	2.039	1.824	2.196	1.824	1
1943	2.02	1.824	2.118	1.843	1
1944	2.039	1.843	2.039	1.863	1
1945	2.059	1.863	1.902	1.863	1
1946	1.98	1.882	1.843	1.922	1
1947	1.961	1.941	1.804	2.0	1
1948	1.961	2.0	1.804	2.059	1
1949	1.922	1.961	1.824	2.078	1
1950	1.922	1.98	1.882	2.098	1
1951	1.902	1.98	1.941	2.098	1
1952	1.941	1.961	2.078	2.078	1
1953	1.902	1.961	2.137	2.078	1
1954	1.882	1.882	2.235	2.02	1
1955	1.941	1.863	2.275	1.961	1
1956	1.941	1.824	2.333	1.882	1
1957	2.0	1.804	2.294	1.843	1
1958	2.0	1.784	2.255	1.843	1
1959	2.039	1.804	2.216	1.824	1
1960	2.078	1.784	2.176	1.824	1
1961	2.059	1.863	2.078	1.843	1
1962	2.059	1.863	1.922	1.902	1
1963	1.961	1.882	1.843	1.941	1
1964	2.0	1.941	1.804	1.98	1
1965	1.941	1.98	1.804	2.039	1
1966	1.922	1.98	1.863	2.078	1
1967	1.922	1.98	1.863	2.098	1
1968	1.902	1.961	1.941	2.059	1
1969	1.863	1.941	2.02	2.059	1
1970	1.882	1.941	2.118	2.059	1
1971	1.941	1.863	2.235	1.98	1
1972	1.941	1.843	2.255	1.961	1
1973	1.98	1.804	2.294	1.863	1
1974	2.039	1.784	2.275	1.824	1
1975	2.02	1.784	2.275	1.824	1
1976	1.98	1.784	2.235	1.863	1
1977	2.039	1.784	2.157	1.824	1
1978	2.078	1.843	2.059	1.902	1
1979	2.118	1.863	1.902	1.882	1
1980	2.0	1.882	1.863	1.902	1
1981	1.98	1.922	1.804	1.961	1
1982	1.941	1.961	1.804	2.02	1
1983	1.902	1.98	1.843	2.078	1
1984	1.863	2.0	1.863	2.118	1
1985	1.843	1.961	1.941	2.137	1
1986	1.784	1.98	2.039	2.118	1
1987	1.863	1.941	2.157	2.098	1
1988	1.863	1.882	2.235	2.0	1
1989	1.902	1.843	2.294	1.941	1
1990	1.922	1.824	2.314	1.902	1
1991	1.961	1.804	2.275	1.824	1
1992	2.02	1.804	2.275	1.863	1
1993	2.0	1.824	2.216	1.824	1
1994	2.039	1.784	2.176	1.863	1
1995	2.059	1.863	2.039	1.882	1
1996	2.059	1.863	1.922	1.882	1
1997	1.98	1.863	1.843	1.922	1
1998	1.961	1.922	1.824	1.961	1
1999	1.98	2.0	1.804	2.039	1
