time	channel1	channel2	channel3	channel4	class
0	1.902	1.961	2.176	2.098	5
1	1.882	1.863	2.275	2.098	5
2	1.941	1.902	2.333	2.078	5
3	1.961	1.824	2.294	2.02	5
4	2.0	1.824	2.235	1.961	5
5	2.0	1.824	2.196	1.941	5
6	2.039	1.824	2.176	1.922	5
7	2.02	1.843	2.078	1.882	5
8	2.078	1.843	1.98	1.863	5
9	2.039	1.824	1.824	1.804	5
10	1.961	1.843	1.804	1.804	5
11	1.98	1.882	1.765	1.824	5
12	1.961	1.941	1.824	1.863	5
13	1.941	1.941	1.843	1.961	5
14	1.902	1.941	1.882	1.98	5
15	1.902	1.922	1.941	2.059	5
16	1.843	1.922	2.059	2.059	5
17	1.882	1.902	2.157	2.078	5
18	1.902	1.843	2.255	2.078	5
19	1.922	1.843	2.275	2.059	5
20	1.98	1.824	2.275	2.02	5
21	2.0	1.804	2.235	1.941	5
22	2.02	1.824	2.216	1.961	5
23	2.02	1.804	2.176	1.902	5
24	2.078	1.765	2.118	1.843	5
25	2.039	1.843	1.98	1.843	5
26	2.039	1.824	1.804	1.804	5
27	1.98	1.863	1.804	1.784	5
28	1.98	1.902	1.765	1.804	5
29	1.941	1.941	1.784	1.882	5
30	1.922	1.941	1.843	1.941	5
31	1.941	1.961	1.882	1.98	5
32	1.902	1.961	1.98	1.98	5
33	1.941	1.941	2.078	2.039	5
34	1.922	1.98	2.196	2.098	5
35	1.941	1.922	2.294	2.118	5
36	1.961	1.882	2.294	2.059	5
37	1.941	1.804	2.275	2.02	5
38	2.0	1.784	2.216	1.941	5
39	2.0	1.843	2.216	1.922	5
40	2.02	1.843	2.196	1.902	5
41	2.059	1.824	2.098	1.863	5
42	2.039	1.863	2.0	1.843	5
43	2.059	1.843	1.804	1.843	5
44	1.961	1.863	1.804	1.804	5
45	1.98	1.902	1.745	1.804	5
46	1.902	1.941	1.784	1.863	5
47	1.882	1.922	1.843	1.941	5
48	1.882	1.922	1.882	2.0	5
49	1.882	1.941	1.961	2.0	5
50	1.902	1.941	2.078	2.078	5
51	1.882	1.922	2.157	2.098	5
52	1.882	1.843	2.255	2.098	5
53	1.922	1.882	2.333	2.078	5
54	1.941	1.824	2.294	2.02	5
55	2.02	1.843	2.235	1.961	5
56	1.98	1.824	2.216	1.961	5
57	1.98	1.804	2.176	1.941	5
58	2.039	1.784	2.118	1.902	5
59	2.02	1.863	1.98	1.882	5
60	2.039	1.863	1.843	1.804	5
61	1.961	1.882	1.824	1.824	5
62	1.98	1.922	1.784	1.824	5
63	1.961	1.941	1.824	1.922	5
64	1.941	1.98	1.824	1.941	5
65	1.922	1.941	1.902	2.0	5
66	1.922	1.961	1.961	2.02	5
67	1.882	1.961	2.078	2.059	5
68	1.922	1.941	2.196	2.078	5
69	1.882	1.882	2.255	2.078	5
70	1.902	1.863	2.294	2.078	5
71	1.941	1.824	2.294	2.039	5
72	1.98	1.804	2.235	1.961	5
73	2.02	1.824	2.196	1.922	5
74	2.0	1.824	2.176	1.922	5
75	2.039	1.824	2.118	1.882	5
76	2.059	1.843	1.961	1.843	5
77	2.0	1.843	1.824	1.804	5
78	1.941	1.882	1.824	1.804	5
79	1.961	1.922	1.784	1.824	5
80	1.902	1.98	1.804	1.922	5
81	1.902	1.941	1.863	1.961	5
82	1.922	1.961	1.902	2.0	5
83	1.882	1.961	1.961	2.059	5
84	1.902	1.922	2.078	2.078	5
85	1.882	1.922	2.176	2.118	5
86	1.843	1.863	2.255	2.078	5
87	1.804	1.863	2.275	2.059	5
88	1.863	1.824	2.314	2.039	5
89	1.941	1.824	2.255	2.0	5
90	1.922	1.824	2.216	1.961	5
91	1.922	1.804	2.176	1.922	5
92	1.902	1.824	2.0	1.902	5
93	1.922	1.843	1.98	1.863	5
94	1.882	1.863	1.843	1.843	5
95	1.824	1.902	1.824	1.824	5
96	1.843	1.922	1.745	1.824	5
97	1.765	1.961	1.784	1.902	5
98	1.765	1.961	1.863	1.961	5
99	1.765	1.98	1.882	2.0	5
100	1.765	1.961	1.961	2.0	5
101	1.745	2.0	2.078	2.078	5
102	1.745	1.98	2.196	2.118	5
103	1.804	1.882	2.255	2.118	5
104	1.863	1.902	2.294	2.078	5
105	1.902	1.863	2.314	2.039	5
106	1.922	1.843	2.255	1.98	5
107	1.961	1.824	2.196	1.922	5
108	2.0	1.824	2.137	1.922	5
109	2.0	1.824	2.078	1.902	5
110	2.059	1.863	2.0	1.863	5
111	2.059	1.863	1.843	1.804	5
112	2.0	1.882	1.804	1.824	5
113	2.0	1.902	1.745	1.824	5
114	1.98	1.941	1.784	1.882	5
115	1.961	1.961	1.824	1.941	5
116	1.98	1.922	1.882	1.98	5
117	1.941	1.922	1.941	2.039	5
118	1.922	1.941	2.059	2.039	5
119	2.0	1.941	2.157	2.118	5
120	1.98	1.863	2.235	2.078	5
121	2.0	1.843	2.275	2.059	5
122	2.02	1.804	2.275	2.02	5
123	2.098	1.804	2.255	1.98	5
124	2.098	1.843	2.176	1.941	5
125	2.078	1.804	2.176	1.922	5
126	2.118	1.804	2.078	1.882	5
127	2.098	1.843	1.961	1.843	5
128	2.118	1.843	1.843	1.824	5
129	2.02	1.882	1.804	1.804	5
130	2.039	1.882	1.765	1.824	5
131	2.0	1.922	1.784	1.902	5
132	1.98	1.941	1.843	1.961	5
133	1.961	1.961	1.902	2.0	5
134	1.941	1.961	1.961	2.0	5
135	1.941	1.961	2.078	2.059	5
136	1.961	1.922	2.157	2.098	5
137	1.941	1.863	2.255	2.078	5
138	1.98	1.882	2.314	2.059	5
139	2.0	1.824	2.314	2.039	5
140	2.039	1.804	2.235	1.98	5
141	2.039	1.824	2.216	1.941	5
142	2.059	1.804	2.157	1.902	5
143	2.059	1.824	2.078	1.882	5
144	2.039	1.804	1.98	1.843	5
145	2.059	1.824	1.804	1.824	5
146	2.0	1.863	1.804	1.804	5
147	2.02	1.902	1.765	1.843	5
148	1.98	1.961	1.784	1.882	5
149	1.941	1.961	1.843	1.961	5
150	1.941	1.961	1.882	1.98	5
151	1.922	1.961	1.961	2.02	5
152	1.961	1.941	2.059	2.039	5
153	1.902	1.922	2.176	2.098	5
154	1.922	1.863	2.235	2.098	5
155	1.961	1.882	2.314	2.059	5
156	1.961	1.843	2.294	2.02	5
157	2.0	1.824	2.235	1.961	5
158	1.98	1.824	2.235	1.941	5
159	2.0	1.804	2.157	1.902	5
160	2.059	1.784	2.039	1.882	5
161	2.078	1.863	2.0	1.824	5
162	2.039	1.863	1.863	1.824	5
163	1.961	1.882	1.824	1.824	5
164	1.98	1.902	1.765	1.824	5
165	1.941	1.941	1.784	1.863	5
166	1.902	1.961	1.863	1.98	5
167	1.882	1.941	1.902	2.0	5
168	1.902	1.941	1.941	2.059	5
169	1.941	1.941	2.039	2.02	5
170	1.941	1.882	2.157	2.078	5
171	1.902	1.863	2.235	2.078	5
172	1.961	1.863	2.294	2.078	5
173	1.961	1.804	2.275	2.02	5
174	2.0	1.784	2.235	1.961	5
175	1.98	1.804	2.196	1.922	5
176	2.0	1.784	2.176	1.922	5
177	2.078	1.804	2.078	1.902	5
178	2.039	1.843	2.0	1.863	5
179	2.039	1.843	1.804	1.804	5
180	1.941	1.882	1.804	1.804	5
181	1.941	1.922	1.765	1.824	5
182	1.922	1.961	1.804	1.902	5
183	1.863	1.961	1.843	1.961	5
184	1.902	1.98	1.882	2.02	5
185	1.882	1.961	1.98	2.039	5
186	1.863	1.941	2.078	2.078	5
187	1.882	1.922	2.216	2.098	5
188	1.902	1.863	2.255	2.098	5
189	1.922	1.882	2.294	2.078	5
190	1.922	1.804	2.333	2.059	5
191	2.0	1.784	2.255	2.0	5
192	2.0	1.804	2.216	1.941	5
193	2.0	1.824	2.196	1.922	5
194	1.98	1.804	2.137	1.922	5
195	2.0	1.824	2.039	1.902	5
196	2.078	1.843	1.824	1.863	5
197	1.961	1.863	1.765	1.784	5
198	1.98	1.941	1.765	1.804	5
199	1.922	1.961	1.843	1.882	5
200	1.882	1.941	1.863	1.961	5
201	1.902	1.98	1.902	2.02	5
202	1.902	1.98	1.98	2.078	5
203	1.804	1.98	2.078	2.059	5
204	1.863	1.941	2.176	2.098	5
205	1.863	1.902	2.255	2.098	5
206	1.922	1.902	2.294	2.078	5
207	1.941	1.863	2.314	2.059	5
208	2.0	1.863	2.235	1.98	5
209	1.98	1.843	2.196	1.98	5
210	2.0	1.824	2.157	1.941	5
211	2.039	1.843	2.039	1.863	5
212	2.039	1.882	1.98	1.863	5
213	2.059	1.863	1.843	1.824	5
214	1.98	1.882	1.784	1.824	5
215	2.0	1.922	1.745	1.824	5
216	1.961	1.961	1.804	1.882	5
217	1.922	1.98	1.863	1.941	5
218	1.941	1.961	1.902	2.0	5
219	1.941	1.941	1.922	2.02	5
220	1.882	1.961	2.059	2.02	5
221	1.922	1.941	2.196	2.078	5
222	1.882	1.882	2.275	2.078	5
223	1.922	1.882	2.294	2.098	5
224	2.0	1.824	2.294	2.02	5
225	2.039	1.804	2.235	1.961	5
226	2.02	1.824	2.216	1.922	5
227	2.0	1.804	2.196	1.922	5
228	2.02	1.804	2.059	1.902	5
229	2.0	1.843	1.98	1.863	5
230	2.039	1.863	1.863	1.843	5
231	1.941	1.863	1.824	1.824	5
232	1.961	1.902	1.765	1.824	5
233	1.941	1.961	1.804	1.882	5
234	1.902	1.961	1.863	1.922	5
235	1.902	1.941	1.882	1.98	5
236	1.882	1.922	1.961	2.0	5
237	1.843	1.941	2.059	2.059	5
238	1.941	1.922	2.176	2.078	5
239	1.941	1.863	2.255	2.078	5
240	1.922	1.863	2.275	2.059	5
241	1.941	1.804	2.294	2.02	5
242	1.98	1.784	2.255	1.961	5
243	1.98	1.824	2.216	1.922	5
244	2.0	1.804	2.176	1.922	5
245	2.059	1.804	2.078	1.882	5
246	2.039	1.863	1.98	1.863	5
247	2.059	1.843	1.843	1.804	5
248	1.98	1.882	1.804	1.784	5
249	1.98	1.922	1.804	1.824	5
250	1.941	1.941	1.804	1.882	5
251	1.882	1.922	1.804	1.961	5
252	1.882	1.941	1.922	2.02	5
253	1.922	1.98	2.02	2.02	5
254	1.941	1.961	2.039	2.039	5
255	1.824	1.882	2.157	2.118	5
256	1.882	1.882	2.275	2.078	5
257	1.941	1.863	2.314	2.078	5
258	1.961	1.843	2.294	2.02	5
259	2.0	1.824	2.275	1.98	5
260	2.0	1.824	2.196	1.961	5
261	2.0	1.804	2.157	1.922	5
262	2.0	1.784	2.078	1.882	5
263	2.02	1.843	2.0	1.824	5
264	2.039	1.843	1.804	1.804	5
265	1.961	1.863	1.804	1.824	5
266	1.98	1.882	1.765	1.824	5
267	1.941	1.941	1.784	1.882	5
268	1.902	1.941	1.863	1.961	5
269	1.902	1.922	1.882	2.0	5
270	1.902	1.922	1.941	2.0	5
271	1.941	1.941	2.059	2.059	5
272	1.882	1.961	2.157	2.098	5
273	1.882	1.863	2.255	2.098	5
274	1.941	1.863	2.255	2.078	5
275	1.98	1.804	2.275	2.02	5
276	2.039	1.784	2.216	1.941	5
277	2.0	1.824	2.196	1.902	5
278	2.02	1.804	2.176	1.902	5
279	2.039	1.843	2.078	1.882	5
280	2.059	1.843	2.0	1.863	5
281	2.039	1.824	1.824	1.804	5
282	1.961	1.863	1.784	1.804	5
283	2.0	1.941	1.765	1.843	5
284	1.902	2.0	1.824	1.882	5
285	1.882	1.961	1.863	1.98	5
286	1.922	1.961	1.863	2.0	5
287	1.941	1.961	1.961	2.039	5
288	1.843	1.98	2.039	2.0	5
289	1.902	1.902	2.157	2.059	5
290	1.863	1.882	2.255	2.059	5
291	1.922	1.902	2.294	2.078	5
292	1.922	1.863	2.314	2.059	5
293	1.98	1.824	2.235	2.02	5
294	2.0	1.824	2.216	1.961	5
295	2.0	1.824	2.176	1.922	5
296	2.02	1.824	2.137	1.882	5
297	2.02	1.902	2.0	1.843	5
298	1.98	1.843	1.824	1.824	5
299	1.98	1.863	1.804	1.804	5
300	1.98	1.902	1.765	1.824	5
301	1.922	1.941	1.804	1.882	5
302	1.863	1.961	1.863	1.961	5
303	1.863	1.961	1.902	2.0	5
304	1.882	1.941	1.941	2.059	5
305	1.784	1.941	2.059	2.039	5
306	1.882	1.961	2.196	2.098	5
307	1.882	1.882	2.255	2.118	5
308	1.922	1.863	2.275	2.078	5
309	1.922	1.843	2.294	2.039	5
310	1.98	1.804	2.275	1.98	5
311	1.98	1.804	2.216	1.961	5
312	1.98	1.804	2.176	1.922	5
313	2.039	1.824	2.059	1.882	5
314	2.039	1.843	2.0	1.863	5
315	2.02	1.843	1.863	1.824	5
316	1.941	1.863	1.804	1.824	5
317	1.98	1.902	1.765	1.824	5
318	1.941	1.961	1.784	1.882	5
319	1.922	1.98	1.863	1.961	5
320	1.922	1.961	1.902	2.0	5
321	1.902	1.961	1.98	2.0	5
322	1.941	1.961	2.078	2.098	5
323	1.922	1.961	2.176	2.098	5
324	1.941	1.882	2.255	2.098	5
325	1.941	1.902	2.275	2.078	5
326	1.961	1.843	2.333	2.02	5
327	2.0	1.843	2.275	2.0	5
328	1.98	1.863	2.235	1.941	5
329	2.02	1.843	2.176	1.941	5
330	2.02	1.824	2.059	1.882	5
331	2.098	1.843	2.0	1.843	5
332	2.059	1.882	1.863	1.824	5
333	2.0	1.882	1.843	1.824	5
334	2.0	1.922	1.765	1.843	5
335	1.941	1.961	1.765	1.882	5
336	1.902	1.961	1.843	1.922	5
337	1.902	1.961	1.922	1.98	5
338	1.902	1.941	1.98	2.0	5
339	1.863	1.961	2.078	2.078	5
340	1.882	1.941	2.157	2.098	5
341	1.902	1.843	2.216	2.078	5
342	1.941	1.863	2.294	2.078	5
343	1.941	1.804	2.294	2.039	5
344	2.02	1.784	2.235	1.961	5
345	2.02	1.804	2.216	1.941	5
346	2.02	1.804	2.176	1.922	5
347	2.039	1.784	2.059	1.902	5
348	2.02	1.824	1.961	1.863	5
349	2.078	1.843	1.863	1.804	5
350	1.98	1.882	1.824	1.804	5
351	1.961	1.902	1.745	1.824	5
352	1.922	1.922	1.765	1.882	5
353	1.922	1.941	1.843	1.961	5
354	1.922	1.941	1.882	1.98	5
355	1.902	1.941	1.961	2.02	5
356	1.902	1.941	2.118	2.039	5
357	1.843	1.961	2.176	2.098	5
358	1.922	1.863	2.216	2.098	5
359	1.941	1.863	2.275	2.059	5
360	1.941	1.843	2.275	2.02	5
361	2.02	1.804	2.255	1.961	5
362	1.98	1.804	2.196	1.941	5
363	1.98	1.804	2.157	1.902	5
364	2.039	1.784	2.039	1.882	5
365	2.059	1.843	1.98	1.882	5
366	2.059	1.863	1.843	1.843	5
367	1.941	1.863	1.804	1.804	5
368	2.0	1.902	1.765	1.804	5
369	1.941	1.961	1.784	1.882	5
370	1.922	1.961	1.863	1.941	5
371	1.922	1.941	1.882	2.0	5
372	1.902	1.961	1.941	2.0	5
373	1.941	1.941	2.078	2.059	5
374	1.863	1.961	2.196	2.098	5
375	1.941	1.882	2.235	2.078	5
376	1.941	1.843	2.235	2.059	5
377	1.941	1.804	2.294	2.0	5
378	2.02	1.824	2.255	1.961	5
379	2.0	1.824	2.235	1.941	5
380	2.02	1.804	2.157	1.941	5
381	2.059	1.804	2.02	1.922	5
382	2.059	1.824	1.98	1.843	5
383	2.02	1.843	1.843	1.804	5
384	1.922	1.882	1.824	1.784	5
385	1.941	1.882	1.765	1.824	5
386	1.922	1.922	1.804	1.902	5
387	1.922	1.922	1.824	1.941	5
388	1.902	1.941	1.863	2.0	5
389	1.922	1.961	1.961	2.039	5
390	1.843	1.922	2.039	2.039	5
391	1.922	1.922	2.157	2.098	5
392	1.902	1.882	2.255	2.078	5
393	1.961	1.863	2.294	2.059	5
394	1.922	1.804	2.275	2.059	5
395	1.961	1.824	2.255	1.98	5
396	1.98	1.863	2.235	1.961	5
397	1.941	1.843	2.196	1.941	5
398	1.98	1.843	2.059	1.941	5
399	2.0	1.843	1.98	1.863	5
400	2.0	1.863	1.843	1.804	5
401	1.961	1.902	1.843	1.824	5
402	1.961	1.941	1.824	1.843	5
403	1.902	1.98	1.804	1.922	5
404	1.863	1.98	1.843	1.961	5
405	1.902	1.98	1.902	2.02	5
406	1.863	2.0	1.98	2.059	5
407	1.784	1.98	2.118	2.098	5
408	1.843	2.0	2.196	2.137	5
409	1.902	1.902	2.294	2.137	5
410	1.922	1.882	2.294	2.098	5
411	1.941	1.863	2.333	2.059	5
412	2.0	1.824	2.255	2.0	5
413	1.98	1.824	2.196	1.941	5
414	2.0	1.824	2.157	1.902	5
415	2.039	1.824	2.078	1.882	5
416	2.059	1.902	2.039	1.863	5
417	2.02	1.863	1.843	1.843	5
418	1.941	1.902	1.784	1.824	5
419	2.0	1.941	1.765	1.824	5
420	1.941	1.98	1.784	1.882	5
421	1.902	1.941	1.863	1.941	5
422	1.902	1.941	1.882	1.98	5
423	1.902	1.941	1.961	2.039	5
424	1.882	1.961	2.059	2.059	5
425	1.922	1.902	2.137	2.078	5
426	1.961	1.863	2.235	2.078	5
427	1.98	1.843	2.275	2.059	5
428	2.0	1.784	2.275	2.0	5
429	2.02	1.784	2.216	1.941	5
430	2.039	1.784	2.216	1.902	5
431	2.078	1.765	2.118	1.902	5
432	2.059	1.745	2.039	1.824	5
433	2.118	1.804	1.941	1.824	5
434	2.078	1.863	1.843	1.784	5
435	1.941	1.882	1.824	1.804	5
436	1.941	1.882	1.725	1.824	5
437	1.941	1.941	1.765	1.863	5
438	1.941	1.961	1.824	1.941	5
439	1.961	1.961	1.882	1.98	5
440	1.902	1.941	1.961	2.039	5
441	1.882	1.941	2.078	2.059	5
442	1.882	1.961	2.176	2.098	5
443	1.882	1.882	2.275	2.098	5
444	1.882	1.863	2.333	2.098	5
445	1.922	1.843	2.333	2.059	5
446	1.961	1.804	2.255	2.0	5
447	1.98	1.824	2.196	1.941	5
448	2.0	1.843	2.216	1.941	5
449	2.0	1.863	2.118	1.922	5
450	2.02	1.843	2.0	1.863	5
451	2.039	1.843	1.843	1.824	5
452	1.961	1.882	1.804	1.804	5
453	1.961	1.902	1.784	1.824	5
454	1.941	1.961	1.804	1.882	5
455	1.902	1.98	1.863	1.961	5
456	1.882	1.961	1.902	2.0	5
457	1.882	1.961	1.98	2.039	5
458	1.843	1.961	2.078	2.039	5
459	1.902	1.902	2.176	2.118	5
460	1.902	1.863	2.255	2.078	5
461	1.961	1.863	2.294	2.059	5
462	1.961	1.824	2.314	2.02	5
463	2.02	1.804	2.275	1.98	5
464	1.98	1.843	2.275	1.961	5
465	2.02	1.804	2.196	1.941	5
466	2.059	1.804	2.059	1.941	5
467	2.02	1.824	2.02	1.882	5
468	2.059	1.843	1.843	1.804	5
469	1.98	1.863	1.784	1.784	5
470	1.98	1.882	1.745	1.804	5
471	1.922	1.961	1.804	1.882	5
472	1.902	1.961	1.863	1.98	5
473	1.902	1.941	1.882	2.02	5
474	1.882	1.961	1.941	2.039	5
475	1.843	1.961	2.059	2.059	5
476	1.863	1.922	2.176	2.098	5
477	1.902	1.843	2.235	2.098	5
478	1.98	1.843	2.275	2.059	5
479	1.98	1.804	2.294	2.039	5
480	2.059	1.784	2.235	1.941	5
481	2.02	1.784	2.176	1.922	5
482	2.0	1.804	2.137	1.902	5
483	2.059	1.784	2.039	1.843	5
484	2.078	1.804	1.922	1.804	5
485	2.098	1.804	1.784	1.765	5
486	2.0	1.843	1.765	1.765	5
487	2.0	1.961	1.804	1.784	5
488	1.882	2.0	1.824	1.902	5
489	1.922	1.98	1.804	1.98	5
490	1.98	1.902	1.824	1.98	5
491	1.961	1.922	1.902	1.961	5
492	1.902	1.98	2.059	2.0	5
493	1.882	2.059	2.216	2.059	5
494	1.843	1.961	2.275	2.118	5
495	1.784	1.902	2.333	2.137	5
496	1.824	1.882	2.333	2.118	5
497	1.98	1.902	2.255	2.039	5
498	1.98	1.882	2.235	1.98	5
499	1.922	1.863	2.216	1.941	5
500	1.902	1.863	2.157	1.902	5
501	1.961	1.882	2.039	1.863	5
502	2.0	1.863	1.863	1.863	5
503	1.882	1.902	1.824	1.843	5
504	1.902	1.902	1.804	1.824	5
505	1.882	1.922	1.784	1.902	5
506	1.902	1.922	1.843	1.941	5
507	1.922	1.902	1.882	1.98	5
508	1.902	1.882	1.98	2.039	5
509	1.863	1.882	2.098	2.078	5
510	1.902	1.902	2.176	2.098	5
511	1.902	1.824	2.255	2.098	5
512	1.882	1.784	2.294	2.078	5
513	1.941	1.745	2.333	2.059	5
514	2.078	1.725	2.255	1.98	5
515	2.078	1.765	2.235	1.941	5
516	2.059	1.784	2.196	1.902	5
517	2.039	1.765	2.137	1.843	5
518	2.039	1.784	2.039	1.863	5
519	2.078	1.863	1.843	1.843	5
520	1.941	1.902	1.824	1.824	5
521	1.941	1.941	1.804	1.843	5
522	1.961	2.0	1.863	1.882	5
523	1.941	1.98	1.902	1.941	5
524	1.922	1.961	1.863	1.98	5
525	2.0	1.961	1.824	1.961	5
526	1.902	1.961	2.0	1.941	5
527	1.882	1.961	2.216	2.02	5
528	1.902	1.882	2.275	2.059	5
529	2.0	1.843	2.314	2.059	5
530	2.039	1.804	2.255	2.039	5
531	2.02	1.824	2.157	1.922	5
532	1.902	1.863	2.235	1.902	5
533	1.961	1.922	2.294	1.941	5
534	1.941	1.824	2.118	1.922	5
535	1.961	1.882	1.922	1.902	5
536	2.098	1.863	1.804	1.843	5
537	2.02	1.863	1.784	1.804	5
538	1.941	1.902	1.686	1.765	5
539	1.843	2.0	1.804	1.843	5
540	1.863	2.039	1.882	1.961	5
541	1.922	1.98	1.902	2.059	5
542	1.863	1.941	1.902	2.098	5
543	1.843	2.0	2.137	2.118	5
544	1.98	1.98	2.216	2.098	5
545	1.882	1.843	2.275	2.098	5
546	1.843	1.784	2.235	2.098	5
547	1.882	1.804	2.275	2.059	5
548	2.039	1.804	2.275	2.02	5
549	2.078	1.824	2.235	2.0	5
550	2.098	1.765	2.216	1.941	5
551	2.059	1.804	2.118	1.902	5
552	2.039	1.843	2.0	1.843	5
553	1.98	1.863	1.902	1.804	5
554	1.863	1.882	1.824	1.804	5
555	1.863	1.941	1.843	1.863	5
556	1.863	2.02	1.902	2.0	5
557	1.902	2.039	2.0	2.059	5
558	1.941	1.961	1.98	2.078	5
559	1.804	1.843	1.882	1.961	5
560	1.804	1.843	1.902	1.922	5
561	1.843	1.941	2.0	1.902	5
562	1.745	1.902	2.157	1.941	5
563	1.804	1.863	2.255	2.02	5
564	1.941	1.765	2.275	2.039	5
565	2.078	1.725	2.157	1.961	5
566	2.157	1.745	2.059	1.843	5
567	2.118	1.745	2.078	1.824	5
568	1.941	1.765	2.02	1.863	5
569	1.843	1.863	1.922	1.824	5
570	1.902	1.863	1.745	1.784	5
571	1.922	1.882	1.725	1.725	5
572	1.922	1.902	1.627	1.725	5
573	1.922	2.0	1.745	1.804	5
574	1.824	2.0	1.922	1.961	5
575	2.059	2.02	2.059	2.059	5
576	2.0	1.941	1.882	2.078	5
577	1.961	1.961	2.02	2.059	5
578	1.98	1.922	2.216	2.078	5
579	1.922	1.902	2.49	2.078	5
580	1.941	1.902	2.49	2.098	5
581	1.98	1.843	2.412	2.118	5
582	2.118	2.0	2.471	2.118	5
583	2.196	1.824	2.314	2.078	5
584	2.176	1.706	2.118	1.98	5
585	2.294	1.824	2.059	1.902	5
586	2.373	1.824	1.961	1.784	5
587	2.333	1.725	2.0	1.725	5
588	2.216	1.706	1.941	1.804	5
589	2.216	1.784	1.804	1.882	5
590	2.157	1.961	1.667	1.98	5
591	2.216	1.922	1.804	2.039	5
592	2.137	1.843	2.0	2.039	5
593	1.961	2.098	2.176	2.059	5
594	1.902	1.902	2.118	2.098	5
595	1.941	1.647	2.039	2.118	5
596	2.176	1.588	2.059	2.059	5
597	2.216	1.765	2.176	2.02	5
598	2.039	1.961	2.333	1.98	5
599	1.902	2.0	2.235	2.0	5
600	1.922	1.902	2.216	2.02	5
601	2.078	1.765	2.118	1.961	5
602	2.059	1.804	2.294	1.922	5
603	2.176	2.0	1.941	1.882	5
604	2.333	2.059	1.451	1.784	5
605	2.137	1.961	1.647	1.745	5
606	2.216	2.078	1.784	1.745	5
607	2.118	2.137	1.843	1.843	5
608	2.039	2.039	1.804	1.922	5
609	2.0	2.078	1.784	2.0	5
610	1.784	2.118	1.941	2.059	5
611	1.784	2.157	2.118	2.098	5
612	1.98	2.059	2.078	2.098	5
613	2.078	2.02	2.078	2.039	5
614	2.039	1.98	2.196	2.02	5
615	2.039	1.902	2.353	2.0	5
616	2.118	1.922	2.314	2.039	5
617	2.137	1.98	2.235	2.039	5
618	2.059	1.941	2.235	2.0	5
619	2.02	1.843	2.118	1.98	5
620	2.039	1.843	2.02	1.882	5
621	1.98	1.863	1.902	1.804	5
622	1.961	1.961	1.863	1.784	5
623	2.059	1.902	1.784	1.804	5
624	2.078	1.902	1.804	1.922	5
625	1.961	1.882	1.941	2.02	5
626	1.961	1.922	2.02	2.059	5
627	1.941	1.961	2.118	2.118	5
628	1.608	2.0	2.255	2.157	5
629	1.765	1.804	2.235	2.235	5
630	2.118	1.804	2.255	2.137	5
631	2.098	1.784	2.235	2.02	5
632	1.863	1.824	2.373	1.922	5
633	1.686	1.843	2.294	1.863	5
634	1.608	1.863	2.157	1.922	5
635	1.804	1.941	2.196	2.0	5
636	2.039	1.843	2.098	2.039	5
637	2.118	1.863	1.98	1.941	5
638	1.824	1.804	1.765	1.863	5
639	1.588	2.0	1.745	1.824	5
640	1.784	2.0	1.706	1.784	5
641	1.804	2.078	1.784	1.843	5
642	1.667	2.0	1.725	1.902	5
643	1.627	1.961	1.647	1.941	5
644	1.471	1.941	1.804	1.98	5
645	1.667	1.941	2.0	1.961	5
646	1.647	1.902	2.157	2.0	5
647	1.745	1.804	1.941	1.961	5
648	1.922	1.804	2.039	1.961	5
649	1.804	1.863	2.353	2.02	5
650	1.961	1.863	2.392	2.098	5
651	1.745	1.765	2.118	2.0	5
652	1.412	1.686	1.961	1.824	5
653	1.627	1.745	2.039	1.745	5
654	1.863	1.863	1.98	1.706	5
655	1.902	1.784	1.902	1.765	5
656	1.863	1.725	1.843	1.824	5
657	1.843	1.784	1.588	1.824	5
658	1.902	1.863	1.392	1.745	5
659	1.784	1.725	1.725	1.784	5
660	1.922	1.784	1.902	1.882	5
661	1.941	1.843	1.863	1.961	5
662	1.667	1.804	2.0	2.098	5
663	1.412	1.765	2.098	2.176	5
664	1.608	1.667	2.118	2.137	5
665	1.863	1.627	2.059	2.02	5
666	1.863	1.588	2.098	1.922	5
667	1.706	1.765	2.196	1.902	5
668	1.824	1.843	2.255	1.922	5
669	1.922	1.725	2.098	1.882	5
670	2.039	1.647	1.922	1.765	5
671	2.118	1.686	1.843	1.784	5
672	2.118	1.784	1.961	1.902	5
673	1.98	1.961	2.039	2.059	5
674	2.02	1.922	1.922	2.137	5
675	1.961	1.843	1.784	2.039	5
676	1.804	1.882	1.824	1.863	5
677	2.0	1.941	1.941	1.784	5
678	2.235	1.961	2.098	1.882	5
679	2.412	1.941	2.196	2.157	5
680	2.235	1.843	2.235	2.353	5
681	1.922	1.902	2.373	2.333	5
682	2.0	1.902	2.471	2.216	5
683	2.176	1.843	2.588	2.039	5
684	2.49	1.863	2.608	1.941	5
685	2.059	1.98	2.608	1.98	5
686	1.686	1.922	2.157	2.02	5
687	1.902	1.647	1.922	1.922	5
688	2.118	1.725	1.902	1.824	5
689	2.353	1.98	2.078	1.765	5
690	2.294	2.059	2.216	1.863	5
691	2.02	1.961	2.02	1.941	5
692	1.784	1.941	1.882	2.02	5
693	1.745	1.98	2.0	1.98	5
694	1.824	2.078	1.98	1.922	5
695	1.941	1.98	1.941	1.863	5
696	1.902	1.824	2.078	1.922	5
697	2.157	1.765	2.216	2.0	5
698	2.216	1.725	2.294	2.02	5
699	2.176	1.941	2.392	2.02	5
700	1.941	1.961	2.529	2.02	5
701	1.804	1.902	2.529	2.098	5
702	1.824	1.804	2.294	2.118	5
703	1.98	1.667	2.059	2.02	5
704	2.078	1.706	2.02	1.765	5
705	2.02	1.863	2.039	1.588	5
706	1.882	1.902	1.961	1.647	5
707	1.667	1.902	1.824	1.745	5
708	1.608	2.0	1.706	1.843	5
709	1.608	2.176	1.765	1.922	5
710	1.686	2.078	1.941	2.02	5
711	1.588	2.137	2.176	2.098	5
712	1.529	2.098	1.922	2.137	5
713	1.49	2.059	1.706	2.039	5
714	1.333	1.98	2.078	1.961	5
715	1.529	1.902	2.275	1.961	5
716	1.863	2.039	2.412	2.039	5
717	1.843	2.02	2.49	2.137	5
718	2.059	1.922	2.373	2.118	5
719	2.196	1.882	2.118	2.0	5
720	1.765	1.765	1.941	1.824	5
721	1.529	1.725	1.902	1.667	5
722	1.941	1.784	1.902	1.667	5
723	2.255	1.863	1.843	1.745	5
724	2.235	1.843	1.824	1.922	5
725	2.275	1.824	1.882	2.0	5
726	2.157	1.941	1.902	2.039	5
727	1.941	1.98	1.843	2.0	5
728	1.922	1.961	1.765	1.961	5
729	1.902	1.922	1.804	1.941	5
730	2.0	1.863	1.804	1.902	5
731	2.078	1.784	2.039	1.98	5
732	2.078	1.804	2.255	2.078	5
733	2.196	2.0	2.373	2.196	5
734	2.176	2.0	2.353	2.216	5
735	2.02	1.804	2.235	2.078	5
736	1.941	1.804	2.078	1.902	5
737	2.02	1.804	2.0	1.745	5
738	2.059	1.843	1.941	1.686	5
739	1.863	1.804	1.784	1.667	5
740	1.922	1.824	1.647	1.647	5
741	2.02	1.824	1.725	1.667	5
742	2.412	1.843	1.882	1.765	5
743	2.706	1.863	1.686	1.902	5
744	2.255	1.765	1.627	1.922	5
745	1.529	1.765	1.784	1.902	5
746	1.863	1.824	1.843	1.902	5
747	2.059	1.863	1.98	1.961	5
748	1.902	1.843	2.02	2.059	5
749	1.706	1.667	1.922	2.02	5
750	1.627	1.745	1.98	1.922	5
751	1.882	1.922	2.314	1.961	5
752	2.098	1.765	2.294	2.039	5
753	2.176	1.627	2.235	2.039	5
754	2.118	1.804	2.314	2.078	5
755	1.922	1.843	2.275	2.118	5
756	1.922	1.941	2.157	2.157	5
757	2.098	2.118	2.039	2.137	5
758	1.784	2.039	1.725	2.0	5
759	1.608	1.941	1.647	1.824	5
760	2.0	2.078	2.02	1.804	5
761	2.216	2.078	2.118	1.922	5
762	2.098	1.961	2.078	2.098	5
763	2.118	1.863	2.294	2.294	5
764	2.216	2.0	2.333	2.392	5
765	2.196	1.941	2.118	2.294	5
766	1.98	1.804	2.235	2.039	5
767	2.059	1.843	2.49	1.902	5
768	2.098	1.882	2.745	1.941	5
769	2.255	1.824	2.51	2.078	5
770	2.392	1.667	2.235	2.137	5
771	2.235	1.647	2.196	2.059	5
772	2.235	1.765	2.333	1.902	5
773	2.333	1.843	2.235	1.824	5
774	2.255	1.706	1.863	1.745	5
775	1.863	1.706	1.706	1.667	5
776	1.725	1.843	1.569	1.627	5
777	1.725	2.0	1.882	1.784	5
778	2.118	2.078	2.039	1.98	5
779	2.549	1.98	1.882	2.098	5
780	2.02	2.039	2.02	2.137	5
781	1.51	2.0	2.176	2.137	5
782	1.176	1.922	2.098	2.118	5
783	1.314	1.843	2.02	1.941	5
784	1.824	1.765	1.961	1.804	5
785	2.235	1.725	2.059	1.765	5
786	2.373	1.804	2.255	1.824	5
787	2.235	2.118	2.392	2.039	5
788	1.98	2.196	2.353	2.216	5
789	1.765	1.98	2.255	2.235	5
790	1.784	1.804	1.961	2.02	5
791	1.804	1.902	1.765	1.706	5
792	1.863	2.0	1.824	1.549	5
793	2.0	1.961	1.882	1.647	5
794	2.039	2.098	1.863	1.902	5
795	1.863	2.0	1.588	2.078	5
796	1.686	2.0	1.902	2.157	5
797	1.745	2.157	2.392	2.235	5
798	1.98	2.039	2.255	2.314	5
799	2.059	1.765	1.98	2.137	5
800	2.059	1.725	2.176	1.941	5
801	1.745	1.922	2.373	1.863	5
802	1.686	1.922	2.314	1.902	5
803	1.961	1.98	2.314	2.039	5
804	1.745	1.902	2.196	2.137	5
805	1.902	1.667	1.941	2.118	5
806	2.0	1.569	2.02	1.922	5
807	1.804	1.902	2.294	1.804	5
808	1.922	2.176	1.98	1.765	5
809	1.863	2.02	1.549	1.725	5
810	1.745	1.824	1.49	1.725	5
811	1.765	1.882	1.765	1.824	5
812	1.961	2.0	1.843	1.941	5
813	1.941	2.0	1.824	1.961	5
814	1.765	2.02	1.725	1.941	5
815	1.608	2.098	2.0	1.863	5
816	1.804	1.98	2.196	1.922	5
817	1.961	1.725	2.157	1.922	5
818	1.922	1.667	2.059	1.941	5
819	1.706	1.804	2.098	2.0	5
820	2.0	1.824	2.216	2.0	5
821	2.216	1.745	2.059	1.902	5
822	2.039	1.765	2.0	1.745	5
823	1.804	1.725	1.784	1.569	5
824	1.863	1.863	1.765	1.529	5
825	2.157	1.882	1.804	1.51	5
826	2.098	1.725	1.686	1.647	5
827	2.333	1.804	1.667	1.804	5
828	2.137	1.98	1.745	1.902	5
829	1.725	1.98	1.843	1.961	5
830	1.647	1.98	1.863	2.059	5
831	1.804	1.941	1.824	2.098	5
832	2.02	1.882	1.941	2.02	5
833	2.039	1.843	2.059	1.902	5
834	1.902	1.804	2.118	1.882	5
835	1.784	1.882	2.216	2.0	5
836	1.961	1.824	2.353	2.078	5
837	2.02	1.667	2.235	2.078	5
838	2.294	1.725	2.373	2.137	5
839	2.529	1.882	2.51	2.235	5
840	2.176	1.902	2.431	2.176	5
841	2.059	1.824	2.157	2.0	5
842	1.941	1.647	1.765	1.784	5
843	2.039	1.627	1.882	1.745	5
844	2.471	1.922	2.059	1.922	5
845	2.647	2.157	1.922	2.137	5
846	2.373	2.078	2.216	2.333	5
847	1.667	2.098	2.176	2.431	5
848	1.647	2.059	2.137	2.353	5
849	1.843	1.902	2.157	2.157	5
850	2.216	1.765	2.294	1.98	5
851	2.49	1.667	2.451	1.941	5
852	2.196	1.902	2.784	2.098	5
853	1.863	1.961	2.804	2.275	5
854	1.804	1.725	2.373	2.255	5
855	2.039	1.569	1.745	2.157	5
856	2.176	1.588	1.922	1.882	5
857	2.118	1.529	2.255	1.686	5
858	2.039	1.706	2.294	1.706	5
859	2.0	1.686	2.059	1.863	5
860	1.941	1.588	1.804	1.961	5
861	2.098	1.667	1.765	1.941	5
862	1.961	1.863	1.725	1.902	5
863	1.51	1.863	1.765	1.882	5
864	1.627	1.765	1.725	1.922	5
865	1.784	1.882	1.824	2.0	5
866	1.941	1.902	2.078	2.078	5
867	2.059	2.0	2.157	2.157	5
868	1.686	2.098	2.314	2.176	5
869	1.627	2.078	2.471	2.137	5
870	1.725	1.902	2.235	2.0	5
871	1.627	1.863	2.255	1.882	5
872	1.784	2.039	2.471	1.922	5
873	1.961	1.824	2.157	1.961	5
874	1.863	1.706	1.882	1.843	5
875	1.843	1.824	1.882	1.706	5
876	1.922	1.863	1.902	1.647	5
877	1.882	1.941	1.922	1.667	5
878	2.275	1.804	1.863	1.725	5
879	2.569	2.02	1.902	1.882	5
880	2.039	2.118	2.02	2.039	5
881	1.725	1.902	1.863	2.059	5
882	1.745	1.824	1.804	1.961	5
883	1.784	1.882	1.922	1.824	5
884	1.922	1.922	1.961	1.765	5
885	1.863	2.039	2.157	1.804	5
886	2.0	2.118	2.157	1.941	5
887	2.137	2.02	2.216	2.098	5
888	2.078	2.059	2.196	2.216	5
889	1.745	2.039	2.137	2.039	5
890	1.765	2.157	2.353	1.843	5
891	2.02	2.176	2.529	1.843	5
892	1.961	2.118	2.255	1.902	5
893	1.784	2.059	1.49	1.902	5
894	1.843	2.078	1.549	1.824	5
895	1.863	2.078	2.0	1.784	5
896	1.902	2.294	1.667	1.784	5
897	1.784	2.216	1.784	1.863	5
898	1.765	2.078	1.941	1.961	5
899	1.922	2.137	1.882	2.02	5
900	1.941	2.196	2.078	2.078	5
901	1.569	2.0	2.078	2.02	5
902	1.314	2.0	2.118	1.941	5
903	1.51	1.902	2.098	1.902	5
904	1.98	1.745	2.02	1.863	5
905	2.118	1.569	1.882	1.765	5
906	2.098	1.667	2.078	1.804	5
907	2.216	2.0	2.333	2.02	5
908	2.137	1.863	2.039	2.078	5
909	1.824	1.686	1.725	1.98	5
910	1.627	1.608	1.549	1.725	5
911	1.804	1.765	1.686	1.569	5
912	2.0	1.784	1.765	1.569	5
913	2.176	1.843	1.784	1.765	5
914	2.137	1.843	1.804	2.02	5
915	2.118	1.843	1.961	2.216	5
916	2.275	1.863	2.059	2.314	5
917	2.137	1.824	2.098	2.314	5
918	2.255	1.863	2.196	2.255	5
919	1.961	1.725	2.196	2.137	5
920	1.961	1.784	2.176	2.02	5
921	1.863	1.686	2.196	1.902	5
922	1.941	1.667	2.333	1.941	5
923	2.431	1.804	2.392	2.118	5
924	2.333	1.667	2.235	2.157	5
925	1.745	1.647	2.098	2.039	5
926	2.118	1.745	1.922	1.804	5
927	2.157	1.667	1.686	1.647	5
928	1.941	1.765	1.804	1.608	5
929	2.059	1.922	1.941	1.745	5
930	1.98	2.039	1.98	2.02	5
931	1.902	1.922	1.922	2.216	5
932	1.745	1.882	1.863	2.196	5
933	1.627	1.922	1.922	2.059	5
934	1.804	1.98	2.118	1.902	5
935	2.078	1.961	2.255	1.863	5
936	2.294	1.922	2.471	1.922	5
937	2.333	1.863	2.49	2.059	5
938	2.02	1.706	2.471	2.157	5
939	1.922	1.706	2.353	2.118	5
940	2.098	1.824	2.353	2.0	5
941	2.275	1.902	2.431	1.941	5
942	2.157	1.804	2.353	1.843	5
943	1.98	1.745	2.059	1.902	5
944	2.02	1.725	2.0	1.941	5
945	2.216	1.804	1.98	1.98	5
946	2.353	1.627	1.725	1.882	5
947	2.235	1.51	1.686	1.804	5
948	2.118	1.667	1.961	1.882	5
949	1.882	1.765	2.078	1.961	5
950	1.745	1.706	2.039	2.157	5
951	1.765	1.608	1.863	2.176	5
952	1.765	1.627	1.882	2.137	5
953	1.745	1.765	2.235	2.02	5
954	1.961	1.647	2.216	1.902	5
955	2.078	1.627	2.137	1.863	5
956	2.059	1.686	2.235	1.882	5
957	1.765	1.824	2.137	2.059	5
958	1.882	1.882	2.039	2.137	5
959	1.784	1.902	2.098	2.02	5
960	2.02	2.0	2.176	1.902	5
961	1.941	2.059	1.941	1.784	5
962	1.647	2.176	1.314	1.647	5
963	1.667	2.137	1.333	1.569	5
964	1.824	2.412	1.941	1.784	5
965	1.863	2.451	2.157	2.098	5
966	1.745	2.275	1.824	2.255	5
967	1.647	2.294	1.745	2.196	5
968	1.667	2.196	2.02	2.039	5
969	1.902	2.196	2.157	1.98	5
970	2.353	2.118	2.157	2.02	5
971	1.882	1.902	2.176	2.098	5
972	1.431	1.882	2.196	2.059	5
973	1.706	2.0	2.137	1.98	5
974	1.882	2.059	2.118	1.961	5
975	1.922	2.235	2.255	1.98	5
976	2.098	1.961	2.216	1.922	5
977	2.098	1.765	1.941	1.843	5
978	2.176	1.843	1.667	1.784	5
979	1.804	1.961	1.686	1.745	5
980	1.745	1.922	1.824	1.843	5
981	1.98	2.118	1.882	1.922	5
982	1.941	2.059	1.941	2.0	5
983	1.922	2.039	1.941	2.059	5
984	1.98	2.078	2.0	2.039	5
985	1.804	2.078	2.059	2.078	5
986	1.706	2.02	2.118	2.078	5
987	1.765	1.922	2.294	2.118	5
988	1.902	1.902	2.471	2.078	5
989	1.902	1.863	2.255	1.961	5
990	1.843	1.784	1.961	1.784	5
991	1.647	1.706	2.02	1.647	5
992	1.667	1.725	2.0	1.647	5
993	1.922	1.765	1.98	1.667	5
994	2.059	1.922	1.922	1.804	5
995	2.059	1.941	1.902	1.882	5
996	2.176	1.961	1.824	1.922	5
997	2.02	1.922	1.725	1.882	5
998	1.824	1.961	1.784	1.804	5
999	1.863	1.961	1.804	1.784	5
1000	1.725	1.824	1.667	1.784	5
1001	1.706	1.863	1.725	1.843	5
1002	1.706	1.902	1.824	1.98	5
1003	1.863	1.863	1.98	2.078	5
1004	2.157	1.824	2.216	2.078	5
1005	2.549	1.98	2.529	2.196	5
1006	2.804	1.882	2.569	2.275	5
1007	2.275	1.745	2.333	2.196	5
1008	1.667	1.667	2.118	2.039	5
1009	1.804	1.647	2.059	1.882	5
1010	2.255	1.667	1.98	1.765	5
1011	2.412	1.667	1.922	1.706	5
1012	2.176	1.529	1.824	1.725	5
1013	2.235	1.647	1.882	1.824	5
1014	2.392	1.824	2.0	1.941	5
1015	2.176	1.961	2.118	2.02	5
1016	1.941	1.765	1.902	1.98	5
1017	1.824	1.686	1.824	1.941	5
1018	1.902	1.784	1.922	1.98	5
1019	2.039	1.941	2.176	2.078	5
1020	2.039	1.863	2.353	2.137	5
1021	1.706	1.765	2.471	2.157	5
1022	1.765	1.706	2.451	2.137	5
1023	1.941	1.627	2.157	2.098	5
1024	2.529	1.725	2.157	2.02	5
1025	2.745	1.824	2.431	2.0	5
1026	2.078	1.745	2.431	1.961	5
1027	1.784	1.882	2.294	1.922	5
1028	1.824	2.02	2.196	2.039	5
1029	1.784	1.902	1.961	2.059	5
1030	2.02	1.863	1.843	2.0	5
1031	2.333	1.765	1.882	1.863	5
1032	2.49	1.745	2.02	1.765	5
1033	2.333	1.784	2.098	1.843	5
1034	2.078	1.784	1.843	1.961	5
1035	1.843	1.647	1.706	1.941	5
1036	1.804	1.804	2.098	2.118	5
1037	2.02	1.824	2.373	2.235	5
1038	2.078	1.686	2.373	2.235	5
1039	1.843	1.882	2.608	2.157	5
1040	1.706	1.824	2.51	2.078	5
1041	1.961	1.471	1.843	1.922	5
1042	1.941	1.412	1.882	1.765	5
1043	2.02	1.647	2.157	1.765	5
1044	1.922	1.843	2.196	1.824	5
1045	1.98	2.078	2.098	1.98	5
1046	1.941	2.039	1.961	2.0	5
1047	1.804	1.863	1.863	1.941	5
1048	1.745	1.941	1.588	1.882	5
1049	1.784	2.196	1.451	1.824	5
1050	1.667	2.333	1.804	1.843	5
1051	1.706	2.216	1.824	1.902	5
1052	1.588	2.353	1.863	1.98	5
1053	1.608	2.51	2.078	2.137	5
1054	1.686	2.333	2.176	2.294	5
1055	1.882	2.216	2.235	2.314	5
1056	1.922	2.118	2.373	2.176	5
1057	1.922	2.176	2.49	2.039	5
1058	1.804	2.216	2.314	1.941	5
1059	1.451	2.039	2.059	1.882	5
1060	1.843	1.961	2.059	1.804	5
1061	1.882	1.941	2.0	1.745	5
1062	1.922	2.039	2.098	1.765	5
1063	2.157	2.039	1.824	1.784	5
1064	1.941	1.961	1.725	1.784	5
1065	1.902	1.863	1.765	1.765	5
1066	2.059	1.882	1.608	1.765	5
1067	1.725	1.863	1.667	1.745	5
1068	1.765	2.02	1.922	1.804	5
1069	1.49	1.941	2.059	1.98	5
1070	1.49	1.745	1.961	2.137	5
1071	1.882	1.706	1.588	2.039	5
1072	2.157	1.725	1.882	1.882	5
1073	2.275	1.824	2.275	1.863	5
1074	1.922	1.863	2.314	1.902	5
1075	1.667	1.765	2.137	1.961	5
1076	1.608	1.725	2.02	2.0	5
1077	1.765	1.706	1.941	1.98	5
1078	1.902	1.627	1.804	1.843	5
1079	1.961	1.686	1.843	1.706	5
1080	2.098	1.902	1.863	1.647	5
1081	1.98	1.902	1.824	1.725	5
1082	1.98	1.784	1.627	1.863	5
1083	1.902	1.686	1.569	1.922	5
1084	2.039	1.843	1.804	1.98	5
1085	2.0	1.941	1.922	2.039	5
1086	1.922	2.02	1.961	2.059	5
1087	1.784	2.0	1.922	1.961	5
1088	1.882	1.882	1.98	1.961	5
1089	2.255	1.765	2.196	1.98	5
1090	2.49	1.745	2.294	2.039	5
1091	2.588	1.941	2.569	2.216	5
1092	2.314	1.882	2.49	2.255	5
1093	1.961	1.824	2.294	2.157	5
1094	2.02	1.804	2.196	2.02	5
1095	2.333	1.824	2.078	1.902	5
1096	2.333	1.843	2.039	1.843	5
1097	2.373	1.941	2.078	1.882	5
1098	2.392	1.941	2.0	1.98	5
1099	2.49	1.882	2.0	2.02	5
1100	2.49	1.902	2.0	2.078	5
1101	2.098	1.882	1.941	2.02	5
1102	1.882	1.882	1.98	1.922	5
1103	1.843	1.98	2.02	1.902	5
1104	1.843	1.902	2.078	2.0	5
1105	1.843	1.863	2.157	2.078	5
1106	2.0	1.765	2.294	2.118	5
1107	2.294	1.765	2.392	2.176	5
1108	2.353	1.765	2.49	2.196	5
1109	1.922	1.706	2.49	2.098	5
1110	1.686	1.51	2.235	1.98	5
1111	2.039	1.471	2.137	1.843	5
1112	2.157	1.608	2.039	1.804	5
1113	2.196	1.824	2.059	1.784	5
1114	2.137	1.784	1.941	1.843	5
1115	1.902	1.667	1.804	1.902	5
1116	1.647	1.745	1.784	1.922	5
1117	1.549	1.98	1.922	2.039	5
1118	1.706	1.804	1.961	2.059	5
1119	2.02	1.706	1.941	1.98	5
1120	2.02	1.804	1.843	1.843	5
1121	1.745	1.882	1.804	1.824	5
1122	1.686	2.078	2.137	2.02	5
1123	1.608	2.235	2.549	2.314	5
1124	1.686	2.196	2.608	2.412	5
1125	1.686	1.941	2.314	2.275	5
1126	1.902	1.824	1.882	2.0	5
1127	1.824	1.784	1.941	1.706	5
1128	1.804	1.922	2.275	1.627	5
1129	1.843	2.0	2.353	1.784	5
1130	1.961	1.98	2.039	1.961	5
1131	2.078	2.039	1.843	1.961	5
1132	1.902	2.137	1.863	1.961	5
1133	1.765	2.098	1.882	1.902	5
1134	1.627	2.078	1.922	1.863	5
1135	1.98	1.98	1.843	1.902	5
1136	2.039	1.961	1.882	1.961	5
1137	1.667	1.961	1.961	1.941	5
1138	1.569	1.922	2.118	1.882	5
1139	1.765	1.882	2.098	1.961	5
1140	2.059	2.0	2.0	2.098	5
1141	1.941	1.98	2.314	2.196	5
1142	1.843	1.98	2.471	2.196	5
1143	1.824	1.941	2.294	2.078	5
1144	1.863	1.941	2.176	1.961	5
1145	1.863	1.882	2.137	1.863	5
1146	1.902	1.863	1.98	1.804	5
1147	1.941	1.922	1.843	1.824	5
1148	2.0	1.941	1.725	1.745	5
1149	2.137	2.02	1.686	1.784	5
1150	2.216	2.02	1.647	1.824	5
1151	1.941	2.02	1.647	1.902	5
1152	1.765	2.02	1.745	1.922	5
1153	1.706	2.02	1.745	1.922	5
1154	1.686	2.0	1.784	1.902	5
1155	1.804	1.922	1.902	1.882	5
1156	2.216	1.961	2.118	2.02	5
1157	2.216	1.941	2.235	2.118	5
1158	2.157	1.843	2.255	2.118	5
1159	1.98	1.725	2.118	1.98	5
1160	1.882	1.745	2.078	1.784	5
1161	1.882	1.745	2.098	1.686	5
1162	1.863	1.706	2.059	1.706	5
1163	2.039	1.667	1.98	1.765	5
1164	2.118	1.686	1.941	1.824	5
1165	2.196	1.725	1.882	1.804	5
1166	2.118	1.804	1.882	1.804	5
1167	2.078	1.882	1.824	1.843	5
1168	1.941	1.941	1.745	1.902	5
1169	2.098	1.922	1.804	2.0	5
1170	2.039	1.863	1.765	1.98	5
1171	1.647	1.765	1.765	1.843	5
1172	1.941	1.843	1.941	1.843	5
1173	1.961	1.941	2.216	2.0	5
1174	1.804	1.843	2.275	2.137	5
1175	1.882	1.843	2.294	2.235	5
1176	2.157	1.843	2.373	2.314	5
1177	2.314	1.765	2.294	2.235	5
1178	2.098	1.706	2.196	2.118	5
1179	1.98	1.745	2.196	1.941	5
1180	2.235	1.824	2.216	1.784	5
1181	2.471	1.843	2.157	1.784	5
1182	2.078	1.902	1.98	1.784	5
1183	1.745	1.843	1.843	1.804	5
1184	1.765	1.725	1.647	1.824	5
1185	1.745	1.843	1.627	1.843	5
1186	1.902	1.882	1.863	1.941	5
1187	2.216	1.941	2.078	2.078	5
1188	2.51	1.961	2.176	2.157	5
1189	2.294	2.137	2.314	2.157	5
1190	1.784	1.941	2.176	2.078	5
1191	1.569	1.824	2.235	2.0	5
1192	1.882	1.824	2.275	2.0	5
1193	1.922	1.882	2.333	2.059	5
1194	2.0	1.941	2.353	2.118	5
1195	2.039	2.02	2.451	2.216	5
1196	2.137	1.824	2.353	2.196	5
1197	2.392	1.804	2.314	2.118	5
1198	2.333	1.863	2.196	1.941	5
1199	2.078	1.804	2.0	1.804	5
1200	1.863	1.804	1.882	1.745	5
1201	1.941	1.824	1.843	1.745	5
1202	1.98	1.843	1.863	1.863	5
1203	2.039	1.843	2.0	2.059	5
1204	2.098	1.765	2.157	2.176	5
1205	2.137	1.706	2.039	2.137	5
1206	1.98	1.608	1.784	2.039	5
1207	1.804	1.627	2.059	1.922	5
1208	1.804	1.824	2.275	1.843	5
1209	1.961	1.745	2.333	1.941	5
1210	2.078	1.588	2.294	2.039	5
1211	2.039	1.804	2.235	2.118	5
1212	2.02	1.922	2.216	2.078	5
1213	1.863	1.863	2.118	1.98	5
1214	1.882	1.824	2.02	1.843	5
1215	1.961	1.922	1.98	1.745	5
1216	1.863	2.078	1.902	1.667	5
1217	1.569	2.137	1.843	1.686	5
1218	1.412	2.216	1.725	1.882	5
1219	1.608	2.333	1.745	2.118	5
1220	2.0	2.333	1.647	2.157	5
1221	1.667	2.314	1.784	2.02	5
1222	1.333	2.216	1.902	1.824	5
1223	1.686	2.196	2.176	1.784	5
1224	1.863	2.039	2.255	1.941	5
1225	1.902	2.098	2.176	2.098	5
1226	1.686	1.98	2.157	2.176	5
1227	1.686	1.863	2.373	2.235	5
1228	1.941	1.784	2.216	2.137	5
1229	2.314	1.706	1.961	1.922	5
1230	1.98	1.765	1.922	1.745	5
1231	1.882	1.843	2.059	1.686	5
1232	2.059	2.0	2.196	1.725	5
1233	2.039	1.941	2.02	1.824	5
1234	2.137	1.784	1.745	1.902	5
1235	2.118	1.725	1.627	1.843	5
1236	2.0	1.863	1.608	1.804	5
1237	1.804	1.961	1.706	1.863	5
1238	1.784	2.098	1.784	1.941	5
1239	1.549	1.941	1.725	1.902	5
1240	1.412	1.843	1.863	1.863	5
1241	1.843	2.039	1.922	1.961	5
1242	1.882	1.98	2.059	2.059	5
1243	1.725	1.902	2.294	2.039	5
1244	1.725	1.863	2.412	2.02	5
1245	1.843	1.804	2.118	1.941	5
1246	1.804	1.843	2.0	1.882	5
1247	1.843	1.843	2.039	1.824	5
1248	1.902	1.725	2.0	1.784	5
1249	2.137	1.882	2.039	1.863	5
1250	2.431	2.0	2.039	1.98	5
1251	2.157	1.941	1.843	1.961	5
1252	1.784	1.804	1.667	1.863	5
1253	1.863	1.902	1.804	1.843	5
1254	1.98	2.0	1.98	1.843	5
1255	2.255	1.98	1.98	1.922	5
1256	2.431	2.0	2.039	2.02	5
1257	2.137	2.039	2.157	2.157	5
1258	2.098	1.98	2.216	2.255	5
1259	2.118	1.863	2.294	2.157	5
1260	2.137	1.765	2.176	2.0	5
1261	2.275	1.765	2.392	1.98	5
1262	2.294	1.843	2.49	2.059	5
1263	2.157	1.824	2.353	2.118	5
1264	2.353	1.804	2.294	2.157	5
1265	2.294	1.745	2.196	2.039	5
1266	2.157	1.784	2.078	1.922	5
1267	2.118	1.824	1.941	1.804	5
1268	1.98	1.922	1.882	1.725	5
1269	2.078	1.882	1.902	1.784	5
1270	2.314	1.902	1.902	1.98	5
1271	2.196	1.804	1.941	2.098	5
1272	1.745	1.745	1.922	2.098	5
1273	1.725	1.824	1.941	2.059	5
1274	1.686	1.98	2.059	2.02	5
1275	1.784	1.902	2.157	2.02	5
1276	1.922	1.745	2.196	1.961	5
1277	2.157	1.627	2.196	1.922	5
1278	2.275	1.588	2.314	2.0	5
1279	1.961	1.647	2.255	2.0	5
1280	1.725	1.667	2.196	1.98	5
1281	1.922	1.667	2.118	1.922	5
1282	2.157	1.627	2.02	1.824	5
1283	2.118	1.765	2.039	1.745	5
1284	1.882	1.882	2.059	1.784	5
1285	2.02	1.667	1.804	1.843	5
1286	2.137	1.647	1.706	1.824	5
1287	2.176	1.765	1.784	1.863	5
1288	2.059	1.902	1.98	1.98	5
1289	1.961	1.882	2.078	2.078	5
1290	1.863	1.745	2.02	2.118	5
1291	1.941	1.961	2.039	2.137	5
1292	1.961	2.078	2.196	2.118	5
1293	1.765	1.961	2.333	2.078	5
1294	1.765	1.706	2.118	2.0	5
1295	1.902	1.51	2.059	1.863	5
1296	2.078	1.667	2.255	1.824	5
1297	2.118	1.863	2.333	1.941	5
1298	1.922	1.941	2.392	2.098	5
1299	1.824	1.941	2.157	2.176	5
1300	1.922	1.922	2.098	1.98	5
1301	1.804	2.0	1.922	1.745	5
1302	1.745	1.765	1.529	1.627	5
1303	1.824	1.863	1.588	1.529	5
1304	1.784	2.235	1.863	1.627	5
1305	1.824	2.235	2.039	1.843	5
1306	1.804	2.235	2.098	2.059	5
1307	1.569	2.176	2.098	2.235	5
1308	1.549	2.176	2.039	2.392	5
1309	1.627	2.216	2.059	2.294	5
1310	1.588	2.157	2.235	2.137	5
1311	1.647	2.118	2.333	2.0	5
1312	1.706	2.078	2.294	1.961	5
1313	1.765	2.059	2.137	1.941	5
1314	1.784	2.02	2.176	1.961	5
1315	1.843	2.039	2.216	2.0	5
1316	1.863	2.0	2.137	2.039	5
1317	1.961	2.02	1.941	2.039	5
1318	1.863	1.98	1.725	1.961	5
1319	1.824	1.98	1.686	1.804	5
1320	1.804	1.863	1.627	1.647	5
1321	1.98	1.902	1.686	1.686	5
1322	1.98	1.824	1.608	1.765	5
1323	1.843	1.725	1.608	1.784	5
1324	2.039	1.882	1.804	1.902	5
1325	2.078	2.02	1.98	1.941	5
1326	1.902	1.882	2.098	2.0	5
1327	1.804	1.725	2.137	2.078	5
1328	1.804	1.647	2.0	2.078	5
1329	1.686	1.647	2.02	1.98	5
1330	1.725	1.667	2.02	1.804	5
1331	2.059	1.745	2.098	1.745	5
1332	2.471	1.745	2.118	1.745	5
1333	2.353	1.745	2.098	1.784	5
1334	2.157	1.843	2.0	1.784	5
1335	1.961	1.863	1.882	1.863	5
1336	1.784	1.882	1.804	1.961	5
1337	2.157	1.902	1.804	1.941	5
1338	2.137	1.98	1.706	1.882	5
1339	1.804	1.882	1.686	1.824	5
1340	1.647	1.98	1.804	1.882	5
1341	2.02	2.118	2.039	2.02	5
1342	2.255	1.98	2.255	2.176	5
1343	2.196	1.843	2.176	2.176	5
1344	2.373	1.824	2.294	2.137	5
1345	2.255	1.863	2.392	2.157	5
1346	2.0	1.804	2.333	2.078	5
1347	2.0	1.765	2.255	2.02	5
1348	2.294	1.804	2.255	2.0	5
1349	2.275	1.765	2.176	1.922	5
1350	2.176	1.784	2.196	1.882	5
1351	2.294	1.843	2.314	1.902	5
1352	2.353	1.863	2.137	1.961	5
1353	2.098	1.843	1.98	2.078	5
1354	2.157	1.765	1.882	2.118	5
1355	2.275	1.863	1.863	2.078	5
1356	2.255	1.843	2.02	1.98	5
1357	2.294	1.922	2.137	1.922	5
1358	2.098	1.941	2.118	1.961	5
1359	1.824	2.059	2.216	2.078	5
1360	1.588	2.078	2.314	2.235	5
1361	1.824	1.98	2.392	2.314	5
1362	2.039	1.843	2.373	2.294	5
1363	2.039	1.804	2.333	2.176	5
1364	2.235	1.882	2.471	2.098	5
1365	2.157	1.961	2.549	2.118	5
1366	1.902	1.922	2.373	2.059	5
1367	1.804	1.804	2.137	1.941	5
1368	1.882	1.824	1.961	1.902	5
1369	1.961	1.882	1.922	1.843	5
1370	1.882	1.98	1.941	1.843	5
1371	1.824	2.059	1.902	1.863	5
1372	1.784	2.118	1.922	1.941	5
1373	1.843	2.059	2.039	2.039	5
1374	1.922	1.922	2.039	2.039	5
1375	1.824	1.882	1.902	2.0	5
1376	1.824	1.902	2.0	2.02	5
1377	1.843	1.863	2.176	2.02	5
1378	1.745	1.725	2.137	2.039	5
1379	1.804	1.745	2.176	2.0	5
1380	1.804	1.922	2.294	1.98	5
1381	1.824	2.02	2.314	1.961	5
1382	1.804	1.882	2.255	1.941	5
1383	1.824	1.686	2.176	1.902	5
1384	2.0	1.549	1.961	1.824	5
1385	1.941	1.686	1.98	1.804	5
1386	1.863	1.745	1.784	1.745	5
1387	1.824	1.647	1.765	1.725	5
1388	1.784	1.686	1.961	1.784	5
1389	1.882	1.725	1.686	1.863	5
1390	1.804	1.667	1.392	1.784	5
1391	1.765	1.725	1.549	1.765	5
1392	1.882	1.882	1.765	1.824	5
1393	1.745	2.118	2.039	1.961	5
1394	1.686	2.0	2.196	2.078	5
1395	1.922	1.784	2.216	2.118	5
1396	2.02	1.725	2.078	2.059	5
1397	1.961	1.725	2.02	1.922	5
1398	1.98	1.804	2.039	1.784	5
1399	1.98	1.941	2.098	1.725	5
1400	1.745	2.118	2.078	1.804	5
1401	1.843	2.176	1.824	1.902	5
1402	2.0	2.196	1.882	1.902	5
1403	2.196	2.157	1.98	1.863	5
1404	2.333	2.059	1.863	1.824	5
1405	2.118	1.98	1.706	1.765	5
1406	1.725	2.059	1.765	1.765	5
1407	1.706	2.196	1.824	1.824	5
1408	1.706	2.216	1.843	1.902	5
1409	1.706	1.98	1.784	1.941	5
1410	1.843	1.922	1.922	1.961	5
1411	1.804	1.804	2.039	1.941	5
1412	1.765	1.706	2.098	1.922	5
1413	2.098	1.804	2.118	1.922	5
1414	2.235	1.784	2.216	1.941	5
1415	1.941	1.745	2.216	1.882	5
1416	1.608	1.745	2.059	1.843	5
1417	1.549	1.765	2.039	1.824	5
1418	1.863	1.784	2.0	1.843	5
1419	2.078	1.686	1.863	1.765	5
1420	2.137	1.706	1.824	1.725	5
1421	2.157	1.902	1.824	1.882	5
1422	2.078	2.02	1.804	2.02	5
1423	1.98	2.039	1.804	2.118	5
1424	1.706	1.902	1.667	2.039	5
1425	1.608	1.922	1.804	1.863	5
1426	1.843	2.157	2.118	1.843	5
1427	1.784	2.176	2.078	2.02	5
1428	1.627	1.98	2.098	2.157	5
1429	1.902	1.863	2.216	2.235	5
1430	2.294	1.882	2.333	2.235	5
1431	2.392	1.922	2.412	2.216	5
1432	2.059	1.882	2.392	2.118	5
1433	2.0	1.882	2.314	2.0	5
1434	1.961	1.863	2.275	1.922	5
1435	1.961	1.843	2.157	1.961	5
1436	2.157	1.843	2.098	1.922	5
1437	2.431	1.902	2.059	1.902	5
1438	2.392	1.882	2.0	1.922	5
1439	2.235	1.863	1.941	1.922	5
1440	2.216	1.961	1.961	1.98	5
1441	2.255	2.0	2.137	2.098	5
1442	2.353	1.98	2.196	2.157	5
1443	2.235	1.902	2.098	2.098	5
1444	2.02	1.902	2.196	2.118	5
1445	1.882	1.941	2.333	2.216	5
1446	2.059	1.902	2.451	2.314	5
1447	2.137	1.765	2.392	2.353	5
1448	2.137	1.647	2.412	2.255	5
1449	2.157	1.667	2.314	2.098	5
1450	2.039	1.647	2.216	1.922	5
1451	2.118	1.863	2.373	1.902	5
1452	2.235	1.843	2.275	1.941	5
1453	2.196	1.745	2.078	2.0	5
1454	2.059	1.725	1.843	1.941	5
1455	1.784	1.686	1.824	1.882	5
1456	1.784	1.745	1.961	1.902	5
1457	1.882	1.863	1.922	1.961	5
1458	1.902	1.863	1.686	1.98	5
1459	1.863	1.765	1.667	1.961	5
1460	1.863	1.843	1.882	1.922	5
1461	1.765	2.0	2.118	1.941	5
1462	1.804	2.039	2.235	1.941	5
1463	1.745	1.98	2.176	2.039	5
1464	1.765	1.706	2.275	2.059	5
1465	2.039	1.765	2.314	2.137	5
1466	2.039	1.882	2.098	2.059	5
1467	1.706	1.765	2.059	1.882	5
1468	1.667	1.725	2.157	1.745	5
1469	1.941	1.765	2.118	1.667	5
1470	2.235	1.706	1.941	1.647	5
1471	2.176	1.647	1.784	1.627	5
1472	2.137	1.824	1.686	1.725	5
1473	2.078	1.725	1.549	1.745	5
1474	1.98	1.647	1.686	1.804	5
1475	1.922	1.706	1.765	1.843	5
1476	2.059	1.725	1.608	1.804	5
1477	1.961	1.941	1.863	1.824	5
1478	1.647	2.235	2.353	2.059	5
1479	1.471	2.059	2.353	2.333	5
1480	1.765	1.608	2.059	2.275	5
1481	2.059	1.647	2.059	2.078	5
1482	2.039	1.882	2.137	1.843	5
1483	1.961	2.0	2.196	1.784	5
1484	1.608	2.078	2.039	1.863	5
1485	1.471	2.216	2.157	2.0	5
1486	1.647	2.294	2.255	2.039	5
1487	1.784	2.216	2.176	2.078	5
1488	2.118	2.078	1.98	1.941	5
1489	1.961	2.0	1.941	1.843	5
1490	1.529	2.176	1.706	1.863	5
1491	1.647	2.294	1.706	1.941	5
1492	1.725	2.118	1.843	1.98	5
1493	1.765	2.078	1.824	2.0	5
1494	1.882	2.196	1.902	1.961	5
1495	2.02	2.176	2.078	2.0	5
1496	1.98	2.137	2.059	1.98	5
1497	1.706	2.0	2.118	1.961	5
1498	1.667	1.98	2.176	2.0	5
1499	1.686	1.98	2.235	2.02	5
1500	1.882	1.863	2.137	1.961	5
1501	2.078	1.824	2.098	1.902	5
1502	2.176	1.843	2.098	1.843	5
1503	2.176	1.882	2.078	1.725	5
1504	2.157	1.882	1.98	1.686	5
1505	1.922	1.882	1.843	1.706	5
1506	1.804	1.902	1.627	1.706	5
1507	1.784	2.0	1.51	1.686	5
1508	1.588	1.941	1.569	1.667	5
1509	1.549	1.804	1.627	1.706	5
1510	2.059	1.745	1.549	1.725	5
1511	2.0	1.706	1.588	1.725	5
1512	1.922	1.824	2.0	1.843	5
1513	2.118	1.922	2.275	2.059	5
1514	2.098	1.922	2.431	2.176	5
1515	1.902	1.745	2.137	2.137	5
1516	2.039	1.667	2.157	2.059	5
1517	2.176	1.627	2.137	1.941	5
1518	1.667	1.667	2.0	1.863	5
1519	1.745	1.725	2.157	1.902	5
1520	2.49	1.824	2.314	2.02	5
1521	2.843	1.882	2.314	2.196	5
1522	2.863	1.843	2.314	2.176	5
1523	2.098	1.863	2.118	2.098	5
1524	1.765	1.863	1.941	1.941	5
1525	2.039	2.0	1.98	1.922	5
1526	2.314	2.098	2.137	2.039	5
1527	2.333	2.078	2.235	2.275	5
1528	2.412	1.98	2.216	2.392	5
1529	2.392	1.961	2.392	2.451	5
1530	2.255	1.98	2.451	2.392	5
1531	2.02	1.882	2.471	2.216	5
1532	1.961	1.882	2.451	2.059	5
1533	2.078	1.961	2.49	2.039	5
1534	2.235	1.941	2.471	2.059	5
1535	2.157	1.804	2.373	2.078	5
1536	2.098	1.784	2.275	2.059	5
1537	2.039	1.706	2.157	2.02	5
1538	2.059	1.765	2.098	1.902	5
1539	2.039	1.824	1.961	1.824	5
1540	2.098	1.804	1.902	1.765	5
1541	2.078	1.804	1.843	1.745	5
1542	1.824	1.882	1.922	1.804	5
1543	1.804	1.902	2.059	1.902	5
1544	1.765	1.706	1.843	1.98	5
1545	1.745	1.706	1.745	1.961	5
1546	1.784	1.706	2.02	1.961	5
1547	1.863	1.627	2.196	1.941	5
1548	2.039	1.608	2.157	1.961	5
1549	2.039	1.647	2.098	1.961	5
1550	1.863	1.627	2.059	1.98	5
1551	1.843	1.412	2.157	1.902	5
1552	2.059	1.51	2.216	1.784	5
1553	2.0	1.608	2.176	1.725	5
1554	1.588	1.608	2.118	1.824	5
1555	1.627	1.667	1.922	2.02	5
1556	2.078	1.608	1.569	1.98	5
1557	2.02	1.745	1.608	1.824	5
1558	1.98	1.961	1.765	1.706	5
1559	1.882	2.02	1.745	1.706	5
1560	1.784	2.039	1.686	1.843	5
1561	1.608	2.0	1.824	2.02	5
1562	1.608	1.961	1.863	2.137	5
1563	1.588	2.059	2.02	2.196	5
1564	1.627	2.098	2.059	2.176	5
1565	1.549	2.137	2.039	2.059	5
1566	1.588	2.157	2.157	1.941	5
1567	1.647	2.0	2.314	1.941	5
1568	1.804	1.804	2.216	1.922	5
1569	1.902	1.863	2.157	1.941	5
1570	1.98	1.902	2.176	2.039	5
1571	1.843	1.902	2.039	2.059	5
1572	1.922	2.137	2.098	2.059	5
1573	2.118	2.216	1.824	1.863	5
1574	1.863	2.098	1.725	1.706	5
1575	1.882	2.02	1.863	1.608	5
1576	1.882	2.02	1.765	1.667	5
1577	1.804	2.137	1.686	1.824	5
1578	1.706	2.333	1.941	2.02	5
1579	1.51	2.353	1.961	2.157	5
1580	1.882	2.196	1.961	2.137	5
1581	2.333	2.216	2.039	2.039	5
1582	2.157	2.216	2.255	1.882	5
1583	1.824	2.137	2.137	1.843	5
1584	1.706	2.039	2.176	1.882	5
1585	1.706	2.02	2.216	1.961	5
1586	1.824	2.039	2.176	2.0	5
1587	2.0	1.902	2.02	1.922	5
1588	2.0	1.784	1.922	1.765	5
1589	1.922	1.843	1.941	1.745	5
1590	2.039	1.843	1.784	1.745	5
1591	1.961	1.765	1.667	1.647	5
1592	1.647	1.706	1.569	1.569	5
1593	1.765	1.941	1.725	1.667	5
1594	1.863	1.922	1.843	1.882	5
1595	2.039	1.784	1.784	2.039	5
1596	2.392	1.765	1.843	2.078	5
1597	2.373	1.784	2.098	2.078	5
1598	2.118	1.863	2.333	2.098	5
1599	1.941	1.902	2.314	2.118	5
1600	1.706	1.725	2.137	2.098	5
1601	1.863	1.765	2.235	2.216	5
1602	2.118	1.745	2.235	2.196	5
1603	2.216	1.784	2.353	2.137	5
1604	2.314	1.745	2.333	2.078	5
1605	2.314	1.725	2.196	1.98	5
1606	2.588	1.804	2.176	1.98	5
1607	2.588	1.902	2.176	2.039	5
1608	2.314	1.902	2.196	2.137	5
1609	2.196	1.843	2.02	2.176	5
1610	2.0	1.804	1.824	2.157	5
1611	1.824	1.941	1.941	2.098	5
1612	1.824	1.882	2.02	2.039	5
1613	2.137	1.882	2.059	2.059	5
1614	2.255	1.863	2.176	2.059	5
1615	2.176	1.882	2.333	2.118	5
1616	2.039	1.804	2.392	2.059	5
1617	2.098	1.725	2.431	2.078	5
1618	2.216	1.725	2.471	2.137	5
1619	1.863	1.569	2.255	2.039	5
1620	1.667	1.353	2.039	1.902	5
1621	1.961	1.549	2.294	1.824	5
1622	2.275	1.765	2.294	1.824	5
1623	2.471	1.647	2.176	1.824	5
1624	2.471	1.608	2.02	1.882	5
1625	1.725	1.608	1.706	1.784	5
1626	1.353	1.745	1.745	1.686	5
1627	1.471	1.765	1.725	1.627	5
1628	1.667	1.627	1.529	1.569	5
1629	1.941	1.686	1.706	1.647	5
1630	2.255	1.824	2.118	1.922	5
1631	2.471	2.157	2.51	2.333	5
1632	2.333	2.255	2.569	2.569	5
1633	1.471	2.137	2.314	2.431	5
1634	1.196	2.059	1.765	2.039	5
1635	1.451	2.0	1.843	1.706	5
1636	1.941	1.745	2.176	1.608	5
1637	2.314	1.765	2.373	1.725	5
1638	2.51	2.02	2.49	2.0	5
1639	2.157	2.039	2.294	2.157	5
1640	1.922	1.98	2.078	2.196	5
1641	2.333	1.922	1.882	2.02	5
1642	2.275	1.824	1.784	1.804	5
1643	2.078	1.686	1.686	1.686	5
1644	1.824	1.824	1.706	1.784	5
1645	1.706	1.784	1.882	1.961	5
1646	1.706	1.784	1.922	2.078	5
1647	1.882	2.039	2.02	2.098	5
1648	1.804	2.078	2.059	2.039	5
1649	1.902	1.882	2.059	2.098	5
1650	2.039	1.804	2.157	2.118	5
1651	1.686	1.725	2.098	2.039	5
1652	1.49	1.843	2.078	1.961	5
1653	1.863	2.471	2.471	1.961	5
1654	1.725	2.471	2.333	2.02	5
1655	1.49	2.333	2.216	2.118	5
1656	1.686	2.216	2.059	2.078	5
1657	1.725	2.216	1.882	1.902	5
1658	1.882	2.392	1.882	1.784	5
1659	2.098	2.451	1.941	1.765	5
1660	1.98	2.255	1.863	1.784	5
1661	1.863	2.294	1.843	1.843	5
1662	1.725	2.373	1.784	1.843	5
1663	1.529	2.373	1.706	1.784	5
1664	1.431	2.216	1.667	1.706	5
1665	1.627	2.157	1.863	1.706	5
1666	1.784	1.961	1.941	1.804	5
1667	1.725	1.902	2.078	1.843	5
1668	1.667	1.804	2.118	1.961	5
1669	1.667	1.784	2.059	1.882	5
1670	2.098	1.745	1.961	1.667	5
1671	2.157	1.667	2.02	1.608	5
1672	1.902	1.725	2.078	1.745	5
1673	1.941	1.725	2.039	1.941	5
1674	2.176	1.765	1.922	1.961	5
1675	2.157	1.667	1.824	1.922	5
1676	2.078	1.686	1.843	1.765	5
1677	2.196	1.824	1.843	1.784	5
1678	2.176	1.922	1.882	1.941	5
1679	2.157	1.961	1.961	2.098	5
1680	2.294	1.902	1.961	2.216	5
1681	2.431	1.784	2.0	2.196	5
1682	2.49	1.765	2.216	2.255	5
1683	2.176	1.824	2.314	2.275	5
1684	2.118	1.863	2.471	2.235	5
1685	2.431	1.824	2.51	2.196	5
1686	2.216	1.804	2.608	2.275	5
1687	2.137	1.706	2.431	2.275	5
1688	2.118	1.608	2.235	2.118	5
1689	2.0	1.588	2.118	1.961	5
1690	1.922	1.529	2.039	1.843	5
1691	1.804	1.608	1.98	1.784	5
1692	1.961	1.667	1.902	1.784	5
1693	2.039	1.686	1.824	1.824	5
1694	2.118	1.706	1.804	1.882	5
1695	2.118	1.843	1.902	2.0	5
1696	1.784	1.863	1.941	2.098	5
1697	1.569	1.765	2.02	2.039	5
1698	1.608	1.686	1.843	1.941	5
1699	1.667	1.647	1.784	1.882	5
1700	1.588	1.706	1.941	1.922	5
1701	1.569	1.765	2.137	2.02	5
1702	1.824	1.765	2.176	2.059	5
1703	2.098	1.745	2.275	2.059	5
1704	2.118	1.706	2.196	1.961	5
1705	1.706	1.627	2.176	1.863	5
1706	2.0	1.647	2.137	1.765	5
1707	2.039	1.804	2.176	1.784	5
1708	2.078	1.902	2.216	1.922	5
1709	2.294	1.863	2.098	2.039	5
1710	2.216	1.765	1.804	2.0	5
1711	1.863	1.667	1.608	1.725	5
1712	1.765	1.725	1.608	1.549	5
1713	1.98	1.902	1.843	1.588	5
1714	2.353	2.059	2.137	1.824	5
1715	2.706	1.98	2.275	2.196	5
1716	2.078	1.843	2.137	2.549	5
1717	1.784	1.725	2.118	2.471	5
1718	2.02	1.706	2.235	2.176	5
1719	2.392	1.725	2.255	1.843	5
1720	2.176	1.588	2.333	1.706	5
1721	2.059	1.49	2.549	1.804	5
1722	1.843	1.392	1.961	1.941	5
1723	1.804	1.627	1.745	2.02	5
1724	1.706	2.039	2.157	2.176	5
1725	2.078	2.0	2.431	2.235	5
1726	2.294	1.725	2.235	2.137	5
1727	2.137	1.784	1.804	1.922	5
1728	1.824	2.157	1.627	1.667	5
1729	1.745	2.314	1.725	1.667	5
1730	1.667	2.275	1.863	1.804	5
1731	1.647	2.353	1.922	2.02	5
1732	1.686	2.392	2.02	2.137	5
1733	1.588	2.412	2.0	2.176	5
1734	1.431	2.314	1.961	2.098	5
1735	1.373	2.353	2.157	2.078	5
1736	1.725	2.451	2.255	2.098	5
1737	2.0	2.216	2.137	2.078	5
1738	2.294	2.02	2.471	2.039	5
1739	2.235	2.118	2.431	2.0	5
1740	1.431	2.039	1.882	1.902	5
1741	1.529	2.039	1.863	1.784	5
1742	2.02	2.0	1.941	1.706	5
1743	1.98	1.784	1.824	1.725	5
1744	1.863	1.863	1.824	1.824	5
1745	2.137	1.863	1.784	1.941	5
1746	2.216	1.863	1.725	1.961	5
1747	2.078	1.882	1.804	1.902	5
1748	1.686	1.98	1.863	1.804	5
1749	1.588	2.0	1.882	1.725	5
1750	1.765	1.98	1.882	1.745	5
1751	1.98	1.902	2.039	1.843	5
1752	2.157	1.902	2.176	2.02	5
1753	2.137	1.941	2.216	2.157	5
1754	2.078	1.941	2.353	2.157	5
1755	2.078	1.804	2.333	2.02	5
1756	1.941	1.843	2.176	1.863	5
1757	1.863	1.902	2.137	1.784	5
1758	1.922	1.882	2.039	1.902	5
1759	2.059	1.863	1.98	1.902	5
1760	1.961	1.824	1.784	1.784	5
1761	1.902	1.804	1.706	1.686	5
1762	1.961	1.863	1.824	1.686	5
1763	2.039	2.039	1.98	1.902	5
1764	2.078	1.98	1.922	2.137	5
1765	2.078	1.902	1.902	2.275	5
1766	1.941	1.843	1.961	2.275	5
1767	1.902	1.824	1.98	2.255	5
1768	1.843	1.824	2.137	2.157	5
1769	1.863	1.804	2.255	2.0	5
1770	1.51	1.686	2.078	1.941	5
1771	1.569	1.627	2.196	1.961	5
1772	1.98	1.667	2.255	2.0	5
1773	2.392	1.725	2.176	1.941	5
1774	2.235	1.627	2.157	1.863	5
1775	1.902	1.569	2.098	1.804	5
1776	1.882	1.725	2.0	1.765	5
1777	2.118	1.725	1.961	1.843	5
1778	2.373	1.667	1.902	1.941	5
1779	2.216	1.667	1.765	1.941	5
1780	1.804	1.745	1.725	1.922	5
1781	1.804	1.843	1.843	1.941	5
1782	2.039	1.902	1.922	2.0	5
1783	2.196	1.843	2.0	2.02	5
1784	2.176	1.765	2.039	2.039	5
1785	2.373	1.784	2.353	2.078	5
1786	2.275	1.902	2.608	2.216	5
1787	2.02	1.882	2.431	2.314	5
1788	2.078	1.843	2.333	2.333	5
1789	2.333	1.882	2.353	2.235	5
1790	2.275	1.843	2.353	2.098	5
1791	2.235	1.824	2.392	1.98	5
1792	2.196	1.784	2.275	1.882	5
1793	2.118	1.863	2.137	1.804	5
1794	2.0	1.922	2.078	1.804	5
1795	2.059	2.02	2.039	1.882	5
1796	2.059	2.0	1.941	1.941	5
1797	2.157	1.863	1.941	1.961	5
1798	2.137	1.804	2.0	1.961	5
1799	1.902	1.843	2.059	1.922	5
1800	1.765	1.725	1.882	1.902	5
1801	1.608	1.784	1.902	1.882	5
1802	1.686	1.804	2.098	1.922	5
1803	1.863	1.941	2.294	1.98	5
1804	1.98	1.804	2.373	2.039	5
1805	1.804	1.608	2.294	2.078	5
1806	1.667	1.588	2.118	2.078	5
1807	1.686	1.804	2.196	2.039	5
1808	1.725	1.745	2.0	1.882	5
1809	2.059	1.686	1.922	1.667	5
1810	2.333	1.725	1.941	1.627	5
1811	1.941	1.804	1.824	1.667	5
1812	1.686	2.039	1.824	1.863	5
1813	1.922	2.176	1.863	2.0	5
1814	1.686	2.216	1.686	2.0	5
1815	1.49	2.196	1.588	1.941	5
1816	1.608	2.059	1.686	1.882	5
1817	1.804	2.059	1.863	1.863	5
1818	1.843	2.196	2.02	1.941	5
1819	1.882	2.255	2.039	2.039	5
1820	1.569	2.118	2.137	2.078	5
1821	1.569	2.039	2.0	2.098	5
1822	1.706	2.078	2.059	2.059	5
1823	1.98	2.078	2.294	2.059	5
1824	2.216	2.059	2.353	2.078	5
1825	2.157	1.902	2.255	2.02	5
1826	1.706	1.804	2.059	1.922	5
1827	1.627	1.882	1.98	1.765	5
1828	1.725	1.902	1.843	1.745	5
1829	1.745	1.863	1.843	1.784	5
1830	2.039	1.863	1.843	1.863	5
1831	2.275	1.941	1.667	1.843	5
1832	2.059	1.843	1.706	1.843	5
1833	1.765	1.922	1.804	1.843	5
1834	1.765	1.961	1.941	1.863	5
1835	1.745	1.902	2.0	1.922	5
1836	1.824	1.824	2.098	1.98	5
1837	1.922	1.922	2.216	2.039	5
1838	1.961	1.843	2.098	2.02	5
1839	1.902	1.725	2.157	1.961	5
1840	2.039	1.765	2.176	1.863	5
1841	2.157	1.882	2.196	1.863	5
1842	1.98	1.941	2.157	1.941	5
1843	1.843	1.902	2.078	2.0	5
1844	2.02	1.843	1.882	1.961	5
1845	2.059	1.784	1.725	1.804	5
1846	1.98	1.922	1.765	1.725	5
1847	2.059	2.0	1.765	1.725	5
1848	2.216	1.961	1.863	1.902	5
1849	2.431	1.922	2.0	2.137	5
1850	2.627	1.98	2.137	2.314	5
1851	2.216	1.941	2.02	2.294	5
1852	1.529	1.941	2.02	2.157	5
1853	1.627	1.902	2.039	2.0	5
1854	1.941	1.902	2.235	2.0	5
1855	2.275	1.843	2.294	2.039	5
1856	2.294	1.784	2.314	2.098	5
1857	2.078	1.745	2.294	2.078	5
1858	2.098	1.843	2.353	2.078	5
1859	2.196	1.824	2.392	2.098	5
1860	2.216	1.784	2.255	1.98	5
1861	2.039	1.725	2.039	1.843	5
1862	2.0	1.765	1.961	1.804	5
1863	2.039	1.804	1.922	1.824	5
1864	2.118	1.804	1.863	1.843	5
1865	1.922	1.843	1.765	1.882	5
1866	1.765	1.922	1.941	1.961	5
1867	1.902	1.941	1.98	2.039	5
1868	2.196	1.843	2.059	2.098	5
1869	2.314	1.843	2.196	2.098	5
1870	1.765	1.882	2.255	2.137	5
1871	1.765	1.784	2.294	2.137	5
1872	1.941	1.784	2.294	2.098	5
1873	1.922	1.745	2.294	2.078	5
1874	2.0	1.686	2.255	2.039	5
1875	2.078	1.745	2.235	1.961	5
1876	2.137	1.725	2.216	1.941	5
1877	2.078	1.725	2.157	1.863	5
1878	1.98	1.784	2.059	1.824	5
1879	1.902	1.745	1.882	1.784	5
1880	1.902	1.863	1.843	1.784	5
1881	1.902	1.961	1.804	1.804	5
1882	1.902	2.0	1.804	1.843	5
1883	1.922	1.843	1.863	1.941	5
1884	1.922	1.725	1.765	1.922	5
1885	1.863	1.725	1.745	1.863	5
1886	1.765	1.98	2.02	1.863	5
1887	1.765	2.078	2.157	1.98	5
1888	1.784	2.0	2.235	2.157	5
1889	1.922	1.863	2.216	2.176	5
1890	1.941	1.961	2.294	2.078	5
1891	1.902	1.882	2.294	1.902	5
1892	1.902	1.863	2.235	1.824	5
1893	1.98	1.922	2.118	1.784	5
1894	2.039	1.902	2.02	1.824	5
1895	1.922	1.961	1.941	1.902	5
1896	1.941	2.059	1.941	1.902	5
1897	2.0	2.118	1.843	1.902	5
1898	1.902	2.039	1.784	1.843	5
1899	1.922	2.098	1.824	1.824	5
1900	1.922	2.078	1.863	1.863	5
1901	1.941	2.078	1.902	1.902	5
1902	1.961	2.118	2.0	2.02	5
1903	1.804	2.098	2.039	2.118	5
1904	1.765	2.078	2.059	2.098	5
1905	1.863	1.941	2.196	2.02	5
1906	1.922	1.922	2.216	1.941	5
1907	1.863	1.922	2.078	1.902	5
1908	1.882	1.902	2.176	1.922	5
1909	1.922	1.902	2.235	2.02	5
1910	2.0	1.843	2.176	2.039	5
1911	2.0	1.784	2.098	1.98	5
1912	1.902	1.804	2.0	1.863	5
1913	1.941	1.843	1.882	1.804	5
1914	1.98	1.922	1.804	1.765	5
1915	1.961	1.941	1.784	1.804	5
1916	1.941	1.902	1.725	1.863	5
1917	1.843	1.882	1.784	1.941	5
1918	1.824	1.863	1.843	2.0	5
1919	1.863	1.882	1.902	2.02	5
1920	1.843	1.902	1.961	2.039	5
1921	1.902	1.902	2.098	2.078	5
1922	1.882	1.843	2.176	2.098	5
1923	1.902	1.824	2.196	2.059	5
1924	1.882	1.824	2.235	2.02	5
1925	1.961	1.784	2.216	1.98	5
1926	2.078	1.784	2.216	1.98	5
1927	2.118	1.824	2.216	2.0	5
1928	2.059	1.804	2.137	2.0	5
1929	1.961	1.843	1.98	1.922	5
1930	2.039	1.863	1.922	1.843	5
1931	2.078	1.843	1.824	1.804	5
1932	2.059	1.882	1.804	1.824	5
1933	2.059	1.922	1.843	1.902	5
1934	2.0	1.941	1.863	1.961	5
1935	1.961	1.902	1.941	2.0	5
1936	1.961	1.902	1.941	2.039	5
1937	1.922	1.882	2.039	2.059	5
1938	1.941	1.843	2.098	2.02	5
1939	1.902	1.843	2.216	2.059	5
1940	1.941	1.784	2.255	2.078	5
1941	1.922	1.804	2.255	2.098	5
1942	1.961	1.765	2.216	2.0	5
1943	1.98	1.765	2.176	1.922	5
1944	2.02	1.804	2.176	1.902	5
1945	2.02	1.784	2.118	1.922	5
1946	2.078	1.824	2.02	1.882	5
1947	2.059	1.843	1.922	1.863	5
1948	1.98	1.882	1.824	1.843	5
1949	1.961	1.882	1.804	1.804	5
1950	1.941	1.922	1.784	1.863	5
1951	1.922	1.941	1.863	1.941	5
1952	1.922	1.941	1.902	1.961	5
1953	1.922	1.941	1.941	2.0	5
1954	1.882	1.941	2.039	2.039	5
1955	1.922	1.922	2.118	2.078	5
1956	1.902	1.863	2.216	2.078	5
1957	1.941	1.824	2.235	2.059	5
1958	1.922	1.824	2.294	2.039	5
1959	2.0	1.824	2.255	2.0	5
1960	2.0	1.804	2.196	1.922	5
1961	2.0	1.804	2.157	1.922	5
1962	2.0	1.804	2.118	1.882	5
1963	2.02	1.824	2.02	1.882	5
1964	2.039	1.843	1.902	1.863	5
1965	1.98	1.863	1.804	1.804	5
1966	1.98	1.863	1.804	1.804	5
1967	1.941	1.922	1.784	1.863	5
1968	1.941	1.882	1.843	1.922	5
1969	1.902	1.902	1.882	1.98	5
1970	1.922	1.902	1.922	2.0	5
1971	1.902	1.98	1.98	2.039	5
1972	1.902	1.922	2.118	2.078	5
1973	1.882	1.922	2.196	2.098	5
1974	1.922	1.843	2.196	2.039	5
1975	1.902	1.804	2.255	2.039	5
1976	1.961	1.784	2.235	1.961	5
1977	1.98	1.784	2.196	1.961	5
1978	1.98	1.804	2.157	1.941	5
1979	2.0	1.863	2.098	1.922	5
1980	1.98	1.941	2.02	1.902	5
1981	2.059	1.941	1.922	1.824	5
1982	1.98	1.922	1.824	1.804	5
1983	1.961	1.922	1.784	1.804	5
1984	1.961	1.941	1.765	1.824	5
1985	1.922	1.961	1.843	1.882	5
1986	1.902	1.941	1.902	1.961	5
1987	1.882	1.961	1.922	2.0	5
1988	1.863	1.922	2.039	1.98	5
1989	1.922	1.961	2.137	2.118	5
1990	1.902	1.902	2.216	2.098	5
1991	1.961	1.863	2.255	2.059	5
1992	1.922	1.824	2.255	2.039	5
1993	1.961	1.824	2.235	1.98	5
1994	2.0	1.902	2.196	1.941	5
1995	2.137	1.882	2.196	1.941	5
1996	2.098	1.804	2.118	1.902	5
1997	2.118	1.824	2.02	1.882	5
1998	2.059	1.922	1.922	1.843	5
1999	2.059	1.941	1.863	1.824	5
