time	channel1	channel2	channel3	channel4	class
0	2.118	1.725	2.039	1.843	0
1	2.059	1.745	2.039	1.902	0
2	2.02	1.784	2.02	1.922	0
3	1.961	1.784	2.0	1.941	0
4	1.922	1.882	1.98	1.961	0
5	1.902	1.922	1.98	1.98	0
6	1.804	2.02	2.0	2.02	0
7	1.824	2.059	2.039	2.039	0
8	1.784	2.078	2.039	2.098	0
9	1.804	2.059	2.059	2.059	0
10	1.882	2.02	2.059	2.02	0
11	1.863	2.039	2.078	2.0	0
12	1.902	1.98	2.118	1.98	0
13	2.0	1.922	2.137	1.961	0
14	2.039	1.882	2.176	1.98	0
15	2.078	1.784	2.098	1.922	0
16	2.059	1.765	2.098	1.882	0
17	2.059	1.725	2.078	1.882	0
18	2.02	1.745	2.02	1.902	0
19	2.02	1.765	2.039	1.941	0
20	2.0	1.804	2.0	1.941	0
21	1.941	1.843	2.02	1.941	0
22	1.882	1.902	1.98	2.02	0
23	1.804	1.98	1.98	2.02	0
24	1.824	2.0	2.0	2.039	0
25	1.765	2.078	2.039	2.059	0
26	1.804	2.02	2.059	2.039	0
27	1.863	2.0	2.059	2.02	0
28	1.882	1.98	2.078	1.98	0
29	1.922	1.961	2.098	1.98	0
30	1.98	1.922	2.098	1.941	0
31	2.059	1.804	2.118	1.922	0
32	2.118	1.745	2.059	1.863	0
33	2.118	1.686	2.078	1.863	0
34	2.137	1.706	2.039	1.824	0
35	2.039	1.706	2.02	1.863	0
36	2.039	1.725	1.98	1.902	0
37	2.02	1.784	2.0	1.902	0
38	1.961	1.843	1.941	1.922	0
39	1.902	1.922	1.961	1.98	0
40	1.843	1.98	1.98	2.0	0
41	1.843	2.0	1.98	2.039	0
42	1.804	2.039	2.02	2.02	0
43	1.843	2.039	2.039	2.02	0
44	1.863	2.039	2.059	2.02	0
45	1.902	2.02	2.059	1.98	0
46	1.941	1.941	2.078	1.98	0
47	1.98	1.922	2.098	1.922	0
48	2.059	1.843	2.137	1.902	0
49	2.118	1.725	2.078	1.863	0
50	2.118	1.706	2.078	1.843	0
51	2.137	1.686	2.02	1.824	0
52	2.078	1.706	2.0	1.843	0
53	2.039	1.745	2.0	1.882	0
54	1.98	1.784	2.0	1.941	0
55	1.922	1.824	1.961	1.941	0
56	1.902	1.882	1.961	1.98	0
57	1.824	1.98	1.98	2.0	0
58	1.824	2.0	2.0	2.039	0
59	1.784	2.078	2.02	2.039	0
60	1.804	2.059	2.039	2.02	0
61	1.843	2.039	2.059	2.02	0
62	1.843	2.039	2.098	2.0	0
63	1.882	1.961	2.118	2.0	0
64	1.941	1.882	2.118	1.98	0
65	2.02	1.863	2.137	1.941	0
66	2.078	1.745	2.059	1.882	0
67	2.078	1.725	2.078	1.843	0
68	2.098	1.706	2.039	1.863	0
69	2.039	1.745	2.039	1.882	0
70	2.039	1.745	2.0	1.902	0
71	2.0	1.784	1.98	1.941	0
72	1.922	1.863	1.961	1.941	0
73	1.902	1.902	1.98	2.0	0
74	1.824	1.98	1.961	2.02	0
75	1.843	2.02	1.98	2.02	0
76	1.784	2.059	2.0	2.039	0
77	1.824	2.039	2.039	2.039	0
78	1.863	2.02	2.039	2.0	0
79	1.863	2.0	2.059	1.98	0
80	1.941	1.941	2.098	1.961	0
81	2.0	1.882	2.098	1.941	0
82	2.059	1.863	2.118	1.922	0
83	2.137	1.765	2.078	1.882	0
84	2.118	1.686	2.078	1.863	0
85	2.137	1.706	2.039	1.824	0
86	2.078	1.706	2.0	1.863	0
87	2.059	1.725	1.98	1.882	0
88	2.039	1.765	1.961	1.902	0
89	1.98	1.843	1.922	1.922	0
90	1.922	1.922	1.961	1.941	0
91	1.863	2.02	1.961	2.0	0
92	1.863	2.0	1.961	2.02	0
93	1.843	2.039	1.98	2.02	0
94	1.863	2.059	2.039	2.0	0
95	1.902	2.02	2.059	1.961	0
96	1.882	2.0	2.059	1.98	0
97	1.902	1.961	2.078	1.98	0
98	2.0	1.882	2.098	1.941	0
99	2.059	1.863	2.137	1.922	0
100	2.137	1.745	2.059	1.882	0
101	2.078	1.706	2.039	1.824	0
102	2.098	1.706	2.039	1.843	0
103	2.039	1.725	2.02	1.863	0
104	2.02	1.765	2.039	1.902	0
105	2.0	1.765	2.0	1.98	0
106	1.902	1.824	2.0	1.961	0
107	1.863	1.882	1.961	2.0	0
108	1.784	1.98	1.98	2.02	0
109	1.804	2.0	2.02	2.039	0
110	1.745	2.059	2.02	2.078	0
111	1.804	2.059	2.078	2.098	0
112	1.863	2.039	2.078	2.078	0
113	1.902	2.0	2.078	2.02	0
114	1.902	1.941	2.098	1.98	0
115	2.0	1.882	2.118	1.961	0
116	2.039	1.824	2.118	1.922	0
117	2.098	1.765	2.059	1.882	0
118	2.078	1.725	2.098	1.863	0
119	2.098	1.706	2.039	1.902	0
120	2.078	1.725	2.02	1.882	0
121	2.039	1.745	2.02	1.922	0
122	2.0	1.784	1.98	1.922	0
123	1.941	1.804	1.98	1.961	0
124	1.902	1.882	1.961	2.0	0
125	1.824	1.961	1.961	2.02	0
126	1.843	1.98	2.0	2.059	0
127	1.824	2.039	2.02	2.059	0
128	1.863	2.059	2.039	2.059	0
129	1.902	2.02	2.039	2.0	0
130	1.902	2.0	2.078	2.0	0
131	1.922	1.98	2.078	2.0	0
132	1.941	1.902	2.118	1.98	0
133	2.02	1.882	2.137	1.941	0
134	2.098	1.765	2.059	1.882	0
135	2.118	1.725	2.078	1.843	0
136	2.118	1.725	2.039	1.843	0
137	2.039	1.745	2.039	1.863	0
138	2.02	1.765	2.02	1.902	0
139	2.0	1.804	2.0	1.922	0
140	1.922	1.863	1.961	1.922	0
141	1.863	1.922	1.98	2.0	0
142	1.765	2.0	1.98	2.039	0
143	1.804	2.02	2.0	2.039	0
144	1.804	2.078	2.02	2.039	0
145	1.804	2.078	2.059	2.039	0
146	1.863	2.039	2.078	2.0	0
147	1.863	2.0	2.078	2.0	0
148	1.902	1.961	2.098	1.961	0
149	2.02	1.882	2.118	1.922	0
150	2.039	1.863	2.118	1.922	0
151	2.078	1.725	2.078	1.882	0
152	2.078	1.706	2.078	1.843	0
153	2.118	1.686	2.039	1.824	0
154	2.078	1.725	2.02	1.863	0
155	2.039	1.725	2.02	1.902	0
156	2.02	1.784	2.0	1.941	0
157	1.961	1.843	2.0	1.922	0
158	1.882	1.882	1.98	2.0	0
159	1.784	1.98	1.961	2.02	0
160	1.824	2.0	2.0	2.039	0
161	1.784	2.039	2.0	2.059	0
162	1.804	2.039	2.039	2.02	0
163	1.863	2.039	2.059	2.02	0
164	1.863	2.02	2.078	1.98	0
165	1.922	1.961	2.098	1.98	0
166	2.039	1.902	2.098	1.98	0
167	2.039	1.843	2.118	1.902	0
168	2.118	1.765	2.059	1.863	0
169	2.059	1.706	2.078	1.843	0
170	2.118	1.686	2.039	1.843	0
171	2.059	1.706	2.0	1.863	0
172	2.078	1.725	2.0	1.882	0
173	2.02	1.784	1.98	1.902	0
174	1.961	1.804	1.98	1.922	0
175	1.882	1.882	1.941	1.961	0
176	1.843	1.941	1.961	2.0	0
177	1.843	1.98	1.98	2.02	0
178	1.804	2.039	2.02	2.039	0
179	1.824	2.02	2.039	2.039	0
180	1.902	2.0	2.039	1.98	0
181	1.902	2.02	2.059	1.98	0
182	1.882	1.98	2.118	1.98	0
183	1.922	1.902	2.137	1.961	0
184	2.078	1.843	2.118	1.941	0
185	2.137	1.725	2.059	1.863	0
186	2.098	1.686	2.059	1.824	0
187	2.098	1.686	2.039	1.824	0
188	2.039	1.706	2.039	1.843	0
189	1.98	1.725	2.02	1.902	0
190	1.98	1.765	2.0	1.922	0
191	1.941	1.804	2.02	1.941	0
192	1.882	1.902	1.98	1.961	0
193	1.765	2.0	1.98	2.039	0
194	1.804	2.02	2.039	2.039	0
195	1.804	2.059	2.039	2.078	0
196	1.824	2.059	2.059	2.039	0
197	1.882	2.02	2.078	2.0	0
198	1.863	2.059	2.098	1.98	0
199	1.902	1.98	2.137	1.98	0
200	2.02	1.922	2.118	1.961	0
201	2.059	1.863	2.176	1.941	0
202	2.137	1.824	2.098	1.902	0
203	2.098	1.745	2.118	1.863	0
204	2.157	1.725	2.059	1.863	0
205	2.078	1.745	2.02	1.843	0
206	2.059	1.725	2.02	1.902	0
207	2.039	1.784	1.98	1.922	0
208	1.961	1.843	1.98	1.961	0
209	1.961	1.941	1.98	1.98	0
210	1.843	1.98	1.961	2.0	0
211	1.843	1.98	2.0	2.02	0
212	1.784	2.02	2.0	2.039	0
213	1.804	2.039	2.059	2.02	0
214	1.882	2.039	2.078	2.039	0
215	1.882	2.0	2.098	2.02	0
216	1.941	1.941	2.078	1.98	0
217	2.059	1.922	2.118	1.941	0
218	2.078	1.863	2.118	1.902	0
219	2.098	1.765	2.059	1.882	0
220	2.039	1.725	2.078	1.863	0
221	2.098	1.706	2.039	1.882	0
222	2.078	1.706	2.02	1.902	0
223	2.059	1.725	2.0	1.902	0
224	2.02	1.784	1.98	1.922	0
225	1.941	1.843	1.961	1.941	0
226	1.843	1.902	1.98	1.98	0
227	1.824	2.0	1.961	2.039	0
228	1.824	2.059	2.0	2.039	0
229	1.765	2.059	2.039	2.078	0
230	1.804	2.059	2.039	2.059	0
231	1.863	2.039	2.059	2.02	0
232	1.882	2.02	2.078	2.02	0
233	1.902	2.0	2.098	2.0	0
234	1.98	1.922	2.118	1.941	0
235	2.039	1.863	2.118	1.941	0
236	2.098	1.765	2.078	1.882	0
237	2.078	1.725	2.078	1.863	0
238	2.118	1.706	2.039	1.843	0
239	2.059	1.725	2.02	1.882	0
240	2.02	1.725	2.0	1.882	0
241	2.039	1.765	1.98	1.922	0
242	1.961	1.843	1.941	1.941	0
243	1.882	1.882	1.98	1.961	0
244	1.824	1.961	1.941	2.02	0
245	1.804	1.98	2.0	2.059	0
246	1.804	2.02	1.98	2.039	0
247	1.824	2.039	2.02	2.039	0
248	1.902	2.059	2.039	2.02	0
249	1.902	2.039	2.078	2.0	0
250	1.922	1.98	2.118	2.0	0
251	1.961	1.961	2.078	1.941	0
252	2.078	1.843	2.118	1.922	0
253	2.137	1.784	2.059	1.902	0
254	2.098	1.706	2.059	1.843	0
255	2.137	1.706	2.02	1.843	0
256	2.059	1.725	2.0	1.863	0
257	2.039	1.725	2.0	1.882	0
258	2.02	1.745	1.961	1.922	0
259	1.98	1.843	1.961	2.0	0
260	1.902	1.902	1.941	1.98	0
261	1.843	1.98	1.98	2.0	0
262	1.824	1.98	1.98	2.039	0
263	1.804	2.039	1.98	2.039	0
264	1.824	2.039	2.039	2.039	0
265	1.882	2.039	2.039	2.02	0
266	1.882	2.0	2.078	1.98	0
267	1.922	1.941	2.078	1.961	0
268	2.039	1.922	2.137	1.98	0
269	2.078	1.882	2.118	1.922	0
270	2.078	1.784	2.059	1.882	0
271	2.059	1.706	2.078	1.863	0
272	2.137	1.686	2.039	1.843	0
273	2.078	1.706	2.0	1.843	0
274	2.039	1.745	2.0	1.863	0
275	2.0	1.784	2.0	1.922	0
276	1.961	1.843	1.941	1.98	0
277	1.902	1.882	2.0	2.0	0
278	1.843	2.0	1.98	2.0	0
279	1.824	2.039	2.02	2.039	0
280	1.784	2.059	2.039	2.039	0
281	1.784	2.078	2.039	2.059	0
282	1.863	2.039	2.078	2.02	0
283	1.882	2.0	2.078	2.0	0
284	1.902	1.961	2.118	1.961	0
285	2.0	1.902	2.137	1.961	0
286	2.078	1.863	2.137	1.922	0
287	2.118	1.745	2.078	1.882	0
288	2.078	1.745	2.078	1.863	0
289	2.098	1.686	2.078	1.843	0
290	2.039	1.706	2.02	1.863	0
291	2.02	1.745	2.0	1.882	0
292	1.98	1.765	2.0	1.922	0
293	1.902	1.843	1.98	1.961	0
294	1.863	1.882	2.0	1.961	0
295	1.824	1.961	1.961	2.02	0
296	1.804	1.98	2.02	2.039	0
297	1.784	2.039	2.02	2.059	0
298	1.804	2.039	2.078	2.02	0
299	1.804	2.039	2.078	2.039	0
300	1.843	2.0	2.078	2.02	0
301	1.922	1.961	2.118	2.0	0
302	1.98	1.922	2.137	1.98	0
303	2.02	1.843	2.157	1.941	0
304	2.118	1.765	2.098	1.882	0
305	2.059	1.706	2.078	1.843	0
306	2.118	1.686	2.059	1.824	0
307	2.059	1.706	2.039	1.863	0
308	2.059	1.745	2.02	1.882	0
309	1.98	1.784	2.0	1.941	0
310	1.961	1.843	1.961	1.98	0
311	1.843	1.902	1.98	2.0	0
312	1.882	1.98	2.0	2.039	0
313	1.843	2.0	1.98	2.039	0
314	1.804	2.059	2.0	2.02	0
315	1.804	2.059	2.039	2.02	0
316	1.843	2.059	2.078	2.02	0
317	1.863	2.039	2.078	2.02	0
318	1.922	2.0	2.098	2.0	0
319	1.98	1.941	2.137	1.98	0
320	2.039	1.882	2.137	1.941	0
321	2.098	1.765	2.059	1.902	0
322	2.078	1.725	2.078	1.863	0
323	2.157	1.725	2.059	1.843	0
324	2.059	1.745	2.0	1.863	0
325	2.02	1.745	2.02	1.902	0
326	2.0	1.765	1.98	1.941	0
327	1.941	1.804	1.961	1.98	0
328	1.882	1.902	1.98	2.0	0
329	1.863	2.0	1.98	2.039	0
330	1.804	2.0	2.0	2.059	0
331	1.804	2.02	2.0	2.059	0
332	1.804	2.039	2.039	2.039	0
333	1.863	2.039	2.078	2.02	0
334	1.882	2.02	2.078	2.0	0
335	1.922	1.961	2.118	1.98	0
336	2.0	1.882	2.098	1.98	0
337	2.078	1.843	2.157	1.961	0
338	2.118	1.725	2.059	1.882	0
339	2.059	1.725	2.098	1.843	0
340	2.098	1.686	2.078	1.843	0
341	2.02	1.706	2.0	1.863	0
342	1.98	1.725	2.0	1.882	0
343	2.0	1.745	1.961	1.902	0
344	1.961	1.824	1.961	1.961	0
345	1.922	1.902	1.98	1.98	0
346	1.863	1.961	1.961	2.0	0
347	1.804	1.98	1.98	2.039	0
348	1.784	2.059	2.02	2.059	0
349	1.824	2.039	2.039	2.039	0
350	1.902	2.02	2.039	2.02	0
351	1.902	2.02	2.059	1.98	0
352	1.941	1.961	2.118	1.98	0
353	2.02	1.882	2.137	1.961	0
354	2.039	1.824	2.137	1.922	0
355	2.176	1.745	2.059	1.882	0
356	2.137	1.706	2.078	1.843	0
357	2.196	1.706	2.059	1.843	0
358	2.118	1.686	2.039	1.882	0
359	2.098	1.686	2.02	1.902	0
360	2.118	1.706	2.0	1.922	0
361	2.059	1.765	1.98	1.961	0
362	1.902	1.843	1.98	1.941	0
363	1.863	1.902	2.0	2.0	0
364	1.843	2.0	2.039	2.039	0
365	1.804	2.039	2.039	2.039	0
366	1.843	2.039	2.059	2.039	0
367	1.863	2.02	2.059	2.02	0
368	1.882	1.98	2.078	2.0	0
369	1.922	1.922	2.098	1.961	0
370	2.02	1.882	2.137	1.941	0
371	2.02	1.863	2.176	1.902	0
372	2.059	1.765	2.098	1.882	0
373	2.059	1.765	2.098	1.882	0
374	2.098	1.706	2.059	1.843	0
375	2.078	1.706	2.039	1.843	0
376	2.0	1.765	2.02	1.882	0
377	1.922	1.804	2.02	1.922	0
378	1.902	1.863	1.98	2.02	0
379	1.902	1.941	1.98	1.98	0
380	1.902	2.0	2.0	2.039	0
381	1.843	2.0	2.039	2.039	0
382	1.824	2.078	2.02	2.039	0
383	1.784	2.078	2.059	2.039	0
384	1.882	2.059	2.078	2.02	0
385	1.882	2.059	2.118	2.0	0
386	1.902	2.0	2.137	2.02	0
387	1.961	1.961	2.118	1.98	0
388	2.078	1.941	2.196	1.941	0
389	2.137	1.843	2.098	1.882	0
390	2.059	1.784	2.118	1.843	0
391	2.098	1.725	2.078	1.824	0
392	2.059	1.745	2.039	1.843	0
393	2.039	1.725	2.039	1.863	0
394	2.0	1.784	2.0	1.902	0
395	1.922	1.863	2.02	1.941	0
396	1.784	1.922	2.0	2.0	0
397	1.765	2.0	2.0	2.02	0
398	1.765	2.039	2.0	2.02	0
399	1.745	2.098	2.02	2.039	0
400	1.745	2.078	2.078	2.039	0
401	1.824	2.039	2.059	2.0	0
402	1.824	2.0	2.078	2.0	0
403	1.863	1.961	2.078	1.922	0
404	1.941	1.902	2.059	1.922	0
405	1.961	1.843	2.137	1.922	0
406	2.078	1.745	2.059	1.863	0
407	2.02	1.686	2.059	1.824	0
408	2.059	1.706	2.02	1.824	0
409	2.039	1.686	2.0	1.824	0
410	1.961	1.686	1.941	1.863	0
411	1.961	1.745	1.922	1.863	0
412	1.961	1.804	1.922	1.863	0
413	1.882	1.863	1.922	1.882	0
414	1.765	1.961	1.961	1.98	0
415	1.784	1.98	1.98	2.078	0
416	1.824	2.02	1.98	2.078	0
417	1.863	2.039	2.02	2.078	0
418	1.902	2.059	2.039	1.961	0
419	1.824	2.02	2.059	1.941	0
420	1.863	1.98	2.059	1.941	0
421	1.941	1.961	2.078	1.961	0
422	2.039	1.902	2.176	2.0	0
423	2.137	1.804	2.137	1.961	0
424	2.078	1.784	2.137	1.941	0
425	2.137	1.706	2.059	1.863	0
426	2.078	1.745	2.02	1.863	0
427	2.0	1.765	2.02	1.882	0
428	1.98	1.765	2.0	1.922	0
429	1.961	1.843	1.961	1.98	0
430	1.863	1.941	1.961	2.0	0
431	1.882	2.02	2.0	2.059	0
432	1.882	2.02	2.039	2.078	0
433	1.843	2.02	2.0	2.078	0
434	1.804	2.02	2.02	2.02	0
435	1.863	2.039	2.078	2.0	0
436	1.824	2.039	2.078	1.98	0
437	1.824	1.961	2.078	2.0	0
438	1.941	1.922	2.118	1.98	0
439	2.118	1.882	2.118	1.941	0
440	2.216	1.745	2.078	1.922	0
441	2.098	1.686	2.098	1.882	0
442	2.098	1.667	2.059	1.863	0
443	2.039	1.686	2.02	1.882	0
444	2.059	1.706	2.039	1.902	0
445	2.02	1.725	2.02	1.922	0
446	1.961	1.765	1.961	1.922	0
447	1.882	1.824	1.961	2.0	0
448	1.902	1.941	2.02	2.039	0
449	1.863	2.0	2.039	2.078	0
450	1.843	2.039	2.02	2.078	0
451	1.843	2.039	2.039	2.059	0
452	1.961	2.0	2.059	2.059	0
453	2.0	2.0	2.098	2.02	0
454	2.0	1.98	2.098	2.0	0
455	1.961	1.863	2.078	1.922	0
456	1.98	1.804	2.059	1.902	0
457	2.157	1.725	2.059	1.843	0
458	2.176	1.706	2.039	1.804	0
459	2.235	1.686	2.02	1.824	0
460	2.137	1.667	2.02	1.882	0
461	2.196	1.725	2.0	1.902	0
462	2.098	1.706	1.941	1.902	0
463	1.863	1.784	1.882	1.902	0
464	1.745	1.902	1.863	1.902	0
465	1.765	1.98	1.882	1.961	0
466	1.824	2.039	1.922	2.0	0
467	1.902	2.059	1.961	2.039	0
468	1.902	2.039	2.039	2.078	0
469	2.0	2.039	2.118	2.059	0
470	1.843	1.98	2.039	2.039	0
471	1.745	1.941	2.02	1.961	0
472	1.882	1.961	2.118	1.941	0
473	2.02	1.961	2.176	1.961	0
474	2.157	1.824	2.118	1.941	0
475	2.0	1.706	2.078	1.922	0
476	2.0	1.667	2.039	1.863	0
477	2.02	1.686	2.039	1.863	0
478	2.039	1.745	2.098	1.902	0
479	2.0	1.765	2.059	1.961	0
480	1.902	1.824	2.059	1.98	0
481	1.784	1.863	2.02	1.961	0
482	1.765	1.941	1.961	2.0	0
483	1.706	2.0	2.039	2.039	0
484	1.784	2.118	2.059	2.078	0
485	1.824	2.118	2.118	2.059	0
486	1.863	2.039	2.02	2.02	0
487	1.882	2.0	2.039	1.961	0
488	2.039	1.941	2.137	1.941	0
489	2.137	1.863	2.157	1.961	0
490	2.078	1.863	2.196	1.941	0
491	2.118	1.824	2.118	1.922	0
492	2.059	1.745	2.098	1.882	0
493	2.157	1.667	2.02	1.843	0
494	2.157	1.686	2.0	1.824	0
495	2.196	1.706	2.02	1.863	0
496	2.118	1.745	1.98	1.902	0
497	1.98	1.745	1.961	1.961	0
498	1.863	1.902	1.98	2.0	0
499	1.824	2.0	2.02	2.059	0
500	1.765	1.98	2.02	2.059	0
501	1.765	2.02	2.0	2.059	0
502	1.686	2.039	2.039	2.078	0
503	1.784	2.039	2.078	2.039	0
504	1.902	2.0	2.059	2.0	0
505	1.902	1.98	2.078	1.98	0
506	1.863	1.941	2.157	1.98	0
507	1.882	1.902	2.098	1.961	0
508	2.039	1.843	2.078	1.882	0
509	2.039	1.804	2.059	1.863	0
510	2.0	1.725	1.961	1.843	0
511	1.961	1.667	1.941	1.843	0
512	2.02	1.725	1.941	1.863	0
513	2.02	1.765	1.922	1.902	0
514	1.941	1.804	1.961	1.922	0
515	1.824	1.902	1.941	1.98	0
516	1.843	1.882	1.882	2.0	0
517	1.902	1.922	1.922	1.98	0
518	1.961	2.02	1.922	1.961	0
519	1.725	2.039	1.941	1.961	0
520	1.725	2.0	2.0	1.961	0
521	1.745	1.941	2.02	1.98	0
522	1.882	1.98	2.059	1.961	0
523	2.02	2.0	2.039	1.922	0
524	2.137	1.961	2.078	1.882	0
525	2.216	1.804	2.078	1.843	0
526	2.137	1.667	2.02	1.784	0
527	2.216	1.627	2.0	1.765	0
528	2.118	1.686	2.02	1.804	0
529	1.941	1.765	2.059	1.824	0
530	1.922	1.863	2.059	1.902	0
531	2.039	1.902	2.059	1.922	0
532	2.039	1.922	2.059	2.039	0
533	1.98	2.0	2.039	2.059	0
534	1.843	2.0	2.0	2.039	0
535	1.765	2.0	1.961	2.0	0
536	1.686	1.98	2.078	1.98	0
537	1.804	1.961	2.157	2.0	0
538	1.902	1.98	2.137	2.039	0
539	1.902	1.941	2.098	2.059	0
540	1.98	1.784	2.216	2.039	0
541	1.941	1.765	2.216	1.98	0
542	1.941	1.745	2.176	1.941	0
543	1.961	1.725	2.157	1.882	0
544	2.059	1.725	2.078	1.882	0
545	2.137	1.745	2.039	1.882	0
546	2.176	1.667	2.02	1.902	0
547	2.098	1.686	2.039	1.941	0
548	1.961	1.784	2.0	1.961	0
549	1.882	1.863	1.961	2.02	0
550	1.922	1.941	1.961	2.0	0
551	1.941	2.02	1.98	2.02	0
552	1.941	2.059	2.059	2.02	0
553	1.961	2.039	2.078	2.02	0
554	1.902	2.0	2.059	2.02	0
555	1.882	2.039	2.02	2.039	0
556	1.98	2.02	2.078	2.0	0
557	2.118	1.902	2.157	1.941	0
558	2.098	1.784	2.118	1.882	0
559	2.137	1.725	2.039	1.824	0
560	2.02	1.765	2.02	1.804	0
561	1.902	1.706	1.98	1.804	0
562	1.784	1.725	1.863	1.843	0
563	1.608	1.804	1.922	1.863	0
564	1.804	1.804	1.961	1.902	0
565	2.098	1.882	1.98	2.0	0
566	2.216	1.941	2.059	2.059	0
567	1.98	1.902	1.922	2.078	0
568	1.431	1.961	1.902	2.0	0
569	1.275	2.176	1.98	1.98	0
570	1.412	2.275	2.02	1.98	0
571	1.667	2.176	2.059	2.02	0
572	1.902	2.039	2.0	2.059	0
573	1.941	1.941	2.059	2.02	0
574	1.941	1.863	2.137	1.98	0
575	2.078	1.961	2.314	2.02	0
576	2.294	1.98	2.255	2.02	0
577	2.176	1.843	2.118	1.941	0
578	2.196	1.725	2.059	1.843	0
579	1.98	1.784	2.02	1.784	0
580	2.039	1.882	2.078	1.824	0
581	2.098	1.863	2.039	1.902	0
582	2.176	1.902	2.059	1.98	0
583	2.137	1.922	2.059	2.059	0
584	2.02	2.0	2.059	2.078	0
585	1.804	2.059	2.098	2.078	0
586	1.824	2.176	2.059	2.039	0
587	1.863	2.216	2.078	1.98	0
588	1.98	2.216	2.039	1.961	0
589	2.039	2.059	2.118	2.0	0
590	2.078	1.961	2.137	2.02	0
591	1.961	1.882	2.137	2.0	0
592	1.941	1.843	2.118	1.961	0
593	2.078	1.804	2.059	1.922	0
594	2.02	1.647	2.0	1.843	0
595	2.02	1.471	1.863	1.784	0
596	2.0	1.549	1.824	1.745	0
597	2.0	1.706	1.941	1.784	0
598	2.039	1.706	1.961	1.863	0
599	1.922	1.588	1.882	1.902	0
600	2.02	1.588	1.843	1.922	0
601	2.118	1.902	1.98	1.961	0
602	1.745	2.098	2.059	2.02	0
603	1.647	2.039	2.02	2.039	0
604	1.961	2.02	1.98	2.039	0
605	2.118	1.941	2.02	2.0	0
606	2.0	1.961	2.118	1.961	0
607	2.039	2.02	2.157	1.922	0
608	2.157	2.02	2.235	1.941	0
609	2.275	1.941	2.255	1.922	0
610	2.333	1.843	2.157	1.882	0
611	2.176	1.882	2.216	1.863	0
612	2.157	1.843	2.235	1.882	0
613	2.0	1.784	2.118	1.902	0
614	2.0	1.725	2.02	1.863	0
615	2.078	1.686	2.0	1.882	0
616	2.0	1.784	1.961	1.922	0
617	2.118	1.863	2.039	2.0	0
618	2.078	1.941	2.039	2.059	0
619	1.686	1.961	1.98	2.059	0
620	1.451	1.961	1.843	2.0	0
621	1.588	2.059	1.961	1.961	0
622	1.804	2.078	2.039	2.02	0
623	1.824	2.02	2.02	2.059	0
624	1.882	1.863	2.059	2.039	0
625	1.824	1.843	1.98	2.02	0
626	1.745	1.784	1.863	1.922	0
627	1.882	1.706	1.941	1.863	0
628	1.98	1.647	2.118	1.882	0
629	2.176	1.608	2.02	1.882	0
630	2.353	1.765	2.039	1.961	0
631	2.157	1.804	2.098	2.078	0
632	1.706	1.765	1.961	2.098	0
633	1.765	1.765	1.843	2.02	0
634	1.863	1.804	1.824	2.02	0
635	1.961	1.843	1.882	2.0	0
636	1.882	1.961	2.02	2.078	0
637	1.863	2.02	2.039	2.157	0
638	1.882	1.98	2.02	2.176	0
639	1.863	1.961	1.98	2.157	0
640	1.686	1.941	1.961	2.078	0
641	1.745	1.961	2.059	2.0	0
642	2.02	1.824	2.098	1.941	0
643	2.216	1.725	2.0	1.863	0
644	2.255	1.706	1.98	1.804	0
645	2.176	1.745	2.157	1.843	0
646	2.137	1.784	2.157	1.863	0
647	1.863	1.765	2.039	1.843	0
648	1.843	1.706	1.961	1.804	0
649	1.98	1.667	1.863	1.784	0
650	2.059	1.667	1.863	1.725	0
651	2.059	1.784	1.961	1.765	0
652	2.0	2.059	2.039	1.863	0
653	1.804	2.078	2.039	1.902	0
654	1.863	2.02	2.0	1.941	0
655	1.784	2.0	1.961	1.922	0
656	1.843	1.98	2.118	1.902	0
657	2.059	2.039	2.157	1.922	0
658	2.118	1.922	2.176	1.922	0
659	2.039	1.824	2.176	1.902	0
660	1.98	1.784	2.118	1.824	0
661	2.098	1.765	2.078	1.804	0
662	2.02	1.784	2.137	1.804	0
663	2.039	1.706	2.137	1.843	0
664	1.98	1.843	2.137	1.941	0
665	2.0	1.843	2.078	1.98	0
666	2.059	1.804	2.039	1.98	0
667	1.961	1.863	2.0	1.922	0
668	1.784	2.02	2.02	1.98	0
669	1.608	2.176	2.039	2.039	0
670	1.608	2.235	2.098	2.118	0
671	1.667	2.255	2.059	2.176	0
672	1.549	2.176	2.059	2.157	0
673	1.725	2.176	2.098	2.118	0
674	1.725	2.098	2.059	2.039	0
675	1.784	2.039	2.098	2.0	0
676	1.941	1.941	2.176	1.961	0
677	2.02	1.902	2.157	1.941	0
678	1.941	1.843	2.02	1.922	0
679	1.941	1.902	2.098	1.902	0
680	2.157	1.863	2.078	1.882	0
681	1.863	1.608	1.941	1.863	0
682	1.882	1.549	1.882	1.843	0
683	2.078	1.745	1.922	1.863	0
684	2.176	1.824	2.02	1.98	0
685	2.118	1.941	2.078	2.059	0
686	1.941	1.882	1.922	2.078	0
687	1.765	1.824	1.824	2.039	0
688	1.843	1.98	1.961	1.961	0
689	1.941	2.157	2.118	1.98	0
690	2.02	2.255	2.157	2.039	0
691	2.078	2.039	2.118	2.078	0
692	1.941	1.843	2.039	2.039	0
693	1.863	1.765	2.02	1.941	0
694	1.98	1.824	2.118	1.902	0
695	2.255	1.843	2.078	1.843	0
696	2.137	1.706	2.078	1.843	0
697	2.137	1.608	2.02	1.824	0
698	2.196	1.647	2.0	1.824	0
699	2.176	1.765	2.039	1.902	0
700	2.02	1.804	2.098	1.941	0
701	2.02	1.824	1.98	1.98	0
702	1.804	1.824	1.863	1.98	0
703	1.667	1.863	1.882	2.0	0
704	1.667	1.922	1.922	1.98	0
705	1.745	1.941	1.941	1.961	0
706	1.941	2.078	2.137	2.02	0
707	2.216	2.137	2.255	2.118	0
708	1.961	2.02	2.118	2.176	0
709	1.922	1.922	2.059	2.098	0
710	2.02	1.882	2.098	1.98	0
711	2.098	1.863	2.137	1.882	0
712	2.059	1.824	2.098	1.824	0
713	2.157	1.843	2.137	1.824	0
714	2.333	1.725	2.157	1.863	0
715	2.333	1.667	2.098	1.902	0
716	2.294	1.647	2.098	1.922	0
717	2.235	1.706	2.137	1.961	0
718	2.0	1.765	2.02	1.902	0
719	1.843	1.882	2.0	1.961	0
720	1.882	2.0	2.02	1.98	0
721	1.902	1.961	2.02	2.02	0
722	1.902	1.98	1.98	2.059	0
723	1.804	1.941	2.039	2.039	0
724	1.784	1.922	2.039	2.02	0
725	1.765	2.0	2.039	1.941	0
726	1.725	1.961	2.039	1.902	0
727	1.765	1.863	2.059	1.882	0
728	1.863	1.745	2.02	1.882	0
729	2.098	1.784	2.059	1.882	0
730	2.235	1.824	2.176	1.902	0
731	2.235	1.765	2.157	1.98	0
732	2.039	1.667	2.02	1.961	0
733	1.863	1.647	1.922	1.941	0
734	1.902	1.784	1.98	1.902	0
735	2.02	1.882	1.941	1.882	0
736	1.902	1.941	1.941	1.941	0
737	1.882	1.98	1.98	2.02	0
738	1.784	2.039	2.0	2.078	0
739	1.863	2.176	2.02	2.098	0
740	1.882	2.255	2.118	2.098	0
741	1.882	2.118	2.02	2.059	0
742	1.765	2.0	1.961	1.98	0
743	1.824	1.902	2.039	1.961	0
744	2.118	1.961	2.196	2.0	0
745	2.275	2.059	2.255	2.039	0
746	2.176	1.843	2.176	1.98	0
747	1.863	1.627	2.078	1.902	0
748	2.059	1.608	2.0	1.804	0
749	2.098	1.667	1.784	1.765	0
750	1.941	1.725	1.961	1.824	0
751	2.0	1.745	2.0	1.902	0
752	1.941	1.706	1.941	1.98	0
753	1.784	1.667	1.882	2.02	0
754	1.804	1.784	1.941	2.02	0
755	1.902	2.0	2.078	2.059	0
756	2.02	2.039	2.098	2.078	0
757	1.824	1.922	1.922	2.059	0
758	1.824	1.902	1.941	2.039	0
759	1.902	1.922	1.98	1.961	0
760	1.98	1.882	2.059	1.922	0
761	1.98	1.843	2.0	1.863	0
762	1.863	1.765	1.98	1.824	0
763	1.961	1.765	2.039	1.824	0
764	2.039	1.706	2.02	1.824	0
765	2.235	1.627	1.98	1.824	0
766	2.176	1.588	1.961	1.843	0
767	2.0	1.667	2.02	1.902	0
768	1.863	1.784	2.02	1.922	0
769	1.922	1.804	1.961	1.961	0
770	2.0	1.922	1.98	2.02	0
771	1.863	2.118	2.0	2.059	0
772	1.745	2.078	2.039	2.078	0
773	1.686	2.02	2.0	2.078	0
774	1.667	2.078	2.137	2.098	0
775	1.824	2.196	2.118	2.118	0
776	1.706	2.176	2.157	2.118	0
777	1.784	2.0	2.118	2.098	0
778	1.922	2.0	2.176	2.098	0
779	2.059	2.02	2.157	2.02	0
780	1.902	1.98	2.157	1.961	0
781	1.824	2.02	2.196	1.961	0
782	1.922	1.98	2.078	1.902	0
783	1.98	1.804	1.98	1.902	0
784	2.0	1.686	1.98	1.941	0
785	2.216	1.765	2.039	1.961	0
786	2.137	1.843	2.0	1.961	0
787	1.725	1.961	2.039	2.039	0
788	1.686	2.118	2.039	2.02	0
789	1.667	2.118	1.98	2.059	0
790	1.765	2.118	1.98	2.059	0
791	1.824	2.137	2.098	2.078	0
792	2.0	2.118	2.118	2.059	0
793	2.039	2.078	2.118	2.078	0
794	2.0	2.059	2.157	2.039	0
795	2.0	1.961	2.176	2.0	0
796	1.922	1.902	2.098	1.941	0
797	1.882	1.784	2.039	1.863	0
798	1.804	1.725	2.0	1.843	0
799	1.98	1.725	2.02	1.843	0
800	1.941	1.686	1.922	1.843	0
801	1.922	1.549	1.843	1.843	0
802	1.902	1.451	1.804	1.824	0
803	1.804	1.686	1.922	1.863	0
804	2.059	2.02	2.098	1.961	0
805	2.176	2.059	2.059	2.059	0
806	1.824	1.922	2.0	2.098	0
807	1.804	1.882	1.98	2.118	0
808	1.745	1.863	1.922	2.0	0
809	1.824	1.941	2.02	1.941	0
810	1.941	2.039	2.118	1.922	0
811	2.118	2.059	2.176	1.961	0
812	2.216	2.02	2.216	2.039	0
813	2.294	1.902	2.235	1.961	0
814	2.412	1.863	2.235	1.922	0
815	2.392	1.824	2.235	1.882	0
816	2.49	1.824	2.275	1.882	0
817	2.392	1.804	2.196	1.882	0
818	2.118	1.725	2.039	1.863	0
819	2.118	1.784	2.059	1.882	0
820	2.118	1.824	2.059	1.882	0
821	1.961	1.863	2.0	1.922	0
822	1.863	1.882	1.98	1.98	0
823	1.941	2.0	2.059	2.039	0
824	1.941	2.078	2.02	2.059	0
825	1.882	2.039	2.059	2.059	0
826	1.863	1.961	2.039	2.0	0
827	1.843	1.961	2.02	1.961	0
828	1.902	1.843	2.02	1.922	0
829	1.922	1.824	2.039	1.882	0
830	2.039	1.882	2.137	1.922	0
831	2.196	1.824	2.098	1.961	0
832	2.039	1.745	2.059	1.902	0
833	2.059	1.725	2.0	1.882	0
834	2.039	1.686	1.922	1.824	0
835	1.922	1.686	1.922	1.804	0
836	2.0	1.765	1.98	1.824	0
837	2.059	1.824	1.961	1.902	0
838	1.961	1.902	1.941	1.961	0
839	1.745	1.941	1.882	2.02	0
840	1.451	2.0	1.902	1.98	0
841	1.686	2.078	1.902	1.98	0
842	1.745	2.0	1.882	1.98	0
843	1.725	1.882	1.961	1.922	0
844	1.922	2.02	2.098	1.98	0
845	2.02	2.059	2.216	2.02	0
846	1.961	1.98	2.235	2.039	0
847	1.922	1.843	2.02	1.961	0
848	1.98	1.706	1.961	1.882	0
849	2.059	1.667	1.961	1.784	0
850	2.098	1.588	2.039	1.765	0
851	2.137	1.706	2.098	1.824	0
852	2.118	1.863	2.176	1.922	0
853	2.118	1.843	2.098	2.039	0
854	2.02	1.804	1.98	2.059	0
855	1.882	1.843	1.882	2.0	0
856	1.784	1.882	1.824	1.98	0
857	1.608	1.922	1.902	1.941	0
858	1.667	2.0	1.922	1.98	0
859	1.784	2.118	2.039	2.02	0
860	1.941	2.098	2.078	2.059	0
861	2.059	1.902	2.039	2.078	0
862	1.902	1.882	2.059	2.02	0
863	1.725	1.902	2.0	1.922	0
864	1.961	1.882	2.02	1.863	0
865	2.02	1.725	1.922	1.804	0
866	1.902	1.647	1.98	1.784	0
867	2.039	1.784	2.078	1.824	0
868	2.118	1.804	2.118	1.882	0
869	2.157	1.725	2.039	1.961	0
870	2.02	1.647	1.882	1.922	0
871	1.922	1.706	1.863	1.882	0
872	1.902	1.882	1.941	1.863	0
873	1.863	2.0	1.941	1.902	0
874	1.902	2.137	2.059	2.0	0
875	1.98	2.176	2.118	2.078	0
876	1.843	2.098	2.137	2.098	0
877	1.863	2.059	2.078	2.098	0
878	1.961	2.039	2.039	2.02	0
879	1.98	1.98	2.078	1.961	0
880	1.961	1.941	2.118	1.961	0
881	2.098	1.98	2.216	1.922	0
882	2.098	1.843	2.118	1.922	0
883	2.059	1.784	2.059	1.902	0
884	2.157	1.725	2.098	1.882	0
885	2.176	1.686	2.039	1.863	0
886	2.059	1.706	2.0	1.882	0
887	1.98	1.784	1.98	1.882	0
888	1.882	1.843	1.98	1.922	0
889	1.784	1.863	1.98	1.98	0
890	1.745	1.902	1.961	2.059	0
891	1.569	2.039	2.0	2.098	0
892	1.529	2.02	1.961	2.098	0
893	1.51	1.961	1.98	2.078	0
894	1.804	1.98	2.039	2.039	0
895	1.843	1.941	2.059	2.0	0
896	1.784	1.882	2.039	1.941	0
897	1.804	1.922	2.078	1.922	0
898	1.843	1.941	2.196	1.941	0
899	1.98	1.882	2.196	1.98	0
900	1.843	1.765	2.02	1.941	0
901	1.843	1.667	1.941	1.824	0
902	1.941	1.647	1.902	1.765	0
903	2.137	1.647	1.98	1.784	0
904	2.333	1.784	2.118	1.902	0
905	2.353	1.922	2.157	2.0	0
906	2.078	1.98	2.137	2.098	0
907	1.863	2.059	2.02	2.078	0
908	1.824	2.02	2.0	2.02	0
909	1.98	2.059	2.039	2.02	0
910	2.0	2.059	2.078	2.02	0
911	2.059	2.098	2.157	2.039	0
912	2.078	2.118	2.176	2.039	0
913	1.98	1.98	2.118	2.0	0
914	1.882	1.843	2.078	1.98	0
915	2.078	1.882	2.137	1.902	0
916	2.176	1.843	2.078	1.863	0
917	2.078	1.706	2.059	1.863	0
918	2.078	1.686	2.059	1.863	0
919	2.118	1.706	2.039	1.863	0
920	2.118	1.627	1.961	1.882	0
921	2.137	1.686	2.078	1.902	0
922	2.02	1.804	2.118	2.0	0
923	1.922	1.824	1.922	2.02	0
924	1.804	1.804	1.843	2.0	0
925	1.627	1.882	1.902	1.961	0
926	1.804	2.0	2.0	1.98	0
927	1.922	2.098	2.098	2.059	0
928	2.0	2.02	2.137	2.078	0
929	2.02	1.941	2.118	2.118	0
930	2.0	1.98	2.176	2.098	0
931	2.078	1.98	2.235	2.039	0
932	2.157	1.902	2.235	2.039	0
933	2.176	1.745	2.157	1.941	0
934	2.0	1.706	2.098	1.902	0
935	1.961	1.667	2.059	1.824	0
936	1.961	1.647	1.961	1.804	0
937	2.02	1.667	1.98	1.824	0
938	2.059	1.745	2.0	1.922	0
939	1.941	1.843	1.98	1.961	0
940	1.824	1.922	1.922	1.961	0
941	1.667	1.863	1.843	1.941	0
942	1.588	1.941	1.98	1.922	0
943	1.961	2.176	2.098	2.0	0
944	1.941	2.176	2.078	2.059	0
945	1.843	2.0	2.039	2.059	0
946	1.725	1.863	1.882	1.98	0
947	1.804	1.941	1.961	1.922	0
948	2.0	1.98	2.098	1.902	0
949	2.078	1.961	2.196	1.882	0
950	2.216	1.941	2.235	1.941	0
951	2.176	1.902	2.216	1.941	0
952	2.235	1.725	2.176	1.922	0
953	2.275	1.706	1.98	1.902	0
954	2.137	1.725	2.039	1.882	0
955	2.078	1.765	2.039	1.902	0
956	2.0	1.686	1.961	1.941	0
957	1.843	1.706	1.961	1.961	0
958	1.843	1.961	1.98	2.02	0
959	1.647	2.098	2.039	2.078	0
960	1.608	2.078	1.941	2.137	0
961	1.647	2.02	1.961	2.137	0
962	1.706	1.902	1.863	2.0	0
963	1.706	1.784	1.824	1.902	0
964	1.902	1.882	1.98	1.882	0
965	1.882	1.98	2.078	1.882	0
966	2.098	2.0	2.078	1.961	0
967	2.196	1.902	2.157	1.961	0
968	2.02	1.686	1.98	1.922	0
969	1.882	1.627	1.863	1.843	0
970	1.922	1.706	1.922	1.765	0
971	1.902	1.706	1.922	1.784	0
972	2.098	1.804	2.0	1.824	0
973	2.235	1.784	2.0	1.882	0
974	2.275	1.765	1.882	1.902	0
975	2.078	1.902	1.961	1.922	0
976	1.961	2.098	2.137	1.961	0
977	1.922	2.157	2.176	2.078	0
978	1.843	2.078	2.118	2.137	0
979	1.784	1.882	2.0	2.059	0
980	1.922	1.902	1.98	1.922	0
981	2.0	1.98	2.059	1.804	0
982	2.059	1.941	2.176	1.824	0
983	1.941	1.902	2.059	1.843	0
984	2.0	1.863	2.039	1.882	0
985	2.02	1.765	2.039	1.882	0
986	1.98	1.529	1.98	1.843	0
987	2.098	1.431	1.922	1.784	0
988	2.235	1.706	2.02	1.765	0
989	2.059	1.98	2.118	1.882	0
990	1.902	1.902	2.059	1.922	0
991	1.843	1.765	1.843	1.961	0
992	1.843	1.863	1.882	1.98	0
993	1.902	2.0	2.059	2.0	0
994	1.824	1.98	1.98	2.039	0
995	1.667	2.02	2.0	2.02	0
996	1.765	2.098	2.078	2.02	0
997	1.765	2.118	2.118	2.078	0
998	1.863	2.118	2.255	2.137	0
999	2.039	2.137	2.275	2.157	0
1000	2.098	2.02	2.235	2.078	0
1001	1.98	1.882	2.176	1.98	0
1002	1.902	1.824	2.098	1.922	0
1003	1.961	1.804	2.059	1.902	0
1004	1.882	1.824	2.0	1.922	0
1005	1.804	1.804	2.039	1.961	0
1006	1.745	1.784	2.0	1.98	0
1007	1.902	1.902	2.039	2.02	0
1008	2.0	2.039	2.137	2.098	0
1009	1.804	2.039	2.098	2.137	0
1010	1.471	1.922	1.961	2.137	0
1011	1.49	1.941	1.922	2.098	0
1012	1.706	2.0	2.0	2.059	0
1013	1.961	2.0	2.02	2.02	0
1014	1.922	1.961	2.039	2.02	0
1015	2.039	2.039	2.176	2.0	0
1016	2.098	2.02	2.235	2.02	0
1017	2.02	1.922	2.216	2.0	0
1018	2.098	1.824	2.098	1.922	0
1019	2.0	1.882	2.118	1.902	0
1020	2.0	1.843	2.078	1.882	0
1021	2.137	1.725	2.0	1.863	0
1022	2.235	1.725	2.0	1.882	0
1023	2.471	1.784	2.118	1.902	0
1024	2.353	1.824	2.078	1.98	0
1025	2.039	2.0	2.02	1.98	0
1026	1.961	2.098	2.059	2.0	0
1027	1.902	2.176	2.078	2.039	0
1028	1.941	2.118	2.039	2.039	0
1029	1.902	2.078	2.059	2.059	0
1030	1.98	2.039	2.078	2.02	0
1031	1.922	2.059	2.059	1.98	0
1032	1.941	2.02	2.098	1.941	0
1033	2.078	1.902	2.118	1.941	0
1034	2.176	1.804	2.137	1.863	0
1035	2.314	1.765	2.216	1.902	0
1036	2.235	1.784	2.157	1.902	0
1037	2.078	1.647	2.02	1.863	0
1038	1.941	1.529	1.843	1.824	0
1039	1.902	1.49	1.863	1.784	0
1040	2.0	1.588	1.922	1.804	0
1041	1.98	1.863	1.941	1.863	0
1042	1.706	1.882	1.882	1.922	0
1043	1.686	1.804	1.784	1.961	0
1044	1.627	1.706	1.804	1.941	0
1045	1.863	1.824	1.922	2.0	0
1046	2.118	1.902	2.078	2.0	0
1047	1.745	1.902	2.078	2.039	0
1048	1.49	1.902	1.902	1.961	0
1049	1.627	1.824	1.863	1.902	0
1050	1.863	1.804	1.98	1.882	0
1051	2.039	1.804	2.039	1.843	0
1052	2.078	1.765	2.059	1.824	0
1053	2.137	1.725	2.118	1.824	0
1054	2.137	1.706	2.098	1.863	0
1055	2.02	1.686	1.922	1.843	0
1056	1.725	1.627	1.804	1.804	0
1057	1.765	1.765	1.922	1.804	0
1058	2.0	1.804	1.98	1.843	0
1059	2.157	1.804	2.0	1.902	0
1060	2.373	1.804	2.02	2.02	0
1061	1.961	1.98	2.118	2.118	0
1062	1.745	2.157	2.118	2.118	0
1063	1.686	2.196	2.078	2.059	0
1064	1.843	2.078	1.98	1.961	0
1065	2.0	1.98	1.922	1.941	0
1066	2.039	1.98	2.059	1.961	0
1067	2.0	1.863	2.078	1.961	0
1068	2.02	1.784	2.157	1.961	0
1069	2.176	1.843	2.294	1.98	0
1070	2.294	1.863	2.196	1.961	0
1071	2.314	1.706	2.157	1.941	0
1072	2.078	1.588	2.02	1.902	0
1073	1.863	1.588	1.922	1.843	0
1074	1.922	1.765	2.02	1.824	0
1075	2.0	2.0	2.0	1.882	0
1076	1.863	1.902	1.922	2.0	0
1077	1.667	1.686	1.784	2.039	0
1078	1.647	1.725	1.824	2.02	0
1079	1.824	1.863	1.941	1.98	0
1080	1.627	2.157	2.059	2.0	0
1081	1.686	2.294	2.176	2.039	0
1082	1.843	2.255	2.196	2.059	0
1083	2.0	2.118	2.235	2.098	0
1084	2.176	1.902	2.216	2.098	0
1085	2.196	1.843	2.098	2.0	0
1086	2.039	1.804	2.02	1.902	0
1087	2.039	1.863	2.039	1.804	0
1088	2.137	1.804	2.078	1.784	0
1089	2.157	1.804	2.098	1.824	0
1090	2.235	1.902	2.157	1.902	0
1091	2.333	1.941	2.157	2.02	0
1092	2.294	1.941	2.098	2.059	0
1093	1.961	1.961	2.039	2.059	0
1094	1.745	2.0	2.059	2.059	0
1095	1.765	2.078	2.02	2.039	0
1096	1.843	2.039	1.961	2.02	0
1097	1.784	2.039	2.0	2.0	0
1098	1.804	2.137	2.039	2.0	0
1099	1.667	2.059	2.0	2.02	0
1100	1.667	1.902	1.98	2.039	0
1101	1.745	1.784	2.059	2.0	0
1102	1.98	1.824	2.157	1.961	0
1103	2.039	1.725	2.098	1.922	0
1104	1.647	1.569	1.902	1.824	0
1105	1.745	1.667	1.941	1.784	0
1106	2.118	1.902	2.118	1.824	0
1107	2.176	1.765	2.059	1.922	0
1108	1.961	1.549	1.922	1.961	0
1109	1.961	1.627	1.922	2.0	0
1110	1.961	1.843	2.0	2.0	0
1111	1.804	1.98	1.882	1.961	0
1112	1.627	2.02	1.922	1.941	0
1113	1.745	2.0	1.961	1.922	0
1114	1.902	2.0	2.059	1.98	0
1115	2.137	2.039	2.176	2.059	0
1116	2.137	2.098	2.216	2.118	0
1117	1.922	2.039	2.098	2.078	0
1118	1.824	1.922	2.059	1.941	0
1119	1.961	1.922	2.078	1.843	0
1120	2.235	1.922	2.176	1.824	0
1121	2.353	1.804	2.216	1.902	0
1122	2.431	1.725	2.196	1.941	0
1123	2.118	1.745	2.078	1.98	0
1124	1.98	1.706	2.0	1.902	0
1125	2.0	1.745	1.98	1.863	0
1126	2.078	1.824	1.98	1.843	0
1127	2.02	1.882	1.98	1.882	0
1128	1.882	1.961	2.0	1.98	0
1129	1.765	2.02	2.078	2.078	0
1130	1.961	2.059	2.098	2.118	0
1131	1.961	1.961	2.039	2.098	0
1132	1.765	1.863	1.98	2.0	0
1133	1.588	1.902	1.98	1.961	0
1134	1.686	1.961	1.98	1.98	0
1135	1.824	1.863	2.078	1.98	0
1136	2.039	1.784	2.137	1.922	0
1137	2.059	1.706	2.118	1.922	0
1138	1.941	1.627	2.02	1.902	0
1139	2.0	1.686	2.137	1.882	0
1140	2.039	1.725	2.078	1.941	0
1141	1.784	1.627	1.902	1.961	0
1142	1.686	1.608	1.922	1.961	0
1143	1.824	1.784	2.02	1.961	0
1144	1.922	1.765	1.902	1.98	0
1145	2.059	2.0	1.98	2.0	0
1146	2.059	2.235	2.176	2.078	0
1147	1.922	2.176	2.137	2.137	0
1148	1.745	2.059	2.098	2.137	0
1149	1.784	2.098	2.059	2.078	0
1150	1.824	2.196	2.059	1.98	0
1151	1.941	2.157	2.02	1.922	0
1152	2.02	2.078	2.078	1.922	0
1153	2.176	2.078	2.137	1.902	0
1154	2.176	2.02	2.118	1.863	0
1155	2.039	1.863	2.059	1.824	0
1156	2.078	1.784	1.98	1.784	0
1157	2.157	1.627	1.941	1.784	0
1158	2.373	1.686	2.059	1.824	0
1159	2.196	1.882	2.118	1.882	0
1160	1.922	2.059	2.039	1.941	0
1161	1.863	2.039	2.02	1.98	0
1162	1.922	1.941	1.941	2.0	0
1163	1.863	1.922	2.0	2.0	0
1164	1.843	1.882	1.961	2.0	0
1165	1.804	1.98	1.961	2.0	0
1166	1.843	2.078	2.078	1.98	0
1167	1.98	2.02	2.098	2.0	0
1168	1.961	1.882	2.0	1.961	0
1169	2.0	1.882	2.039	1.961	0
1170	2.176	1.902	2.216	1.961	0
1171	2.235	1.784	2.235	1.941	0
1172	1.941	1.686	2.118	1.882	0
1173	2.039	1.745	2.02	1.824	0
1174	2.078	1.686	1.902	1.784	0
1175	1.961	1.569	1.843	1.784	0
1176	1.961	1.588	1.882	1.824	0
1177	1.882	1.667	1.961	1.922	0
1178	1.804	1.863	2.02	2.039	0
1179	1.882	1.941	2.0	2.118	0
1180	1.706	1.941	1.922	2.098	0
1181	1.608	1.941	1.941	2.02	0
1182	1.745	2.098	2.02	1.961	0
1183	1.784	2.059	2.039	1.98	0
1184	1.745	2.078	2.118	2.059	0
1185	1.667	2.078	2.02	2.098	0
1186	1.686	1.941	1.902	2.059	0
1187	1.863	1.804	2.0	1.902	0
1188	2.176	1.765	2.137	1.863	0
1189	2.49	1.843	2.235	1.882	0
1190	2.216	1.863	2.196	1.961	0
1191	1.882	1.902	2.137	1.961	0
1192	1.667	1.765	1.824	1.882	0
1193	1.608	1.725	1.647	1.784	0
1194	1.863	1.706	1.745	1.725	0
1195	2.118	1.667	1.706	1.765	0
1196	2.353	1.824	1.941	1.843	0
1197	2.471	2.039	2.275	2.059	0
1198	2.157	2.059	2.216	2.216	0
1199	1.608	1.922	1.98	2.137	0
1200	1.725	1.922	1.98	2.02	0
1201	2.039	2.0	2.02	1.902	0
1202	2.059	2.0	2.098	1.882	0
1203	2.078	1.922	2.176	1.922	0
1204	2.196	1.941	2.216	1.98	0
1205	2.137	1.824	2.235	1.961	0
1206	2.275	1.725	2.176	1.98	0
1207	2.353	1.745	2.235	1.941	0
1208	2.431	1.765	2.235	1.941	0
1209	2.196	1.784	2.216	1.961	0
1210	1.922	1.863	2.157	1.961	0
1211	1.902	1.902	2.059	2.02	0
1212	1.882	1.941	2.118	2.059	0
1213	1.804	2.0	2.078	2.098	0
1214	1.725	2.078	2.118	2.118	0
1215	1.765	2.059	2.118	2.157	0
1216	1.745	2.078	2.118	2.137	0
1217	1.804	2.0	2.118	2.078	0
1218	1.765	1.922	2.02	2.039	0
1219	1.725	1.941	2.059	1.98	0
1220	1.882	2.039	2.176	2.0	0
1221	2.0	1.941	2.157	1.961	0
1222	1.941	1.686	2.078	1.941	0
1223	1.941	1.588	1.961	1.863	0
1224	1.941	1.627	1.98	1.784	0
1225	2.059	1.725	2.0	1.804	0
1226	2.0	1.765	2.0	1.804	0
1227	2.0	1.804	2.059	1.902	0
1228	2.039	1.784	1.961	1.941	0
1229	1.863	1.784	1.843	1.98	0
1230	1.706	1.882	1.882	1.961	0
1231	1.647	1.941	1.922	1.941	0
1232	1.725	1.863	1.804	1.922	0
1233	1.706	1.902	1.863	1.882	0
1234	1.922	2.118	2.118	1.961	0
1235	2.039	2.137	2.157	2.02	0
1236	1.843	2.039	2.118	2.039	0
1237	1.765	1.922	2.0	2.0	0
1238	1.902	1.843	2.02	1.902	0
1239	2.02	1.725	2.0	1.804	0
1240	2.137	1.686	2.059	1.784	0
1241	2.157	1.725	2.078	1.804	0
1242	2.078	1.725	2.059	1.863	0
1243	2.039	1.784	2.0	1.922	0
1244	2.059	1.824	1.98	1.922	0
1245	2.059	1.843	2.039	1.902	0
1246	2.098	1.902	2.098	1.961	0
1247	1.98	1.902	2.0	2.0	0
1248	1.804	1.941	1.843	2.059	0
1249	1.843	1.961	1.941	2.02	0
1250	1.804	1.98	2.039	2.02	0
1251	1.824	2.098	2.137	2.02	0
1252	1.902	2.176	2.176	2.02	0
1253	1.843	2.078	2.078	2.02	0
1254	1.882	1.804	2.039	1.941	0
1255	2.02	1.745	2.0	1.863	0
1256	2.118	1.784	2.02	1.765	0
1257	2.118	1.745	2.059	1.765	0
1258	2.02	1.686	2.118	1.824	0
1259	2.078	1.686	2.039	1.863	0
1260	2.078	1.706	1.902	1.902	0
1261	1.902	1.745	1.902	1.882	0
1262	1.902	1.804	1.961	1.863	0
1263	1.902	1.824	1.922	1.902	0
1264	1.863	1.863	1.882	1.882	0
1265	1.863	2.0	1.98	1.961	0
1266	2.059	2.098	2.078	2.039	0
1267	1.843	2.157	2.137	2.078	0
1268	1.843	2.098	2.098	2.098	0
1269	1.882	2.0	2.0	2.098	0
1270	1.961	1.961	2.039	2.02	0
1271	2.039	1.961	2.118	1.961	0
1272	2.0	1.961	2.118	1.902	0
1273	2.039	1.922	2.157	1.902	0
1274	2.118	1.843	2.098	1.922	0
1275	2.098	1.667	2.0	1.882	0
1276	2.0	1.647	1.941	1.863	0
1277	1.961	1.745	1.98	1.882	0
1278	2.0	1.804	1.941	1.902	0
1279	1.98	1.706	1.922	1.902	0
1280	1.98	1.843	1.941	1.941	0
1281	2.137	1.922	2.039	2.059	0
1282	1.765	1.902	2.059	2.118	0
1283	1.627	1.98	1.922	2.118	0
1284	1.686	2.078	1.941	2.059	0
1285	1.804	2.02	2.0	1.98	0
1286	1.765	1.922	1.922	1.902	0
1287	1.902	1.922	2.02	1.882	0
1288	2.137	2.0	2.137	1.902	0
1289	2.196	1.961	2.157	1.941	0
1290	2.176	1.843	2.196	1.98	0
1291	2.157	1.765	2.235	1.98	0
1292	2.118	1.725	2.118	1.941	0
1293	2.039	1.647	1.902	1.824	0
1294	2.02	1.608	2.02	1.804	0
1295	2.157	1.745	2.059	1.843	0
1296	2.039	1.784	1.98	1.922	0
1297	1.804	1.804	1.98	1.961	0
1298	1.706	1.922	1.98	2.039	0
1299	1.706	2.039	2.0	2.118	0
1300	1.902	1.98	1.961	2.118	0
1301	1.804	1.941	2.0	2.078	0
1302	1.784	1.941	2.039	2.0	0
1303	1.941	2.0	2.078	2.0	0
1304	2.02	1.98	2.137	2.02	0
1305	1.961	1.922	2.176	2.059	0
1306	1.961	1.961	2.216	2.02	0
1307	2.098	1.863	2.078	2.0	0
1308	2.059	1.725	1.941	1.902	0
1309	2.157	1.765	2.059	1.804	0
1310	2.314	1.824	2.098	1.824	0
1311	2.255	1.824	2.118	1.882	0
1312	2.176	1.804	2.078	1.941	0
1313	2.039	1.784	2.02	1.961	0
1314	1.882	1.784	1.98	1.98	0
1315	1.686	1.941	2.0	2.02	0
1316	1.725	2.176	2.098	2.059	0
1317	1.902	2.196	2.039	2.078	0
1318	1.725	2.098	1.98	2.059	0
1319	1.922	2.0	2.059	2.0	0
1320	1.961	2.02	2.118	1.98	0
1321	1.686	2.059	2.176	1.98	0
1322	1.765	2.059	2.216	2.0	0
1323	1.941	1.961	2.216	2.078	0
1324	2.039	1.882	2.235	2.059	0
1325	2.02	1.765	2.118	1.98	0
1326	1.98	1.686	2.098	1.902	0
1327	2.078	1.667	2.059	1.843	0
1328	2.059	1.667	2.02	1.863	0
1329	2.059	1.725	2.078	1.941	0
1330	2.059	1.824	2.078	2.0	0
1331	2.0	1.902	2.02	2.039	0
1332	1.961	1.882	2.0	2.059	0
1333	1.784	1.843	2.0	2.039	0
1334	1.784	1.941	2.0	2.02	0
1335	1.804	2.039	2.059	2.02	0
1336	1.922	2.196	2.137	2.0	0
1337	1.882	2.098	2.098	2.02	0
1338	1.765	1.922	2.078	2.02	0
1339	1.824	1.863	1.941	1.961	0
1340	2.0	1.863	2.0	1.902	0
1341	2.078	1.824	2.098	1.843	0
1342	2.078	1.686	2.039	1.784	0
1343	2.039	1.686	2.0	1.784	0
1344	2.098	1.784	2.02	1.804	0
1345	2.078	1.843	2.02	1.843	0
1346	2.0	1.784	1.98	1.863	0
1347	1.804	1.725	1.882	1.882	0
1348	1.745	1.863	1.804	1.902	0
1349	1.824	1.941	1.863	1.922	0
1350	1.765	1.941	1.863	1.922	0
1351	1.902	1.882	1.941	1.941	0
1352	2.0	2.059	2.118	2.02	0
1353	1.941	2.098	2.02	2.0	0
1354	1.725	2.039	1.922	1.941	0
1355	1.627	2.078	2.0	1.882	0
1356	1.804	2.0	2.059	1.863	0
1357	1.941	1.98	2.098	1.922	0
1358	2.216	1.863	2.137	1.961	0
1359	2.137	1.686	1.941	1.863	0
1360	2.098	1.647	2.02	1.784	0
1361	2.275	1.725	2.078	1.824	0
1362	2.196	1.725	2.059	1.882	0
1363	2.176	1.784	2.078	1.941	0
1364	2.02	1.882	2.059	1.98	0
1365	1.941	1.863	1.98	1.98	0
1366	1.863	1.863	1.902	2.02	0
1367	1.725	1.961	1.961	2.02	0
1368	1.804	2.059	2.039	2.02	0
1369	1.863	2.039	2.02	2.02	0
1370	1.745	1.863	1.922	2.0	0
1371	1.745	2.0	2.02	2.02	0
1372	2.059	2.137	2.196	2.039	0
1373	2.02	1.941	2.157	2.059	0
1374	1.922	1.686	2.0	1.961	0
1375	1.98	1.686	2.059	1.882	0
1376	1.961	1.706	2.118	1.804	0
1377	2.137	1.804	2.098	1.824	0
1378	2.118	1.784	2.059	1.843	0
1379	2.118	1.745	2.078	1.941	0
1380	2.137	1.725	2.02	2.0	0
1381	2.0	1.725	1.98	2.0	0
1382	1.961	1.784	1.922	1.98	0
1383	1.922	1.902	1.941	1.961	0
1384	1.882	1.98	2.059	2.0	0
1385	1.98	2.078	2.098	2.039	0
1386	1.961	2.176	2.157	2.098	0
1387	1.922	2.176	2.157	2.118	0
1388	1.941	2.098	2.118	2.078	0
1389	1.902	2.02	2.078	2.039	0
1390	2.02	1.98	2.157	2.039	0
1391	2.157	1.98	2.216	2.0	0
1392	2.137	1.843	2.176	1.922	0
1393	2.0	1.686	2.059	1.902	0
1394	2.02	1.667	2.02	1.863	0
1395	2.078	1.686	1.98	1.824	0
1396	1.922	1.706	1.941	1.843	0
1397	1.824	1.686	1.961	1.863	0
1398	1.941	1.706	1.941	1.941	0
1399	1.961	1.824	2.039	1.98	0
1400	2.039	1.843	1.98	2.02	0
1401	1.706	1.882	1.941	2.0	0
1402	1.608	1.765	1.902	1.961	0
1403	1.667	1.824	1.863	1.961	0
1404	1.882	2.0	1.941	1.922	0
1405	1.902	2.118	2.137	1.98	0
1406	1.902	2.059	2.176	2.02	0
1407	2.0	1.961	2.078	2.039	0
1408	1.941	1.804	2.098	1.961	0
1409	1.98	1.725	2.059	1.863	0
1410	2.137	1.725	2.0	1.784	0
1411	2.216	1.765	2.078	1.745	0
1412	2.275	1.784	2.078	1.804	0
1413	2.176	1.824	2.098	1.902	0
1414	2.02	1.843	2.039	1.98	0
1415	2.02	1.863	2.0	1.98	0
1416	1.941	1.863	1.941	1.961	0
1417	1.882	1.922	1.941	1.961	0
1418	1.804	1.98	1.98	1.98	0
1419	1.725	1.98	2.0	2.039	0
1420	1.725	2.078	2.039	2.078	0
1421	1.824	2.098	2.078	2.098	0
1422	1.667	2.02	2.02	2.039	0
1423	1.686	2.098	2.078	2.059	0
1424	1.902	2.02	2.118	2.0	0
1425	2.02	1.667	2.059	1.941	0
1426	2.157	1.608	2.059	1.882	0
1427	2.118	1.667	2.039	1.824	0
1428	1.863	1.804	2.137	1.843	0
1429	1.922	1.843	2.059	1.882	0
1430	1.941	1.843	2.0	1.961	0
1431	1.961	1.765	2.0	1.98	0
1432	2.0	1.745	1.98	1.961	0
1433	1.922	1.843	1.961	1.941	0
1434	1.863	1.882	2.0	1.941	0
1435	1.784	1.98	2.0	2.0	0
1436	1.882	2.059	2.059	2.059	0
1437	1.843	2.118	2.078	2.118	0
1438	1.922	2.176	2.157	2.118	0
1439	1.961	2.157	2.196	2.098	0
1440	1.882	2.118	2.157	2.059	0
1441	1.804	1.98	2.098	2.0	0
1442	1.922	1.824	2.039	1.922	0
1443	2.0	1.824	2.118	1.863	0
1444	2.157	1.804	2.098	1.863	0
1445	2.235	1.843	2.176	1.863	0
1446	2.118	1.765	2.039	1.882	0
1447	1.941	1.686	1.922	1.902	0
1448	2.02	1.725	1.98	1.902	0
1449	2.098	1.804	2.0	1.922	0
1450	1.941	1.843	1.941	1.922	0
1451	1.863	1.843	1.961	1.98	0
1452	1.725	2.02	2.059	2.039	0
1453	1.745	2.059	2.098	2.118	0
1454	1.765	1.941	2.02	2.118	0
1455	1.706	1.784	1.784	2.0	0
1456	1.765	1.804	1.824	1.882	0
1457	1.941	1.922	2.02	1.882	0
1458	2.039	2.0	2.118	1.941	0
1459	2.039	1.882	2.137	1.98	0
1460	2.02	1.843	2.157	1.961	0
1461	2.02	1.745	2.039	1.902	0
1462	2.02	1.569	1.941	1.824	0
1463	2.098	1.608	1.941	1.765	0
1464	2.176	1.706	1.941	1.765	0
1465	2.275	1.843	2.039	1.843	0
1466	2.235	1.922	2.078	1.941	0
1467	2.098	1.902	1.98	2.0	0
1468	1.961	1.961	1.902	1.98	0
1469	1.902	2.078	1.98	1.98	0
1470	2.0	2.176	2.078	1.98	0
1471	1.98	2.235	2.176	2.02	0
1472	1.863	2.176	2.078	2.059	0
1473	1.98	2.118	2.0	2.039	0
1474	2.078	2.098	2.137	2.02	0
1475	2.059	1.961	2.118	2.02	0
1476	2.235	1.902	2.275	2.02	0
1477	2.196	1.902	2.235	2.0	0
1478	1.902	1.686	2.039	1.922	0
1479	1.941	1.667	2.02	1.804	0
1480	2.098	1.706	2.02	1.804	0
1481	2.02	1.667	1.961	1.863	0
1482	1.941	1.627	1.902	1.882	0
1483	1.941	1.745	1.961	1.902	0
1484	1.98	1.941	2.059	1.961	0
1485	2.039	1.863	2.0	2.039	0
1486	1.784	1.804	1.922	2.078	0
1487	1.706	1.824	1.941	2.02	0
1488	1.725	1.98	2.0	1.961	0
1489	1.902	2.118	2.098	1.961	0
1490	1.98	2.039	2.039	1.941	0
1491	1.941	2.02	2.039	1.922	0
1492	2.0	1.882	2.059	1.902	0
1493	2.137	1.863	2.078	1.902	0
1494	2.176	1.843	2.157	1.863	0
1495	2.196	1.745	2.078	1.843	0
1496	2.098	1.686	2.039	1.784	0
1497	2.078	1.725	2.039	1.824	0
1498	2.0	1.784	2.039	1.902	0
1499	2.039	1.745	1.98	1.941	0
1500	1.922	1.765	1.902	1.941	0
1501	1.863	1.863	1.882	1.922	0
1502	1.824	1.863	1.902	1.902	0
1503	1.706	1.941	1.922	1.941	0
1504	1.784	1.98	1.961	2.02	0
1505	1.686	2.039	2.02	2.078	0
1506	1.667	2.059	2.039	2.098	0
1507	1.667	2.078	2.078	2.118	0
1508	1.667	2.039	2.118	2.098	0
1509	1.706	2.02	2.157	2.078	0
1510	1.961	1.902	2.118	2.0	0
1511	1.98	1.784	2.118	1.941	0
1512	1.961	1.706	2.039	1.843	0
1513	1.961	1.725	2.0	1.804	0
1514	1.98	1.745	1.98	1.824	0
1515	1.941	1.725	1.98	1.882	0
1516	2.059	1.784	2.039	1.961	0
1517	2.098	1.843	2.118	2.039	0
1518	1.863	1.902	2.039	2.059	0
1519	1.667	1.882	1.922	2.059	0
1520	1.667	1.98	1.961	2.039	0
1521	1.784	2.098	2.02	2.039	0
1522	1.804	2.118	2.078	2.059	0
1523	1.784	1.961	2.0	2.02	0
1524	1.804	1.961	2.0	1.941	0
1525	1.98	2.137	2.176	1.961	0
1526	2.137	2.118	2.255	2.0	0
1527	2.078	1.941	2.157	2.0	0
1528	2.02	1.863	2.137	2.0	0
1529	2.059	1.765	2.059	1.902	0
1530	2.02	1.765	2.059	1.824	0
1531	2.02	1.725	2.039	1.784	0
1532	1.98	1.765	2.0	1.824	0
1533	2.118	1.784	1.98	1.843	0
1534	2.196	1.863	2.059	1.941	0
1535	2.098	1.98	2.078	1.98	0
1536	2.0	1.941	2.0	2.059	0
1537	1.784	1.922	1.961	2.059	0
1538	1.667	1.941	1.941	2.02	0
1539	1.686	2.0	1.98	2.0	0
1540	1.824	2.059	2.039	2.0	0
1541	1.902	2.059	2.078	2.02	0
1542	1.824	1.824	1.961	2.0	0
1543	1.882	1.784	2.039	1.941	0
1544	2.02	1.98	2.176	1.961	0
1545	2.059	1.922	2.196	1.941	0
1546	1.961	1.706	1.98	1.922	0
1547	1.98	1.667	1.961	1.843	0
1548	1.98	1.588	1.882	1.804	0
1549	2.098	1.667	1.961	1.804	0
1550	2.216	1.784	2.059	1.882	0
1551	2.157	1.961	2.078	1.941	0
1552	2.039	2.039	2.02	2.02	0
1553	1.804	1.961	1.863	1.961	0
1554	1.549	1.902	1.725	1.922	0
1555	1.882	2.0	1.882	1.922	0
1556	2.098	2.118	2.059	1.941	0
1557	2.216	2.176	2.176	2.0	0
1558	2.333	2.235	2.275	2.078	0
1559	1.941	2.098	2.196	2.078	0
1560	1.824	1.98	2.098	2.0	0
1561	1.922	1.902	1.98	1.882	0
1562	1.882	1.843	2.039	1.804	0
1563	2.039	1.843	2.059	1.765	0
1564	2.176	1.686	2.078	1.784	0
1565	2.353	1.627	2.098	1.843	0
1566	2.196	1.667	2.118	1.941	0
1567	1.804	1.765	2.118	2.0	0
1568	1.725	1.824	2.02	2.0	0
1569	1.725	1.765	1.843	1.98	0
1570	1.824	1.706	1.843	1.922	0
1571	1.863	1.784	1.98	1.941	0
1572	1.882	1.902	2.039	2.039	0
1573	1.863	2.039	2.118	2.118	0
1574	1.765	2.02	2.098	2.118	0
1575	1.843	2.0	2.078	2.059	0
1576	2.02	2.0	2.078	2.02	0
1577	2.078	1.863	2.137	2.0	0
1578	2.176	1.843	2.196	1.98	0
1579	2.216	1.824	2.118	1.902	0
1580	2.275	1.843	2.118	1.902	0
1581	2.314	1.824	2.137	1.843	0
1582	2.255	1.745	2.078	1.863	0
1583	2.216	1.784	2.059	1.882	0
1584	2.294	1.824	2.157	1.902	0
1585	2.275	1.843	2.098	1.98	0
1586	2.078	1.941	2.039	1.98	0
1587	1.98	2.0	2.078	2.02	0
1588	1.804	1.98	2.039	2.039	0
1589	1.804	1.941	1.922	2.02	0
1590	1.765	2.02	1.98	2.0	0
1591	1.784	2.0	2.059	2.0	0
1592	1.804	1.961	2.02	2.0	0
1593	1.784	1.902	2.0	1.961	0
1594	1.843	1.824	2.059	1.922	0
1595	1.941	1.863	2.118	1.98	0
1596	1.961	1.882	2.176	1.941	0
1597	2.039	1.725	2.039	1.922	0
1598	2.0	1.647	2.02	1.843	0
1599	2.039	1.627	1.961	1.824	0
1600	1.961	1.627	1.902	1.804	0
1601	1.941	1.667	1.941	1.843	0
1602	1.961	1.804	2.02	1.902	0
1603	1.922	1.863	1.941	1.961	0
1604	1.843	1.922	1.941	2.02	0
1605	1.725	1.941	1.922	2.02	0
1606	1.667	1.961	1.882	1.98	0
1607	1.667	2.02	1.863	1.941	0
1608	1.667	1.941	1.882	1.922	0
1609	1.569	1.902	1.941	1.941	0
1610	1.843	2.0	2.098	1.961	0
1611	1.941	1.882	2.02	1.961	0
1612	1.843	1.608	1.922	1.863	0
1613	2.078	1.863	2.118	1.843	0
1614	2.157	1.922	2.216	1.863	0
1615	1.961	1.804	2.176	1.941	0
1616	2.02	1.608	2.0	1.922	0
1617	1.961	1.569	1.863	1.863	0
1618	1.98	1.588	1.863	1.824	0
1619	2.02	1.765	1.98	1.824	0
1620	1.961	1.941	2.118	1.902	0
1621	1.961	2.157	2.176	2.039	0
1622	1.922	2.235	2.137	2.157	0
1623	1.941	2.196	2.196	2.196	0
1624	1.941	2.157	2.118	2.137	0
1625	1.922	2.098	2.176	2.078	0
1626	2.02	2.137	2.216	2.02	0
1627	1.98	2.137	2.196	2.0	0
1628	1.922	2.039	2.176	2.0	0
1629	2.0	2.02	2.137	1.98	0
1630	2.098	1.961	2.196	1.941	0
1631	2.137	1.902	2.137	1.902	0
1632	2.059	1.843	2.157	1.863	0
1633	2.059	1.725	2.02	1.863	0
1634	2.039	1.725	1.922	1.882	0
1635	1.98	1.824	1.98	1.882	0
1636	1.863	1.765	1.941	1.902	0
1637	1.804	1.804	1.863	1.902	0
1638	1.804	1.902	2.02	1.98	0
1639	1.765	1.98	2.0	2.0	0
1640	1.725	1.98	1.863	2.0	0
1641	1.667	2.02	1.902	2.039	0
1642	1.922	2.039	2.098	2.039	0
1643	1.882	2.02	2.118	2.039	0
1644	1.647	2.0	2.02	2.0	0
1645	1.725	1.902	1.98	1.98	0
1646	1.922	1.843	2.039	1.922	0
1647	2.039	1.784	2.118	1.902	0
1648	2.137	1.686	2.039	1.863	0
1649	2.137	1.627	2.078	1.863	0
1650	2.196	1.765	2.098	1.882	0
1651	2.078	1.843	2.098	1.941	0
1652	1.902	1.647	1.922	1.941	0
1653	1.902	1.608	1.863	1.882	0
1654	1.98	1.824	1.941	1.902	0
1655	1.961	1.961	2.039	1.961	0
1656	1.765	1.98	1.922	2.02	0
1657	1.765	1.98	1.922	2.059	0
1658	1.804	1.922	1.941	2.02	0
1659	1.941	2.02	2.118	2.02	0
1660	2.176	2.176	2.235	2.039	0
1661	2.059	2.0	2.078	2.02	0
1662	1.804	1.902	2.059	1.941	0
1663	2.0	2.02	2.216	1.961	0
1664	2.118	1.922	2.216	1.941	0
1665	2.196	1.725	2.078	1.902	0
1666	2.176	1.686	2.059	1.863	0
1667	2.235	1.725	2.039	1.824	0
1668	2.157	1.765	2.02	1.843	0
1669	2.098	1.784	2.02	1.902	0
1670	2.098	1.863	2.02	1.941	0
1671	2.078	1.843	1.961	2.02	0
1672	2.0	1.882	2.039	2.02	0
1673	1.98	2.039	2.078	2.078	0
1674	2.0	2.098	2.078	2.118	0
1675	1.902	2.078	2.039	2.098	0
1676	1.843	2.02	2.02	2.0	0
1677	1.863	2.059	2.078	1.961	0
1678	1.902	2.078	2.137	1.98	0
1679	2.0	1.961	2.157	2.0	0
1680	2.078	1.902	2.157	2.02	0
1681	2.098	1.804	2.176	1.961	0
1682	2.176	1.745	2.118	1.922	0
1683	2.118	1.725	2.098	1.863	0
1684	2.118	1.706	2.039	1.824	0
1685	2.059	1.784	2.059	1.863	0
1686	2.02	1.804	2.039	1.902	0
1687	1.941	1.745	1.961	1.941	0
1688	1.882	1.784	2.0	1.98	0
1689	1.843	1.882	1.961	1.98	0
1690	1.647	1.961	1.98	2.059	0
1691	1.431	1.98	1.765	2.0	0
1692	1.314	2.059	1.784	1.98	0
1693	1.647	2.0	1.902	1.961	0
1694	1.98	1.941	2.0	1.961	0
1695	2.059	1.882	2.196	2.039	0
1696	2.098	1.902	2.255	2.078	0
1697	1.706	1.745	1.98	1.98	0
1698	1.588	1.725	1.824	1.863	0
1699	1.824	1.725	1.98	1.745	0
1700	2.137	1.686	2.02	1.745	0
1701	2.255	1.627	1.941	1.745	0
1702	2.157	1.647	2.0	1.824	0
1703	2.118	1.686	2.0	1.882	0
1704	2.059	1.627	1.922	1.882	0
1705	2.039	1.725	1.902	1.961	0
1706	2.078	1.902	2.02	1.961	0
1707	1.98	1.941	1.98	1.98	0
1708	1.902	1.961	1.98	1.941	0
1709	1.882	2.118	2.0	1.902	0
1710	1.882	2.098	2.02	1.922	0
1711	1.941	2.02	2.078	1.961	0
1712	1.98	2.02	2.118	2.02	0
1713	2.078	1.98	2.098	2.0	0
1714	2.098	1.961	2.118	1.961	0
1715	2.02	1.941	2.196	1.902	0
1716	2.02	1.784	2.176	1.882	0
1717	2.039	1.686	2.078	1.863	0
1718	2.216	1.686	1.941	1.843	0
1719	2.137	1.706	1.961	1.863	0
1720	2.039	1.745	2.0	1.882	0
1721	2.02	1.765	2.039	1.922	0
1722	1.941	1.863	2.0	1.961	0
1723	1.863	1.902	1.941	2.0	0
1724	1.725	1.922	1.941	2.078	0
1725	1.765	2.0	1.98	2.098	0
1726	1.725	2.098	2.039	2.118	0
1727	1.686	2.039	2.059	2.039	0
1728	1.627	1.98	2.098	2.0	0
1729	1.686	1.882	2.039	1.961	0
1730	1.824	1.902	2.118	2.039	0
1731	2.078	2.196	2.235	2.078	0
1732	2.098	2.157	2.275	2.039	0
1733	1.902	1.882	2.098	1.98	0
1734	1.745	1.765	2.078	1.902	0
1735	1.863	1.784	2.059	1.922	0
1736	1.98	1.843	2.118	1.922	0
1737	2.137	1.98	2.235	2.0	0
1738	2.137	2.039	2.216	2.059	0
1739	1.98	2.059	2.098	2.078	0
1740	1.882	2.078	2.098	2.098	0
1741	1.882	2.118	2.078	2.078	0
1742	1.922	2.137	2.098	2.118	0
1743	1.863	2.157	2.098	2.078	0
1744	1.863	2.118	2.157	2.098	0
1745	1.902	2.098	2.118	2.078	0
1746	1.843	2.059	2.098	2.039	0
1747	1.922	2.0	2.118	2.02	0
1748	2.039	1.863	2.157	1.98	0
1749	2.196	1.824	2.176	1.961	0
1750	2.333	1.824	2.176	1.922	0
1751	2.176	1.765	2.137	1.902	0
1752	1.922	1.745	2.118	1.882	0
1753	1.961	1.706	2.02	1.882	0
1754	2.078	1.667	1.863	1.902	0
1755	2.078	1.745	1.941	1.922	0
1756	2.02	1.863	2.039	2.0	0
1757	1.902	1.941	2.02	2.0	0
1758	1.843	1.922	1.98	2.078	0
1759	1.882	1.941	2.02	2.078	0
1760	1.882	2.02	2.039	2.059	0
1761	1.902	2.059	2.039	2.02	0
1762	1.922	2.02	2.039	1.98	0
1763	1.902	1.882	1.98	1.922	0
1764	1.961	1.863	2.059	1.882	0
1765	2.098	1.882	2.118	1.922	0
1766	2.098	1.843	2.118	1.902	0
1767	2.098	1.745	2.059	1.902	0
1768	2.039	1.647	1.98	1.843	0
1769	2.078	1.608	1.941	1.784	0
1770	2.059	1.686	1.941	1.804	0
1771	2.059	1.725	1.941	1.824	0
1772	2.02	1.765	1.941	1.863	0
1773	1.941	1.824	1.922	1.922	0
1774	1.922	1.843	1.941	1.961	0
1775	1.765	1.961	1.902	1.98	0
1776	1.784	2.0	1.961	2.0	0
1777	1.745	2.02	1.941	2.02	0
1778	1.843	1.98	1.98	1.98	0
1779	2.0	1.941	2.059	1.961	0
1780	1.922	1.961	2.118	1.961	0
1781	1.804	1.922	2.098	1.961	0
1782	1.882	1.882	2.059	1.941	0
1783	2.02	1.804	2.098	1.922	0
1784	2.118	1.706	2.02	1.843	0
1785	2.078	1.647	2.059	1.824	0
1786	2.137	1.647	2.039	1.824	0
1787	2.078	1.686	2.039	1.824	0
1788	2.059	1.686	2.02	1.882	0
1789	2.0	1.725	1.98	1.922	0
1790	1.941	1.784	2.0	1.98	0
1791	1.882	1.824	2.0	1.98	0
1792	1.824	1.922	1.941	2.02	0
1793	1.784	1.922	1.961	2.0	0
1794	1.725	2.02	2.078	2.0	0
1795	1.804	2.0	2.039	2.039	0
1796	1.804	1.98	2.039	2.02	0
1797	1.843	1.961	2.078	2.0	0
1798	1.804	1.922	2.059	1.98	0
1799	1.902	1.902	2.078	1.922	0
1800	2.02	1.824	2.118	1.902	0
1801	2.078	1.686	2.078	1.843	0
1802	2.176	1.706	2.098	1.863	0
1803	2.176	1.745	2.078	1.863	0
1804	1.961	1.725	2.0	1.902	0
1805	1.961	1.745	1.941	1.902	0
1806	1.98	1.745	1.961	1.882	0
1807	1.98	1.843	2.0	1.941	0
1808	1.922	1.902	2.0	1.961	0
1809	1.863	1.961	2.02	2.039	0
1810	1.902	2.02	2.039	2.039	0
1811	1.824	2.02	1.941	2.059	0
1812	1.843	2.098	2.02	2.039	0
1813	1.961	2.118	2.137	2.02	0
1814	1.922	2.0	2.078	2.0	0
1815	1.882	1.922	2.059	1.941	0
1816	2.02	1.922	2.098	1.902	0
1817	2.078	1.882	2.098	1.902	0
1818	2.098	1.745	2.039	1.902	0
1819	2.098	1.784	2.098	1.882	0
1820	2.196	1.784	2.059	1.882	0
1821	2.118	1.765	2.0	1.863	0
1822	2.039	1.745	1.98	1.882	0
1823	2.0	1.745	1.941	1.902	0
1824	1.941	1.863	1.922	1.902	0
1825	1.902	1.941	1.961	1.961	0
1826	1.843	2.0	1.961	2.0	0
1827	1.824	2.02	2.0	2.039	0
1828	1.804	2.059	2.02	2.059	0
1829	1.843	2.078	2.078	2.078	0
1830	1.882	2.059	2.059	2.02	0
1831	1.863	2.02	2.098	2.0	0
1832	1.902	1.98	2.118	1.98	0
1833	2.0	1.961	2.118	1.922	0
1834	2.059	1.882	2.137	1.941	0
1835	2.118	1.784	2.078	1.882	0
1836	2.059	1.725	2.098	1.863	0
1837	2.118	1.706	2.039	1.863	0
1838	2.059	1.725	2.02	1.843	0
1839	2.059	1.745	2.0	1.863	0
1840	2.0	1.804	1.98	1.902	0
1841	1.961	1.824	2.0	1.98	0
1842	1.902	1.922	1.961	1.98	0
1843	1.824	1.98	1.98	2.059	0
1844	1.804	2.02	1.98	2.039	0
1845	1.784	2.039	2.02	2.039	0
1846	1.804	2.059	2.039	2.039	0
1847	1.863	2.039	2.059	2.0	0
1848	1.863	2.039	2.078	2.0	0
1849	1.882	2.0	2.118	2.0	0
1850	1.941	1.941	2.118	1.98	0
1851	1.98	1.863	2.118	1.961	0
1852	2.078	1.784	2.098	1.922	0
1853	2.078	1.745	2.059	1.863	0
1854	2.098	1.725	2.039	1.843	0
1855	2.039	1.725	2.02	1.882	0
1856	2.02	1.745	1.98	1.922	0
1857	2.02	1.765	2.0	1.98	0
1858	1.98	1.824	1.98	1.961	0
1859	1.882	1.882	1.98	1.961	0
1860	1.804	1.961	1.941	2.0	0
1861	1.824	2.0	2.0	2.02	0
1862	1.824	2.059	2.02	2.059	0
1863	1.804	2.059	2.02	2.059	0
1864	1.863	2.02	2.059	2.059	0
1865	1.882	2.039	2.118	2.0	0
1866	1.922	1.98	2.137	2.0	0
1867	2.0	1.941	2.118	1.941	0
1868	2.02	1.843	2.137	1.922	0
1869	2.098	1.745	2.078	1.922	0
1870	2.059	1.725	2.078	1.863	0
1871	2.118	1.706	2.039	1.863	0
1872	2.039	1.725	2.02	1.863	0
1873	2.039	1.725	2.02	1.882	0
1874	2.0	1.765	1.98	1.941	0
1875	1.961	1.824	1.98	2.0	0
1876	1.902	1.863	1.98	1.961	0
1877	1.824	1.961	1.98	2.02	0
1878	1.804	1.98	2.0	2.059	0
1879	1.784	2.039	2.0	2.039	0
1880	1.804	2.02	2.059	2.039	0
1881	1.882	2.039	2.059	2.02	0
1882	1.882	2.0	2.078	2.0	0
1883	1.902	1.941	2.098	1.98	0
1884	2.0	1.902	2.118	1.941	0
1885	2.078	1.863	2.118	1.902	0
1886	2.098	1.765	2.059	1.882	0
1887	2.059	1.706	2.078	1.843	0
1888	2.118	1.686	2.039	1.843	0
1889	2.059	1.725	2.039	1.863	0
1890	2.039	1.745	2.0	1.902	0
1891	2.039	1.784	2.0	1.922	0
1892	1.961	1.824	1.98	1.922	0
1893	1.902	1.922	1.941	2.0	0
1894	1.843	1.98	1.98	2.0	0
1895	1.824	2.02	2.0	2.039	0
1896	1.824	2.059	2.039	2.039	0
1897	1.824	2.039	2.039	2.039	0
1898	1.902	2.02	2.059	2.02	0
1899	1.902	2.02	2.059	2.0	0
1900	1.941	1.961	2.098	1.98	0
1901	1.98	1.922	2.078	1.961	0
1902	2.039	1.843	2.118	1.902	0
1903	2.137	1.745	2.059	1.863	0
1904	2.098	1.725	2.059	1.824	0
1905	2.118	1.686	2.059	1.843	0
1906	2.059	1.706	2.0	1.863	0
1907	2.039	1.745	2.0	1.882	0
1908	2.02	1.784	2.0	1.922	0
1909	1.941	1.863	2.0	1.961	0
1910	1.922	1.922	2.0	2.0	0
1911	1.843	2.02	1.98	2.02	0
1912	1.824	2.02	1.98	2.039	0
1913	1.824	2.078	2.02	2.039	0
1914	1.784	2.078	2.078	2.039	0
1915	1.863	2.098	2.078	2.039	0
1916	1.843	2.039	2.098	2.02	0
1917	1.902	2.0	2.118	2.0	0
1918	1.961	1.941	2.098	1.961	0
1919	2.02	1.882	2.157	1.961	0
1920	2.098	1.784	2.078	1.902	0
1921	2.059	1.725	2.059	1.863	0
1922	2.137	1.706	2.039	1.843	0
1923	2.078	1.725	2.02	1.882	0
1924	2.059	1.725	2.0	1.882	0
1925	2.02	1.765	1.961	1.922	0
1926	1.941	1.804	1.961	1.961	0
1927	1.882	1.902	1.98	1.98	0
1928	1.843	1.961	2.0	2.039	0
1929	1.843	1.98	2.0	2.078	0
1930	1.824	2.039	2.0	2.059	0
1931	1.804	2.078	2.078	2.039	0
1932	1.824	2.098	2.078	2.039	0
1933	1.843	2.039	2.118	2.039	0
1934	1.941	2.02	2.118	2.039	0
1935	1.98	1.941	2.176	2.039	0
1936	2.078	1.863	2.157	1.961	0
1937	2.098	1.804	2.098	1.902	0
1938	2.039	1.765	2.118	1.922	0
1939	2.098	1.745	2.059	1.902	0
1940	2.078	1.745	2.02	1.902	0
1941	2.039	1.804	2.02	1.922	0
1942	2.02	1.804	2.039	1.961	0
1943	1.961	1.843	2.0	1.98	0
1944	1.843	1.922	1.961	2.039	0
1945	1.765	1.941	1.941	2.02	0
1946	1.804	1.98	1.98	2.0	0
1947	1.843	2.059	2.039	2.0	0
1948	1.843	2.059	2.078	2.039	0
1949	1.843	2.0	2.078	2.039	0
1950	1.843	1.98	2.059	2.0	0
1951	1.902	1.961	2.118	1.98	0
1952	1.98	1.961	2.118	1.941	0
1953	2.078	1.863	2.157	1.902	0
1954	2.118	1.725	2.039	1.824	0
1955	2.039	1.706	2.059	1.804	0
1956	2.118	1.686	2.078	1.804	0
1957	2.078	1.706	2.02	1.843	0
1958	2.039	1.706	2.0	1.863	0
1959	2.039	1.745	1.961	1.902	0
1960	1.961	1.804	1.941	1.902	0
1961	1.961	1.863	1.98	1.941	0
1962	1.863	1.941	1.961	1.98	0
1963	1.824	1.961	2.0	2.0	0
1964	1.804	2.02	2.02	2.02	0
1965	1.824	2.02	2.059	2.02	0
1966	1.882	2.0	2.059	2.02	0
1967	1.902	1.98	2.098	1.98	0
1968	1.922	1.941	2.078	1.98	0
1969	2.0	1.922	2.118	1.922	0
1970	2.039	1.824	2.137	1.922	0
1971	2.118	1.725	2.059	1.902	0
1972	2.098	1.706	2.098	1.863	0
1973	2.157	1.667	2.02	1.843	0
1974	2.078	1.706	2.0	1.863	0
1975	2.059	1.706	2.0	1.902	0
1976	2.02	1.745	1.961	1.922	0
1977	2.0	1.804	1.941	1.922	0
1978	1.882	1.902	1.98	1.98	0
1979	1.824	1.941	1.961	2.0	0
1980	1.824	1.961	1.961	2.059	0
1981	1.804	2.02	2.0	2.039	0
1982	1.843	2.02	2.039	2.039	0
1983	1.882	2.02	2.059	2.0	0
1984	1.882	1.98	2.078	1.98	0
1985	1.941	1.961	2.118	1.98	0
1986	1.98	1.902	2.118	1.98	0
1987	2.078	1.843	2.098	1.922	0
1988	2.098	1.745	2.078	1.882	0
1989	2.059	1.686	2.078	1.863	0
1990	2.118	1.686	2.02	1.843	0
1991	2.059	1.706	2.0	1.843	0
1992	2.02	1.745	2.02	1.902	0
1993	2.0	1.745	2.0	1.922	0
1994	1.941	1.804	1.961	1.98	0
1995	1.863	1.882	1.98	2.0	0
1996	1.824	1.961	1.961	2.02	0
1997	1.784	2.0	1.98	2.039	0
1998	1.765	2.02	2.0	2.059	0
1999	1.784	2.039	2.039	2.039	0
