time	channel1	channel2	channel3	channel4	class
0	1.765	2.02	1.961	1.902	2
1	1.706	2.02	1.961	1.922	2
2	1.725	2.02	1.922	2.0	2
3	1.745	2.039	1.902	1.922	2
4	1.686	2.02	1.922	1.941	2
5	1.804	2.059	1.922	1.922	2
6	1.863	2.02	1.961	1.882	2
7	1.902	2.039	1.98	1.863	2
8	1.961	2.059	2.0	1.882	2
9	1.961	2.039	1.961	1.902	2
10	2.039	2.039	1.941	1.863	2
11	2.059	2.039	1.941	1.941	2
12	2.078	2.078	1.941	2.059	2
13	2.059	2.059	1.961	1.922	2
14	1.882	2.0	1.922	1.863	2
15	1.882	2.098	1.941	1.941	2
16	1.98	2.137	2.0	1.882	2
17	1.725	2.02	2.0	1.882	2
18	1.686	2.02	1.961	2.02	2
19	1.784	2.039	1.902	1.98	2
20	1.784	2.059	1.882	1.902	2
21	1.725	2.078	1.902	1.941	2
22	1.843	2.059	1.941	1.922	2
23	1.882	2.039	1.902	1.922	2
24	1.882	2.039	1.941	1.922	2
25	2.0	2.059	1.922	1.922	2
26	2.0	2.059	1.922	1.922	2
27	2.02	2.039	1.922	1.882	2
28	2.039	2.02	1.902	1.922	2
29	2.059	2.039	1.922	1.961	2
30	2.059	2.059	1.961	1.961	2
31	1.961	2.039	1.961	1.98	2
32	1.882	2.039	1.941	2.02	2
33	1.922	2.098	1.98	1.941	2
34	1.765	2.02	1.98	1.902	2
35	1.686	2.02	1.961	1.98	2
36	1.745	2.039	1.941	2.02	2
37	1.765	2.039	1.922	1.961	2
38	1.745	2.059	1.98	1.98	2
39	1.863	2.039	1.961	1.922	2
40	1.843	2.02	1.941	1.961	2
41	1.922	2.02	1.961	1.961	2
42	1.98	2.039	1.961	1.922	2
43	1.98	2.059	1.961	1.941	2
44	2.059	2.039	1.98	1.941	2
45	2.02	2.0	1.98	1.961	2
46	2.059	2.039	1.961	2.02	2
47	2.098	2.039	1.98	2.02	2
48	2.0	2.039	2.0	1.98	2
49	1.902	2.02	1.98	2.059	2
50	1.961	2.098	2.0	2.0	2
51	1.804	2.039	1.98	1.961	2
52	1.745	2.039	1.961	2.039	2
53	1.784	2.039	1.941	2.059	2
54	1.804	2.059	1.941	2.0	2
55	1.706	2.039	1.941	2.039	2
56	1.804	2.039	1.961	2.0	2
57	1.882	2.039	1.941	1.98	2
58	1.882	2.059	2.0	2.0	2
59	1.922	2.039	1.98	2.0	2
60	1.941	2.02	1.941	2.0	2
61	2.02	2.059	1.941	1.961	2
62	1.98	2.039	1.961	1.961	2
63	1.98	2.059	1.961	2.02	2
64	2.02	2.039	1.98	2.0	2
65	1.902	2.059	1.98	2.02	2
66	1.843	2.039	2.0	2.098	2
67	1.902	2.098	1.98	2.02	2
68	1.725	2.02	1.98	1.98	2
69	1.667	2.0	1.922	2.0	2
70	1.667	2.02	1.922	2.059	2
71	1.745	2.039	1.922	1.98	2
72	1.667	2.039	1.961	1.98	2
73	1.745	2.02	1.98	1.961	2
74	1.804	2.02	1.98	1.961	2
75	1.863	2.039	1.961	1.98	2
76	1.941	2.02	1.961	1.961	2
77	1.961	2.02	1.941	1.98	2
78	2.0	2.0	1.941	1.961	2
79	1.98	2.0	1.922	1.961	2
80	2.02	2.039	1.941	2.02	2
81	2.02	2.039	1.98	1.98	2
82	1.922	2.02	1.98	1.98	2
83	1.843	2.039	1.98	2.039	2
84	1.902	2.098	2.0	1.98	2
85	1.765	2.0	1.98	1.922	2
86	1.667	1.98	1.922	1.961	2
87	1.725	2.02	1.922	2.059	2
88	1.784	2.039	1.922	1.961	2
89	1.725	2.02	1.961	1.922	2
90	1.745	2.0	1.961	1.941	2
91	1.843	2.0	1.961	1.941	2
92	1.882	2.039	1.98	1.941	2
93	1.922	2.0	1.941	1.922	2
94	2.0	2.02	1.941	1.922	2
95	2.039	2.02	1.961	1.882	2
96	2.039	2.0	1.98	1.902	2
97	2.02	1.961	1.941	2.0	2
98	2.02	1.98	1.922	1.961	2
99	1.941	1.98	1.922	1.941	2
100	1.863	2.059	1.922	2.02	2
101	1.922	2.059	1.98	1.961	2
102	1.784	1.98	1.98	1.902	2
103	1.725	1.98	1.941	1.941	2
104	1.725	2.02	1.922	1.98	2
105	1.725	2.0	1.902	1.922	2
106	1.667	1.98	1.882	1.941	2
107	1.765	1.98	1.902	1.902	2
108	1.843	2.02	1.922	1.863	2
109	1.941	2.098	1.961	1.902	2
110	1.961	2.059	1.98	1.941	2
111	1.961	2.02	1.941	1.922	2
112	1.961	2.0	1.902	1.824	2
113	1.961	2.02	1.902	1.863	2
114	2.0	2.059	1.902	1.961	2
115	2.02	2.078	1.922	2.0	2
116	1.902	2.059	1.922	1.941	2
117	1.843	2.118	1.941	2.059	2
118	1.922	2.176	1.961	1.98	2
119	1.784	2.078	2.0	1.922	2
120	1.686	2.039	1.941	1.98	2
121	1.686	2.078	1.922	2.02	2
122	1.765	2.098	1.922	1.961	2
123	1.686	2.098	1.941	1.961	2
124	1.824	2.098	1.961	1.961	2
125	1.863	2.098	1.961	2.0	2
126	1.863	2.098	1.98	1.961	2
127	1.922	2.098	1.98	1.98	2
128	1.98	2.078	1.961	2.0	2
129	2.059	2.098	1.961	1.961	2
130	2.059	2.078	1.961	1.922	2
131	2.059	2.098	1.98	2.02	2
132	2.078	2.118	2.0	2.0	2
133	1.961	2.078	2.0	1.98	2
134	1.902	2.078	2.0	2.078	2
135	1.941	2.137	1.98	2.02	2
136	1.804	2.059	2.0	1.941	2
137	1.706	2.039	1.98	1.961	2
138	1.725	2.039	1.961	2.02	2
139	1.765	2.059	1.941	1.98	2
140	1.725	2.078	1.941	1.961	2
141	1.784	2.059	1.961	1.941	2
142	1.824	2.039	1.961	1.961	2
143	1.863	2.039	1.961	1.961	2
144	1.941	2.039	1.961	1.941	2
145	1.98	2.02	1.941	1.922	2
146	2.0	2.039	1.941	1.902	2
147	1.98	2.02	1.941	1.882	2
148	2.0	2.02	1.941	1.98	2
149	2.02	2.039	1.961	1.941	2
150	1.922	2.02	1.961	1.941	2
151	1.824	2.059	1.961	2.0	2
152	1.902	2.118	2.02	1.961	2
153	1.804	2.039	2.0	1.863	2
154	1.725	2.02	1.961	1.941	2
155	1.686	2.0	1.902	2.0	2
156	1.686	1.98	1.882	1.941	2
157	1.667	2.0	1.863	1.98	2
158	1.784	2.02	1.922	1.98	2
159	1.843	2.0	1.961	1.882	2
160	1.882	2.078	1.98	1.961	2
161	2.0	2.078	2.02	1.941	2
162	1.961	2.02	1.98	1.922	2
163	1.98	1.98	1.941	1.882	2
164	1.98	2.0	1.922	1.922	2
165	2.0	1.98	1.843	2.039	2
166	2.02	1.98	1.745	2.0	2
167	1.902	2.0	1.784	1.961	2
168	1.863	2.0	1.902	2.039	2
169	1.824	2.0	2.039	1.922	2
170	1.686	1.922	2.098	1.863	2
171	1.706	2.0	2.039	1.98	2
172	1.725	2.078	1.941	2.039	2
173	1.745	2.078	1.863	1.941	2
174	1.647	1.98	1.843	1.961	2
175	1.745	2.0	1.863	2.078	2
176	1.882	2.0	1.882	1.961	2
177	1.863	2.0	1.882	1.863	2
178	1.922	2.078	1.902	1.902	2
179	1.961	2.0	1.882	1.882	2
180	1.961	1.922	1.824	1.882	2
181	1.941	1.902	1.804	1.882	2
182	1.98	1.961	1.843	1.961	2
183	2.098	2.118	2.0	2.0	2
184	1.98	2.098	2.039	1.98	2
185	1.863	1.98	1.863	2.0	2
186	1.882	1.98	1.784	1.961	2
187	1.804	1.902	1.765	1.784	2
188	1.706	1.941	1.804	1.882	2
189	1.765	2.02	1.804	2.0	2
190	1.765	2.0	1.824	1.961	2
191	1.765	2.0	1.863	1.882	2
192	1.765	1.882	1.824	1.843	2
193	1.863	1.863	1.745	1.863	2
194	2.059	2.059	1.863	1.843	2
195	2.157	2.078	2.039	1.843	2
196	2.176	1.98	2.02	1.784	2
197	2.196	1.961	1.824	1.843	2
198	2.255	2.0	1.686	1.882	2
199	2.353	2.0	1.725	1.922	2
200	2.333	1.941	1.941	1.863	2
201	2.176	1.882	2.059	1.882	2
202	2.196	1.961	2.098	2.0	2
203	2.431	2.235	2.02	2.02	2
204	2.333	2.196	1.941	1.863	2
205	2.157	1.98	1.745	1.784	2
206	1.98	1.824	1.627	1.824	2
207	2.176	1.961	1.725	1.824	2
208	2.157	1.961	1.961	1.863	2
209	2.255	2.0	2.176	1.863	2
210	2.333	2.098	2.235	1.922	2
211	2.471	2.196	2.255	1.922	2
212	2.549	2.157	2.118	1.922	2
213	2.49	2.039	1.882	1.824	2
214	2.529	2.0	1.706	1.784	2
215	2.549	2.0	1.725	1.765	2
216	2.588	1.961	1.882	1.843	2
217	2.627	1.902	2.02	1.882	2
218	2.471	1.843	2.059	1.824	2
219	2.471	1.902	1.98	1.941	2
220	2.745	2.02	1.863	1.98	2
221	2.784	2.059	1.804	1.765	2
222	2.686	1.922	1.745	1.765	2
223	2.549	1.804	1.686	1.902	2
224	2.49	1.824	1.627	1.961	2
225	2.51	1.824	1.667	1.98	2
226	2.608	1.824	1.843	2.02	2
227	2.882	1.98	2.078	1.882	2
228	2.824	1.863	2.039	1.843	2
229	2.902	2.078	1.882	1.961	2
230	2.961	2.059	1.765	1.902	2
231	2.902	1.941	1.765	1.922	2
232	2.863	1.902	1.922	1.98	2
233	2.824	1.941	2.059	2.118	2
234	2.745	2.02	1.98	2.118	2
235	2.588	2.157	1.902	2.137	2
236	2.529	2.216	2.078	2.216	2
237	2.412	2.118	2.353	2.157	2
238	2.137	2.157	2.451	2.137	2
239	2.137	2.451	2.49	2.294	2
240	2.157	2.608	2.412	2.235	2
241	1.882	2.294	2.137	2.02	2
242	1.549	2.039	1.686	2.078	2
243	1.588	2.078	1.451	2.078	2
244	1.549	2.02	1.725	2.098	2
245	1.529	2.098	2.294	2.137	2
246	1.569	2.235	2.725	2.118	2
247	1.353	2.039	2.627	2.02	2
248	1.333	2.098	2.098	1.961	2
249	1.294	2.137	1.647	2.0	2
250	1.176	2.039	1.529	2.157	2
251	1.255	2.02	1.588	2.098	2
252	1.0	1.804	1.706	2.02	2
253	0.804	1.686	1.902	2.137	2
254	0.863	1.902	2.157	2.235	2
255	0.725	1.863	2.333	2.137	2
256	0.725	1.902	2.235	2.118	2
257	0.745	1.882	1.922	2.176	2
258	0.784	1.863	1.686	2.059	2
259	0.647	1.725	1.725	2.118	2
260	0.706	1.686	1.941	2.157	2
261	0.882	1.922	2.196	2.137	2
262	1.02	2.078	2.373	2.098	2
263	1.0	2.0	2.314	2.118	2
264	1.176	2.078	2.137	1.98	2
265	1.373	1.98	2.137	1.824	2
266	1.275	1.706	2.137	1.784	2
267	1.314	1.824	2.196	2.02	2
268	1.392	2.098	2.176	2.078	2
269	1.314	2.216	2.137	2.0	2
270	1.235	2.039	2.059	2.0	2
271	1.255	2.098	2.0	1.961	2
272	1.412	2.118	1.902	1.608	2
273	1.275	2.0	1.804	1.588	2
274	1.196	1.882	1.784	1.569	2
275	1.216	1.863	1.804	1.588	2
276	1.51	2.078	1.765	1.627	2
277	1.686	2.118	1.765	1.686	2
278	1.706	1.882	1.784	1.627	2
279	1.647	1.608	1.608	1.471	2
280	1.627	1.863	1.333	1.431	2
281	1.745	1.98	1.196	1.392	2
282	2.039	2.039	1.412	1.294	2
283	2.098	1.824	1.745	1.157	2
284	2.039	1.627	2.0	1.255	2
285	2.059	1.471	1.902	1.157	2
286	1.863	1.627	1.412	1.216	2
287	1.725	1.647	1.039	1.137	2
288	1.863	1.765	1.157	1.216	2
289	1.922	1.843	1.588	1.098	2
290	1.843	1.922	1.922	1.294	2
291	1.863	1.98	1.843	1.294	2
292	1.765	1.922	1.647	1.275	2
293	1.706	2.02	1.392	1.412	2
294	1.922	2.196	1.235	1.412	2
295	1.922	2.176	1.157	1.294	2
296	1.843	2.235	1.157	1.392	2
297	2.02	2.51	1.255	1.667	2
298	2.137	2.725	1.353	1.627	2
299	2.098	2.765	1.451	1.686	2
300	2.255	2.98	1.51	1.902	2
301	2.412	3.078	1.451	2.02	2
302	2.314	2.941	1.157	1.941	2
303	2.176	3.078	0.804	1.98	2
304	2.137	3.196	0.667	2.137	2
305	2.157	3.275	0.824	2.216	2
306	2.059	3.314	1.314	2.157	2
307	2.0	3.333	1.667	2.314	2
308	2.098	3.333	1.686	2.451	2
309	1.98	3.059	1.157	2.373	2
310	1.843	3.0	0.588	2.392	2
311	1.882	2.961	0.451	2.451	2
312	1.843	3.098	0.843	2.451	2
313	1.863	3.118	1.373	2.373	2
314	1.824	2.863	1.667	2.294	2
315	1.824	2.725	1.549	2.235	2
316	1.961	2.647	1.392	2.235	2
317	1.941	2.608	1.353	2.275	2
318	1.922	2.529	1.431	2.333	2
319	1.843	2.431	1.588	2.275	2
320	1.824	2.412	1.745	2.275	2
321	1.784	2.314	1.686	2.235	2
322	1.725	2.373	1.667	2.078	2
323	1.608	2.275	1.706	1.98	2
324	1.51	2.157	1.843	2.0	2
325	1.51	2.0	1.961	2.078	2
326	1.608	2.039	2.078	2.059	2
327	1.706	2.196	2.255	2.059	2
328	1.882	2.255	2.431	2.0	2
329	1.843	2.078	2.549	1.784	2
330	1.784	1.863	2.49	1.824	2
331	1.824	1.627	2.176	1.941	2
332	1.882	1.549	1.824	1.843	2
333	1.902	1.863	1.725	1.804	2
334	1.941	2.0	2.137	1.882	2
335	2.02	2.059	2.784	1.98	2
336	2.118	1.863	3.059	1.922	2
337	1.784	1.314	2.745	1.843	2
338	1.51	0.902	2.412	1.941	2
339	1.706	1.176	2.588	2.059	2
340	1.941	1.647	3.196	1.98	2
341	1.824	1.725	3.275	1.98	2
342	1.627	1.51	2.902	1.922	2
343	1.647	1.353	2.784	1.98	2
344	1.686	1.353	3.078	2.157	2
345	1.922	1.49	3.529	2.157	2
346	1.922	1.314	3.824	2.039	2
347	1.804	1.118	3.941	1.961	2
348	1.922	1.196	4.0	2.118	2
349	2.137	1.314	4.039	2.176	2
350	2.157	1.373	3.961	2.118	2
351	2.216	1.471	3.863	2.137	2
352	2.373	1.471	3.941	2.255	2
353	2.431	1.373	4.098	2.196	2
354	2.255	1.314	4.235	2.118	2
355	2.235	1.314	4.294	2.216	2
356	2.392	1.392	4.196	2.216	2
357	2.216	1.275	4.059	2.137	2
358	2.02	1.176	3.922	2.157	2
359	2.0	1.137	3.843	2.196	2
360	2.059	1.176	3.725	2.157	2
361	2.039	1.216	3.608	2.098	2
362	2.059	1.235	3.49	2.078	2
363	2.02	1.176	3.275	2.078	2
364	2.039	1.216	3.059	1.961	2
365	2.02	1.255	2.941	1.941	2
366	1.98	1.216	3.0	1.902	2
367	2.098	1.392	3.078	1.98	2
368	2.039	1.51	2.941	1.922	2
369	1.882	1.588	2.549	2.02	2
370	1.922	1.667	2.039	1.961	2
371	1.882	1.882	1.725	1.941	2
372	1.843	2.157	1.784	2.039	2
373	1.843	2.255	2.02	1.98	2
374	1.706	2.275	2.176	1.863	2
375	1.608	2.392	1.941	1.941	2
376	1.569	2.451	1.314	2.059	2
377	1.451	2.471	0.784	2.078	2
378	1.451	2.627	0.804	1.902	2
379	1.588	2.902	1.471	1.922	2
380	1.608	3.039	2.0	1.902	2
381	1.588	3.059	1.882	1.863	2
382	1.569	2.941	1.275	1.843	2
383	1.627	2.902	0.353	1.824	2
384	1.706	2.922	0.0	2.02	2
385	1.686	2.882	0.0	2.176	2
386	1.667	2.922	0.98	2.176	2
387	1.843	3.078	2.176	2.196	2
388	1.902	3.137	2.569	2.118	2
389	1.627	2.784	1.882	1.98	2
390	1.412	2.569	0.882	2.137	2
391	1.471	2.647	0.275	2.078	2
392	1.49	2.569	0.314	2.235	2
393	1.686	2.451	0.706	2.451	2
394	1.686	2.412	1.235	2.333	2
395	1.451	2.51	1.784	2.275	2
396	1.549	2.608	2.176	2.373	2
397	1.608	2.412	2.02	2.353	2
398	1.667	2.176	1.471	2.275	2
399	1.725	2.098	1.039	2.294	2
400	1.745	2.098	1.078	2.235	2
401	1.745	2.039	1.431	2.235	2
402	1.784	2.039	1.686	2.255	2
403	1.843	2.039	1.784	2.353	2
404	1.863	1.941	1.686	2.216	2
405	1.765	1.882	1.549	2.157	2
406	1.882	2.039	1.51	2.235	2
407	1.941	2.039	1.608	2.275	2
408	1.902	2.0	1.706	2.118	2
409	1.745	1.941	1.804	2.176	2
410	1.843	1.98	1.824	2.157	2
411	1.922	1.922	1.686	2.098	2
412	1.882	1.882	1.608	2.0	2
413	1.98	1.961	1.608	2.039	2
414	2.078	2.098	1.627	2.039	2
415	2.176	2.118	1.706	2.0	2
416	2.216	2.098	1.745	2.0	2
417	2.196	1.902	1.824	1.922	2
418	2.196	1.922	1.922	1.902	2
419	2.216	2.02	2.02	1.941	2
420	2.275	2.02	1.902	2.02	2
421	2.314	2.0	1.686	1.941	2
422	2.235	1.922	1.471	1.902	2
423	2.039	1.902	1.294	2.039	2
424	2.059	1.922	1.431	2.098	2
425	1.98	1.882	1.902	1.961	2
426	1.824	1.804	2.373	2.039	2
427	1.882	1.745	2.294	2.059	2
428	1.804	1.804	1.863	2.039	2
429	1.765	1.784	1.392	2.059	2
430	1.824	1.706	1.235	2.176	2
431	1.902	1.824	1.451	2.176	2
432	1.902	1.98	1.863	2.078	2
433	1.882	1.784	2.176	2.118	2
434	1.902	1.706	2.176	2.137	2
435	1.863	1.686	1.922	2.118	2
436	1.824	1.686	1.647	2.157	2
437	1.843	1.745	1.569	2.353	2
438	1.902	1.824	1.745	2.392	2
439	1.922	1.902	1.961	2.294	2
440	1.824	1.922	2.137	2.353	2
441	1.843	1.961	2.098	2.412	2
442	1.863	1.98	2.039	2.176	2
443	1.706	1.922	1.941	2.196	2
444	1.745	2.0	1.902	2.255	2
445	1.745	2.0	1.961	2.216	2
446	1.647	1.98	2.059	2.098	2
447	1.667	2.0	2.137	2.098	2
448	1.745	2.0	2.098	2.059	2
449	1.784	2.02	2.059	1.941	2
450	1.784	1.941	2.02	1.922	2
451	1.843	1.941	2.0	1.804	2
452	1.824	1.941	1.941	1.784	2
453	1.824	2.059	1.922	1.804	2
454	1.882	2.118	2.039	1.863	2
455	1.843	1.98	2.216	1.804	2
456	1.725	1.824	2.333	1.706	2
457	1.647	1.902	2.255	1.784	2
458	1.765	2.02	2.098	1.824	2
459	1.706	1.941	1.922	1.588	2
460	1.569	1.922	1.863	1.627	2
461	1.627	1.941	1.98	1.667	2
462	1.647	1.902	2.098	1.667	2
463	1.667	1.902	2.176	1.608	2
464	1.686	1.922	2.176	1.588	2
465	1.725	1.902	2.176	1.569	2
466	1.784	1.961	2.157	1.549	2
467	1.824	1.941	2.157	1.667	2
468	1.922	1.98	2.059	1.667	2
469	2.039	2.098	1.961	1.725	2
470	2.039	1.961	1.843	1.647	2
471	1.902	1.784	1.824	1.725	2
472	2.02	1.902	2.078	1.745	2
473	2.0	1.961	2.235	1.706	2
474	1.804	1.941	2.039	1.784	2
475	1.824	1.961	1.667	1.922	2
476	1.882	2.0	1.627	1.784	2
477	1.804	2.0	1.98	1.863	2
478	1.863	2.176	2.471	2.02	2
479	1.902	2.098	2.549	1.941	2
480	1.784	1.98	2.176	1.941	2
481	1.843	1.98	1.804	1.961	2
482	1.902	2.02	1.667	1.98	2
483	1.98	2.137	1.824	1.941	2
484	2.078	2.235	2.157	2.039	2
485	2.196	2.216	2.412	2.078	2
486	2.196	2.216	2.49	2.0	2
487	2.176	2.196	2.451	1.882	2
488	2.157	2.196	2.235	2.02	2
489	2.275	2.275	2.059	2.118	2
490	2.235	2.314	2.02	2.078	2
491	2.216	2.392	2.157	2.118	2
492	2.235	2.392	2.314	2.176	2
493	2.137	2.314	2.392	1.961	2
494	1.941	2.235	2.235	1.98	2
495	1.902	2.216	1.941	2.0	2
496	1.882	2.176	1.863	2.0	2
497	1.902	2.176	1.941	2.059	2
498	1.961	2.118	1.98	2.039	2
499	1.882	2.039	1.882	2.02	2
500	1.863	2.157	1.824	2.059	2
501	1.922	2.294	1.882	2.02	2
502	2.02	2.333	2.0	1.922	2
503	1.941	2.216	1.922	1.941	2
504	1.824	1.843	1.647	1.824	2
505	1.647	1.451	1.451	1.922	2
506	1.667	1.784	1.549	2.0	2
507	1.863	2.412	1.98	2.059	2
508	1.824	2.333	2.157	2.157	2
509	1.804	2.137	2.0	2.118	2
510	1.765	2.0	1.706	1.863	2
511	1.627	1.941	1.49	1.902	2
512	1.608	1.941	1.431	1.941	2
513	1.608	1.941	1.549	1.961	2
514	1.608	2.059	1.745	1.922	2
515	1.725	2.216	1.941	1.961	2
516	1.843	2.255	1.902	1.941	2
517	1.902	2.176	1.745	1.882	2
518	1.882	2.078	1.725	1.843	2
519	1.98	2.039	1.863	1.745	2
520	2.02	2.157	2.02	1.745	2
521	2.039	2.255	2.078	1.765	2
522	2.039	2.255	1.961	1.824	2
523	1.98	2.098	1.765	1.824	2
524	1.882	2.02	1.608	1.784	2
525	1.843	2.02	1.588	1.824	2
526	1.961	2.157	1.686	1.961	2
527	2.0	2.157	1.922	1.765	2
528	1.804	2.039	2.137	1.725	2
529	1.686	2.039	2.255	1.804	2
530	1.706	2.02	2.137	1.843	2
531	1.745	2.059	1.902	1.784	2
532	1.804	2.078	1.765	1.725	2
533	1.824	2.0	1.725	1.804	2
534	1.882	2.059	1.765	1.824	2
535	1.961	2.059	1.902	1.843	2
536	2.02	2.02	1.98	1.784	2
537	1.98	2.0	2.0	1.824	2
538	2.02	2.039	2.0	1.784	2
539	1.98	1.98	1.922	1.863	2
540	2.039	1.98	1.725	1.863	2
541	1.941	1.941	1.667	1.863	2
542	1.882	1.941	1.843	1.961	2
543	1.98	2.078	2.098	2.059	2
544	1.922	2.02	2.216	1.882	2
545	1.667	1.902	2.078	1.98	2
546	1.686	1.941	1.843	2.098	2
547	1.765	1.922	1.667	2.098	2
548	1.706	1.961	1.627	2.02	2
549	1.725	1.961	1.725	2.059	2
550	1.765	1.902	1.941	1.98	2
551	1.686	1.863	1.98	2.039	2
552	1.765	1.961	2.02	2.118	2
553	1.863	1.824	1.922	2.098	2
554	1.804	1.824	1.745	2.235	2
555	1.863	1.941	1.686	2.118	2
556	1.804	1.863	1.706	2.118	2
557	1.804	1.784	1.765	2.196	2
558	1.745	1.843	1.784	2.176	2
559	1.667	1.843	1.627	2.216	2
560	1.745	1.843	1.412	2.235	2
561	1.725	1.843	1.373	2.157	2
562	1.569	1.824	1.667	2.216	2
563	1.667	1.902	2.137	2.216	2
564	1.686	1.922	2.373	2.176	2
565	1.686	1.961	2.176	2.098	2
566	1.667	1.902	1.765	2.176	2
567	1.824	1.922	1.49	2.137	2
568	1.843	1.922	1.392	2.098	2
569	1.824	1.902	1.549	2.118	2
570	1.941	1.941	1.843	2.039	2
571	2.039	2.039	2.196	2.039	2
572	2.118	2.02	2.412	1.98	2
573	2.0	1.922	2.333	1.98	2
574	2.02	1.961	2.078	1.961	2
575	2.039	2.118	1.922	1.961	2
576	2.078	2.176	1.98	2.02	2
577	2.157	2.235	2.176	2.196	2
578	2.078	2.196	2.275	1.961	2
579	1.843	1.961	2.235	1.902	2
580	1.824	2.02	2.157	1.902	2
581	1.824	2.137	2.078	1.922	2
582	1.824	2.137	2.039	1.843	2
583	1.863	2.137	2.098	1.922	2
584	1.98	2.098	2.196	1.863	2
585	2.0	2.157	2.294	1.804	2
586	2.039	2.137	2.196	1.784	2
587	2.059	2.078	1.98	1.843	2
588	2.098	2.157	1.98	1.922	2
589	2.118	2.157	2.294	1.863	2
590	2.0	2.098	2.588	1.882	2
591	2.039	2.098	2.49	1.863	2
592	1.98	2.098	2.196	1.824	2
593	2.0	2.157	1.98	1.863	2
594	2.02	2.157	2.0	1.922	2
595	1.902	2.078	2.098	1.863	2
596	1.745	1.941	2.157	1.882	2
597	1.765	2.0	2.196	2.02	2
598	1.922	2.118	2.196	1.961	2
599	1.824	2.078	2.157	1.863	2
600	1.745	2.02	2.059	1.863	2
601	1.784	1.961	2.039	1.863	2
602	1.922	2.059	2.098	1.882	2
603	2.0	2.118	2.157	1.941	2
604	2.02	2.059	2.157	1.824	2
605	1.98	2.02	2.02	1.824	2
606	1.961	1.902	1.863	1.784	2
607	1.922	1.902	1.765	1.863	2
608	1.961	1.941	1.843	1.902	2
609	1.902	1.902	2.0	1.902	2
610	1.843	1.863	2.098	1.941	2
611	1.843	1.961	2.02	1.98	2
612	1.824	2.078	1.922	1.804	2
613	1.667	1.941	1.824	1.804	2
614	1.627	1.863	1.725	1.941	2
615	1.667	1.843	1.706	1.961	2
616	1.667	1.863	1.745	1.863	2
617	1.569	1.882	1.863	1.902	2
618	1.667	1.961	1.961	1.922	2
619	1.765	1.961	1.882	1.843	2
620	1.745	1.863	1.627	1.863	2
621	1.824	1.863	1.49	1.824	2
622	1.98	2.02	1.686	1.843	2
623	2.02	2.039	2.039	1.804	2
624	1.941	2.078	2.235	1.902	2
625	2.02	2.118	2.137	1.98	2
626	1.922	2.078	1.863	1.882	2
627	1.882	2.059	1.745	1.863	2
628	2.02	2.196	1.863	1.98	2
629	2.078	2.255	2.0	1.902	2
630	1.98	2.137	2.0	1.882	2
631	1.843	2.039	1.922	1.961	2
632	1.882	2.137	1.941	2.02	2
633	1.902	2.176	1.941	1.902	2
634	1.922	2.275	2.02	1.941	2
635	2.0	2.255	2.078	1.941	2
636	2.0	2.157	2.039	1.902	2
637	1.961	2.078	2.02	1.902	2
638	1.961	2.02	2.0	1.863	2
639	2.118	2.196	2.02	1.941	2
640	2.098	2.196	1.902	1.941	2
641	2.078	2.157	1.765	2.078	2
642	2.118	2.157	1.765	2.078	2
643	1.98	2.118	1.961	1.961	2
644	1.922	2.118	2.118	1.941	2
645	1.902	2.196	2.118	2.078	2
646	1.902	2.157	2.0	1.941	2
647	1.745	2.02	1.863	1.941	2
648	1.765	2.039	1.824	2.02	2
649	1.843	2.176	1.863	2.059	2
650	1.882	2.216	1.922	1.941	2
651	1.863	2.176	1.804	1.941	2
652	1.863	2.078	1.667	1.922	2
653	1.824	2.0	1.667	1.98	2
654	1.863	2.078	1.941	2.02	2
655	1.98	2.039	2.235	1.882	2
656	2.039	2.157	2.137	1.922	2
657	2.02	2.118	1.843	1.863	2
658	1.902	2.039	1.588	1.98	2
659	1.882	1.961	1.471	2.02	2
660	1.902	1.902	1.588	1.941	2
661	1.824	1.843	1.706	1.922	2
662	1.765	1.961	1.843	2.059	2
663	1.804	1.98	1.941	1.941	2
664	1.647	1.902	1.961	2.0	2
665	1.745	2.059	1.922	2.137	2
666	1.843	2.098	1.863	2.137	2
667	1.824	2.039	1.745	2.02	2
668	1.765	2.039	1.608	1.961	2
669	1.765	1.922	1.608	1.941	2
670	1.843	1.941	1.784	1.961	2
671	1.98	2.098	2.078	2.039	2
672	2.176	2.255	2.196	2.0	2
673	2.157	2.235	2.078	1.98	2
674	2.176	2.196	1.902	1.902	2
675	2.137	2.176	1.863	1.922	2
676	2.196	2.176	1.961	2.039	2
677	2.176	2.235	2.02	2.059	2
678	2.137	2.255	2.02	2.098	2
679	2.157	2.353	2.02	2.118	2
680	2.255	2.431	2.118	1.941	2
681	1.98	2.275	2.137	1.922	2
682	1.863	2.216	2.118	2.02	2
683	1.941	2.255	2.078	2.059	2
684	1.902	2.235	2.118	1.882	2
685	1.882	2.216	2.196	1.98	2
686	1.98	2.255	2.196	2.059	2
687	1.98	2.196	2.078	1.98	2
688	1.941	2.157	1.961	2.0	2
689	1.98	2.118	1.941	1.961	2
690	1.98	2.078	1.941	1.922	2
691	1.941	2.039	2.02	1.863	2
692	1.882	2.0	2.078	1.941	2
693	1.902	1.98	2.059	2.059	2
694	1.863	1.98	2.059	2.039	2
695	1.863	2.0	2.078	2.02	2
696	1.804	1.98	2.039	2.118	2
697	1.725	1.941	1.902	1.98	2
698	1.549	1.804	1.784	1.863	2
699	1.529	1.824	1.784	1.961	2
700	1.647	1.961	1.941	2.039	2
701	1.725	1.941	2.098	1.941	2
702	1.647	1.863	2.039	2.0	2
703	1.667	1.863	1.941	1.961	2
704	1.667	1.804	1.824	2.0	2
705	1.765	1.804	1.804	2.02	2
706	1.863	1.804	1.843	1.882	2
707	1.843	1.922	1.941	1.882	2
708	1.882	1.941	2.0	1.882	2
709	1.804	1.882	1.961	1.902	2
710	1.824	1.804	1.863	1.961	2
711	1.824	1.804	1.725	1.941	2
712	1.686	1.725	1.627	1.961	2
713	1.725	1.843	1.667	2.059	2
714	1.784	1.98	1.882	1.961	2
715	1.686	1.882	2.02	1.882	2
716	1.529	1.706	1.98	1.902	2
717	1.549	1.784	1.882	1.902	2
718	1.627	2.0	1.824	1.941	2
719	1.725	2.098	1.863	2.02	2
720	1.745	1.902	1.882	1.922	2
721	1.745	1.804	1.882	1.824	2
722	1.824	1.922	1.922	1.902	2
723	1.882	1.98	1.961	1.922	2
724	1.98	2.02	2.039	1.882	2
725	1.98	1.98	2.039	1.824	2
726	1.941	2.039	2.039	1.961	2
727	2.078	2.137	2.02	2.0	2
728	2.059	2.137	2.02	1.882	2
729	2.02	2.118	2.098	1.902	2
730	2.02	2.118	2.157	2.02	2
731	1.98	2.176	2.137	1.922	2
732	1.882	2.196	2.118	1.902	2
733	1.804	2.137	2.0	2.0	2
734	1.804	2.098	1.863	2.02	2
735	1.824	2.078	1.824	1.882	2
736	1.843	2.137	1.902	1.902	2
737	1.882	2.118	2.039	1.863	2
738	1.941	2.137	2.176	1.863	2
739	2.078	2.235	2.176	1.941	2
740	2.078	2.137	2.137	1.941	2
741	2.059	2.059	1.922	1.98	2
742	2.078	2.098	1.824	1.863	2
743	2.078	2.118	1.843	1.941	2
744	2.118	2.098	1.922	2.059	2
745	2.039	1.98	1.98	1.98	2
746	1.941	1.98	2.02	2.0	2
747	1.961	2.176	2.059	2.098	2
748	2.02	2.255	2.059	1.98	2
749	1.784	2.039	1.98	1.961	2
750	1.804	2.0	1.922	2.059	2
751	1.804	1.961	1.902	2.078	2
752	1.765	2.0	1.922	2.039	2
753	1.824	2.098	1.941	2.078	2
754	1.922	2.137	1.961	2.0	2
755	1.922	2.098	2.02	1.922	2
756	1.922	2.098	2.02	1.98	2
757	2.0	2.02	1.941	1.941	2
758	1.961	1.98	1.922	1.941	2
759	2.0	2.039	1.863	1.882	2
760	1.98	2.098	1.804	1.922	2
761	2.0	2.039	1.725	2.0	2
762	1.941	2.0	1.725	1.961	2
763	1.863	2.02	1.882	1.922	2
764	1.961	2.157	2.118	2.02	2
765	1.922	2.137	2.176	1.902	2
766	1.765	2.02	2.039	1.902	2
767	1.667	1.902	1.804	1.961	2
768	1.647	1.98	1.608	2.0	2
769	1.647	2.059	1.608	1.902	2
770	1.608	2.059	1.784	1.98	2
771	1.725	2.02	1.98	1.961	2
772	1.824	2.0	2.118	1.941	2
773	1.863	2.0	2.039	1.941	2
774	1.863	1.922	1.863	1.882	2
775	1.824	1.941	1.706	1.922	2
776	1.882	2.039	1.686	1.902	2
777	1.863	2.02	1.843	1.902	2
778	1.902	1.98	2.039	1.941	2
779	1.902	1.98	2.157	1.941	2
780	1.863	1.98	2.098	1.922	2
781	1.843	2.059	1.961	2.059	2
782	1.98	2.137	1.863	1.98	2
783	1.843	2.118	1.804	1.882	2
784	1.765	2.02	1.843	1.882	2
785	1.686	1.98	1.863	1.961	2
786	1.745	2.098	1.941	2.039	2
787	1.843	2.137	2.059	2.039	2
788	1.824	2.039	2.137	1.863	2
789	1.824	1.98	2.137	1.863	2
790	1.902	2.098	1.98	1.98	2
791	2.098	2.255	1.961	1.98	2
792	2.039	2.157	1.941	1.961	2
793	1.922	2.059	1.98	1.941	2
794	1.922	2.02	1.941	1.961	2
795	2.0	2.059	1.98	2.02	2
796	2.0	2.118	2.039	2.02	2
797	1.941	2.137	2.078	1.98	2
798	1.863	2.118	2.078	2.039	2
799	1.882	2.137	1.98	1.941	2
800	1.706	2.039	1.843	1.961	2
801	1.725	2.098	1.804	2.078	2
802	1.784	2.157	1.902	2.039	2
803	1.745	2.059	1.961	1.961	2
804	1.725	2.02	1.922	1.98	2
805	1.804	2.0	1.961	1.941	2
806	1.804	2.02	2.02	1.902	2
807	1.882	2.078	1.98	1.961	2
808	2.0	2.078	1.863	1.902	2
809	1.922	1.98	1.804	1.902	2
810	1.98	2.02	1.824	1.882	2
811	2.0	2.098	1.902	1.922	2
812	2.039	2.078	1.98	2.098	2
813	2.059	2.098	2.0	2.02	2
814	1.961	2.059	1.98	1.941	2
815	1.922	2.176	1.98	2.039	2
816	1.941	2.157	2.039	1.882	2
817	1.765	2.059	2.059	1.882	2
818	1.745	2.039	1.941	1.98	2
819	1.824	2.059	1.843	2.059	2
820	1.784	2.098	1.843	2.0	2
821	1.843	2.137	2.02	2.039	2
822	1.902	2.118	2.098	2.02	2
823	1.882	2.039	2.078	1.863	2
824	1.882	2.059	2.039	1.902	2
825	2.02	2.137	2.02	1.922	2
826	2.02	2.078	1.941	1.922	2
827	1.961	2.02	1.863	1.882	2
828	1.922	2.0	1.863	1.961	2
829	1.98	2.0	1.902	2.098	2
830	2.059	2.0	1.98	2.0	2
831	1.922	2.059	2.0	1.941	2
832	1.824	2.078	2.02	2.02	2
833	1.902	2.059	2.02	1.902	2
834	1.725	1.961	2.0	1.902	2
835	1.745	1.961	1.961	1.98	2
836	1.745	1.902	1.902	2.059	2
837	1.745	1.98	1.863	2.0	2
838	1.745	2.0	1.765	1.961	2
839	1.745	1.941	1.686	1.961	2
840	1.765	1.784	1.627	1.941	2
841	1.765	1.725	1.745	1.882	2
842	1.961	1.941	1.941	1.863	2
843	2.0	2.039	2.137	1.843	2
844	1.961	1.98	2.216	1.882	2
845	1.941	1.961	2.02	1.902	2
846	1.961	1.961	1.765	1.941	2
847	2.02	1.961	1.667	1.922	2
848	1.902	1.902	1.667	1.922	2
849	1.863	1.961	1.863	2.02	2
850	1.961	2.039	2.098	1.902	2
851	1.843	2.039	2.216	1.902	2
852	1.784	2.059	2.176	1.98	2
853	1.863	2.118	2.078	1.98	2
854	1.902	2.176	1.98	1.922	2
855	1.922	2.196	1.98	1.902	2
856	1.98	2.196	1.98	1.902	2
857	2.0	2.176	2.0	1.843	2
858	2.02	2.157	2.078	1.902	2
859	2.078	2.157	2.157	1.902	2
860	2.059	2.196	2.216	1.922	2
861	2.137	2.216	2.157	1.843	2
862	2.039	2.157	2.039	1.863	2
863	2.039	2.118	1.922	1.961	2
864	2.059	2.118	1.922	1.941	2
865	2.02	2.176	2.039	1.941	2
866	1.961	2.235	2.137	2.0	2
867	2.0	2.216	2.157	1.902	2
868	1.765	2.098	2.118	1.843	2
869	1.745	2.078	2.039	1.922	2
870	1.784	2.02	1.98	2.039	2
871	1.765	2.0	1.941	1.922	2
872	1.706	2.02	1.882	1.961	2
873	1.824	2.039	1.843	2.02	2
874	1.863	2.039	1.882	1.922	2
875	1.824	2.0	2.0	1.882	2
876	1.863	2.0	2.118	1.922	2
877	1.902	2.0	2.039	1.961	2
878	1.961	2.0	1.922	1.902	2
879	1.902	1.98	1.824	1.941	2
880	1.961	2.039	1.843	2.039	2
881	1.961	2.098	1.902	2.0	2
882	1.882	2.039	1.922	2.0	2
883	1.784	1.922	1.961	2.078	2
884	1.824	1.941	1.98	1.961	2
885	1.667	1.98	1.922	1.961	2
886	1.667	2.039	1.843	2.02	2
887	1.667	2.0	1.804	2.02	2
888	1.667	1.961	1.843	1.941	2
889	1.667	1.941	1.902	1.961	2
890	1.706	1.882	1.922	1.961	2
891	1.784	1.922	1.922	1.98	2
892	1.804	1.863	1.882	1.922	2
893	1.804	1.804	1.863	1.863	2
894	1.784	1.863	1.863	1.882	2
895	1.863	1.98	1.882	1.882	2
896	1.843	1.941	1.824	1.902	2
897	1.843	1.882	1.765	1.941	2
898	1.843	1.824	1.804	1.922	2
899	1.765	1.863	1.922	1.98	2
900	1.784	1.98	1.98	2.059	2
901	1.843	1.98	1.98	1.941	2
902	1.686	1.902	1.98	1.863	2
903	1.667	1.98	1.941	1.941	2
904	1.745	2.039	1.882	2.059	2
905	1.824	2.039	1.824	2.039	2
906	1.804	2.02	1.784	2.039	2
907	1.902	2.059	1.745	2.059	2
908	1.863	2.0	1.706	1.98	2
909	1.863	1.961	1.824	1.941	2
910	2.039	2.118	2.137	1.941	2
911	2.078	2.118	2.333	1.961	2
912	2.098	2.098	2.176	1.961	2
913	2.0	2.02	1.843	2.0	2
914	1.922	1.961	1.569	2.118	2
915	2.02	2.0	1.608	2.059	2
916	1.941	1.941	1.863	1.98	2
917	1.882	1.922	2.078	2.059	2
918	1.843	1.961	2.137	1.961	2
919	1.745	2.039	2.059	1.941	2
920	1.706	2.078	1.961	2.059	2
921	1.824	2.098	1.922	2.078	2
922	1.784	2.039	1.922	1.941	2
923	1.686	1.98	1.922	1.961	2
924	1.804	2.059	1.961	2.0	2
925	1.961	2.137	2.098	2.02	2
926	2.039	2.235	2.176	1.98	2
927	2.118	2.235	2.216	1.922	2
928	2.059	2.176	2.118	1.882	2
929	2.059	2.176	2.02	1.843	2
930	2.118	2.235	1.98	1.922	2
931	2.216	2.314	2.039	2.059	2
932	2.275	2.314	2.118	2.039	2
933	2.137	2.294	2.137	2.0	2
934	2.078	2.294	2.137	2.02	2
935	2.118	2.333	2.137	1.941	2
936	1.922	2.216	2.137	1.922	2
937	1.863	2.176	2.059	2.02	2
938	1.882	2.196	1.98	2.02	2
939	1.863	2.196	1.941	1.922	2
940	1.804	2.216	1.961	1.941	2
941	1.902	2.157	2.02	1.941	2
942	1.882	2.039	1.961	1.961	2
943	1.882	2.02	1.922	1.902	2
944	1.961	2.059	1.882	1.863	2
945	1.922	2.059	1.922	1.902	2
946	1.941	2.0	1.922	1.882	2
947	1.863	1.941	1.824	1.882	2
948	1.902	1.941	1.765	1.961	2
949	1.922	1.961	1.784	1.922	2
950	1.824	1.941	1.902	1.863	2
951	1.745	1.98	2.0	1.961	2
952	1.843	2.078	1.922	1.961	2
953	1.765	2.0	1.824	1.961	2
954	1.686	1.941	1.804	1.98	2
955	1.647	1.863	1.863	2.02	2
956	1.686	1.922	1.922	1.961	2
957	1.706	1.961	1.922	1.902	2
958	1.745	1.961	1.882	1.902	2
959	1.725	1.922	1.863	1.863	2
960	1.784	1.902	1.902	1.941	2
961	1.882	1.922	1.98	1.961	2
962	1.882	1.961	2.02	1.941	2
963	1.902	1.941	1.961	1.863	2
964	1.843	1.902	1.882	1.882	2
965	1.902	1.941	1.863	1.98	2
966	1.922	1.922	1.922	1.98	2
967	1.843	1.941	2.0	2.02	2
968	1.804	2.02	2.02	2.118	2
969	1.824	2.02	2.02	2.0	2
970	1.667	1.922	1.941	1.902	2
971	1.588	1.882	1.863	1.941	2
972	1.647	1.941	1.882	2.0	2
973	1.745	2.02	1.961	1.941	2
974	1.667	1.922	2.0	1.961	2
975	1.725	1.922	1.941	1.922	2
976	1.804	2.02	1.843	2.0	2
977	1.902	2.059	1.804	1.961	2
978	1.922	1.98	1.863	1.98	2
979	1.961	1.98	1.941	1.961	2
980	1.98	2.039	2.02	1.804	2
981	1.922	2.059	2.02	1.843	2
982	1.922	2.02	1.941	2.039	2
983	2.039	2.02	1.882	1.98	2
984	1.902	2.0	1.843	1.922	2
985	1.843	2.098	1.863	2.039	2
986	1.961	2.176	1.961	1.961	2
987	1.804	2.02	2.059	1.941	2
988	1.765	2.0	2.059	2.02	2
989	1.902	2.137	2.039	2.02	2
990	1.961	2.196	2.078	1.961	2
991	1.882	2.157	2.078	1.922	2
992	1.882	2.078	2.059	1.98	2
993	1.961	2.137	2.0	1.941	2
994	2.059	2.216	1.98	1.941	2
995	2.098	2.157	2.0	1.961	2
996	2.078	2.118	2.039	1.941	2
997	2.137	2.098	2.078	1.902	2
998	2.118	2.098	2.078	1.922	2
999	2.157	2.157	2.059	2.078	2
1000	2.157	2.157	2.059	2.02	2
1001	2.039	2.059	2.02	1.961	2
1002	1.922	2.039	1.902	2.02	2
1003	1.941	2.118	1.824	2.0	2
1004	1.843	2.059	1.902	1.902	2
1005	1.804	2.059	2.078	2.0	2
1006	1.765	2.02	2.118	2.059	2
1007	1.745	2.0	1.941	1.98	2
1008	1.706	2.0	1.745	1.941	2
1009	1.706	2.0	1.686	1.922	2
1010	1.784	2.0	1.804	1.922	2
1011	1.863	1.98	1.922	1.98	2
1012	1.824	1.941	1.922	1.961	2
1013	1.882	2.0	1.902	2.0	2
1014	1.961	2.078	1.902	1.882	2
1015	1.941	2.098	1.961	1.824	2
1016	1.98	2.098	2.0	1.922	2
1017	1.941	2.059	2.0	1.941	2
1018	1.863	2.098	2.0	1.961	2
1019	1.863	2.137	2.02	2.039	2
1020	1.882	2.196	2.0	2.02	2
1021	1.843	2.176	1.961	1.961	2
1022	1.843	2.157	1.922	2.0	2
1023	1.784	2.078	1.922	2.039	2
1024	1.804	2.039	2.0	2.039	2
1025	1.843	2.196	2.078	2.02	2
1026	1.882	2.196	2.118	1.902	2
1027	1.863	2.118	2.039	1.961	2
1028	1.863	2.098	1.922	1.941	2
1029	1.961	2.078	1.843	1.961	2
1030	1.961	2.039	1.824	1.922	2
1031	1.961	2.0	1.941	1.922	2
1032	2.0	2.078	2.098	1.941	2
1033	2.039	2.118	2.157	2.059	2
1034	2.02	2.098	2.098	1.98	2
1035	1.902	2.039	1.941	1.941	2
1036	1.804	1.922	1.824	2.0	2
1037	1.804	2.0	1.745	2.0	2
1038	1.725	1.922	1.804	1.902	2
1039	1.686	1.961	1.961	1.98	2
1040	1.745	2.02	2.118	2.0	2
1041	1.784	2.0	2.176	1.922	2
1042	1.745	2.039	2.098	1.941	2
1043	1.863	2.078	1.941	1.922	2
1044	1.843	2.0	1.824	1.882	2
1045	1.843	2.02	1.843	1.863	2
1046	1.922	2.059	1.941	1.882	2
1047	1.863	1.941	2.02	1.882	2
1048	1.941	1.941	1.98	1.902	2
1049	1.941	1.902	1.941	1.843	2
1050	1.902	1.902	1.922	1.941	2
1051	1.922	1.941	1.98	1.98	2
1052	1.863	1.98	2.0	2.0	2
1053	1.824	1.98	1.941	2.059	2
1054	1.882	2.039	1.941	2.0	2
1055	1.667	1.863	1.843	1.843	2
1056	1.569	1.824	1.843	1.922	2
1057	1.667	1.863	1.882	2.039	2
1058	1.706	1.902	1.863	2.0	2
1059	1.725	1.98	1.863	2.0	2
1060	1.824	2.0	1.843	1.941	2
1061	1.843	2.0	1.882	1.941	2
1062	1.863	2.02	1.922	1.902	2
1063	1.902	2.039	1.961	1.922	2
1064	1.98	2.02	1.941	1.922	2
1065	2.0	2.0	1.902	1.882	2
1066	1.961	1.961	1.882	1.843	2
1067	2.02	2.039	1.863	2.02	2
1068	2.098	2.157	1.902	1.98	2
1069	2.059	2.157	1.941	1.941	2
1070	1.941	2.137	1.941	2.02	2
1071	1.941	2.098	1.941	2.02	2
1072	1.882	2.078	2.02	1.902	2
1073	1.882	2.098	2.059	1.961	2
1074	1.902	2.176	2.078	2.078	2
1075	1.882	2.118	2.059	2.0	2
1076	1.804	2.098	2.02	1.98	2
1077	1.882	2.137	1.941	1.961	2
1078	1.98	2.196	1.961	1.922	2
1079	1.961	2.176	2.039	1.922	2
1080	2.059	2.157	2.078	2.02	2
1081	2.078	2.137	2.02	1.941	2
1082	2.039	2.039	1.98	1.843	2
1083	1.98	2.078	1.98	1.843	2
1084	2.098	2.098	2.0	2.039	2
1085	2.098	2.02	1.98	2.02	2
1086	1.98	2.039	1.98	1.961	2
1087	1.902	2.098	2.0	2.059	2
1088	1.882	2.137	2.039	2.0	2
1089	1.765	2.039	2.0	1.882	2
1090	1.765	2.059	1.941	1.961	2
1091	1.784	2.059	1.922	1.961	2
1092	1.784	2.039	1.922	1.941	2
1093	1.745	1.98	1.902	2.0	2
1094	1.725	1.882	1.863	2.02	2
1095	1.804	1.922	1.863	2.039	2
1096	1.941	2.078	1.902	1.961	2
1097	1.882	2.02	1.922	1.941	2
1098	1.843	1.941	1.922	1.922	2
1099	1.941	1.941	1.902	1.941	2
1100	1.98	1.98	1.902	1.922	2
1101	2.0	2.0	1.882	2.02	2
1102	1.941	1.961	1.863	1.961	2
1103	1.824	1.922	1.824	1.98	2
1104	1.784	1.98	1.824	2.118	2
1105	1.902	2.039	1.902	2.059	2
1106	1.804	2.0	2.059	1.961	2
1107	1.686	1.961	2.039	2.0	2
1108	1.706	2.02	1.902	2.0	2
1109	1.725	2.0	1.784	1.98	2
1110	1.686	1.922	1.706	1.98	2
1111	1.686	1.902	1.725	1.922	2
1112	1.745	1.882	1.824	1.922	2
1113	1.843	1.961	1.922	1.941	2
1114	1.941	2.039	2.059	1.922	2
1115	1.98	2.039	2.118	1.941	2
1116	2.0	2.098	2.039	1.941	2
1117	1.98	2.098	1.961	1.882	2
1118	1.941	2.0	1.882	1.882	2
1119	1.98	1.98	1.843	1.882	2
1120	1.941	2.039	1.882	1.902	2
1121	1.922	2.118	2.0	2.039	2
1122	2.0	2.118	2.118	2.078	2
1123	1.882	2.039	2.118	1.961	2
1124	1.804	2.039	2.02	1.941	2
1125	1.784	2.078	1.961	1.98	2
1126	1.843	2.157	1.941	1.98	2
1127	1.843	2.137	1.961	1.922	2
1128	1.824	2.078	2.0	1.922	2
1129	1.882	2.118	2.0	1.941	2
1130	1.961	2.157	1.922	1.941	2
1131	2.0	2.098	1.902	1.941	2
1132	1.941	2.0	1.902	1.863	2
1133	1.98	2.059	2.0	1.882	2
1134	2.0	2.118	2.078	1.902	2
1135	2.02	2.118	2.118	1.98	2
1136	2.0	2.039	1.98	1.941	2
1137	1.843	1.98	1.824	1.941	2
1138	1.824	1.98	1.706	2.039	2
1139	1.902	2.078	1.765	2.059	2
1140	1.843	2.098	1.941	1.863	2
1141	1.686	2.0	2.078	1.863	2
1142	1.667	1.98	2.157	2.02	2
1143	1.745	2.039	2.118	2.0	2
1144	1.745	2.078	2.02	1.941	2
1145	1.784	2.078	1.902	1.98	2
1146	1.863	2.059	1.843	1.922	2
1147	1.824	2.0	1.863	1.902	2
1148	1.843	2.02	1.961	1.922	2
1149	1.882	2.0	2.02	1.922	2
1150	1.961	1.98	2.0	1.902	2
1151	1.922	1.98	1.98	1.882	2
1152	1.863	2.0	1.922	1.98	2
1153	1.843	2.0	1.882	1.98	2
1154	1.745	1.922	1.863	1.961	2
1155	1.765	1.941	1.922	2.039	2
1156	1.882	2.039	1.961	2.059	2
1157	1.843	2.078	2.0	1.961	2
1158	1.745	2.02	1.98	2.0	2
1159	1.686	1.961	1.902	2.039	2
1160	1.667	1.961	1.882	1.98	2
1161	1.765	2.098	1.922	1.98	2
1162	1.824	2.098	2.0	2.0	2
1163	1.882	2.078	2.039	1.98	2
1164	1.941	2.078	1.98	1.961	2
1165	2.078	2.157	1.961	2.0	2
1166	2.078	2.137	1.98	1.922	2
1167	2.02	2.059	1.98	1.902	2
1168	2.02	2.059	1.941	1.922	2
1169	2.02	2.078	1.902	2.059	2
1170	2.118	2.118	1.922	2.0	2
1171	2.059	2.157	2.039	1.922	2
1172	1.922	2.137	2.039	2.039	2
1173	1.961	2.176	2.059	2.098	2
1174	1.843	2.098	2.02	1.882	2
1175	1.706	1.98	1.98	1.961	2
1176	1.725	1.98	1.902	2.078	2
1177	1.784	2.0	1.863	1.961	2
1178	1.667	1.98	1.843	1.863	2
1179	1.725	1.98	1.902	1.922	2
1180	1.784	2.02	1.922	1.961	2
1181	1.941	2.098	1.941	2.0	2
1182	1.902	2.02	1.961	2.0	2
1183	1.882	1.961	1.961	1.882	2
1184	1.941	1.98	1.961	1.863	2
1185	1.961	2.039	1.98	1.902	2
1186	2.0	2.059	1.98	1.98	2
1187	2.0	2.02	1.98	1.98	2
1188	1.922	2.0	1.961	2.02	2
1189	1.863	2.039	1.922	2.039	2
1190	1.922	2.039	1.902	2.059	2
1191	1.882	2.02	1.941	1.922	2
1192	1.745	2.02	2.0	1.922	2
1193	1.706	2.078	1.98	2.039	2
1194	1.706	2.0	1.882	1.98	2
1195	1.706	1.961	1.784	1.98	2
1196	1.824	2.039	1.784	1.98	2
1197	1.922	2.078	1.922	1.941	2
1198	1.863	1.98	2.039	1.863	2
1199	1.902	2.078	2.118	1.941	2
1200	1.961	2.039	2.039	1.902	2
1201	2.0	2.059	1.902	1.902	2
1202	2.039	2.118	1.824	1.863	2
1203	2.039	2.157	1.863	1.961	2
1204	2.02	2.059	2.0	1.902	2
1205	1.922	2.0	2.118	1.941	2
1206	1.922	2.02	2.137	2.02	2
1207	1.961	2.176	2.118	2.039	2
1208	1.843	2.118	2.0	1.902	2
1209	1.745	2.059	1.922	1.922	2
1210	1.804	2.118	1.922	1.961	2
1211	1.824	2.137	2.0	1.902	2
1212	1.784	2.118	2.078	1.882	2
1213	1.784	2.098	2.118	1.941	2
1214	1.784	2.02	2.059	2.0	2
1215	1.843	2.039	1.961	1.922	2
1216	1.863	2.039	1.922	1.961	2
1217	1.961	2.059	1.922	1.941	2
1218	1.961	2.0	1.961	1.902	2
1219	1.902	1.961	1.941	1.843	2
1220	1.922	2.059	1.941	1.98	2
1221	2.059	2.098	1.98	2.0	2
1222	1.922	2.039	1.98	1.941	2
1223	1.843	2.02	1.98	2.078	2
1224	1.922	2.118	1.961	2.098	2
1225	1.882	2.078	1.98	1.922	2
1226	1.784	2.02	2.0	1.941	2
1227	1.765	2.02	2.0	2.039	2
1228	1.804	2.039	1.922	2.059	2
1229	1.824	2.059	1.882	1.941	2
1230	1.882	2.039	1.902	1.961	2
1231	1.922	2.078	1.98	1.941	2
1232	1.941	2.098	2.039	1.882	2
1233	1.941	2.098	2.0	1.941	2
1234	2.039	2.118	1.941	1.902	2
1235	2.059	2.078	1.902	1.863	2
1236	1.961	2.0	1.863	1.804	2
1237	1.922	1.902	1.843	1.961	2
1238	2.0	1.941	1.882	1.98	2
1239	1.98	2.039	2.0	1.922	2
1240	1.902	2.039	2.02	2.02	2
1241	1.902	2.0	1.941	2.059	2
1242	1.784	1.902	1.804	1.961	2
1243	1.706	1.922	1.725	1.922	2
1244	1.667	1.902	1.706	1.941	2
1245	1.627	1.882	1.804	1.922	2
1246	1.608	1.922	1.941	1.902	2
1247	1.706	1.941	1.961	1.98	2
1248	1.745	1.882	1.902	1.98	2
1249	1.863	1.922	1.824	1.941	2
1250	1.882	1.961	1.784	2.02	2
1251	1.961	1.922	1.824	1.961	2
1252	1.922	1.941	1.941	1.863	2
1253	1.902	1.98	2.059	1.843	2
1254	1.941	2.039	2.098	1.941	2
1255	1.961	2.0	2.039	2.0	2
1256	1.941	2.039	1.941	2.0	2
1257	1.961	2.059	1.863	2.039	2
1258	2.02	2.157	1.941	2.118	2
1259	1.941	2.157	2.039	1.902	2
1260	1.784	2.059	2.059	1.902	2
1261	1.765	2.039	2.039	2.0	2
1262	1.843	2.078	2.0	1.98	2
1263	1.804	2.118	2.02	1.922	2
1264	1.863	2.137	2.039	1.941	2
1265	1.961	2.196	2.078	1.941	2
1266	1.961	2.196	2.098	1.902	2
1267	2.02	2.216	2.098	1.961	2
1268	2.039	2.137	2.039	1.902	2
1269	2.02	2.078	2.0	1.882	2
1270	2.039	2.098	1.98	1.843	2
1271	2.0	2.078	1.961	1.941	2
1272	2.0	2.039	1.961	1.902	2
1273	1.902	2.059	2.0	1.902	2
1274	1.863	2.078	2.0	2.039	2
1275	1.98	2.176	2.039	2.098	2
1276	1.98	2.196	2.078	1.902	2
1277	1.784	2.078	2.039	1.961	2
1278	1.784	2.039	1.961	2.02	2
1279	1.784	2.039	1.863	1.941	2
1280	1.745	2.039	1.902	1.882	2
1281	1.784	2.078	2.0	2.0	2
1282	1.941	2.157	2.078	2.0	2
1283	1.98	2.098	2.059	1.961	2
1284	1.961	2.078	2.0	2.02	2
1285	2.0	2.039	1.902	1.941	2
1286	2.02	2.059	1.902	1.922	2
1287	2.0	2.039	1.961	1.882	2
1288	1.98	2.02	2.0	2.0	2
1289	2.078	2.078	2.039	2.02	2
1290	2.039	2.078	2.039	2.0	2
1291	1.902	2.078	1.98	2.02	2
1292	1.902	2.078	2.0	2.078	2
1293	1.843	2.02	1.941	1.961	2
1294	1.706	1.902	1.902	1.941	2
1295	1.706	1.922	1.882	2.039	2
1296	1.745	2.0	1.902	2.0	2
1297	1.706	1.961	1.922	1.941	2
1298	1.725	1.961	1.961	1.98	2
1299	1.784	1.98	1.961	1.941	2
1300	1.784	1.922	1.882	1.922	2
1301	1.765	1.843	1.824	1.961	2
1302	1.843	1.882	1.784	1.902	2
1303	1.882	1.922	1.843	1.882	2
1304	1.922	1.922	1.922	1.882	2
1305	1.902	1.922	1.941	1.961	2
1306	1.922	1.922	1.941	2.0	2
1307	1.863	1.961	1.941	1.98	2
1308	1.765	1.961	1.863	2.078	2
1309	1.902	2.059	1.843	2.137	2
1310	1.882	2.039	1.882	1.902	2
1311	1.686	1.961	1.941	1.922	2
1312	1.706	1.98	2.02	1.98	2
1313	1.784	2.02	2.02	1.98	2
1314	1.706	2.0	1.922	1.961	2
1315	1.765	2.039	1.843	1.98	2
1316	1.804	2.02	1.863	1.98	2
1317	1.882	2.118	2.02	1.941	2
1318	2.059	2.235	2.176	1.961	2
1319	2.0	2.118	2.157	1.863	2
1320	1.922	2.0	2.02	1.922	2
1321	1.961	2.0	1.843	1.843	2
1322	1.961	2.02	1.804	1.941	2
1323	1.98	2.039	1.863	1.961	2
1324	1.98	2.098	1.961	2.0	2
1325	1.961	2.098	1.98	2.039	2
1326	1.922	2.039	2.0	1.98	2
1327	1.824	2.039	2.0	1.804	2
1328	1.784	2.118	2.098	1.863	2
1329	1.804	2.098	2.137	1.941	2
1330	1.765	2.02	2.0	2.02	2
1331	1.824	2.078	1.863	2.0	2
1332	1.902	2.118	1.824	1.961	2
1333	1.902	2.098	1.863	1.882	2
1334	1.922	2.078	1.922	1.882	2
1335	1.98	2.078	2.0	1.941	2
1336	2.039	2.078	2.039	1.863	2
1337	2.059	2.118	2.039	1.882	2
1338	2.059	2.118	2.02	1.882	2
1339	2.039	2.098	1.961	1.941	2
1340	2.059	2.098	1.961	1.922	2
1341	2.02	2.059	1.961	1.922	2
1342	1.902	2.02	1.941	2.039	2
1343	1.941	2.157	2.0	2.059	2
1344	1.902	2.118	1.98	1.882	2
1345	1.745	2.02	1.941	1.902	2
1346	1.745	2.059	1.941	2.0	2
1347	1.765	2.039	1.922	1.98	2
1348	1.725	2.0	1.882	1.961	2
1349	1.784	2.02	1.882	1.922	2
1350	1.843	2.0	1.922	1.922	2
1351	1.863	2.078	1.961	1.882	2
1352	1.843	2.0	1.961	1.922	2
1353	1.863	1.941	1.902	1.902	2
1354	1.941	2.039	1.863	1.941	2
1355	1.98	2.078	1.902	1.902	2
1356	1.941	2.039	1.941	1.961	2
1357	1.98	2.02	1.961	1.98	2
1358	1.922	2.02	1.98	2.0	2
1359	1.882	2.02	1.961	2.059	2
1360	1.922	2.098	1.922	2.078	2
1361	1.902	2.098	1.961	1.922	2
1362	1.706	2.0	1.922	1.922	2
1363	1.667	2.02	1.922	2.02	2
1364	1.745	2.039	1.922	2.039	2
1365	1.725	2.02	1.941	2.0	2
1366	1.745	1.98	1.941	2.039	2
1367	1.824	2.078	1.922	2.02	2
1368	1.882	2.118	1.941	2.02	2
1369	1.922	2.059	1.941	2.02	2
1370	1.882	1.922	1.902	1.922	2
1371	1.882	1.922	1.843	2.0	2
1372	1.98	1.98	1.804	1.941	2
1373	1.941	1.98	1.843	2.0	2
1374	1.922	2.0	1.882	2.02	2
1375	1.863	1.98	1.941	2.039	2
1376	1.824	2.02	1.941	2.098	2
1377	1.863	2.02	1.882	2.157	2
1378	1.863	2.0	1.863	1.961	2
1379	1.706	1.98	1.843	1.98	2
1380	1.686	1.98	1.882	2.059	2
1381	1.725	2.0	1.922	2.059	2
1382	1.784	2.039	1.961	1.98	2
1383	1.804	2.098	1.941	2.0	2
1384	1.843	2.039	1.941	1.98	2
1385	1.843	2.039	1.922	2.0	2
1386	1.961	2.098	1.98	1.98	2
1387	2.02	2.059	2.0	1.863	2
1388	1.98	2.078	2.0	1.882	2
1389	2.0	2.078	1.922	1.863	2
1390	2.0	2.098	1.824	1.961	2
1391	2.02	2.02	1.804	1.941	2
1392	1.961	2.098	1.922	1.98	2
1393	1.961	2.157	2.176	2.059	2
1394	2.039	2.235	2.275	2.078	2
1395	1.941	2.118	2.118	1.863	2
1396	1.745	2.02	1.882	1.882	2
1397	1.745	2.098	1.725	1.961	2
1398	1.804	2.098	1.706	1.98	2
1399	1.804	2.118	1.804	1.98	2
1400	1.843	2.137	1.941	1.98	2
1401	1.922	2.118	2.118	1.941	2
1402	1.922	2.059	2.196	1.843	2
1403	1.922	2.039	2.157	1.882	2
1404	1.98	2.059	1.941	1.863	2
1405	1.98	2.098	1.804	1.902	2
1406	2.039	2.118	1.804	1.922	2
1407	2.02	2.098	1.902	2.0	2
1408	2.039	2.098	1.98	2.02	2
1409	2.02	2.078	2.039	1.941	2
1410	1.902	2.059	2.039	1.941	2
1411	1.961	2.176	2.098	2.02	2
1412	1.961	2.157	2.137	1.882	2
1413	1.745	2.02	2.02	1.941	2
1414	1.765	2.078	1.922	2.02	2
1415	1.843	2.098	1.863	2.0	2
1416	1.804	2.098	1.882	1.961	2
1417	1.804	2.078	1.922	1.941	2
1418	1.863	2.059	1.961	1.902	2
1419	1.941	2.059	2.059	1.902	2
1420	1.961	2.078	2.039	1.961	2
1421	2.0	2.098	2.02	1.882	2
1422	1.98	2.059	1.961	1.902	2
1423	1.98	2.039	1.922	1.863	2
1424	2.0	2.059	1.922	1.922	2
1425	2.02	2.059	1.941	1.863	2
1426	1.863	2.0	1.941	1.882	2
1427	1.824	2.02	1.941	1.961	2
1428	1.902	2.098	1.98	2.098	2
1429	1.941	2.078	1.98	1.941	2
1430	1.667	1.922	1.922	1.941	2
1431	1.667	1.922	1.843	2.0	2
1432	1.706	1.961	1.804	1.941	2
1433	1.686	1.98	1.843	1.902	2
1434	1.686	1.98	1.902	1.98	2
1435	1.804	1.98	1.961	1.941	2
1436	1.843	2.02	1.961	1.98	2
1437	1.902	2.059	1.941	2.0	2
1438	1.98	2.0	1.941	1.941	2
1439	1.922	1.961	1.882	1.961	2
1440	1.98	1.961	1.863	1.922	2
1441	1.98	1.98	1.882	2.0	2
1442	2.059	2.039	1.941	2.02	2
1443	1.98	2.078	2.039	2.039	2
1444	1.922	2.039	2.059	2.039	2
1445	1.961	2.098	2.098	2.039	2
1446	1.941	2.078	2.02	1.863	2
1447	1.765	2.0	1.98	1.941	2
1448	1.765	2.039	1.941	2.02	2
1449	1.824	2.059	1.961	2.02	2
1450	1.843	2.078	1.98	2.039	2
1451	1.882	2.118	2.0	2.02	2
1452	1.902	2.078	2.02	1.882	2
1453	1.902	2.059	2.02	1.863	2
1454	1.882	2.039	2.0	1.941	2
1455	1.98	2.02	1.941	1.902	2
1456	1.98	1.98	1.941	1.922	2
1457	1.98	2.0	1.941	1.882	2
1458	1.941	2.02	1.98	1.961	2
1459	1.922	2.02	1.941	1.98	2
1460	1.882	2.02	1.902	1.941	2
1461	1.843	1.98	1.922	1.98	2
1462	1.882	2.02	1.922	2.059	2
1463	1.843	2.0	1.902	1.882	2
1464	1.647	1.922	1.863	1.882	2
1465	1.647	1.941	1.843	1.98	2
1466	1.706	1.961	1.882	2.0	2
1467	1.667	1.922	1.941	1.941	2
1468	1.627	1.922	1.98	1.941	2
1469	1.725	1.961	1.961	1.902	2
1470	1.843	2.059	1.902	1.863	2
1471	1.863	2.02	1.882	1.902	2
1472	1.922	1.961	1.902	1.863	2
1473	1.922	2.02	1.902	1.961	2
1474	1.98	2.059	1.902	1.882	2
1475	1.961	2.02	1.941	1.863	2
1476	2.0	2.098	2.02	2.02	2
1477	2.039	2.137	2.098	1.98	2
1478	1.941	2.059	2.059	1.98	2
1479	1.961	2.098	2.039	2.039	2
1480	1.961	2.137	2.039	1.863	2
1481	1.745	2.039	1.941	1.941	2
1482	1.804	2.098	1.843	2.039	2
1483	1.863	2.118	1.784	2.0	2
1484	1.804	2.078	1.784	1.922	2
1485	1.824	2.157	1.98	2.0	2
1486	1.902	2.118	2.176	1.98	2
1487	1.902	2.078	2.216	1.902	2
1488	1.922	2.059	2.059	1.922	2
1489	2.02	2.078	1.941	1.882	2
1490	2.0	2.078	1.882	1.902	2
1491	1.941	2.02	1.843	1.863	2
1492	1.961	2.039	1.863	1.941	2
1493	2.098	2.118	1.941	2.0	2
1494	1.941	2.059	1.98	1.941	2
1495	1.824	2.039	2.059	1.941	2
1496	1.941	2.118	2.157	2.098	2
1497	1.961	2.118	2.176	1.882	2
1498	1.784	2.02	2.078	1.882	2
1499	1.745	2.078	1.98	2.0	2
1500	1.765	2.059	1.941	2.02	2
1501	1.804	2.059	1.961	1.941	2
1502	1.804	2.078	2.02	1.961	2
1503	1.882	2.078	2.02	1.98	2
1504	1.941	2.118	2.078	1.961	2
1505	1.961	2.098	2.039	2.02	2
1506	2.0	2.059	2.02	1.922	2
1507	1.98	2.078	2.02	1.941	2
1508	2.0	2.078	2.0	1.922	2
1509	1.961	2.0	1.961	1.98	2
1510	2.0	2.0	1.902	2.039	2
1511	2.02	2.039	1.902	1.98	2
1512	1.941	2.039	1.961	1.98	2
1513	1.902	2.039	2.0	2.098	2
1514	1.882	2.0	1.98	1.961	2
1515	1.706	1.902	1.882	1.961	2
1516	1.686	1.961	1.784	2.02	2
1517	1.725	2.0	1.784	2.039	2
1518	1.745	2.02	1.863	1.98	2
1519	1.765	1.98	1.941	1.98	2
1520	1.784	1.941	1.961	1.941	2
1521	1.804	1.902	1.922	1.882	2
1522	1.804	1.961	1.863	1.961	2
1523	1.922	1.941	1.824	1.902	2
1524	1.922	1.922	1.824	1.941	2
1525	1.961	1.961	1.863	1.882	2
1526	1.961	1.98	1.902	1.941	2
1527	1.98	2.0	1.961	1.98	2
1528	1.902	2.0	1.961	1.902	2
1529	1.804	1.961	1.922	1.922	2
1530	1.863	2.039	1.941	2.02	2
1531	1.863	2.059	1.961	1.922	2
1532	1.725	1.98	1.961	1.922	2
1533	1.686	1.961	1.902	2.0	2
1534	1.706	1.941	1.882	2.0	2
1535	1.725	2.02	1.863	1.961	2
1536	1.765	2.078	1.882	1.941	2
1537	1.824	2.059	1.941	1.902	2
1538	1.824	2.02	1.941	1.941	2
1539	1.922	2.02	1.902	1.98	2
1540	1.941	1.98	1.922	1.882	2
1541	1.941	1.98	1.98	1.882	2
1542	1.98	2.0	2.0	1.863	2
1543	1.98	2.039	2.0	1.902	2
1544	2.039	2.059	1.961	1.98	2
1545	2.0	2.098	1.922	1.961	2
1546	1.922	2.078	1.922	2.0	2
1547	1.961	2.137	1.961	2.078	2
1548	1.98	2.137	2.039	1.863	2
1549	1.824	2.078	2.078	1.922	2
1550	1.824	2.098	2.078	2.02	2
1551	1.863	2.118	2.059	2.0	2
1552	1.863	2.157	2.02	1.961	2
1553	1.941	2.196	2.02	1.98	2
1554	1.961	2.176	2.02	1.922	2
1555	1.941	2.137	2.039	1.902	2
1556	1.98	2.157	2.02	1.961	2
1557	2.059	2.118	1.941	1.902	2
1558	2.039	2.098	1.941	1.941	2
1559	2.098	2.157	1.98	1.961	2
1560	2.078	2.118	2.059	1.961	2
1561	2.059	2.098	2.098	2.02	2
1562	2.039	2.157	2.059	2.02	2
1563	1.98	2.098	1.98	2.02	2
1564	1.882	2.078	1.902	2.059	2
1565	1.902	2.078	1.863	1.922	2
1566	1.725	1.98	1.882	1.902	2
1567	1.686	2.0	1.902	1.98	2
1568	1.706	2.0	1.941	2.0	2
1569	1.725	2.039	1.98	1.941	2
1570	1.706	2.02	1.98	1.961	2
1571	1.765	1.98	1.961	1.941	2
1572	1.784	1.961	1.902	1.941	2
1573	1.824	1.98	1.882	1.98	2
1574	1.922	2.0	1.843	1.941	2
1575	1.941	2.02	1.863	1.902	2
1576	1.922	2.0	1.941	1.863	2
1577	1.902	2.0	2.0	1.922	2
1578	1.941	1.961	2.0	2.0	2
1579	1.882	1.941	1.922	1.922	2
1580	1.784	1.902	1.863	1.922	2
1581	1.843	2.0	1.863	2.078	2
1582	1.882	2.059	1.902	2.0	2
1583	1.667	1.941	1.882	1.98	2
1584	1.647	1.941	1.922	2.02	2
1585	1.725	1.961	2.02	2.039	2
1586	1.745	1.941	2.0	1.98	2
1587	1.667	1.941	1.922	2.0	2
1588	1.706	1.922	1.824	2.0	2
1589	1.784	1.941	1.765	1.941	2
1590	1.824	1.961	1.824	1.98	2
1591	1.882	1.941	1.863	1.941	2
1592	1.843	1.902	1.902	1.922	2
1593	1.863	1.902	1.902	1.882	2
1594	1.882	1.941	1.902	1.941	2
1595	2.02	1.98	1.922	2.02	2
1596	1.98	2.039	1.961	2.02	2
1597	1.961	2.078	2.0	2.039	2
1598	1.961	2.137	2.0	2.098	2
1599	1.922	2.098	1.961	1.902	2
1600	1.725	2.0	1.941	1.882	2
1601	1.765	2.02	1.941	2.0	2
1602	1.824	2.059	1.922	2.039	2
1603	1.902	2.157	1.941	1.941	2
1604	1.863	2.098	1.98	1.922	2
1605	1.902	2.118	2.0	1.922	2
1606	1.922	2.078	2.059	1.902	2
1607	1.941	2.0	2.078	1.941	2
1608	2.0	2.059	2.02	1.922	2
1609	2.059	2.176	1.98	1.902	2
1610	2.039	2.157	1.961	1.863	2
1611	2.0	2.059	1.98	1.922	2
1612	2.059	2.059	2.0	1.961	2
1613	2.039	2.118	2.0	1.922	2
1614	1.941	2.098	2.02	1.922	2
1615	1.902	2.078	2.039	2.02	2
1616	1.961	2.098	2.02	1.98	2
1617	1.824	2.02	1.98	1.922	2
1618	1.784	2.059	1.922	1.98	2
1619	1.804	2.118	1.922	2.02	2
1620	1.843	2.118	1.961	1.941	2
1621	1.863	2.137	2.0	1.961	2
1622	1.941	2.118	2.02	1.941	2
1623	1.961	2.098	2.078	1.902	2
1624	2.0	2.157	2.098	1.98	2
1625	2.059	2.118	2.02	1.961	2
1626	2.039	2.137	1.961	1.922	2
1627	2.039	2.098	1.922	1.863	2
1628	1.961	2.059	1.922	1.902	2
1629	2.039	2.078	1.98	1.98	2
1630	1.98	2.059	1.98	1.98	2
1631	1.882	2.0	1.98	1.98	2
1632	1.922	2.039	2.0	2.059	2
1633	1.922	2.157	2.0	1.922	2
1634	1.686	1.98	1.941	1.902	2
1635	1.588	1.941	1.843	2.02	2
1636	1.706	1.98	1.824	1.98	2
1637	1.686	2.0	1.863	1.902	2
1638	1.686	2.0	1.922	1.98	2
1639	1.725	1.961	1.922	2.0	2
1640	1.824	1.98	1.922	1.98	2
1641	1.843	1.98	1.882	1.922	2
1642	1.902	2.0	1.902	1.902	2
1643	1.922	2.02	1.941	1.922	2
1644	1.941	2.02	1.961	1.882	2
1645	1.882	2.0	1.941	1.902	2
1646	1.961	2.02	1.922	2.0	2
1647	1.98	2.059	1.922	1.961	2
1648	1.941	2.078	1.941	1.98	2
1649	1.961	2.137	1.961	2.059	2
1650	1.98	2.176	1.961	1.961	2
1651	1.745	2.039	1.941	1.922	2
1652	1.725	2.02	1.941	1.961	2
1653	1.765	2.039	1.961	2.0	2
1654	1.725	2.039	2.0	1.941	2
1655	1.706	2.039	1.961	2.0	2
1656	1.824	2.098	1.941	2.02	2
1657	1.941	2.078	1.98	1.961	2
1658	1.882	1.98	1.961	1.922	2
1659	1.902	1.961	1.902	1.902	2
1660	1.863	1.98	1.882	1.98	2
1661	1.922	2.0	1.863	1.941	2
1662	1.922	2.0	1.902	1.961	2
1663	1.98	2.02	1.98	2.039	2
1664	1.961	2.02	2.0	2.02	2
1665	1.863	2.02	1.98	2.0	2
1666	1.863	2.078	1.961	2.059	2
1667	1.902	2.098	1.941	1.961	2
1668	1.745	1.98	1.961	1.961	2
1669	1.686	1.961	1.922	2.0	2
1670	1.725	2.02	1.941	2.02	2
1671	1.745	2.078	1.98	1.941	2
1672	1.784	2.118	2.02	1.941	2
1673	1.882	2.098	2.059	1.961	2
1674	1.882	2.078	2.039	1.961	2
1675	1.902	2.039	1.941	1.922	2
1676	1.98	2.039	1.882	1.961	2
1677	1.98	2.059	1.902	1.98	2
1678	2.039	2.078	1.961	1.882	2
1679	1.961	2.059	2.059	1.882	2
1680	1.961	2.0	2.137	1.941	2
1681	1.98	2.059	2.039	1.98	2
1682	1.922	2.059	1.902	1.961	2
1683	1.863	2.02	1.863	2.02	2
1684	1.882	2.059	1.902	1.941	2
1685	1.725	1.882	1.961	1.922	2
1686	1.706	1.941	1.961	1.961	2
1687	1.784	2.118	1.961	2.039	2
1688	1.745	2.118	1.941	2.0	2
1689	1.745	2.059	1.902	2.0	2
1690	1.804	1.98	1.882	1.941	2
1691	1.863	1.98	1.882	1.863	2
1692	1.922	2.039	1.922	1.941	2
1693	2.0	2.078	1.941	1.902	2
1694	2.02	2.078	1.961	1.902	2
1695	2.039	2.059	1.941	1.882	2
1696	2.059	2.098	1.98	1.922	2
1697	2.078	2.098	2.0	1.961	2
1698	2.0	2.098	2.0	1.941	2
1699	1.961	2.118	1.961	1.922	2
1700	1.941	2.137	1.98	1.98	2
1701	1.98	2.196	2.0	1.922	2
1702	1.843	2.098	2.0	1.922	2
1703	1.804	2.078	1.98	2.039	2
1704	1.922	2.098	1.98	2.059	2
1705	1.902	2.078	2.0	1.882	2
1706	1.765	2.059	2.0	1.882	2
1707	1.804	2.039	1.961	1.922	2
1708	1.902	2.078	1.941	1.902	2
1709	1.98	2.118	1.961	1.961	2
1710	2.039	2.098	2.0	1.882	2
1711	1.98	2.039	2.02	1.882	2
1712	2.0	2.0	1.98	1.882	2
1713	1.961	2.02	1.941	1.922	2
1714	1.98	2.02	1.941	2.0	2
1715	1.941	2.0	1.922	2.02	2
1716	1.902	2.0	1.882	2.039	2
1717	1.902	2.02	1.902	2.039	2
1718	1.922	2.059	1.922	1.922	2
1719	1.706	1.941	1.961	1.922	2
1720	1.667	1.941	1.882	1.98	2
1721	1.706	1.98	1.863	2.02	2
1722	1.745	2.02	1.843	1.961	2
1723	1.686	1.98	1.882	1.961	2
1724	1.745	1.98	1.902	1.941	2
1725	1.824	2.0	1.882	1.902	2
1726	1.863	1.98	1.961	1.961	2
1727	1.922	1.961	1.902	1.961	2
1728	1.941	1.98	1.863	1.941	2
1729	2.0	2.0	1.804	1.902	2
1730	1.941	2.02	1.824	1.902	2
1731	1.961	1.98	1.882	1.961	2
1732	1.922	1.961	1.961	1.922	2
1733	1.863	2.0	2.0	1.941	2
1734	1.824	2.078	1.98	2.039	2
1735	1.922	2.118	1.922	1.98	2
1736	1.765	2.059	1.882	1.961	2
1737	1.745	2.118	1.961	1.98	2
1738	1.804	2.118	2.039	2.039	2
1739	1.804	2.137	2.059	1.98	2
1740	1.725	2.059	2.0	1.98	2
1741	1.804	2.039	1.922	1.961	2
1742	1.863	2.059	1.843	1.941	2
1743	1.882	2.098	1.902	1.902	2
1744	1.98	2.118	2.02	1.922	2
1745	2.02	2.176	2.118	1.98	2
1746	2.02	2.137	2.118	1.961	2
1747	2.02	2.137	2.098	1.961	2
1748	2.02	2.118	2.02	2.02	2
1749	1.98	2.059	1.961	1.961	2
1750	1.902	2.059	1.902	1.961	2
1751	1.882	2.098	1.941	2.039	2
1752	1.922	2.137	2.02	2.0	2
1753	1.765	2.02	2.039	1.922	2
1754	1.686	2.02	2.02	1.98	2
1755	1.725	2.039	1.961	2.059	2
1756	1.725	2.02	1.941	1.98	2
1757	1.706	2.02	1.941	2.0	2
1758	1.765	1.961	1.941	1.98	2
1759	1.784	1.922	1.941	1.941	2
1760	1.843	1.922	1.941	1.941	2
1761	1.941	1.98	1.941	1.961	2
1762	1.902	1.98	1.922	1.941	2
1763	1.941	1.98	1.941	1.922	2
1764	1.922	1.961	1.922	1.941	2
1765	1.941	1.941	1.941	2.0	2
1766	1.961	1.961	1.941	1.961	2
1767	1.902	1.98	1.961	1.941	2
1768	1.804	2.0	1.961	2.059	2
1769	1.902	2.059	1.961	1.941	2
1770	1.765	1.98	1.961	1.902	2
1771	1.706	2.0	1.98	1.98	2
1772	1.784	2.059	1.961	2.039	2
1773	1.824	2.078	1.922	1.98	2
1774	1.745	2.02	1.922	1.941	2
1775	1.824	2.02	1.961	1.98	2
1776	1.922	2.078	1.98	1.961	2
1777	1.922	2.039	1.98	1.882	2
1778	1.922	2.02	1.922	1.882	2
1779	1.941	2.02	1.902	1.902	2
1780	2.0	2.039	1.922	1.902	2
1781	2.0	2.039	1.941	1.922	2
1782	2.059	2.098	2.0	2.0	2
1783	2.039	2.078	2.039	1.922	2
1784	1.902	2.0	2.02	1.961	2
1785	1.804	1.961	1.922	2.039	2
1786	1.824	2.0	1.902	1.961	2
1787	1.745	2.0	1.882	1.961	2
1788	1.725	2.02	1.882	2.0	2
1789	1.765	2.039	1.922	2.02	2
1790	1.745	2.0	1.98	1.961	2
1791	1.706	1.98	2.0	1.941	2
1792	1.706	1.922	1.941	1.941	2
1793	1.843	2.0	1.922	1.902	2
1794	1.863	2.02	1.941	1.863	2
1795	1.863	1.961	2.0	1.882	2
1796	1.902	1.98	1.961	1.941	2
1797	1.98	2.02	1.941	1.902	2
1798	2.0	2.039	1.902	1.902	2
1799	2.0	2.039	1.922	2.039	2
1800	2.078	2.098	1.922	1.961	2
1801	2.0	2.098	1.941	1.941	2
1802	1.863	2.059	1.961	1.98	2
1803	1.882	2.137	2.0	1.902	2
1804	1.784	2.078	2.059	1.941	2
1805	1.804	2.078	2.059	2.039	2
1806	1.882	2.098	2.0	2.059	2
1807	1.902	2.118	1.941	1.941	2
1808	1.804	2.118	1.902	1.941	2
1809	1.863	2.118	1.922	1.941	2
1810	1.902	2.078	1.941	1.98	2
1811	1.961	2.098	1.98	1.961	2
1812	2.039	2.118	2.0	1.941	2
1813	2.02	2.118	2.0	1.941	2
1814	2.02	2.059	1.98	1.902	2
1815	1.98	2.02	1.922	1.902	2
1816	1.98	2.039	1.902	1.98	2
1817	1.98	2.078	1.961	1.961	2
1818	1.882	2.039	2.0	1.961	2
1819	1.824	2.059	1.98	2.059	2
1820	1.882	2.059	1.941	1.98	2
1821	1.745	1.98	1.882	1.882	2
1822	1.667	2.0	1.882	1.941	2
1823	1.706	1.98	1.902	2.039	2
1824	1.725	2.0	1.922	1.98	2
1825	1.725	2.039	1.98	2.0	2
1826	1.843	2.059	1.961	1.922	2
1827	1.843	2.02	1.961	1.941	2
1828	1.863	2.0	1.961	1.941	2
1829	1.922	2.0	1.941	1.902	2
1830	1.941	2.0	1.941	1.902	2
1831	1.98	2.02	1.941	1.882	2
1832	1.961	2.0	1.961	1.902	2
1833	1.98	2.02	1.961	2.0	2
1834	1.98	2.059	1.98	2.0	2
1835	1.961	2.118	1.98	1.98	2
1836	1.882	2.078	2.0	2.02	2
1837	1.882	2.078	2.02	1.961	2
1838	1.765	2.0	2.0	1.922	2
1839	1.745	2.02	1.961	1.961	2
1840	1.745	2.02	1.922	2.0	2
1841	1.745	2.039	1.922	1.98	2
1842	1.706	2.039	1.922	2.0	2
1843	1.804	2.039	1.922	1.961	2
1844	1.863	2.039	1.922	1.961	2
1845	1.902	2.059	1.922	1.98	2
1846	1.961	2.039	1.902	1.961	2
1847	1.98	2.039	1.902	1.941	2
1848	2.0	2.02	1.922	1.882	2
1849	1.961	2.0	1.961	1.902	2
1850	1.961	2.0	1.941	2.02	2
1851	2.0	2.039	1.922	2.0	2
1852	1.902	2.02	1.863	1.98	2
1853	1.882	2.059	1.882	2.059	2
1854	1.922	2.098	1.941	2.02	2
1855	1.804	1.98	1.98	1.98	2
1856	1.706	1.941	1.922	2.02	2
1857	1.725	1.941	1.882	2.02	2
1858	1.784	2.0	1.882	1.961	2
1859	1.765	2.02	1.882	2.0	2
1860	1.824	2.0	1.922	1.961	2
1861	1.863	2.0	1.922	1.941	2
1862	1.902	2.02	1.961	1.941	2
1863	1.961	2.039	1.941	1.961	2
1864	1.941	2.0	1.941	1.941	2
1865	1.961	2.0	1.922	1.882	2
1866	1.961	2.0	1.922	1.902	2
1867	2.0	2.0	1.961	1.98	2
1868	2.02	2.039	1.961	1.98	2
1869	1.941	2.039	1.98	1.961	2
1870	1.882	2.118	1.941	2.098	2
1871	1.98	2.157	1.98	2.0	2
1872	1.882	2.059	1.98	1.941	2
1873	1.784	2.02	1.961	1.863	2
1874	1.765	2.039	1.961	1.98	2
1875	1.824	2.098	1.941	1.98	2
1876	1.863	2.137	2.0	2.0	2
1877	1.941	2.118	1.98	1.922	2
1878	1.961	2.098	1.98	1.902	2
1879	2.02	2.098	1.941	1.941	2
1880	2.078	2.098	1.961	1.961	2
1881	2.098	2.098	1.961	1.922	2
1882	2.078	2.098	1.98	1.843	2
1883	2.039	2.059	2.0	1.882	2
1884	2.059	2.078	2.0	2.0	2
1885	2.059	2.059	1.961	1.961	2
1886	2.0	2.078	1.941	2.02	2
1887	1.961	2.078	1.941	2.078	2
1888	1.98	2.078	1.98	2.02	2
1889	1.784	2.02	1.98	1.941	2
1890	1.745	2.039	1.922	1.98	2
1891	1.765	2.078	1.922	2.039	2
1892	1.765	2.039	1.961	1.98	2
1893	1.725	2.039	1.941	1.98	2
1894	1.784	2.02	1.941	1.961	2
1895	1.843	2.0	1.922	1.922	2
1896	1.902	2.059	1.902	1.941	2
1897	1.941	2.059	1.961	1.961	2
1898	1.961	2.059	1.98	1.961	2
1899	2.0	2.059	1.961	1.902	2
1900	1.98	2.078	1.941	1.882	2
1901	1.961	2.059	1.922	1.961	2
1902	1.98	2.039	1.922	1.961	2
1903	1.902	2.039	1.922	1.922	2
1904	1.843	2.059	1.98	2.02	2
1905	1.902	2.157	2.02	1.98	2
1906	1.765	2.059	2.039	1.882	2
1907	1.706	2.059	1.98	1.961	2
1908	1.765	2.098	1.98	1.961	2
1909	1.784	2.078	1.961	1.922	2
1910	1.706	2.078	1.98	1.922	2
1911	1.725	2.02	1.961	1.922	2
1912	1.824	2.059	1.98	1.98	2
1913	1.902	2.078	1.961	1.922	2
1914	1.922	2.098	1.98	1.922	2
1915	1.902	2.059	2.0	1.902	2
1916	1.941	2.039	1.98	1.882	2
1917	1.902	2.02	1.961	1.863	2
1918	1.902	2.0	1.941	1.941	2
1919	1.922	2.02	1.941	2.0	2
1920	1.902	2.059	1.98	2.02	2
1921	1.902	2.118	1.98	2.137	2
1922	1.902	2.137	2.0	2.039	2
1923	1.745	2.02	1.961	1.882	2
1924	1.647	1.961	1.922	1.941	2
1925	1.667	1.98	1.902	2.039	2
1926	1.725	2.0	1.902	2.0	2
1927	1.745	2.039	1.922	1.98	2
1928	1.804	2.039	1.961	1.98	2
1929	1.863	2.039	2.0	1.941	2
1930	1.882	2.02	1.961	1.961	2
1931	1.922	2.0	1.922	1.961	2
1932	1.941	2.0	1.902	1.961	2
1933	2.0	2.039	1.902	1.902	2
1934	1.961	2.02	1.922	1.902	2
1935	1.941	2.0	1.922	2.039	2
1936	2.0	2.02	1.941	2.0	2
1937	1.922	2.039	1.941	1.98	2
1938	1.882	2.078	1.961	2.059	2
1939	1.922	2.078	1.961	2.02	2
1940	1.745	1.98	1.941	1.941	2
1941	1.686	1.98	1.902	1.961	2
1942	1.686	2.02	1.902	2.039	2
1943	1.765	2.02	1.941	2.0	2
1944	1.725	2.02	1.941	2.0	2
1945	1.784	2.039	1.961	1.98	2
1946	1.882	2.059	1.961	1.941	2
1947	1.882	2.059	1.961	1.941	2
1948	1.882	2.02	1.941	1.961	2
1949	1.961	2.039	1.941	1.922	2
1950	2.02	2.059	1.941	1.922	2
1951	1.98	2.039	1.98	1.922	2
1952	1.98	2.02	1.961	2.039	2
1953	2.039	2.059	1.961	2.039	2
1954	1.941	2.039	1.941	1.961	2
1955	1.882	2.059	1.941	2.059	2
1956	1.922	2.118	2.0	2.02	2
1957	1.804	2.039	2.039	1.902	2
1958	1.725	2.02	1.98	1.98	2
1959	1.745	2.059	1.922	2.039	2
1960	1.784	2.059	1.902	2.02	2
1961	1.765	2.078	1.922	2.02	2
1962	1.804	2.059	1.941	1.961	2
1963	1.824	2.059	1.961	1.941	2
1964	1.902	2.078	1.961	1.902	2
1965	1.922	2.078	1.98	1.961	2
1966	1.922	2.059	1.961	1.941	2
1967	1.961	2.078	1.941	1.922	2
1968	1.961	2.078	1.922	1.882	2
1969	1.98	2.098	1.941	2.0	2
1970	2.0	2.098	1.941	2.02	2
1971	1.902	2.078	1.941	1.961	2
1972	1.902	2.118	1.941	2.0	2
1973	1.98	2.196	2.02	1.98	2
1974	1.882	2.157	2.039	1.882	2
1975	1.784	2.078	2.039	1.922	2
1976	1.804	2.118	1.98	1.98	2
1977	1.882	2.137	2.0	1.941	2
1978	1.843	2.157	2.0	1.941	2
1979	1.902	2.176	2.0	1.922	2
1980	1.961	2.137	2.02	1.882	2
1981	2.039	2.157	2.02	1.863	2
1982	2.059	2.157	2.02	1.863	2
1983	2.078	2.137	2.039	1.843	2
1984	2.098	2.137	2.039	1.824	2
1985	2.059	2.098	2.039	1.843	2
1986	2.059	2.118	2.039	1.961	2
1987	2.098	2.118	2.02	1.902	2
1988	1.98	2.098	2.02	1.941	2
1989	1.922	2.078	2.059	1.98	2
1990	1.922	2.098	2.02	2.0	2
1991	1.804	2.059	2.039	1.902	2
1992	1.765	2.02	1.961	1.902	2
1993	1.765	2.059	1.941	2.0	2
1994	1.745	2.039	1.941	1.961	2
1995	1.706	2.039	1.941	1.941	2
1996	1.784	2.039	1.941	2.0	2
1997	1.843	2.039	1.961	2.0	2
1998	1.902	2.039	1.98	1.902	2
1999	1.863	2.0	1.941	1.922	2
