time	channel1	channel2	channel3	channel4	class
0	1.922	2.059	2.078	2.0	3
1	1.961	2.02	2.039	1.98	3
2	1.961	1.902	2.02	1.941	3
3	1.941	1.922	2.098	1.941	3
4	2.059	2.02	2.176	1.98	3
5	1.961	1.765	2.039	1.98	3
6	1.922	1.686	2.02	1.961	3
7	1.941	1.765	2.059	1.922	3
8	1.961	1.784	2.098	1.922	3
9	1.941	1.765	2.059	1.941	3
10	1.961	1.824	2.039	1.922	3
11	1.922	1.824	2.02	1.882	3
12	1.902	1.922	2.059	1.902	3
13	1.922	2.02	2.098	1.941	3
14	1.902	2.0	2.059	1.98	3
15	1.922	2.02	2.02	1.961	3
16	1.922	2.0	2.02	1.941	3
17	1.922	2.059	2.059	1.941	3
18	1.941	2.0	2.039	1.941	3
19	1.941	1.922	2.039	1.922	3
20	1.961	1.922	2.098	1.941	3
21	2.039	2.039	2.157	2.0	3
22	1.961	1.745	2.02	1.98	3
23	1.902	1.667	2.0	1.941	3
24	1.961	1.745	2.039	1.902	3
25	2.0	1.784	2.059	1.922	3
26	1.98	1.745	2.059	1.902	3
27	1.961	1.824	2.059	1.941	3
28	1.961	1.863	2.039	1.922	3
29	1.98	1.922	2.039	1.941	3
30	1.961	2.0	2.059	1.941	3
31	1.941	1.961	2.039	1.961	3
32	1.941	2.0	2.0	1.961	3
33	1.941	1.98	2.0	1.941	3
34	1.961	2.02	2.02	1.941	3
35	1.98	2.02	2.02	1.941	3
36	1.941	1.902	2.02	1.941	3
37	1.941	1.863	2.098	1.98	3
38	2.059	1.98	2.118	1.98	3
39	1.98	1.706	1.98	1.98	3
40	1.922	1.647	2.0	1.941	3
41	1.98	1.706	2.039	1.922	3
42	2.0	1.745	2.039	1.922	3
43	1.961	1.706	2.039	1.941	3
44	1.961	1.784	2.02	1.941	3
45	1.941	1.804	2.039	1.941	3
46	1.961	1.863	2.02	1.961	3
47	1.961	1.922	2.039	1.941	3
48	1.922	1.922	2.0	1.941	3
49	1.922	1.98	2.0	1.961	3
50	1.941	1.941	2.0	1.961	3
51	1.941	2.0	2.02	1.961	3
52	1.98	2.0	2.039	1.961	3
53	1.961	1.882	2.02	1.961	3
54	1.922	1.843	2.118	2.0	3
55	2.078	2.0	2.137	2.039	3
56	2.0	1.725	1.98	1.98	3
57	1.922	1.647	1.98	1.941	3
58	1.961	1.725	2.039	1.922	3
59	1.98	1.745	2.059	1.922	3
60	1.961	1.725	2.039	1.961	3
61	1.98	1.824	2.059	1.98	3
62	1.98	1.843	2.039	1.961	3
63	1.961	1.922	2.059	1.961	3
64	1.961	1.961	2.059	1.961	3
65	1.941	1.941	2.0	1.941	3
66	1.941	2.0	2.0	1.941	3
67	1.941	2.0	2.02	1.941	3
68	1.941	2.0	2.039	1.961	3
69	1.98	2.0	2.02	1.98	3
70	1.98	1.902	2.02	1.941	3
71	1.98	1.863	2.059	1.961	3
72	2.078	2.0	2.137	2.0	3
73	2.02	1.745	1.98	1.98	3
74	1.902	1.647	1.961	1.941	3
75	1.941	1.706	2.039	1.902	3
76	2.0	1.765	2.039	1.902	3
77	1.941	1.725	2.039	1.941	3
78	1.98	1.784	2.039	1.98	3
79	1.98	1.843	2.039	1.941	3
80	1.98	1.922	2.039	1.961	3
81	1.961	1.961	2.039	1.961	3
82	1.941	1.922	2.02	1.941	3
83	1.922	2.0	2.02	1.941	3
84	1.922	1.98	2.02	1.922	3
85	1.941	2.02	2.039	1.941	3
86	1.961	2.039	2.039	1.961	3
87	1.941	1.922	2.059	1.98	3
88	1.961	1.863	2.059	1.961	3
89	2.078	1.98	2.118	1.98	3
90	2.0	1.765	2.02	1.98	3
91	1.922	1.686	2.02	1.941	3
92	1.941	1.725	2.059	1.941	3
93	2.0	1.765	2.059	1.922	3
94	1.98	1.745	2.059	1.941	3
95	1.961	1.824	2.039	1.941	3
96	1.961	1.863	2.059	1.941	3
97	1.961	1.941	2.059	1.961	3
98	1.941	1.98	2.039	1.941	3
99	1.922	1.98	2.02	1.941	3
100	1.902	2.039	2.039	1.961	3
101	1.902	2.02	2.039	1.98	3
102	1.941	2.039	2.039	1.98	3
103	1.98	2.039	2.02	1.961	3
104	1.941	1.961	2.039	1.941	3
105	1.941	1.902	2.098	1.961	3
106	2.059	2.02	2.118	2.02	3
107	2.0	1.804	2.02	2.0	3
108	1.922	1.706	2.0	1.941	3
109	1.941	1.765	2.039	1.922	3
110	1.98	1.784	2.059	1.902	3
111	1.941	1.725	2.039	1.941	3
112	1.961	1.824	2.039	1.941	3
113	1.961	1.882	2.039	1.941	3
114	1.961	1.98	2.078	1.98	3
115	1.961	1.98	2.078	1.98	3
116	1.941	1.98	2.039	1.98	3
117	1.922	2.0	2.0	1.941	3
118	1.902	2.0	2.0	1.922	3
119	1.922	2.02	2.039	1.941	3
120	1.98	2.02	2.039	1.961	3
121	1.961	1.961	2.039	1.941	3
122	1.98	1.882	2.059	1.98	3
123	2.059	2.02	2.118	2.0	3
124	2.02	1.804	2.02	2.0	3
125	1.902	1.667	1.98	1.941	3
126	1.961	1.745	2.02	1.882	3
127	1.98	1.804	2.059	1.882	3
128	1.961	1.725	2.059	1.922	3
129	1.961	1.804	2.039	1.941	3
130	1.941	1.824	2.02	1.941	3
131	1.941	1.902	2.039	1.941	3
132	1.941	1.98	2.039	1.941	3
133	1.922	1.961	2.02	1.941	3
134	1.922	1.98	2.02	1.941	3
135	1.922	1.98	2.0	1.941	3
136	1.941	2.0	2.02	1.941	3
137	1.961	2.02	2.039	1.961	3
138	1.961	1.922	2.039	1.961	3
139	1.98	1.863	2.039	1.961	3
140	2.098	2.0	2.118	1.98	3
141	2.02	1.784	2.039	2.0	3
142	1.902	1.647	2.0	1.961	3
143	1.961	1.706	2.02	1.902	3
144	2.0	1.765	2.039	1.882	3
145	1.98	1.745	2.059	1.922	3
146	1.961	1.804	2.059	1.941	3
147	1.961	1.824	2.059	1.941	3
148	1.98	1.902	2.039	1.961	3
149	1.961	1.961	2.039	1.961	3
150	1.941	1.941	2.039	1.941	3
151	1.941	2.0	2.039	1.961	3
152	1.941	1.98	2.02	1.961	3
153	1.941	2.0	2.059	1.98	3
154	1.98	2.02	2.039	1.941	3
155	1.941	1.941	2.059	1.961	3
156	1.961	1.863	2.078	1.961	3
157	2.098	2.0	2.137	2.02	3
158	2.039	1.804	2.02	2.0	3
159	1.922	1.667	2.0	1.941	3
160	1.941	1.706	2.02	1.922	3
161	2.02	1.745	2.059	1.882	3
162	1.98	1.725	2.059	1.902	3
163	1.961	1.804	2.039	1.941	3
164	1.961	1.843	2.039	1.961	3
165	1.98	1.902	2.078	1.961	3
166	1.961	1.941	2.039	1.961	3
167	1.961	1.961	2.02	1.941	3
168	1.922	2.039	2.039	1.941	3
169	1.902	2.02	2.039	1.98	3
170	1.922	2.02	2.039	1.98	3
171	2.0	2.059	2.039	1.961	3
172	1.961	1.98	2.039	1.941	3
173	1.98	1.922	2.078	1.961	3
174	2.078	2.039	2.157	2.02	3
175	2.02	1.843	2.039	2.039	3
176	1.902	1.706	2.0	1.961	3
177	1.961	1.765	2.039	1.922	3
178	1.961	1.804	2.059	1.922	3
179	1.941	1.745	2.078	1.941	3
180	1.961	1.824	2.039	1.961	3
181	1.941	1.863	2.039	1.961	3
182	1.961	1.941	2.059	1.961	3
183	1.941	1.98	2.059	1.961	3
184	1.961	2.0	2.059	1.961	3
185	1.922	2.02	2.02	1.961	3
186	1.922	2.0	2.02	1.961	3
187	1.922	2.02	2.039	1.961	3
188	1.961	2.039	2.059	1.98	3
189	1.941	1.941	2.02	1.98	3
190	1.961	1.863	2.02	1.941	3
191	2.059	1.98	2.137	2.0	3
192	2.02	1.843	2.02	2.0	3
193	1.882	1.667	2.0	1.961	3
194	1.922	1.706	2.02	1.922	3
195	1.98	1.765	2.039	1.902	3
196	1.961	1.725	2.02	1.922	3
197	1.941	1.804	2.039	1.941	3
198	1.941	1.843	2.039	1.961	3
199	1.961	1.882	2.039	1.961	3
200	1.941	1.961	2.039	1.961	3
201	1.922	1.98	2.02	1.941	3
202	1.922	1.98	2.02	1.941	3
203	1.902	1.98	2.0	1.941	3
204	1.922	2.0	2.02	1.941	3
205	1.98	2.039	2.02	1.961	3
206	1.941	1.961	2.02	1.961	3
207	1.941	1.882	2.039	1.961	3
208	2.059	2.0	2.098	2.02	3
209	2.059	1.843	2.039	2.02	3
210	1.922	1.686	1.98	1.941	3
211	1.941	1.725	2.039	1.941	3
212	1.98	1.765	2.039	1.922	3
213	1.961	1.725	2.039	1.922	3
214	1.98	1.784	2.039	1.941	3
215	1.941	1.843	2.02	1.961	3
216	1.961	1.882	2.059	1.961	3
217	1.922	1.941	2.039	1.98	3
218	1.941	1.961	2.0	1.961	3
219	1.941	2.0	2.02	1.961	3
220	1.922	2.0	2.0	1.961	3
221	1.941	2.0	2.039	1.98	3
222	1.98	2.02	2.02	1.961	3
223	1.941	1.922	2.0	1.961	3
224	1.941	1.882	2.0	1.961	3
225	2.039	2.0	2.137	2.0	3
226	2.059	1.843	2.02	2.039	3
227	1.902	1.667	1.98	1.961	3
228	1.961	1.706	2.02	1.922	3
229	1.98	1.765	2.039	1.902	3
230	1.961	1.706	2.059	1.922	3
231	1.961	1.765	2.039	1.961	3
232	1.961	1.804	2.039	1.961	3
233	1.98	1.882	2.059	1.961	3
234	1.961	1.922	2.078	1.961	3
235	1.961	1.961	2.039	1.961	3
236	1.922	1.961	2.02	1.941	3
237	1.941	1.961	2.02	1.941	3
238	1.922	2.0	2.039	1.961	3
239	1.961	2.0	2.059	1.961	3
240	1.961	1.902	2.039	1.98	3
241	1.941	1.843	2.039	1.961	3
242	2.078	2.0	2.137	1.98	3
243	2.078	1.863	2.039	2.0	3
244	1.902	1.667	2.0	1.961	3
245	1.941	1.686	2.039	1.922	3
246	2.0	1.745	2.059	1.902	3
247	1.98	1.745	2.059	1.922	3
248	1.961	1.784	2.078	1.961	3
249	1.961	1.804	2.039	1.98	3
250	1.961	1.882	2.059	1.961	3
251	1.98	1.922	2.059	1.941	3
252	1.961	1.961	2.02	1.941	3
253	1.922	1.98	2.039	1.941	3
254	1.941	1.98	2.02	1.961	3
255	1.941	1.98	2.02	1.961	3
256	1.98	2.02	2.039	1.961	3
257	1.961	1.941	2.039	1.961	3
258	1.961	1.843	2.059	1.961	3
259	2.078	1.98	2.118	1.98	3
260	2.098	1.882	2.039	2.0	3
261	1.922	1.686	2.0	1.941	3
262	1.941	1.686	2.039	1.922	3
263	2.0	1.784	2.078	1.922	3
264	1.98	1.725	2.039	1.902	3
265	1.98	1.784	2.059	1.922	3
266	1.941	1.824	2.039	1.941	3
267	1.961	1.882	2.059	1.941	3
268	1.98	1.922	2.059	1.961	3
269	1.961	1.961	2.02	1.941	3
270	1.941	1.98	2.039	1.941	3
271	1.922	2.0	2.039	1.961	3
272	1.922	1.98	2.039	1.961	3
273	1.98	2.02	2.039	1.941	3
274	1.98	1.941	2.02	1.941	3
275	1.941	1.882	2.039	1.941	3
276	2.078	2.0	2.157	2.0	3
277	2.078	1.902	2.039	2.02	3
278	1.902	1.686	2.0	1.961	3
279	1.941	1.706	2.02	1.922	3
280	1.961	1.784	2.039	1.902	3
281	1.961	1.725	2.039	1.902	3
282	1.961	1.804	2.059	1.941	3
283	1.961	1.843	2.02	1.922	3
284	1.941	1.902	2.039	1.941	3
285	1.941	1.941	2.059	1.961	3
286	1.941	1.961	2.02	1.961	3
287	1.922	1.98	2.02	1.941	3
288	1.941	2.0	2.02	1.98	3
289	1.961	2.039	2.02	1.941	3
290	1.961	2.039	2.039	1.941	3
291	1.961	1.941	2.02	1.961	3
292	1.961	1.863	2.02	1.961	3
293	2.059	2.02	2.118	1.98	3
294	2.078	1.902	2.059	2.02	3
295	1.902	1.667	1.98	1.98	3
296	1.961	1.706	2.02	1.922	3
297	2.02	1.765	2.039	1.902	3
298	1.98	1.745	2.039	1.922	3
299	1.98	1.765	2.059	1.922	3
300	1.98	1.824	2.039	1.961	3
301	1.98	1.882	2.059	1.961	3
302	1.98	1.902	2.039	1.941	3
303	1.941	1.98	2.02	1.941	3
304	1.922	1.98	2.039	1.941	3
305	1.922	1.961	2.0	1.941	3
306	1.941	1.961	2.02	1.941	3
307	1.98	2.02	2.059	1.941	3
308	1.98	1.961	2.059	1.961	3
309	1.941	1.863	2.039	1.98	3
310	2.02	1.98	2.098	1.98	3
311	2.078	1.902	2.039	1.98	3
312	1.902	1.686	1.98	1.941	3
313	1.922	1.686	2.039	1.922	3
314	2.0	1.784	2.078	1.922	3
315	1.98	1.725	2.039	1.902	3
316	1.961	1.784	2.059	1.922	3
317	1.941	1.843	2.059	1.941	3
318	1.961	1.922	2.059	1.961	3
319	1.941	1.902	2.039	1.961	3
320	1.961	2.0	2.039	1.922	3
321	1.922	2.02	2.039	1.922	3
322	1.922	2.0	2.039	1.941	3
323	1.922	2.0	2.039	1.961	3
324	1.961	2.059	2.039	1.941	3
325	1.961	1.98	2.039	1.961	3
326	1.922	1.902	2.039	1.961	3
327	2.02	2.02	2.137	1.98	3
328	2.059	1.941	2.059	2.0	3
329	1.902	1.706	2.0	1.941	3
330	1.941	1.725	2.039	1.922	3
331	1.98	1.784	2.078	1.922	3
332	1.961	1.765	2.059	1.941	3
333	1.941	1.804	2.059	1.941	3
334	1.961	1.863	2.039	1.961	3
335	1.941	1.941	2.059	1.961	3
336	1.941	1.941	2.078	1.961	3
337	1.941	1.98	2.02	1.961	3
338	1.902	2.0	2.02	1.941	3
339	1.941	2.0	2.02	1.961	3
340	1.922	2.0	2.02	1.961	3
341	1.961	2.039	2.039	1.98	3
342	1.941	1.941	2.039	1.98	3
343	1.941	1.843	2.02	1.98	3
344	2.02	1.98	2.118	1.98	3
345	2.059	1.902	2.059	2.0	3
346	1.902	1.627	1.961	1.961	3
347	1.941	1.667	2.02	1.902	3
348	2.0	1.725	2.039	1.902	3
349	1.961	1.725	2.039	1.922	3
350	1.961	1.745	2.059	1.941	3
351	1.961	1.804	2.02	1.98	3
352	1.941	1.863	2.059	1.98	3
353	1.961	1.882	2.039	1.941	3
354	1.902	2.0	2.059	1.961	3
355	1.902	1.98	2.059	1.98	3
356	1.961	1.961	2.02	1.961	3
357	1.941	1.941	2.0	1.941	3
358	1.961	1.98	2.0	1.922	3
359	1.961	1.863	2.0	1.902	3
360	1.961	1.804	1.98	1.922	3
361	2.059	1.922	2.078	1.941	3
362	2.137	1.902	2.078	2.0	3
363	1.961	1.667	1.98	1.98	3
364	1.961	1.608	1.98	1.902	3
365	2.0	1.667	1.98	1.843	3
366	1.98	1.706	2.039	1.863	3
367	1.941	1.784	2.098	1.941	3
368	1.961	1.824	2.078	2.02	3
369	1.961	1.843	2.0	2.039	3
370	2.02	1.824	1.941	1.941	3
371	2.039	1.941	1.98	1.882	3
372	1.941	1.98	2.0	1.843	3
373	1.882	2.0	2.039	1.902	3
374	1.863	1.882	1.882	1.98	3
375	1.98	1.804	1.824	1.902	3
376	2.098	1.863	1.922	1.784	3
377	2.059	1.902	2.098	1.784	3
378	2.118	2.039	2.235	1.961	3
379	2.157	1.824	2.059	2.137	3
380	2.0	1.373	1.804	2.039	3
381	2.039	1.451	1.863	1.843	3
382	2.059	1.706	2.039	1.765	3
383	1.922	1.725	2.059	1.863	3
384	1.882	1.588	1.961	1.922	3
385	2.039	1.608	1.902	1.941	3
386	2.039	1.843	2.02	1.961	3
387	2.059	2.02	2.118	1.961	3
388	1.961	2.216	2.137	2.039	3
389	1.824	2.078	2.059	2.078	3
390	1.941	1.98	1.941	2.039	3
391	1.98	1.902	1.843	1.902	3
392	1.98	2.039	1.961	1.804	3
393	1.882	2.255	2.235	1.922	3
394	1.902	2.176	2.235	2.118	3
395	2.078	2.118	2.137	2.275	3
396	2.137	2.078	1.961	2.196	3
397	1.824	1.902	1.843	2.0	3
398	1.784	1.882	2.0	1.843	3
399	1.882	1.941	2.196	1.863	3
400	1.922	1.882	2.098	1.941	3
401	2.039	1.745	2.039	2.0	3
402	2.059	1.961	2.235	2.098	3
403	1.863	2.059	2.235	2.176	3
404	1.961	1.941	1.784	2.098	3
405	2.039	1.667	1.588	1.824	3
406	2.098	1.784	1.863	1.627	3
407	2.059	2.078	2.098	1.686	3
408	2.02	2.157	2.137	1.941	3
409	1.98	2.255	2.176	2.216	3
410	1.961	2.078	2.078	2.333	3
411	1.922	2.02	2.039	2.235	3
412	2.0	2.118	2.118	2.059	3
413	2.098	2.255	2.157	2.0	3
414	1.863	1.922	2.078	1.922	3
415	1.863	1.804	2.078	1.922	3
416	1.922	1.686	2.039	1.961	3
417	2.059	1.51	1.961	1.98	3
418	2.078	1.588	1.961	1.941	3
419	2.0	1.725	2.098	1.922	3
420	1.863	1.941	2.235	2.02	3
421	1.824	1.882	2.078	2.196	3
422	1.863	1.706	2.02	2.235	3
423	1.961	1.784	2.078	2.157	3
424	1.941	1.922	2.0	2.02	3
425	1.765	1.804	2.0	1.922	3
426	1.804	1.765	2.157	1.922	3
427	1.882	1.647	2.176	2.0	3
428	1.922	1.608	2.118	2.137	3
429	2.0	1.745	2.118	2.255	3
430	1.902	1.706	2.039	2.235	3
431	1.725	1.333	1.843	2.078	3
432	1.706	1.373	1.941	1.941	3
433	1.804	1.784	2.314	1.98	3
434	1.863	2.02	2.373	2.176	3
435	1.863	2.02	2.255	2.294	3
436	1.843	1.863	2.059	2.275	3
437	1.784	1.902	2.039	2.059	3
438	1.725	1.941	2.098	1.902	3
439	1.725	1.941	2.157	1.882	3
440	1.686	1.784	2.118	1.961	3
441	1.745	1.686	2.098	2.078	3
442	1.745	1.667	2.137	2.216	3
443	1.824	1.647	2.098	2.196	3
444	1.843	1.333	1.961	1.98	3
445	1.784	1.51	2.02	1.765	3
446	1.784	1.843	2.275	1.765	3
447	1.765	1.588	2.255	1.902	3
448	1.608	1.02	2.078	2.0	3
449	1.686	0.922	2.02	2.0	3
450	1.745	0.98	2.02	1.882	3
451	1.549	1.137	2.098	1.765	3
452	1.549	1.431	2.078	1.765	3
453	1.647	1.392	1.98	1.725	3
454	1.686	1.353	2.0	1.745	3
455	1.529	1.451	2.039	1.804	3
456	1.431	1.471	2.078	1.824	3
457	1.451	1.745	2.157	1.843	3
458	1.608	1.941	2.039	1.804	3
459	1.51	1.647	1.843	1.706	3
460	1.451	1.51	1.961	1.667	3
461	1.471	1.608	2.059	1.686	3
462	1.431	1.431	1.98	1.765	3
463	1.569	1.588	2.098	1.784	3
464	1.804	1.804	2.02	1.686	3
465	1.588	1.51	1.843	1.588	3
466	1.549	1.882	2.098	1.706	3
467	1.667	2.059	2.216	1.843	3
468	1.686	1.863	2.255	1.882	3
469	1.667	1.569	2.02	1.804	3
470	1.686	1.451	1.863	1.627	3
471	1.765	1.941	1.961	1.49	3
472	2.0	2.49	2.0	1.431	3
473	2.02	2.843	2.137	1.49	3
474	1.902	3.039	2.235	1.667	3
475	2.098	3.294	2.412	1.941	3
476	2.275	3.373	2.471	2.098	3
477	2.373	3.137	2.176	1.98	3
478	2.569	2.941	2.059	1.667	3
479	2.882	2.941	2.039	1.373	3
480	3.039	3.196	2.176	1.294	3
481	3.275	3.333	2.196	1.451	3
482	3.608	3.157	2.137	1.569	3
483	3.765	3.0	2.176	1.686	3
484	3.882	3.02	2.235	1.706	3
485	4.039	3.078	2.098	1.686	3
486	4.118	3.118	2.059	1.667	3
487	4.255	3.275	2.078	1.686	3
488	4.667	3.314	2.059	1.667	3
489	4.745	3.255	2.059	1.725	3
490	4.843	3.373	1.882	1.706	3
491	5.0	3.216	1.843	1.647	3
492	5.0	3.059	1.784	1.686	3
493	5.0	3.176	1.902	1.902	3
494	4.941	3.451	2.078	2.235	3
495	5.0	3.275	1.941	2.392	3
496	5.0	2.961	1.765	2.314	3
497	4.941	3.235	1.882	2.176	3
498	5.0	3.549	1.961	2.118	3
499	4.922	3.118	1.863	2.137	3
500	4.608	2.784	1.725	2.157	3
501	4.49	2.922	1.784	2.255	3
502	4.373	2.941	1.843	2.431	3
503	4.294	2.863	1.882	2.588	3
504	4.176	2.804	1.882	2.608	3
505	4.059	2.902	1.863	2.549	3
506	3.804	2.804	1.725	2.412	3
507	3.784	2.843	1.647	2.275	3
508	3.706	3.157	1.804	2.255	3
509	3.529	3.137	1.784	2.314	3
510	3.196	2.784	1.706	2.412	3
511	2.922	2.725	1.686	2.451	3
512	2.686	2.608	1.745	2.431	3
513	2.588	2.196	1.686	2.353	3
514	2.529	2.431	1.667	2.235	3
515	2.49	2.882	1.784	2.235	3
516	2.137	2.49	1.588	2.255	3
517	1.824	2.333	1.647	2.294	3
518	1.765	2.471	1.725	2.235	3
519	1.647	2.471	1.647	2.118	3
520	1.314	2.039	1.451	2.02	3
521	1.216	2.275	1.569	2.0	3
522	1.0	2.392	1.51	2.078	3
523	0.882	2.412	1.471	2.157	3
524	0.745	2.667	1.471	2.137	3
525	0.588	2.882	1.471	2.039	3
526	0.49	2.725	1.353	1.941	3
527	0.294	2.314	1.314	1.902	3
528	0.196	2.098	1.392	1.902	3
529	0.098	2.353	1.392	1.882	3
530	0.0	2.392	1.392	1.882	3
531	0.0	2.333	1.647	2.0	3
532	0.0	2.706	1.451	2.098	3
533	0.0	2.373	1.294	2.02	3
534	0.0	1.961	1.294	1.902	3
535	0.0	1.765	1.373	1.804	3
536	0.0	1.765	1.51	1.765	3
537	0.0	1.843	1.529	1.824	3
538	0.0	1.824	1.353	1.863	3
539	0.0	1.765	1.412	1.863	3
540	0.0	1.941	1.549	1.863	3
541	0.0	2.039	1.667	1.922	3
542	0.0	1.784	1.686	1.98	3
543	0.0	1.902	1.804	1.98	3
544	0.0	1.529	1.765	1.922	3
545	0.0	1.0	1.667	1.824	3
546	0.0	0.667	1.588	1.686	3
547	0.0	0.608	1.706	1.627	3
548	0.0	0.608	1.98	1.706	3
549	0.02	0.608	2.078	1.863	3
550	0.0	0.392	2.0	1.922	3
551	0.0	0.0	1.941	1.863	3
552	0.039	0.0	2.118	1.765	3
553	0.078	0.02	2.333	1.725	3
554	0.059	0.0	2.373	1.765	3
555	0.157	0.0	2.235	1.686	3
556	0.275	0.0	2.157	1.608	3
557	0.314	0.0	2.275	1.667	3
558	0.353	0.0	2.451	1.804	3
559	0.471	0.02	2.549	1.902	3
560	0.569	0.0	2.706	1.922	3
561	0.608	0.0	2.529	1.863	3
562	0.647	0.0	2.667	1.882	3
563	0.765	0.0	2.706	1.882	3
564	0.902	0.0	2.863	1.882	3
565	0.902	0.275	3.157	2.02	3
566	0.98	0.176	3.039	2.137	3
567	1.0	0.0	2.745	2.098	3
568	1.216	0.0	2.745	1.961	3
569	1.353	0.0	2.843	1.843	3
570	1.373	0.059	3.0	1.843	3
571	1.314	0.098	2.98	1.941	3
572	1.333	0.255	2.98	2.078	3
573	1.353	0.51	3.02	2.196	3
574	1.471	0.412	2.922	2.176	3
575	1.529	0.412	2.824	2.078	3
576	1.608	0.196	2.725	1.941	3
577	1.667	0.588	2.824	1.902	3
578	1.647	0.804	2.765	1.902	3
579	1.706	0.784	2.706	1.941	3
580	1.824	0.98	2.765	1.98	3
581	1.843	1.098	2.824	2.0	3
582	1.863	0.922	2.824	2.039	3
583	1.922	1.059	2.804	2.078	3
584	1.902	0.922	2.51	2.02	3
585	1.941	0.725	2.471	1.863	3
586	2.02	0.922	2.569	1.745	3
587	2.039	1.059	2.588	1.725	3
588	2.098	1.02	2.49	1.745	3
589	2.098	1.255	2.471	1.804	3
590	2.078	1.451	2.431	1.824	3
591	2.078	1.725	2.51	1.843	3
592	2.157	1.98	2.569	1.863	3
593	2.176	2.078	2.529	1.843	3
594	2.216	1.941	2.529	1.824	3
595	2.235	1.745	2.471	1.824	3
596	2.196	1.843	2.255	1.843	3
597	2.294	1.922	2.314	1.843	3
598	2.333	1.961	2.431	1.843	3
599	2.353	1.961	2.412	1.843	3
600	2.451	1.961	2.471	1.804	3
601	2.353	1.745	2.392	1.784	3
602	2.333	1.647	2.333	1.863	3
603	2.373	1.882	2.627	2.02	3
604	2.353	2.235	2.647	2.137	3
605	2.255	1.882	2.235	2.078	3
606	2.216	1.824	2.196	1.98	3
607	2.137	2.118	2.451	1.961	3
608	2.176	2.216	2.569	2.059	3
609	2.176	2.255	2.588	2.118	3
610	2.039	2.275	2.529	2.137	3
611	1.922	2.471	2.608	2.216	3
612	1.843	2.412	2.608	2.255	3
613	1.941	2.373	2.51	2.235	3
614	2.137	2.412	2.569	2.176	3
615	2.118	2.314	2.667	2.157	3
616	2.059	2.235	2.745	2.118	3
617	2.059	2.333	2.882	2.294	3
618	1.902	1.961	2.706	2.373	3
619	1.922	1.941	2.686	2.353	3
620	2.039	2.02	2.686	2.216	3
621	2.157	2.196	2.745	2.118	3
622	2.196	2.255	2.765	2.137	3
623	2.275	2.255	2.706	2.176	3
624	2.412	2.235	2.569	2.157	3
625	2.51	2.275	2.588	2.196	3
626	2.451	2.216	2.529	2.196	3
627	2.431	2.078	2.431	2.196	3
628	2.549	2.294	2.294	2.216	3
629	2.706	2.451	2.176	2.216	3
630	2.843	2.549	2.216	2.216	3
631	2.824	2.569	2.235	2.196	3
632	2.863	2.255	2.059	2.137	3
633	2.824	1.784	1.941	2.078	3
634	2.882	1.922	1.863	2.078	3
635	2.824	2.0	1.725	2.118	3
636	2.725	1.941	1.706	2.118	3
637	2.804	2.216	1.745	2.118	3
638	2.824	2.235	1.725	2.098	3
639	2.784	1.941	1.51	2.059	3
640	2.725	2.0	1.412	1.961	3
641	2.667	2.157	1.412	1.843	3
642	2.667	2.176	1.412	1.843	3
643	2.608	2.451	1.51	1.902	3
644	2.549	2.49	1.471	1.98	3
645	2.51	2.529	1.431	2.0	3
646	2.471	2.51	1.373	1.961	3
647	2.431	2.667	1.471	1.922	3
648	2.471	2.608	1.373	1.843	3
649	2.255	2.333	1.333	1.765	3
650	2.255	2.314	1.412	1.745	3
651	2.333	2.451	1.49	1.843	3
652	2.196	2.157	1.451	1.882	3
653	2.118	2.0	1.392	1.863	3
654	2.098	1.961	1.373	1.804	3
655	2.02	1.941	1.431	1.765	3
656	1.98	1.863	1.431	1.765	3
657	1.941	1.922	1.392	1.784	3
658	1.863	1.882	1.431	1.824	3
659	1.882	1.843	1.471	1.843	3
660	1.882	2.0	1.51	1.843	3
661	1.863	2.118	1.451	1.784	3
662	1.863	2.118	1.333	1.784	3
663	1.686	2.333	1.49	1.863	3
664	1.667	2.176	1.529	1.902	3
665	1.725	1.98	1.529	1.922	3
666	1.706	1.863	1.529	1.902	3
667	1.667	1.804	1.627	1.941	3
668	1.667	2.059	1.725	1.98	3
669	1.667	1.824	1.569	1.98	3
670	1.647	1.765	1.549	1.882	3
671	1.667	1.804	1.667	1.863	3
672	1.667	1.941	1.706	1.922	3
673	1.588	1.725	1.686	1.961	3
674	1.588	1.863	1.667	1.98	3
675	1.608	1.882	1.686	1.941	3
676	1.588	1.784	1.686	1.941	3
677	1.647	1.745	1.686	1.922	3
678	1.667	1.843	1.725	1.941	3
679	1.667	1.941	1.667	1.941	3
680	1.647	2.157	1.745	1.941	3
681	1.725	2.431	2.0	2.039	3
682	1.667	2.039	1.961	2.118	3
683	1.725	1.706	1.843	2.039	3
684	1.784	1.627	1.804	1.902	3
685	1.902	1.784	1.902	1.882	3
686	1.804	1.765	1.843	1.902	3
687	1.725	1.745	1.882	1.882	3
688	1.765	1.686	1.941	1.863	3
689	1.843	1.745	2.02	1.863	3
690	1.863	1.667	1.961	1.863	3
691	1.882	1.784	2.0	1.863	3
692	1.863	1.863	2.078	1.843	3
693	1.941	1.863	1.961	1.824	3
694	1.961	1.922	1.961	1.863	3
695	1.843	1.902	2.0	1.863	3
696	1.843	2.02	2.078	1.882	3
697	1.902	2.137	2.157	1.902	3
698	1.902	2.098	2.157	1.882	3
699	1.882	1.863	2.059	1.824	3
700	1.843	1.647	2.02	1.745	3
701	1.843	1.686	2.196	1.745	3
702	1.941	2.02	2.333	1.863	3
703	1.922	1.745	2.118	1.941	3
704	1.843	1.647	2.235	1.922	3
705	1.922	1.706	2.314	1.804	3
706	1.882	1.667	2.216	1.745	3
707	1.902	1.588	2.216	1.745	3
708	1.882	1.765	2.314	1.824	3
709	1.843	1.843	2.353	1.843	3
710	1.863	1.882	2.314	1.824	3
711	1.882	1.98	2.333	1.824	3
712	1.902	2.059	2.431	1.784	3
713	2.0	2.157	2.412	1.784	3
714	2.039	2.118	2.373	1.784	3
715	2.059	2.098	2.392	1.784	3
716	2.098	2.157	2.431	1.765	3
717	2.176	1.765	2.412	1.725	3
718	2.196	1.608	2.373	1.706	3
719	2.294	1.843	2.412	1.725	3
720	2.314	1.902	2.431	1.765	3
721	2.235	1.961	2.49	1.784	3
722	2.196	2.078	2.451	1.843	3
723	2.333	1.98	2.451	1.863	3
724	2.412	1.667	2.314	1.784	3
725	2.392	1.549	2.196	1.686	3
726	2.353	1.725	2.255	1.647	3
727	2.373	2.02	2.333	1.706	3
728	2.392	2.196	2.333	1.804	3
729	2.353	2.098	2.176	1.902	3
730	2.373	2.176	2.196	1.961	3
731	2.451	2.314	2.118	1.941	3
732	2.412	2.314	2.118	1.902	3
733	2.392	2.314	2.137	1.863	3
734	2.451	2.176	2.078	1.882	3
735	2.431	2.059	2.078	1.922	3
736	2.49	2.176	2.137	2.02	3
737	2.431	1.843	1.922	2.02	3
738	2.333	1.706	1.882	1.98	3
739	2.353	1.824	1.902	1.941	3
740	2.373	1.863	1.863	1.922	3
741	2.333	1.863	1.863	1.941	3
742	2.294	1.98	1.902	2.02	3
743	2.294	1.922	1.882	2.059	3
744	2.294	2.02	1.922	2.118	3
745	2.235	1.961	1.804	2.118	3
746	2.157	1.922	1.725	2.039	3
747	2.137	1.961	1.745	2.0	3
748	2.176	2.02	1.725	2.02	3
749	2.137	2.078	1.765	2.039	3
750	2.078	2.176	1.863	2.098	3
751	1.961	2.235	1.961	2.196	3
752	1.863	2.098	1.843	2.275	3
753	2.059	1.98	1.765	2.235	3
754	2.039	1.745	1.706	2.118	3
755	1.941	1.745	1.706	2.02	3
756	1.922	1.843	1.843	1.98	3
757	1.843	1.882	1.843	2.059	3
758	1.902	1.863	1.843	2.137	3
759	1.98	1.98	1.863	2.176	3
760	1.804	2.0	1.882	2.216	3
761	1.745	1.961	1.843	2.235	3
762	1.804	1.961	1.843	2.216	3
763	1.863	1.961	1.843	2.098	3
764	1.922	2.059	1.804	2.039	3
765	1.882	2.098	1.804	2.039	3
766	1.843	2.098	1.843	2.137	3
767	1.902	2.255	1.922	2.157	3
768	1.882	2.0	1.804	2.176	3
769	1.824	1.843	1.882	2.137	3
770	1.922	1.98	2.0	2.176	3
771	1.922	1.765	1.824	2.176	3
772	1.843	1.686	1.804	2.059	3
773	1.843	1.765	1.902	2.02	3
774	1.843	1.843	1.882	2.02	3
775	1.902	1.784	1.784	2.02	3
776	1.824	1.706	1.843	2.039	3
777	1.745	1.608	1.922	2.078	3
778	1.765	1.725	1.902	2.118	3
779	1.843	2.039	1.863	2.176	3
780	1.765	2.039	1.765	2.157	3
781	1.765	2.157	1.882	2.078	3
782	1.725	2.098	1.882	2.039	3
783	1.725	1.804	1.843	2.059	3
784	1.863	1.843	1.824	2.039	3
785	1.784	1.902	1.843	2.059	3
786	1.765	1.882	1.804	2.02	3
787	1.824	2.02	1.902	2.098	3
788	1.784	1.824	1.804	2.176	3
789	1.706	1.647	1.784	2.176	3
790	1.784	1.725	1.843	2.098	3
791	1.824	1.824	1.843	2.0	3
792	1.745	1.784	1.843	2.0	3
793	1.745	1.824	1.902	2.059	3
794	1.784	1.902	1.882	2.137	3
795	1.804	1.98	1.882	2.137	3
796	1.843	1.961	1.843	2.098	3
797	1.824	1.961	1.804	2.039	3
798	1.843	1.98	1.843	2.0	3
799	1.843	2.0	1.902	2.02	3
800	1.804	1.961	1.863	2.078	3
801	1.843	1.98	1.922	2.137	3
802	1.902	1.902	1.961	2.137	3
803	1.902	1.725	1.922	2.118	3
804	2.059	1.941	2.02	2.078	3
805	2.039	1.627	1.922	2.059	3
806	1.882	1.49	1.863	1.98	3
807	1.882	1.529	1.863	1.941	3
808	1.922	1.804	2.0	2.0	3
809	2.0	1.882	2.137	2.118	3
810	1.941	1.784	2.078	2.157	3
811	1.843	1.608	1.961	2.157	3
812	1.961	1.667	2.02	2.059	3
813	2.059	1.922	2.059	1.98	3
814	1.98	1.961	2.059	1.98	3
815	1.941	2.02	2.078	2.02	3
816	1.902	1.98	2.059	2.059	3
817	1.902	2.0	2.078	2.098	3
818	1.941	2.039	2.118	2.039	3
819	1.98	1.882	2.078	2.02	3
820	1.961	1.824	2.078	2.0	3
821	2.02	1.902	2.216	2.02	3
822	2.0	1.882	2.118	2.039	3
823	1.922	1.686	2.059	1.98	3
824	1.961	1.686	2.157	1.961	3
825	1.882	1.843	2.255	1.941	3
826	1.882	1.804	2.235	1.961	3
827	1.961	1.804	2.176	1.961	3
828	1.98	1.863	2.196	1.941	3
829	1.98	1.98	2.216	1.902	3
830	1.98	2.02	2.235	1.863	3
831	1.941	2.118	2.255	1.863	3
832	1.941	2.196	2.216	1.863	3
833	1.98	2.157	2.176	1.843	3
834	1.98	2.118	2.176	1.843	3
835	2.02	2.137	2.255	1.824	3
836	2.0	2.118	2.255	1.843	3
837	2.02	2.0	2.255	1.863	3
838	2.137	2.235	2.431	1.882	3
839	2.118	2.078	2.373	1.902	3
840	2.02	1.784	2.176	1.843	3
841	2.118	1.784	2.118	1.706	3
842	2.059	1.784	2.196	1.667	3
843	2.078	1.882	2.314	1.706	3
844	2.157	2.0	2.314	1.784	3
845	2.098	2.059	2.255	1.863	3
846	2.176	2.039	2.255	1.843	3
847	2.196	2.02	2.275	1.804	3
848	2.078	2.078	2.255	1.765	3
849	2.098	2.157	2.216	1.745	3
850	2.098	2.137	2.157	1.745	3
851	2.137	2.078	2.176	1.706	3
852	2.196	2.118	2.216	1.745	3
853	2.118	1.922	2.216	1.804	3
854	2.137	1.863	2.157	1.863	3
855	2.314	1.98	2.314	1.843	3
856	2.235	1.784	2.176	1.824	3
857	2.0	1.608	2.078	1.745	3
858	2.098	1.725	2.176	1.706	3
859	2.098	1.784	2.137	1.725	3
860	2.059	1.627	2.157	1.745	3
861	2.059	1.647	2.196	1.784	3
862	2.039	1.647	2.157	1.804	3
863	2.039	1.667	2.118	1.804	3
864	2.039	1.745	2.137	1.804	3
865	2.059	1.824	2.098	1.765	3
866	1.98	1.902	2.098	1.784	3
867	2.0	1.922	2.157	1.843	3
868	1.922	1.824	2.137	1.882	3
869	1.902	1.784	2.118	1.863	3
870	1.882	1.627	2.078	1.824	3
871	1.902	1.569	2.0	1.765	3
872	1.941	1.863	2.235	1.804	3
873	1.922	1.608	2.098	1.882	3
874	1.804	1.412	2.039	1.863	3
875	1.824	1.392	2.059	1.824	3
876	1.804	1.431	2.039	1.804	3
877	1.784	1.49	2.059	1.843	3
878	1.725	1.647	2.157	1.882	3
879	1.686	1.686	2.098	1.922	3
880	1.745	1.706	2.059	1.922	3
881	1.784	1.569	2.0	1.863	3
882	1.725	1.608	1.882	1.784	3
883	1.706	1.804	2.0	1.765	3
884	1.706	2.02	2.078	1.863	3
885	1.725	2.039	2.098	2.0	3
886	1.725	2.059	2.059	2.059	3
887	1.706	2.039	2.02	2.039	3
888	1.686	1.804	1.98	1.98	3
889	1.745	1.922	2.118	1.961	3
890	1.784	1.863	2.039	1.961	3
891	1.686	1.686	1.941	1.941	3
892	1.725	1.725	2.0	1.941	3
893	1.784	1.863	2.098	1.941	3
894	1.784	1.902	2.137	2.0	3
895	1.745	1.843	2.078	2.039	3
896	1.686	1.824	1.961	2.039	3
897	1.765	1.98	1.98	1.98	3
898	1.765	2.039	2.078	1.961	3
899	1.765	2.098	2.039	1.98	3
900	1.784	2.137	2.039	2.0	3
901	1.843	2.118	2.039	2.0	3
902	1.843	2.059	1.961	1.98	3
903	1.824	2.176	2.02	1.98	3
904	1.882	2.078	2.059	1.98	3
905	1.824	1.902	2.02	1.98	3
906	1.902	2.02	2.059	1.98	3
907	1.922	1.922	2.02	1.98	3
908	1.804	1.765	1.98	1.941	3
909	1.882	1.765	2.0	1.941	3
910	1.902	1.804	2.0	1.941	3
911	1.863	1.784	1.98	1.922	3
912	1.882	1.784	2.039	1.902	3
913	1.882	1.863	2.059	1.902	3
914	1.902	1.941	2.039	1.922	3
915	1.922	1.922	2.0	1.922	3
916	1.882	1.863	1.98	1.902	3
917	1.863	2.0	2.039	1.941	3
918	1.961	2.059	2.0	1.961	3
919	1.922	1.882	1.882	1.922	3
920	1.961	2.039	1.941	1.902	3
921	1.941	1.961	2.0	1.902	3
922	1.961	1.941	2.059	1.902	3
923	2.098	2.039	2.098	2.0	3
924	2.059	1.863	2.0	2.02	3
925	1.922	1.706	2.0	1.98	3
926	1.961	1.804	2.059	1.961	3
927	2.039	1.725	1.98	1.902	3
928	2.039	1.686	1.961	1.902	3
929	2.02	1.765	2.02	1.882	3
930	2.039	1.922	2.039	1.941	3
931	2.039	2.118	2.098	2.0	3
932	2.078	2.039	2.039	2.039	3
933	2.078	2.059	2.02	2.059	3
934	2.059	2.078	2.0	2.02	3
935	2.059	2.02	2.0	1.98	3
936	2.059	2.039	2.059	1.98	3
937	2.098	2.098	2.0	1.98	3
938	2.137	2.0	2.02	1.922	3
939	2.157	1.941	2.098	1.941	3
940	2.176	2.216	2.216	2.039	3
941	2.157	2.039	2.137	2.157	3
942	2.02	1.686	2.0	2.137	3
943	2.118	1.667	2.039	2.0	3
944	2.176	1.706	2.059	1.922	3
945	2.137	1.725	2.02	1.902	3
946	2.118	1.725	1.961	1.882	3
947	2.098	1.824	2.0	1.863	3
948	2.118	2.059	2.118	1.941	3
949	2.098	2.118	2.176	2.098	3
950	2.137	2.157	2.157	2.196	3
951	2.098	1.98	2.039	2.176	3
952	2.059	2.02	2.078	2.059	3
953	2.078	2.0	1.98	1.961	3
954	2.059	2.039	1.961	1.902	3
955	2.118	2.078	2.059	1.961	3
956	2.118	2.0	2.059	2.0	3
957	2.137	1.98	2.098	2.078	3
958	2.157	1.902	2.078	2.078	3
959	2.059	1.706	2.039	2.039	3
960	2.039	1.686	2.039	1.961	3
961	2.059	1.745	2.059	1.922	3
962	2.059	1.784	1.941	1.922	3
963	2.039	1.784	2.02	2.039	3
964	2.118	1.902	2.059	2.078	3
965	1.98	1.804	1.941	2.02	3
966	1.98	1.863	2.0	1.961	3
967	2.059	2.0	1.961	1.922	3
968	2.039	2.078	2.0	1.941	3
969	2.039	2.059	2.02	1.98	3
970	2.039	1.98	2.0	2.059	3
971	2.02	2.02	1.941	2.02	3
972	2.039	2.0	1.941	2.0	3
973	2.0	1.882	1.98	2.0	3
974	2.078	2.039	2.098	2.039	3
975	2.118	1.98	2.059	2.059	3
976	2.0	1.706	1.922	2.02	3
977	2.0	1.745	1.98	1.98	3
978	2.02	1.843	2.02	1.98	3
979	2.0	1.765	2.02	2.02	3
980	2.059	1.765	1.98	2.02	3
981	2.078	1.804	1.98	1.98	3
982	2.059	1.922	2.059	1.961	3
983	2.039	1.941	2.059	2.0	3
984	2.02	1.922	1.902	1.98	3
985	2.059	2.039	1.98	1.941	3
986	2.078	2.078	2.02	1.961	3
987	2.078	1.922	2.039	1.961	3
988	2.059	2.02	2.059	2.0	3
989	2.0	2.02	2.078	2.02	3
990	2.0	1.843	2.039	2.02	3
991	2.059	2.098	2.137	2.039	3
992	2.098	2.118	2.157	2.078	3
993	1.941	1.647	1.961	2.02	3
994	1.941	1.627	1.98	1.922	3
995	1.98	1.667	2.059	1.863	3
996	1.961	1.686	2.098	1.922	3
997	1.922	1.706	2.078	2.0	3
998	1.863	1.863	2.059	2.059	3
999	1.882	1.922	2.02	2.059	3
1000	1.902	2.02	2.078	2.02	3
1001	1.961	2.039	2.02	1.98	3
1002	1.902	2.039	2.078	1.98	3
1003	1.824	2.0	2.0	1.98	3
1004	1.784	1.882	1.941	2.0	3
1005	1.824	2.039	2.039	2.0	3
1006	1.902	2.039	2.059	2.02	3
1007	1.922	1.961	2.098	2.02	3
1008	1.98	2.098	2.176	2.02	3
1009	2.02	2.039	2.078	2.059	3
1010	1.824	1.686	2.0	2.059	3
1011	1.843	1.627	1.922	2.0	3
1012	1.922	1.725	1.98	1.902	3
1013	1.941	1.745	2.02	1.882	3
1014	1.902	1.804	2.059	1.922	3
1015	1.902	1.824	2.059	2.0	3
1016	1.863	1.824	2.0	2.039	3
1017	1.902	1.843	1.98	2.02	3
1018	1.961	1.902	1.941	1.98	3
1019	1.902	1.922	1.98	1.941	3
1020	1.882	1.98	1.98	1.961	3
1021	1.922	2.059	2.039	1.961	3
1022	1.941	2.039	2.059	2.0	3
1023	1.902	1.843	1.922	1.961	3
1024	1.863	1.725	1.882	1.922	3
1025	1.922	1.941	2.078	1.98	3
1026	1.961	1.922	2.137	2.02	3
1027	1.882	1.686	1.941	1.98	3
1028	1.902	1.647	1.941	1.902	3
1029	1.922	1.667	2.0	1.843	3
1030	1.843	1.706	2.0	1.882	3
1031	1.882	1.765	2.039	1.922	3
1032	1.902	1.824	2.02	1.941	3
1033	1.902	1.843	2.039	1.961	3
1034	1.902	1.824	2.0	1.941	3
1035	1.941	1.98	1.98	1.882	3
1036	1.961	2.118	2.059	1.902	3
1037	1.902	2.078	2.0	1.941	3
1038	1.902	1.961	2.02	1.941	3
1039	1.922	1.961	2.02	1.961	3
1040	1.941	1.882	1.98	1.902	3
1041	1.961	1.922	2.039	1.902	3
1042	1.98	2.02	2.137	1.922	3
1043	2.059	1.98	2.098	1.961	3
1044	1.961	1.706	2.02	1.922	3
1045	1.922	1.725	2.039	1.902	3
1046	1.941	1.765	2.039	1.863	3
1047	1.941	1.686	2.02	1.843	3
1048	1.941	1.667	2.02	1.863	3
1049	1.961	1.706	2.039	1.824	3
1050	2.0	1.804	2.059	1.843	3
1051	1.98	1.922	2.059	1.882	3
1052	1.98	2.078	2.098	1.941	3
1053	1.922	2.02	2.039	1.961	3
1054	1.902	1.961	2.0	1.902	3
1055	1.941	1.843	1.941	1.804	3
1056	1.961	1.922	2.039	1.765	3
1057	1.961	1.941	2.118	1.843	3
1058	1.98	1.961	2.196	1.941	3
1059	2.0	1.961	2.157	2.039	3
1060	2.059	1.98	2.0	2.0	3
1061	1.922	1.647	1.98	1.882	3
1062	1.882	1.725	2.118	1.824	3
1063	1.941	1.784	2.118	1.804	3
1064	1.98	1.765	2.078	1.843	3
1065	1.961	1.784	2.098	1.902	3
1066	1.941	1.843	2.078	1.941	3
1067	1.922	1.843	2.02	1.902	3
1068	1.941	1.784	2.059	1.863	3
1069	1.941	1.961	2.098	1.843	3
1070	1.863	2.039	2.118	1.902	3
1071	1.863	2.059	2.059	1.961	3
1072	1.922	2.02	2.039	1.941	3
1073	1.961	2.039	2.059	1.902	3
1074	1.98	1.941	2.059	1.882	3
1075	1.941	1.765	2.078	1.882	3
1076	1.941	1.843	2.157	1.922	3
1077	2.0	1.941	2.078	1.941	3
1078	1.843	1.549	2.0	1.882	3
1079	1.843	1.647	2.02	1.863	3
1080	1.961	1.843	2.118	1.902	3
1081	1.98	1.843	2.176	1.961	3
1082	1.941	1.745	2.098	1.961	3
1083	1.863	1.745	1.98	1.922	3
1084	1.902	1.804	2.059	1.882	3
1085	1.941	1.902	2.118	1.902	3
1086	1.922	2.078	2.137	1.922	3
1087	1.922	2.059	2.098	1.961	3
1088	1.922	2.059	2.039	1.961	3
1089	1.941	2.02	2.02	1.922	3
1090	1.922	2.078	2.039	1.902	3
1091	1.961	2.098	2.118	1.902	3
1092	1.941	1.98	2.039	1.941	3
1093	1.961	1.98	2.098	2.0	3
1094	1.961	1.941	2.118	2.039	3
1095	1.882	1.647	2.02	2.0	3
1096	1.961	1.745	2.0	1.961	3
1097	1.98	1.882	2.098	1.922	3
1098	1.902	1.784	2.078	1.882	3
1099	1.922	1.725	2.039	1.922	3
1100	1.98	1.784	2.02	1.941	3
1101	1.961	1.882	2.039	1.941	3
1102	1.922	1.941	2.078	1.961	3
1103	1.922	2.039	2.098	2.02	3
1104	1.941	1.941	1.961	1.98	3
1105	1.98	2.0	1.98	1.941	3
1106	1.941	2.0	1.98	1.941	3
1107	1.922	2.02	2.02	1.941	3
1108	1.961	1.961	2.02	1.941	3
1109	1.941	1.882	2.039	1.961	3
1110	1.98	1.902	2.137	2.02	3
1111	2.0	1.98	2.059	2.078	3
1112	1.922	1.725	1.98	2.039	3
1113	1.902	1.588	1.961	1.941	3
1114	2.0	1.745	2.02	1.863	3
1115	2.0	1.765	2.059	1.882	3
1116	1.941	1.686	2.039	1.941	3
1117	1.98	1.765	2.0	1.98	3
1118	1.941	1.863	2.039	2.02	3
1119	1.961	1.941	2.039	1.98	3
1120	1.961	1.98	2.02	1.98	3
1121	1.98	1.922	2.02	1.961	3
1122	2.0	2.0	2.039	1.961	3
1123	1.98	2.0	1.98	1.922	3
1124	2.0	2.039	1.98	1.922	3
1125	2.02	2.078	2.02	1.941	3
1126	1.941	1.98	2.039	1.98	3
1127	1.941	1.902	2.098	2.02	3
1128	2.078	2.0	2.118	2.02	3
1129	2.02	1.667	2.0	1.98	3
1130	1.961	1.608	2.039	1.98	3
1131	1.941	1.627	2.0	1.961	3
1132	2.039	1.706	1.941	1.882	3
1133	2.039	1.745	2.039	1.882	3
1134	2.0	1.902	2.098	1.941	3
1135	1.98	1.961	2.098	2.0	3
1136	1.922	1.902	2.039	2.059	3
1137	1.922	1.922	2.039	2.039	3
1138	1.941	1.882	2.039	2.0	3
1139	1.98	2.0	2.0	1.961	3
1140	1.98	2.02	2.0	1.961	3
1141	1.98	2.02	2.02	1.961	3
1142	2.0	2.0	2.039	1.961	3
1143	1.961	1.98	2.039	1.98	3
1144	2.02	1.98	2.157	2.02	3
1145	2.059	2.039	2.098	2.078	3
1146	1.922	1.667	1.961	2.02	3
1147	1.922	1.667	2.02	1.98	3
1148	2.02	1.745	2.02	1.902	3
1149	1.98	1.725	2.039	1.941	3
1150	2.0	1.765	2.098	2.0	3
1151	2.02	1.882	2.059	2.02	3
1152	1.98	1.882	2.02	2.02	3
1153	1.922	1.863	2.0	2.0	3
1154	1.98	1.922	2.0	1.98	3
1155	2.0	1.882	1.961	1.922	3
1156	2.02	1.98	2.039	1.941	3
1157	1.98	2.02	2.02	1.98	3
1158	1.961	2.02	2.059	2.02	3
1159	1.961	2.02	2.02	2.039	3
1160	2.0	1.98	2.02	2.0	3
1161	2.039	1.961	2.078	1.98	3
1162	2.039	1.98	2.098	1.98	3
1163	1.961	1.627	1.98	1.961	3
1164	1.922	1.627	1.98	1.941	3
1165	2.039	1.804	2.039	1.961	3
1166	2.0	1.843	2.059	1.98	3
1167	1.961	1.765	2.02	1.961	3
1168	2.0	1.824	1.98	1.941	3
1169	1.961	1.882	2.02	1.922	3
1170	1.961	1.941	2.039	1.961	3
1171	1.98	1.98	2.0	1.941	3
1172	2.0	1.941	1.98	1.922	3
1173	1.961	1.98	2.0	1.961	3
1174	1.98	2.0	2.0	1.961	3
1175	1.98	2.0	2.0	1.961	3
1176	1.961	2.039	2.059	2.0	3
1177	1.941	1.824	1.941	2.02	3
1178	1.961	1.941	2.137	2.039	3
1179	2.039	2.098	2.137	2.039	3
1180	1.941	1.725	1.98	2.02	3
1181	1.902	1.588	1.98	1.941	3
1182	1.941	1.706	2.039	1.922	3
1183	1.961	1.765	2.039	1.922	3
1184	1.941	1.745	2.039	1.941	3
1185	1.941	1.843	1.98	1.961	3
1186	1.961	1.843	2.0	1.98	3
1187	1.922	1.922	2.039	1.98	3
1188	1.902	2.0	1.98	1.98	3
1189	1.922	2.02	1.98	1.941	3
1190	1.941	1.98	2.0	1.902	3
1191	1.941	2.118	2.118	1.941	3
1192	1.98	2.098	2.059	1.98	3
1193	1.98	1.902	1.961	1.98	3
1194	1.98	1.863	2.0	1.922	3
1195	1.961	1.843	2.118	1.902	3
1196	2.0	2.02	2.137	1.98	3
1197	1.941	1.784	1.961	2.0	3
1198	1.902	1.667	1.98	1.961	3
1199	1.961	1.784	2.039	1.902	3
1200	1.961	1.745	2.078	1.863	3
1201	1.961	1.765	2.098	1.882	3
1202	1.98	1.804	2.059	1.941	3
1203	1.941	1.863	2.039	1.961	3
1204	1.863	1.863	2.078	1.98	3
1205	1.941	2.0	2.02	1.98	3
1206	1.961	2.0	2.02	1.941	3
1207	1.941	2.02	2.098	1.941	3
1208	1.941	2.0	2.078	1.961	3
1209	1.922	1.98	2.078	1.961	3
1210	1.922	2.02	2.02	1.98	3
1211	1.902	1.922	1.98	1.941	3
1212	1.98	1.843	2.118	1.922	3
1213	2.02	1.863	2.118	1.941	3
1214	1.902	1.569	2.02	1.961	3
1215	1.863	1.647	2.039	1.941	3
1216	2.02	1.765	2.059	1.961	3
1217	2.039	1.843	2.078	1.922	3
1218	1.941	1.784	2.118	1.922	3
1219	1.922	1.824	2.078	1.941	3
1220	1.882	1.784	2.0	1.902	3
1221	1.902	1.804	2.02	1.922	3
1222	1.941	1.961	2.059	1.941	3
1223	1.961	1.961	2.0	1.941	3
1224	1.922	1.98	1.98	1.941	3
1225	1.961	2.078	2.039	1.922	3
1226	1.98	2.078	2.078	1.922	3
1227	1.922	1.98	2.059	1.922	3
1228	1.902	1.882	2.0	1.98	3
1229	1.902	1.882	2.118	2.0	3
1230	2.02	1.98	2.137	2.039	3
1231	1.941	1.765	2.039	1.98	3
1232	1.922	1.706	2.039	1.922	3
1233	1.961	1.725	2.059	1.882	3
1234	1.902	1.725	2.02	1.882	3
1235	1.922	1.706	2.039	1.922	3
1236	1.941	1.745	2.078	1.961	3
1237	1.941	1.863	2.098	1.98	3
1238	1.98	1.941	2.098	1.941	3
1239	1.961	1.902	2.0	1.922	3
1240	1.882	1.922	2.0	1.902	3
1241	1.922	2.02	2.078	1.922	3
1242	1.902	1.941	2.0	1.961	3
1243	1.961	2.039	2.059	1.941	3
1244	2.02	2.059	2.098	1.941	3
1245	1.941	1.902	2.039	1.941	3
1246	1.902	1.824	2.137	1.961	3
1247	2.0	1.922	2.196	2.039	3
1248	2.039	1.667	1.98	1.98	3
1249	1.961	1.588	1.941	1.863	3
1250	1.882	1.824	2.157	1.843	3
1251	1.882	1.941	2.078	1.941	3
1252	1.922	1.725	2.059	2.0	3
1253	1.941	1.784	2.078	2.039	3
1254	1.941	1.902	2.078	2.02	3
1255	1.941	1.961	2.098	1.961	3
1256	1.961	2.078	2.137	1.922	3
1257	1.961	2.02	2.039	1.902	3
1258	1.941	2.059	2.039	1.941	3
1259	1.922	2.02	2.039	2.0	3
1260	1.941	2.078	2.078	2.059	3
1261	1.961	2.078	2.078	2.059	3
1262	1.961	1.941	2.02	2.0	3
1263	1.961	1.902	2.078	1.961	3
1264	2.039	1.98	2.137	1.98	3
1265	2.0	1.667	2.0	1.941	3
1266	1.922	1.706	2.039	1.882	3
1267	1.961	1.824	2.118	1.922	3
1268	1.941	1.725	2.059	2.0	3
1269	1.922	1.667	2.039	2.02	3
1270	1.961	1.706	2.0	1.98	3
1271	1.98	1.824	2.039	1.882	3
1272	1.98	1.922	2.039	1.843	3
1273	1.98	1.961	2.059	1.882	3
1274	1.941	1.98	2.059	1.941	3
1275	1.941	2.039	2.059	1.98	3
1276	1.98	1.941	2.039	1.98	3
1277	1.922	1.902	2.059	1.941	3
1278	1.941	1.922	2.039	1.941	3
1279	2.0	1.902	1.961	1.961	3
1280	2.0	1.902	2.059	1.961	3
1281	2.098	2.098	2.157	1.98	3
1282	1.961	1.745	2.0	1.961	3
1283	1.824	1.588	2.039	1.941	3
1284	1.922	1.706	2.059	1.941	3
1285	2.02	1.686	2.02	1.941	3
1286	2.02	1.745	2.039	1.922	3
1287	1.98	1.922	2.078	1.941	3
1288	1.941	1.902	2.0	1.961	3
1289	1.902	1.882	2.02	1.941	3
1290	1.961	1.961	2.039	1.961	3
1291	1.941	1.961	2.02	1.961	3
1292	1.961	2.118	2.098	2.0	3
1293	1.961	2.039	1.98	2.02	3
1294	1.961	2.059	2.02	2.0	3
1295	1.98	2.098	2.059	2.0	3
1296	2.02	1.961	2.0	1.941	3
1297	1.941	1.784	2.059	1.941	3
1298	2.059	1.961	2.157	2.02	3
1299	2.039	1.725	2.0	2.039	3
1300	1.902	1.608	1.961	1.961	3
1301	1.961	1.745	2.059	1.922	3
1302	1.961	1.882	2.078	1.922	3
1303	1.961	1.765	2.02	1.961	3
1304	1.98	1.804	2.059	2.0	3
1305	1.961	1.784	2.039	1.98	3
1306	2.039	1.843	2.059	1.961	3
1307	2.0	1.843	1.961	1.902	3
1308	1.98	1.863	1.941	1.863	3
1309	2.0	2.0	1.961	1.863	3
1310	1.98	2.039	2.098	1.941	3
1311	1.941	2.157	2.118	2.078	3
1312	1.882	2.059	2.059	2.118	3
1313	1.941	1.902	2.039	2.078	3
1314	2.039	1.843	2.039	1.98	3
1315	2.098	2.0	2.118	1.941	3
1316	2.02	1.745	1.98	1.922	3
1317	1.902	1.667	1.961	1.882	3
1318	1.961	1.765	2.059	1.902	3
1319	1.98	1.824	2.078	1.941	3
1320	1.941	1.765	2.098	2.039	3
1321	1.98	1.863	2.098	2.059	3
1322	1.98	1.843	2.0	2.0	3
1323	1.902	1.863	2.0	1.941	3
1324	1.961	1.882	2.039	1.902	3
1325	1.941	1.902	1.98	1.902	3
1326	1.941	1.961	2.02	1.922	3
1327	1.961	1.98	2.02	2.0	3
1328	1.961	2.059	2.02	2.02	3
1329	1.941	2.059	2.098	2.0	3
1330	1.922	1.863	2.0	1.961	3
1331	2.0	1.784	2.0	1.922	3
1332	2.059	1.922	2.078	1.941	3
1333	1.98	1.706	1.98	1.941	3
1334	1.922	1.667	2.02	1.941	3
1335	1.98	1.804	2.078	1.902	3
1336	2.02	1.824	2.02	1.922	3
1337	1.922	1.627	1.98	1.961	3
1338	1.922	1.745	2.059	1.98	3
1339	1.941	1.863	2.039	1.98	3
1340	1.941	1.961	2.02	1.941	3
1341	2.02	2.039	2.0	1.922	3
1342	1.922	2.039	1.98	1.941	3
1343	1.941	2.059	2.02	1.941	3
1344	1.941	2.02	2.059	1.961	3
1345	1.941	2.039	2.02	1.961	3
1346	1.98	2.059	2.02	1.961	3
1347	2.0	1.961	2.039	1.98	3
1348	1.961	1.843	2.02	2.0	3
1349	2.02	1.922	2.078	2.0	3
1350	1.98	1.765	2.0	2.02	3
1351	1.902	1.765	2.0	1.941	3
1352	1.961	1.843	2.098	1.941	3
1353	1.98	1.843	2.039	1.941	3
1354	1.941	1.706	2.02	1.922	3
1355	1.961	1.784	2.039	1.941	3
1356	1.941	1.902	2.059	1.961	3
1357	1.941	1.902	2.078	1.961	3
1358	2.0	1.941	2.02	1.941	3
1359	1.961	1.902	1.98	1.922	3
1360	1.922	2.02	2.059	1.941	3
1361	1.961	2.039	2.02	1.941	3
1362	1.941	2.039	2.02	1.941	3
1363	1.941	1.98	2.039	1.902	3
1364	1.98	1.804	2.039	1.902	3
1365	1.961	1.745	2.02	1.902	3
1366	2.039	1.941	2.118	1.98	3
1367	2.02	1.784	1.98	2.02	3
1368	1.902	1.647	2.0	1.961	3
1369	1.961	1.745	2.059	1.922	3
1370	1.922	1.706	2.039	1.882	3
1371	1.922	1.627	1.961	1.882	3
1372	1.98	1.804	2.039	1.863	3
1373	1.941	1.824	2.0	1.882	3
1374	1.922	1.882	2.0	1.922	3
1375	1.922	1.922	2.059	2.02	3
1376	1.902	2.0	2.059	2.039	3
1377	1.941	2.059	2.02	1.961	3
1378	1.941	2.02	1.941	1.922	3
1379	1.922	2.039	2.02	1.882	3
1380	1.941	2.118	2.059	1.902	3
1381	1.961	1.961	2.059	1.941	3
1382	1.941	1.863	2.098	2.0	3
1383	1.961	1.882	2.157	2.059	3
1384	2.0	1.745	1.98	2.039	3
1385	1.941	1.588	1.902	1.941	3
1386	1.902	1.667	2.039	1.843	3
1387	1.922	1.784	2.078	1.863	3
1388	1.961	1.784	2.02	1.922	3
1389	1.98	1.824	2.098	1.961	3
1390	1.941	1.784	2.039	2.0	3
1391	1.961	1.804	2.0	1.941	3
1392	1.941	1.882	2.059	1.941	3
1393	1.941	1.922	2.02	1.961	3
1394	1.941	1.941	1.98	1.961	3
1395	1.941	2.0	2.0	1.941	3
1396	1.961	2.098	2.059	1.961	3
1397	1.961	2.118	2.039	1.98	3
1398	1.961	1.961	2.02	1.961	3
1399	1.922	1.863	2.02	1.98	3
1400	2.059	2.039	2.118	1.98	3
1401	2.059	1.804	2.0	1.961	3
1402	1.922	1.686	2.02	1.961	3
1403	1.961	1.745	2.078	1.941	3
1404	1.961	1.804	2.039	1.922	3
1405	1.961	1.745	2.039	1.902	3
1406	1.961	1.824	2.059	1.922	3
1407	1.941	1.843	2.02	1.941	3
1408	1.961	1.882	2.02	1.961	3
1409	1.98	1.902	2.039	1.922	3
1410	1.941	1.882	2.0	1.922	3
1411	1.941	2.059	2.098	1.941	3
1412	1.961	2.0	2.02	1.941	3
1413	1.922	1.961	1.961	1.941	3
1414	1.961	1.961	2.02	1.902	3
1415	1.98	1.941	2.078	1.922	3
1416	1.961	1.882	2.098	1.98	3
1417	2.059	2.02	2.176	2.039	3
1418	1.98	1.706	1.98	2.02	3
1419	1.902	1.529	1.941	1.941	3
1420	1.941	1.706	2.059	1.863	3
1421	1.961	1.843	2.118	1.843	3
1422	1.961	1.765	2.039	1.922	3
1423	1.941	1.804	2.059	1.98	3
1424	1.902	1.824	2.059	2.039	3
1425	1.902	1.882	2.059	2.02	3
1426	1.941	1.922	2.059	1.961	3
1427	1.941	1.961	2.039	1.922	3
1428	1.941	2.0	2.059	1.941	3
1429	1.941	2.078	2.078	1.98	3
1430	1.941	2.039	2.059	2.0	3
1431	1.941	2.02	2.039	1.98	3
1432	1.922	1.902	2.02	1.941	3
1433	1.941	1.843	2.02	1.941	3
1434	2.039	2.02	2.176	1.98	3
1435	2.02	1.843	2.078	2.02	3
1436	1.902	1.647	1.98	2.0	3
1437	1.922	1.627	2.0	1.941	3
1438	1.961	1.588	2.039	1.902	3
1439	1.961	1.608	2.0	1.882	3
1440	1.98	1.686	2.059	1.882	3
1441	1.941	1.784	2.039	1.902	3
1442	1.902	2.0	2.098	2.0	3
1443	2.0	2.039	2.137	2.039	3
1444	2.0	1.922	2.02	2.02	3
1445	1.922	1.843	1.98	1.961	3
1446	1.882	1.804	1.98	1.902	3
1447	1.941	1.863	1.98	1.882	3
1448	2.0	2.118	2.098	1.941	3
1449	2.02	2.039	2.098	1.98	3
1450	1.941	1.863	2.059	2.02	3
1451	2.0	2.059	2.157	2.039	3
1452	2.039	1.961	2.078	2.059	3
1453	1.902	1.667	1.961	2.0	3
1454	1.98	1.765	2.039	1.941	3
1455	1.98	1.804	2.059	1.902	3
1456	1.961	1.745	2.078	1.922	3
1457	1.941	1.784	2.059	1.922	3
1458	2.0	1.922	2.02	1.941	3
1459	1.98	1.98	2.059	2.0	3
1460	1.922	1.961	2.039	2.0	3
1461	1.961	2.118	2.137	2.0	3
1462	1.961	2.118	2.059	2.02	3
1463	1.98	1.961	1.98	2.0	3
1464	1.98	1.882	1.941	1.941	3
1465	1.98	1.922	1.961	1.882	3
1466	2.0	1.961	2.059	1.902	3
1467	1.98	1.98	2.118	1.961	3
1468	2.039	2.137	2.176	2.098	3
1469	2.059	1.922	2.059	2.118	3
1470	1.922	1.647	1.922	2.02	3
1471	1.98	1.667	1.961	1.902	3
1472	2.0	1.706	2.02	1.843	3
1473	1.98	1.725	2.02	1.863	3
1474	2.0	1.863	2.118	1.941	3
1475	1.961	1.922	2.078	2.0	3
1476	1.922	1.961	2.059	2.02	3
1477	1.941	1.902	2.0	2.0	3
1478	1.961	1.961	2.0	1.941	3
1479	1.961	2.039	2.02	1.922	3
1480	1.961	2.039	2.0	1.922	3
1481	1.941	2.039	2.02	1.922	3
1482	1.961	2.078	2.02	1.961	3
1483	1.98	1.961	2.039	1.961	3
1484	2.0	1.902	2.039	1.961	3
1485	2.039	2.0	2.059	1.922	3
1486	2.039	1.863	2.02	1.961	3
1487	1.863	1.686	2.039	2.039	3
1488	1.902	1.706	2.059	2.0	3
1489	2.078	1.902	2.039	1.961	3
1490	1.961	1.706	2.02	1.902	3
1491	1.863	1.745	2.02	1.922	3
1492	1.941	1.843	2.02	1.902	3
1493	2.0	1.902	2.02	1.941	3
1494	1.961	1.941	2.039	1.941	3
1495	1.941	1.98	1.98	1.941	3
1496	1.941	2.0	2.02	1.941	3
1497	1.961	2.02	2.039	1.941	3
1498	1.98	2.02	2.0	1.961	3
1499	1.961	2.0	1.98	1.98	3
1500	1.922	1.902	2.039	1.941	3
1501	1.941	1.863	2.0	2.0	3
1502	2.0	1.941	2.078	2.0	3
1503	2.098	1.843	2.059	2.02	3
1504	1.961	1.667	1.98	1.98	3
1505	1.941	1.667	1.941	1.902	3
1506	1.961	1.627	2.02	1.824	3
1507	1.98	1.686	2.078	1.843	3
1508	2.0	1.824	2.078	1.941	3
1509	1.98	1.745	2.0	1.98	3
1510	2.0	1.745	1.961	1.98	3
1511	1.961	1.961	2.059	1.98	3
1512	1.941	2.118	2.118	1.961	3
1513	2.0	2.118	2.059	1.961	3
1514	1.961	1.922	1.98	1.941	3
1515	1.941	1.882	1.98	1.961	3
1516	1.98	2.078	2.039	1.941	3
1517	1.98	2.059	2.078	1.961	3
1518	1.961	1.941	2.039	1.961	3
1519	2.0	2.059	2.098	2.0	3
1520	2.02	1.98	2.098	2.0	3
1521	1.882	1.765	2.059	2.02	3
1522	1.961	1.804	2.02	1.961	3
1523	1.98	1.843	2.059	1.922	3
1524	1.961	1.804	2.059	1.922	3
1525	1.922	1.843	2.039	1.922	3
1526	1.922	1.882	2.059	1.941	3
1527	1.922	1.941	2.118	1.922	3
1528	1.941	1.961	2.098	1.961	3
1529	1.961	2.02	2.039	2.0	3
1530	1.941	1.98	2.039	2.02	3
1531	1.902	2.02	2.039	2.0	3
1532	1.882	1.902	2.02	1.961	3
1533	1.961	2.0	2.039	1.922	3
1534	1.961	1.922	2.039	1.882	3
1535	1.961	1.863	2.039	1.902	3
1536	2.0	2.0	2.157	1.941	3
1537	2.0	1.941	2.098	2.059	3
1538	1.902	1.647	2.02	2.039	3
1539	1.902	1.667	2.078	2.0	3
1540	1.961	1.745	2.059	1.941	3
1541	1.941	1.667	2.039	1.922	3
1542	1.922	1.706	2.059	1.922	3
1543	1.941	1.784	2.02	1.902	3
1544	1.941	1.882	2.059	1.922	3
1545	1.98	2.0	2.118	1.941	3
1546	1.941	1.98	2.078	1.961	3
1547	1.882	1.941	2.02	2.02	3
1548	1.902	1.961	2.059	2.039	3
1549	1.941	2.0	2.078	2.039	3
1550	1.98	2.078	2.059	1.98	3
1551	1.941	1.98	2.059	1.941	3
1552	1.961	1.863	2.039	1.902	3
1553	2.02	1.961	2.118	1.98	3
1554	2.0	1.882	2.039	2.0	3
1555	1.882	1.647	2.02	1.98	3
1556	1.902	1.647	2.059	1.961	3
1557	1.961	1.706	2.078	1.922	3
1558	1.98	1.725	2.078	1.922	3
1559	2.0	1.804	2.098	1.961	3
1560	1.961	1.804	2.059	1.961	3
1561	1.941	1.804	2.0	1.941	3
1562	1.941	1.804	2.02	1.882	3
1563	1.922	1.882	2.059	1.882	3
1564	1.941	1.922	2.059	1.922	3
1565	1.98	2.02	1.961	1.961	3
1566	1.941	1.98	2.02	1.961	3
1567	1.922	2.196	2.157	2.039	3
1568	1.922	1.98	2.098	2.039	3
1569	1.961	1.706	1.98	1.98	3
1570	2.039	1.902	2.098	1.941	3
1571	2.039	1.941	2.078	1.922	3
1572	1.941	1.725	1.98	1.902	3
1573	1.902	1.725	2.02	1.922	3
1574	1.902	1.765	2.078	1.98	3
1575	1.941	1.725	2.02	1.961	3
1576	2.0	1.824	2.059	1.941	3
1577	1.98	1.902	2.039	1.941	3
1578	1.922	1.941	2.098	1.961	3
1579	1.941	1.961	2.098	2.02	3
1580	1.863	1.961	2.078	1.961	3
1581	1.922	2.039	1.941	1.941	3
1582	2.039	2.118	1.961	1.922	3
1583	1.941	2.039	2.039	1.941	3
1584	1.961	2.059	2.059	1.961	3
1585	1.961	2.0	2.098	2.0	3
1586	2.0	1.922	2.039	1.98	3
1587	2.02	2.02	2.137	2.0	3
1588	2.039	1.98	2.059	2.02	3
1589	1.922	1.725	1.98	1.941	3
1590	1.961	1.725	2.02	1.922	3
1591	1.98	1.784	2.039	1.902	3
1592	1.98	1.784	2.078	1.941	3
1593	1.961	1.765	2.039	1.98	3
1594	1.961	1.824	2.039	1.961	3
1595	1.961	1.882	2.02	1.941	3
1596	1.941	1.961	2.059	1.961	3
1597	1.922	2.02	2.039	1.98	3
1598	1.941	1.941	1.98	1.961	3
1599	1.961	1.98	2.0	1.922	3
1600	1.941	2.0	2.039	1.941	3
1601	1.961	2.02	2.059	1.961	3
1602	1.961	1.941	2.039	1.98	3
1603	1.961	1.863	2.02	1.941	3
1604	2.02	1.922	2.137	1.961	3
1605	2.059	1.902	2.098	1.98	3
1606	1.922	1.627	2.02	1.941	3
1607	1.882	1.569	2.0	1.902	3
1608	1.922	1.627	1.961	1.843	3
1609	2.02	1.745	1.98	1.824	3
1610	1.98	1.745	2.078	1.902	3
1611	1.961	1.765	2.039	1.98	3
1612	2.02	1.882	2.098	1.98	3
1613	1.961	1.882	2.118	1.961	3
1614	1.843	1.902	1.98	1.922	3
1615	1.902	1.882	1.941	1.882	3
1616	1.941	1.922	2.02	1.902	3
1617	1.941	1.961	2.0	1.922	3
1618	2.059	2.157	2.039	1.961	3
1619	2.0	2.078	2.059	2.0	3
1620	1.922	1.941	2.078	2.0	3
1621	1.922	1.98	2.137	2.02	3
1622	2.039	2.0	2.078	2.0	3
1623	1.882	1.725	2.0	1.961	3
1624	1.882	1.745	2.039	1.941	3
1625	1.961	1.804	2.059	1.941	3
1626	1.961	1.804	2.059	1.941	3
1627	1.961	1.824	2.098	2.0	3
1628	1.961	1.902	2.039	2.02	3
1629	1.961	1.941	2.078	2.0	3
1630	1.961	1.961	2.078	1.98	3
1631	1.961	2.02	2.059	1.961	3
1632	1.941	1.961	2.0	1.941	3
1633	1.941	1.98	2.0	1.941	3
1634	1.941	1.941	2.0	1.961	3
1635	1.961	2.059	2.039	1.961	3
1636	1.98	2.02	2.059	1.961	3
1637	1.98	1.882	2.02	1.941	3
1638	1.98	1.961	2.157	1.961	3
1639	2.059	1.941	2.059	2.0	3
1640	1.902	1.529	1.882	1.922	3
1641	1.922	1.549	2.039	1.882	3
1642	1.941	1.745	2.118	1.902	3
1643	1.961	1.745	2.059	1.922	3
1644	1.98	1.745	2.039	1.941	3
1645	2.0	1.765	2.039	1.922	3
1646	1.98	1.941	2.098	1.922	3
1647	1.922	1.902	2.059	1.941	3
1648	1.922	1.882	2.0	1.922	3
1649	1.941	1.941	2.0	1.882	3
1650	1.941	2.02	2.039	1.922	3
1651	1.902	2.0	2.059	1.98	3
1652	1.961	2.039	2.059	1.98	3
1653	1.941	1.922	2.039	1.961	3
1654	1.961	1.941	2.118	1.941	3
1655	2.02	2.039	2.157	1.961	3
1656	2.059	1.941	2.078	1.98	3
1657	1.902	1.627	2.039	1.961	3
1658	1.843	1.647	1.98	1.941	3
1659	1.98	1.784	2.059	1.882	3
1660	1.961	1.725	2.039	1.863	3
1661	1.961	1.784	2.039	1.922	3
1662	1.941	1.824	2.039	2.0	3
1663	1.922	1.843	2.078	2.02	3
1664	1.961	1.863	2.039	2.0	3
1665	1.941	1.98	2.02	1.961	3
1666	1.941	1.922	2.02	1.922	3
1667	1.941	2.0	2.02	1.922	3
1668	1.941	1.98	2.0	1.941	3
1669	1.961	2.02	2.0	1.961	3
1670	1.961	1.98	2.02	1.98	3
1671	1.98	1.922	2.059	2.0	3
1672	2.0	2.02	2.176	2.02	3
1673	2.059	1.922	2.118	2.059	3
1674	1.941	1.627	1.941	1.98	3
1675	1.922	1.667	2.02	1.941	3
1676	2.0	1.745	2.039	1.922	3
1677	1.961	1.686	2.02	1.882	3
1678	1.961	1.745	2.02	1.922	3
1679	1.961	1.804	2.039	1.941	3
1680	1.941	1.745	2.039	1.961	3
1681	1.961	1.824	1.98	1.98	3
1682	2.039	2.039	2.039	1.961	3
1683	1.98	2.0	2.039	1.941	3
1684	1.941	1.961	2.0	1.941	3
1685	1.941	1.941	2.0	1.941	3
1686	1.961	1.98	2.0	1.902	3
1687	2.0	1.922	2.0	1.941	3
1688	1.98	1.882	2.0	1.961	3
1689	2.0	1.922	2.098	1.961	3
1690	2.078	1.961	2.098	1.98	3
1691	1.922	1.627	2.0	1.961	3
1692	1.902	1.647	1.98	1.922	3
1693	1.98	1.725	2.0	1.882	3
1694	1.98	1.765	2.039	1.902	3
1695	2.0	1.804	2.02	1.922	3
1696	1.98	1.941	2.039	1.922	3
1697	1.922	1.902	2.078	1.941	3
1698	1.922	1.863	2.059	1.98	3
1699	1.961	1.98	2.02	1.98	3
1700	1.98	2.0	2.0	1.941	3
1701	1.961	2.0	1.961	1.922	3
1702	1.922	2.02	1.98	1.922	3
1703	1.922	2.118	2.039	1.98	3
1704	1.941	2.078	2.078	2.02	3
1705	1.961	1.902	2.02	1.98	3
1706	2.02	1.98	2.098	1.98	3
1707	2.039	2.02	2.059	2.0	3
1708	1.922	1.686	1.961	1.961	3
1709	1.902	1.824	2.039	1.922	3
1710	1.961	1.902	2.098	1.941	3
1711	1.961	1.765	1.98	1.941	3
1712	1.961	1.627	2.02	1.941	3
1713	1.961	1.765	2.0	1.961	3
1714	1.941	1.863	2.0	1.922	3
1715	1.961	1.941	2.02	1.941	3
1716	1.941	2.059	2.039	1.941	3
1717	1.941	2.0	2.02	1.961	3
1718	1.941	2.059	2.02	1.961	3
1719	1.961	2.059	2.02	1.961	3
1720	1.941	2.039	2.02	1.961	3
1721	1.941	1.941	2.0	1.941	3
1722	1.98	1.902	1.98	1.961	3
1723	2.0	1.961	2.118	1.961	3
1724	2.098	2.0	2.098	1.98	3
1725	1.922	1.667	1.961	1.941	3
1726	1.902	1.667	2.039	1.922	3
1727	2.0	1.804	2.078	1.941	3
1728	2.0	1.745	2.0	1.922	3
1729	1.941	1.588	1.941	1.882	3
1730	1.922	1.725	2.0	1.922	3
1731	1.941	1.863	2.059	2.0	3
1732	1.941	1.922	2.039	1.98	3
1733	1.98	1.961	2.039	1.941	3
1734	1.941	1.882	2.059	1.922	3
1735	2.0	1.98	2.0	1.941	3
1736	1.961	1.941	1.98	1.98	3
1737	1.922	1.961	2.0	1.98	3
1738	1.961	1.941	2.0	1.941	3
1739	1.922	1.882	2.02	1.941	3
1740	1.941	1.922	2.137	2.0	3
1741	2.02	1.98	2.176	2.078	3
1742	1.922	1.647	1.98	2.039	3
1743	1.941	1.686	2.02	1.98	3
1744	1.961	1.725	2.078	1.941	3
1745	1.961	1.725	2.039	1.922	3
1746	1.922	1.745	2.039	1.922	3
1747	1.98	1.882	2.039	1.961	3
1748	1.922	1.902	2.02	1.98	3
1749	1.922	1.922	2.078	2.02	3
1750	1.961	1.941	2.02	2.0	3
1751	1.961	1.902	2.02	1.961	3
1752	1.961	1.941	2.0	1.922	3
1753	1.941	1.922	2.02	1.922	3
1754	1.98	2.02	2.039	1.941	3
1755	1.98	2.078	2.078	1.98	3
1756	2.0	1.961	2.039	1.98	3
1757	1.961	1.98	2.157	2.0	3
1758	2.0	2.0	2.157	2.039	3
1759	1.961	1.588	1.961	2.0	3
1760	1.941	1.529	1.961	1.902	3
1761	1.98	1.706	2.078	1.863	3
1762	1.961	1.824	2.118	1.902	3
1763	1.961	1.745	2.098	1.941	3
1764	1.98	1.824	2.0	1.961	3
1765	1.941	1.902	2.059	1.98	3
1766	2.0	1.98	2.098	1.941	3
1767	2.0	2.02	2.098	1.961	3
1768	1.941	1.98	2.039	1.98	3
1769	1.922	2.02	2.02	1.961	3
1770	1.941	2.02	2.02	1.941	3
1771	1.941	2.059	2.039	1.922	3
1772	1.98	1.98	2.078	1.922	3
1773	1.961	1.922	2.078	1.961	3
1774	1.961	1.961	2.118	1.98	3
1775	2.039	1.922	2.118	1.98	3
1776	1.961	1.686	2.039	1.961	3
1777	1.961	1.725	2.078	1.922	3
1778	1.98	1.745	2.02	1.882	3
1779	2.0	1.765	2.02	1.863	3
1780	1.941	1.745	2.098	1.902	3
1781	1.922	1.824	2.098	1.961	3
1782	1.941	1.824	2.0	1.961	3
1783	2.0	1.902	2.059	1.98	3
1784	2.0	1.98	2.059	1.961	3
1785	1.922	1.961	2.02	1.941	3
1786	1.941	2.0	2.039	1.922	3
1787	1.961	2.039	2.02	1.922	3
1788	2.0	2.098	2.078	1.902	3
1789	1.941	2.0	2.039	1.941	3
1790	1.941	1.922	2.02	1.961	3
1791	1.961	1.922	2.118	2.0	3
1792	2.02	2.02	2.137	2.039	3
1793	1.961	1.784	2.039	2.0	3
1794	1.922	1.706	2.039	1.922	3
1795	1.98	1.765	2.039	1.882	3
1796	1.941	1.706	2.02	1.922	3
1797	1.902	1.686	2.059	1.961	3
1798	2.0	1.863	2.039	1.98	3
1799	1.961	1.922	2.059	1.98	3
1800	1.941	1.902	2.059	1.961	3
1801	1.961	1.98	2.039	1.941	3
1802	1.941	1.941	2.0	1.922	3
1803	1.961	2.0	2.039	1.922	3
1804	1.941	1.98	2.039	1.961	3
1805	1.961	2.0	2.059	2.02	3
1806	1.98	1.98	2.059	2.02	3
1807	1.961	1.961	2.059	2.0	3
1808	1.922	1.863	2.059	1.98	3
1809	2.039	2.0	2.157	2.0	3
1810	1.961	1.804	2.0	2.0	3
1811	1.902	1.667	1.98	1.941	3
1812	1.98	1.706	2.059	1.922	3
1813	1.98	1.784	2.078	1.941	3
1814	2.0	1.765	2.078	1.941	3
1815	1.98	1.843	2.02	1.961	3
1816	1.922	1.863	1.98	1.922	3
1817	1.922	1.961	2.059	1.941	3
1818	1.941	2.059	2.098	1.98	3
1819	1.941	2.02	2.098	1.98	3
1820	1.98	2.098	2.02	1.961	3
1821	1.961	2.02	1.961	1.941	3
1822	1.961	2.059	2.039	1.941	3
1823	1.961	2.059	2.059	1.941	3
1824	1.98	1.922	2.02	1.922	3
1825	1.941	1.882	2.137	1.961	3
1826	2.039	2.0	2.157	2.039	3
1827	1.98	1.725	1.961	2.02	3
1828	1.922	1.627	1.961	1.941	3
1829	1.98	1.706	2.02	1.824	3
1830	2.02	1.745	2.039	1.804	3
1831	1.961	1.784	2.078	1.882	3
1832	1.961	1.843	2.078	1.961	3
1833	1.902	1.843	2.039	2.02	3
1834	1.98	1.863	2.098	1.98	3
1835	1.98	1.882	2.039	1.961	3
1836	1.922	1.902	1.922	1.922	3
1837	1.941	2.0	2.0	1.902	3
1838	1.98	2.039	2.02	1.922	3
1839	1.98	2.137	2.059	1.941	3
1840	1.941	2.098	2.098	1.98	3
1841	1.922	1.922	2.078	2.02	3
1842	1.961	1.863	2.118	2.039	3
1843	2.059	1.961	2.137	2.039	3
1844	1.98	1.745	1.98	2.02	3
1845	1.902	1.706	2.0	1.941	3
1846	1.98	1.863	2.098	1.922	3
1847	1.98	1.824	2.0	1.922	3
1848	1.941	1.706	2.02	1.902	3
1849	1.98	1.824	2.059	1.941	3
1850	1.941	1.941	2.118	1.98	3
1851	1.922	1.98	2.078	2.02	3
1852	1.961	1.98	2.02	1.98	3
1853	1.98	2.098	2.059	1.961	3
1854	1.98	2.137	2.059	1.961	3
1855	1.941	2.039	2.059	1.941	3
1856	1.961	1.98	2.02	1.941	3
1857	1.961	1.961	2.059	1.941	3
1858	1.961	1.961	2.02	1.98	3
1859	1.941	1.941	2.039	2.02	3
1860	2.02	2.059	2.196	2.039	3
1861	1.98	1.765	2.0	2.02	3
1862	1.961	1.725	2.059	1.961	3
1863	2.0	1.784	2.059	1.902	3
1864	1.961	1.745	2.039	1.922	3
1865	1.961	1.686	2.039	1.961	3
1866	1.98	1.804	2.02	1.961	3
1867	1.941	1.843	2.02	1.961	3
1868	1.922	1.941	2.039	1.961	3
1869	1.941	1.98	2.059	1.961	3
1870	1.941	2.0	2.02	1.961	3
1871	1.941	2.02	2.02	1.961	3
1872	1.941	1.961	1.98	1.961	3
1873	1.922	1.961	1.98	1.941	3
1874	1.961	1.98	2.02	1.922	3
1875	1.98	1.882	2.039	1.902	3
1876	1.98	1.863	2.098	1.941	3
1877	2.059	2.039	2.157	2.02	3
1878	1.98	1.745	2.0	2.059	3
1879	1.882	1.647	1.98	2.0	3
1880	1.922	1.667	2.02	1.902	3
1881	1.941	1.725	2.078	1.863	3
1882	1.961	1.686	2.039	1.863	3
1883	2.0	1.667	2.02	1.882	3
1884	1.941	1.745	2.039	1.902	3
1885	1.961	1.882	2.02	1.922	3
1886	1.961	1.961	2.039	1.941	3
1887	1.922	1.98	2.02	1.961	3
1888	1.922	1.98	2.059	1.98	3
1889	1.961	1.98	2.078	1.98	3
1890	1.961	2.059	2.02	2.0	3
1891	1.922	2.0	2.02	1.98	3
1892	1.922	1.882	2.059	1.941	3
1893	1.961	1.863	2.098	1.941	3
1894	2.059	2.0	2.118	1.922	3
1895	2.0	1.784	1.98	1.961	3
1896	1.863	1.686	1.98	1.98	3
1897	1.941	1.843	2.098	2.0	3
1898	1.961	1.902	2.098	2.02	3
1899	1.961	1.843	2.078	2.0	3
1900	1.941	1.843	2.0	1.98	3
1901	1.902	1.843	2.0	1.941	3
1902	1.941	1.922	2.059	1.922	3
1903	1.961	2.0	2.078	1.961	3
1904	1.941	2.0	2.039	2.0	3
1905	1.941	2.059	2.02	2.0	3
1906	1.941	2.0	2.02	1.98	3
1907	1.941	2.0	2.02	1.961	3
1908	1.941	2.0	2.02	1.941	3
1909	1.961	1.922	2.039	1.941	3
1910	1.98	1.902	2.078	1.961	3
1911	2.039	1.941	2.118	2.02	3
1912	1.941	1.667	2.02	2.02	3
1913	1.863	1.627	1.941	1.941	3
1914	1.98	1.706	2.0	1.882	3
1915	1.98	1.706	2.078	1.882	3
1916	1.941	1.667	2.059	1.922	3
1917	1.941	1.686	2.02	1.902	3
1918	1.922	1.745	2.0	1.922	3
1919	1.922	1.902	2.039	1.922	3
1920	1.961	1.961	2.078	1.941	3
1921	1.941	1.98	2.039	1.941	3
1922	1.941	1.98	2.0	1.961	3
1923	1.941	1.882	1.941	1.902	3
1924	1.941	1.902	2.0	1.922	3
1925	1.961	1.941	2.02	1.922	3
1926	1.961	1.902	2.039	1.902	3
1927	1.961	1.882	2.059	1.961	3
1928	2.039	2.039	2.176	2.02	3
1929	2.0	1.745	1.961	1.98	3
1930	1.863	1.627	1.902	1.922	3
1931	1.922	1.706	2.02	1.863	3
1932	1.98	1.765	2.059	1.882	3
1933	1.961	1.725	2.039	1.902	3
1934	1.961	1.804	2.078	1.941	3
1935	1.961	1.882	2.039	1.98	3
1936	1.961	1.882	2.039	1.941	3
1937	1.941	1.941	2.078	1.941	3
1938	1.941	1.98	2.039	1.941	3
1939	1.961	2.0	1.961	1.941	3
1940	1.941	1.98	2.0	1.941	3
1941	1.922	2.0	2.059	1.961	3
1942	1.961	2.078	2.059	1.98	3
1943	1.98	1.902	2.039	1.98	3
1944	1.98	1.804	2.02	1.98	3
1945	2.02	1.961	2.137	1.941	3
1946	2.02	1.784	2.02	1.941	3
1947	1.882	1.667	1.98	1.922	3
1948	1.941	1.725	2.039	1.961	3
1949	1.98	1.765	2.059	1.961	3
1950	1.98	1.706	2.078	1.941	3
1951	2.0	1.784	2.059	1.941	3
1952	1.961	1.804	2.078	1.941	3
1953	1.941	1.843	2.0	1.941	3
1954	1.941	1.902	2.02	1.922	3
1955	1.941	1.941	2.0	1.941	3
1956	1.98	2.078	2.078	1.961	3
1957	1.98	2.078	2.118	2.0	3
1958	1.902	2.039	2.098	2.0	3
1959	1.941	1.961	1.98	1.98	3
1960	1.98	1.863	2.0	1.941	3
1961	1.941	1.863	2.059	1.922	3
1962	2.059	1.961	2.118	1.98	3
1963	2.02	1.765	2.02	1.961	3
1964	1.922	1.667	2.0	1.941	3
1965	1.961	1.647	2.0	1.902	3
1966	1.941	1.686	2.098	1.902	3
1967	1.882	1.765	2.137	1.961	3
1968	1.941	1.843	2.078	1.98	3
1969	2.02	1.784	1.941	1.922	3
1970	1.941	1.843	1.941	1.863	3
1971	1.902	1.843	2.02	1.882	3
1972	2.0	2.0	2.118	1.961	3
1973	1.98	2.039	2.137	2.02	3
1974	1.902	1.922	1.98	2.02	3
1975	1.922	1.922	1.922	1.98	3
1976	1.922	2.02	2.0	1.941	3
1977	1.941	1.941	2.059	1.902	3
1978	1.961	1.863	2.059	1.961	3
1979	2.059	2.078	2.157	2.059	3
1980	2.02	1.882	2.059	2.078	3
1981	1.882	1.647	1.941	2.02	3
1982	1.922	1.667	2.0	1.941	3
1983	1.98	1.784	2.039	1.922	3
1984	1.941	1.784	2.098	1.961	3
1985	1.941	1.863	2.098	2.02	3
1986	1.941	1.843	2.02	2.0	3
1987	1.961	1.961	2.02	2.0	3
1988	1.941	2.02	2.059	1.98	3
1989	1.961	2.0	2.02	1.961	3
1990	1.922	2.039	2.02	1.98	3
1991	1.922	2.02	2.039	1.961	3
1992	1.941	1.961	2.039	1.98	3
1993	1.961	2.0	2.039	1.98	3
1994	1.98	1.922	2.02	1.961	3
1995	1.98	1.863	2.02	1.941	3
1996	2.059	1.961	2.157	2.0	3
1997	2.039	1.902	2.098	2.02	3
1998	1.882	1.686	2.02	2.02	3
1999	1.902	1.647	1.941	1.98	3
