time	channel1	channel2	channel3	channel4	class
0	1.941	1.863	2.078	1.941	3
1	2.02	1.941	2.078	2.0	3
2	2.039	1.843	2.039	1.98	3
3	1.941	1.686	1.98	1.941	3
4	1.941	1.686	2.0	1.902	3
5	1.961	1.745	2.059	1.922	3
6	1.98	1.745	2.059	1.922	3
7	1.961	1.804	2.059	1.941	3
8	1.941	1.863	2.039	1.961	3
9	1.961	1.902	2.059	1.941	3
10	1.961	1.922	2.059	1.961	3
11	1.941	1.961	2.02	1.941	3
12	1.882	1.961	1.98	1.922	3
13	1.882	1.98	2.0	1.902	3
14	1.902	1.98	2.039	1.902	3
15	1.98	2.059	2.078	1.941	3
16	1.98	1.961	2.059	1.98	3
17	1.941	1.882	2.039	1.98	3
18	2.039	1.941	2.098	1.98	3
19	2.059	1.863	2.02	2.0	3
20	1.941	1.706	2.0	1.922	3
21	1.961	1.706	2.02	1.902	3
22	1.98	1.765	2.039	1.902	3
23	1.98	1.725	2.059	1.941	3
24	1.961	1.804	2.039	1.941	3
25	1.961	1.824	2.0	1.922	3
26	1.98	1.882	2.059	1.941	3
27	1.941	1.922	2.039	1.941	3
28	1.941	1.961	2.039	1.961	3
29	1.922	1.98	2.039	1.961	3
30	1.961	1.98	2.02	1.941	3
31	1.941	1.961	2.0	1.941	3
32	1.961	1.98	2.039	1.941	3
33	1.941	1.902	2.02	1.941	3
34	1.941	1.863	2.039	1.961	3
35	2.039	1.961	2.098	1.98	3
36	2.098	1.863	2.059	2.0	3
37	1.941	1.686	2.02	1.961	3
38	1.941	1.667	2.0	1.922	3
39	1.98	1.725	2.02	1.882	3
40	1.98	1.725	2.039	1.902	3
41	1.961	1.784	2.078	1.941	3
42	1.98	1.843	2.059	1.98	3
43	1.98	1.882	2.059	1.98	3
44	2.0	1.922	2.039	1.961	3
45	1.98	1.961	2.0	1.941	3
46	1.922	1.961	2.039	1.922	3
47	1.941	1.941	2.02	1.922	3
48	1.922	1.941	2.02	1.922	3
49	2.0	2.02	2.059	1.961	3
50	1.961	1.941	2.039	1.98	3
51	1.941	1.824	2.039	1.961	3
52	2.039	1.941	2.098	1.98	3
53	2.078	1.882	2.059	2.0	3
54	1.941	1.706	1.98	1.961	3
55	1.922	1.686	2.059	1.941	3
56	1.961	1.765	2.078	1.961	3
57	1.98	1.745	2.059	1.941	3
58	1.98	1.784	2.039	1.961	3
59	1.98	1.863	2.039	1.961	3
60	1.941	1.902	2.059	1.98	3
61	1.902	1.922	2.059	1.98	3
62	1.941	2.0	2.039	1.961	3
63	1.922	2.02	2.039	1.98	3
64	1.882	2.0	2.0	1.941	3
65	1.882	1.98	2.059	1.98	3
66	2.039	2.059	2.098	2.0	3
67	1.98	1.961	2.059	1.98	3
68	1.941	1.882	2.02	1.98	3
69	2.02	1.961	2.098	1.98	3
70	2.098	1.902	2.078	2.0	3
71	1.922	1.706	2.0	1.961	3
72	1.922	1.686	2.0	1.941	3
73	1.98	1.765	2.039	1.941	3
74	1.98	1.765	2.059	1.961	3
75	1.98	1.804	2.059	1.961	3
76	2.0	1.843	2.039	1.961	3
77	1.98	1.902	2.039	1.961	3
78	1.922	1.941	2.078	1.98	3
79	1.961	2.0	2.039	1.98	3
80	1.941	2.0	2.02	1.961	3
81	1.98	2.02	2.02	1.961	3
82	1.941	2.0	2.02	1.961	3
83	2.0	2.0	2.059	1.98	3
84	1.98	1.941	2.059	2.0	3
85	1.961	1.882	2.039	1.98	3
86	2.039	2.0	2.118	2.0	3
87	2.098	1.941	2.078	2.02	3
88	1.922	1.686	2.0	2.02	3
89	1.98	1.725	2.059	1.98	3
90	2.02	1.745	2.039	1.941	3
91	1.98	1.765	2.039	1.941	3
92	1.961	1.784	2.059	1.98	3
93	1.98	1.843	2.02	1.98	3
94	1.98	1.902	2.059	1.961	3
95	1.98	1.922	2.059	1.98	3
96	1.98	2.02	2.039	1.98	3
97	1.922	2.0	2.039	1.961	3
98	1.922	2.0	2.0	1.961	3
99	1.902	1.98	2.0	1.922	3
100	1.961	2.039	2.0	1.922	3
101	1.941	1.961	2.039	1.961	3
102	1.922	1.902	2.02	2.0	3
103	2.0	1.961	2.078	2.0	3
104	2.059	1.941	2.039	1.98	3
105	1.882	1.745	1.961	1.941	3
106	1.882	1.725	2.0	1.902	3
107	1.922	1.765	2.0	1.902	3
108	1.941	1.745	2.0	1.902	3
109	1.922	1.804	2.039	1.922	3
110	1.922	1.863	2.02	1.941	3
111	1.902	1.922	2.059	1.961	3
112	1.922	1.961	2.059	1.941	3
113	1.941	2.0	2.0	1.922	3
114	1.882	2.02	2.02	1.922	3
115	1.902	2.02	2.0	1.902	3
116	1.843	1.98	2.02	1.941	3
117	1.941	2.039	2.039	1.941	3
118	1.961	1.98	2.039	1.941	3
119	1.922	1.902	2.02	1.922	3
120	1.961	1.98	2.098	1.941	3
121	2.039	1.941	2.078	1.961	3
122	1.922	1.706	2.0	1.882	3
123	1.922	1.686	2.0	1.843	3
124	1.961	1.765	2.02	1.863	3
125	1.941	1.725	2.02	1.941	3
126	1.922	1.765	2.02	1.961	3
127	1.98	1.824	2.039	1.922	3
128	1.98	1.902	2.078	1.902	3
129	1.961	1.922	2.059	1.882	3
130	1.922	1.961	2.0	1.902	3
131	1.863	1.961	2.0	1.902	3
132	1.922	1.961	2.0	1.922	3
133	1.882	1.961	2.02	1.941	3
134	1.961	2.059	2.059	1.961	3
135	1.961	1.941	2.02	1.961	3
136	1.941	1.882	2.02	1.902	3
137	2.0	1.941	2.059	1.902	3
138	2.059	1.922	2.059	1.941	3
139	1.902	1.725	2.0	1.961	3
140	1.922	1.745	2.078	1.98	3
141	1.98	1.784	2.02	1.961	3
142	1.961	1.804	2.039	1.941	3
143	1.922	1.804	2.059	1.941	3
144	1.941	1.843	2.02	1.941	3
145	1.922	1.902	2.02	1.902	3
146	1.922	1.941	2.039	1.922	3
147	1.922	2.02	2.02	1.922	3
148	1.882	2.0	2.039	1.961	3
149	1.902	2.02	2.039	1.961	3
150	1.902	2.02	2.039	1.961	3
151	1.941	2.059	2.039	1.941	3
152	1.922	1.961	2.039	1.941	3
153	1.902	1.882	2.02	1.961	3
154	1.98	1.961	2.078	1.961	3
155	2.078	1.941	2.059	1.98	3
156	1.902	1.706	1.98	1.961	3
157	1.902	1.686	2.039	1.941	3
158	1.961	1.765	2.039	1.941	3
159	2.0	1.765	2.059	1.922	3
160	1.961	1.745	2.039	1.922	3
161	1.941	1.804	2.02	1.922	3
162	1.941	1.863	2.039	1.941	3
163	1.961	1.882	2.039	1.961	3
164	1.941	1.98	2.02	1.961	3
165	1.863	1.98	2.039	1.961	3
166	1.922	1.961	2.039	1.941	3
167	1.941	1.941	2.02	1.961	3
168	2.0	2.02	2.078	1.961	3
169	2.0	1.961	2.039	1.941	3
170	1.961	1.882	2.059	1.941	3
171	1.98	1.941	2.118	1.98	3
172	2.098	1.941	2.118	2.0	3
173	1.941	1.706	2.02	1.98	3
174	1.941	1.686	2.02	1.941	3
175	1.98	1.725	2.059	1.922	3
176	2.0	1.745	2.039	1.922	3
177	1.98	1.745	2.059	1.922	3
178	2.02	1.824	2.059	1.961	3
179	2.0	1.922	2.098	1.98	3
180	1.961	1.902	2.078	1.98	3
181	1.98	1.98	2.078	1.98	3
182	1.961	1.98	2.039	1.941	3
183	1.98	2.0	2.039	1.922	3
184	1.922	1.98	2.039	1.922	3
185	1.98	2.02	2.059	1.941	3
186	1.98	1.941	2.059	1.961	3
187	1.98	1.902	2.059	1.98	3
188	2.02	1.98	2.137	2.0	3
189	2.078	1.941	2.118	2.02	3
190	1.922	1.686	1.98	2.0	3
191	1.902	1.667	2.0	1.922	3
192	2.02	1.745	2.039	1.863	3
193	2.02	1.745	2.039	1.863	3
194	1.98	1.765	2.098	1.902	3
195	1.98	1.824	2.039	1.98	3
196	1.961	1.843	2.02	2.02	3
197	1.961	1.902	2.039	2.0	3
198	1.961	1.98	2.059	1.98	3
199	1.922	1.941	2.02	1.961	3
200	1.941	1.941	2.0	1.902	3
201	1.941	1.941	2.0	1.902	3
202	1.961	2.02	2.039	1.922	3
203	2.02	1.98	2.078	1.961	3
204	1.98	1.882	2.039	2.0	3
205	1.98	1.922	2.078	2.0	3
206	2.039	1.902	2.078	2.02	3
207	1.941	1.706	2.0	1.98	3
208	1.961	1.686	2.02	1.941	3
209	2.0	1.765	2.039	1.922	3
210	2.02	1.745	2.039	1.922	3
211	1.961	1.765	2.059	1.941	3
212	2.0	1.863	2.078	1.98	3
213	2.0	1.922	2.059	2.02	3
214	1.98	1.922	2.059	1.98	3
215	1.961	1.98	2.039	1.961	3
216	1.922	1.98	2.02	1.941	3
217	1.941	2.0	2.02	1.922	3
218	1.922	1.98	2.02	1.941	3
219	1.961	2.039	2.039	1.98	3
220	2.02	1.98	2.02	1.961	3
221	1.941	1.922	2.039	1.961	3
222	1.941	1.941	2.098	2.0	3
223	2.098	1.941	2.078	2.0	3
224	1.961	1.745	2.0	1.961	3
225	1.922	1.725	2.0	1.922	3
226	1.98	1.725	2.039	1.902	3
227	1.961	1.745	2.02	1.941	3
228	1.941	1.745	2.02	1.941	3
229	2.0	1.824	2.02	1.961	3
230	1.961	1.902	2.02	1.922	3
231	1.922	1.902	2.059	1.941	3
232	1.941	2.0	2.039	1.941	3
233	1.941	1.98	2.039	1.941	3
234	1.961	2.0	2.02	1.941	3
235	1.922	1.98	2.039	1.98	3
236	1.961	2.039	2.039	1.98	3
237	1.98	1.961	2.039	1.961	3
238	1.98	1.922	2.039	1.961	3
239	1.98	1.941	2.098	1.98	3
240	2.078	1.98	2.118	2.0	3
241	1.941	1.725	2.0	2.0	3
242	1.922	1.686	2.0	1.961	3
243	2.0	1.765	2.039	1.922	3
244	2.0	1.784	2.078	1.941	3
245	1.98	1.804	2.098	1.941	3
246	1.98	1.843	2.02	1.961	3
247	1.961	1.902	2.039	1.961	3
248	1.941	1.941	2.078	1.98	3
249	1.961	1.98	2.059	1.98	3
250	1.902	1.941	2.0	1.961	3
251	1.902	1.98	2.0	1.922	3
252	1.902	1.941	2.0	1.922	3
253	1.941	2.02	2.02	1.922	3
254	2.0	1.98	2.059	1.941	3
255	1.961	1.863	2.02	1.961	3
256	1.941	1.902	2.078	1.961	3
257	2.078	1.922	2.098	1.98	3
258	1.941	1.725	2.0	1.98	3
259	1.882	1.686	2.039	1.961	3
260	1.941	1.745	2.039	1.902	3
261	2.0	1.745	2.02	1.902	3
262	1.941	1.745	2.02	1.922	3
263	2.0	1.804	2.039	1.922	3
264	1.941	1.882	2.078	1.961	3
265	1.941	1.922	2.059	1.961	3
266	1.98	2.0	2.059	1.961	3
267	1.902	2.0	2.039	1.961	3
268	1.902	2.02	2.039	1.961	3
269	1.882	2.0	2.039	1.98	3
270	1.941	2.039	2.039	1.961	3
271	1.961	2.02	2.059	1.961	3
272	1.922	1.922	2.078	1.98	3
273	1.961	1.941	2.137	2.0	3
274	2.039	1.961	2.118	2.0	3
275	1.961	1.725	2.02	1.98	3
276	1.922	1.706	2.02	1.941	3
277	1.961	1.745	2.059	1.922	3
278	1.98	1.745	2.039	1.941	3
279	1.941	1.745	2.059	1.941	3
280	1.98	1.824	2.039	1.961	3
281	1.941	1.882	2.039	1.961	3
282	1.902	1.882	2.039	1.961	3
283	1.961	1.961	2.02	1.961	3
284	1.922	1.961	2.039	1.941	3
285	1.922	2.0	2.039	1.941	3
286	1.902	1.961	2.039	1.961	3
287	1.941	2.0	2.02	1.941	3
288	1.98	1.98	2.02	1.902	3
289	1.961	1.922	2.059	1.922	3
290	1.941	1.922	2.118	1.98	3
291	2.059	1.961	2.118	2.059	3
292	1.961	1.725	2.0	2.02	3
293	1.922	1.686	2.02	1.941	3
294	1.98	1.745	2.059	1.902	3
295	2.0	1.765	2.059	1.902	3
296	1.941	1.745	2.059	1.941	3
297	2.0	1.824	2.039	1.941	3
298	1.98	1.882	2.02	1.961	3
299	1.961	1.922	2.059	1.98	3
300	1.941	2.0	2.059	2.0	3
301	1.922	1.961	2.02	1.98	3
302	1.941	2.0	2.039	1.98	3
303	1.941	1.98	2.02	1.941	3
304	1.941	2.039	2.039	1.98	3
305	1.98	1.98	2.039	1.961	3
306	1.98	1.941	2.039	1.961	3
307	1.961	1.961	2.078	1.961	3
308	2.059	1.98	2.118	2.0	3
309	1.941	1.725	2.02	1.98	3
310	1.941	1.706	2.02	1.961	3
311	2.02	1.784	2.039	1.922	3
312	2.02	1.784	2.059	1.922	3
313	1.941	1.784	2.059	1.961	3
314	1.98	1.843	2.039	1.961	3
315	2.0	1.922	2.039	1.961	3
316	1.98	1.941	2.059	1.941	3
317	1.961	2.0	2.059	1.961	3
318	1.902	1.961	2.039	1.961	3
319	1.961	2.039	2.02	1.941	3
320	1.941	2.0	2.02	1.941	3
321	1.961	2.059	2.039	1.941	3
322	1.961	2.02	2.059	1.961	3
323	1.941	1.922	2.059	1.961	3
324	1.941	1.902	2.078	1.98	3
325	2.039	1.961	2.118	1.98	3
326	1.961	1.725	2.0	1.961	3
327	1.922	1.706	2.02	1.941	3
328	2.0	1.765	2.059	1.922	3
329	1.98	1.745	2.02	1.922	3
330	1.941	1.725	2.039	1.922	3
331	2.0	1.804	2.039	1.922	3
332	1.941	1.843	2.039	1.941	3
333	1.941	1.882	2.02	1.961	3
334	1.961	1.941	2.02	1.941	3
335	1.941	1.941	2.02	1.922	3
336	1.922	2.02	2.02	1.922	3
337	1.902	1.98	2.039	1.941	3
338	1.941	2.02	2.039	1.961	3
339	1.961	2.0	2.059	1.961	3
340	1.941	1.922	2.059	1.961	3
341	1.941	1.922	2.098	1.961	3
342	2.039	1.98	2.098	1.98	3
343	1.922	1.765	2.0	1.98	3
344	1.922	1.745	2.02	1.961	3
345	1.961	1.804	2.059	1.941	3
346	1.961	1.824	2.078	1.961	3
347	1.922	1.804	2.098	2.0	3
348	1.98	1.882	2.059	1.98	3
349	1.961	1.902	2.059	1.98	3
350	1.922	1.98	2.059	1.98	3
351	1.941	2.02	2.078	1.98	3
352	1.922	1.98	2.02	1.961	3
353	1.941	2.039	2.078	1.98	3
354	1.941	2.0	2.039	1.961	3
355	1.922	2.02	2.059	1.961	3
356	1.961	1.98	2.059	1.98	3
357	1.961	1.863	2.02	1.941	3
358	1.98	1.804	2.059	1.922	3
359	2.059	1.882	2.078	1.941	3
360	1.98	1.627	1.98	1.922	3
361	1.941	1.569	1.961	1.882	3
362	2.0	1.627	2.0	1.843	3
363	2.059	1.588	1.941	1.843	3
364	2.0	1.549	1.941	1.843	3
365	2.02	1.706	1.98	1.863	3
366	1.98	1.765	2.0	1.922	3
367	1.961	1.824	2.039	1.941	3
368	2.0	1.843	2.0	1.922	3
369	1.941	1.745	1.941	1.902	3
370	1.843	1.863	1.98	1.922	3
371	1.882	2.0	2.059	1.941	3
372	1.922	2.039	2.078	2.0	3
373	1.961	1.922	1.98	1.98	3
374	1.98	1.765	1.98	1.922	3
375	2.0	1.824	2.059	1.922	3
376	2.059	2.039	2.176	1.961	3
377	1.941	1.863	2.059	2.0	3
378	1.824	1.765	2.078	2.039	3
379	1.902	1.843	2.118	2.039	3
380	1.882	1.863	2.098	2.039	3
381	1.882	1.843	2.078	2.0	3
382	1.941	1.882	2.039	1.961	3
383	1.961	1.824	2.0	1.902	3
384	1.941	1.843	2.0	1.922	3
385	1.941	1.882	2.0	1.902	3
386	1.961	1.941	2.02	1.922	3
387	1.863	2.02	1.98	1.941	3
388	1.882	2.078	2.039	1.961	3
389	1.922	2.176	2.039	2.0	3
390	1.941	2.176	2.098	2.039	3
391	1.882	2.118	2.157	2.098	3
392	1.804	1.922	2.098	2.098	3
393	2.02	1.882	2.02	2.039	3
394	2.02	1.647	1.863	1.863	3
395	1.922	1.706	1.961	1.804	3
396	1.98	2.02	2.176	1.882	3
397	1.922	1.902	2.118	2.0	3
398	1.882	1.882	2.216	2.118	3
399	2.0	1.98	2.078	2.118	3
400	1.922	1.824	1.902	2.039	3
401	1.882	1.784	2.0	1.98	3
402	1.863	1.882	2.098	1.98	3
403	1.961	1.863	2.039	1.941	3
404	2.02	1.843	2.02	1.922	3
405	2.0	1.882	2.039	1.902	3
406	1.863	1.765	1.941	1.922	3
407	2.0	1.804	1.941	1.882	3
408	1.98	1.902	2.02	1.902	3
409	1.98	1.843	2.118	1.98	3
410	2.039	1.667	2.039	2.02	3
411	2.078	1.49	1.98	1.961	3
412	2.039	1.627	2.02	1.902	3
413	2.059	1.843	2.078	1.863	3
414	2.059	1.961	2.078	1.902	3
415	1.922	1.745	1.941	1.941	3
416	1.98	1.765	1.98	1.902	3
417	1.98	1.922	2.118	1.843	3
418	1.941	1.961	2.137	1.902	3
419	1.882	2.137	2.216	2.039	3
420	2.039	2.216	2.098	2.078	3
421	1.961	2.176	2.02	2.059	3
422	1.824	2.196	2.176	1.98	3
423	1.922	2.255	2.255	1.961	3
424	2.0	2.176	2.176	1.98	3
425	2.02	1.902	2.098	1.941	3
426	2.039	1.627	2.02	1.902	3
427	2.059	1.745	2.098	1.902	3
428	1.961	1.627	2.059	1.922	3
429	1.902	1.373	1.922	1.882	3
430	1.98	1.373	1.961	1.843	3
431	2.039	1.51	2.039	1.804	3
432	2.078	1.686	2.137	1.882	3
433	2.059	1.824	2.196	2.0	3
434	2.039	1.824	2.275	2.118	3
435	1.882	1.529	2.02	2.098	3
436	1.882	1.196	1.804	1.882	3
437	1.98	1.333	1.902	1.706	3
438	2.02	1.49	1.941	1.667	3
439	1.98	1.549	2.098	1.784	3
440	1.98	1.784	2.118	1.961	3
441	2.059	1.843	2.059	2.039	3
442	1.902	1.627	2.059	2.0	3
443	1.765	1.431	2.098	1.922	3
444	1.902	1.51	2.235	1.941	3
445	2.098	1.294	2.137	1.98	3
446	1.98	1.078	2.0	1.922	3
447	1.961	1.176	1.98	1.804	3
448	2.0	1.275	2.0	1.745	3
449	1.98	1.353	2.098	1.745	3
450	1.961	1.843	2.314	1.882	3
451	1.961	2.118	2.333	2.02	3
452	2.02	2.118	2.216	2.118	3
453	1.765	2.039	2.275	2.137	3
454	1.784	2.059	2.314	2.098	3
455	1.843	2.059	2.235	2.078	3
456	1.882	2.02	2.176	2.0	3
457	1.902	1.98	2.157	1.961	3
458	1.863	2.098	2.176	2.0	3
459	1.804	2.235	2.353	2.039	3
460	1.863	2.196	2.392	2.176	3
461	1.961	2.333	2.471	2.314	3
462	2.039	2.353	2.49	2.353	3
463	1.98	2.235	2.392	2.333	3
464	1.824	1.667	2.196	2.216	3
465	1.902	1.255	2.059	2.059	3
466	1.882	1.373	2.275	1.961	3
467	1.961	1.765	2.235	1.961	3
468	2.0	1.922	2.078	1.98	3
469	1.961	1.922	2.0	2.0	3
470	2.02	2.078	2.02	1.98	3
471	2.059	2.373	2.373	2.039	3
472	2.0	2.275	2.294	2.176	3
473	1.922	1.765	2.078	2.255	3
474	2.039	1.353	1.882	2.157	3
475	2.157	1.529	1.824	1.941	3
476	2.176	1.647	1.843	1.784	3
477	1.941	1.588	1.882	1.765	3
478	1.922	1.686	2.157	1.961	3
479	1.98	1.686	2.098	2.137	3
480	2.255	1.686	2.059	2.176	3
481	2.157	1.333	1.765	2.078	3
482	1.863	1.333	1.804	1.902	3
483	2.039	1.392	1.941	1.824	3
484	2.039	1.706	1.863	1.843	3
485	2.039	1.922	1.922	1.922	3
486	1.804	1.706	1.961	2.059	3
487	1.725	1.49	1.922	2.157	3
488	1.922	1.255	1.843	2.059	3
489	2.118	1.294	1.843	1.824	3
490	2.176	1.451	1.706	1.627	3
491	2.059	1.49	1.569	1.549	3
492	2.098	1.922	1.745	1.667	3
493	1.922	2.196	1.98	1.922	3
494	1.843	2.078	2.059	2.157	3
495	2.059	1.922	2.059	2.275	3
496	2.059	1.569	1.941	2.176	3
497	1.98	1.412	2.0	2.0	3
498	2.039	1.431	2.059	1.824	3
499	2.059	1.569	1.843	1.725	3
500	1.98	1.745	1.745	1.686	3
501	1.863	2.0	1.882	1.765	3
502	1.784	2.059	2.02	1.922	3
503	1.725	1.902	2.059	2.059	3
504	1.784	1.902	1.961	2.118	3
505	1.725	2.137	2.02	2.039	3
506	1.745	2.196	2.098	1.941	3
507	1.843	2.275	1.961	1.863	3
508	1.922	2.431	1.804	1.824	3
509	1.922	2.549	1.922	1.824	3
510	1.725	2.176	1.863	1.784	3
511	1.686	2.02	1.922	1.824	3
512	1.765	2.235	2.02	1.98	3
513	1.824	2.098	1.922	2.039	3
514	1.922	2.118	1.765	1.922	3
515	1.941	2.314	1.804	1.784	3
516	2.02	2.588	1.961	1.725	3
517	1.98	2.549	1.941	1.765	3
518	2.039	2.725	1.902	1.863	3
519	1.961	2.686	1.745	1.922	3
520	2.059	2.902	1.824	1.941	3
521	2.137	3.118	1.941	1.961	3
522	2.275	3.098	1.941	1.941	3
523	2.255	3.118	1.922	1.902	3
524	2.275	3.176	1.941	1.863	3
525	2.373	3.196	2.0	1.882	3
526	2.529	2.941	1.961	1.902	3
527	2.608	2.922	2.098	1.961	3
528	2.627	3.02	2.02	1.941	3
529	2.824	3.118	2.039	1.941	3
530	2.784	2.902	1.922	1.941	3
531	2.569	2.745	2.02	1.922	3
532	2.647	2.784	2.137	1.961	3
533	2.804	2.745	2.196	1.961	3
534	2.902	2.353	2.176	2.0	3
535	2.725	2.353	2.176	2.059	3
536	2.745	2.412	2.039	2.157	3
537	2.843	2.706	2.176	2.137	3
538	2.98	3.176	2.353	2.157	3
539	2.882	3.216	2.314	2.216	3
540	2.824	3.373	2.49	2.333	3
541	2.745	3.078	2.373	2.431	3
542	2.725	2.667	2.314	2.412	3
543	2.804	2.647	2.353	2.392	3
544	2.725	2.588	2.275	2.353	3
545	2.686	2.843	2.451	2.412	3
546	2.843	3.157	2.588	2.529	3
547	2.863	2.961	2.51	2.627	3
548	2.667	2.725	2.471	2.569	3
549	2.588	2.686	2.51	2.529	3
550	2.647	2.824	2.51	2.49	3
551	2.529	2.843	2.529	2.471	3
552	2.235	2.98	2.569	2.569	3
553	2.078	2.922	2.569	2.667	3
554	2.078	2.765	2.549	2.647	3
555	2.216	2.784	2.569	2.569	3
556	2.255	2.922	2.588	2.471	3
557	2.098	2.824	2.529	2.392	3
558	1.941	2.686	2.529	2.353	3
559	1.824	2.529	2.647	2.353	3
560	1.784	2.137	2.529	2.373	3
561	1.667	2.039	2.471	2.353	3
562	1.588	1.922	2.529	2.392	3
563	1.627	1.824	2.49	2.392	3
564	1.647	1.549	2.431	2.294	3
565	1.451	1.275	2.51	2.137	3
566	1.49	1.176	2.529	2.039	3
567	1.51	1.0	2.412	2.0	3
568	1.392	0.725	2.333	1.922	3
569	1.373	0.765	2.333	1.882	3
570	1.314	0.863	2.294	1.882	3
571	1.294	0.745	2.294	1.863	3
572	1.255	0.98	2.314	1.843	3
573	1.196	0.961	2.216	1.784	3
574	1.196	0.804	2.176	1.686	3
575	1.216	0.51	2.118	1.588	3
576	1.176	0.451	2.039	1.49	3
577	1.216	0.412	1.961	1.412	3
578	1.157	0.529	2.059	1.471	3
579	1.137	0.706	2.137	1.569	3
580	1.275	0.843	2.118	1.627	3
581	1.235	0.294	1.824	1.569	3
582	1.196	0.098	1.804	1.373	3
583	1.216	0.196	1.843	1.216	3
584	1.137	0.196	1.765	1.196	3
585	1.039	0.294	1.784	1.275	3
586	1.098	0.608	1.804	1.353	3
587	1.137	0.706	1.745	1.412	3
588	1.176	0.784	1.863	1.392	3
589	1.294	1.059	1.745	1.392	3
590	1.294	1.196	1.627	1.314	3
591	1.196	1.059	1.51	1.216	3
592	1.137	1.157	1.549	1.216	3
593	1.137	1.353	1.706	1.294	3
594	1.176	1.333	1.686	1.412	3
595	1.196	1.118	1.627	1.431	3
596	1.314	1.137	1.647	1.412	3
597	1.51	1.255	1.627	1.333	3
598	1.51	1.098	1.549	1.294	3
599	1.451	1.137	1.608	1.294	3
600	1.471	1.157	1.667	1.333	3
601	1.451	1.255	1.647	1.431	3
602	1.451	1.196	1.569	1.451	3
603	1.549	1.314	1.588	1.451	3
604	1.608	1.569	1.647	1.431	3
605	1.686	1.667	1.667	1.451	3
606	1.745	1.667	1.608	1.431	3
607	1.784	1.784	1.647	1.392	3
608	1.902	1.765	1.706	1.451	3
609	1.941	1.608	1.627	1.569	3
610	1.961	1.824	1.608	1.647	3
611	2.118	2.255	1.725	1.647	3
612	2.176	2.196	1.706	1.608	3
613	2.216	1.98	1.725	1.588	3
614	2.373	1.902	1.804	1.588	3
615	2.549	1.706	1.706	1.608	3
616	2.49	1.667	1.667	1.608	3
617	2.431	1.784	1.824	1.667	3
618	2.471	2.176	1.882	1.784	3
619	2.49	1.941	1.725	1.863	3
620	2.51	2.118	1.863	1.843	3
621	2.588	2.373	1.882	1.824	3
622	2.627	2.471	1.843	1.784	3
623	2.608	2.529	1.961	1.784	3
624	2.608	2.706	1.98	1.843	3
625	2.608	2.725	1.922	1.902	3
626	2.569	2.647	1.882	1.941	3
627	2.51	2.667	1.902	1.961	3
628	2.569	2.706	1.98	1.941	3
629	2.529	2.569	1.922	1.961	3
630	2.451	2.235	1.922	2.02	3
631	2.51	2.333	1.98	2.098	3
632	2.529	2.588	2.059	2.137	3
633	2.471	2.627	2.0	2.157	3
634	2.451	2.353	1.941	2.098	3
635	2.373	2.294	1.961	2.098	3
636	2.314	2.255	2.039	2.137	3
637	2.314	2.137	2.039	2.157	3
638	2.353	2.196	1.863	2.176	3
639	2.314	2.392	1.922	2.137	3
640	2.294	2.647	2.0	2.196	3
641	2.275	2.745	2.0	2.314	3
642	2.235	2.725	2.0	2.373	3
643	2.235	2.706	1.941	2.333	3
644	2.255	2.667	2.0	2.255	3
645	2.275	2.804	2.039	2.235	3
646	2.235	2.569	2.039	2.255	3
647	2.255	2.451	2.118	2.353	3
648	2.314	2.373	2.039	2.373	3
649	2.373	2.137	1.961	2.353	3
650	2.176	1.922	1.922	2.294	3
651	2.176	1.882	2.059	2.275	3
652	2.196	1.922	2.059	2.275	3
653	2.137	1.784	1.98	2.294	3
654	2.137	1.725	1.961	2.314	3
655	2.059	1.765	2.0	2.275	3
656	2.137	1.941	2.059	2.216	3
657	2.176	2.039	2.137	2.235	3
658	2.118	2.02	2.137	2.275	3
659	2.039	1.863	2.059	2.275	3
660	1.922	1.745	2.0	2.216	3
661	1.902	1.804	2.078	2.176	3
662	1.922	1.843	2.059	2.098	3
663	1.941	1.706	2.098	2.098	3
664	1.902	1.608	2.078	2.098	3
665	1.902	1.647	2.216	2.118	3
666	1.804	1.49	2.157	2.118	3
667	1.647	1.235	2.039	2.02	3
668	1.667	1.118	2.118	1.902	3
669	1.627	1.137	2.137	1.902	3
670	1.549	1.059	2.039	1.922	3
671	1.529	1.255	2.098	1.902	3
672	1.49	1.451	2.176	1.922	3
673	1.353	1.412	2.118	1.863	3
674	1.314	1.216	2.118	1.804	3
675	1.353	1.314	1.961	1.765	3
676	1.255	1.451	1.922	1.706	3
677	1.235	1.569	1.941	1.686	3
678	1.216	1.706	2.02	1.686	3
679	1.255	1.863	2.078	1.765	3
680	1.196	1.549	2.02	1.784	3
681	1.216	1.412	1.961	1.765	3
682	1.235	1.51	1.922	1.706	3
683	1.255	1.49	1.922	1.667	3
684	1.176	1.353	1.863	1.647	3
685	1.235	1.412	1.941	1.667	3
686	1.333	1.51	1.941	1.706	3
687	1.353	1.412	1.824	1.706	3
688	1.333	1.431	1.843	1.706	3
689	1.314	1.569	1.941	1.725	3
690	1.333	1.667	1.784	1.784	3
691	1.373	1.647	1.765	1.804	3
692	1.431	1.725	1.824	1.804	3
693	1.431	1.745	1.804	1.804	3
694	1.471	1.627	1.843	1.824	3
695	1.51	1.529	1.804	1.863	3
696	1.569	1.627	1.765	1.863	3
697	1.569	1.608	1.804	1.863	3
698	1.608	1.686	1.843	1.922	3
699	1.647	1.765	1.902	2.059	3
700	1.706	1.608	1.765	2.157	3
701	1.725	1.294	1.784	2.039	3
702	1.706	1.157	1.765	1.902	3
703	1.745	1.235	1.765	1.824	3
704	1.765	1.255	1.765	1.824	3
705	1.765	1.412	1.882	1.941	3
706	1.863	1.51	1.922	2.078	3
707	1.922	1.608	1.902	2.137	3
708	2.02	1.745	1.902	2.078	3
709	2.0	1.745	1.882	2.02	3
710	1.941	1.608	1.765	1.941	3
711	2.078	1.706	1.941	1.941	3
712	2.098	1.667	1.961	2.059	3
713	2.157	1.686	1.922	2.176	3
714	2.216	1.569	1.922	2.235	3
715	2.196	1.549	1.961	2.196	3
716	2.275	1.549	2.059	2.176	3
717	2.392	1.529	2.02	2.157	3
718	2.412	1.294	1.922	2.098	3
719	2.412	1.235	1.941	2.098	3
720	2.392	1.275	1.98	2.157	3
721	2.294	1.275	1.98	2.216	3
722	2.275	1.333	2.0	2.255	3
723	2.392	1.471	1.98	2.255	3
724	2.431	1.686	1.98	2.255	3
725	2.373	1.647	1.961	2.255	3
726	2.353	1.667	1.922	2.235	3
727	2.392	1.784	1.882	2.137	3
728	2.373	1.902	1.824	2.098	3
729	2.235	1.804	1.784	2.098	3
730	2.235	1.98	1.843	2.137	3
731	2.294	2.039	1.863	2.216	3
732	2.275	1.902	1.824	2.275	3
733	2.275	1.922	1.863	2.235	3
734	2.294	1.843	1.784	2.157	3
735	2.216	1.706	1.686	2.078	3
736	2.176	1.686	1.745	2.02	3
737	2.216	1.745	1.745	2.02	3
738	2.157	1.765	1.745	2.039	3
739	2.137	1.804	1.745	2.098	3
740	2.118	1.902	1.745	2.137	3
741	2.039	1.98	1.804	2.137	3
742	2.078	2.118	1.804	2.118	3
743	2.098	2.157	1.765	2.098	3
744	2.039	2.078	1.804	2.078	3
745	2.059	2.353	1.98	2.098	3
746	2.059	2.392	1.922	2.118	3
747	1.98	2.275	1.902	2.118	3
748	1.863	2.216	2.02	2.118	3
749	1.882	2.294	2.137	2.137	3
750	2.039	2.235	2.176	2.176	3
751	2.137	2.157	2.118	2.176	3
752	2.02	1.98	2.157	2.118	3
753	2.02	2.059	2.294	2.078	3
754	1.882	2.098	2.294	2.059	3
755	1.863	2.137	2.314	2.098	3
756	1.902	2.098	2.353	2.118	3
757	1.941	2.275	2.431	2.137	3
758	2.02	2.392	2.49	2.137	3
759	1.941	2.333	2.392	2.059	3
760	1.882	2.392	2.373	2.0	3
761	1.882	2.49	2.451	2.02	3
762	1.882	2.392	2.451	2.059	3
763	1.882	2.373	2.529	2.098	3
764	1.98	2.471	2.529	2.059	3
765	2.02	2.314	2.451	1.98	3
766	1.922	2.275	2.471	1.941	3
767	1.961	2.314	2.471	1.961	3
768	2.039	2.353	2.51	1.98	3
769	1.902	2.118	2.412	2.02	3
770	1.863	1.961	2.431	2.02	3
771	1.902	1.941	2.49	2.0	3
772	1.941	1.882	2.392	1.941	3
773	1.922	1.961	2.412	1.882	3
774	1.961	2.137	2.451	1.863	3
775	1.863	2.157	2.471	1.882	3
776	1.902	2.137	2.451	1.961	3
777	1.902	2.294	2.373	1.98	3
778	1.882	2.314	2.431	2.02	3
779	1.961	2.314	2.392	1.98	3
780	1.922	2.098	2.333	1.922	3
781	1.843	2.098	2.333	1.882	3
782	1.902	2.196	2.353	1.843	3
783	1.941	2.137	2.333	1.863	3
784	1.863	2.157	2.373	1.882	3
785	1.961	2.078	2.314	1.902	3
786	1.863	1.686	2.157	1.882	3
787	1.843	1.647	2.216	1.804	3
788	1.902	1.863	2.275	1.804	3
789	1.804	1.804	2.157	1.843	3
790	1.804	1.843	2.196	1.863	3
791	1.902	2.039	2.255	1.843	3
792	1.941	2.02	2.157	1.804	3
793	1.882	2.02	2.118	1.804	3
794	1.863	2.118	2.118	1.784	3
795	1.784	2.176	2.098	1.824	3
796	1.765	2.235	2.078	1.843	3
797	1.784	2.216	2.118	1.882	3
798	1.843	2.294	2.098	1.863	3
799	1.863	2.216	2.059	1.824	3
800	1.902	2.157	2.098	1.804	3
801	1.941	2.157	2.157	1.863	3
802	1.961	2.216	2.196	1.961	3
803	1.863	1.961	2.059	1.961	3
804	1.863	1.882	2.059	1.922	3
805	1.922	1.961	2.078	1.843	3
806	1.902	1.922	2.039	1.824	3
807	1.922	1.961	2.039	1.843	3
808	2.02	1.961	2.0	1.843	3
809	1.961	1.922	2.02	1.863	3
810	1.941	2.0	2.039	1.863	3
811	1.882	2.137	2.039	1.882	3
812	1.863	2.157	2.039	1.941	3
813	1.961	2.176	2.0	1.98	3
814	2.039	2.078	2.0	1.922	3
815	2.059	2.098	1.98	1.824	3
816	2.0	2.02	2.0	1.824	3
817	1.961	1.882	1.922	1.863	3
818	1.98	1.902	2.059	1.941	3
819	2.157	2.039	2.137	2.0	3
820	2.098	1.706	2.0	1.961	3
821	2.118	1.608	1.941	1.882	3
822	2.176	1.608	1.961	1.843	3
823	2.098	1.725	2.02	1.843	3
824	2.0	1.725	1.98	1.902	3
825	2.02	1.706	1.98	1.961	3
826	2.02	2.0	2.02	2.02	3
827	2.098	2.0	2.02	2.02	3
828	2.137	1.922	2.0	1.961	3
829	2.078	1.941	2.039	1.941	3
830	2.0	2.0	2.0	1.922	3
831	1.922	1.882	1.98	1.922	3
832	2.02	1.902	1.961	1.941	3
833	2.098	1.941	2.078	1.961	3
834	2.059	1.843	1.98	1.941	3
835	1.961	1.824	2.059	1.961	3
836	1.98	1.765	2.078	1.98	3
837	1.863	1.588	1.98	1.98	3
838	1.961	1.667	2.02	1.961	3
839	1.961	1.588	2.059	1.98	3
840	1.961	1.549	2.059	1.961	3
841	1.882	1.51	1.961	1.961	3
842	1.804	1.706	2.02	1.922	3
843	1.843	1.824	2.098	1.961	3
844	1.941	1.863	2.098	1.98	3
845	1.98	1.902	2.039	1.98	3
846	1.824	1.784	1.941	1.98	3
847	1.804	1.882	2.02	1.941	3
848	1.882	1.922	2.039	1.961	3
849	1.902	1.961	2.059	1.961	3
850	1.902	1.882	2.059	1.98	3
851	1.882	1.804	2.02	1.961	3
852	1.902	1.784	2.059	1.961	3
853	1.961	1.843	2.118	1.98	3
854	1.863	1.431	1.98	1.922	3
855	1.804	1.373	1.98	1.902	3
856	1.863	1.608	2.02	1.882	3
857	1.961	1.627	2.039	1.882	3
858	1.961	1.745	2.137	1.941	3
859	1.882	1.686	1.98	2.0	3
860	1.902	1.686	1.941	1.98	3
861	1.922	1.627	1.961	1.941	3
862	1.941	1.824	1.98	1.843	3
863	1.843	1.902	2.078	1.863	3
864	1.863	2.039	2.098	1.961	3
865	1.941	1.863	1.98	2.0	3
866	1.98	1.941	1.961	1.961	3
867	1.961	2.039	2.0	1.922	3
868	1.902	1.941	2.059	1.902	3
869	1.922	1.922	2.039	1.941	3
870	2.0	1.941	2.059	1.98	3
871	1.961	1.667	2.02	2.0	3
872	1.941	1.725	2.059	2.0	3
873	1.961	1.765	2.02	1.98	3
874	1.98	1.765	1.961	1.922	3
875	1.98	1.804	2.0	1.902	3
876	1.902	1.902	2.0	1.902	3
877	1.863	1.961	2.039	1.922	3
878	1.961	2.098	2.098	1.98	3
879	2.059	2.176	2.098	2.0	3
880	1.941	2.098	2.0	1.98	3
881	1.882	2.078	1.961	1.961	3
882	1.882	1.98	1.961	1.922	3
883	1.941	2.098	2.059	1.922	3
884	2.039	2.098	2.078	1.961	3
885	1.98	1.98	2.039	2.0	3
886	1.98	1.961	2.078	1.98	3
887	2.059	1.922	2.137	2.0	3
888	2.0	1.667	2.0	1.941	3
889	1.98	1.627	2.0	1.902	3
890	1.961	1.667	2.059	1.902	3
891	2.02	1.824	2.098	1.941	3
892	2.078	1.765	2.02	1.98	3
893	1.98	1.745	2.02	1.98	3
894	2.039	1.824	2.039	1.98	3
895	2.02	1.784	2.0	1.961	3
896	1.961	1.98	2.059	1.922	3
897	2.059	2.098	2.098	1.902	3
898	2.059	2.157	2.078	1.902	3
899	1.922	2.059	2.059	1.941	3
900	1.922	2.098	2.118	2.02	3
901	1.941	2.02	2.098	2.059	3
902	1.98	1.922	2.078	2.02	3
903	2.059	1.863	2.157	1.961	3
904	2.137	1.961	2.176	1.941	3
905	2.0	1.725	2.078	1.941	3
906	1.882	1.647	2.098	1.941	3
907	1.922	1.725	2.118	1.961	3
908	1.922	1.765	2.137	2.0	3
909	1.843	1.745	2.157	2.039	3
910	1.902	1.863	2.176	2.02	3
911	1.98	1.922	2.157	1.961	3
912	2.02	1.961	2.196	1.98	3
913	2.059	2.098	2.196	1.941	3
914	1.98	1.98	2.137	1.922	3
915	1.902	2.02	2.118	1.961	3
916	1.863	1.922	2.118	1.961	3
917	1.941	1.922	2.118	1.961	3
918	2.059	1.98	2.176	1.941	3
919	2.078	1.882	2.196	1.941	3
920	2.039	1.863	2.157	1.941	3
921	2.098	1.98	2.176	1.98	3
922	2.039	1.588	2.098	2.0	3
923	1.98	1.529	2.196	2.0	3
924	2.039	1.588	2.157	1.961	3
925	2.098	1.569	2.098	1.902	3
926	2.098	1.627	2.098	1.863	3
927	2.137	1.882	2.176	1.882	3
928	2.059	1.882	2.157	1.941	3
929	2.02	1.824	2.118	1.961	3
930	2.0	1.902	2.098	1.961	3
931	2.059	1.843	2.078	1.941	3
932	2.078	1.941	2.059	1.941	3
933	2.137	1.961	2.059	1.941	3
934	2.118	2.098	2.137	1.941	3
935	2.059	2.059	2.157	1.961	3
936	1.961	1.902	2.078	1.98	3
937	1.961	1.804	2.118	1.98	3
938	2.157	1.784	2.176	1.98	3
939	2.137	1.608	2.157	1.941	3
940	2.157	1.725	2.176	1.961	3
941	2.059	1.588	2.039	1.941	3
942	2.0	1.529	2.039	1.902	3
943	2.02	1.588	2.078	1.902	3
944	2.078	1.784	2.137	1.922	3
945	2.0	1.863	2.176	1.961	3
946	2.0	1.882	2.157	2.0	3
947	2.059	1.882	2.098	1.98	3
948	2.0	1.706	2.039	1.941	3
949	2.02	1.922	2.078	1.922	3
950	1.98	2.0	2.078	1.941	3
951	2.0	2.02	2.118	1.961	3
952	2.039	2.039	2.118	2.0	3
953	2.039	1.843	2.059	1.961	3
954	2.059	1.647	2.059	1.922	3
955	2.059	1.686	2.118	1.941	3
956	1.961	1.51	2.0	1.941	3
957	1.922	1.51	2.02	1.961	3
958	2.0	1.569	2.0	1.941	3
959	2.02	1.51	1.98	1.902	3
960	1.902	1.412	2.0	1.922	3
961	1.941	1.588	2.02	1.961	3
962	2.02	1.784	2.02	1.941	3
963	2.059	1.824	2.0	1.961	3
964	1.941	2.0	2.02	1.961	3
965	1.922	1.98	2.0	1.961	3
966	1.922	1.882	1.941	1.961	3
967	1.882	1.784	1.941	1.922	3
968	1.922	1.902	1.941	1.961	3
969	1.98	2.0	1.98	1.961	3
970	1.98	2.0	2.059	2.02	3
971	1.922	1.902	2.0	2.039	3
972	1.98	1.922	2.039	2.039	3
973	1.941	1.706	1.902	1.961	3
974	1.902	1.647	1.941	1.882	3
975	1.941	1.706	1.922	1.922	3
976	1.922	1.725	1.961	1.961	3
977	1.961	1.706	1.98	2.0	3
978	1.961	1.804	1.902	2.0	3
979	1.882	1.824	1.843	1.98	3
980	1.902	1.922	1.922	1.98	3
981	1.863	2.039	1.882	1.961	3
982	1.843	2.02	1.843	1.941	3
983	1.902	2.02	1.863	1.961	3
984	1.882	1.961	1.824	1.98	3
985	1.882	2.078	1.902	1.98	3
986	1.941	2.137	1.882	2.0	3
987	1.922	1.98	1.824	2.0	3
988	1.922	1.882	1.882	1.98	3
989	1.922	1.902	1.902	2.02	3
990	1.863	1.725	1.843	2.0	3
991	1.824	1.667	1.824	1.98	3
992	1.882	1.784	1.882	1.961	3
993	1.961	1.784	1.843	1.98	3
994	1.961	1.725	1.882	2.0	3
995	2.0	1.863	1.843	1.941	3
996	1.941	1.941	1.882	1.941	3
997	1.843	1.843	1.902	1.941	3
998	1.843	1.882	1.843	1.98	3
999	1.882	1.804	1.745	1.961	3
1000	1.98	2.02	1.784	1.961	3
1001	1.902	2.118	1.843	1.941	3
1002	1.902	2.216	1.902	1.961	3
1003	1.922	2.216	1.882	1.98	3
1004	2.0	2.02	1.863	1.961	3
1005	2.02	1.765	1.902	1.961	3
1006	2.02	1.863	1.922	1.961	3
1007	1.882	1.686	1.804	1.98	3
1008	1.863	1.667	1.804	1.941	3
1009	1.941	1.765	1.843	1.922	3
1010	1.922	1.882	1.922	1.941	3
1011	1.941	1.725	1.882	1.961	3
1012	1.98	1.804	1.843	1.941	3
1013	1.98	1.98	1.882	1.882	3
1014	1.961	2.098	1.98	1.882	3
1015	1.941	2.255	2.02	1.922	3
1016	1.902	2.176	1.922	1.941	3
1017	1.941	2.176	2.0	2.02	3
1018	1.902	2.098	2.02	2.078	3
1019	1.961	2.137	1.961	2.078	3
1020	1.98	2.098	1.941	1.941	3
1021	1.922	2.02	1.941	1.863	3
1022	1.98	2.02	2.039	1.824	3
1023	2.078	2.137	2.118	1.902	3
1024	2.02	1.902	2.039	2.0	3
1025	1.882	1.706	2.02	2.039	3
1026	1.941	1.804	2.039	2.059	3
1027	2.0	1.863	2.02	2.0	3
1028	1.941	1.784	2.02	1.922	3
1029	1.941	1.725	1.941	1.863	3
1030	1.922	1.745	1.961	1.882	3
1031	1.941	1.922	2.0	1.941	3
1032	1.922	2.039	2.02	1.961	3
1033	1.941	2.118	2.078	1.98	3
1034	1.98	2.275	2.078	2.02	3
1035	1.902	2.137	2.0	2.0	3
1036	1.863	2.0	2.0	1.961	3
1037	1.941	2.039	2.078	1.941	3
1038	1.922	2.0	2.059	1.941	3
1039	1.98	1.961	2.118	1.961	3
1040	2.078	1.98	2.118	2.039	3
1041	2.02	1.725	2.02	2.0	3
1042	1.98	1.824	2.039	1.961	3
1043	2.0	1.843	2.059	1.941	3
1044	2.0	1.922	2.137	1.961	3
1045	1.941	1.824	2.137	2.0	3
1046	1.961	1.882	2.098	2.0	3
1047	2.0	1.98	2.078	1.98	3
1048	2.039	1.98	2.078	1.98	3
1049	2.02	2.0	2.039	1.961	3
1050	1.941	2.078	2.078	1.922	3
1051	1.961	2.157	2.059	1.922	3
1052	1.961	2.137	2.078	1.941	3
1053	1.98	2.157	2.059	1.961	3
1054	2.02	2.196	2.059	1.961	3
1055	1.941	2.02	1.98	1.922	3
1056	1.902	1.902	2.039	1.902	3
1057	2.039	2.078	2.176	1.941	3
1058	2.0	1.863	2.059	1.961	3
1059	1.961	1.667	1.961	1.902	3
1060	2.0	1.765	2.02	1.863	3
1061	1.941	1.765	2.0	1.824	3
1062	1.902	1.725	2.059	1.843	3
1063	1.882	1.843	2.039	1.922	3
1064	1.882	1.863	2.039	1.922	3
1065	1.922	2.059	2.059	1.902	3
1066	1.961	2.118	2.078	1.882	3
1067	1.922	2.059	2.039	1.863	3
1068	1.902	2.157	2.078	1.902	3
1069	1.941	2.118	2.039	1.961	3
1070	1.902	2.039	2.0	1.961	3
1071	1.902	2.059	2.039	1.941	3
1072	1.863	2.02	2.039	1.902	3
1073	1.863	1.961	2.039	1.863	3
1074	2.02	2.098	2.118	1.922	3
1075	2.0	1.902	2.059	1.961	3
1076	1.961	1.745	2.039	2.0	3
1077	1.902	1.765	2.098	2.039	3
1078	1.843	1.765	2.059	2.039	3
1079	1.863	1.706	1.98	2.0	3
1080	1.902	1.804	1.961	1.902	3
1081	1.882	1.882	2.078	1.922	3
1082	1.961	1.902	2.137	1.961	3
1083	1.961	1.922	2.098	2.02	3
1084	1.961	1.961	2.039	2.02	3
1085	1.922	2.0	2.039	1.98	3
1086	1.863	2.02	2.0	2.0	3
1087	1.941	2.039	2.039	1.98	3
1088	1.922	2.078	2.157	2.0	3
1089	1.902	1.922	2.118	1.98	3
1090	1.941	1.745	2.059	2.0	3
1091	2.059	1.922	2.176	2.02	3
1092	2.078	1.804	2.118	2.02	3
1093	1.922	1.706	2.098	1.961	3
1094	1.98	1.725	2.196	1.941	3
1095	2.0	1.765	2.157	1.941	3
1096	1.961	1.706	2.118	1.922	3
1097	1.98	1.804	2.157	1.941	3
1098	1.961	1.863	2.137	1.941	3
1099	1.98	1.824	2.137	1.902	3
1100	2.02	1.902	2.196	1.882	3
1101	1.961	1.882	2.196	1.922	3
1102	1.902	1.961	2.118	1.98	3
1103	1.961	2.059	2.216	2.039	3
1104	1.961	1.902	2.137	2.0	3
1105	2.02	1.824	2.078	1.902	3
1106	1.961	1.941	2.196	1.824	3
1107	1.902	1.902	2.196	1.902	3
1108	2.059	1.882	2.255	1.98	3
1109	2.059	1.686	2.118	2.02	3
1110	1.922	1.529	2.059	1.961	3
1111	1.922	1.569	2.118	1.902	3
1112	1.922	1.667	2.137	1.902	3
1113	1.922	1.647	2.176	1.922	3
1114	2.02	1.784	2.216	1.961	3
1115	2.02	1.863	2.196	1.961	3
1116	1.961	1.922	2.157	1.98	3
1117	1.961	2.0	2.176	1.961	3
1118	1.961	2.02	2.196	1.941	3
1119	2.0	2.059	2.118	1.882	3
1120	2.0	1.961	2.078	1.882	3
1121	1.941	2.039	2.157	1.941	3
1122	2.0	2.137	2.216	1.98	3
1123	2.02	1.961	2.157	2.0	3
1124	2.02	1.882	2.157	1.961	3
1125	2.118	2.02	2.235	1.961	3
1126	2.059	1.784	2.098	1.961	3
1127	2.0	1.686	2.059	1.941	3
1128	2.02	1.706	2.098	1.882	3
1129	2.0	1.765	2.098	1.863	3
1130	1.98	1.745	2.137	1.922	3
1131	2.0	1.863	2.157	2.0	3
1132	2.039	1.98	2.118	2.02	3
1133	2.0	1.98	2.039	1.98	3
1134	2.0	1.941	2.059	1.902	3
1135	1.941	2.02	2.098	1.902	3
1136	1.941	2.157	2.157	1.98	3
1137	1.941	2.078	2.039	2.02	3
1138	1.961	2.039	2.0	1.98	3
1139	2.02	2.118	2.039	1.941	3
1140	1.961	1.98	2.039	1.922	3
1141	1.882	1.863	2.039	1.922	3
1142	2.0	1.922	2.078	2.0	3
1143	2.059	1.784	2.02	2.02	3
1144	1.98	1.686	1.98	1.961	3
1145	2.02	1.706	2.039	1.902	3
1146	2.039	1.784	2.059	1.922	3
1147	1.941	1.686	2.02	1.941	3
1148	1.882	1.706	1.961	1.961	3
1149	1.922	1.765	1.98	1.922	3
1150	2.0	1.941	2.098	1.922	3
1151	1.98	1.922	2.059	1.961	3
1152	1.922	1.98	2.039	2.02	3
1153	1.922	2.059	1.98	2.02	3
1154	1.882	1.961	1.922	1.961	3
1155	1.843	1.941	1.961	1.922	3
1156	1.961	1.961	2.0	1.902	3
1157	2.0	1.843	2.02	1.902	3
1158	1.98	1.765	2.0	1.961	3
1159	2.039	1.941	2.059	2.02	3
1160	2.059	1.824	2.02	2.059	3
1161	1.863	1.608	1.902	2.0	3
1162	1.941	1.706	2.02	1.961	3
1163	1.98	1.804	2.078	1.961	3
1164	1.922	1.627	2.0	1.98	3
1165	1.922	1.706	1.961	1.941	3
1166	2.0	1.882	1.961	1.922	3
1167	1.98	1.941	2.0	1.922	3
1168	1.961	1.922	2.039	1.941	3
1169	1.941	2.0	2.0	2.0	3
1170	1.922	2.098	2.0	2.02	3
1171	1.98	2.078	1.98	2.0	3
1172	1.98	2.059	1.961	1.941	3
1173	2.0	2.059	1.98	1.902	3
1174	1.961	1.941	1.98	1.863	3
1175	1.922	1.843	2.0	1.922	3
1176	2.02	1.941	2.098	2.039	3
1177	2.059	1.784	2.0	2.078	3
1178	1.961	1.686	1.961	2.0	3
1179	1.961	1.686	2.039	1.882	3
1180	2.0	1.706	1.941	1.863	3
1181	1.961	1.647	1.961	1.902	3
1182	2.0	1.686	2.059	1.961	3
1183	1.98	1.784	2.059	2.0	3
1184	1.98	1.902	1.98	1.961	3
1185	1.902	1.98	2.0	1.941	3
1186	1.902	2.118	2.059	1.961	3
1187	1.882	2.059	2.039	2.0	3
1188	1.961	1.98	1.98	1.98	3
1189	1.98	2.039	2.02	1.961	3
1190	1.961	2.137	2.039	1.941	3
1191	1.902	1.961	2.02	1.941	3
1192	1.902	1.882	2.02	1.961	3
1193	2.02	2.0	2.098	2.02	3
1194	2.02	1.843	2.039	2.02	3
1195	1.882	1.667	1.961	1.98	3
1196	1.922	1.647	2.0	1.941	3
1197	1.961	1.686	2.02	1.902	3
1198	1.98	1.608	2.0	1.863	3
1199	1.961	1.725	2.02	1.922	3
1200	1.902	1.824	2.02	1.961	3
1201	1.902	1.922	2.078	1.98	3
1202	1.961	1.98	2.098	1.98	3
1203	2.0	2.0	2.078	2.0	3
1204	1.941	1.882	1.98	2.0	3
1205	1.941	1.784	1.941	1.941	3
1206	1.922	1.98	2.02	1.922	3
1207	2.0	2.118	2.059	1.902	3
1208	1.98	2.039	2.098	1.941	3
1209	1.902	1.843	2.0	1.98	3
1210	1.98	1.902	2.098	2.039	3
1211	2.02	1.804	2.039	2.039	3
1212	1.941	1.745	2.078	2.0	3
1213	1.98	1.745	2.039	1.941	3
1214	1.961	1.706	2.02	1.902	3
1215	1.941	1.667	2.078	1.961	3
1216	1.941	1.843	2.118	2.0	3
1217	1.98	1.843	2.0	2.0	3
1218	1.902	1.922	2.078	2.0	3
1219	1.902	1.98	2.078	2.0	3
1220	1.902	1.98	2.02	1.941	3
1221	1.902	1.961	1.98	1.882	3
1222	2.0	2.039	2.039	1.902	3
1223	1.98	1.98	2.039	1.961	3
1224	2.02	2.078	2.118	2.039	3
1225	1.961	1.941	2.059	1.98	3
1226	1.941	1.784	2.02	1.922	3
1227	1.98	1.863	2.039	1.922	3
1228	2.0	1.706	2.02	1.961	3
1229	1.941	1.588	1.98	1.941	3
1230	1.98	1.549	2.02	1.902	3
1231	2.02	1.667	2.078	1.922	3
1232	2.0	1.686	2.059	1.961	3
1233	2.039	1.686	2.098	1.961	3
1234	2.039	1.784	2.039	1.961	3
1235	1.941	1.784	2.039	1.941	3
1236	1.863	1.882	2.039	1.941	3
1237	1.98	1.902	2.02	1.922	3
1238	1.98	1.882	2.02	1.922	3
1239	2.0	1.98	2.02	1.902	3
1240	1.961	1.98	2.078	1.961	3
1241	1.941	2.059	2.059	2.0	3
1242	1.961	1.902	2.02	1.961	3
1243	1.98	1.804	2.0	1.922	3
1244	2.0	1.902	2.118	1.941	3
1245	2.039	1.784	2.078	1.98	3
1246	1.941	1.647	2.02	1.941	3
1247	1.922	1.627	2.039	1.941	3
1248	1.98	1.686	2.02	1.922	3
1249	2.02	1.686	2.039	1.902	3
1250	1.98	1.706	2.039	1.902	3
1251	1.961	1.725	2.02	1.902	3
1252	1.922	1.765	1.98	1.902	3
1253	1.882	1.863	2.02	1.882	3
1254	1.922	1.98	2.059	1.941	3
1255	1.863	2.02	2.059	1.98	3
1256	1.882	2.0	2.02	2.0	3
1257	1.922	1.961	1.98	1.941	3
1258	1.961	2.039	2.078	1.902	3
1259	1.941	2.0	2.137	1.941	3
1260	1.882	1.922	2.02	2.0	3
1261	1.98	1.863	2.098	2.02	3
1262	2.059	1.667	2.02	1.98	3
1263	1.941	1.529	1.922	1.902	3
1264	1.882	1.627	2.0	1.863	3
1265	1.902	1.765	2.098	1.902	3
1266	1.922	1.804	2.098	2.0	3
1267	1.922	1.961	2.098	2.039	3
1268	1.941	1.863	2.039	2.02	3
1269	1.902	1.843	2.02	1.961	3
1270	1.922	1.902	2.02	1.922	3
1271	1.922	1.961	2.02	1.922	3
1272	1.882	2.059	2.059	1.902	3
1273	1.961	2.137	2.02	1.941	3
1274	1.961	2.078	1.98	1.98	3
1275	1.961	2.098	2.0	1.98	3
1276	1.902	2.059	2.078	1.98	3
1277	1.922	1.98	2.039	1.98	3
1278	2.02	2.039	2.059	1.98	3
1279	2.039	1.922	2.039	1.98	3
1280	1.882	1.745	1.98	1.941	3
1281	1.941	1.686	2.0	1.902	3
1282	1.961	1.725	1.98	1.882	3
1283	1.98	1.765	2.039	1.922	3
1284	1.961	1.784	2.039	1.98	3
1285	1.961	1.863	2.039	1.98	3
1286	2.039	1.941	2.039	1.98	3
1287	1.961	1.961	2.059	1.98	3
1288	1.961	2.078	2.0	1.941	3
1289	1.941	2.02	1.922	1.922	3
1290	1.882	1.961	1.961	1.882	3
1291	1.922	2.098	2.098	1.941	3
1292	1.98	2.216	2.098	2.0	3
1293	1.961	1.98	2.02	2.0	3
1294	1.98	1.902	2.039	2.0	3
1295	2.078	2.0	2.118	2.0	3
1296	2.137	1.961	2.098	2.02	3
1297	1.941	1.765	2.039	2.0	3
1298	1.902	1.667	1.961	1.922	3
1299	1.941	1.686	2.0	1.882	3
1300	1.98	1.667	2.02	1.902	3
1301	1.961	1.765	2.039	1.941	3
1302	2.02	1.863	2.039	1.961	3
1303	2.0	1.863	2.0	1.961	3
1304	1.941	1.922	2.02	1.941	3
1305	1.961	2.0	1.98	1.902	3
1306	1.98	2.039	2.078	1.882	3
1307	1.941	1.941	2.059	1.902	3
1308	1.902	1.804	2.02	1.98	3
1309	2.0	2.02	2.02	2.02	3
1310	2.039	2.0	1.98	2.0	3
1311	2.039	1.863	1.922	1.922	3
1312	2.059	2.02	2.059	1.863	3
1313	2.02	1.941	2.078	1.882	3
1314	1.902	1.588	1.941	1.922	3
1315	1.941	1.647	2.02	1.961	3
1316	1.98	1.804	2.098	2.0	3
1317	1.961	1.745	2.039	2.02	3
1318	2.0	1.765	2.0	1.961	3
1319	2.039	1.863	1.961	1.902	3
1320	2.0	2.02	2.059	1.902	3
1321	1.98	2.059	2.039	1.902	3
1322	1.961	2.098	1.98	1.941	3
1323	1.922	2.098	2.0	2.0	3
1324	1.902	2.118	2.02	2.0	3
1325	1.902	2.098	2.078	2.02	3
1326	1.98	2.137	2.0	2.0	3
1327	1.961	1.961	1.941	1.922	3
1328	1.98	2.0	2.059	1.882	3
1329	2.059	2.098	2.118	1.922	3
1330	2.059	1.882	2.039	1.98	3
1331	1.902	1.608	1.961	1.98	3
1332	1.902	1.647	2.039	1.98	3
1333	1.941	1.784	2.02	1.941	3
1334	1.902	1.784	2.078	1.961	3
1335	1.941	1.824	2.039	1.961	3
1336	1.961	1.922	2.0	1.941	3
1337	1.941	1.922	2.0	1.941	3
1338	1.882	1.863	1.98	1.941	3
1339	1.941	2.0	2.02	1.922	3
1340	1.922	2.039	2.0	1.941	3
1341	1.922	2.059	2.0	1.941	3
1342	1.902	2.078	2.02	1.961	3
1343	1.922	2.137	2.02	2.0	3
1344	1.922	2.039	2.02	2.02	3
1345	1.922	1.941	2.039	1.98	3
1346	1.961	2.02	2.098	2.0	3
1347	2.078	1.961	2.059	2.0	3
1348	1.98	1.667	1.961	1.922	3
1349	1.961	1.686	2.039	1.902	3
1350	1.941	1.725	2.02	1.922	3
1351	1.902	1.745	2.039	1.941	3
1352	1.922	1.784	2.059	1.98	3
1353	1.98	1.804	2.039	1.98	3
1354	1.98	1.824	2.02	1.961	3
1355	1.961	1.863	2.039	1.922	3
1356	2.02	2.059	2.098	1.922	3
1357	1.961	2.059	2.118	1.941	3
1358	1.961	2.039	2.039	1.961	3
1359	1.902	1.98	2.0	1.922	3
1360	1.941	2.078	2.078	1.922	3
1361	1.941	1.98	2.059	1.941	3
1362	1.922	1.804	2.039	1.961	3
1363	2.0	1.922	2.176	2.02	3
1364	2.059	1.902	2.078	2.0	3
1365	1.902	1.667	2.02	1.961	3
1366	1.902	1.667	2.059	1.922	3
1367	1.961	1.745	2.098	1.941	3
1368	2.0	1.765	2.118	1.941	3
1369	2.0	1.686	2.059	1.941	3
1370	1.961	1.824	2.078	1.941	3
1371	1.902	1.863	2.039	1.941	3
1372	1.922	1.804	2.059	1.98	3
1373	1.941	1.941	2.059	1.961	3
1374	1.98	2.0	2.078	1.98	3
1375	1.941	2.078	2.098	1.98	3
1376	1.843	1.961	2.039	1.961	3
1377	1.941	2.118	2.098	1.961	3
1378	2.02	2.059	2.118	1.941	3
1379	2.059	1.824	2.078	1.961	3
1380	2.0	1.784	2.098	2.0	3
1381	2.039	1.863	2.118	2.0	3
1382	1.941	1.686	2.039	1.961	3
1383	1.941	1.608	2.059	1.941	3
1384	2.039	1.725	2.059	1.941	3
1385	1.961	1.784	2.098	1.961	3
1386	1.922	1.745	2.059	1.98	3
1387	1.941	1.824	2.098	1.98	3
1388	1.941	1.882	2.059	1.98	3
1389	1.961	1.922	2.098	1.922	3
1390	2.0	1.922	2.039	1.941	3
1391	1.902	1.922	2.059	1.961	3
1392	1.941	2.098	2.02	1.961	3
1393	1.922	2.118	2.078	2.0	3
1394	1.902	2.118	2.098	2.0	3
1395	2.02	1.941	2.02	1.961	3
1396	2.02	1.824	2.059	1.902	3
1397	2.0	1.882	2.118	1.922	3
1398	2.02	1.961	2.098	1.941	3
1399	1.961	1.725	1.961	1.961	3
1400	1.824	1.647	2.0	2.02	3
1401	1.922	1.765	2.098	2.02	3
1402	2.059	1.686	2.059	1.961	3
1403	1.941	1.745	2.02	1.922	3
1404	1.961	1.804	2.0	1.941	3
1405	1.961	1.902	2.0	1.941	3
1406	2.0	1.902	1.98	1.902	3
1407	1.98	2.02	2.0	1.902	3
1408	1.922	1.98	2.039	1.941	3
1409	1.902	2.078	2.059	2.0	3
1410	1.922	2.078	2.039	2.039	3
1411	2.0	2.098	1.98	1.98	3
1412	1.922	2.02	2.039	1.961	3
1413	1.902	1.902	2.039	1.922	3
1414	1.941	1.902	2.059	1.941	3
1415	2.039	1.902	2.078	1.98	3
1416	1.922	1.686	2.039	1.98	3
1417	1.902	1.627	2.039	1.941	3
1418	1.961	1.725	2.039	1.922	3
1419	1.941	1.667	1.98	1.863	3
1420	1.961	1.608	2.0	1.882	3
1421	2.0	1.765	2.039	1.941	3
1422	2.02	1.902	2.118	1.941	3
1423	1.961	1.922	2.137	2.0	3
1424	1.922	2.02	2.098	1.98	3
1425	1.902	1.922	1.98	1.961	3
1426	1.922	1.98	2.0	1.922	3
1427	1.941	1.922	2.039	1.902	3
1428	1.961	2.078	2.098	1.941	3
1429	2.0	1.941	2.078	1.961	3
1430	2.0	1.863	2.078	1.98	3
1431	2.0	2.0	2.157	1.98	3
1432	2.0	1.98	2.157	2.02	3
1433	1.961	1.725	2.059	1.961	3
1434	1.922	1.647	2.0	1.922	3
1435	1.902	1.745	2.059	1.922	3
1436	1.98	1.804	2.098	1.922	3
1437	1.961	1.804	2.157	1.961	3
1438	1.98	1.843	2.098	1.98	3
1439	1.941	1.863	2.039	2.02	3
1440	1.961	1.961	2.078	1.961	3
1441	1.882	1.961	2.059	1.941	3
1442	1.882	1.961	2.039	1.902	3
1443	1.922	2.02	2.0	1.902	3
1444	1.902	2.059	2.02	1.922	3
1445	1.961	2.078	2.137	1.941	3
1446	1.922	2.02	2.078	2.0	3
1447	1.941	1.961	2.039	1.98	3
1448	2.0	2.0	2.137	2.0	3
1449	2.039	1.902	2.118	2.0	3
1450	1.961	1.588	1.961	1.922	3
1451	1.882	1.588	2.039	1.863	3
1452	1.941	1.725	2.078	1.882	3
1453	2.0	1.765	2.078	1.961	3
1454	1.902	1.706	2.078	2.039	3
1455	1.98	1.863	2.039	2.078	3
1456	2.0	1.824	2.0	2.0	3
1457	1.98	1.863	2.02	1.902	3
1458	1.961	2.039	2.078	1.882	3
1459	1.961	1.961	2.098	1.922	3
1460	2.0	1.98	1.98	1.941	3
1461	1.922	1.922	1.961	1.941	3
1462	1.961	1.961	1.98	1.941	3
1463	1.98	1.941	2.0	1.941	3
1464	2.0	1.863	2.02	1.98	3
1465	1.941	1.98	2.157	2.02	3
1466	2.0	1.882	2.039	2.02	3
1467	1.941	1.588	1.922	1.961	3
1468	1.941	1.667	2.02	1.922	3
1469	2.0	1.725	1.961	1.941	3
1470	2.02	1.725	2.039	1.902	3
1471	2.039	1.824	2.078	1.941	3
1472	1.961	1.863	1.98	1.961	3
1473	1.902	1.863	1.98	1.941	3
1474	1.882	1.961	2.02	1.98	3
1475	1.961	2.098	2.039	1.961	3
1476	1.961	2.078	2.039	1.98	3
1477	1.961	2.157	2.039	1.98	3
1478	1.922	2.059	2.0	1.961	3
1479	1.98	2.118	2.0	1.941	3
1480	2.02	2.118	2.039	1.941	3
1481	1.98	2.02	2.059	1.941	3
1482	1.941	1.922	2.039	1.941	3
1483	2.0	1.961	2.078	2.0	3
1484	1.941	1.725	1.98	1.961	3
1485	1.961	1.667	2.02	1.922	3
1486	1.961	1.706	2.02	1.922	3
1487	1.98	1.686	2.02	1.922	3
1488	1.98	1.647	2.0	1.922	3
1489	1.98	1.824	1.961	1.922	3
1490	1.922	1.922	2.039	1.961	3
1491	2.0	2.0	2.059	1.961	3
1492	1.922	1.961	2.039	1.98	3
1493	1.902	1.922	2.0	1.98	3
1494	1.961	2.0	2.0	1.98	3
1495	1.941	1.98	1.98	1.98	3
1496	1.961	2.078	2.039	1.941	3
1497	1.98	2.039	2.059	1.941	3
1498	1.961	1.941	2.039	1.941	3
1499	1.922	1.824	2.059	1.98	3
1500	1.941	1.882	2.078	2.059	3
1501	1.961	1.725	1.98	2.039	3
1502	2.0	1.686	1.98	1.98	3
1503	1.98	1.667	2.02	1.902	3
1504	1.941	1.765	2.118	1.882	3
1505	1.941	1.745	2.078	1.961	3
1506	1.961	1.745	2.0	2.0	3
1507	2.0	1.843	2.02	1.98	3
1508	1.922	1.882	2.0	1.961	3
1509	1.941	1.98	2.02	1.961	3
1510	1.922	2.02	2.078	1.941	3
1511	1.922	2.0	2.02	1.941	3
1512	1.941	2.0	2.0	1.941	3
1513	1.98	2.059	2.059	1.961	3
1514	1.961	1.98	2.039	1.98	3
1515	2.0	1.961	2.059	1.961	3
1516	1.98	1.941	2.137	1.961	3
1517	2.059	1.941	2.098	1.961	3
1518	1.961	1.706	1.961	1.961	3
1519	1.922	1.627	2.0	1.961	3
1520	1.961	1.706	2.059	1.961	3
1521	2.039	1.804	2.078	1.961	3
1522	1.98	1.706	2.078	1.961	3
1523	1.98	1.843	2.078	1.941	3
1524	1.98	1.863	2.039	1.922	3
1525	1.902	1.863	1.98	1.961	3
1526	1.922	1.98	1.98	1.941	3
1527	1.961	2.039	2.059	1.961	3
1528	2.039	2.098	2.098	1.941	3
1529	1.98	1.902	1.961	1.941	3
1530	1.882	1.902	1.961	1.922	3
1531	1.961	2.0	2.02	1.922	3
1532	1.961	1.902	2.0	1.922	3
1533	1.98	1.784	2.039	1.961	3
1534	2.098	2.0	2.137	1.98	3
1535	2.039	1.745	2.0	1.941	3
1536	1.922	1.608	1.961	1.922	3
1537	1.902	1.706	2.059	1.941	3
1538	1.941	1.627	2.0	1.961	3
1539	1.961	1.588	2.0	1.941	3
1540	1.98	1.765	2.039	1.941	3
1541	1.961	1.882	2.039	1.922	3
1542	2.02	1.902	2.02	1.882	3
1543	2.0	2.118	2.078	1.922	3
1544	1.98	2.02	2.02	1.902	3
1545	1.941	2.02	1.98	1.941	3
1546	1.882	2.078	2.039	1.98	3
1547	1.902	2.039	2.059	2.02	3
1548	1.961	2.0	2.02	2.0	3
1549	1.941	1.922	2.02	1.961	3
1550	1.961	1.863	2.039	1.941	3
1551	2.0	1.922	2.078	1.961	3
1552	1.922	1.745	1.98	1.961	3
1553	1.902	1.706	1.98	1.922	3
1554	2.0	1.765	2.0	1.902	3
1555	1.98	1.784	2.0	1.902	3
1556	1.902	1.725	2.059	1.941	3
1557	1.961	1.804	2.039	1.98	3
1558	1.98	1.824	2.0	1.961	3
1559	1.941	1.843	2.02	1.961	3
1560	1.922	1.922	2.02	1.961	3
1561	1.922	1.961	1.98	1.922	3
1562	1.98	2.059	1.961	1.882	3
1563	1.941	2.059	2.0	1.902	3
1564	1.941	2.176	2.098	1.961	3
1565	1.941	2.078	2.118	2.02	3
1566	1.98	1.882	2.039	2.0	3
1567	2.0	1.824	2.02	1.941	3
1568	2.059	1.863	2.078	1.961	3
1569	2.039	1.686	2.0	1.941	3
1570	1.922	1.667	2.039	1.961	3
1571	1.941	1.706	2.078	1.941	3
1572	2.0	1.765	2.078	1.922	3
1573	1.98	1.725	2.098	1.922	3
1574	1.941	1.824	2.098	1.941	3
1575	1.922	1.882	2.078	1.98	3
1576	2.039	1.902	2.059	1.961	3
1577	1.98	1.961	2.118	1.941	3
1578	1.941	1.941	2.039	1.902	3
1579	1.961	1.882	1.961	1.922	3
1580	1.922	1.961	2.039	1.961	3
1581	1.922	2.078	2.118	1.98	3
1582	1.961	2.078	2.098	2.0	3
1583	1.98	1.863	2.059	1.961	3
1584	1.961	1.784	2.098	1.941	3
1585	2.059	1.882	2.137	1.98	3
1586	1.98	1.706	2.039	2.0	3
1587	1.941	1.667	2.039	1.98	3
1588	1.941	1.725	2.078	1.941	3
1589	1.941	1.804	2.098	1.941	3
1590	1.922	1.706	2.078	1.941	3
1591	1.98	1.804	2.078	1.961	3
1592	1.98	1.882	2.039	1.98	3
1593	1.941	1.843	2.078	1.98	3
1594	1.941	1.961	2.078	1.98	3
1595	1.922	2.0	2.059	1.961	3
1596	1.941	2.098	2.059	1.941	3
1597	1.922	2.098	2.098	1.961	3
1598	1.98	2.098	2.098	2.0	3
1599	1.98	2.0	2.098	2.0	3
1600	1.941	1.745	2.039	1.98	3
1601	1.941	1.745	2.059	1.961	3
1602	2.059	1.941	2.157	1.941	3
1603	2.02	1.784	2.039	1.941	3
1604	1.961	1.667	2.039	1.922	3
1605	1.961	1.784	2.118	1.941	3
1606	1.941	1.725	2.078	1.961	3
1607	1.941	1.627	2.078	1.98	3
1608	1.961	1.647	2.02	1.961	3
1609	1.922	1.784	2.098	1.941	3
1610	1.961	1.941	2.098	1.922	3
1611	1.961	2.02	2.098	1.941	3
1612	1.961	2.059	2.059	1.961	3
1613	1.961	2.118	2.078	1.941	3
1614	1.922	2.02	2.059	1.98	3
1615	1.902	2.0	2.078	1.961	3
1616	1.961	1.98	2.039	1.922	3
1617	1.941	1.922	2.039	1.922	3
1618	1.961	1.843	2.118	1.941	3
1619	2.078	1.804	2.137	2.078	3
1620	2.078	1.745	2.039	2.039	3
1621	1.922	1.667	2.0	1.98	3
1622	1.922	1.725	2.078	1.941	3
1623	2.0	1.784	2.118	1.922	3
1624	1.902	1.706	2.118	1.961	3
1625	1.941	1.725	2.078	2.0	3
1626	2.039	1.863	2.039	2.0	3
1627	1.98	1.941	2.039	2.0	3
1628	1.98	2.039	2.059	1.98	3
1629	1.882	2.0	2.039	1.941	3
1630	1.882	2.059	2.078	1.922	3
1631	1.922	2.059	2.059	1.941	3
1632	2.0	2.157	2.118	1.98	3
1633	2.02	2.137	2.059	2.039	3
1634	1.941	1.98	2.078	2.059	3
1635	1.902	1.843	2.039	2.02	3
1636	2.039	1.961	2.098	1.961	3
1637	1.98	1.745	1.98	1.941	3
1638	1.882	1.706	1.98	1.882	3
1639	1.941	1.725	2.059	1.882	3
1640	1.922	1.784	2.039	1.902	3
1641	1.922	1.765	2.059	1.941	3
1642	2.0	1.922	2.059	1.98	3
1643	1.961	1.882	2.0	1.961	3
1644	1.882	1.882	1.98	1.922	3
1645	1.824	1.98	2.0	1.922	3
1646	1.922	1.98	2.02	1.902	3
1647	1.98	2.098	2.059	1.922	3
1648	1.941	2.118	2.059	1.961	3
1649	1.902	2.078	1.961	1.98	3
1650	1.941	2.098	1.98	1.922	3
1651	1.961	2.0	2.039	1.882	3
1652	1.961	1.961	2.118	1.922	3
1653	1.961	1.882	2.118	1.98	3
1654	1.902	1.529	1.922	1.961	3
1655	1.941	1.667	1.98	1.902	3
1656	2.0	1.824	2.02	1.843	3
1657	1.961	1.863	2.02	1.882	3
1658	1.941	1.706	2.039	1.941	3
1659	1.961	1.725	2.02	1.922	3
1660	1.941	1.784	1.98	1.863	3
1661	1.922	1.882	2.02	1.824	3
1662	1.941	2.0	2.039	1.843	3
1663	1.902	2.098	2.0	1.922	3
1664	1.902	2.157	2.039	1.961	3
1665	1.902	2.039	2.0	1.98	3
1666	1.902	2.039	1.98	2.0	3
1667	1.941	2.078	2.02	1.961	3
1668	1.961	2.039	2.039	1.922	3
1669	1.941	1.961	2.059	1.882	3
1670	2.02	2.098	2.137	1.941	3
1671	1.961	1.804	2.039	2.0	3
1672	1.941	1.765	2.039	2.0	3
1673	2.0	1.784	2.02	1.961	3
1674	1.922	1.824	2.039	1.941	3
1675	1.863	1.784	2.039	1.961	3
1676	1.902	1.843	2.059	2.02	3
1677	1.98	1.922	2.059	2.059	3
1678	1.961	1.941	2.039	2.0	3
1679	1.961	1.98	2.039	1.961	3
1680	1.941	1.98	2.02	1.941	3
1681	1.941	2.059	2.039	1.922	3
1682	1.961	2.039	2.0	1.941	3
1683	1.961	2.02	2.02	1.941	3
1684	1.941	2.098	2.039	2.0	3
1685	1.941	1.922	2.039	2.0	3
1686	1.98	1.804	2.02	2.0	3
1687	2.059	1.882	2.059	1.961	3
1688	2.02	1.667	1.961	1.941	3
1689	1.902	1.588	1.98	1.941	3
1690	1.961	1.667	2.078	1.961	3
1691	2.02	1.784	2.059	1.941	3
1692	1.961	1.647	1.961	1.902	3
1693	1.922	1.745	1.961	1.882	3
1694	1.98	1.941	2.039	1.863	3
1695	1.922	1.941	2.098	1.922	3
1696	1.902	1.902	2.02	2.02	3
1697	1.98	1.922	2.02	2.039	3
1698	1.922	2.039	2.0	1.98	3
1699	1.922	2.098	2.02	1.922	3
1700	1.902	2.02	2.0	1.902	3
1701	1.922	2.039	2.0	1.882	3
1702	1.922	2.0	2.039	1.922	3
1703	1.961	1.98	2.078	2.0	3
1704	2.098	2.02	2.118	2.039	3
1705	2.02	1.804	2.02	2.039	3
1706	1.941	1.725	2.078	2.0	3
1707	1.98	1.745	2.059	1.941	3
1708	2.02	1.745	2.02	1.902	3
1709	1.961	1.686	2.0	1.922	3
1710	1.961	1.824	2.078	1.98	3
1711	1.98	1.902	2.039	1.961	3
1712	1.98	2.0	2.059	1.98	3
1713	1.961	2.02	2.098	2.0	3
1714	1.98	2.02	2.0	1.98	3
1715	1.961	2.039	2.02	1.941	3
1716	1.961	2.039	2.078	1.922	3
1717	1.961	2.0	2.039	1.922	3
1718	2.02	2.059	2.02	1.941	3
1719	2.02	1.961	2.039	1.961	3
1720	1.961	1.784	2.039	1.961	3
1721	2.02	1.843	2.098	2.0	3
1722	2.098	1.706	2.059	2.0	3
1723	1.961	1.549	1.961	1.941	3
1724	1.922	1.549	1.98	1.882	3
1725	1.98	1.667	2.039	1.882	3
1726	1.961	1.686	2.059	1.922	3
1727	1.961	1.706	2.039	1.941	3
1728	1.98	1.784	2.0	1.961	3
1729	1.98	1.804	2.02	1.941	3
1730	1.961	1.863	2.039	1.941	3
1731	1.941	1.902	2.039	1.961	3
1732	1.922	1.941	2.02	1.961	3
1733	1.961	1.98	2.02	1.941	3
1734	1.941	1.961	2.02	1.941	3
1735	1.961	2.0	2.0	1.961	3
1736	1.961	1.902	2.0	1.941	3
1737	1.961	1.804	2.0	1.941	3
1738	2.098	1.941	2.118	1.961	3
1739	2.118	1.784	2.059	1.98	3
1740	1.941	1.667	2.039	1.98	3
1741	1.922	1.627	2.02	1.941	3
1742	1.941	1.667	2.02	1.922	3
1743	1.98	1.647	2.039	1.922	3
1744	1.961	1.725	2.039	1.941	3
1745	1.961	1.784	2.039	1.961	3
1746	1.961	1.882	2.078	1.98	3
1747	1.98	1.961	2.078	1.98	3
1748	2.0	1.98	2.039	1.98	3
1749	1.941	2.02	2.039	1.961	3
1750	1.922	2.0	2.039	1.922	3
1751	1.902	1.98	2.039	1.941	3
1752	1.98	2.02	2.078	1.961	3
1753	2.02	1.922	2.078	2.0	3
1754	1.961	1.824	2.078	2.02	3
1755	2.059	1.902	2.118	2.039	3
1756	2.02	1.765	2.02	1.98	3
1757	1.941	1.667	2.039	1.961	3
1758	1.98	1.686	2.098	1.961	3
1759	2.0	1.725	2.059	1.941	3
1760	1.922	1.627	2.0	1.98	3
1761	1.922	1.706	2.02	1.961	3
1762	2.0	1.804	2.039	1.941	3
1763	2.0	1.922	2.059	1.961	3
1764	1.98	1.961	2.078	1.961	3
1765	2.0	2.0	2.02	1.961	3
1766	2.0	2.02	2.02	1.941	3
1767	1.922	1.98	2.039	1.941	3
1768	1.922	1.941	2.059	1.961	3
1769	2.0	1.941	2.039	2.0	3
1770	1.98	1.902	2.02	1.98	3
1771	1.98	1.843	2.0	1.961	3
1772	2.02	1.961	2.039	1.961	3
1773	2.02	1.882	2.039	1.941	3
1774	1.902	1.745	2.039	1.961	3
1775	1.922	1.706	2.098	1.98	3
1776	1.98	1.667	2.059	2.0	3
1777	1.98	1.608	2.039	1.98	3
1778	1.98	1.686	2.02	1.941	3
1779	2.0	1.863	2.0	1.902	3
1780	1.941	1.98	2.098	1.882	3
1781	1.902	2.118	2.118	1.961	3
1782	1.922	2.118	2.078	2.02	3
1783	1.882	2.078	2.059	2.059	3
1784	1.941	2.039	2.02	2.0	3
1785	1.941	1.961	2.02	1.941	3
1786	1.941	2.0	2.0	1.902	3
1787	1.922	1.98	2.039	1.882	3
1788	1.922	1.941	2.059	1.922	3
1789	1.98	2.059	2.098	2.0	3
1790	2.0	1.922	2.039	2.02	3
1791	1.902	1.745	2.059	2.0	3
1792	1.98	1.706	2.059	1.98	3
1793	2.0	1.725	2.039	1.922	3
1794	1.922	1.725	2.02	1.922	3
1795	1.882	1.804	2.039	1.922	3
1796	1.902	1.882	2.059	1.941	3
1797	1.941	2.0	2.078	1.98	3
1798	1.961	2.059	2.059	1.98	3
1799	1.941	2.078	2.02	1.961	3
1800	1.922	2.118	2.039	1.961	3
1801	1.941	2.098	2.039	1.941	3
1802	1.922	2.078	2.02	1.941	3
1803	1.98	2.118	2.039	1.941	3
1804	1.961	2.02	2.059	1.961	3
1805	1.98	1.941	2.078	1.941	3
1806	2.0	1.98	2.098	1.98	3
1807	2.039	1.843	2.039	1.98	3
1808	1.922	1.667	2.0	1.941	3
1809	1.922	1.686	2.02	1.922	3
1810	1.941	1.706	2.059	1.922	3
1811	1.941	1.667	2.039	1.922	3
1812	1.941	1.765	2.039	1.941	3
1813	1.98	1.804	2.02	1.941	3
1814	1.961	1.882	2.078	1.941	3
1815	1.922	1.941	2.039	1.961	3
1816	1.941	2.02	2.02	1.961	3
1817	1.961	2.039	2.02	1.941	3
1818	1.922	2.039	2.02	1.941	3
1819	1.922	2.02	2.039	1.922	3
1820	1.941	2.098	2.039	1.961	3
1821	1.922	1.98	2.02	1.961	3
1822	1.941	1.882	2.02	1.961	3
1823	2.02	2.0	2.078	2.0	3
1824	2.059	1.863	2.059	2.0	3
1825	1.941	1.686	1.98	1.961	3
1826	1.941	1.686	2.02	1.922	3
1827	1.941	1.765	2.039	1.922	3
1828	1.922	1.706	2.059	1.941	3
1829	1.941	1.745	2.039	1.961	3
1830	1.98	1.843	2.059	1.98	3
1831	1.98	1.902	2.039	1.961	3
1832	1.961	1.941	2.02	1.98	3
1833	1.922	2.0	2.039	1.961	3
1834	1.902	2.0	2.02	1.941	3
1835	1.941	2.02	2.02	1.922	3
1836	1.941	2.0	2.02	1.941	3
1837	1.961	2.059	2.039	1.98	3
1838	1.941	1.941	2.02	1.98	3
1839	1.941	1.824	2.0	1.98	3
1840	2.0	1.941	2.059	1.98	3
1841	2.039	1.863	2.059	1.98	3
1842	1.902	1.647	2.0	1.98	3
1843	1.922	1.647	2.0	1.961	3
1844	1.961	1.686	2.02	1.922	3
1845	1.961	1.667	2.02	1.922	3
1846	1.922	1.765	2.039	1.922	3
1847	1.941	1.843	2.059	1.941	3
1848	1.941	1.882	2.039	1.961	3
1849	1.941	1.922	2.02	1.961	3
1850	1.941	1.98	2.0	1.961	3
1851	1.902	2.02	2.02	1.961	3
1852	1.922	2.0	2.02	1.961	3
1853	1.902	1.98	2.0	1.961	3
1854	1.961	2.039	2.02	1.941	3
1855	1.922	1.961	2.02	1.941	3
1856	1.922	1.824	2.039	1.941	3
1857	2.0	1.922	2.078	2.0	3
1858	2.02	1.804	2.02	1.961	3
1859	1.902	1.608	1.961	1.922	3
1860	1.902	1.608	2.02	1.922	3
1861	1.941	1.667	2.059	1.922	3
1862	1.941	1.627	2.039	1.941	3
1863	1.922	1.667	2.02	1.922	3
1864	1.922	1.745	2.0	1.941	3
1865	1.922	1.824	2.059	1.941	3
1866	1.902	1.863	2.02	1.941	3
1867	1.941	1.941	2.02	1.922	3
1868	1.902	1.961	2.02	1.922	3
1869	1.902	2.0	2.02	1.922	3
1870	1.863	1.961	2.02	1.941	3
1871	1.902	2.02	2.0	1.961	3
1872	1.902	1.922	2.02	1.941	3
1873	1.922	1.863	2.039	1.961	3
1874	1.941	1.922	2.098	2.0	3
1875	2.0	1.843	2.059	2.02	3
1876	1.882	1.647	1.98	1.961	3
1877	1.902	1.647	2.02	1.922	3
1878	1.922	1.725	2.059	1.902	3
1879	1.922	1.686	2.078	1.922	3
1880	1.902	1.725	2.059	1.961	3
1881	1.902	1.824	2.039	1.961	3
1882	1.922	1.882	2.039	1.961	3
1883	1.902	1.941	2.059	1.961	3
1884	1.902	2.02	2.059	1.961	3
1885	1.902	2.02	2.039	1.961	3
1886	1.902	2.02	2.059	1.961	3
1887	1.902	2.0	2.039	1.941	3
1888	1.922	2.078	2.078	1.98	3
1889	1.922	1.98	2.059	1.98	3
1890	1.922	1.882	2.039	1.941	3
1891	2.0	1.941	2.098	1.961	3
1892	2.0	1.882	2.078	1.98	3
1893	1.902	1.667	2.0	1.961	3
1894	1.882	1.647	2.0	1.941	3
1895	1.941	1.725	2.02	1.902	3
1896	1.961	1.745	2.059	1.941	3
1897	1.922	1.804	2.098	1.961	3
1898	1.941	1.882	2.078	1.98	3
1899	1.961	1.941	2.039	1.98	3
1900	1.902	1.961	2.02	1.961	3
1901	1.902	2.078	2.0	1.922	3
1902	1.882	2.098	2.059	1.922	3
1903	1.922	2.137	2.059	1.961	3
1904	1.902	2.118	2.059	1.98	3
1905	1.941	2.176	2.039	1.98	3
1906	1.922	2.137	2.039	1.961	3
1907	1.922	2.0	2.059	1.941	3
1908	1.98	2.039	2.137	1.98	3
1909	2.02	1.98	2.098	2.0	3
1910	1.902	1.725	2.0	1.98	3
1911	1.882	1.725	2.039	1.941	3
1912	1.961	1.804	2.059	1.922	3
1913	1.961	1.784	2.098	1.941	3
1914	1.922	1.804	2.078	1.922	3
1915	1.961	1.922	2.059	1.941	3
1916	1.941	1.98	2.078	1.941	3
1917	1.961	2.0	2.039	1.961	3
1918	1.961	2.098	2.059	1.941	3
1919	1.941	2.078	2.059	1.941	3
1920	1.941	2.098	2.02	1.941	3
1921	1.922	2.039	2.02	1.922	3
1922	1.961	2.118	2.02	1.922	3
1923	1.961	2.039	2.039	1.922	3
1924	1.961	1.961	2.059	1.941	3
1925	1.98	2.0	2.118	1.98	3
1926	2.059	1.941	2.059	2.0	3
1927	1.961	1.686	1.98	1.941	3
1928	1.961	1.627	2.0	1.902	3
1929	2.0	1.706	2.039	1.882	3
1930	2.0	1.667	2.039	1.902	3
1931	1.961	1.667	2.02	1.941	3
1932	2.0	1.745	2.02	1.941	3
1933	2.0	1.824	2.039	1.961	3
1934	1.961	1.863	2.039	1.941	3
1935	1.98	1.941	2.02	1.941	3
1936	1.941	1.922	2.02	1.941	3
1937	1.961	1.941	2.0	1.922	3
1938	1.941	1.902	2.0	1.941	3
1939	2.0	2.02	2.02	1.922	3
1940	1.98	1.902	2.039	1.961	3
1941	1.961	1.804	2.02	1.961	3
1942	2.0	1.804	2.059	1.961	3
1943	2.02	1.824	2.059	1.98	3
1944	1.922	1.588	2.0	1.961	3
1945	1.941	1.549	2.02	1.941	3
1946	1.98	1.627	2.039	1.922	3
1947	1.98	1.627	2.02	1.922	3
1948	1.922	1.647	2.039	1.941	3
1949	1.941	1.725	2.02	1.98	3
1950	1.98	1.804	2.039	1.941	3
1951	1.98	1.843	2.039	1.961	3
1952	1.961	1.961	2.039	1.941	3
1953	1.922	1.961	2.059	1.941	3
1954	1.922	1.98	2.039	1.98	3
1955	1.882	1.961	2.02	1.98	3
1956	1.961	2.078	2.039	1.98	3
1957	1.941	2.039	2.039	1.961	3
1958	1.922	1.902	2.039	1.941	3
1959	1.941	1.961	2.098	1.98	3
1960	2.039	1.961	2.098	2.0	3
1961	1.902	1.745	2.02	2.0	3
1962	1.922	1.706	2.059	1.98	3
1963	1.98	1.784	2.059	1.961	3
1964	1.98	1.804	2.078	1.961	3
1965	1.961	1.784	2.059	1.941	3
1966	1.961	1.922	2.059	1.961	3
1967	1.941	1.98	2.078	1.98	3
1968	1.941	2.0	2.059	2.02	3
1969	1.961	2.098	2.02	1.961	3
1970	1.922	2.078	2.02	1.941	3
1971	1.902	2.137	2.039	1.961	3
1972	1.902	2.078	2.039	1.98	3
1973	1.961	2.137	2.039	1.98	3
1974	1.98	2.059	2.02	1.961	3
1975	1.961	1.98	2.059	1.941	3
1976	1.98	1.98	2.118	1.961	3
1977	2.039	1.98	2.098	2.02	3
1978	1.922	1.745	2.0	2.0	3
1979	1.941	1.706	2.02	1.961	3
1980	2.0	1.765	2.059	1.941	3
1981	2.02	1.745	2.078	1.941	3
1982	1.941	1.745	2.039	1.961	3
1983	1.941	1.863	2.02	1.961	3
1984	1.98	1.941	2.039	1.961	3
1985	2.0	2.02	2.078	1.961	3
1986	2.0	2.118	2.059	1.98	3
1987	1.98	2.098	2.039	1.961	3
1988	2.0	2.157	2.059	1.98	3
1989	1.961	2.176	2.059	1.98	3
1990	1.98	2.216	2.059	1.961	3
1991	1.98	2.157	2.039	1.98	3
1992	1.941	2.078	2.039	1.961	3
1993	2.0	2.118	2.118	1.98	3
1994	2.078	2.137	2.118	2.02	3
1995	1.961	1.882	2.02	2.0	3
1996	1.98	1.863	2.059	1.961	3
1997	2.039	1.922	2.02	1.902	3
1998	2.02	1.941	2.059	1.902	3
1999	2.0	1.941	2.078	1.941	3
