time	channel1	channel2	channel3	channel4	class
0	1.902	1.725	2.039	1.941	3
1	1.961	1.784	2.059	1.922	3
2	1.98	1.824	2.059	1.902	3
3	1.961	1.824	2.059	1.941	3
4	1.961	1.882	2.059	1.961	3
5	1.98	1.922	2.078	1.941	3
6	1.961	1.922	2.059	1.961	3
7	1.922	1.98	2.039	1.961	3
8	1.922	1.941	2.039	1.961	3
9	1.922	1.98	2.039	1.961	3
10	1.922	1.961	2.039	1.941	3
11	1.941	2.0	2.039	1.961	3
12	1.98	1.941	2.0	1.941	3
13	1.922	1.882	2.02	1.941	3
14	1.961	1.902	2.137	1.98	3
15	2.059	2.0	2.137	2.0	3
16	1.941	1.745	2.0	1.98	3
17	1.922	1.725	2.0	1.922	3
18	1.941	1.784	2.0	1.902	3
19	1.961	1.804	2.059	1.902	3
20	1.961	1.784	2.078	1.941	3
21	1.961	1.863	2.039	1.941	3
22	1.961	1.863	2.02	1.941	3
23	1.961	1.922	2.059	1.941	3
24	1.961	1.961	2.059	1.961	3
25	1.941	1.922	2.02	1.961	3
26	1.961	1.941	2.02	1.941	3
27	1.941	1.961	2.059	1.961	3
28	1.941	1.961	2.059	1.961	3
29	1.961	1.922	2.039	1.98	3
30	1.961	1.882	2.059	1.98	3
31	1.98	1.882	2.118	1.961	3
32	2.059	1.98	2.137	2.0	3
33	1.961	1.765	2.039	2.0	3
34	1.922	1.725	2.0	1.961	3
35	1.961	1.765	2.02	1.922	3
36	1.98	1.804	2.059	1.922	3
37	1.941	1.804	2.078	1.961	3
38	1.961	1.843	2.039	1.98	3
39	1.961	1.882	2.059	1.961	3
40	1.98	1.922	2.059	1.98	3
41	1.941	1.941	2.02	1.961	3
42	1.922	1.902	2.02	1.961	3
43	1.922	1.922	2.02	1.961	3
44	1.922	1.922	2.02	1.961	3
45	1.961	1.961	2.039	1.98	3
46	1.961	1.941	2.02	1.98	3
47	1.922	1.863	2.02	1.98	3
48	1.941	1.843	2.098	1.98	3
49	2.059	1.98	2.118	2.0	3
50	1.961	1.765	1.98	1.98	3
51	1.882	1.706	2.02	1.961	3
52	1.941	1.784	2.039	1.941	3
53	1.98	1.804	2.02	1.922	3
54	1.941	1.784	2.039	1.941	3
55	1.961	1.863	2.02	1.961	3
56	1.941	1.902	2.059	1.961	3
57	1.98	1.961	2.118	2.02	3
58	1.941	1.961	2.039	1.98	3
59	1.922	1.941	2.039	1.98	3
60	1.922	1.98	2.059	1.98	3
61	1.922	1.98	2.039	1.98	3
62	1.941	2.0	2.059	1.961	3
63	1.98	1.98	2.059	1.961	3
64	1.941	1.902	2.039	1.961	3
65	1.941	1.863	2.137	1.98	3
66	2.059	1.98	2.157	2.02	3
67	1.98	1.784	2.02	2.0	3
68	1.922	1.745	2.02	1.941	3
69	1.961	1.804	2.039	1.902	3
70	1.98	1.804	2.059	1.902	3
71	1.941	1.784	2.039	1.922	3
72	1.961	1.863	2.059	1.941	3
73	1.961	1.902	2.078	1.941	3
74	1.941	1.902	2.098	1.98	3
75	1.961	1.922	2.039	1.98	3
76	1.941	1.922	2.039	1.941	3
77	1.941	1.941	2.039	1.941	3
78	1.922	1.941	2.02	1.922	3
79	1.941	1.941	2.039	1.941	3
80	1.98	1.941	2.039	1.961	3
81	1.961	1.863	2.02	1.941	3
82	1.961	1.843	2.098	1.98	3
83	2.098	2.0	2.157	2.0	3
84	2.0	1.765	2.0	2.0	3
85	1.941	1.706	2.0	1.941	3
86	2.0	1.804	2.039	1.902	3
87	2.0	1.824	2.039	1.902	3
88	1.961	1.765	2.059	1.922	3
89	2.0	1.863	2.039	1.961	3
90	1.98	1.902	2.039	1.961	3
91	2.0	1.902	2.059	1.961	3
92	1.98	1.961	2.039	1.961	3
93	1.961	1.922	2.02	1.941	3
94	1.961	1.98	2.059	1.941	3
95	1.961	1.961	2.02	1.922	3
96	1.98	1.98	2.02	1.941	3
97	2.0	1.98	2.059	1.98	3
98	1.941	1.882	2.02	2.02	3
99	1.961	1.863	2.039	1.98	3
100	2.098	1.98	2.118	2.0	3
101	2.0	1.784	1.961	1.961	3
102	1.922	1.706	1.961	1.902	3
103	1.98	1.784	2.0	1.922	3
104	2.0	1.824	2.02	1.922	3
105	1.98	1.824	2.039	1.961	3
106	1.98	1.863	2.0	1.98	3
107	1.961	1.843	1.98	1.98	3
108	1.961	1.941	2.039	1.98	3
109	1.961	1.941	2.0	1.941	3
110	1.941	1.98	2.0	1.961	3
111	1.941	1.961	2.02	2.0	3
112	1.941	1.961	2.0	2.02	3
113	1.961	1.98	2.0	1.98	3
114	2.0	1.961	2.0	1.961	3
115	1.941	1.902	2.0	1.961	3
116	1.941	1.882	2.078	1.98	3
117	2.059	2.0	2.137	2.039	3
118	2.0	1.804	2.0	2.0	3
119	1.902	1.725	1.961	1.961	3
120	1.961	1.824	2.039	1.922	3
121	2.0	1.863	2.059	1.941	3
122	1.961	1.804	2.059	1.961	3
123	2.0	1.882	2.039	1.98	3
124	1.961	1.922	2.059	2.0	3
125	1.941	1.941	2.078	1.98	3
126	1.941	1.961	2.039	2.0	3
127	1.941	1.961	2.039	1.961	3
128	1.961	2.0	2.059	1.961	3
129	1.941	2.0	2.059	1.961	3
130	1.941	1.961	2.039	1.961	3
131	1.961	1.961	2.039	1.961	3
132	1.961	1.902	2.039	1.961	3
133	1.941	1.902	2.098	2.0	3
134	2.098	2.0	2.137	2.0	3
135	2.0	1.804	2.02	2.0	3
136	1.902	1.706	2.0	1.941	3
137	1.961	1.784	2.039	1.902	3
138	1.98	1.843	2.059	1.902	3
139	1.941	1.784	2.059	1.941	3
140	1.961	1.843	2.039	1.961	3
141	1.961	1.863	2.039	1.941	3
142	1.961	1.922	2.059	1.941	3
143	1.941	1.961	2.059	1.961	3
144	1.922	1.922	2.039	1.961	3
145	1.922	1.941	2.039	1.961	3
146	1.941	1.961	2.059	1.961	3
147	1.941	1.98	2.039	1.961	3
148	1.961	1.922	2.039	1.961	3
149	1.922	1.863	2.02	1.961	3
150	1.922	1.843	2.059	1.941	3
151	2.078	1.98	2.137	1.98	3
152	2.0	1.824	2.039	2.0	3
153	1.882	1.706	2.02	1.98	3
154	1.941	1.765	2.039	1.961	3
155	1.961	1.784	2.02	1.922	3
156	1.941	1.765	2.039	1.902	3
157	1.961	1.824	2.059	1.922	3
158	1.941	1.843	2.02	1.941	3
159	1.941	1.902	2.059	1.961	3
160	1.961	1.922	2.039	2.02	3
161	1.961	1.941	2.039	1.98	3
162	1.922	1.961	2.059	1.98	3
163	1.922	1.941	2.02	2.0	3
164	1.922	1.922	2.0	1.961	3
165	1.961	1.941	2.02	1.941	3
166	1.941	1.902	2.039	1.941	3
167	1.941	1.843	2.078	2.0	3
168	2.039	1.961	2.137	2.039	3
169	2.02	1.804	2.02	2.02	3
170	1.902	1.725	2.0	1.961	3
171	1.922	1.745	2.039	1.922	3
172	1.961	1.804	2.039	1.922	3
173	1.961	1.784	2.059	1.941	3
174	1.98	1.882	2.078	1.961	3
175	1.961	1.922	2.059	2.0	3
176	1.961	1.902	2.078	2.0	3
177	1.98	1.941	2.039	1.98	3
178	1.961	1.961	2.039	1.941	3
179	1.941	1.941	2.039	1.941	3
180	1.922	1.941	2.02	1.961	3
181	1.941	1.98	2.059	1.98	3
182	2.02	1.98	2.039	1.961	3
183	1.98	1.902	2.0	1.941	3
184	1.941	1.863	2.078	1.941	3
185	2.039	1.961	2.157	1.98	3
186	2.039	1.843	2.039	2.0	3
187	1.902	1.706	1.98	1.922	3
188	1.98	1.804	2.059	1.902	3
189	1.98	1.843	2.039	1.922	3
190	1.961	1.784	2.039	1.922	3
191	1.98	1.863	2.02	1.922	3
192	1.961	1.882	2.02	1.922	3
193	1.961	1.922	2.078	1.941	3
194	1.98	1.98	2.098	1.961	3
195	1.98	1.98	2.059	1.961	3
196	1.961	1.941	2.02	1.941	3
197	1.961	1.961	2.02	1.941	3
198	1.941	1.98	2.059	1.961	3
199	1.98	1.98	2.059	1.941	3
200	2.0	1.922	2.059	1.941	3
201	2.0	1.882	2.078	1.941	3
202	2.078	2.0	2.196	2.02	3
203	2.059	1.863	2.039	2.02	3
204	1.941	1.706	2.0	1.98	3
205	1.98	1.745	2.039	1.922	3
206	2.0	1.824	2.059	1.902	3
207	1.98	1.804	2.098	1.902	3
208	1.961	1.804	2.078	1.941	3
209	1.961	1.843	2.02	1.961	3
210	1.961	1.882	2.059	1.961	3
211	1.961	1.902	2.078	2.0	3
212	1.98	1.98	2.078	1.98	3
213	1.961	1.98	2.078	1.98	3
214	1.922	1.902	2.02	1.98	3
215	1.961	1.941	2.039	1.941	3
216	1.98	1.941	2.02	1.941	3
217	1.941	1.863	2.039	1.961	3
218	1.941	1.824	2.059	1.98	3
219	2.039	1.961	2.118	1.98	3
220	2.059	1.843	2.02	2.0	3
221	1.902	1.706	1.98	1.961	3
222	1.961	1.745	2.059	1.922	3
223	2.0	1.804	2.059	1.941	3
224	1.961	1.765	2.039	1.941	3
225	1.941	1.804	2.039	1.941	3
226	1.922	1.843	2.02	1.941	3
227	1.941	1.863	2.039	1.941	3
228	1.941	1.941	2.059	1.98	3
229	1.98	1.961	2.039	1.98	3
230	2.0	1.98	2.078	1.961	3
231	1.961	1.961	2.078	1.98	3
232	1.922	1.941	2.02	1.961	3
233	1.941	1.961	2.02	1.941	3
234	1.922	1.882	2.02	1.961	3
235	1.922	1.843	2.039	1.961	3
236	2.039	2.0	2.157	2.02	3
237	2.059	1.863	2.039	2.039	3
238	1.922	1.725	2.02	1.98	3
239	1.98	1.784	2.039	1.902	3
240	1.98	1.804	2.039	1.882	3
241	1.961	1.784	2.059	1.941	3
242	1.941	1.843	2.059	1.961	3
243	1.98	1.902	2.039	1.98	3
244	1.961	1.922	2.078	1.961	3
245	1.941	1.941	2.098	1.961	3
246	1.98	1.98	2.039	1.961	3
247	1.98	1.961	2.039	1.941	3
248	1.98	1.941	2.02	1.922	3
249	1.941	1.98	2.02	1.922	3
250	1.98	1.961	2.039	1.941	3
251	1.961	1.922	2.039	1.961	3
252	1.98	1.882	2.039	1.961	3
253	2.098	2.02	2.137	2.0	3
254	2.078	1.863	2.039	2.0	3
255	1.941	1.745	2.02	1.961	3
256	2.0	1.824	2.059	1.902	3
257	2.02	1.784	2.0	1.882	3
258	1.961	1.784	2.0	1.882	3
259	1.98	1.863	2.078	1.922	3
260	1.98	1.902	2.039	1.961	3
261	1.941	1.902	2.039	1.961	3
262	1.98	1.922	2.02	1.961	3
263	1.98	2.0	2.039	1.941	3
264	1.98	2.02	2.078	1.941	3
265	1.941	1.98	2.059	1.961	3
266	1.98	2.02	2.078	1.961	3
267	2.0	2.039	2.059	1.961	3
268	1.961	1.922	2.059	1.961	3
269	1.941	1.863	2.02	1.98	3
270	2.039	2.02	2.137	1.961	3
271	2.098	1.941	2.078	1.98	3
272	1.902	1.745	1.98	1.941	3
273	1.922	1.765	2.02	1.922	3
274	1.941	1.804	2.039	1.902	3
275	1.941	1.804	2.059	1.922	3
276	1.961	1.843	2.059	1.961	3
277	1.98	1.922	2.078	1.98	3
278	1.98	1.961	2.137	2.02	3
279	1.98	1.941	2.059	1.98	3
280	1.98	1.941	2.02	1.961	3
281	1.922	1.98	2.059	1.941	3
282	1.961	1.961	2.078	1.941	3
283	1.922	1.941	2.02	1.961	3
284	1.902	1.941	2.0	1.961	3
285	1.922	1.902	2.039	1.961	3
286	1.961	1.902	2.078	2.0	3
287	2.078	1.98	2.137	2.059	3
288	2.118	1.902	2.059	2.039	3
289	2.0	1.725	2.02	2.0	3
290	2.0	1.725	2.039	1.902	3
291	1.961	1.765	2.078	1.882	3
292	1.941	1.765	2.059	1.922	3
293	1.98	1.804	2.039	1.941	3
294	2.0	1.824	2.02	1.961	3
295	1.98	1.902	2.098	1.961	3
296	1.98	1.863	2.078	1.961	3
297	1.961	1.882	2.02	1.961	3
298	1.922	1.902	2.039	1.941	3
299	1.941	1.922	2.039	1.961	3
300	1.922	1.882	2.0	1.961	3
301	1.961	1.882	2.0	1.961	3
302	1.98	1.843	2.039	1.961	3
303	2.0	1.804	2.039	1.961	3
304	2.098	1.922	2.118	1.98	3
305	2.078	1.804	2.059	2.0	3
306	1.902	1.667	2.0	1.98	3
307	1.941	1.686	2.02	1.922	3
308	2.0	1.725	2.059	1.922	3
309	1.922	1.706	2.0	1.941	3
310	1.922	1.706	2.02	1.941	3
311	1.961	1.784	2.02	1.961	3
312	1.98	1.824	2.039	1.922	3
313	1.961	1.824	2.02	1.941	3
314	1.941	1.863	2.02	1.922	3
315	1.941	1.98	2.118	1.941	3
316	1.922	1.922	2.039	1.961	3
317	1.922	1.902	2.0	1.98	3
318	1.843	1.882	1.902	1.961	3
319	1.863	1.863	2.02	1.941	3
320	1.961	1.882	2.039	1.961	3
321	2.078	2.039	2.137	1.98	3
322	2.118	1.98	2.098	2.02	3
323	1.941	1.784	2.0	1.961	3
324	1.902	1.765	2.0	1.902	3
325	1.882	1.824	2.0	1.882	3
326	1.922	1.863	2.039	1.922	3
327	1.961	1.941	2.078	1.98	3
328	1.941	1.98	2.078	2.02	3
329	1.961	1.98	2.078	2.02	3
330	2.0	2.039	2.078	1.98	3
331	2.02	2.078	2.039	1.941	3
332	1.922	2.039	2.02	1.922	3
333	1.922	2.039	2.078	1.922	3
334	1.941	2.059	2.059	1.961	3
335	1.98	2.098	2.078	1.98	3
336	1.98	2.039	2.098	2.02	3
337	1.98	2.078	2.157	2.039	3
338	2.039	2.098	2.137	2.039	3
339	2.098	2.02	2.02	1.98	3
340	1.922	1.804	1.961	1.922	3
341	1.961	1.882	2.039	1.863	3
342	1.98	1.941	2.098	1.882	3
343	2.0	1.922	2.059	1.961	3
344	1.941	1.941	2.059	1.98	3
345	1.98	1.961	2.02	2.0	3
346	1.941	2.0	2.039	1.98	3
347	1.941	2.039	2.078	1.961	3
348	1.98	2.078	2.039	1.941	3
349	1.961	2.078	2.078	1.941	3
350	1.98	2.078	2.039	1.941	3
351	1.922	2.0	2.0	1.961	3
352	1.922	2.059	2.02	1.961	3
353	1.941	2.0	2.0	1.941	3
354	1.941	1.98	2.02	1.961	3
355	2.0	2.118	2.118	2.039	3
356	2.059	2.02	2.078	2.059	3
357	1.882	1.745	1.922	2.0	3
358	1.902	1.725	1.922	1.902	3
359	1.961	1.824	2.02	1.843	3
360	1.98	1.941	2.118	1.902	3
361	1.98	1.922	2.078	1.98	3
362	1.98	1.922	2.02	2.0	3
363	1.961	1.98	2.098	2.0	3
364	1.961	1.98	2.078	2.02	3
365	1.922	1.922	2.0	1.98	3
366	1.902	1.922	2.0	1.961	3
367	1.922	1.98	2.039	1.941	3
368	1.961	1.98	2.059	1.961	3
369	1.98	2.02	2.059	1.98	3
370	2.0	1.941	2.078	2.0	3
371	1.961	1.882	2.059	2.02	3
372	2.02	1.98	2.157	2.059	3
373	2.078	1.922	2.078	2.039	3
374	1.882	1.706	2.02	2.0	3
375	1.941	1.765	2.098	2.0	3
376	1.98	1.745	2.039	1.961	3
377	1.922	1.706	2.0	1.98	3
378	1.902	1.745	2.02	1.98	3
379	1.941	1.824	2.078	1.98	3
380	1.941	1.882	2.078	2.059	3
381	1.902	1.882	2.078	2.039	3
382	1.882	1.922	2.059	2.059	3
383	1.902	1.922	2.059	2.059	3
384	1.922	1.902	2.078	2.039	3
385	1.922	1.863	2.02	2.02	3
386	1.922	1.902	2.039	2.0	3
387	1.882	1.863	2.059	2.0	3
388	1.863	1.804	2.078	2.039	3
389	1.922	1.961	2.176	2.118	3
390	2.039	1.922	2.137	2.118	3
391	1.941	1.647	2.0	2.059	3
392	1.941	1.686	2.039	1.98	3
393	1.922	1.706	2.078	1.941	3
394	1.922	1.725	2.098	1.98	3
395	1.902	1.765	2.157	2.059	3
396	1.98	1.863	2.157	2.059	3
397	1.961	1.882	2.176	2.059	3
398	1.941	1.843	2.137	2.078	3
399	1.941	1.882	2.118	2.02	3
400	1.941	1.882	2.118	1.98	3
401	1.922	1.882	2.118	1.98	3
402	1.941	1.922	2.196	2.0	3
403	1.961	1.941	2.157	2.039	3
404	1.961	1.863	2.157	2.039	3
405	1.961	1.824	2.157	2.039	3
406	2.0	1.941	2.255	2.059	3
407	2.078	1.922	2.235	2.039	3
408	1.922	1.667	2.078	2.0	3
409	1.922	1.686	2.118	1.922	3
410	1.98	1.745	2.137	1.902	3
411	1.961	1.765	2.157	1.922	3
412	1.961	1.784	2.137	1.961	3
413	1.98	1.824	2.098	1.961	3
414	1.961	1.843	2.078	1.941	3
415	1.941	1.863	2.059	1.902	3
416	1.961	1.922	2.098	1.882	3
417	1.941	1.941	2.078	1.882	3
418	1.941	1.922	2.039	1.882	3
419	1.941	1.902	2.02	1.882	3
420	1.941	1.961	2.02	1.882	3
421	1.98	1.922	2.02	1.882	3
422	1.941	1.824	1.98	1.863	3
423	2.0	1.941	2.078	1.843	3
424	2.098	1.961	2.039	1.863	3
425	1.922	1.686	1.941	1.824	3
426	1.922	1.706	1.941	1.804	3
427	1.98	1.765	1.961	1.765	3
428	2.0	1.765	1.941	1.784	3
429	1.941	1.824	1.98	1.824	3
430	1.98	1.863	1.98	1.843	3
431	1.98	1.882	1.961	1.863	3
432	1.941	1.863	1.941	1.824	3
433	1.961	1.922	1.902	1.784	3
434	1.922	1.902	1.902	1.784	3
435	1.941	1.941	1.941	1.824	3
436	1.961	1.961	1.941	1.843	3
437	2.0	2.0	1.961	1.863	3
438	1.98	1.902	1.922	1.863	3
439	1.941	1.824	1.941	1.843	3
440	1.98	1.941	2.039	1.882	3
441	2.098	1.961	2.02	1.902	3
442	1.961	1.706	1.882	1.882	3
443	1.922	1.745	1.922	1.843	3
444	2.0	1.784	1.961	1.843	3
445	2.0	1.765	1.961	1.863	3
446	2.0	1.843	2.059	1.941	3
447	2.02	1.902	1.98	1.941	3
448	1.961	1.882	1.961	1.941	3
449	1.961	1.882	1.961	1.961	3
450	1.98	1.961	1.961	1.922	3
451	1.961	1.941	1.941	1.902	3
452	1.941	1.941	1.941	1.922	3
453	1.941	1.922	1.98	1.941	3
454	1.98	2.02	2.02	2.0	3
455	2.0	1.961	2.0	2.0	3
456	1.98	1.863	1.98	2.0	3
457	1.98	1.961	2.039	1.98	3
458	2.039	1.941	2.039	2.0	3
459	1.941	1.725	1.941	1.98	3
460	1.98	1.765	1.98	1.941	3
461	2.0	1.863	2.059	1.98	3
462	2.0	1.824	2.039	2.02	3
463	1.961	1.784	2.0	2.02	3
464	2.0	1.863	2.0	2.0	3
465	2.0	1.902	2.02	1.961	3
466	1.98	1.941	2.02	1.98	3
467	1.961	2.0	2.078	2.02	3
468	1.922	1.961	2.039	2.059	3
469	1.941	1.961	2.039	2.059	3
470	1.98	1.98	2.059	2.059	3
471	2.0	2.0	2.039	2.039	3
472	2.0	1.961	2.078	2.02	3
473	1.961	1.882	2.039	2.0	3
474	2.0	1.941	2.118	2.039	3
475	2.059	1.98	2.098	2.078	3
476	1.941	1.725	2.02	2.059	3
477	1.941	1.765	2.039	2.02	3
478	1.98	1.804	2.059	1.98	3
479	2.0	1.804	2.059	1.98	3
480	1.941	1.804	2.059	2.0	3
481	1.961	1.863	2.039	2.0	3
482	1.941	1.882	2.039	2.0	3
483	1.98	1.941	2.078	2.0	3
484	1.961	1.98	2.059	2.0	3
485	1.941	1.922	2.059	2.0	3
486	1.941	1.941	2.039	2.0	3
487	1.941	1.941	2.039	1.98	3
488	1.98	1.922	2.02	1.98	3
489	1.98	1.902	2.039	1.98	3
490	1.98	1.843	2.059	1.98	3
491	2.0	1.902	2.118	1.98	3
492	2.078	1.941	2.118	2.0	3
493	1.941	1.686	1.961	1.961	3
494	1.922	1.667	1.98	1.922	3
495	1.98	1.725	2.02	1.902	3
496	2.0	1.804	2.039	1.902	3
497	1.961	1.843	2.098	1.98	3
498	1.98	1.922	2.098	2.0	3
499	1.941	1.882	2.078	2.0	3
500	1.961	1.882	2.059	1.98	3
501	1.961	1.941	2.02	1.902	3
502	1.961	1.902	2.0	1.863	3
503	1.941	1.941	2.02	1.882	3
504	1.922	1.902	2.02	1.902	3
505	1.941	1.922	2.0	1.922	3
506	1.961	1.882	2.0	1.922	3
507	1.961	1.784	2.0	1.902	3
508	2.0	1.863	2.078	1.902	3
509	2.098	1.941	2.078	1.902	3
510	1.98	1.647	1.922	1.882	3
511	1.961	1.627	1.98	1.863	3
512	1.961	1.627	1.941	1.843	3
513	2.0	1.549	1.882	1.784	3
514	2.02	1.686	1.961	1.765	3
515	1.98	1.961	2.078	1.824	3
516	1.824	2.039	2.137	1.961	3
517	1.863	1.98	2.078	2.039	3
518	1.922	1.922	1.98	2.02	3
519	1.941	1.922	1.98	1.902	3
520	2.02	2.02	2.02	1.824	3
521	1.961	2.078	2.059	1.843	3
522	1.902	2.098	2.059	1.922	3
523	1.882	2.078	2.078	2.0	3
524	1.882	1.961	2.039	1.98	3
525	1.941	2.039	2.137	2.0	3
526	2.039	2.216	2.235	2.039	3
527	1.902	1.922	2.078	2.02	3
528	1.863	1.882	2.059	1.961	3
529	1.961	1.824	2.02	1.882	3
530	2.039	1.725	1.961	1.824	3
531	1.941	1.725	2.0	1.843	3
532	1.922	1.706	2.0	1.922	3
533	1.98	1.686	1.941	1.922	3
534	2.02	1.784	1.941	1.882	3
535	2.039	1.843	1.882	1.824	3
536	1.98	2.0	2.059	1.824	3
537	1.902	2.157	2.137	1.98	3
538	1.824	1.961	2.02	2.078	3
539	1.961	1.784	1.922	2.059	3
540	2.02	1.667	1.863	1.961	3
541	1.882	1.588	1.863	1.882	3
542	1.863	1.765	1.941	1.882	3
543	2.059	1.98	2.039	1.922	3
544	1.98	1.882	1.961	1.98	3
545	1.843	1.784	1.941	2.02	3
546	1.863	1.745	1.961	2.059	3
547	1.961	1.745	1.961	2.02	3
548	1.961	1.647	1.941	2.039	3
549	1.941	1.686	1.98	2.039	3
550	1.902	1.706	1.961	2.039	3
551	2.0	1.725	1.863	2.0	3
552	2.02	1.941	1.902	1.941	3
553	1.902	2.039	1.98	1.98	3
554	1.804	2.0	2.039	2.078	3
555	1.863	1.843	2.02	2.176	3
556	1.941	1.588	1.863	2.137	3
557	2.039	1.373	1.804	2.0	3
558	2.098	1.275	1.843	1.843	3
559	2.118	1.294	1.902	1.824	3
560	2.157	1.49	1.961	1.922	3
561	1.98	1.216	1.824	1.961	3
562	1.98	1.098	1.863	1.941	3
563	2.118	1.118	1.922	1.882	3
564	2.137	1.098	1.922	1.902	3
565	2.0	1.157	1.882	2.02	3
566	1.98	1.373	1.902	2.098	3
567	1.98	1.314	1.843	2.039	3
568	1.98	1.196	1.902	2.0	3
569	1.882	1.176	1.745	1.98	3
570	1.941	1.157	1.725	1.902	3
571	2.118	1.569	2.059	1.922	3
572	2.118	2.0	2.255	2.098	3
573	1.98	1.98	1.98	2.196	3
574	1.98	2.118	2.039	2.216	3
575	1.843	2.373	2.216	2.275	3
576	1.745	2.529	2.314	2.431	3
577	2.0	2.49	2.235	2.49	3
578	1.941	2.235	2.02	2.373	3
579	1.843	2.373	2.078	2.216	3
580	2.0	2.51	2.137	2.078	3
581	2.0	2.627	2.137	2.059	3
582	1.961	2.686	2.235	2.196	3
583	1.98	3.0	2.294	2.353	3
584	1.941	3.235	2.314	2.471	3
585	2.02	3.373	2.314	2.451	3
586	2.0	3.431	2.353	2.412	3
587	1.843	3.216	2.235	2.392	3
588	1.804	2.882	1.98	2.314	3
589	1.961	2.863	1.941	2.157	3
590	2.02	2.98	2.0	2.059	3
591	2.137	3.0	2.059	2.078	3
592	2.235	2.902	1.922	2.118	3
593	2.196	3.059	2.157	2.196	3
594	2.373	3.176	2.235	2.353	3
595	2.314	2.588	1.863	2.353	3
596	2.176	2.569	1.863	2.176	3
597	2.216	2.941	2.02	2.059	3
598	2.137	3.078	2.137	2.059	3
599	2.176	2.784	2.0	2.157	3
600	2.294	2.843	2.0	2.137	3
601	2.275	2.922	2.157	2.137	3
602	2.333	3.0	2.137	2.137	3
603	2.451	3.039	2.059	2.078	3
604	2.353	3.078	2.039	2.02	3
605	2.275	3.373	2.235	2.078	3
606	2.216	3.314	2.294	2.216	3
607	2.373	3.118	2.235	2.255	3
608	2.451	2.784	2.098	2.176	3
609	2.314	2.647	2.157	2.059	3
610	2.235	2.608	2.216	2.039	3
611	2.235	2.49	2.137	2.118	3
612	2.235	2.039	2.098	2.078	3
613	2.275	2.392	2.392	2.098	3
614	2.294	2.451	2.314	2.137	3
615	2.176	2.196	1.98	2.137	3
616	2.098	2.569	2.235	2.157	3
617	2.02	2.843	2.431	2.196	3
618	2.039	2.529	2.373	2.157	3
619	2.157	2.0	2.235	2.157	3
620	2.118	2.137	2.098	2.196	3
621	2.176	2.412	2.078	2.216	3
622	2.078	2.686	2.216	2.196	3
623	2.059	2.588	2.196	2.137	3
624	2.0	2.706	2.255	2.098	3
625	2.118	3.353	2.471	2.196	3
626	2.078	3.373	2.392	2.216	3
627	2.0	3.275	2.353	2.216	3
628	2.039	3.608	2.51	2.216	3
629	2.0	3.392	2.51	2.157	3
630	1.902	3.235	2.275	2.039	3
631	1.98	3.333	2.255	1.941	3
632	2.059	3.627	2.176	1.804	3
633	2.059	3.804	2.118	1.667	3
634	2.059	4.196	2.118	1.627	3
635	1.941	4.49	2.137	1.647	3
636	1.941	4.706	2.333	1.706	3
637	2.0	4.882	2.412	1.667	3
638	1.784	4.667	2.235	1.647	3
639	1.725	4.49	2.059	1.569	3
640	1.902	4.255	1.863	1.451	3
641	1.882	4.137	1.922	1.314	3
642	1.843	4.529	2.098	1.314	3
643	1.882	4.569	2.0	1.373	3
644	2.039	4.451	2.02	1.353	3
645	2.118	4.451	2.157	1.373	3
646	2.098	4.196	2.098	1.353	3
647	1.922	3.51	2.0	1.294	3
648	1.863	2.608	1.843	1.176	3
649	1.902	2.392	1.804	1.078	3
650	1.922	2.529	1.882	1.137	3
651	1.941	2.275	1.941	1.275	3
652	1.941	2.118	1.961	1.392	3
653	1.961	2.118	2.0	1.353	3
654	2.039	1.941	1.902	1.157	3
655	2.118	1.51	1.784	0.961	3
656	2.098	1.667	1.922	0.941	3
657	2.039	1.235	1.804	1.118	3
658	2.078	0.49	1.765	1.255	3
659	2.118	0.51	1.667	1.255	3
660	2.02	0.922	1.745	1.196	3
661	2.039	0.882	1.765	1.176	3
662	2.176	1.157	2.098	1.235	3
663	2.098	0.98	2.02	1.333	3
664	2.059	0.392	1.804	1.353	3
665	2.098	0.118	1.745	1.294	3
666	2.078	0.333	1.941	1.294	3
667	2.098	0.216	1.961	1.333	3
668	2.039	0.353	1.882	1.431	3
669	1.98	0.353	1.843	1.471	3
670	2.02	0.314	2.0	1.549	3
671	1.98	0.667	2.196	1.608	3
672	1.902	0.667	2.255	1.627	3
673	2.0	0.196	2.137	1.647	3
674	1.902	0.0	2.039	1.667	3
675	1.863	0.0	2.137	1.745	3
676	2.02	0.118	2.255	1.843	3
677	2.02	0.02	2.275	1.941	3
678	1.961	0.0	2.255	1.961	3
679	1.922	0.0	2.353	1.922	3
680	1.843	0.0	2.216	1.98	3
681	2.255	0.0	2.196	1.843	3
682	2.275	0.0	2.137	1.725	3
683	1.941	0.0	2.176	1.824	3
684	1.804	0.0	2.294	1.941	3
685	1.784	0.0	2.294	2.02	3
686	1.765	0.0	2.255	2.157	3
687	2.235	0.0	2.294	2.333	3
688	2.118	0.0	2.216	2.098	3
689	1.706	0.0	2.157	2.098	3
690	1.784	0.0	2.118	2.039	3
691	1.824	0.0	2.02	1.961	3
692	1.706	0.0	2.039	1.922	3
693	1.824	0.0	2.137	1.882	3
694	1.706	0.0	2.0	1.941	3
695	1.706	0.0	1.882	2.059	3
696	1.784	0.0	2.137	2.216	3
697	1.667	0.0	2.353	2.412	3
698	1.588	0.0	2.255	2.392	3
699	1.784	0.0	2.0	2.353	3
700	2.431	0.0	2.059	1.98	3
701	1.725	0.0	2.02	1.745	3
702	1.784	0.0	2.137	1.882	3
703	1.647	0.275	2.196	2.196	3
704	1.49	0.235	2.235	2.392	3
705	1.549	0.0	2.078	2.431	3
706	1.51	0.0	1.902	2.216	3
707	1.569	0.0	2.0	1.941	3
708	1.627	0.0	2.098	1.902	3
709	1.627	0.314	2.196	2.039	3
710	1.725	0.686	2.392	2.255	3
711	1.647	0.392	2.176	2.353	3
712	1.451	0.118	1.961	2.314	3
713	1.627	0.255	2.196	2.255	3
714	1.667	0.176	2.216	2.294	3
715	1.569	0.137	2.078	2.275	3
716	1.647	0.333	2.039	2.216	3
717	1.588	0.471	2.059	2.216	3
718	1.549	0.686	2.176	2.235	3
719	1.569	0.784	2.157	2.314	3
720	1.569	0.588	2.02	2.314	3
721	1.588	0.529	2.078	2.294	3
722	1.647	0.745	2.02	2.294	3
723	1.608	0.569	1.863	2.255	3
724	1.647	0.431	1.902	2.235	3
725	1.647	0.922	1.941	2.216	3
726	1.627	1.294	1.98	2.235	3
727	1.647	1.255	1.922	2.235	3
728	1.686	1.412	2.0	2.255	3
729	1.627	1.275	2.02	2.275	3
730	1.745	0.98	2.0	2.235	3
731	1.804	0.824	1.725	2.137	3
732	1.706	1.0	1.725	1.961	3
733	1.784	1.549	1.98	1.941	3
734	1.784	1.706	1.961	2.0	3
735	1.824	1.51	1.804	2.118	3
736	1.784	1.627	1.863	2.196	3
737	1.843	1.922	1.902	2.235	3
738	1.863	2.098	1.941	2.176	3
739	1.922	2.255	2.039	2.078	3
740	1.922	2.314	1.98	2.0	3
741	1.941	2.137	1.824	1.961	3
742	2.02	2.176	1.863	2.02	3
743	2.078	2.373	1.98	2.137	3
744	2.216	2.412	1.902	2.176	3
745	2.118	2.059	1.784	2.137	3
746	2.176	2.059	1.922	2.059	3
747	2.333	2.647	2.098	2.118	3
748	2.294	2.588	1.824	2.216	3
749	2.275	2.412	1.745	2.176	3
750	2.373	2.549	1.961	2.118	3
751	2.392	2.667	2.02	2.157	3
752	2.412	2.549	1.902	2.157	3
753	2.471	2.667	1.824	2.118	3
754	2.51	2.569	1.765	2.078	3
755	2.51	2.49	1.863	1.98	3
756	2.608	2.529	1.824	1.961	3
757	2.588	2.941	1.902	2.039	3
758	2.549	3.176	1.902	2.176	3
759	2.588	3.451	2.0	2.275	3
760	2.588	3.431	2.078	2.255	3
761	2.608	3.137	1.98	2.118	3
762	2.588	2.706	1.804	1.961	3
763	2.588	2.745	1.725	1.882	3
764	2.667	3.157	1.941	1.961	3
765	2.686	3.059	1.882	2.078	3
766	2.529	2.843	1.941	2.039	3
767	2.471	2.784	1.941	1.98	3
768	2.49	2.941	1.98	1.941	3
769	2.49	3.02	2.02	1.882	3
770	2.412	3.176	2.039	1.922	3
771	2.333	3.275	2.098	2.02	3
772	2.373	3.02	2.039	2.078	3
773	2.314	2.863	2.039	2.0	3
774	2.255	2.882	2.078	1.863	3
775	2.176	3.0	2.118	1.804	3
776	2.137	2.98	2.196	1.843	3
777	2.039	2.922	2.137	1.902	3
778	2.078	2.922	2.196	1.863	3
779	2.078	2.804	2.137	1.824	3
780	1.961	2.784	2.235	1.824	3
781	2.0	2.784	2.392	1.882	3
782	1.961	2.627	2.333	1.922	3
783	1.745	2.451	2.314	1.922	3
784	1.765	2.373	2.255	1.882	3
785	1.706	2.412	2.353	1.902	3
786	1.627	2.255	2.333	1.843	3
787	1.627	2.216	2.333	1.745	3
788	1.647	2.176	2.353	1.725	3
789	1.608	2.098	2.333	1.725	3
790	1.627	2.157	2.392	1.804	3
791	1.588	2.039	2.333	1.882	3
792	1.51	1.765	2.196	1.843	3
793	1.392	1.451	2.118	1.824	3
794	1.431	1.333	2.157	1.824	3
795	1.412	1.804	2.255	1.882	3
796	1.353	2.0	2.353	1.98	3
797	1.471	1.804	2.353	2.02	3
798	1.529	1.725	2.333	2.039	3
799	1.392	1.294	2.255	2.0	3
800	1.235	1.078	2.078	1.922	3
801	1.353	1.137	2.039	1.804	3
802	1.392	1.314	2.098	1.784	3
803	1.451	1.608	2.235	1.882	3
804	1.412	1.51	2.118	2.039	3
805	1.314	1.392	2.0	2.137	3
806	1.392	1.431	2.02	2.118	3
807	1.451	1.549	2.098	2.078	3
808	1.451	1.627	2.078	2.02	3
809	1.471	1.588	2.118	2.02	3
810	1.549	1.333	1.922	1.961	3
811	1.549	1.294	1.882	1.882	3
812	1.588	1.51	1.843	1.843	3
813	1.569	1.373	1.824	1.863	3
814	1.647	1.49	1.941	1.98	3
815	1.784	1.765	2.059	2.098	3
816	1.824	1.431	1.882	2.118	3
817	1.647	1.059	1.588	1.961	3
818	1.686	1.078	1.608	1.804	3
819	1.765	1.196	1.725	1.765	3
820	1.824	1.314	1.804	1.784	3
821	1.824	1.294	1.706	1.882	3
822	1.765	1.314	1.647	1.961	3
823	1.922	1.49	1.686	1.98	3
824	1.902	1.588	1.745	1.922	3
825	1.824	1.686	1.745	1.922	3
826	1.765	1.745	1.725	1.961	3
827	1.843	1.765	1.745	2.0	3
828	1.882	1.588	1.608	2.059	3
829	1.961	1.667	1.725	2.098	3
830	2.059	1.824	1.804	2.098	3
831	2.059	1.804	1.765	2.02	3
832	2.0	1.902	1.882	2.0	3
833	1.98	1.824	1.843	2.02	3
834	1.922	1.765	1.824	2.0	3
835	1.98	1.843	1.941	2.0	3
836	2.059	1.804	1.98	2.039	3
837	2.0	1.588	1.961	2.137	3
838	2.02	1.882	1.922	2.137	3
839	2.078	2.216	1.922	2.078	3
840	2.02	2.333	1.98	2.0	3
841	2.02	2.725	2.353	2.059	3
842	2.0	2.431	2.275	2.157	3
843	2.0	1.863	2.039	2.078	3
844	2.039	1.882	2.02	1.98	3
845	2.078	2.294	2.059	1.922	3
846	2.118	2.412	2.078	1.922	3
847	2.098	2.353	2.176	1.98	3
848	2.098	2.294	2.216	2.098	3
849	2.078	2.353	2.235	2.137	3
850	2.118	2.569	2.294	2.098	3
851	2.039	2.49	2.216	2.02	3
852	2.078	2.431	2.255	1.961	3
853	2.039	2.392	2.176	1.961	3
854	2.02	2.392	2.235	2.059	3
855	2.098	2.451	2.255	2.039	3
856	2.098	2.471	2.196	1.961	3
857	2.02	2.431	2.098	1.863	3
858	2.078	2.686	2.235	1.882	3
859	2.098	2.745	2.353	1.961	3
860	2.137	2.784	2.333	2.039	3
861	2.098	2.627	2.157	2.039	3
862	2.039	2.529	2.098	2.039	3
863	2.02	2.431	2.118	1.941	3
864	2.059	2.451	2.157	1.843	3
865	2.059	2.529	2.216	1.863	3
866	2.137	2.765	2.314	1.922	3
867	2.118	2.765	2.255	1.961	3
868	2.0	2.412	2.176	1.941	3
869	2.02	2.176	2.118	1.863	3
870	2.078	2.314	2.157	1.824	3
871	2.176	2.373	2.137	1.784	3
872	2.02	2.471	2.196	1.784	3
873	1.941	2.353	2.118	1.765	3
874	1.98	2.431	2.255	1.882	3
875	1.98	2.49	2.235	2.039	3
876	2.02	2.451	2.157	2.078	3
877	1.961	2.373	2.098	1.941	3
878	2.02	2.471	2.137	1.784	3
879	2.039	2.471	2.157	1.765	3
880	2.078	2.431	2.098	1.824	3
881	2.0	2.118	2.118	1.882	3
882	1.941	2.02	2.176	1.922	3
883	2.078	2.039	2.196	1.98	3
884	2.157	2.078	2.098	1.961	3
885	1.882	2.137	2.039	1.941	3
886	1.843	2.235	2.118	1.941	3
887	1.961	1.961	2.078	1.922	3
888	2.02	1.98	2.118	1.882	3
889	2.0	1.824	2.039	1.882	3
890	2.039	1.804	1.941	1.922	3
891	2.02	1.941	1.98	1.941	3
892	1.98	1.961	1.961	1.922	3
893	2.02	2.0	2.0	1.824	3
894	2.02	1.98	2.02	1.765	3
895	1.98	2.098	2.078	1.882	3
896	1.98	1.784	2.0	2.02	3
897	2.059	1.765	1.98	2.02	3
898	2.078	1.98	1.98	1.863	3
899	2.059	1.686	1.706	1.745	3
900	2.02	2.255	2.02	1.863	3
901	2.0	2.333	2.0	2.137	3
902	1.902	1.569	1.804	2.157	3
903	2.02	1.667	2.039	2.039	3
904	2.118	1.824	2.02	1.863	3
905	2.078	1.765	1.902	1.784	3
906	2.098	1.98	1.902	1.804	3
907	2.059	2.098	1.804	1.843	3
908	1.98	2.176	1.98	2.02	3
909	2.0	2.275	2.02	2.216	3
910	1.98	2.333	2.02	2.275	3
911	2.039	2.353	1.941	2.157	3
912	2.0	2.137	1.922	1.98	3
913	2.039	2.255	1.941	1.922	3
914	2.059	2.431	2.059	2.039	3
915	2.039	2.412	2.157	2.216	3
916	2.039	2.333	2.0	2.333	3
917	2.098	2.314	2.078	2.275	3
918	2.157	2.255	2.098	2.176	3
919	2.0	2.078	2.078	2.039	3
920	2.0	2.078	2.059	1.98	3
921	2.0	2.157	2.039	2.0	3
922	2.02	2.137	2.059	2.118	3
923	2.039	2.157	2.02	2.157	3
924	2.02	1.98	1.843	2.02	3
925	2.039	2.314	2.039	1.941	3
926	2.078	2.49	2.137	1.961	3
927	2.118	2.275	2.039	2.118	3
928	2.02	2.255	2.059	2.235	3
929	1.98	2.275	2.0	2.157	3
930	2.02	2.196	1.922	1.902	3
931	1.98	2.196	1.843	1.686	3
932	2.0	2.196	1.961	1.706	3
933	2.059	2.137	1.902	1.804	3
934	2.078	2.275	1.98	1.961	3
935	2.118	2.353	2.059	2.02	3
936	2.039	2.078	1.941	1.961	3
937	2.078	1.941	1.863	1.843	3
938	2.059	1.961	1.98	1.784	3
939	2.039	1.922	2.0	1.804	3
940	2.039	1.922	2.059	1.863	3
941	2.02	1.667	2.0	1.843	3
942	2.039	1.706	2.0	1.824	3
943	2.098	2.059	2.039	1.843	3
944	2.059	2.0	1.843	1.804	3
945	2.0	2.216	2.078	1.843	3
946	2.0	2.157	2.235	1.98	3
947	2.078	1.784	2.137	2.078	3
948	2.196	1.706	2.039	2.039	3
949	2.118	1.608	2.0	1.882	3
950	2.02	1.569	2.02	1.745	3
951	2.078	1.549	2.137	1.804	3
952	2.157	1.549	2.137	1.922	3
953	2.02	1.647	1.98	1.961	3
954	2.0	1.843	2.0	2.0	3
955	2.02	2.0	2.02	1.941	3
956	2.0	1.608	1.941	1.843	3
957	2.059	1.392	2.02	1.824	3
958	2.118	1.431	2.0	1.824	3
959	2.059	1.588	1.98	1.922	3
960	1.98	1.745	2.02	2.0	3
961	1.961	1.667	1.961	1.98	3
962	1.941	1.667	2.0	1.902	3
963	2.0	1.706	1.941	1.804	3
964	2.02	1.725	1.902	1.745	3
965	2.0	1.824	1.961	1.784	3
966	1.961	1.843	2.059	1.882	3
967	1.941	1.588	2.039	1.961	3
968	1.98	1.627	2.078	2.039	3
969	1.961	1.647	2.059	2.02	3
970	1.824	1.49	2.0	1.902	3
971	1.863	1.51	2.059	1.804	3
972	1.882	1.667	2.137	1.745	3
973	1.961	1.51	2.078	1.745	3
974	1.941	1.451	2.118	1.804	3
975	1.922	1.51	2.098	1.843	3
976	1.784	1.569	2.137	1.941	3
977	1.765	1.706	2.196	1.961	3
978	1.804	1.922	2.216	2.0	3
979	1.784	1.961	2.216	2.02	3
980	1.784	1.686	2.098	1.961	3
981	1.863	1.549	2.118	1.824	3
982	1.941	1.686	2.157	1.745	3
983	1.863	1.569	2.0	1.706	3
984	1.784	1.529	2.059	1.725	3
985	1.804	1.667	2.216	1.902	3
986	1.902	1.804	2.255	2.118	3
987	1.804	1.588	2.059	2.137	3
988	1.843	1.588	2.039	1.98	3
989	1.882	1.647	2.078	1.824	3
990	1.863	1.588	2.059	1.765	3
991	1.863	1.412	2.039	1.804	3
992	1.863	1.51	2.02	1.882	3
993	1.882	1.569	2.059	1.941	3
994	1.882	1.667	2.039	1.961	3
995	1.882	1.627	2.02	1.902	3
996	1.941	1.667	2.02	1.863	3
997	1.922	1.667	1.98	1.863	3
998	1.941	1.725	2.0	1.882	3
999	1.941	1.902	2.02	1.922	3
1000	1.941	1.765	2.02	1.902	3
1001	1.902	1.608	2.039	1.98	3
1002	1.922	1.49	2.078	2.059	3
1003	2.059	1.588	2.02	2.078	3
1004	1.98	1.549	1.922	1.941	3
1005	1.98	1.843	2.098	1.882	3
1006	2.02	2.118	2.196	1.863	3
1007	1.98	1.843	2.098	1.941	3
1008	1.98	1.529	2.02	2.02	3
1009	2.02	1.843	2.137	2.078	3
1010	2.0	1.804	2.02	2.078	3
1011	2.0	1.824	2.039	2.059	3
1012	2.0	1.941	2.0	2.0	3
1013	1.961	1.843	2.02	1.98	3
1014	2.0	2.0	2.098	2.02	3
1015	2.02	2.078	2.02	2.02	3
1016	2.059	2.098	2.098	2.0	3
1017	2.02	1.882	2.059	1.961	3
1018	2.0	1.627	2.039	1.902	3
1019	2.078	1.784	2.078	1.941	3
1020	2.039	1.863	1.922	1.98	3
1021	1.941	1.686	1.863	1.941	3
1022	1.941	1.804	1.98	1.941	3
1023	1.98	1.745	2.039	1.941	3
1024	2.02	1.725	2.059	1.961	3
1025	2.02	1.667	2.078	1.98	3
1026	1.961	1.667	2.0	1.961	3
1027	1.98	1.725	2.0	1.902	3
1028	2.0	1.941	2.039	1.941	3
1029	1.941	2.118	2.118	2.039	3
1030	1.863	2.235	2.196	2.118	3
1031	1.843	1.961	2.02	2.118	3
1032	1.902	1.588	2.0	2.02	3
1033	2.0	1.902	2.118	1.98	3
1034	2.0	2.157	2.196	2.02	3
1035	1.922	2.078	2.235	2.137	3
1036	1.863	2.078	2.275	2.235	3
1037	1.941	2.039	2.275	2.255	3
1038	1.882	1.608	1.941	2.137	3
1039	1.804	1.745	2.157	2.118	3
1040	1.882	2.157	2.353	2.137	3
1041	1.941	2.059	2.216	2.137	3
1042	1.902	1.765	2.078	2.078	3
1043	1.863	1.725	2.02	2.0	3
1044	1.863	1.765	2.059	1.98	3
1045	1.882	1.863	2.0	1.98	3
1046	1.863	2.039	2.059	1.961	3
1047	1.863	2.059	2.078	1.902	3
1048	1.922	2.137	2.137	1.882	3
1049	1.902	1.98	2.039	2.039	3
1050	1.863	1.902	2.0	2.255	3
1051	1.941	1.902	2.02	2.294	3
1052	1.98	1.784	1.961	2.059	3
1053	1.98	1.863	2.078	1.804	3
1054	2.02	1.98	2.059	1.765	3
1055	1.863	1.706	1.902	1.824	3
1056	1.902	1.765	2.0	1.941	3
1057	1.922	1.765	2.039	2.059	3
1058	1.961	1.706	2.02	2.118	3
1059	2.0	1.647	1.961	2.078	3
1060	2.02	1.843	1.98	1.98	3
1061	1.961	1.784	1.922	1.922	3
1062	1.902	1.843	2.02	2.0	3
1063	1.98	1.98	2.039	2.039	3
1064	1.941	1.706	1.961	1.98	3
1065	1.98	1.627	1.961	1.922	3
1066	2.0	1.745	1.922	1.863	3
1067	2.0	1.824	1.922	1.882	3
1068	1.922	1.824	1.902	1.98	3
1069	1.961	1.863	1.941	2.02	3
1070	2.0	1.882	2.137	2.039	3
1071	1.961	1.863	2.098	2.059	3
1072	1.98	1.49	1.902	1.961	3
1073	2.0	1.471	1.922	1.843	3
1074	2.02	1.706	1.961	1.804	3
1075	2.0	1.765	1.941	1.843	3
1076	1.941	1.804	2.039	1.922	3
1077	1.922	1.961	2.059	2.039	3
1078	1.902	1.863	2.059	2.059	3
1079	2.02	1.882	2.059	2.039	3
1080	2.0	1.941	2.039	1.98	3
1081	1.98	1.941	2.098	1.922	3
1082	2.039	1.922	2.0	1.863	3
1083	2.0	1.902	1.941	1.843	3
1084	2.0	2.137	2.098	1.902	3
1085	1.961	2.098	2.039	2.0	3
1086	1.941	2.039	2.098	2.0	3
1087	2.02	2.059	2.235	1.961	3
1088	2.157	2.137	2.157	1.961	3
1089	2.02	1.725	1.863	1.941	3
1090	1.922	1.765	1.98	1.941	3
1091	1.961	1.843	2.059	1.961	3
1092	2.039	1.824	2.02	1.902	3
1093	2.059	1.902	1.98	1.843	3
1094	2.02	1.882	1.941	1.804	3
1095	1.941	2.059	1.961	1.804	3
1096	1.941	2.157	2.0	1.922	3
1097	2.039	2.078	2.059	1.98	3
1098	1.98	1.922	2.02	1.961	3
1099	1.922	1.922	2.039	1.941	3
1100	1.961	1.784	1.961	2.02	3
1101	1.941	1.941	2.02	2.118	3
1102	1.98	2.118	2.02	2.118	3
1103	1.961	1.961	1.941	1.98	3
1104	1.98	2.216	2.216	1.922	3
1105	2.078	2.275	2.255	1.98	3
1106	1.98	1.843	2.098	2.0	3
1107	1.941	1.765	2.02	2.0	3
1108	1.941	1.863	2.059	2.039	3
1109	1.922	1.922	2.157	2.059	3
1110	1.902	2.255	2.275	2.098	3
1111	1.941	2.098	2.118	1.98	3
1112	2.0	2.157	2.216	1.941	3
1113	2.0	2.059	2.216	2.039	3
1114	1.98	2.176	2.196	2.098	3
1115	1.902	2.02	2.157	2.098	3
1116	1.941	2.157	2.157	2.0	3
1117	1.98	2.196	2.137	1.941	3
1118	1.941	2.098	2.137	1.922	3
1119	2.02	2.118	2.137	2.0	3
1120	2.02	1.961	2.059	2.059	3
1121	1.941	1.882	2.078	2.098	3
1122	1.961	2.059	2.196	2.118	3
1123	1.902	1.902	2.059	2.039	3
1124	1.922	1.784	2.0	1.902	3
1125	2.0	1.745	2.0	1.824	3
1126	1.98	1.902	2.059	1.863	3
1127	1.98	1.843	2.078	1.922	3
1128	1.961	1.863	2.02	2.0	3
1129	1.961	1.941	1.98	1.98	3
1130	1.941	1.98	2.0	1.961	3
1131	1.902	1.941	1.98	1.941	3
1132	1.902	1.98	2.059	1.902	3
1133	1.922	1.941	2.059	1.902	3
1134	2.0	1.902	2.039	1.882	3
1135	1.961	2.039	2.02	1.863	3
1136	1.902	1.941	2.078	1.863	3
1137	1.902	1.922	2.137	1.961	3
1138	1.922	1.882	2.137	2.0	3
1139	2.02	1.863	2.118	1.98	3
1140	1.941	1.765	2.039	1.902	3
1141	1.902	1.627	2.039	1.843	3
1142	1.922	1.627	2.039	1.843	3
1143	1.941	1.725	1.98	1.824	3
1144	1.902	1.686	1.941	1.843	3
1145	1.961	2.02	2.118	1.902	3
1146	1.941	2.0	2.098	1.98	3
1147	1.902	1.804	2.137	2.0	3
1148	1.961	1.706	2.02	2.0	3
1149	1.941	1.686	1.882	1.922	3
1150	1.941	1.843	1.98	1.882	3
1151	1.902	2.216	2.059	1.922	3
1152	1.882	2.176	2.059	1.961	3
1153	2.0	1.922	2.039	1.98	3
1154	1.98	1.706	2.02	2.0	3
1155	1.961	1.882	2.098	2.02	3
1156	2.02	2.098	2.118	2.02	3
1157	1.941	1.843	1.843	1.922	3
1158	1.902	1.882	1.961	1.843	3
1159	1.922	1.902	2.059	1.863	3
1160	1.961	1.922	2.0	1.863	3
1161	2.059	1.843	1.941	1.843	3
1162	2.039	1.843	1.922	1.941	3
1163	1.922	2.157	2.137	2.118	3
1164	2.0	2.216	2.098	2.176	3
1165	1.98	1.941	1.922	2.02	3
1166	1.941	1.961	1.902	1.843	3
1167	1.98	1.961	1.824	1.725	3
1168	1.98	2.098	1.863	1.784	3
1169	2.02	2.078	1.902	1.843	3
1170	2.02	2.02	1.941	1.902	3
1171	1.961	1.882	1.922	1.961	3
1172	1.98	1.902	2.0	2.02	3
1173	2.118	2.157	2.098	2.059	3
1174	2.078	2.039	1.922	2.059	3
1175	1.98	1.882	1.824	1.961	3
1176	1.961	1.843	1.882	1.843	3
1177	1.961	1.98	2.078	1.804	3
1178	2.02	2.0	2.078	1.863	3
1179	2.0	2.0	2.02	2.039	3
1180	1.98	2.176	2.098	2.176	3
1181	2.02	2.255	2.176	2.176	3
1182	1.98	2.0	2.02	2.059	3
1183	1.961	1.941	2.039	1.922	3
1184	2.039	2.118	2.039	1.843	3
1185	2.039	2.314	2.176	1.922	3
1186	1.961	2.176	2.137	2.059	3
1187	1.98	2.137	2.235	2.176	3
1188	1.961	2.098	2.216	2.235	3
1189	1.961	2.118	2.235	2.176	3
1190	2.078	2.059	2.216	2.098	3
1191	1.961	1.961	2.157	2.0	3
1192	1.902	1.961	2.216	1.961	3
1193	1.961	1.863	2.137	1.941	3
1194	1.961	1.765	2.039	1.941	3
1195	1.941	1.725	2.02	1.941	3
1196	1.902	1.824	2.0	1.98	3
1197	1.902	1.941	2.059	1.961	3
1198	2.039	2.235	2.275	2.0	3
1199	2.0	1.941	2.216	2.078	3
1200	1.922	1.824	2.118	2.059	3
1201	1.922	1.608	1.784	1.941	3
1202	1.882	1.647	1.686	1.863	3
1203	1.941	1.922	1.922	1.824	3
1204	1.961	1.824	2.078	1.882	3
1205	1.941	1.725	2.157	1.961	3
1206	1.98	1.529	2.0	2.02	3
1207	2.039	1.608	1.922	1.922	3
1208	1.98	1.588	1.804	1.824	3
1209	1.843	1.588	1.824	1.824	3
1210	1.922	1.706	2.0	1.922	3
1211	1.98	1.824	2.059	2.039	3
1212	2.039	1.627	2.0	2.02	3
1213	1.941	1.627	2.02	1.961	3
1214	1.843	1.706	2.039	1.863	3
1215	1.902	1.804	2.157	1.863	3
1216	1.941	1.98	2.137	1.922	3
1217	1.882	1.961	2.118	2.039	3
1218	1.902	1.98	2.118	2.039	3
1219	1.98	2.0	2.176	2.02	3
1220	2.0	1.941	2.137	1.961	3
1221	1.941	1.863	2.118	1.863	3
1222	1.941	1.961	2.235	1.902	3
1223	1.902	2.0	2.255	2.02	3
1224	2.0	1.98	2.275	2.137	3
1225	1.961	1.706	2.098	2.118	3
1226	1.882	1.608	2.078	1.961	3
1227	1.961	1.706	2.039	1.863	3
1228	1.902	1.745	2.039	1.843	3
1229	1.922	1.902	2.137	1.882	3
1230	1.902	1.902	2.137	1.922	3
1231	1.902	1.843	2.137	1.961	3
1232	1.843	1.902	2.078	2.0	3
1233	1.882	1.922	2.039	2.02	3
1234	1.882	1.824	1.961	1.98	3
1235	1.961	1.882	2.059	1.902	3
1236	1.961	2.0	2.098	1.902	3
1237	1.941	2.078	2.098	1.961	3
1238	1.941	2.0	2.039	1.98	3
1239	1.843	1.804	1.902	1.922	3
1240	1.863	1.804	1.98	1.863	3
1241	2.039	1.941	2.078	1.882	3
1242	2.0	1.745	1.98	1.863	3
1243	1.922	1.627	1.98	1.843	3
1244	1.941	1.627	1.922	1.824	3
1245	1.922	1.804	1.922	1.843	3
1246	1.922	1.804	2.02	1.882	3
1247	1.922	1.824	2.039	1.961	3
1248	1.882	1.784	1.961	1.98	3
1249	2.0	1.706	1.941	1.941	3
1250	2.059	1.784	1.961	1.882	3
1251	2.039	1.784	1.922	1.765	3
1252	1.98	1.647	1.98	1.765	3
1253	1.98	1.863	1.941	1.843	3
1254	1.961	1.882	1.882	1.922	3
1255	1.98	1.98	1.941	1.98	3
1256	1.98	2.098	2.078	2.059	3
1257	1.902	1.902	2.059	2.118	3
1258	2.059	2.118	2.176	2.059	3
1259	2.059	1.922	2.02	1.98	3
1260	1.922	1.667	1.98	1.863	3
1261	2.0	1.863	2.078	1.843	3
1262	2.02	1.98	2.02	1.922	3
1263	1.98	1.922	2.059	2.0	3
1264	1.98	2.0	2.059	2.02	3
1265	1.922	2.039	2.078	1.98	3
1266	1.961	2.02	2.039	1.961	3
1267	2.039	2.059	2.078	1.98	3
1268	2.0	2.098	2.078	1.961	3
1269	1.961	2.0	2.0	1.902	3
1270	1.98	1.922	2.02	1.863	3
1271	1.961	1.843	1.98	1.863	3
1272	1.961	1.784	1.941	1.882	3
1273	1.98	1.745	2.0	2.02	3
1274	1.98	1.941	2.098	2.098	3
1275	2.059	2.059	2.196	2.078	3
1276	2.0	1.784	2.078	2.02	3
1277	1.941	1.627	2.059	1.882	3
1278	1.961	1.627	2.02	1.863	3
1279	1.922	1.706	2.039	1.882	3
1280	1.941	1.745	2.098	1.941	3
1281	2.0	1.804	2.137	2.0	3
1282	2.02	1.784	2.137	2.059	3
1283	1.98	1.922	2.137	2.039	3
1284	2.0	1.902	2.078	2.0	3
1285	1.922	1.725	1.961	1.941	3
1286	1.941	1.863	2.118	1.922	3
1287	2.0	2.039	2.216	2.039	3
1288	1.941	1.922	2.098	2.118	3
1289	1.902	1.784	2.0	2.039	3
1290	1.961	1.863	2.137	1.961	3
1291	2.059	1.882	2.137	1.941	3
1292	2.118	1.922	2.176	2.0	3
1293	1.961	1.745	2.0	2.078	3
1294	1.824	1.549	1.863	2.059	3
1295	1.961	1.588	1.961	1.941	3
1296	2.039	1.902	2.157	1.941	3
1297	1.98	1.882	2.098	1.98	3
1298	1.961	1.804	2.0	1.98	3
1299	2.0	1.843	1.98	1.941	3
1300	1.98	1.824	2.0	1.922	3
1301	1.922	1.863	2.039	1.961	3
1302	1.882	1.843	2.098	1.98	3
1303	1.941	1.784	2.098	2.0	3
1304	2.02	1.922	1.98	2.0	3
1305	2.02	1.961	1.902	2.0	3
1306	2.0	2.0	2.02	2.02	3
1307	1.941	2.039	2.176	2.039	3
1308	1.941	1.882	2.118	2.02	3
1309	2.02	1.863	2.137	1.941	3
1310	2.039	1.706	1.961	1.902	3
1311	1.902	1.667	1.961	1.863	3
1312	1.941	1.784	2.039	1.882	3
1313	1.98	1.824	2.059	1.941	3
1314	1.961	1.824	2.039	1.961	3
1315	1.98	1.902	2.059	1.961	3
1316	1.941	1.922	2.059	1.98	3
1317	1.922	1.882	2.098	1.98	3
1318	2.0	1.961	2.098	1.961	3
1319	1.98	1.922	2.059	1.961	3
1320	1.922	1.922	2.02	1.941	3
1321	1.902	1.745	1.961	1.843	3
1322	1.98	1.647	1.961	1.784	3
1323	1.961	1.961	2.118	1.863	3
1324	1.98	2.059	2.098	2.02	3
1325	2.0	2.02	2.078	2.118	3
1326	2.039	2.02	2.196	2.157	3
1327	2.059	1.725	2.02	2.02	3
1328	1.941	1.569	1.922	1.784	3
1329	1.961	1.706	2.039	1.725	3
1330	1.98	1.824	2.078	1.784	3
1331	1.98	1.804	2.039	1.902	3
1332	2.039	1.882	1.98	2.0	3
1333	1.98	1.784	1.843	1.98	3
1334	1.961	1.902	2.0	1.961	3
1335	1.961	1.922	2.176	1.961	3
1336	1.941	1.941	2.078	1.941	3
1337	1.961	1.804	1.902	1.843	3
1338	2.02	1.725	1.863	1.804	3
1339	2.02	1.922	1.941	1.824	3
1340	2.078	2.059	2.078	1.922	3
1341	1.941	2.059	2.118	2.02	3
1342	2.0	1.765	1.98	2.059	3
1343	2.039	1.765	2.0	1.98	3
1344	2.02	1.647	1.922	1.922	3
1345	1.882	1.667	1.863	1.804	3
1346	1.941	1.745	1.941	1.745	3
1347	2.02	2.039	2.176	1.843	3
1348	2.0	2.02	2.137	2.0	3
1349	1.98	1.902	2.059	2.118	3
1350	1.98	1.98	2.098	2.157	3
1351	2.0	2.039	2.118	2.098	3
1352	2.0	2.02	2.059	1.941	3
1353	1.922	2.118	2.137	1.902	3
1354	1.941	2.176	2.118	1.941	3
1355	1.961	2.137	2.098	2.0	3
1356	2.0	2.078	2.059	2.0	3
1357	2.02	2.137	2.098	1.98	3
1358	2.02	2.02	2.118	1.98	3
1359	2.02	2.039	2.196	2.078	3
1360	2.098	2.098	2.255	2.137	3
1361	2.039	2.02	2.157	2.118	3
1362	1.922	1.863	1.98	1.98	3
1363	2.0	1.882	2.02	1.843	3
1364	2.0	1.922	2.098	1.824	3
1365	2.0	1.902	2.137	1.902	3
1366	2.0	1.961	2.118	2.0	3
1367	2.039	1.863	2.078	2.098	3
1368	1.98	1.804	1.961	2.098	3
1369	1.98	1.922	2.0	1.961	3
1370	2.0	2.059	2.039	1.863	3
1371	2.0	2.137	2.098	1.863	3
1372	2.0	2.059	2.059	1.941	3
1373	1.961	1.902	2.0	2.02	3
1374	1.98	1.902	2.0	2.039	3
1375	2.0	1.902	2.039	2.039	3
1376	1.961	1.922	2.039	2.039	3
1377	2.039	2.059	2.157	2.059	3
1378	2.059	2.039	2.098	2.039	3
1379	1.961	1.765	1.941	1.961	3
1380	1.941	1.667	1.922	1.882	3
1381	1.961	1.667	1.941	1.824	3
1382	1.941	1.667	1.941	1.824	3
1383	1.961	1.843	2.039	1.882	3
1384	1.961	1.961	2.059	2.0	3
1385	2.02	1.902	2.02	2.02	3
1386	1.941	1.843	1.98	1.98	3
1387	1.902	1.784	1.902	1.922	3
1388	1.902	1.765	1.961	1.922	3
1389	1.941	1.902	2.0	1.902	3
1390	1.98	1.902	1.98	1.882	3
1391	1.941	1.843	1.961	1.824	3
1392	1.922	1.725	1.922	1.784	3
1393	1.922	1.49	1.863	1.882	3
1394	2.0	1.882	2.0	2.0	3
1395	2.059	1.98	2.059	2.059	3
1396	1.843	1.765	1.961	2.039	3
1397	1.902	1.941	2.039	1.961	3
1398	1.941	1.941	2.098	1.902	3
1399	1.863	1.686	2.098	1.922	3
1400	1.922	1.667	2.02	2.0	3
1401	1.902	1.902	2.02	2.039	3
1402	1.941	2.078	2.137	2.059	3
1403	1.941	2.118	2.118	2.059	3
1404	1.882	2.137	2.137	2.02	3
1405	1.882	2.098	2.039	2.02	3
1406	1.922	2.059	2.039	2.0	3
1407	1.922	2.098	2.078	2.02	3
1408	1.941	2.098	2.118	2.039	3
1409	1.941	1.98	2.098	2.059	3
1410	1.941	1.941	2.078	2.078	3
1411	2.0	2.0	2.098	2.039	3
1412	2.039	1.98	2.059	1.98	3
1413	1.882	1.902	2.039	1.922	3
1414	1.902	1.784	1.922	1.843	3
1415	1.98	1.804	2.0	1.804	3
1416	1.98	1.745	2.039	1.922	3
1417	1.961	1.902	2.059	2.02	3
1418	1.922	1.902	2.02	2.039	3
1419	1.902	1.863	2.059	2.039	3
1420	1.922	1.941	2.098	1.961	3
1421	1.922	1.961	2.02	1.902	3
1422	1.941	2.02	2.039	1.882	3
1423	1.961	2.098	2.078	1.941	3
1424	1.961	2.059	2.039	1.98	3
1425	1.98	2.039	2.059	1.98	3
1426	1.98	1.961	2.098	2.0	3
1427	1.941	1.882	2.039	2.039	3
1428	1.98	2.0	2.039	2.02	3
1429	2.059	2.02	2.02	1.941	3
1430	1.941	1.863	2.039	1.902	3
1431	1.922	1.843	2.118	1.941	3
1432	1.961	1.863	2.059	1.941	3
1433	1.941	1.765	1.98	1.941	3
1434	1.961	1.784	2.039	1.98	3
1435	1.98	1.843	2.039	2.02	3
1436	2.039	1.882	2.02	1.941	3
1437	2.02	1.843	2.0	1.922	3
1438	1.98	1.98	1.961	1.824	3
1439	1.961	1.961	2.0	1.843	3
1440	1.863	1.941	1.98	1.922	3
1441	1.902	1.686	1.922	2.02	3
1442	1.98	1.824	1.941	2.059	3
1443	2.039	1.843	1.941	2.0	3
1444	2.0	1.863	2.02	1.98	3
1445	2.0	2.0	2.176	2.0	3
1446	2.039	1.824	2.059	1.98	3
1447	1.902	1.51	1.843	1.882	3
1448	1.922	1.686	1.98	1.863	3
1449	1.941	1.902	2.059	1.922	3
1450	1.863	1.941	2.137	2.02	3
1451	1.882	1.843	2.059	2.098	3
1452	1.941	1.765	2.02	2.0	3
1453	2.0	1.922	2.118	1.902	3
1454	1.941	1.922	2.118	1.922	3
1455	1.882	2.02	2.118	2.0	3
1456	1.843	1.98	2.118	2.039	3
1457	1.882	2.078	2.196	2.039	3
1458	1.961	2.137	2.235	2.02	3
1459	1.961	2.078	2.176	2.0	3
1460	1.922	1.882	2.118	2.0	3
1461	1.922	1.902	2.176	2.0	3
1462	1.941	2.137	2.275	2.059	3
1463	1.98	1.98	2.196	2.059	3
1464	1.882	1.745	2.137	2.02	3
1465	1.902	1.804	2.118	1.98	3
1466	1.941	1.922	2.216	1.961	3
1467	1.961	1.843	2.118	1.941	3
1468	1.902	1.824	2.118	1.922	3
1469	1.922	1.922	2.176	1.922	3
1470	1.961	1.824	2.118	1.961	3
1471	1.941	1.784	2.02	1.941	3
1472	1.902	1.706	1.941	1.902	3
1473	1.902	1.824	1.961	1.863	3
1474	1.941	1.922	1.902	1.843	3
1475	1.941	1.882	1.961	1.902	3
1476	1.941	1.941	2.02	1.961	3
1477	1.922	1.824	1.98	1.941	3
1478	1.941	1.686	1.98	1.902	3
1479	2.0	1.784	1.961	1.882	3
1480	2.039	1.784	1.902	1.863	3
1481	1.882	1.608	1.843	1.843	3
1482	1.843	1.765	2.02	1.863	3
1483	1.922	1.882	2.098	1.902	3
1484	1.961	1.765	1.98	1.922	3
1485	1.941	1.784	1.98	2.0	3
1486	1.922	1.902	2.02	2.059	3
1487	1.961	1.843	2.02	2.059	3
1488	1.98	1.863	1.98	1.961	3
1489	1.922	1.941	1.961	1.863	3
1490	1.941	1.941	2.059	1.863	3
1491	1.922	2.0	2.059	1.922	3
1492	1.941	1.784	1.98	1.961	3
1493	1.98	1.902	2.0	1.98	3
1494	1.98	2.02	2.02	1.961	3
1495	2.0	1.98	2.098	2.039	3
1496	2.02	2.176	2.176	2.039	3
1497	2.059	1.922	2.059	2.059	3
1498	1.941	1.588	1.902	1.941	3
1499	2.0	1.686	1.941	1.843	3
1500	2.0	1.824	1.98	1.804	3
1501	1.98	1.765	1.961	1.824	3
1502	1.98	1.863	1.98	1.882	3
1503	1.98	1.961	2.039	1.902	3
1504	1.98	2.039	2.059	1.941	3
1505	2.02	1.961	1.961	1.922	3
1506	1.98	1.882	1.922	1.941	3
1507	1.961	1.824	1.98	1.941	3
1508	2.02	2.039	2.059	1.922	3
1509	2.0	2.118	2.098	1.98	3
1510	1.961	2.137	2.098	2.02	3
1511	2.02	2.059	2.098	2.0	3
1512	2.02	1.843	2.02	1.902	3
1513	2.02	1.843	2.098	1.902	3
1514	2.078	2.0	2.118	1.98	3
1515	1.961	1.745	2.02	1.98	3
1516	1.941	1.824	2.059	1.98	3
1517	1.98	1.922	2.078	1.941	3
1518	2.039	1.843	2.039	1.922	3
1519	2.0	1.686	2.059	1.902	3
1520	1.98	1.922	2.118	1.941	3
1521	1.98	1.941	2.137	2.02	3
1522	2.0	1.941	2.098	2.02	3
1523	1.98	1.941	1.98	2.039	3
1524	1.98	1.961	2.118	2.0	3
1525	2.0	1.941	2.078	1.941	3
1526	2.02	1.98	2.137	1.902	3
1527	1.98	1.98	2.078	1.961	3
1528	1.961	1.902	2.039	1.98	3
1529	1.961	1.824	2.059	1.98	3
1530	1.98	1.98	2.137	1.961	3
1531	2.098	2.059	2.216	2.0	3
1532	1.98	1.882	2.137	2.098	3
1533	1.98	1.843	2.078	2.098	3
1534	1.961	1.804	2.039	2.0	3
1535	1.961	1.784	2.118	1.941	3
1536	2.0	1.784	2.137	1.98	3
1537	2.0	1.804	2.059	2.02	3
1538	1.98	1.784	2.059	2.039	3
1539	2.039	2.0	2.118	2.0	3
1540	2.039	2.039	2.02	1.961	3
1541	1.98	1.882	2.02	1.922	3
1542	1.941	1.98	2.118	1.941	3
1543	1.922	1.902	2.118	2.0	3
1544	2.0	1.902	2.098	2.059	3
1545	1.98	1.784	1.922	1.98	3
1546	1.98	1.667	1.882	1.882	3
1547	2.02	1.902	2.078	1.922	3
1548	2.059	2.078	2.137	1.98	3
1549	1.882	1.765	1.961	1.961	3
1550	1.922	1.667	1.941	1.902	3
1551	1.961	1.725	1.922	1.863	3
1552	1.961	1.745	1.941	1.843	3
1553	1.98	1.824	2.0	1.902	3
1554	1.922	1.882	2.02	1.961	3
1555	1.882	1.824	2.039	2.0	3
1556	1.922	1.804	2.02	2.0	3
1557	1.941	1.882	2.0	1.98	3
1558	1.941	1.863	1.961	1.961	3
1559	1.922	2.039	2.0	2.0	3
1560	1.882	2.0	2.078	2.02	3
1561	1.922	1.98	2.059	2.02	3
1562	1.922	1.882	2.02	1.98	3
1563	1.941	1.824	2.0	1.941	3
1564	1.961	2.039	2.235	2.0	3
1565	2.02	2.059	2.255	2.098	3
1566	1.98	1.706	2.0	2.059	3
1567	1.922	1.588	1.902	2.02	3
1568	1.941	1.824	2.0	1.98	3
1569	1.941	1.941	2.098	1.961	3
1570	1.882	2.0	2.196	1.98	3
1571	1.941	1.922	2.118	1.98	3
1572	2.0	1.961	2.078	1.941	3
1573	1.98	1.922	2.02	1.98	3
1574	2.059	1.922	1.941	1.922	3
1575	1.98	1.863	2.0	1.961	3
1576	1.941	1.863	1.922	2.0	3
1577	1.922	1.824	1.922	1.941	3
1578	1.98	1.941	2.059	1.922	3
1579	2.059	2.039	2.02	1.882	3
1580	2.02	1.882	1.98	1.863	3
1581	1.98	1.961	2.039	1.902	3
1582	2.039	1.98	2.039	1.941	3
1583	1.922	1.647	1.902	1.961	3
1584	1.922	1.608	1.941	1.98	3
1585	1.98	1.745	2.0	1.961	3
1586	1.961	1.784	2.0	1.882	3
1587	1.961	1.765	1.961	1.843	3
1588	1.98	1.902	1.961	1.843	3
1589	1.922	2.0	2.118	1.902	3
1590	1.882	1.882	2.039	1.98	3
1591	1.902	1.804	1.961	1.98	3
1592	1.922	1.902	2.059	1.98	3
1593	1.922	1.98	2.137	1.961	3
1594	1.961	1.745	2.098	1.961	3
1595	1.922	1.882	2.039	1.922	3
1596	1.902	1.941	2.0	1.941	3
1597	1.902	1.922	2.059	1.941	3
1598	1.922	2.059	2.255	1.98	3
1599	1.961	2.039	2.275	2.118	3
1600	1.902	1.608	2.0	2.078	3
1601	1.882	1.608	2.059	2.02	3
1602	1.882	1.824	2.137	1.922	3
1603	1.941	1.863	2.157	1.882	3
1604	1.941	1.863	2.137	1.902	3
1605	1.922	1.863	2.078	1.941	3
1606	1.902	1.922	2.078	1.98	3
1607	1.941	1.98	2.157	2.059	3
1608	1.902	1.98	2.118	2.078	3
1609	1.902	1.98	2.098	1.961	3
1610	1.961	2.098	2.078	1.922	3
1611	2.0	2.098	2.039	1.922	3
1612	1.961	2.0	2.098	2.02	3
1613	1.922	1.863	2.098	2.059	3
1614	1.922	1.784	2.02	1.98	3
1615	1.941	1.824	2.039	1.922	3
1616	2.02	1.98	2.118	1.922	3
1617	1.961	1.882	2.078	1.941	3
1618	2.02	1.922	2.02	1.922	3
1619	2.059	1.843	1.98	1.922	3
1620	1.961	1.804	2.039	1.922	3
1621	1.941	1.745	2.02	1.922	3
1622	1.941	1.824	2.0	1.922	3
1623	1.961	1.882	2.059	1.863	3
1624	1.98	2.02	2.059	1.882	3
1625	2.02	2.039	1.961	1.941	3
1626	2.02	1.941	1.922	1.98	3
1627	2.0	1.941	1.98	1.98	3
1628	1.961	2.0	2.039	1.961	3
1629	2.0	1.98	1.98	1.882	3
1630	2.0	1.863	2.0	1.843	3
1631	2.02	1.824	2.039	1.882	3
1632	2.02	1.863	2.137	2.0	3
1633	2.078	1.824	2.039	2.02	3
1634	1.961	1.667	1.902	1.961	3
1635	1.941	1.765	1.941	1.922	3
1636	2.0	1.863	2.0	1.941	3
1637	1.98	1.804	2.039	1.941	3
1638	1.98	1.882	2.059	1.961	3
1639	1.98	1.863	2.059	1.941	3
1640	1.961	1.961	2.118	1.922	3
1641	1.98	1.882	2.078	1.902	3
1642	2.0	1.922	2.059	1.941	3
1643	1.98	2.0	2.039	1.961	3
1644	2.02	2.078	2.118	1.961	3
1645	2.02	2.137	2.098	1.961	3
1646	1.941	2.137	2.078	2.02	3
1647	1.941	2.059	2.078	2.098	3
1648	1.98	2.059	2.157	2.098	3
1649	2.0	2.157	2.275	2.039	3
1650	2.039	2.118	2.255	2.0	3
1651	2.0	1.824	2.078	1.922	3
1652	1.961	1.784	1.961	1.863	3
1653	1.98	1.902	2.039	1.902	3
1654	2.02	2.039	2.118	2.02	3
1655	2.039	1.941	2.039	2.039	3
1656	2.02	1.922	2.02	2.0	3
1657	1.941	1.922	2.078	1.98	3
1658	2.0	2.02	2.137	1.961	3
1659	2.02	2.039	2.078	1.941	3
1660	1.98	1.941	2.039	1.902	3
1661	2.0	1.922	2.0	1.902	3
1662	1.98	1.941	2.0	1.941	3
1663	1.98	1.922	2.02	1.98	3
1664	2.0	1.922	2.078	1.98	3
1665	2.0	1.824	2.059	1.922	3
1666	2.0	1.882	2.059	1.941	3
1667	2.059	2.0	2.098	1.961	3
1668	1.961	1.725	1.98	1.941	3
1669	1.902	1.745	2.039	1.863	3
1670	2.0	1.765	2.059	1.843	3
1671	2.0	1.745	2.02	1.863	3
1672	1.961	1.725	2.078	1.941	3
1673	1.941	1.824	2.02	2.02	3
1674	1.941	1.882	2.02	2.0	3
1675	1.961	1.902	2.078	2.0	3
1676	1.98	2.039	2.098	1.961	3
1677	1.98	1.941	1.98	1.863	3
1678	1.941	1.941	2.059	1.863	3
1679	1.922	2.0	2.078	1.98	3
1680	1.922	1.98	2.02	2.059	3
1681	1.941	1.863	2.0	2.059	3
1682	1.961	1.824	2.02	2.0	3
1683	1.98	1.882	2.157	1.98	3
1684	2.059	2.02	2.137	1.98	3
1685	1.922	1.745	1.961	1.98	3
1686	1.882	1.745	2.059	2.0	3
1687	1.922	1.863	2.098	2.0	3
1688	1.941	1.804	2.039	1.961	3
1689	2.02	1.765	2.059	1.922	3
1690	1.98	1.863	2.078	1.922	3
1691	1.961	1.843	2.02	1.882	3
1692	1.961	1.784	2.02	1.902	3
1693	1.922	1.882	2.039	2.02	3
1694	1.922	1.902	2.0	2.039	3
1695	1.961	1.98	2.059	1.961	3
1696	1.98	1.98	2.039	1.863	3
1697	1.941	1.902	2.0	1.824	3
1698	2.0	1.765	1.902	1.843	3
1699	1.98	1.745	1.922	1.882	3
1700	1.961	1.902	2.118	1.961	3
1701	2.039	1.98	2.157	2.039	3
1702	1.98	1.784	2.0	2.02	3
1703	1.922	1.647	1.922	1.902	3
1704	1.961	1.647	2.0	1.824	3
1705	1.961	1.804	2.039	1.824	3
1706	1.98	1.745	1.961	1.863	3
1707	1.98	1.745	1.941	1.941	3
1708	1.922	1.941	2.039	2.0	3
1709	2.0	2.078	2.137	2.039	3
1710	1.941	2.059	2.137	2.059	3
1711	1.863	1.902	2.078	1.98	3
1712	1.961	1.941	2.039	1.961	3
1713	1.922	1.961	2.039	1.961	3
1714	1.922	2.0	2.039	1.961	3
1715	1.961	1.902	1.98	1.902	3
1716	1.98	1.961	2.118	1.941	3
1717	1.941	1.902	2.078	2.02	3
1718	1.961	1.922	2.118	2.078	3
1719	1.902	1.745	2.02	2.078	3
1720	1.863	1.784	2.059	1.98	3
1721	1.902	1.725	2.039	1.922	3
1722	1.941	1.784	2.02	1.882	3
1723	1.922	1.843	2.059	1.902	3
1724	1.922	1.922	2.039	1.941	3
1725	1.941	1.922	2.02	1.961	3
1726	2.0	1.882	2.078	1.98	3
1727	1.941	1.843	2.078	2.0	3
1728	1.882	1.824	1.98	1.98	3
1729	1.922	1.941	2.0	1.941	3
1730	1.961	1.922	2.02	1.922	3
1731	1.961	1.922	2.059	1.902	3
1732	1.98	1.882	2.098	1.882	3
1733	1.98	1.922	2.059	1.941	3
1734	1.98	1.882	2.098	1.98	3
1735	2.059	1.882	2.098	2.059	3
1736	2.0	1.725	1.98	2.0	3
1737	1.941	1.745	2.078	1.961	3
1738	1.961	1.843	2.137	1.922	3
1739	1.98	1.804	2.078	1.902	3
1740	1.98	1.686	2.0	1.902	3
1741	2.0	1.725	2.0	1.863	3
1742	1.961	1.765	2.0	1.882	3
1743	1.961	1.804	2.0	1.922	3
1744	2.0	1.922	2.02	1.98	3
1745	1.961	1.98	2.02	1.98	3
1746	1.961	1.922	2.039	1.961	3
1747	2.0	1.843	1.98	1.902	3
1748	1.98	1.843	1.98	1.843	3
1749	1.922	1.902	2.039	1.902	3
1750	1.922	1.824	2.0	2.0	3
1751	1.98	1.784	2.02	2.059	3
1752	2.098	1.843	2.098	2.0	3
1753	2.059	1.647	2.039	1.941	3
1754	1.922	1.725	2.02	1.922	3
1755	1.922	1.765	2.0	1.922	3
1756	2.0	1.882	2.02	1.941	3
1757	1.961	1.98	2.118	1.941	3
1758	2.0	1.922	2.078	1.941	3
1759	1.941	1.784	2.02	1.941	3
1760	1.961	1.804	2.078	2.0	3
1761	2.0	2.0	2.098	2.02	3
1762	1.961	2.118	2.137	2.0	3
1763	1.961	2.137	2.137	2.0	3
1764	2.0	2.118	2.137	2.039	3
1765	1.961	2.118	2.059	2.039	3
1766	1.922	2.098	2.059	2.0	3
1767	1.961	2.039	2.098	1.98	3
1768	1.961	2.02	2.098	2.0	3
1769	2.0	2.098	2.157	2.02	3
1770	2.0	1.922	2.039	1.98	3
1771	1.902	1.863	1.98	1.902	3
1772	1.961	1.961	2.059	1.882	3
1773	1.941	2.039	2.098	1.922	3
1774	1.961	1.824	2.059	1.98	3
1775	1.961	1.882	2.039	1.961	3
1776	1.98	1.902	2.0	1.922	3
1777	1.98	1.941	2.02	1.922	3
1778	1.961	2.059	2.059	1.941	3
1779	1.922	2.059	2.039	1.98	3
1780	1.902	1.98	2.0	1.98	3
1781	1.922	1.902	2.0	1.98	3
1782	1.941	1.941	2.0	1.941	3
1783	1.961	2.0	2.0	1.922	3
1784	1.941	1.882	1.98	1.902	3
1785	1.941	1.902	2.098	1.941	3
1786	2.02	2.059	2.196	2.078	3
1787	2.0	1.863	2.039	2.118	3
1788	1.922	1.765	2.0	2.078	3
1789	1.98	1.863	2.02	1.941	3
1790	1.961	1.843	1.98	1.882	3
1791	1.902	1.804	2.039	1.902	3
1792	1.922	1.922	2.098	1.98	3
1793	1.902	1.941	2.078	2.039	3
1794	1.941	1.98	2.157	2.078	3
1795	1.961	2.0	2.157	2.078	3
1796	1.961	1.98	2.059	2.039	3
1797	1.941	1.922	2.039	1.98	3
1798	1.941	1.922	2.059	1.941	3
1799	1.961	1.98	2.098	1.922	3
1800	1.98	1.922	2.078	1.922	3
1801	2.0	1.882	2.137	1.98	3
1802	2.0	1.824	2.078	2.02	3
1803	2.059	1.882	2.157	2.059	3
1804	2.02	1.667	2.0	2.039	3
1805	1.922	1.686	2.0	1.961	3
1806	1.98	1.765	2.0	1.882	3
1807	1.98	1.686	2.02	1.863	3
1808	1.98	1.725	2.118	1.902	3
1809	2.02	1.824	2.078	1.98	3
1810	2.0	1.765	2.0	2.0	3
1811	2.0	1.725	1.98	1.961	3
1812	2.0	1.765	1.98	1.902	3
1813	1.961	1.804	1.961	1.902	3
1814	1.922	1.824	1.961	1.922	3
1815	2.0	1.882	2.039	1.922	3
1816	2.0	1.922	2.02	1.98	3
1817	2.0	1.922	2.078	2.039	3
1818	2.02	1.824	2.0	1.98	3
1819	1.98	1.765	2.039	1.902	3
1820	2.059	1.824	2.078	1.882	3
1821	2.0	1.667	1.941	1.882	3
1822	1.922	1.686	1.961	1.863	3
1823	1.98	1.745	2.02	1.882	3
1824	2.0	1.765	2.02	1.882	3
1825	1.98	1.686	1.98	1.922	3
1826	1.98	1.804	2.0	1.902	3
1827	2.0	1.843	1.98	1.902	3
1828	1.961	1.902	2.02	1.902	3
1829	1.961	1.843	2.02	1.902	3
1830	1.941	1.824	1.98	1.902	3
1831	1.922	1.824	1.98	1.882	3
1832	1.961	1.824	2.039	1.922	3
1833	2.0	1.902	2.059	1.961	3
1834	2.039	1.922	2.02	1.98	3
1835	2.0	1.824	1.98	1.941	3
1836	1.961	1.882	2.078	1.922	3
1837	2.039	2.039	2.176	2.0	3
1838	2.0	1.706	2.0	2.0	3
1839	1.902	1.627	2.0	1.961	3
1840	1.961	1.745	2.098	1.922	3
1841	2.0	1.627	2.078	1.941	3
1842	1.98	1.765	2.039	1.961	3
1843	2.02	1.941	2.059	1.902	3
1844	1.941	1.902	2.059	1.922	3
1845	1.922	1.961	2.078	1.941	3
1846	1.98	2.0	2.078	1.961	3
1847	1.941	1.902	2.118	1.961	3
1848	1.922	1.882	2.02	1.941	3
1849	1.922	1.902	2.0	1.941	3
1850	1.961	1.961	2.02	1.941	3
1851	1.961	1.961	1.961	1.902	3
1852	1.961	1.824	1.922	1.863	3
1853	1.922	1.843	2.02	1.882	3
1854	2.0	2.02	2.078	1.941	3
1855	2.02	2.0	2.0	2.02	3
1856	1.902	1.922	2.0	2.02	3
1857	1.843	1.902	2.098	2.039	3
1858	1.882	1.902	2.098	2.0	3
1859	1.961	1.843	2.0	1.941	3
1860	1.961	1.882	2.0	1.922	3
1861	1.922	1.922	2.0	1.922	3
1862	1.902	2.02	2.02	1.961	3
1863	1.961	2.118	2.098	2.0	3
1864	1.941	2.157	2.078	2.02	3
1865	1.922	2.118	2.039	2.0	3
1866	1.902	1.961	2.0	2.02	3
1867	1.922	2.0	2.039	2.0	3
1868	1.941	2.059	2.118	1.98	3
1869	1.98	2.0	2.137	1.961	3
1870	1.98	1.98	2.098	1.98	3
1871	2.02	2.039	2.098	2.137	3
1872	2.0	1.902	2.059	2.098	3
1873	1.882	1.882	2.078	2.0	3
1874	1.902	1.882	2.078	1.882	3
1875	1.961	1.804	2.039	1.804	3
1876	1.961	1.824	2.078	1.863	3
1877	1.98	2.0	2.098	1.941	3
1878	1.941	1.961	2.098	2.0	3
1879	1.902	1.902	2.137	2.118	3
1880	1.902	1.98	2.137	2.157	3
1881	1.882	1.941	2.02	2.059	3
1882	1.922	1.98	2.059	1.922	3
1883	1.98	2.098	2.196	1.882	3
1884	1.98	2.118	2.255	1.961	3
1885	1.941	2.039	2.059	2.078	3
1886	1.941	1.922	2.0	2.059	3
1887	1.922	1.824	2.039	2.039	3
1888	2.0	1.922	2.078	2.0	3
1889	2.039	1.843	2.059	2.0	3
1890	1.902	1.765	2.0	1.961	3
1891	1.922	1.765	2.02	1.922	3
1892	2.0	1.824	2.039	1.941	3
1893	1.961	1.784	2.0	1.961	3
1894	1.961	1.804	2.0	1.98	3
1895	1.98	1.902	2.039	1.941	3
1896	1.98	1.863	2.039	1.902	3
1897	2.0	1.863	2.0	1.902	3
1898	1.98	1.882	2.0	1.902	3
1899	1.961	1.941	2.039	1.941	3
1900	2.0	1.941	2.039	1.941	3
1901	2.02	1.922	2.039	1.98	3
1902	1.98	1.961	2.039	1.961	3
1903	1.961	1.824	2.0	1.922	3
1904	1.98	1.804	2.02	1.922	3
1905	2.098	1.941	2.098	1.902	3
1906	2.039	1.824	2.02	1.902	3
1907	1.941	1.725	2.02	1.882	3
1908	2.039	1.824	2.078	1.902	3
1909	2.039	1.745	2.039	1.902	3
1910	1.961	1.686	2.039	1.98	3
1911	1.961	1.824	2.039	2.0	3
1912	1.941	1.686	2.0	1.941	3
1913	1.961	1.647	2.059	1.882	3
1914	1.941	1.824	2.039	1.824	3
1915	2.02	1.98	2.0	1.863	3
1916	2.0	1.941	1.922	1.922	3
1917	1.922	1.902	1.922	1.961	3
1918	1.941	1.882	2.0	1.961	3
1919	1.98	1.843	2.059	1.902	3
1920	2.039	1.824	2.078	1.843	3
1921	1.941	1.804	2.02	1.882	3
1922	2.0	1.941	2.02	1.98	3
1923	2.0	1.863	1.941	2.039	3
1924	1.961	1.765	1.922	2.02	3
1925	1.961	1.843	2.02	1.922	3
1926	1.961	1.843	2.02	1.804	3
1927	1.961	1.804	1.98	1.725	3
1928	1.961	1.784	1.941	1.725	3
1929	1.961	1.843	2.0	1.863	3
1930	1.941	1.922	2.118	2.078	3
1931	1.941	1.922	2.078	2.196	3
1932	1.922	2.059	2.137	2.118	3
1933	1.98	2.118	2.098	1.941	3
1934	1.961	2.039	2.0	1.882	3
1935	1.922	1.882	2.078	1.941	3
1936	1.961	1.941	2.098	2.02	3
1937	1.961	1.863	2.0	2.02	3
1938	1.941	1.863	2.039	2.0	3
1939	1.961	2.039	2.098	2.0	3
1940	2.0	2.0	2.098	2.02	3
1941	1.902	1.882	2.039	2.02	3
1942	1.941	1.882	2.098	2.02	3
1943	1.98	1.863	2.078	2.0	3
1944	1.941	1.824	2.059	2.0	3
1945	1.922	1.922	2.098	2.0	3
1946	1.863	2.0	2.078	2.0	3
1947	1.922	1.98	2.059	2.02	3
1948	1.98	2.0	2.059	2.02	3
1949	2.0	1.961	1.98	2.0	3
1950	1.941	1.882	1.902	1.961	3
1951	1.941	1.902	1.902	1.882	3
1952	1.98	1.941	2.039	1.863	3
1953	1.922	2.02	2.078	1.922	3
1954	1.961	1.882	2.02	2.039	3
1955	2.0	1.804	1.961	2.098	3
1956	2.0	1.961	2.059	2.078	3
1957	2.02	1.882	2.039	2.0	3
1958	1.98	1.745	1.961	1.882	3
1959	1.941	1.784	1.961	1.863	3
1960	1.941	1.804	2.0	1.902	3
1961	1.941	1.804	2.078	2.0	3
1962	1.961	1.863	2.137	2.078	3
1963	1.961	1.882	2.118	2.059	3
1964	2.0	1.961	2.118	2.0	3
1965	1.98	1.961	2.118	1.941	3
1966	1.961	1.941	2.098	1.922	3
1967	1.941	1.922	2.098	1.961	3
1968	1.961	1.941	2.137	2.0	3
1969	2.0	1.961	2.118	1.98	3
1970	2.02	1.941	2.118	1.98	3
1971	1.902	2.0	2.216	2.039	3
1972	1.941	1.961	2.235	2.078	3
1973	2.059	2.0	2.157	2.078	3
1974	2.059	1.824	2.059	2.0	3
1975	1.902	1.706	2.039	1.941	3
1976	1.922	1.745	2.078	1.882	3
1977	1.98	1.804	2.157	1.863	3
1978	2.02	1.843	2.098	1.902	3
1979	2.02	1.922	2.098	1.922	3
1980	1.961	1.902	2.059	1.941	3
1981	1.922	1.804	2.02	1.961	3
1982	1.941	1.804	2.02	1.98	3
1983	1.961	1.902	2.039	1.98	3
1984	1.98	1.882	1.98	1.922	3
1985	2.0	1.902	2.02	1.902	3
1986	1.961	1.922	2.039	1.902	3
1987	1.961	1.961	1.961	1.863	3
1988	1.941	1.902	1.961	1.804	3
1989	1.98	1.745	1.98	1.902	3
1990	2.02	2.0	2.157	2.059	3
1991	2.059	1.882	2.039	2.157	3
1992	1.961	1.588	1.882	1.98	3
1993	1.941	1.647	1.922	1.784	3
1994	1.941	1.784	2.0	1.725	3
1995	1.941	1.804	2.02	1.765	3
1996	1.941	1.863	2.039	1.941	3
1997	1.941	1.843	1.941	2.0	3
1998	1.98	1.863	2.0	2.0	3
1999	1.961	1.961	2.059	2.0	3
