time	channel1	channel2	channel3	channel4	class
0	1.922	1.922	1.941	2.157	2
1	1.941	1.843	1.98	2.137	2
2	2.0	1.824	1.98	2.098	2
3	2.039	1.804	2.059	2.039	2
4	2.059	1.804	2.098	1.98	2
5	2.059	1.804	2.078	1.941	2
6	2.078	1.804	2.137	1.922	2
7	2.059	1.863	2.118	1.863	2
8	2.078	1.922	2.137	1.804	2
9	2.0	1.863	2.078	1.784	2
10	1.922	1.882	2.078	1.765	2
11	1.922	1.922	2.059	1.784	2
12	1.882	1.961	2.02	1.882	2
13	1.843	1.941	2.0	1.961	2
14	1.843	1.941	1.98	2.02	2
15	1.863	1.941	1.922	2.078	2
16	1.863	1.902	1.922	2.078	2
17	1.902	1.902	1.941	2.118	2
18	1.941	1.824	1.98	2.118	2
19	2.0	1.824	1.98	2.098	2
20	2.039	1.804	2.039	2.02	2
21	2.078	1.804	2.078	1.961	2
22	2.039	1.824	2.098	1.941	2
23	2.059	1.804	2.137	1.922	2
24	2.039	1.863	2.157	1.843	2
25	2.059	1.902	2.176	1.824	2
26	2.0	1.882	2.098	1.765	2
27	1.98	1.902	2.118	1.745	2
28	1.902	1.941	2.059	1.804	2
29	1.863	1.98	2.039	1.863	2
30	1.824	1.98	2.039	2.0	2
31	1.804	1.98	2.0	2.02	2
32	1.863	1.941	1.941	2.039	2
33	1.902	1.902	1.941	2.118	2
34	1.922	1.902	1.941	2.098	2
35	1.922	1.863	2.0	2.118	2
36	1.98	1.863	2.02	2.078	2
37	2.0	1.824	2.059	2.059	2
38	2.02	1.824	2.078	2.02	2
39	2.059	1.843	2.118	1.98	2
40	2.039	1.843	2.118	1.941	2
41	2.0	1.882	2.157	1.882	2
42	2.059	1.922	2.157	1.843	2
43	1.961	1.902	2.098	1.765	2
44	1.922	1.922	2.098	1.765	2
45	1.902	1.961	2.078	1.824	2
46	1.863	1.98	2.059	1.902	2
47	1.863	1.961	1.98	1.98	2
48	1.843	1.941	1.98	2.0	2
49	1.843	1.98	1.922	2.118	2
50	1.882	1.902	1.961	2.078	2
51	1.902	1.922	1.961	2.137	2
52	1.961	1.843	1.98	2.118	2
53	2.0	1.843	2.0	2.098	2
54	2.039	1.824	2.059	2.02	2
55	2.059	1.784	2.078	1.98	2
56	2.039	1.804	2.078	1.961	2
57	2.078	1.804	2.098	1.902	2
58	2.039	1.824	2.137	1.863	2
59	2.0	1.922	2.157	1.804	2
60	1.98	1.863	2.098	1.784	2
61	1.941	1.902	2.098	1.784	2
62	1.922	1.941	2.078	1.843	2
63	1.863	1.961	2.059	1.902	2
64	1.882	1.961	2.02	1.961	2
65	1.863	1.98	1.98	2.02	2
66	1.863	1.941	2.0	2.039	2
67	1.902	1.941	1.941	2.078	2
68	1.882	1.902	1.941	2.118	2
69	1.961	1.843	1.98	2.118	2
70	1.98	1.824	1.98	2.118	2
71	2.02	1.804	2.039	2.039	2
72	2.059	1.804	2.078	1.961	2
73	2.078	1.824	2.118	1.941	2
74	2.059	1.804	2.137	1.902	2
75	2.098	1.863	2.118	1.882	2
76	2.039	1.902	2.137	1.804	2
77	1.98	1.902	2.078	1.784	2
78	1.941	1.902	2.118	1.765	2
79	1.902	1.922	2.078	1.824	2
80	1.882	1.961	2.059	1.882	2
81	1.882	1.961	2.0	1.98	2
82	1.882	1.961	1.941	2.0	2
83	1.863	1.922	1.941	2.02	2
84	1.882	1.922	1.961	2.078	2
85	1.922	1.902	1.961	2.137	2
86	1.961	1.863	1.961	2.118	2
87	1.98	1.843	2.0	2.098	2
88	2.039	1.824	2.039	2.039	2
89	2.059	1.784	2.078	1.961	2
90	2.078	1.804	2.118	1.922	2
91	2.059	1.824	2.137	1.902	2
92	2.039	1.804	2.157	1.863	2
93	2.059	1.882	2.137	1.824	2
94	2.0	1.863	2.078	1.765	2
95	1.922	1.882	2.098	1.765	2
96	1.902	1.941	2.098	1.804	2
97	1.843	1.941	2.039	1.882	2
98	1.843	1.941	1.98	1.961	2
99	1.863	1.941	1.961	2.0	2
100	1.843	1.941	1.98	2.059	2
101	1.863	1.882	1.961	2.098	2
102	1.902	1.902	1.941	2.137	2
103	1.961	1.824	1.98	2.118	2
104	1.98	1.804	1.98	2.098	2
105	2.0	1.804	2.039	2.02	2
106	2.059	1.804	2.078	1.961	2
107	2.039	1.784	2.059	1.941	2
108	2.078	1.784	2.078	1.902	2
109	2.059	1.843	2.118	1.843	2
110	2.039	1.882	2.157	1.804	2
111	2.0	1.863	2.078	1.784	2
112	1.941	1.902	2.118	1.784	2
113	1.922	1.941	2.078	1.804	2
114	1.863	1.98	2.039	1.882	2
115	1.863	1.961	2.02	1.961	2
116	1.863	1.961	1.98	2.02	2
117	1.843	1.961	1.922	2.078	2
118	1.902	1.922	1.961	2.078	2
119	1.902	1.902	1.941	2.118	2
120	1.941	1.863	1.98	2.118	2
121	1.98	1.843	1.98	2.098	2
122	2.039	1.824	2.039	2.039	2
123	2.059	1.843	2.098	1.98	2
124	2.059	1.824	2.118	1.961	2
125	2.059	1.824	2.098	1.941	2
126	2.02	1.824	2.118	1.863	2
127	2.078	1.882	2.137	1.804	2
128	1.98	1.902	2.098	1.784	2
129	1.941	1.922	2.137	1.784	2
130	1.902	1.961	2.078	1.824	2
131	1.882	1.98	2.039	1.902	2
132	1.863	1.98	2.0	1.961	2
133	1.843	1.961	1.98	2.0	2
134	1.843	1.922	1.98	2.078	2
135	1.863	1.922	1.941	2.098	2
136	1.941	1.902	1.941	2.118	2
137	1.941	1.863	2.0	2.118	2
138	1.98	1.824	2.0	2.098	2
139	2.02	1.804	2.039	2.039	2
140	2.059	1.804	2.059	1.961	2
141	2.059	1.804	2.098	1.922	2
142	2.039	1.824	2.118	1.882	2
143	2.098	1.804	2.137	1.843	2
144	2.059	1.863	2.137	1.824	2
145	1.98	1.882	2.078	1.784	2
146	1.922	1.922	2.118	1.765	2
147	1.941	1.941	2.078	1.804	2
148	1.863	1.98	2.039	1.902	2
149	1.863	1.961	2.0	1.961	2
150	1.863	1.961	1.961	2.0	2
151	1.843	1.941	1.98	2.059	2
152	1.863	1.902	1.941	2.098	2
153	1.922	1.902	1.922	2.137	2
154	1.961	1.863	1.98	2.118	2
155	2.0	1.843	2.0	2.098	2
156	2.039	1.804	2.039	2.059	2
157	2.059	1.804	2.098	1.98	2
158	2.078	1.804	2.137	1.961	2
159	2.059	1.824	2.137	1.922	2
160	2.039	1.863	2.157	1.882	2
161	2.0	1.882	2.157	1.824	2
162	1.98	1.902	2.118	1.804	2
163	1.941	1.902	2.118	1.765	2
164	1.922	1.961	2.098	1.804	2
165	1.863	1.98	2.078	1.902	2
166	1.863	1.961	2.039	1.961	2
167	1.863	1.961	2.039	2.02	2
168	1.863	1.961	2.0	2.039	2
169	1.902	1.961	1.961	2.118	2
170	1.922	1.902	1.961	2.137	2
171	1.941	1.882	2.0	2.137	2
172	1.98	1.843	2.02	2.098	2
173	2.039	1.804	2.039	2.02	2
174	2.059	1.824	2.078	1.98	2
175	2.059	1.824	2.098	1.941	2
176	2.059	1.843	2.118	1.922	2
177	2.078	1.863	2.118	1.843	2
178	2.039	1.902	2.118	1.804	2
179	1.98	1.902	2.078	1.784	2
180	1.922	1.902	2.098	1.765	2
181	1.902	1.941	2.078	1.804	2
182	1.863	1.98	2.02	1.882	2
183	1.863	1.98	1.98	1.98	2
184	1.882	1.961	1.98	2.0	2
185	1.843	1.922	1.922	2.078	2
186	1.882	1.922	1.922	2.059	2
187	1.902	1.882	1.941	2.098	2
188	1.941	1.863	1.961	2.098	2
189	1.98	1.824	1.98	2.098	2
190	2.02	1.804	2.02	2.059	2
191	2.059	1.824	2.078	1.98	2
192	2.059	1.804	2.137	1.961	2
193	2.059	1.804	2.118	1.941	2
194	2.02	1.824	2.137	1.902	2
195	2.02	1.882	2.137	1.824	2
196	2.0	1.882	2.078	1.784	2
197	1.922	1.902	2.118	1.784	2
198	1.902	1.941	2.098	1.824	2
199	1.863	1.961	2.039	1.902	2
200	1.863	1.941	2.02	1.961	2
201	1.863	1.961	1.961	2.0	2
202	1.824	1.961	1.941	2.059	2
203	1.882	1.922	1.98	2.098	2
204	1.922	1.902	1.922	2.137	2
205	1.961	1.863	1.961	2.098	2
206	1.98	1.843	1.98	2.098	2
207	2.02	1.804	2.039	2.039	2
208	2.039	1.804	2.078	2.0	2
209	2.059	1.804	2.118	1.922	2
210	2.078	1.824	2.118	1.922	2
211	2.02	1.882	2.098	1.843	2
212	2.02	1.882	2.157	1.804	2
213	2.0	1.882	2.078	1.784	2
214	1.922	1.882	2.118	1.765	2
215	1.922	1.922	2.098	1.804	2
216	1.882	1.961	2.059	1.902	2
217	1.882	1.961	2.02	1.961	2
218	1.863	1.98	2.0	2.02	2
219	1.863	1.941	1.961	2.039	2
220	1.902	1.941	1.941	2.078	2
221	1.922	1.902	1.941	2.118	2
222	1.961	1.882	1.98	2.137	2
223	2.0	1.843	2.0	2.118	2
224	2.039	1.804	2.02	2.059	2
225	2.059	1.824	2.078	1.98	2
226	2.039	1.804	2.118	1.922	2
227	2.059	1.804	2.118	1.882	2
228	2.098	1.843	2.078	1.824	2
229	2.039	1.882	2.098	1.824	2
230	1.98	1.882	2.078	1.784	2
231	1.941	1.902	2.118	1.804	2
232	1.922	1.961	2.137	1.824	2
233	1.882	1.961	2.059	1.882	2
234	1.863	1.961	2.02	1.961	2
235	1.843	1.941	2.0	2.0	2
236	1.843	1.941	1.922	2.098	2
237	1.843	1.902	1.941	2.078	2
238	1.922	1.902	1.961	2.157	2
239	1.98	1.863	1.98	2.098	2
240	1.98	1.843	2.0	2.118	2
241	2.039	1.824	2.039	2.059	2
242	2.059	1.824	2.118	1.98	2
243	2.059	1.843	2.098	1.941	2
244	2.059	1.824	2.137	1.902	2
245	2.098	1.863	2.137	1.882	2
246	2.059	1.882	2.137	1.804	2
247	2.0	1.902	2.098	1.784	2
248	1.922	1.922	2.118	1.765	2
249	1.922	1.941	2.118	1.804	2
250	1.863	1.961	2.039	1.902	2
251	1.843	1.961	2.0	1.961	2
252	1.863	1.941	1.98	2.0	2
253	1.843	1.961	1.941	2.02	2
254	1.882	1.941	1.98	2.098	2
255	1.902	1.902	1.941	2.137	2
256	1.961	1.863	1.98	2.118	2
257	1.98	1.863	2.0	2.098	2
258	2.0	1.804	2.059	2.059	2
259	2.059	1.824	2.098	2.0	2
260	2.059	1.824	2.137	1.961	2
261	2.078	1.824	2.118	1.902	2
262	2.078	1.824	2.137	1.863	2
263	2.02	1.882	2.157	1.824	2
264	1.98	1.882	2.078	1.804	2
265	1.922	1.902	2.098	1.765	2
266	1.902	1.961	2.098	1.824	2
267	1.902	1.98	2.059	1.882	2
268	1.843	1.961	2.02	1.961	2
269	1.843	1.961	1.961	2.0	2
270	1.863	1.941	1.922	2.059	2
271	1.863	1.922	1.922	2.078	2
272	1.902	1.902	1.922	2.118	2
273	1.941	1.824	1.961	2.137	2
274	1.98	1.843	1.98	2.137	2
275	2.039	1.804	2.02	2.059	2
276	2.059	1.824	2.059	1.961	2
277	2.078	1.804	2.078	1.941	2
278	2.059	1.804	2.098	1.882	2
279	2.059	1.804	2.118	1.843	2
280	2.039	1.882	2.118	1.824	2
281	1.98	1.882	2.098	1.784	2
282	1.941	1.902	2.078	1.765	2
283	1.902	1.941	2.078	1.784	2
284	1.882	1.961	2.02	1.863	2
285	1.843	1.961	1.98	1.922	2
286	1.843	1.922	1.961	1.98	2
287	1.843	1.922	1.922	2.0	2
288	1.863	1.902	1.941	2.078	2
289	1.922	1.902	1.941	2.137	2
290	2.0	1.843	1.98	2.118	2
291	2.0	1.863	1.961	2.118	2
292	2.02	1.824	2.039	2.039	2
293	2.078	1.804	2.078	1.98	2
294	2.039	1.804	2.098	1.961	2
295	2.059	1.804	2.118	1.922	2
296	2.059	1.824	2.098	1.863	2
297	2.039	1.882	2.137	1.784	2
298	2.0	1.882	2.098	1.765	2
299	1.922	1.902	2.118	1.784	2
300	1.922	1.941	2.137	1.824	2
301	1.863	1.961	2.059	1.882	2
302	1.863	1.961	2.02	1.922	2
303	1.863	1.961	1.98	1.98	2
304	1.843	1.941	1.941	2.0	2
305	1.863	1.882	1.941	2.059	2
306	1.882	1.863	1.902	2.039	2
307	1.941	1.824	1.98	2.059	2
308	1.98	1.863	2.0	2.059	2
309	2.059	1.824	2.039	2.059	2
310	2.039	1.765	2.039	2.02	2
311	2.059	1.784	2.098	1.941	2
312	2.078	1.824	2.137	1.882	2
313	2.098	1.863	2.137	1.863	2
314	2.098	1.902	2.118	1.824	2
315	1.98	1.863	2.078	1.784	2
316	1.941	1.902	2.098	1.784	2
317	1.922	1.961	2.078	1.843	2
318	1.863	1.961	2.078	1.922	2
319	1.882	1.98	2.02	2.0	2
320	1.882	1.98	2.0	2.0	2
321	1.882	1.941	1.98	2.059	2
322	1.882	1.941	2.02	2.078	2
323	1.961	1.961	2.0	2.137	2
324	1.961	1.882	2.039	2.176	2
325	2.0	1.843	2.0	2.157	2
326	2.039	1.843	2.059	2.098	2
327	2.078	1.824	2.098	1.98	2
328	2.039	1.824	2.118	1.922	2
329	2.059	1.843	2.098	1.863	2
330	2.078	1.882	2.137	1.843	2
331	2.078	1.902	2.137	1.843	2
332	1.98	1.882	2.118	1.804	2
333	1.922	1.922	2.137	1.804	2
334	1.922	1.941	2.098	1.804	2
335	1.882	1.961	2.039	1.882	2
336	1.843	1.961	2.0	1.961	2
337	1.843	1.961	1.98	2.02	2
338	1.843	1.941	1.941	2.118	2
339	1.902	1.941	1.98	2.157	2
340	1.902	1.922	1.922	2.176	2
341	1.961	1.843	2.0	2.137	2
342	1.961	1.843	1.98	2.118	2
343	2.02	1.824	2.039	2.02	2
344	2.059	1.804	2.098	1.941	2
345	2.039	1.824	2.157	1.882	2
346	2.039	1.804	2.196	1.824	2
347	2.059	1.843	2.078	1.784	2
348	2.02	1.843	2.078	1.765	2
349	1.98	1.863	2.098	1.784	2
350	1.922	1.922	2.137	1.804	2
351	1.922	1.941	2.118	1.824	2
352	1.882	1.961	2.059	1.863	2
353	1.882	1.961	2.0	1.902	2
354	1.843	1.961	1.98	1.941	2
355	1.882	1.961	1.941	2.0	2
356	1.863	1.941	1.922	2.039	2
357	1.882	1.863	1.882	2.098	2
358	1.961	1.843	1.941	2.157	2
359	1.98	1.863	1.98	2.137	2
360	2.02	1.843	2.039	2.098	2
361	2.059	1.824	2.059	2.02	2
362	2.02	1.804	2.098	1.98	2
363	2.039	1.824	2.059	1.902	2
364	2.0	1.804	2.059	1.765	2
365	2.0	1.863	2.078	1.686	2
366	1.98	1.863	2.059	1.667	2
367	1.941	1.902	2.098	1.725	2
368	1.882	1.941	2.039	1.863	2
369	1.824	1.902	2.0	1.941	2
370	1.824	1.941	1.98	2.039	2
371	1.863	1.941	1.941	1.98	2
372	1.863	1.922	1.941	1.863	2
373	1.863	1.922	1.902	1.961	2
374	1.882	1.843	1.882	2.059	2
375	1.863	1.765	1.882	2.137	2
376	1.941	1.804	1.941	2.216	2
377	2.02	1.824	2.02	2.118	2
378	2.039	1.804	2.0	1.941	2
379	2.02	1.765	2.039	1.843	2
380	2.118	1.843	2.196	1.902	2
381	2.118	1.902	2.216	1.98	2
382	2.059	1.882	2.118	1.941	2
383	1.922	1.843	2.039	1.824	2
384	1.902	1.902	2.078	1.725	2
385	1.902	1.941	2.098	1.765	2
386	1.882	1.98	2.039	1.863	2
387	1.843	1.961	2.0	2.0	2
388	1.863	1.941	1.98	2.196	2
389	1.863	1.98	1.922	2.255	2
390	1.843	1.941	1.922	2.216	2
391	1.804	1.882	1.922	2.098	2
392	2.039	1.922	2.118	2.059	2
393	2.078	1.922	2.118	2.098	2
394	2.059	1.804	2.059	2.078	2
395	2.059	1.824	2.059	2.059	2
396	2.039	1.843	2.078	1.98	2
397	2.039	1.804	2.078	1.941	2
398	2.0	1.804	2.059	1.804	2
399	2.098	1.941	2.137	1.706	2
400	2.059	1.98	2.157	1.706	2
401	1.961	1.922	2.157	1.804	2
402	1.922	1.882	2.098	1.863	2
403	1.902	1.98	2.098	1.725	2
404	1.902	2.039	2.098	1.647	2
405	1.922	2.02	2.0	1.686	2
406	1.863	1.941	1.941	1.843	2
407	1.843	1.804	1.804	2.078	2
408	1.922	1.824	1.922	2.157	2
409	1.961	1.902	2.039	2.098	2
410	1.98	1.863	2.02	2.098	2
411	2.02	1.824	2.059	2.098	2
412	2.02	1.765	1.98	1.961	2
413	2.078	1.804	2.137	1.804	2
414	2.137	1.922	2.275	1.843	2
415	2.098	1.843	2.216	2.0	2
416	2.0	1.863	2.118	2.078	2
417	1.941	1.863	2.078	2.02	2
418	1.922	1.922	2.137	1.902	2
419	1.902	1.941	2.098	1.824	2
420	1.843	1.902	2.059	1.902	2
421	1.843	1.941	2.039	2.078	2
422	1.882	2.02	2.098	2.176	2
423	1.902	2.039	2.059	2.294	2
424	1.882	1.941	1.98	2.333	2
425	1.843	1.863	1.843	2.235	2
426	1.882	1.745	1.863	2.078	2
427	1.941	1.725	1.843	2.039	2
428	2.02	1.784	1.961	2.02	2
429	2.078	1.863	2.137	2.059	2
430	2.078	1.843	2.118	2.098	2
431	2.02	1.784	2.039	2.02	2
432	1.98	1.765	1.941	1.706	2
433	1.98	1.765	1.98	1.49	2
434	1.941	1.804	2.0	1.549	2
435	1.98	2.039	2.255	1.765	2
436	2.039	2.078	2.216	2.0	2
437	1.863	2.0	1.98	2.098	2
438	1.784	1.902	1.863	1.98	2
439	1.843	1.902	1.922	1.824	2
440	1.922	1.961	2.02	1.725	2
441	1.98	1.98	1.98	1.843	2
442	1.961	2.0	1.98	2.02	2
443	1.98	1.902	2.02	2.157	2
444	2.0	1.882	1.961	2.275	2
445	2.039	1.843	2.098	2.176	2
446	2.176	1.961	2.294	2.176	2
447	2.157	1.863	2.216	2.078	2
448	2.02	1.784	2.098	2.02	2
449	2.098	1.863	2.039	1.961	2
450	2.059	1.922	2.118	1.902	2
451	2.078	1.882	2.137	1.706	2
452	2.0	1.902	2.216	1.529	2
453	1.941	1.941	2.059	1.471	2
454	1.843	1.961	2.02	1.686	2
455	1.824	1.961	2.02	2.078	2
456	1.824	1.902	2.0	2.431	2
457	1.843	1.922	2.0	2.49	2
458	1.902	1.922	1.98	2.176	2
459	1.941	1.882	1.961	1.922	2
460	1.961	1.863	2.039	1.784	2
461	1.98	1.824	2.0	1.824	2
462	1.961	1.706	1.98	1.863	2
463	2.0	1.784	2.059	1.863	2
464	2.059	1.804	2.118	1.98	2
465	2.02	1.804	2.078	2.059	2
466	2.059	1.961	2.196	1.941	2
467	2.078	1.98	2.255	1.882	2
468	2.059	1.882	2.098	1.843	2
469	1.941	1.941	2.176	1.843	2
470	1.961	1.941	2.098	1.804	2
471	1.843	2.0	2.078	1.824	2
472	1.882	2.078	2.098	1.863	2
473	1.902	1.98	2.0	2.0	2
474	1.843	1.941	1.882	2.255	2
475	1.824	1.941	1.98	2.275	2
476	1.922	2.039	2.0	2.216	2
477	2.0	1.941	2.02	2.059	2
478	2.0	1.843	1.922	1.98	2
479	2.0	1.706	1.941	1.902	2
480	2.039	1.745	2.078	1.843	2
481	2.039	1.882	2.157	1.902	2
482	2.059	1.882	2.098	2.0	2
483	1.98	1.804	2.02	2.0	2
484	1.98	1.941	2.118	1.922	2
485	1.98	1.863	1.961	1.804	2
486	1.882	1.706	1.804	1.569	2
487	1.902	1.882	2.02	1.431	2
488	1.941	2.078	2.098	1.608	2
489	1.863	1.882	1.843	1.882	2
490	1.765	1.745	1.627	1.98	2
491	1.745	1.804	1.843	1.961	2
492	1.863	2.098	2.02	2.039	2
493	1.882	1.961	1.804	2.196	2
494	1.882	1.725	1.745	2.314	2
495	1.941	1.745	1.882	2.196	2
496	2.118	1.902	2.176	1.902	2
497	2.137	1.882	2.098	1.725	2
498	1.961	1.647	1.922	1.667	2
499	1.922	1.667	1.941	1.765	2
500	1.961	1.804	2.039	1.98	2
501	1.98	1.902	2.059	2.059	2
502	1.882	1.902	2.098	1.902	2
503	1.902	1.863	2.157	1.863	2
504	1.961	2.0	2.294	1.98	2
505	2.02	2.176	2.333	2.098	2
506	1.882	1.961	2.02	2.196	2
507	1.745	1.863	1.902	2.118	2
508	1.784	1.882	1.882	1.98	2
509	1.824	1.863	1.902	1.725	2
510	1.882	1.922	1.922	1.627	2
511	1.961	1.882	2.039	1.882	2
512	2.0	1.784	2.078	2.294	2
513	2.059	1.824	2.216	2.49	2
514	2.137	1.882	2.275	2.49	2
515	2.118	1.882	2.196	2.255	2
516	2.02	1.745	2.078	1.902	2
517	2.059	1.765	2.157	1.627	2
518	2.098	1.941	2.216	1.373	2
519	2.02	1.902	2.176	1.373	2
520	1.961	1.961	2.255	1.667	2
521	1.98	2.039	2.216	2.0	2
522	1.824	1.941	1.902	2.176	2
523	1.745	1.784	1.745	2.176	2
524	1.725	1.824	1.745	1.941	2
525	1.804	1.961	1.882	1.804	2
526	2.059	2.157	2.216	2.059	2
527	2.039	2.078	2.118	2.49	2
528	1.98	1.922	2.02	2.588	2
529	1.863	1.804	1.824	2.627	2
530	1.843	1.627	1.765	2.412	2
531	1.941	1.627	1.804	1.824	2
532	2.0	1.725	1.98	1.49	2
533	2.176	1.941	2.275	1.471	2
534	2.176	1.902	2.176	1.784	2
535	2.0	1.745	2.0	2.373	2
536	1.922	1.784	1.98	2.745	2
537	1.922	1.824	2.078	2.431	2
538	1.922	1.941	2.196	1.745	2
539	2.039	2.098	2.373	1.412	2
540	2.059	2.059	2.157	1.647	2
541	1.941	2.0	2.059	2.02	2
542	1.902	1.98	2.039	2.196	2
543	1.882	1.843	1.824	2.176	2
544	1.941	1.843	1.804	1.961	2
545	2.059	1.882	1.961	1.686	2
546	2.059	1.902	2.137	1.647	2
547	2.098	1.824	2.078	1.765	2
548	2.039	1.784	2.098	1.922	2
549	2.118	1.941	2.294	2.059	2
550	2.176	1.98	2.314	2.196	2
551	2.098	1.804	2.098	2.02	2
552	2.0	1.725	1.98	1.588	2
553	1.961	1.765	1.961	1.098	2
554	1.941	1.902	2.137	0.961	2
555	2.02	2.02	2.235	1.431	2
556	1.961	1.98	2.157	2.02	2
557	1.804	1.941	2.078	2.373	2
558	1.784	1.941	2.039	2.333	2
559	1.804	1.922	1.98	2.137	2
560	1.882	2.059	2.098	1.98	2
561	1.922	1.882	1.922	2.02	2
562	1.902	1.804	2.0	2.118	2
563	2.02	1.863	2.039	2.157	2
564	2.078	1.902	2.216	2.157	2
565	2.196	1.98	2.373	2.059	2
566	2.118	1.843	2.137	1.882	2
567	1.922	1.706	2.039	1.784	2
568	1.98	1.824	2.118	1.843	2
569	1.98	1.941	2.196	1.941	2
570	2.039	2.059	2.235	1.961	2
571	1.98	2.02	2.137	1.98	2
572	1.922	1.961	2.137	2.059	2
573	1.882	1.941	2.02	2.078	2
574	1.804	1.902	1.941	1.961	2
575	1.824	1.98	1.961	1.706	2
576	1.824	2.02	1.902	1.608	2
577	1.882	2.0	1.961	1.961	2
578	1.98	2.039	2.0	2.392	2
579	1.961	1.863	1.98	2.529	2
580	1.961	1.824	1.863	2.294	2
581	1.941	1.765	1.902	1.941	2
582	1.961	1.745	1.941	1.686	2
583	2.02	1.725	2.0	1.608	2
584	2.059	1.765	2.137	1.784	2
585	2.118	1.941	2.235	2.078	2
586	2.02	1.922	2.098	2.314	2
587	1.902	1.784	1.941	2.275	2
588	1.784	1.745	1.902	2.157	2
589	1.745	1.725	1.941	1.902	2
590	1.765	1.843	1.961	1.451	2
591	1.843	1.961	2.059	1.176	2
592	2.098	2.157	2.314	1.51	2
593	1.961	1.961	1.961	2.216	2
594	1.627	1.843	1.824	2.784	2
595	1.804	1.961	1.941	2.941	2
596	1.922	1.941	1.961	2.451	2
597	1.98	1.941	1.941	1.725	2
598	2.0	1.843	1.922	1.373	2
599	2.0	1.882	2.098	1.471	2
600	2.078	2.02	2.196	1.725	2
601	2.098	2.02	2.275	2.039	2
602	2.176	2.118	2.373	2.176	2
603	2.157	2.118	2.216	2.137	2
604	1.98	2.02	2.059	1.843	2
605	1.863	1.98	1.98	1.373	2
606	1.804	2.0	1.941	0.961	2
607	1.843	2.098	2.02	1.294	2
608	1.804	2.137	2.039	2.0	2
609	1.843	2.137	2.137	2.51	2
610	2.0	2.216	2.137	2.529	2
611	1.941	2.02	1.882	2.157	2
612	1.804	1.902	1.765	2.02	2
613	1.922	1.843	1.961	2.039	2
614	2.039	2.02	2.059	1.922	2
615	2.0	1.922	2.02	1.804	2
616	2.02	1.824	2.0	1.882	2
617	2.078	1.824	2.078	2.118	2
618	2.176	2.0	2.294	2.314	2
619	2.176	1.863	2.137	2.275	2
620	2.059	1.922	2.137	2.02	2
621	2.039	1.922	2.078	1.765	2
622	1.941	2.0	2.157	1.588	2
623	1.941	2.059	2.137	1.627	2
624	1.882	1.902	1.98	1.922	2
625	1.784	1.765	1.902	2.255	2
626	1.843	1.961	2.098	2.353	2
627	1.902	2.039	2.098	2.196	2
628	1.902	2.039	2.118	2.098	2
629	1.922	1.882	1.961	2.098	2
630	1.902	1.765	1.882	2.157	2
631	1.902	1.725	1.784	2.137	2
632	1.941	1.667	1.98	2.137	2
633	2.02	1.745	2.039	1.922	2
634	2.059	1.804	2.216	1.667	2
635	2.137	1.824	2.216	1.725	2
636	1.98	1.627	1.902	1.941	2
637	1.843	1.667	2.02	2.098	2
638	2.039	1.863	2.176	2.196	2
639	2.02	1.941	2.196	1.804	2
640	1.922	1.941	2.078	1.353	2
641	1.863	1.902	2.039	1.353	2
642	1.863	1.863	1.961	1.745	2
643	1.824	1.824	1.882	2.137	2
644	1.863	1.824	1.902	2.471	2
645	1.882	1.784	1.863	2.392	2
646	1.941	1.882	2.098	2.137	2
647	2.137	1.98	2.235	2.0	2
648	2.078	1.824	2.0	1.922	2
649	2.0	1.647	1.902	1.902	2
650	2.059	1.725	2.059	2.02	2
651	2.176	1.863	2.216	2.216	2
652	2.176	1.804	2.137	2.314	2
653	2.157	1.725	1.98	2.255	2
654	2.059	1.745	1.961	1.961	2
655	1.961	1.804	2.02	1.686	2
656	1.961	1.824	2.157	1.804	2
657	1.961	1.824	2.098	1.824	2
658	1.98	1.922	2.216	1.961	2
659	1.961	2.098	2.353	2.157	2
660	1.863	1.941	1.98	2.157	2
661	1.784	1.745	1.745	2.059	2
662	1.863	1.784	1.941	2.02	2
663	1.941	1.824	1.961	2.137	2
664	1.922	1.804	2.02	2.196	2
665	1.922	1.804	2.0	2.137	2
666	1.922	1.686	1.98	1.961	2
667	1.922	1.627	2.02	1.745	2
668	1.941	1.745	2.176	1.647	2
669	2.02	1.902	2.431	1.745	2
670	2.078	2.02	2.294	1.824	2
671	1.961	1.725	1.961	1.784	2
672	1.902	1.725	2.0	1.706	2
673	1.882	1.765	2.059	1.667	2
674	1.863	1.863	2.059	1.706	2
675	1.725	1.941	2.059	1.922	2
676	1.804	2.039	2.157	2.0	2
677	1.824	1.882	1.863	1.824	2
678	1.843	1.922	2.0	1.824	2
679	2.039	2.078	2.098	1.922	2
680	1.941	1.902	1.843	2.118	2
681	1.922	1.784	1.824	2.275	2
682	1.922	1.765	1.843	2.314	2
683	2.02	1.667	1.922	2.118	2
684	2.137	1.882	2.235	2.02	2
685	2.255	2.0	2.294	1.902	2
686	2.176	1.784	2.176	1.765	2
687	2.118	1.882	2.176	1.627	2
688	2.098	1.961	2.176	1.686	2
689	2.098	1.863	2.02	1.882	2
690	1.98	1.784	1.961	2.098	2
691	1.902	1.902	2.039	2.098	2
692	1.902	2.0	2.039	2.0	2
693	1.843	1.961	2.039	1.843	2
694	1.961	1.98	2.157	1.667	2
695	1.98	2.0	2.098	1.706	2
696	1.882	1.922	2.02	2.02	2
697	1.863	1.941	1.98	2.431	2
698	1.941	1.843	1.922	2.569	2
699	1.98	1.804	1.882	2.392	2
700	2.0	1.784	2.039	2.078	2
701	2.059	1.804	2.118	1.882	2
702	2.02	1.843	2.176	1.902	2
703	2.059	1.922	2.216	2.0	2
704	2.059	1.843	2.176	2.039	2
705	2.0	1.863	2.118	1.922	2
706	2.0	1.902	2.098	1.804	2
707	1.941	1.941	2.098	1.686	2
708	1.902	1.922	2.059	1.667	2
709	1.843	1.941	2.059	1.765	2
710	1.843	1.961	2.02	1.863	2
711	1.863	1.922	2.0	1.98	2
712	1.843	1.941	1.922	2.157	2
713	1.784	1.902	1.922	2.314	2
714	1.863	1.961	1.922	2.235	2
715	1.941	1.843	1.824	1.824	2
716	1.922	1.804	1.843	1.647	2
717	2.02	1.667	1.804	1.647	2
718	2.0	1.647	1.922	1.706	2
719	2.098	1.961	2.235	1.961	2
720	2.098	1.922	2.216	2.157	2
721	1.98	1.843	2.059	2.157	2
722	1.922	1.784	1.961	2.059	2
723	2.02	1.882	2.0	1.941	2
724	1.941	1.804	1.922	1.686	2
725	1.941	1.863	2.078	1.588	2
726	2.0	2.137	2.353	1.647	2
727	1.961	2.137	2.176	2.059	2
728	1.843	1.98	1.961	2.431	2
729	1.804	1.863	1.902	2.451	2
730	1.843	1.843	1.882	2.118	2
731	1.922	1.902	1.902	1.784	2
732	2.0	1.843	1.98	1.706	2
733	2.059	1.98	2.216	2.098	2
734	2.157	2.02	2.294	2.49	2
735	2.137	1.902	2.196	2.49	2
736	2.098	1.804	2.137	2.137	2
737	2.059	1.765	2.078	1.765	2
738	2.02	1.863	2.098	1.569	2
739	2.059	1.863	2.059	1.667	2
740	1.941	1.824	1.98	1.804	2
741	1.902	1.922	2.039	1.804	2
742	1.922	1.98	2.176	1.922	2
743	1.961	1.98	2.098	2.039	2
744	1.765	1.902	2.0	1.922	2
745	1.804	2.0	2.216	1.882	2
746	1.863	1.98	2.02	1.98	2
747	1.824	1.863	1.765	2.176	2
748	1.804	1.784	1.706	2.216	2
749	1.882	1.843	1.882	2.137	2
750	1.961	1.882	1.98	2.039	2
751	2.0	1.902	2.118	1.941	2
752	2.059	1.863	2.137	1.843	2
753	2.039	1.745	2.078	1.824	2
754	2.039	1.784	2.196	1.745	2
755	2.118	1.882	2.176	1.765	2
756	2.0	1.824	2.098	1.804	2
757	2.02	1.941	2.196	1.843	2
758	1.961	1.961	2.196	1.863	2
759	1.941	2.02	2.196	1.824	2
760	1.882	1.961	2.039	1.902	2
761	1.863	1.882	1.98	1.961	2
762	1.902	1.98	2.0	2.078	2
763	1.902	1.98	2.0	2.078	2
764	1.882	1.922	1.922	2.0	2
765	1.882	1.941	1.882	1.922	2
766	1.902	1.824	1.863	2.02	2
767	1.922	1.667	1.765	2.196	2
768	1.961	1.784	2.039	2.196	2
769	2.078	1.784	2.039	2.137	2
770	2.059	1.667	2.137	2.02	2
771	2.216	1.941	2.333	1.922	2
772	2.078	1.804	2.0	1.765	2
773	1.863	1.686	1.824	1.569	2
774	1.902	1.765	1.902	1.51	2
775	1.922	1.902	2.098	1.784	2
776	1.922	1.922	2.098	2.196	2
777	1.843	1.882	2.078	2.196	2
778	1.843	1.961	2.137	1.843	2
779	1.902	1.941	2.039	1.686	2
780	1.922	1.882	1.98	1.941	2
781	2.039	1.882	1.98	2.353	2
782	2.0	1.98	1.98	2.529	2
783	1.98	1.922	1.98	2.255	2
784	1.902	1.843	1.98	1.863	2
785	2.0	1.784	2.059	1.667	2
786	2.059	1.843	2.039	1.745	2
787	2.098	1.784	2.078	1.961	2
788	2.118	1.824	2.196	2.098	2
789	2.176	1.941	2.333	2.176	2
790	2.137	2.059	2.294	2.118	2
791	2.039	1.961	2.039	1.784	2
792	1.882	1.863	2.039	1.51	2
793	1.863	1.863	1.98	1.392	2
794	1.843	1.863	2.02	1.569	2
795	1.882	2.039	2.157	1.843	2
796	1.863	1.98	2.078	2.137	2
797	1.843	1.961	1.98	2.392	2
798	1.843	1.922	1.961	2.392	2
799	1.824	1.843	1.863	2.314	2
800	1.843	1.745	1.863	2.098	2
801	1.922	1.706	1.922	1.941	2
802	2.078	1.843	2.176	1.961	2
803	2.196	1.882	2.255	2.059	2
804	2.02	1.804	2.039	2.078	2
805	1.961	1.804	2.078	2.039	2
806	2.02	1.863	2.078	1.922	2
807	2.02	1.922	2.078	1.902	2
808	2.02	1.843	2.02	1.961	2
809	1.922	1.824	2.059	1.98	2
810	1.961	1.961	2.118	1.863	2
811	1.882	2.137	2.118	1.569	2
812	1.882	2.098	2.059	1.51	2
813	1.902	1.961	2.0	1.902	2
814	1.941	2.137	2.176	2.314	2
815	1.961	2.039	1.98	2.392	2
816	1.843	1.863	1.686	2.216	2
817	1.863	1.765	1.784	2.02	2
818	1.902	1.824	1.882	1.863	2
819	1.922	1.804	2.02	1.804	2
820	2.02	1.922	2.157	1.902	2
821	2.118	1.922	2.196	2.039	2
822	2.098	1.863	2.235	2.059	2
823	2.078	1.784	2.118	2.039	2
824	2.039	1.902	2.157	2.0	2
825	2.0	2.0	2.078	1.725	2
826	1.843	1.843	2.059	1.431	2
827	1.902	1.922	2.078	1.431	2
828	1.863	1.98	2.118	1.784	2
829	1.902	2.059	2.118	2.137	2
830	1.882	2.0	2.02	2.235	2
831	1.863	1.902	1.961	2.078	2
832	1.902	1.98	1.961	1.961	2
833	1.941	1.961	1.98	1.922	2
834	2.0	1.882	2.078	2.039	2
835	2.059	1.902	2.137	2.098	2
836	2.078	1.922	2.098	2.059	2
837	2.039	1.784	2.059	1.98	2
838	2.02	1.784	2.098	1.902	2
839	2.059	1.843	2.157	1.843	2
840	2.059	1.843	2.176	1.804	2
841	2.098	1.941	2.157	1.804	2
842	2.039	1.922	2.078	1.765	2
843	1.922	1.882	2.0	1.627	2
844	1.843	1.804	1.922	1.549	2
845	1.784	1.784	1.902	1.667	2
846	1.824	1.961	2.078	1.98	2
847	1.843	2.118	2.235	2.216	2
848	1.843	2.039	2.059	2.392	2
849	1.863	1.863	1.863	2.431	2
850	1.784	1.706	1.647	2.137	2
851	1.824	1.765	1.725	1.804	2
852	1.824	1.765	1.765	1.784	2
853	1.902	1.784	1.98	1.922	2
854	2.059	1.745	2.157	2.039	2
855	2.157	1.824	2.235	2.118	2
856	2.059	1.824	2.196	2.196	2
857	1.902	1.922	2.098	2.176	2
858	1.941	1.922	2.078	2.098	2
859	1.961	1.804	1.922	1.863	2
860	1.941	1.824	1.98	1.686	2
861	1.98	1.922	2.059	1.745	2
862	1.922	1.98	2.059	1.843	2
863	2.0	1.961	2.098	1.863	2
864	1.902	1.941	2.078	1.941	2
865	1.824	2.0	2.059	2.02	2
866	1.941	2.02	2.059	2.098	2
867	1.961	2.039	2.0	2.235	2
868	2.098	1.902	1.902	2.275	2
869	2.059	1.745	1.765	2.118	2
870	2.02	1.686	1.863	1.902	2
871	2.0	1.686	2.0	1.863	2
872	2.078	1.745	2.176	1.882	2
873	2.157	1.941	2.51	1.902	2
874	2.294	2.118	2.51	1.902	2
875	2.078	1.843	2.039	1.961	2
876	1.882	1.745	1.902	1.941	2
877	1.902	1.765	2.039	1.902	2
878	1.902	1.863	2.118	1.843	2
879	1.882	1.941	2.118	1.824	2
880	1.784	1.922	2.059	1.863	2
881	1.843	2.0	2.078	1.98	2
882	1.863	1.922	1.902	2.078	2
883	1.843	1.941	1.98	2.137	2
884	2.078	2.059	2.078	2.294	2
885	1.961	1.784	1.922	2.235	2
886	1.882	1.725	1.902	2.137	2
887	1.98	1.765	2.02	2.0	2
888	2.039	1.882	2.157	1.961	2
889	2.137	1.922	2.176	2.02	2
890	2.059	1.765	2.059	1.961	2
891	2.0	1.608	1.98	1.765	2
892	2.039	1.824	2.078	1.569	2
893	2.059	1.961	2.176	1.608	2
894	1.961	1.98	2.176	1.824	2
895	1.902	1.902	2.118	1.98	2
896	1.843	1.941	2.078	1.98	2
897	1.804	1.863	1.941	1.824	2
898	1.784	1.843	1.961	1.784	2
899	1.784	1.882	2.0	1.922	2
900	1.882	1.98	2.059	2.118	2
901	1.902	1.98	1.941	2.196	2
902	1.922	1.824	1.941	2.157	2
903	1.98	1.824	1.922	2.098	2
904	1.941	1.706	1.961	2.0	2
905	2.02	1.765	2.059	1.961	2
906	2.059	1.843	2.137	1.941	2
907	2.098	1.863	2.118	1.882	2
908	2.039	1.843	2.137	1.843	2
909	2.059	1.922	2.157	1.843	2
910	1.98	1.863	2.0	1.863	2
911	1.902	1.824	2.02	1.824	2
912	1.941	1.961	2.118	1.765	2
913	1.882	2.059	2.059	1.784	2
914	1.843	2.02	1.98	1.941	2
915	1.804	1.922	1.843	2.157	2
916	1.784	1.843	1.804	2.157	2
917	1.745	1.922	1.961	2.059	2
918	2.02	2.098	2.118	2.039	2
919	2.059	2.02	1.98	1.902	2
920	1.902	1.824	1.804	1.784	2
921	1.922	1.725	1.843	1.882	2
922	2.02	1.843	2.039	2.039	2
923	2.098	1.98	2.216	2.176	2
924	2.078	1.922	2.059	2.157	2
925	1.922	1.745	1.902	1.843	2
926	1.941	1.804	1.98	1.51	2
927	1.961	1.863	1.941	1.333	2
928	2.0	1.941	2.157	1.608	2
929	2.02	2.137	2.275	1.98	2
930	1.922	2.098	2.078	2.176	2
931	1.824	2.02	2.0	2.078	2
932	1.882	1.941	1.941	1.922	2
933	1.843	1.922	1.922	1.882	2
934	1.941	2.059	2.118	2.078	2
935	2.039	1.961	1.902	2.373	2
936	1.882	1.784	1.804	2.137	2
937	1.961	1.882	2.0	2.02	2
938	2.098	1.941	2.098	2.137	2
939	2.098	1.902	2.196	2.216	2
940	2.176	1.98	2.333	2.294	2
941	2.176	1.941	2.373	2.255	2
942	2.137	1.784	2.235	2.078	2
943	2.059	1.863	2.137	1.745	2
944	2.0	1.902	2.059	1.647	2
945	1.902	1.843	2.078	1.725	2
946	1.882	1.902	2.235	1.882	2
947	1.922	2.118	2.294	1.882	2
948	1.863	2.059	2.157	1.961	2
949	1.843	1.843	2.039	2.118	2
950	1.824	1.843	1.941	2.216	2
951	1.922	1.902	2.02	2.216	2
952	2.0	2.0	2.059	2.216	2
953	2.0	1.941	2.039	2.176	2
954	1.922	1.863	1.961	2.157	2
955	1.941	1.784	2.039	2.059	2
956	2.039	1.804	2.039	1.863	2
957	2.059	1.804	2.02	1.647	2
958	2.098	1.784	2.118	1.667	2
959	2.176	1.941	2.333	1.882	2
960	2.196	1.922	2.176	2.059	2
961	1.961	1.804	1.961	2.039	2
962	1.902	1.843	2.039	1.902	2
963	1.882	1.882	2.039	1.765	2
964	1.863	1.98	2.078	1.725	2
965	1.882	1.941	2.02	1.725	2
966	1.863	1.902	2.039	1.706	2
967	1.882	1.922	2.02	1.863	2
968	1.863	1.804	1.804	2.176	2
969	1.882	1.902	1.843	2.314	2
970	1.902	1.843	1.902	2.255	2
971	1.961	1.804	1.941	2.059	2
972	2.0	1.706	1.961	1.824	2
973	2.02	1.745	2.02	1.667	2
974	2.039	1.765	2.059	1.647	2
975	1.98	1.725	2.0	1.843	2
976	1.941	1.686	2.0	1.961	2
977	1.98	1.902	2.176	1.941	2
978	2.078	1.922	2.176	1.863	2
979	2.0	1.824	2.098	1.804	2
980	1.902	1.882	1.98	1.706	2
981	1.804	1.882	1.961	1.667	2
982	1.725	1.843	2.039	1.784	2
983	1.863	1.863	2.039	2.0	2
984	1.882	1.922	2.02	2.216	2
985	1.922	1.922	2.039	2.255	2
986	1.941	1.922	1.961	2.235	2
987	1.941	1.784	1.902	2.039	2
988	1.961	1.804	1.98	1.922	2
989	2.039	1.843	2.098	1.98	2
990	2.039	1.824	2.157	2.118	2
991	2.039	1.882	2.216	2.216	2
992	2.059	1.843	2.196	2.235	2
993	2.0	1.784	2.078	2.039	2
994	2.02	1.804	2.02	1.765	2
995	2.0	1.765	1.922	1.569	2
996	1.922	1.902	2.078	1.51	2
997	2.02	2.098	2.275	1.627	2
998	1.902	2.02	2.098	1.824	2
999	1.784	1.941	2.02	2.078	2
1000	1.824	1.941	1.961	2.235	2
1001	1.882	2.078	2.0	2.275	2
1002	1.902	2.039	1.941	2.157	2
1003	1.922	1.863	1.784	2.0	2
1004	1.961	1.745	1.863	1.863	2
1005	1.98	1.765	1.843	1.843	2
1006	1.98	1.745	1.98	1.882	2
1007	2.078	1.902	2.157	2.039	2
1008	2.196	1.98	2.255	2.118	2
1009	2.275	1.98	2.333	2.098	2
1010	2.216	2.02	2.314	1.922	2
1011	2.02	1.863	2.098	1.686	2
1012	1.922	1.725	1.941	1.667	2
1013	1.882	1.824	2.059	1.745	2
1014	1.941	2.02	2.196	1.843	2
1015	1.902	2.059	2.176	1.98	2
1016	1.902	2.0	2.039	2.078	2
1017	1.863	1.941	2.02	2.039	2
1018	1.902	2.0	2.059	2.176	2
1019	1.941	2.039	2.039	2.176	2
1020	1.843	1.863	1.882	2.098	2
1021	1.804	1.667	1.765	1.882	2
1022	1.843	1.686	1.784	1.784	2
1023	1.941	1.824	2.059	2.039	2
1024	2.039	1.922	2.176	2.333	2
1025	2.039	1.784	2.118	2.275	2
1026	2.0	1.706	2.098	1.941	2
1027	2.039	1.725	2.078	1.824	2
1028	2.039	1.843	2.039	1.725	2
1029	1.98	1.882	2.039	1.647	2
1030	1.902	1.824	2.0	1.667	2
1031	1.863	1.902	2.078	1.863	2
1032	1.843	1.922	2.098	2.078	2
1033	1.843	2.078	2.196	2.02	2
1034	1.882	2.059	2.118	1.941	2
1035	1.824	2.0	1.961	2.02	2
1036	1.843	1.863	1.824	2.196	2
1037	1.863	1.824	1.725	2.314	2
1038	1.863	1.725	1.745	2.216	2
1039	1.922	1.863	1.902	2.0	2
1040	2.059	1.922	2.118	1.804	2
1041	2.196	1.98	2.235	1.843	2
1042	2.137	1.922	2.176	2.039	2
1043	1.941	1.725	1.941	2.157	2
1044	1.98	1.706	1.922	2.02	2
1045	2.118	1.941	2.02	1.784	2
1046	2.039	1.922	1.961	1.647	2
1047	1.843	1.863	1.98	1.647	2
1048	1.902	1.98	2.176	1.784	2
1049	1.961	2.039	2.196	1.922	2
1050	2.059	2.157	2.255	2.0	2
1051	1.961	2.0	2.059	2.078	2
1052	1.843	1.863	1.98	2.196	2
1053	1.882	2.0	1.98	2.137	2
1054	1.863	1.941	1.922	2.157	2
1055	1.961	1.922	2.098	2.137	2
1056	2.0	1.824	2.039	2.157	2
1057	2.02	1.725	2.059	2.098	2
1058	2.039	1.745	2.059	2.0	2
1059	2.039	1.843	2.216	1.922	2
1060	2.137	1.882	2.255	1.98	2
1061	2.078	1.765	2.176	1.98	2
1062	2.098	1.784	2.137	1.922	2
1063	2.039	1.824	2.039	1.824	2
1064	1.961	1.902	2.098	1.667	2
1065	1.941	2.02	2.176	1.588	2
1066	1.902	1.922	2.039	1.765	2
1067	1.863	1.843	2.039	2.02	2
1068	1.98	1.961	2.118	2.098	2
1069	1.941	1.961	2.0	2.078	2
1070	1.882	1.98	2.02	1.941	2
1071	1.98	1.961	1.941	1.961	2
1072	2.059	1.882	1.922	2.039	2
1073	2.02	1.804	1.98	2.078	2
1074	2.059	1.765	2.078	2.039	2
1075	2.059	1.784	2.098	1.961	2
1076	2.078	1.804	2.196	1.902	2
1077	2.098	1.863	2.294	1.804	2
1078	2.039	1.843	2.235	1.725	2
1079	2.0	1.902	2.137	1.667	2
1080	1.941	1.824	2.059	1.706	2
1081	1.863	1.784	2.059	1.745	2
1082	1.843	1.824	2.059	1.765	2
1083	1.804	1.961	2.118	1.824	2
1084	1.745	1.922	2.0	1.902	2
1085	1.745	1.843	1.961	2.0	2
1086	1.824	1.843	1.922	2.02	2
1087	1.784	1.941	2.0	2.0	2
1088	1.882	1.941	1.941	2.157	2
1089	1.863	1.863	1.98	2.216	2
1090	1.902	1.843	1.902	2.235	2
1091	1.961	1.667	1.843	2.176	2
1092	2.0	1.745	2.02	2.137	2
1093	2.098	1.843	2.137	2.039	2
1094	2.078	1.882	2.196	1.98	2
1095	2.078	1.863	2.157	1.902	2
1096	2.0	1.863	2.098	1.784	2
1097	2.0	1.961	2.059	1.804	2
1098	1.941	1.98	2.059	1.882	2
1099	1.902	2.0	2.059	1.98	2
1100	1.902	2.02	2.078	2.039	2
1101	1.922	1.941	2.039	2.118	2
1102	1.863	1.922	2.039	2.098	2
1103	1.882	1.961	2.039	2.118	2
1104	1.922	1.961	1.902	2.02	2
1105	1.824	1.941	1.902	2.02	2
1106	1.922	1.882	1.961	2.059	2
1107	1.941	1.824	1.843	2.176	2
1108	1.961	1.706	1.863	2.196	2
1109	2.02	1.706	1.941	2.02	2
1110	2.118	1.843	2.118	1.961	2
1111	2.118	1.882	2.216	1.961	2
1112	1.961	1.784	2.0	2.039	2
1113	1.784	1.529	1.706	1.902	2
1114	1.902	1.686	1.98	1.667	2
1115	2.059	2.0	2.275	1.471	2
1116	2.039	2.176	2.255	1.51	2
1117	1.843	1.843	1.941	1.863	2
1118	1.745	1.843	1.902	2.216	2
1119	1.843	1.961	1.941	2.333	2
1120	1.843	1.941	1.941	2.059	2
1121	1.941	2.02	1.941	1.725	2
1122	1.902	1.882	1.843	1.686	2
1123	1.941	1.922	2.02	1.882	2
1124	2.02	1.941	2.039	2.118	2
1125	2.039	1.863	2.0	2.098	2
1126	2.078	1.902	2.216	2.02	2
1127	2.157	2.0	2.294	1.941	2
1128	2.118	2.0	2.255	1.863	2
1129	2.078	1.922	2.078	1.784	2
1130	2.039	1.863	2.118	1.765	2
1131	2.137	1.941	2.176	1.765	2
1132	2.02	2.039	2.216	1.843	2
1133	1.941	2.039	2.196	1.824	2
1134	1.824	2.059	2.137	1.882	2
1135	1.824	2.039	2.098	1.98	2
1136	1.843	1.902	2.02	2.078	2
1137	1.902	1.98	2.039	2.078	2
1138	1.843	1.941	1.98	1.922	2
1139	1.922	1.961	1.961	1.941	2
1140	2.039	1.922	2.0	2.176	2
1141	2.039	1.882	1.98	2.333	2
1142	2.039	1.824	2.059	2.333	2
1143	2.098	1.765	2.059	2.157	2
1144	2.078	1.824	2.098	1.961	2
1145	2.059	1.804	2.118	1.784	2
1146	2.078	1.784	2.098	1.686	2
1147	2.059	1.824	2.098	1.706	2
1148	2.02	1.863	2.078	1.765	2
1149	1.941	1.863	2.118	1.922	2
1150	2.0	1.961	2.118	1.98	2
1151	1.941	1.961	2.039	1.922	2
1152	1.863	1.922	2.02	1.902	2
1153	1.824	1.98	2.039	1.922	2
1154	1.804	1.804	1.863	1.922	2
1155	1.784	1.706	1.765	1.902	2
1156	1.922	1.863	1.902	2.078	2
1157	2.0	1.784	1.922	2.216	2
1158	1.941	1.843	2.059	2.412	2
1159	1.98	1.804	2.059	2.353	2
1160	2.02	1.706	1.961	1.98	2
1161	2.039	1.667	2.02	1.667	2
1162	2.078	1.863	2.157	1.608	2
1163	2.059	1.804	2.157	1.765	2
1164	2.02	1.824	2.078	1.98	2
1165	2.059	1.882	2.078	2.059	2
1166	1.961	1.941	2.118	2.059	2
1167	1.961	1.98	2.157	1.98	2
1168	1.902	2.0	2.176	1.882	2
1169	1.863	2.02	2.118	1.804	2
1170	1.863	1.98	2.039	1.843	2
1171	1.863	1.941	2.0	2.0	2
1172	1.902	1.98	2.0	2.118	2
1173	1.902	2.0	1.961	2.255	2
1174	1.961	1.882	1.941	2.275	2
1175	1.98	1.824	1.941	2.235	2
1176	1.961	1.745	1.941	2.137	2
1177	1.961	1.686	1.941	1.941	2
1178	1.98	1.706	2.039	1.706	2
1179	2.02	1.863	2.275	1.647	2
1180	2.078	1.843	2.255	1.765	2
1181	2.0	1.824	2.02	1.902	2
1182	1.941	1.804	2.0	1.961	2
1183	1.863	1.843	2.039	1.961	2
1184	1.824	1.882	2.039	1.804	2
1185	1.804	1.882	1.98	1.686	2
1186	1.882	2.0	2.098	1.745	2
1187	1.941	2.039	2.059	1.922	2
1188	1.843	1.882	1.941	2.0	2
1189	1.824	1.922	2.0	2.078	2
1190	1.922	1.941	1.941	2.216	2
1191	1.922	1.843	1.98	2.216	2
1192	1.98	1.843	1.961	2.176	2
1193	2.059	1.863	2.098	2.059	2
1194	2.118	1.824	2.118	1.941	2
1195	2.078	1.843	2.196	1.941	2
1196	2.098	1.843	2.176	2.078	2
1197	2.118	1.843	2.118	2.059	2
1198	2.078	1.843	2.078	1.922	2
1199	1.961	1.824	2.078	1.647	2
1200	2.0	1.902	2.176	1.569	2
1201	2.0	2.039	2.235	1.804	2
1202	1.902	1.98	2.157	2.059	2
1203	1.804	1.843	1.98	2.098	2
1204	1.804	1.941	2.02	1.98	2
1205	1.824	1.98	2.0	1.922	2
1206	1.824	1.941	1.941	2.0	2
1207	1.922	1.922	1.882	2.118	2
1208	1.941	1.784	1.902	2.157	2
1209	1.922	1.765	1.922	2.059	2
1210	1.961	1.824	1.98	1.961	2
1211	2.059	1.843	2.02	1.902	2
1212	2.039	1.784	1.98	1.902	2
1213	2.0	1.765	2.118	1.843	2
1214	2.078	1.863	2.157	1.843	2
1215	2.157	1.961	2.137	1.745	2
1216	2.039	1.922	2.039	1.725	2
1217	1.922	1.863	2.039	1.843	2
1218	1.902	1.902	2.059	1.882	2
1219	1.902	1.961	2.059	1.863	2
1220	1.922	1.961	2.0	1.824	2
1221	1.941	1.922	1.922	1.863	2
1222	1.922	2.039	2.078	2.0	2
1223	1.902	1.98	2.059	2.176	2
1224	1.961	1.98	1.941	2.275	2
1225	1.961	1.922	1.98	2.176	2
1226	1.961	1.843	1.863	2.039	2
1227	1.941	1.725	1.843	1.961	2
1228	1.961	1.765	2.059	1.961	2
1229	2.02	1.882	2.176	2.02	2
1230	2.039	1.784	2.059	1.98	2
1231	1.98	1.745	1.98	1.824	2
1232	2.0	1.922	2.137	1.686	2
1233	2.078	1.902	2.059	1.784	2
1234	1.902	1.863	2.039	1.902	2
1235	1.863	1.961	2.078	1.98	2
1236	1.765	2.0	2.098	2.039	2
1237	1.843	1.941	2.02	2.02	2
1238	1.863	1.902	1.961	1.922	2
1239	1.902	1.98	1.98	1.804	2
1240	1.902	2.0	1.98	2.0	2
1241	1.902	1.824	1.824	2.235	2
1242	1.902	1.784	1.941	2.216	2
1243	2.078	1.98	2.157	2.235	2
1244	2.216	2.02	2.255	2.098	2
1245	2.137	1.922	2.098	1.922	2
1246	2.0	1.765	1.922	1.882	2
1247	1.98	1.627	1.922	2.02	2
1248	2.02	1.706	2.039	2.02	2
1249	2.137	1.961	2.373	1.804	2
1250	2.196	2.157	2.431	1.627	2
1251	2.02	1.902	2.098	1.725	2
1252	1.863	1.824	1.961	1.941	2
1253	1.804	1.882	1.961	2.059	2
1254	1.824	1.922	2.059	1.98	2
1255	1.882	1.961	2.059	1.902	2
1256	1.784	1.902	1.98	2.0	2
1257	1.863	1.961	2.0	2.118	2
1258	1.882	1.961	1.961	2.176	2
1259	1.922	1.882	2.0	2.196	2
1260	1.922	1.765	1.922	2.157	2
1261	1.98	1.824	2.059	2.059	2
1262	2.039	1.863	2.118	1.941	2
1263	2.098	1.843	2.176	1.902	2
1264	2.137	1.902	2.216	1.882	2
1265	2.078	1.902	2.137	1.824	2
1266	1.922	1.765	2.02	1.745	2
1267	1.961	1.784	2.0	1.608	2
1268	1.941	1.941	2.196	1.706	2
1269	1.941	2.059	2.216	1.902	2
1270	1.882	2.059	2.098	2.02	2
1271	1.882	1.961	2.02	2.0	2
1272	1.922	1.941	2.0	1.98	2
1273	1.902	1.98	2.02	2.0	2
1274	1.843	1.902	1.961	2.039	2
1275	1.843	1.902	1.922	2.157	2
1276	2.02	1.882	1.941	2.176	2
1277	2.039	1.941	2.0	2.176	2
1278	1.961	1.824	2.0	2.039	2
1279	1.961	1.765	2.02	1.961	2
1280	2.059	1.784	2.039	1.941	2
1281	2.059	1.784	2.137	1.922	2
1282	2.098	1.843	2.235	1.961	2
1283	2.059	1.882	2.157	1.961	2
1284	1.961	1.804	1.98	1.863	2
1285	1.882	1.902	2.059	1.745	2
1286	1.882	1.941	2.078	1.725	2
1287	1.804	1.922	2.0	1.765	2
1288	1.804	1.882	2.0	1.882	2
1289	1.784	1.843	1.941	1.98	2
1290	1.843	1.902	2.039	2.078	2
1291	1.902	1.961	1.961	2.255	2
1292	1.863	1.882	1.902	2.294	2
1293	1.902	1.863	1.922	2.255	2
1294	1.902	1.745	1.843	2.098	2
1295	1.961	1.784	1.902	1.843	2
1296	2.02	1.765	1.98	1.667	2
1297	2.059	1.765	2.118	1.824	2
1298	2.039	1.902	2.294	2.157	2
1299	2.039	1.843	2.137	2.176	2
1300	2.0	1.804	2.0	1.941	2
1301	2.0	1.804	1.941	1.686	2
1302	1.98	1.863	2.039	1.549	2
1303	1.941	1.941	2.098	1.608	2
1304	1.922	2.0	2.137	1.824	2
1305	1.941	1.98	2.039	1.98	2
1306	1.863	1.922	1.961	2.039	2
1307	1.824	1.902	1.98	2.02	2
1308	1.961	1.98	1.98	2.137	2
1309	2.0	2.0	1.98	2.275	2
1310	1.98	1.902	2.02	2.294	2
1311	1.98	1.824	1.98	2.196	2
1312	2.039	1.804	2.039	2.0	2
1313	2.176	1.843	2.078	1.863	2
1314	2.176	1.863	2.137	1.941	2
1315	2.059	1.863	2.196	2.02	2
1316	1.98	1.765	2.196	2.039	2
1317	2.039	1.843	2.137	1.882	2
1318	2.118	1.941	2.118	1.686	2
1319	1.961	1.863	2.0	1.549	2
1320	1.922	1.843	1.961	1.608	2
1321	1.804	1.98	1.98	1.824	2
1322	1.667	2.0	2.039	1.98	2
1323	1.843	2.059	2.157	2.078	2
1324	1.902	1.902	1.902	2.0	2
1325	1.765	1.824	1.902	1.902	2
1326	1.882	1.882	1.863	2.039	2
1327	1.922	1.922	1.961	2.098	2
1328	1.941	1.941	1.961	2.098	2
1329	1.98	1.882	2.02	2.0	2
1330	1.98	1.804	2.0	1.922	2
1331	1.98	1.804	2.078	1.902	2
1332	2.039	1.863	2.196	2.0	2
1333	2.059	1.902	2.176	2.02	2
1334	2.098	1.804	1.98	1.882	2
1335	1.941	1.804	2.039	1.706	2
1336	1.922	1.922	2.157	1.765	2
1337	1.98	2.039	2.275	1.882	2
1338	1.98	2.078	2.216	1.922	2
1339	1.882	2.0	2.118	2.0	2
1340	1.804	1.961	2.059	2.078	2
1341	1.784	1.843	1.902	2.176	2
1342	1.863	1.804	1.843	2.098	2
1343	1.941	1.863	1.902	2.039	2
1344	2.0	1.804	1.902	2.039	2
1345	1.961	1.784	1.98	2.059	2
1346	2.098	1.922	2.157	2.137	2
1347	2.137	1.863	2.157	2.157	2
1348	2.118	1.784	2.216	2.157	2
1349	2.059	1.784	2.176	2.059	2
1350	2.078	1.804	2.157	1.882	2
1351	2.098	1.804	2.059	1.765	2
1352	2.118	1.902	2.098	1.686	2
1353	2.098	2.059	2.255	1.804	2
1354	2.02	2.059	2.255	1.902	2
1355	1.882	1.922	2.078	2.0	2
1356	1.882	1.902	2.02	1.98	2
1357	1.961	2.02	2.118	1.98	2
1358	1.961	2.059	2.118	2.039	2
1359	2.0	1.98	2.0	2.118	2
1360	1.961	1.98	1.922	2.137	2
1361	1.941	1.902	1.98	2.02	2
1362	2.02	1.902	2.0	2.0	2
1363	2.059	1.902	1.98	2.0	2
1364	2.039	1.765	1.941	1.961	2
1365	2.0	1.804	2.118	1.941	2
1366	2.098	1.98	2.314	1.98	2
1367	2.059	1.902	2.176	1.961	2
1368	1.98	1.843	2.02	1.784	2
1369	1.961	1.745	1.961	1.647	2
1370	1.941	1.902	2.078	1.647	2
1371	1.922	1.98	2.137	1.784	2
1372	1.784	1.961	2.039	1.961	2
1373	1.765	2.0	2.0	2.0	2
1374	1.863	1.961	1.941	2.02	2
1375	1.804	1.863	1.843	2.0	2
1376	1.784	1.843	1.882	1.961	2
1377	1.902	1.922	1.941	2.078	2
1378	1.941	1.882	2.0	2.216	2
1379	1.922	1.824	1.961	2.255	2
1380	2.0	1.784	2.02	2.216	2
1381	2.02	1.745	2.0	2.118	2
1382	1.98	1.745	2.078	1.98	2
1383	2.078	1.804	2.157	1.882	2
1384	2.02	1.784	2.078	1.745	2
1385	2.02	1.824	2.157	1.725	2
1386	2.02	1.902	2.118	1.824	2
1387	1.941	1.863	2.059	1.902	2
1388	1.824	1.804	2.0	1.961	2
1389	1.784	1.804	2.02	1.941	2
1390	1.765	1.882	2.078	1.902	2
1391	1.902	2.039	2.235	1.863	2
1392	1.98	2.02	2.098	1.922	2
1393	1.706	1.706	1.706	2.078	2
1394	1.667	1.686	1.686	2.118	2
1395	1.824	1.804	1.863	2.078	2
1396	1.922	1.863	1.941	2.059	2
1397	2.0	1.804	2.0	2.078	2
1398	2.078	1.843	2.098	1.98	2
1399	2.039	1.686	2.098	1.882	2
1400	2.098	1.902	2.255	1.863	2
1401	2.078	1.804	2.176	1.843	2
1402	2.0	1.882	2.078	1.745	2
1403	1.941	1.902	2.039	1.686	2
1404	1.824	1.804	1.98	1.725	2
1405	1.902	1.98	2.157	1.804	2
1406	1.941	2.059	2.216	1.941	2
1407	1.882	2.059	2.137	1.941	2
1408	1.941	1.961	1.98	1.941	2
1409	1.98	1.961	2.02	2.02	2
1410	2.0	2.0	2.0	2.098	2
1411	1.902	1.961	1.922	2.137	2
1412	1.902	1.961	1.961	2.098	2
1413	1.922	1.863	1.902	2.039	2
1414	2.0	1.843	1.98	1.961	2
1415	2.078	1.765	1.98	1.922	2
1416	2.039	1.784	2.078	1.961	2
1417	2.098	1.882	2.216	2.0	2
1418	2.137	1.941	2.176	2.039	2
1419	2.078	1.922	2.059	1.941	2
1420	2.118	1.902	1.98	1.784	2
1421	1.961	1.843	1.922	1.667	2
1422	1.902	1.882	2.078	1.647	2
1423	1.882	2.078	2.157	1.784	2
1424	1.922	2.02	2.02	2.0	2
1425	1.922	1.941	2.039	2.255	2
1426	1.902	1.922	2.039	2.275	2
1427	1.922	1.922	1.941	2.176	2
1428	1.902	1.824	1.824	2.02	2
1429	1.961	1.725	1.941	1.941	2
1430	2.02	1.863	2.039	2.059	2
1431	2.157	2.0	2.196	2.176	2
1432	2.176	1.922	2.157	2.216	2
1433	2.078	1.745	2.118	2.098	2
1434	2.039	1.667	2.137	1.941	2
1435	2.0	1.784	2.157	1.745	2
1436	2.02	1.941	2.176	1.627	2
1437	2.059	1.843	2.0	1.627	2
1438	1.902	1.824	2.059	1.765	2
1439	1.941	1.941	2.176	1.863	2
1440	1.922	2.02	2.196	1.961	2
1441	1.863	2.039	2.157	2.02	2
1442	1.824	2.02	2.059	1.961	2
1443	1.882	1.98	1.941	1.941	2
1444	1.824	1.941	1.863	2.0	2
1445	1.843	1.863	1.882	2.039	2
1446	1.902	1.863	1.961	2.02	2
1447	1.922	1.843	1.98	2.02	2
1448	1.98	1.843	2.039	2.098	2
1449	2.039	1.824	2.039	2.078	2
1450	2.059	1.882	2.098	2.078	2
1451	2.137	1.902	2.176	2.02	2
1452	2.118	1.804	2.176	1.941	2
1453	1.961	1.765	2.039	1.784	2
1454	1.902	1.804	2.098	1.706	2
1455	1.922	1.941	2.137	1.745	2
1456	1.922	1.961	2.176	1.843	2
1457	1.863	1.961	2.137	1.882	2
1458	1.784	1.902	2.02	1.882	2
1459	1.804	1.824	1.902	2.0	2
1460	1.843	1.922	1.922	2.176	2
1461	1.961	1.941	1.98	2.275	2
1462	1.98	2.02	1.98	2.255	2
1463	1.961	1.922	2.0	2.137	2
1464	1.882	1.804	1.902	2.0	2
1465	1.941	1.706	1.863	1.902	2
1466	1.98	1.745	2.0	1.961	2
1467	2.078	1.882	2.176	2.02	2
1468	2.137	1.882	2.235	2.078	2
1469	2.098	1.824	2.137	2.039	2
1470	2.098	1.843	2.098	1.843	2
1471	2.078	1.882	2.137	1.686	2
1472	1.941	1.922	2.176	1.667	2
1473	1.843	1.941	2.137	1.686	2
1474	1.745	1.863	1.882	1.765	2
1475	1.686	1.824	1.863	2.0	2
1476	1.784	1.863	1.804	2.098	2
1477	1.804	1.863	1.941	2.059	2
1478	2.039	2.137	2.275	2.059	2
1479	2.157	2.118	2.235	2.137	2
1480	1.922	1.784	1.863	2.157	2
1481	1.784	1.667	1.784	2.137	2
1482	1.961	1.784	1.961	2.078	2
1483	2.078	1.863	2.0	1.98	2
1484	2.098	1.843	2.078	1.922	2
1485	2.098	1.902	2.137	1.882	2
1486	2.078	1.882	2.098	1.863	2
1487	2.039	1.843	2.157	1.882	2
1488	2.118	1.98	2.216	1.922	2
1489	2.078	2.0	2.196	1.902	2
1490	1.941	1.902	2.176	1.804	2
1491	1.863	1.922	2.078	1.784	2
1492	1.882	2.02	2.039	1.863	2
1493	1.902	2.02	1.98	1.98	2
1494	1.882	1.961	1.941	2.078	2
1495	1.882	1.961	1.98	2.176	2
1496	1.882	1.882	1.922	2.196	2
1497	1.902	1.882	2.02	2.098	2
1498	2.02	1.902	1.98	1.98	2
1499	2.0	1.804	1.961	1.882	2
1500	1.98	1.706	1.961	1.882	2
1501	2.059	1.824	2.078	1.98	2
1502	2.098	1.843	2.098	1.98	2
1503	2.098	1.863	2.078	1.941	2
1504	2.059	1.882	2.02	1.824	2
1505	2.02	1.863	2.137	1.725	2
1506	1.941	1.902	2.137	1.745	2
1507	1.902	1.922	2.118	1.784	2
1508	1.882	1.882	2.039	1.863	2
1509	1.843	1.863	1.961	1.922	2
1510	1.941	1.98	2.039	1.961	2
1511	1.961	2.02	2.059	1.941	2
1512	1.863	1.941	1.961	1.98	2
1513	1.863	1.843	1.941	2.157	2
1514	1.941	1.804	2.02	2.235	2
1515	1.98	1.824	2.0	2.196	2
1516	2.02	1.824	2.039	2.078	2
1517	2.078	1.843	2.098	2.0	2
1518	2.098	1.922	2.176	1.961	2
1519	2.118	1.863	2.176	1.882	2
1520	2.059	1.804	2.078	1.804	2
1521	2.0	1.804	2.118	1.784	2
1522	2.02	1.882	2.137	1.824	2
1523	1.922	1.882	2.137	1.784	2
1524	1.922	1.902	2.118	1.765	2
1525	1.882	1.882	2.02	1.765	2
1526	1.882	1.922	2.02	1.824	2
1527	1.902	2.059	2.118	2.0	2
1528	1.922	1.941	2.039	2.137	2
1529	1.882	1.882	1.922	2.216	2
1530	1.784	1.902	1.902	2.216	2
1531	1.922	1.804	1.961	2.098	2
1532	1.922	1.765	1.922	2.059	2
1533	1.961	1.765	1.98	2.02	2
1534	2.039	1.882	2.059	1.882	2
1535	2.098	1.863	2.078	1.804	2
1536	2.059	1.784	2.0	1.902	2
1537	2.059	1.784	2.059	2.0	2
1538	1.98	1.941	2.196	1.961	2
1539	2.059	2.078	2.216	1.882	2
1540	1.902	1.941	2.118	1.843	2
1541	1.843	1.882	2.02	1.784	2
1542	1.784	1.961	2.039	1.745	2
1543	1.843	2.059	2.098	1.824	2
1544	1.863	2.059	2.059	1.961	2
1545	1.843	2.0	1.922	2.118	2
1546	1.824	1.902	1.902	2.176	2
1547	1.843	1.863	1.882	2.235	2
1548	1.902	1.863	2.0	2.157	2
1549	1.902	1.882	2.0	2.118	2
1550	1.902	1.784	1.961	1.98	2
1551	2.0	1.667	1.98	1.941	2
1552	2.118	1.804	2.137	1.98	2
1553	2.157	1.784	2.235	1.941	2
1554	2.118	1.882	2.235	1.843	2
1555	2.039	1.922	2.118	1.824	2
1556	2.039	1.804	2.039	1.765	2
1557	1.961	1.804	2.059	1.765	2
1558	1.941	1.863	2.078	1.765	2
1559	1.922	1.961	2.098	1.804	2
1560	1.843	1.98	2.098	1.843	2
1561	1.765	1.922	1.961	1.98	2
1562	1.765	1.843	1.804	2.039	2
1563	1.686	1.863	1.863	2.0	2
1564	2.039	2.059	2.118	2.078	2
1565	2.176	2.118	2.235	2.235	2
1566	1.98	1.863	1.882	2.314	2
1567	1.863	1.667	1.824	2.196	2
1568	2.02	1.686	1.961	2.0	2
1569	2.118	1.843	2.196	1.863	2
1570	2.059	1.824	2.216	1.804	2
1571	2.078	1.765	2.157	1.804	2
1572	2.098	1.863	2.059	1.882	2
1573	2.059	1.922	2.137	1.902	2
1574	2.039	1.941	2.176	1.941	2
1575	2.0	1.961	2.176	1.922	2
1576	1.922	2.039	2.196	1.863	2
1577	1.961	2.0	2.059	1.824	2
1578	1.922	1.922	2.039	1.843	2
1579	1.941	1.922	2.039	1.902	2
1580	1.941	2.02	2.078	1.922	2
1581	1.922	1.922	1.922	2.02	2
1582	1.961	1.804	1.882	2.157	2
1583	2.059	1.902	2.039	2.137	2
1584	2.078	1.941	2.118	2.118	2
1585	2.0	1.804	2.039	1.98	2
1586	1.98	1.725	2.0	1.863	2
1587	2.0	1.804	2.137	1.843	2
1588	2.098	1.882	2.157	1.843	2
1589	2.118	1.863	2.039	1.863	2
1590	2.02	1.863	2.059	1.824	2
1591	1.961	1.922	2.078	1.804	2
1592	1.98	1.922	2.118	1.824	2
1593	1.902	1.98	2.098	1.961	2
1594	1.843	1.922	2.039	2.157	2
1595	1.824	1.902	1.98	2.235	2
1596	1.804	1.941	1.98	2.216	2
1597	1.804	1.863	1.922	2.078	2
1598	1.961	1.922	1.863	2.02	2
1599	2.02	1.902	1.98	2.059	2
1600	2.02	1.882	2.0	2.157	2
1601	1.98	1.843	2.059	2.196	2
1602	2.02	1.804	2.078	2.118	2
1603	1.98	1.706	2.039	2.02	2
1604	1.961	1.706	2.098	1.902	2
1605	2.0	1.765	2.176	1.824	2
1606	2.039	1.922	2.137	1.706	2
1607	2.02	1.922	2.137	1.627	2
1608	1.882	1.863	2.039	1.647	2
1609	1.863	1.902	2.059	1.765	2
1610	1.784	1.922	2.039	1.902	2
1611	1.784	1.882	2.02	2.0	2
1612	1.804	1.922	1.961	2.02	2
1613	1.824	2.0	2.0	1.961	2
1614	1.902	1.961	1.902	1.941	2
1615	1.863	1.902	1.902	2.02	2
1616	1.961	1.882	1.922	2.039	2
1617	1.941	1.804	1.902	2.078	2
1618	1.98	1.784	2.0	2.118	2
1619	2.039	1.824	2.078	2.02	2
1620	2.039	1.824	2.059	1.902	2
1621	2.059	1.784	2.078	1.882	2
1622	2.078	1.863	2.157	1.922	2
1623	2.039	1.863	2.078	1.941	2
1624	1.961	1.863	2.039	1.843	2
1625	1.902	1.902	2.059	1.686	2
1626	1.882	1.922	2.078	1.686	2
1627	1.902	1.922	2.039	1.784	2
1628	1.843	1.941	2.02	1.941	2
1629	1.824	1.961	2.0	2.039	2
1630	1.863	1.941	1.961	2.118	2
1631	1.922	1.902	1.961	2.157	2
1632	1.882	1.961	1.902	2.157	2
1633	1.922	1.961	1.941	2.118	2
1634	1.941	1.824	1.922	2.098	2
1635	1.98	1.745	1.98	2.059	2
1636	2.078	1.824	2.059	1.941	2
1637	2.118	1.863	2.176	1.882	2
1638	2.118	1.843	2.176	1.902	2
1639	2.039	1.824	2.137	1.902	2
1640	2.059	1.843	2.098	1.824	2
1641	1.941	1.765	2.0	1.725	2
1642	1.922	1.922	2.157	1.745	2
1643	2.0	2.02	2.216	1.843	2
1644	1.922	1.941	2.059	1.922	2
1645	1.843	1.902	1.98	1.941	2
1646	1.824	1.902	1.941	1.922	2
1647	1.725	1.902	1.922	1.961	2
1648	1.765	1.941	2.0	2.078	2
1649	1.941	1.922	1.863	2.255	2
1650	1.98	1.745	1.922	2.314	2
1651	2.02	1.863	1.961	2.216	2
1652	1.882	1.745	1.882	1.922	2
1653	1.941	1.843	2.137	1.784	2
1654	2.235	2.02	2.255	1.863	2
1655	2.118	1.804	2.02	2.02	2
1656	2.059	1.824	2.02	2.059	2
1657	2.078	1.843	2.059	2.0	2
1658	2.039	1.843	2.02	1.882	2
1659	2.0	1.882	2.078	1.725	2
1660	2.059	1.961	2.176	1.667	2
1661	1.98	2.039	2.176	1.765	2
1662	1.922	1.98	2.118	1.941	2
1663	1.882	1.98	2.02	2.0	2
1664	1.863	1.882	1.961	2.0	2
1665	1.843	1.941	2.02	2.039	2
1666	2.078	2.0	2.0	2.176	2
1667	2.02	1.902	2.02	2.235	2
1668	2.059	1.882	2.02	2.196	2
1669	2.118	1.804	2.078	2.098	2
1670	2.098	1.824	2.118	2.0	2
1671	2.098	1.863	2.196	1.882	2
1672	2.059	1.824	2.196	1.863	2
1673	2.0	1.745	2.196	1.863	2
1674	2.039	1.882	2.157	1.863	2
1675	2.039	1.902	2.118	1.824	2
1676	2.0	1.98	2.137	1.824	2
1677	1.941	1.961	2.157	1.824	2
1678	1.843	1.902	2.098	1.824	2
1679	1.804	1.882	1.98	1.882	2
1680	1.804	1.863	1.98	2.0	2
1681	1.824	1.922	2.0	2.078	2
1682	1.804	1.98	2.0	2.118	2
1683	1.863	1.961	1.922	2.078	2
1684	1.843	1.804	1.843	2.059	2
1685	1.863	1.745	1.902	2.098	2
1686	1.922	1.745	1.941	2.098	2
1687	1.98	1.745	2.059	2.0	2
1688	2.059	1.784	2.098	1.941	2
1689	2.02	1.804	2.098	1.863	2
1690	2.02	1.863	2.157	1.804	2
1691	2.02	1.882	2.098	1.863	2
1692	2.0	1.804	2.02	1.863	2
1693	1.902	1.804	2.0	1.824	2
1694	1.843	1.902	2.078	1.745	2
1695	1.863	1.961	2.039	1.765	2
1696	1.843	1.922	1.961	1.804	2
1697	1.863	1.902	1.98	1.882	2
1698	1.902	2.059	2.078	1.961	2
1699	1.922	2.0	2.02	2.118	2
1700	1.961	1.941	1.922	2.196	2
1701	1.941	1.863	1.902	2.176	2
1702	1.98	1.902	1.941	2.157	2
1703	2.02	1.863	2.039	2.078	2
1704	2.078	1.843	2.098	1.961	2
1705	2.098	1.882	2.157	1.922	2
1706	2.118	1.922	2.176	1.922	2
1707	2.059	1.863	2.157	1.882	2
1708	2.039	1.882	2.098	1.804	2
1709	2.039	1.922	2.078	1.745	2
1710	1.961	1.902	2.059	1.784	2
1711	1.941	1.941	2.098	1.863	2
1712	1.863	1.961	2.078	1.98	2
1713	1.843	1.98	2.078	2.039	2
1714	1.843	1.922	2.0	2.0	2
1715	1.824	1.902	1.922	1.961	2
1716	1.863	1.922	1.922	1.882	2
1717	1.843	1.863	1.824	1.941	2
1718	1.922	1.804	1.902	2.039	2
1719	1.961	1.784	1.941	2.157	2
1720	1.98	1.824	2.078	2.294	2
1721	2.02	1.824	2.078	2.275	2
1722	2.0	1.706	1.961	2.02	2
1723	2.0	1.725	2.059	1.784	2
1724	2.059	1.765	2.118	1.627	2
1725	2.039	1.824	2.039	1.667	2
1726	2.02	1.902	2.118	1.765	2
1727	1.98	1.922	2.118	1.922	2
1728	1.902	1.941	2.157	2.02	2
1729	1.863	1.941	2.118	2.039	2
1730	1.824	1.882	2.02	1.922	2
1731	1.824	1.922	2.02	1.824	2
1732	1.843	1.922	1.941	1.902	2
1733	1.784	1.98	1.961	2.02	2
1734	1.882	2.0	1.863	2.157	2
1735	1.902	1.843	1.843	2.098	2
1736	2.039	1.902	2.078	2.059	2
1737	2.118	1.863	2.02	2.0	2
1738	2.059	1.765	2.0	1.98	2
1739	2.098	1.863	2.137	2.0	2
1740	2.118	1.863	2.176	2.02	2
1741	2.059	1.843	2.157	2.0	2
1742	2.078	1.922	2.176	1.882	2
1743	2.078	1.902	2.118	1.784	2
1744	2.02	1.882	2.059	1.706	2
1745	2.0	1.882	2.098	1.745	2
1746	1.922	1.98	2.137	1.882	2
1747	1.902	1.98	2.078	2.059	2
1748	1.882	1.98	2.078	2.157	2
1749	1.882	2.039	2.098	2.118	2
1750	1.902	2.0	2.0	2.098	2
1751	1.922	1.922	1.941	2.02	2
1752	1.98	1.902	2.02	2.039	2
1753	2.02	1.882	2.02	2.137	2
1754	2.039	1.843	2.118	2.216	2
1755	2.059	1.863	2.078	2.176	2
1756	2.039	1.784	2.059	1.98	2
1757	2.098	1.863	2.255	1.882	2
1758	2.059	1.843	2.235	1.745	2
1759	1.98	1.863	2.137	1.765	2
1760	2.02	1.902	2.118	1.804	2
1761	1.961	1.882	2.098	1.843	2
1762	1.922	1.922	2.118	1.902	2
1763	1.902	1.98	2.118	1.941	2
1764	1.824	1.941	2.059	1.941	2
1765	1.922	1.98	2.078	1.941	2
1766	1.882	1.941	1.98	2.02	2
1767	1.882	1.922	2.0	2.078	2
1768	1.902	1.902	1.941	2.196	2
1769	1.922	1.843	1.922	2.176	2
1770	1.98	1.843	1.902	2.098	2
1771	2.02	1.843	2.0	2.02	2
1772	2.039	1.863	2.059	1.941	2
1773	2.0	1.804	2.098	1.941	2
1774	2.02	1.784	2.098	1.941	2
1775	1.961	1.765	2.059	1.941	2
1776	1.98	1.804	2.0	1.961	2
1777	1.941	1.824	1.98	1.784	2
1778	1.922	1.882	2.059	1.608	2
1779	2.0	1.941	2.216	1.627	2
1780	1.922	1.922	2.118	1.804	2
1781	1.765	1.922	1.961	2.039	2
1782	1.804	1.843	1.882	2.176	2
1783	1.804	1.824	1.843	2.157	2
1784	1.863	1.922	1.902	2.02	2
1785	1.922	1.902	1.882	1.961	2
1786	1.98	1.863	1.98	1.98	2
1787	2.0	1.843	1.98	2.059	2
1788	2.02	1.804	2.0	2.059	2
1789	2.059	1.843	2.059	2.0	2
1790	2.098	1.824	2.098	1.922	2
1791	2.078	1.824	2.137	1.902	2
1792	2.059	1.863	2.137	1.804	2
1793	2.059	1.902	2.137	1.804	2
1794	2.0	1.863	2.059	1.745	2
1795	1.922	1.843	2.059	1.706	2
1796	1.941	1.941	2.118	1.745	2
1797	1.882	1.961	2.118	1.843	2
1798	1.882	1.98	2.078	1.922	2
1799	1.882	1.98	2.0	1.961	2
1800	1.824	1.941	1.98	2.039	2
1801	1.784	1.922	1.902	2.02	2
1802	1.902	1.902	1.902	2.039	2
1803	1.902	1.843	2.0	2.059	2
1804	1.961	1.863	2.0	2.118	2
1805	2.02	1.843	2.039	2.098	2
1806	2.078	1.843	2.059	2.059	2
1807	2.059	1.824	2.078	1.941	2
1808	2.059	1.843	2.137	1.863	2
1809	2.059	1.824	2.118	1.843	2
1810	2.078	1.882	2.137	1.824	2
1811	2.059	1.882	2.098	1.804	2
1812	1.98	1.882	2.157	1.824	2
1813	1.941	1.941	2.157	1.784	2
1814	1.902	1.961	2.098	1.824	2
1815	1.843	1.941	2.02	1.941	2
1816	1.882	1.941	2.02	2.02	2
1817	1.882	1.941	2.0	2.059	2
1818	1.863	1.961	1.98	2.02	2
1819	1.882	1.902	1.961	2.098	2
1820	1.922	1.843	1.961	2.137	2
1821	1.98	1.843	1.961	2.137	2
1822	2.0	1.843	2.039	2.098	2
1823	2.02	1.804	2.059	1.98	2
1824	2.02	1.804	2.078	1.882	2
1825	2.039	1.804	2.137	1.824	2
1826	2.059	1.784	2.118	1.843	2
1827	2.039	1.922	2.176	1.902	2
1828	2.039	1.902	2.098	1.941	2
1829	1.882	1.824	2.0	1.863	2
1830	1.882	1.902	2.078	1.745	2
1831	1.882	1.961	2.059	1.765	2
1832	1.843	1.98	2.039	1.863	2
1833	1.843	1.941	2.059	1.961	2
1834	1.882	2.0	2.059	2.039	2
1835	1.863	1.961	1.961	2.157	2
1836	1.882	1.922	1.863	2.176	2
1837	1.922	1.902	1.961	2.157	2
1838	1.98	1.882	1.941	2.137	2
1839	2.02	1.863	2.02	2.039	2
1840	2.078	1.843	2.059	1.98	2
1841	2.059	1.863	2.118	1.961	2
1842	2.039	1.863	2.176	1.961	2
1843	2.078	1.843	2.157	1.941	2
1844	2.039	1.882	2.098	1.863	2
1845	2.039	1.863	2.078	1.804	2
1846	1.98	1.902	2.118	1.784	2
1847	1.922	1.902	2.118	1.804	2
1848	1.882	1.941	2.078	1.863	2
1849	1.863	1.941	2.039	1.961	2
1850	1.882	1.961	2.02	2.02	2
1851	1.863	1.922	2.0	2.02	2
1852	1.902	1.922	1.961	2.078	2
1853	1.863	1.902	1.922	2.118	2
1854	1.941	1.843	1.941	2.118	2
1855	1.961	1.863	1.941	2.098	2
1856	2.0	1.824	2.0	2.039	2
1857	2.039	1.824	2.039	2.0	2
1858	2.059	1.804	2.118	1.922	2
1859	2.059	1.804	2.137	1.882	2
1860	2.039	1.824	2.176	1.863	2
1861	2.098	1.902	2.176	1.882	2
1862	2.059	1.882	2.137	1.843	2
1863	1.941	1.863	2.078	1.784	2
1864	1.882	1.902	2.098	1.765	2
1865	1.863	1.922	2.098	1.824	2
1866	1.863	1.922	2.02	1.902	2
1867	1.863	1.941	1.961	1.961	2
1868	1.863	1.941	1.941	2.039	2
1869	1.824	1.922	1.98	2.059	2
1870	1.902	1.882	1.922	2.137	2
1871	1.941	1.882	1.961	2.137	2
1872	2.0	1.843	1.922	2.098	2
1873	2.02	1.843	1.961	2.059	2
1874	2.059	1.824	2.039	1.98	2
1875	2.078	1.824	2.078	1.961	2
1876	2.059	1.824	2.098	1.902	2
1877	2.078	1.843	2.157	1.941	2
1878	2.059	1.863	2.137	1.824	2
1879	2.02	1.863	2.098	1.804	2
1880	1.941	1.863	2.059	1.784	2
1881	1.922	1.902	2.098	1.765	2
1882	1.902	1.941	2.078	1.843	2
1883	1.843	1.941	2.078	1.941	2
1884	1.863	1.922	2.02	2.0	2
1885	1.863	1.922	2.0	2.039	2
1886	1.843	1.882	1.98	2.078	2
1887	1.882	1.922	1.902	2.118	2
1888	1.941	1.843	1.961	2.118	2
1889	2.0	1.843	1.941	2.098	2
1890	2.039	1.824	2.0	2.039	2
1891	2.078	1.824	2.059	2.0	2
1892	2.059	1.824	2.059	1.941	2
1893	2.059	1.804	2.118	1.922	2
1894	2.059	1.804	2.137	1.882	2
1895	2.039	1.882	2.137	1.804	2
1896	2.02	1.863	2.118	1.784	2
1897	1.922	1.882	2.098	1.765	2
1898	1.922	1.902	2.098	1.784	2
1899	1.863	1.961	2.078	1.843	2
1900	1.882	1.961	2.039	1.922	2
1901	1.843	1.941	2.0	1.961	2
1902	1.863	1.922	1.922	2.0	2
1903	1.922	1.98	2.0	2.059	2
1904	1.902	1.882	1.902	2.098	2
1905	1.922	1.863	1.922	2.098	2
1906	1.961	1.863	1.922	2.098	2
1907	2.0	1.824	1.961	2.078	2
1908	2.039	1.804	2.02	2.0	2
1909	2.078	1.804	2.078	1.922	2
1910	2.078	1.824	2.118	1.902	2
1911	2.059	1.824	2.118	1.882	2
1912	2.098	1.863	2.118	1.804	2
1913	2.039	1.843	2.078	1.765	2
1914	1.98	1.863	2.078	1.745	2
1915	1.941	1.902	2.118	1.784	2
1916	1.902	1.902	2.098	1.824	2
1917	1.882	1.902	2.039	1.882	2
1918	1.882	1.902	2.02	1.922	2
1919	1.863	1.882	1.98	1.98	2
1920	1.824	1.902	2.02	2.039	2
1921	1.843	1.882	2.02	2.098	2
1922	1.922	1.843	2.039	2.118	2
1923	2.0	1.863	2.02	2.118	2
1924	2.02	1.824	2.039	2.059	2
1925	2.059	1.784	2.059	2.0	2
1926	2.039	1.804	2.078	1.922	2
1927	2.039	1.843	2.157	1.922	2
1928	2.0	1.882	2.157	1.922	2
1929	2.0	1.922	2.176	1.882	2
1930	1.961	1.902	2.157	1.882	2
1931	1.882	1.941	2.137	1.843	2
1932	1.882	1.941	2.157	1.824	2
1933	1.863	2.02	2.137	1.902	2
1934	1.863	2.0	2.118	1.941	2
1935	1.824	1.98	2.039	2.039	2
1936	1.824	1.98	2.0	2.02	2
1937	1.882	1.98	2.0	2.118	2
1938	1.863	1.961	1.961	2.137	2
1939	1.882	1.902	2.02	2.137	2
1940	1.941	1.882	1.98	2.137	2
1941	2.0	1.882	2.02	2.059	2
1942	2.059	1.843	2.039	2.02	2
1943	2.078	1.863	2.137	1.98	2
1944	2.078	1.882	2.137	1.961	2
1945	2.078	1.824	2.078	1.882	2
1946	2.059	1.843	2.078	1.843	2
1947	2.039	1.882	2.078	1.804	2
1948	1.961	1.863	2.098	1.784	2
1949	1.961	1.902	2.098	1.784	2
1950	1.941	1.941	2.059	1.843	2
1951	1.902	1.941	2.059	1.922	2
1952	1.843	1.941	2.02	2.0	2
1953	1.882	1.961	2.0	2.059	2
1954	1.804	1.961	1.961	2.098	2
1955	1.922	1.902	1.941	2.118	2
1956	2.0	1.863	1.98	2.137	2
1957	2.039	1.863	1.98	2.098	2
1958	2.0	1.843	2.039	2.059	2
1959	2.0	1.843	2.078	2.0	2
1960	2.039	1.843	2.157	1.98	2
1961	2.039	1.843	2.176	1.941	2
1962	2.02	1.824	2.196	1.882	2
1963	2.0	1.843	2.137	1.863	2
1964	1.98	1.863	2.098	1.784	2
1965	1.922	1.863	2.098	1.804	2
1966	1.902	1.922	2.137	1.784	2
1967	1.863	1.922	2.098	1.863	2
1968	1.824	1.902	2.059	1.941	2
1969	1.843	1.902	2.02	1.961	2
1970	1.863	1.941	2.0	2.02	2
1971	1.843	1.902	1.98	2.039	2
1972	1.922	1.882	1.882	2.118	2
1973	1.922	1.843	1.922	2.098	2
1974	1.961	1.843	1.922	2.078	2
1975	1.98	1.824	2.0	2.059	2
1976	2.059	1.804	2.078	2.0	2
1977	2.098	1.843	2.078	1.961	2
1978	2.078	1.843	2.118	1.922	2
1979	2.059	1.843	2.137	1.922	2
1980	2.039	1.882	2.137	1.843	2
1981	2.0	1.882	2.118	1.824	2
1982	1.941	1.902	2.098	1.824	2
1983	1.941	1.902	2.137	1.824	2
1984	1.882	1.961	2.098	1.902	2
1985	1.863	1.941	2.059	1.961	2
1986	1.882	1.961	2.02	2.0	2
1987	1.863	1.941	2.0	2.078	2
1988	1.882	1.902	1.98	2.078	2
1989	1.843	1.941	1.941	2.137	2
1990	1.941	1.863	1.98	2.157	2
1991	1.98	1.843	1.941	2.118	2
1992	2.039	1.784	1.961	2.059	2
1993	2.078	1.784	2.059	1.98	2
1994	2.059	1.784	2.118	1.961	2
1995	2.078	1.765	2.137	1.922	2
1996	2.078	1.784	2.176	1.882	2
1997	2.02	1.882	2.098	1.843	2
1998	2.0	1.902	2.098	1.804	2
1999	1.922	1.882	2.118	1.824	2
