time	channel1	channel2	channel3	channel4	class
0	2.059	1.804	2.176	1.98	3
1	2.059	1.824	2.137	1.941	3
2	2.059	1.824	2.137	1.961	3
3	2.039	1.882	2.078	1.902	3
4	2.039	1.902	2.039	1.882	3
5	2.02	1.941	1.98	1.863	3
6	1.941	1.961	1.922	1.843	3
7	1.941	1.961	1.902	1.843	3
8	1.902	2.02	1.902	1.902	3
9	1.863	1.961	1.941	1.961	3
10	1.863	1.941	1.941	2.0	3
11	1.882	1.941	1.961	2.0	3
12	1.863	1.902	2.02	2.0	3
13	1.863	1.882	2.039	2.039	3
14	1.902	1.804	2.157	2.059	3
15	1.98	1.824	2.137	2.039	3
16	2.0	1.784	2.196	2.039	3
17	2.039	1.804	2.137	1.98	3
18	2.02	1.804	2.137	1.941	3
19	2.039	1.824	2.118	1.941	3
20	2.039	1.843	2.098	1.902	3
21	2.039	1.902	2.039	1.863	3
22	2.0	1.941	1.98	1.863	3
23	1.941	1.941	1.961	1.863	3
24	1.922	1.961	1.902	1.863	3
25	1.902	1.98	1.882	1.882	3
26	1.863	1.98	1.961	1.941	3
27	1.882	1.961	1.961	2.0	3
28	1.863	1.922	1.98	2.0	3
29	1.882	1.902	2.02	2.039	3
30	1.922	1.863	2.059	2.039	3
31	1.941	1.824	2.157	2.059	3
32	1.98	1.804	2.157	2.059	3
33	1.98	1.784	2.157	2.039	3
34	2.039	1.784	2.157	1.98	3
35	2.059	1.824	2.137	1.961	3
36	2.039	1.824	2.137	1.961	3
37	2.039	1.843	2.098	1.961	3
38	2.039	1.882	2.02	1.882	3
39	2.02	1.941	1.98	1.843	3
40	1.941	1.941	1.941	1.863	3
41	1.961	1.961	1.941	1.863	3
42	1.882	1.98	1.902	1.902	3
43	1.863	1.961	1.922	1.941	3
44	1.882	1.941	1.961	1.98	3
45	1.863	1.941	1.961	2.02	3
46	1.824	1.902	2.039	2.039	3
47	1.902	1.843	2.059	2.059	3
48	1.941	1.804	2.137	2.039	3
49	1.98	1.804	2.137	2.078	3
50	2.02	1.784	2.176	2.0	3
51	2.039	1.784	2.157	1.98	3
52	2.059	1.804	2.118	1.961	3
53	2.039	1.824	2.118	1.922	3
54	2.059	1.843	2.118	1.882	3
55	2.02	1.882	2.039	1.863	3
56	2.0	1.922	1.961	1.863	3
57	1.941	1.961	1.941	1.824	3
58	1.961	1.98	1.941	1.863	3
59	1.902	2.0	1.902	1.882	3
60	1.863	1.961	1.941	1.941	3
61	1.863	1.941	1.941	1.98	3
62	1.882	1.922	2.0	1.98	3
63	1.882	1.882	2.02	2.059	3
64	1.922	1.902	2.078	2.059	3
65	1.941	1.804	2.157	2.059	3
66	1.98	1.804	2.137	2.059	3
67	2.0	1.784	2.196	2.02	3
68	2.039	1.804	2.157	1.98	3
69	2.02	1.804	2.137	1.961	3
70	2.039	1.824	2.118	1.941	3
71	2.059	1.824	2.137	1.863	3
72	2.059	1.922	2.059	1.902	3
73	2.039	1.941	1.98	1.843	3
74	1.941	1.941	1.961	1.843	3
75	1.941	1.98	1.922	1.863	3
76	1.882	1.98	1.902	1.882	3
77	1.882	2.0	1.941	1.922	3
78	1.863	1.961	1.98	1.961	3
79	1.863	1.922	1.98	2.02	3
80	1.843	1.922	2.039	2.039	3
81	1.902	1.863	2.059	2.039	3
82	1.902	1.843	2.157	2.059	3
83	1.961	1.804	2.157	2.059	3
84	1.98	1.784	2.176	2.039	3
85	2.039	1.784	2.176	2.02	3
86	2.059	1.824	2.118	1.941	3
87	2.039	1.824	2.118	1.922	3
88	2.039	1.843	2.098	1.961	3
89	2.039	1.922	2.059	1.882	3
90	2.02	1.922	1.98	1.843	3
91	1.941	1.961	1.941	1.843	3
92	1.961	1.98	1.922	1.843	3
93	1.882	2.0	1.882	1.902	3
94	1.882	1.98	1.922	1.941	3
95	1.882	1.961	1.961	1.98	3
96	1.863	1.941	1.98	2.0	3
97	1.824	1.902	2.039	2.039	3
98	1.902	1.863	2.039	2.059	3
99	1.922	1.843	2.157	2.039	3
100	1.98	1.804	2.137	2.078	3
101	2.02	1.784	2.196	2.02	3
102	2.039	1.784	2.157	1.98	3
103	2.039	1.804	2.118	1.961	3
104	2.059	1.804	2.137	1.922	3
105	2.039	1.863	2.098	1.922	3
106	2.02	1.882	2.078	1.882	3
107	2.0	1.902	1.98	1.863	3
108	1.961	1.961	1.922	1.843	3
109	1.922	1.98	1.922	1.882	3
110	1.922	2.0	1.882	1.882	3
111	1.863	1.961	1.941	1.941	3
112	1.863	1.941	1.941	1.98	3
113	1.882	1.922	1.961	1.98	3
114	1.902	1.882	2.02	2.02	3
115	1.902	1.882	2.059	2.039	3
116	1.922	1.824	2.137	2.059	3
117	1.961	1.804	2.157	2.039	3
118	2.0	1.784	2.176	2.02	3
119	2.02	1.804	2.157	1.98	3
120	2.059	1.804	2.137	1.961	3
121	2.039	1.804	2.098	1.941	3
122	2.059	1.824	2.118	1.902	3
123	2.078	1.902	2.039	1.882	3
124	1.98	1.922	1.98	1.843	3
125	1.941	1.922	1.922	1.843	3
126	1.941	1.961	1.902	1.843	3
127	1.902	1.98	1.882	1.902	3
128	1.882	1.98	1.922	1.941	3
129	1.863	1.941	1.98	1.98	3
130	1.882	1.922	1.961	2.0	3
131	1.902	1.882	2.039	2.0	3
132	1.882	1.863	2.039	2.039	3
133	1.922	1.824	2.157	2.059	3
134	1.961	1.804	2.137	2.059	3
135	2.02	1.804	2.176	2.039	3
136	2.039	1.784	2.157	1.98	3
137	2.059	1.824	2.137	1.961	3
138	2.039	1.824	2.118	1.941	3
139	2.059	1.824	2.137	1.902	3
140	2.078	1.902	2.039	1.882	3
141	2.02	1.941	2.0	1.863	3
142	1.961	1.961	1.941	1.843	3
143	1.941	1.98	1.922	1.863	3
144	1.902	1.98	1.882	1.902	3
145	1.882	1.961	1.922	1.941	3
146	1.882	1.961	1.941	1.961	3
147	1.863	1.941	1.961	1.98	3
148	1.882	1.922	2.0	2.039	3
149	1.922	1.843	2.039	2.039	3
150	1.922	1.824	2.137	2.059	3
151	1.961	1.804	2.137	2.039	3
152	2.0	1.784	2.176	2.039	3
153	2.02	1.765	2.157	2.0	3
154	2.039	1.804	2.118	1.922	3
155	2.078	1.804	2.118	1.922	3
156	2.039	1.843	2.098	1.922	3
157	2.059	1.882	2.059	1.863	3
158	2.0	1.902	2.0	1.863	3
159	1.941	1.941	1.922	1.843	3
160	1.941	1.961	1.922	1.824	3
161	1.882	2.0	1.882	1.882	3
162	1.863	1.961	1.922	1.941	3
163	1.882	1.941	1.941	1.98	3
164	1.882	1.922	1.961	1.98	3
165	1.863	1.922	2.0	2.02	3
166	1.882	1.843	2.078	2.039	3
167	1.922	1.804	2.137	2.059	3
168	1.961	1.804	2.118	2.039	3
169	2.0	1.784	2.176	2.02	3
170	2.02	1.784	2.157	1.961	3
171	2.039	1.804	2.137	1.941	3
172	2.02	1.804	2.118	1.941	3
173	2.039	1.843	2.098	1.882	3
174	2.039	1.902	2.059	1.882	3
175	2.0	1.922	2.0	1.843	3
176	1.941	1.941	1.922	1.843	3
177	1.922	1.961	1.922	1.824	3
178	1.922	2.0	1.902	1.902	3
179	1.863	2.0	1.941	1.941	3
180	1.882	1.961	1.98	1.98	3
181	1.863	1.961	1.98	2.0	3
182	1.882	1.882	2.078	2.039	3
183	1.882	1.863	2.059	2.039	3
184	1.902	1.843	2.157	2.059	3
185	2.0	1.824	2.137	2.059	3
186	1.98	1.804	2.196	2.039	3
187	2.039	1.804	2.176	2.02	3
188	2.059	1.824	2.137	1.961	3
189	2.059	1.824	2.137	1.922	3
190	2.039	1.824	2.098	1.902	3
191	2.078	1.902	2.039	1.882	3
192	2.02	1.941	2.0	1.863	3
193	1.961	1.961	1.941	1.824	3
194	1.922	1.961	1.922	1.843	3
195	1.882	1.98	1.902	1.902	3
196	1.863	1.98	1.902	1.922	3
197	1.902	1.961	1.941	1.98	3
198	1.863	1.922	1.961	2.02	3
199	1.843	1.882	2.02	2.039	3
200	1.863	1.863	2.039	2.059	3
201	1.941	1.824	2.137	2.059	3
202	1.941	1.804	2.137	2.059	3
203	2.0	1.784	2.196	2.039	3
204	2.02	1.804	2.176	2.0	3
205	2.039	1.804	2.137	1.941	3
206	2.059	1.824	2.118	1.961	3
207	2.039	1.843	2.098	1.941	3
208	2.059	1.882	2.078	1.922	3
209	2.02	1.941	2.039	1.863	3
210	1.98	1.961	1.922	1.863	3
211	1.941	1.98	1.922	1.843	3
212	1.902	2.0	1.902	1.882	3
213	1.863	1.961	1.941	1.961	3
214	1.882	1.961	1.961	1.961	3
215	1.882	1.941	1.98	1.98	3
216	1.882	1.882	2.0	2.0	3
217	1.843	1.843	2.078	2.059	3
218	1.922	1.843	2.137	2.059	3
219	1.961	1.804	2.137	2.039	3
220	2.0	1.784	2.176	2.02	3
221	2.039	1.784	2.176	1.98	3
222	2.039	1.784	2.137	1.941	3
223	2.039	1.804	2.118	1.941	3
224	2.059	1.824	2.118	1.863	3
225	2.098	1.882	2.039	1.902	3
226	2.0	1.902	2.02	1.863	3
227	1.98	1.98	1.941	1.863	3
228	1.941	1.961	1.941	1.882	3
229	1.902	2.0	1.882	1.902	3
230	1.863	1.98	1.941	1.941	3
231	1.863	1.941	1.961	2.0	3
232	1.863	1.941	1.98	2.0	3
233	1.863	1.882	2.02	2.039	3
234	1.902	1.863	2.059	2.039	3
235	1.902	1.824	2.157	2.059	3
236	1.961	1.804	2.137	2.059	3
237	1.98	1.765	2.157	2.02	3
238	2.039	1.784	2.157	1.98	3
239	2.039	1.824	2.137	1.961	3
240	2.078	1.824	2.118	1.941	3
241	2.039	1.824	2.098	1.902	3
242	2.078	1.882	2.039	1.863	3
243	2.039	1.922	2.0	1.843	3
244	1.961	1.961	1.941	1.843	3
245	1.922	1.961	1.922	1.863	3
246	1.902	1.98	1.882	1.882	3
247	1.882	1.961	1.902	1.941	3
248	1.863	1.961	1.941	1.98	3
249	1.882	1.922	1.98	2.0	3
250	1.882	1.922	2.039	2.02	3
251	1.863	1.863	2.059	2.02	3
252	1.922	1.824	2.137	2.078	3
253	2.0	1.804	2.118	2.039	3
254	1.98	1.784	2.176	2.02	3
255	2.02	1.784	2.157	1.98	3
256	2.039	1.804	2.157	1.961	3
257	2.059	1.824	2.118	1.941	3
258	2.039	1.824	2.137	1.902	3
259	2.059	1.882	2.039	1.863	3
260	2.039	1.941	2.02	1.843	3
261	1.961	1.941	1.922	1.824	3
262	1.941	1.961	1.922	1.843	3
263	1.902	1.961	1.902	1.882	3
264	1.863	1.941	1.902	1.941	3
265	1.902	1.922	1.922	1.961	3
266	1.902	1.882	1.941	1.961	3
267	1.902	1.863	1.98	2.0	3
268	1.902	1.863	2.059	2.039	3
269	1.941	1.824	2.157	2.039	3
270	2.0	1.784	2.137	2.039	3
271	2.02	1.765	2.157	2.0	3
272	2.039	1.725	2.157	1.941	3
273	2.078	1.745	2.098	1.902	3
274	2.078	1.784	2.098	1.882	3
275	2.098	1.824	2.118	1.843	3
276	2.039	1.863	2.02	1.824	3
277	2.059	1.882	2.0	1.824	3
278	1.961	1.902	1.902	1.843	3
279	1.941	1.941	1.902	1.804	3
280	1.843	2.02	1.902	1.863	3
281	1.765	2.039	1.961	1.941	3
282	1.784	2.0	2.0	2.039	3
283	1.882	1.98	2.02	2.039	3
284	1.941	1.922	2.02	2.059	3
285	1.902	1.922	2.059	2.059	3
286	1.882	1.882	2.176	2.039	3
287	1.902	1.863	2.157	2.059	3
288	1.922	1.863	2.255	2.059	3
289	1.98	1.863	2.216	2.059	3
290	1.961	1.902	2.196	2.039	3
291	1.941	1.902	2.176	2.02	3
292	1.961	1.902	2.137	1.98	3
293	1.98	1.941	2.098	1.922	3
294	2.0	2.0	2.098	1.882	3
295	1.941	2.02	1.98	1.882	3
296	1.863	1.98	1.922	1.882	3
297	1.882	2.02	1.902	1.902	3
298	1.882	2.039	1.941	1.961	3
299	1.863	2.0	2.0	1.98	3
300	1.863	1.961	2.02	2.02	3
301	1.863	1.941	2.059	2.059	3
302	1.843	1.902	2.098	2.098	3
303	1.882	1.843	2.137	2.078	3
304	1.961	1.824	2.137	2.059	3
305	1.98	1.765	2.176	2.039	3
306	2.02	1.784	2.157	1.98	3
307	2.059	1.784	2.118	1.941	3
308	2.039	1.824	2.118	1.941	3
309	2.059	1.824	2.137	1.902	3
310	2.098	1.882	2.039	1.902	3
311	2.0	1.902	2.0	1.843	3
312	1.98	1.941	1.922	1.863	3
313	1.922	1.961	1.922	1.843	3
314	1.941	1.961	1.882	1.882	3
315	1.882	1.98	1.902	1.941	3
316	1.882	1.941	1.961	1.98	3
317	1.902	1.922	1.941	2.0	3
318	1.882	1.882	2.02	2.0	3
319	1.863	1.843	2.039	2.059	3
320	1.941	1.804	2.118	2.039	3
321	2.02	1.784	2.118	2.02	3
322	2.02	1.784	2.157	2.02	3
323	2.039	1.745	2.157	1.961	3
324	2.059	1.765	2.098	1.941	3
325	2.078	1.804	2.118	1.941	3
326	2.078	1.824	2.098	1.902	3
327	2.078	1.863	2.039	1.843	3
328	2.039	1.902	2.0	1.824	3
329	1.98	1.922	1.902	1.843	3
330	1.941	1.941	1.902	1.824	3
331	1.922	1.961	1.863	1.863	3
332	1.882	1.961	1.922	1.941	3
333	1.882	1.922	1.941	1.98	3
334	1.863	1.902	1.961	1.961	3
335	1.922	1.843	2.02	1.98	3
336	1.922	1.863	2.039	2.02	3
337	1.922	1.804	2.137	2.02	3
338	1.98	1.784	2.118	2.039	3
339	2.0	1.745	2.157	2.02	3
340	2.059	1.745	2.157	1.961	3
341	2.059	1.784	2.137	1.941	3
342	2.059	1.784	2.118	1.922	3
343	2.059	1.804	2.137	1.863	3
344	2.137	1.863	2.059	1.863	3
345	2.078	1.882	1.98	1.824	3
346	2.0	1.882	1.902	1.824	3
347	1.941	1.882	1.863	1.804	3
348	1.922	1.941	1.843	1.824	3
349	1.922	1.941	1.922	1.902	3
350	1.922	1.922	1.961	1.941	3
351	2.0	1.843	1.922	1.961	3
352	1.98	1.824	1.902	1.941	3
353	2.0	1.745	1.941	1.922	3
354	1.961	1.745	2.059	1.922	3
355	1.922	1.765	2.098	1.98	3
356	1.941	1.706	2.137	2.02	3
357	2.078	1.667	2.098	1.98	3
358	2.176	1.725	2.02	1.902	3
359	2.118	1.765	2.039	1.843	3
360	2.039	1.804	2.078	1.804	3
361	1.961	1.941	2.098	1.863	3
362	1.882	1.98	2.078	1.922	3
363	1.882	1.941	1.941	1.961	3
364	1.941	1.941	1.902	1.902	3
365	1.922	2.0	1.882	1.882	3
366	1.843	2.039	1.922	1.902	3
367	1.784	2.098	2.0	1.941	3
368	1.725	2.098	2.059	2.059	3
369	1.725	2.059	2.059	2.157	3
370	1.784	1.941	2.098	2.157	3
371	1.804	1.902	2.235	2.196	3
372	1.902	1.882	2.216	2.157	3
373	1.922	1.882	2.235	2.098	3
374	2.0	1.882	2.255	2.02	3
375	1.961	1.961	2.235	2.02	3
376	1.922	1.941	2.196	2.02	3
377	1.961	1.961	2.196	2.0	3
378	1.941	2.0	2.118	1.98	3
379	2.0	2.02	2.059	1.961	3
380	1.922	2.02	1.98	1.882	3
381	1.882	2.059	2.0	1.882	3
382	1.843	2.098	1.961	1.902	3
383	1.804	2.078	2.0	2.0	3
384	1.824	2.059	2.02	2.059	3
385	1.824	2.02	2.039	2.078	3
386	1.824	2.02	2.078	2.078	3
387	1.863	1.941	2.118	2.098	3
388	1.941	1.902	2.196	2.078	3
389	1.98	1.843	2.157	2.059	3
390	1.98	1.804	2.176	2.02	3
391	2.02	1.784	2.176	2.0	3
392	2.098	1.804	2.176	1.961	3
393	2.078	1.824	2.137	1.961	3
394	2.098	1.824	2.137	1.941	3
395	2.059	1.843	2.039	1.863	3
396	2.059	1.902	2.0	1.843	3
397	2.039	1.902	1.902	1.824	3
398	1.98	1.902	1.882	1.843	3
399	1.961	1.922	1.863	1.843	3
400	1.922	1.941	1.882	1.882	3
401	1.922	1.922	1.922	1.941	3
402	1.922	1.882	1.941	1.98	3
403	1.902	1.902	1.941	1.98	3
404	1.941	1.804	1.961	2.0	3
405	1.961	1.804	2.078	2.02	3
406	2.02	1.765	2.118	2.02	3
407	2.02	1.745	2.157	2.02	3
408	2.078	1.745	2.176	1.961	3
409	2.098	1.745	2.118	1.961	3
410	2.098	1.784	2.118	1.902	3
411	2.078	1.804	2.118	1.863	3
412	2.02	1.843	2.078	1.882	3
413	2.039	1.863	2.0	1.824	3
414	2.02	1.922	1.863	1.824	3
415	1.941	1.902	1.902	1.804	3
416	1.922	1.941	1.882	1.863	3
417	1.882	1.922	1.902	1.922	3
418	1.882	1.922	1.941	1.98	3
419	1.902	1.922	1.941	1.961	3
420	1.922	1.863	2.0	2.0	3
421	1.902	1.843	2.02	2.039	3
422	1.922	1.804	2.118	2.039	3
423	1.98	1.765	2.098	2.02	3
424	2.0	1.765	2.137	2.0	3
425	2.039	1.745	2.157	1.98	3
426	2.059	1.765	2.098	1.941	3
427	2.059	1.784	2.098	1.922	3
428	2.039	1.824	2.098	1.882	3
429	2.059	1.863	2.059	1.863	3
430	1.98	1.882	2.0	1.863	3
431	1.98	1.922	1.902	1.824	3
432	1.941	1.941	1.902	1.824	3
433	1.902	1.961	1.863	1.843	3
434	1.843	1.941	1.882	1.922	3
435	1.863	1.98	1.961	1.961	3
436	1.902	1.941	1.98	1.98	3
437	1.882	1.902	2.0	2.0	3
438	1.843	1.824	2.02	2.02	3
439	1.922	1.765	2.098	2.059	3
440	1.98	1.725	2.098	2.02	3
441	2.039	1.706	2.118	1.98	3
442	2.078	1.706	2.137	1.941	3
443	2.078	1.725	2.118	1.922	3
444	2.039	1.745	2.098	1.902	3
445	2.039	1.784	2.118	1.882	3
446	2.137	1.804	2.0	1.882	3
447	2.059	1.843	1.98	1.824	3
448	2.02	1.863	1.882	1.784	3
449	1.961	1.902	1.882	1.784	3
450	1.922	1.922	1.863	1.804	3
451	1.863	1.941	1.902	1.902	3
452	1.882	1.98	1.98	1.98	3
453	1.863	1.961	1.98	2.039	3
454	1.824	1.98	2.02	2.039	3
455	1.765	1.941	2.078	2.078	3
456	1.804	1.922	2.157	2.098	3
457	1.922	1.902	2.196	2.098	3
458	1.98	1.902	2.196	2.078	3
459	1.961	1.863	2.235	2.02	3
460	1.961	1.902	2.196	2.0	3
461	1.941	1.941	2.196	2.0	3
462	1.941	1.961	2.216	2.0	3
463	2.0	2.02	2.137	2.0	3
464	1.922	2.059	2.078	1.941	3
465	1.902	2.098	2.02	1.922	3
466	1.863	2.098	2.059	1.922	3
467	1.843	2.078	2.0	1.941	3
468	1.824	2.0	1.98	1.98	3
469	1.902	1.98	1.98	2.0	3
470	1.902	1.882	1.961	2.0	3
471	1.882	1.882	1.941	2.02	3
472	1.902	1.843	2.059	2.02	3
473	1.922	1.804	2.157	2.059	3
474	2.0	1.765	2.176	2.098	3
475	2.059	1.706	2.176	2.059	3
476	2.098	1.627	2.137	1.98	3
477	2.137	1.667	2.059	1.902	3
478	2.157	1.706	2.059	1.843	3
479	2.078	1.843	2.098	1.824	3
480	2.059	1.941	2.078	1.882	3
481	2.02	1.922	2.059	1.922	3
482	1.941	1.922	1.941	1.922	3
483	1.98	1.882	1.843	1.863	3
484	2.02	1.922	1.804	1.784	3
485	1.961	1.98	1.882	1.804	3
486	1.902	2.02	1.941	1.882	3
487	1.843	2.02	1.961	1.961	3
488	1.863	1.98	1.98	2.059	3
489	1.863	1.941	2.059	2.098	3
490	1.843	1.961	2.157	2.118	3
491	1.863	1.941	2.176	2.078	3
492	1.941	1.902	2.196	2.059	3
493	2.0	1.863	2.235	2.0	3
494	1.98	1.843	2.157	1.961	3
495	1.98	1.863	2.118	1.961	3
496	2.0	1.941	2.137	1.902	3
497	1.98	2.0	2.078	1.902	3
498	2.0	2.02	2.039	1.863	3
499	1.941	2.039	1.941	1.863	3
500	1.902	2.059	1.961	1.882	3
501	1.902	2.098	1.922	1.922	3
502	1.843	2.059	1.941	1.98	3
503	1.863	2.0	1.98	2.02	3
504	1.902	1.941	1.961	2.0	3
505	1.863	1.941	2.02	2.02	3
506	1.784	1.922	2.078	2.059	3
507	1.902	1.882	2.157	2.098	3
508	2.039	1.765	2.118	2.078	3
509	2.039	1.706	2.098	2.02	3
510	2.078	1.706	2.157	1.941	3
511	2.118	1.765	2.137	1.882	3
512	2.078	1.843	2.176	1.902	3
513	2.0	1.863	2.176	2.0	3
514	1.961	1.863	2.059	2.0	3
515	2.0	1.824	1.98	1.902	3
516	1.961	1.863	1.941	1.824	3
517	1.922	1.902	2.02	1.804	3
518	1.922	1.961	1.922	1.843	3
519	1.863	1.902	1.882	1.922	3
520	1.863	1.902	1.882	2.0	3
521	1.843	1.902	1.98	2.0	3
522	1.843	1.882	2.02	2.059	3
523	1.863	1.824	2.039	2.02	3
524	1.922	1.784	2.098	2.02	3
525	2.039	1.765	2.137	2.02	3
526	2.059	1.745	2.157	2.039	3
527	2.137	1.706	2.137	2.0	3
528	2.157	1.608	2.078	1.922	3
529	2.157	1.608	2.02	1.863	3
530	2.137	1.667	2.039	1.843	3
531	2.157	1.765	2.078	1.804	3
532	2.078	1.922	2.059	1.843	3
533	1.922	1.882	1.902	1.863	3
534	1.902	1.843	1.882	1.902	3
535	2.02	1.902	1.863	1.902	3
536	2.02	1.843	1.843	1.882	3
537	2.0	1.824	1.882	1.843	3
538	1.98	1.863	1.922	1.843	3
539	1.941	1.843	1.961	1.882	3
540	1.882	1.843	2.039	2.059	3
541	1.902	1.824	2.098	2.098	3
542	2.078	1.824	2.098	2.039	3
543	2.02	1.804	2.176	2.0	3
544	1.941	1.843	2.157	1.941	3
545	1.922	1.863	2.176	1.961	3
546	1.941	1.882	2.176	2.02	3
547	2.137	1.824	2.078	1.98	3
548	2.255	1.804	2.0	1.941	3
549	2.039	1.922	1.961	1.804	3
550	1.902	2.0	1.843	1.765	3
551	1.863	2.078	1.98	1.804	3
552	1.824	2.039	2.039	1.902	3
553	1.784	1.941	2.0	1.98	3
554	1.824	1.863	1.941	2.039	3
555	1.843	1.824	1.882	2.039	3
556	1.843	1.784	1.961	2.0	3
557	2.039	1.784	2.039	1.961	3
558	2.0	1.804	2.098	2.0	3
559	1.961	1.745	2.157	2.02	3
560	1.922	1.667	2.196	2.039	3
561	1.941	1.706	2.255	2.039	3
562	2.0	1.843	2.235	2.02	3
563	1.98	1.882	2.176	2.039	3
564	1.922	1.765	2.098	1.961	3
565	2.176	1.843	2.059	1.902	3
566	2.157	1.98	2.02	1.804	3
567	2.039	2.078	1.98	1.784	3
568	1.843	2.157	2.059	1.863	3
569	1.647	2.255	1.98	1.98	3
570	1.588	2.353	2.078	2.118	3
571	1.667	2.333	2.137	2.216	3
572	1.804	2.255	2.137	2.176	3
573	1.824	2.157	2.098	2.137	3
574	1.804	2.039	2.098	2.078	3
575	1.804	2.0	2.157	2.039	3
576	1.824	1.98	2.157	2.059	3
577	1.843	1.863	2.216	2.078	3
578	1.941	1.784	2.235	2.059	3
579	2.059	1.745	2.196	2.02	3
580	2.118	1.725	2.118	1.941	3
581	2.098	1.784	2.039	1.882	3
582	2.039	1.843	1.961	1.804	3
583	1.961	1.902	1.98	1.804	3
584	1.98	1.804	1.922	1.824	3
585	2.137	1.706	1.882	1.843	3
586	2.078	1.804	1.765	1.824	3
587	1.824	2.039	1.902	1.863	3
588	1.765	2.02	1.922	1.902	3
589	1.922	1.941	1.902	1.941	3
590	1.98	1.98	1.922	2.02	3
591	2.0	1.941	1.98	2.059	3
592	1.961	1.941	2.02	2.039	3
593	1.941	1.941	2.078	2.02	3
594	1.902	2.039	2.137	2.02	3
595	1.843	2.039	2.235	2.059	3
596	1.941	1.941	2.137	2.059	3
597	2.02	1.843	2.098	2.02	3
598	2.157	1.804	2.039	1.941	3
599	2.098	1.863	2.0	1.843	3
600	2.157	1.902	2.0	1.784	3
601	2.078	2.039	1.922	1.804	3
602	1.863	2.039	1.961	1.824	3
603	1.784	2.0	1.882	1.941	3
604	1.765	1.961	1.882	1.98	3
605	1.804	1.922	1.922	2.0	3
606	1.941	1.902	1.902	1.98	3
607	1.941	1.882	1.922	1.941	3
608	1.922	1.922	2.0	1.941	3
609	1.902	1.922	2.098	1.98	3
610	1.863	1.824	2.176	2.039	3
611	1.863	1.804	2.235	2.059	3
612	1.941	1.725	2.216	2.039	3
613	2.0	1.725	2.078	1.961	3
614	2.039	1.745	2.078	1.882	3
615	2.078	1.784	2.157	1.843	3
616	2.039	1.804	2.039	1.804	3
617	1.98	1.784	1.941	1.784	3
618	2.0	1.941	1.961	1.824	3
619	1.941	1.961	2.059	1.902	3
620	1.804	1.922	1.98	1.961	3
621	1.863	1.765	1.902	2.0	3
622	2.02	1.804	1.922	1.961	3
623	1.961	1.863	1.902	1.922	3
624	1.922	1.882	1.902	1.941	3
625	1.961	1.902	2.098	1.98	3
626	1.98	1.804	2.137	2.078	3
627	2.02	1.765	2.098	2.118	3
628	2.039	1.725	2.157	2.098	3
629	2.118	1.667	2.137	2.039	3
630	2.137	1.745	2.137	1.98	3
631	2.078	1.863	2.078	1.98	3
632	2.02	1.941	2.078	1.961	3
633	1.922	1.804	2.098	1.961	3
634	2.0	1.784	2.078	1.922	3
635	2.275	1.784	1.784	1.804	3
636	2.176	1.863	1.843	1.706	3
637	2.039	1.863	1.941	1.745	3
638	1.882	1.745	1.725	1.863	3
639	1.902	1.824	1.863	1.961	3
640	1.98	1.941	2.059	2.039	3
641	1.863	1.882	2.02	2.118	3
642	1.843	1.647	1.98	2.059	3
643	2.0	1.451	1.941	1.98	3
644	2.196	1.333	2.02	1.882	3
645	2.196	1.392	2.059	1.843	3
646	2.137	1.627	2.098	1.843	3
647	2.157	1.941	2.039	1.882	3
648	1.961	2.039	2.216	2.02	3
649	1.647	1.882	2.235	2.118	3
650	1.824	1.882	2.078	2.137	3
651	2.078	2.02	1.98	1.961	3
652	2.078	2.02	1.843	1.765	3
653	2.039	2.078	1.863	1.647	3
654	1.824	2.176	1.843	1.706	3
655	1.608	2.333	2.0	1.922	3
656	1.588	2.412	2.098	2.176	3
657	1.647	2.412	2.196	2.275	3
658	1.706	2.235	2.078	2.196	3
659	1.686	2.039	1.98	2.098	3
660	1.725	1.863	2.078	1.98	3
661	1.824	1.922	2.314	1.961	3
662	1.824	1.98	2.294	2.0	3
663	1.902	1.882	2.216	2.078	3
664	1.961	1.784	2.078	2.059	3
665	1.961	1.745	2.176	2.02	3
666	1.961	1.706	2.196	1.98	3
667	2.039	1.725	2.098	1.882	3
668	2.098	1.902	2.02	1.804	3
669	2.078	1.843	1.804	1.765	3
670	2.039	1.824	1.725	1.745	3
671	1.922	1.882	1.863	1.725	3
672	1.922	1.98	2.0	1.804	3
673	1.765	2.137	2.0	1.882	3
674	1.863	1.941	1.882	1.961	3
675	1.941	1.863	1.843	2.137	3
676	1.882	1.863	2.0	2.118	3
677	1.961	1.667	2.118	2.039	3
678	2.235	1.529	2.078	1.863	3
679	2.314	1.686	2.02	1.745	3
680	2.039	1.686	2.216	1.745	3
681	2.0	1.471	2.216	1.863	3
682	2.196	1.314	2.0	1.961	3
683	2.275	1.608	1.804	1.98	3
684	2.02	1.843	1.882	1.98	3
685	1.765	2.0	2.235	1.961	3
686	1.647	1.941	2.078	1.961	3
687	1.961	1.784	1.765	1.863	3
688	2.118	2.059	1.725	1.804	3
689	1.922	2.039	1.863	1.863	3
690	1.843	1.98	1.941	1.941	3
691	1.784	2.0	1.902	2.0	3
692	1.784	2.157	1.902	2.078	3
693	1.765	2.275	2.02	2.078	3
694	1.784	2.216	2.078	2.118	3
695	1.902	2.02	2.118	2.078	3
696	1.961	1.922	2.176	2.0	3
697	1.902	2.078	2.353	1.961	3
698	1.765	1.961	2.176	1.941	3
699	2.078	1.784	1.961	1.824	3
700	2.255	1.588	2.02	1.686	3
701	2.235	1.569	2.059	1.686	3
702	2.078	1.706	2.078	1.745	3
703	2.059	1.902	1.902	1.824	3
704	1.98	2.039	2.02	1.843	3
705	1.784	1.941	2.059	1.863	3
706	1.882	1.725	2.0	1.843	3
707	2.0	1.922	1.941	1.863	3
708	1.922	2.255	1.922	1.922	3
709	1.843	2.255	2.039	2.039	3
710	1.902	2.0	2.098	2.098	3
711	1.922	1.98	2.216	2.098	3
712	1.961	2.02	2.235	2.098	3
713	1.902	2.098	2.235	2.137	3
714	1.941	2.176	2.353	2.157	3
715	1.961	2.137	2.176	2.137	3
716	1.941	2.078	2.176	2.039	3
717	2.078	2.039	2.098	1.882	3
718	2.137	1.922	2.059	1.882	3
719	2.137	1.941	2.137	1.941	3
720	1.941	1.922	1.98	2.02	3
721	1.824	1.784	2.0	2.078	3
722	1.961	1.608	1.98	2.059	3
723	2.078	1.686	1.941	2.02	3
724	1.882	1.745	1.902	2.0	3
725	1.608	1.882	2.0	2.02	3
726	1.804	1.804	2.078	2.078	3
727	1.961	1.529	2.137	2.078	3
728	2.059	1.314	2.176	2.137	3
729	2.098	0.98	2.255	2.078	3
730	2.176	0.961	2.216	2.0	3
731	2.216	0.961	1.941	1.824	3
732	2.118	1.137	2.02	1.667	3
733	2.235	1.392	2.373	1.706	3
734	2.216	1.373	2.157	1.784	3
735	2.0	1.961	1.922	1.941	3
736	1.627	2.392	2.255	2.0	3
737	1.725	1.863	2.137	1.922	3
738	2.275	1.529	1.706	1.686	3
739	1.961	1.843	1.882	1.588	3
740	1.667	2.039	2.02	1.608	3
741	1.961	2.294	1.961	1.765	3
742	1.961	2.569	1.765	1.922	3
743	1.725	2.588	1.863	2.196	3
744	1.647	2.588	2.157	2.412	3
745	1.784	2.51	2.176	2.51	3
746	1.882	2.647	2.176	2.392	3
747	1.784	3.059	2.333	2.216	3
748	1.51	3.0	2.471	2.078	3
749	1.471	2.392	2.294	2.059	3
750	2.0	2.039	1.882	2.078	3
751	2.314	2.098	2.157	2.078	3
752	2.216	2.137	2.431	2.157	3
753	2.098	2.059	2.471	2.235	3
754	1.961	2.059	1.98	2.196	3
755	1.824	2.157	1.863	2.039	3
756	1.922	1.784	1.922	1.784	3
757	2.039	1.627	2.157	1.608	3
758	2.118	1.725	2.157	1.647	3
759	1.961	1.843	2.059	1.882	3
760	1.843	1.824	2.137	2.176	3
761	1.824	1.765	2.314	2.314	3
762	1.98	1.49	2.196	2.196	3
763	2.098	1.176	2.294	1.961	3
764	2.235	1.176	2.157	1.686	3
765	2.392	1.431	1.98	1.529	3
766	2.039	2.059	2.373	1.725	3
767	1.765	2.49	2.392	2.078	3
768	2.118	2.0	2.137	2.176	3
769	2.353	1.569	2.157	2.039	3
770	2.314	1.471	2.176	1.804	3
771	1.98	1.902	1.824	1.667	3
772	1.471	2.275	1.961	1.765	3
773	1.549	2.176	2.078	1.922	3
774	2.098	1.804	1.922	2.02	3
775	2.235	2.078	1.843	2.0	3
776	1.765	2.49	2.059	2.039	3
777	1.451	2.275	2.02	2.118	3
778	1.686	1.765	1.922	2.059	3
779	1.882	1.608	2.059	2.02	3
780	1.882	1.843	2.157	2.0	3
781	2.0	1.824	2.059	1.961	3
782	1.902	1.882	2.02	1.843	3
783	1.922	1.941	1.922	1.745	3
784	1.902	2.157	1.98	1.745	3
785	1.725	2.255	2.039	1.784	3
786	1.824	2.078	1.941	1.882	3
787	2.02	2.039	1.882	1.863	3
788	1.98	1.902	1.725	1.784	3
789	1.922	1.922	1.725	1.647	3
790	1.863	1.961	1.765	1.549	3
791	1.765	1.98	1.765	1.608	3
792	1.824	1.98	1.902	1.804	3
793	1.843	1.882	1.882	1.961	3
794	1.843	1.863	1.784	2.059	3
795	1.882	1.843	1.902	2.0	3
796	1.922	1.627	2.098	1.941	3
797	2.118	1.588	2.235	1.98	3
798	2.118	1.608	2.216	2.078	3
799	2.078	1.627	2.431	2.196	3
800	2.118	1.647	2.176	2.196	3
801	2.078	1.608	2.157	2.118	3
802	2.196	1.667	1.961	2.0	3
803	2.216	1.647	1.961	1.863	3
804	2.176	1.529	1.922	1.706	3
805	2.118	1.627	2.0	1.765	3
806	2.0	1.804	2.137	2.0	3
807	1.98	1.706	2.039	2.176	3
808	2.137	1.804	1.765	2.157	3
809	1.941	1.765	1.804	2.0	3
810	1.863	1.804	1.902	1.922	3
811	1.902	1.745	1.941	2.0	3
812	2.039	1.549	2.0	2.176	3
813	1.941	1.647	2.078	2.235	3
814	1.941	1.824	2.098	2.176	3
815	2.059	1.745	1.961	2.078	3
816	2.098	1.706	2.216	2.02	3
817	2.118	1.745	2.294	2.059	3
818	2.059	1.745	2.137	2.118	3
819	2.078	1.882	2.137	2.216	3
820	2.196	1.882	2.235	2.235	3
821	1.98	1.824	1.961	2.098	3
822	2.039	1.765	1.725	1.882	3
823	2.039	1.706	2.02	1.784	3
824	2.098	1.706	2.235	1.765	3
825	2.098	1.549	2.098	1.843	3
826	2.059	1.353	2.0	1.922	3
827	2.275	1.216	2.0	1.941	3
828	2.235	1.392	1.353	1.902	3
829	1.667	1.941	2.059	2.078	3
830	1.314	1.627	2.49	2.255	3
831	2.157	1.039	2.157	2.157	3
832	2.451	1.314	1.98	1.941	3
833	2.275	1.392	1.902	1.725	3
834	1.98	2.0	2.078	1.706	3
835	1.529	2.216	2.275	1.941	3
836	1.882	2.137	2.098	2.078	3
837	2.176	1.98	2.0	2.078	3
838	2.059	2.235	2.098	2.039	3
839	1.765	2.627	1.922	1.98	3
840	1.647	2.608	1.745	1.941	3
841	1.706	2.745	1.804	1.922	3
842	1.667	2.843	1.922	1.902	3
843	1.647	2.608	1.98	1.941	3
844	1.569	2.647	2.0	2.0	3
845	1.667	2.471	2.078	2.078	3
846	1.824	2.216	2.078	2.098	3
847	1.843	2.02	1.98	2.059	3
848	1.863	2.098	1.922	1.98	3
849	1.843	2.078	2.216	1.941	3
850	1.804	1.706	2.255	1.922	3
851	1.902	1.49	2.137	1.863	3
852	2.078	1.569	2.02	1.863	3
853	2.294	1.667	2.02	1.843	3
854	2.216	1.882	2.0	1.765	3
855	1.863	2.137	1.902	1.706	3
856	1.863	2.02	1.784	1.706	3
857	1.882	1.941	1.961	1.765	3
858	1.902	1.941	2.0	1.843	3
859	1.882	1.902	1.922	1.922	3
860	2.0	1.784	1.824	1.882	3
861	2.039	1.882	1.824	1.745	3
862	1.961	1.922	1.863	1.647	3
863	1.922	2.157	2.0	1.745	3
864	1.882	2.294	2.098	1.961	3
865	1.824	2.157	2.157	2.059	3
866	1.784	1.745	2.235	2.039	3
867	2.137	1.275	2.118	1.784	3
868	2.275	1.196	2.0	1.588	3
869	2.216	1.471	2.039	1.627	3
870	2.078	1.922	2.176	1.824	3
871	1.725	2.275	2.392	2.098	3
872	1.725	1.98	2.216	2.176	3
873	2.098	1.608	2.02	2.039	3
874	2.0	1.686	1.765	1.784	3
875	1.882	1.824	1.667	1.627	3
876	1.922	2.098	1.98	1.706	3
877	1.902	2.078	2.176	1.922	3
878	1.843	2.118	2.216	2.255	3
879	1.745	2.137	2.176	2.49	3
880	1.765	2.0	2.176	2.51	3
881	1.941	1.863	2.176	2.314	3
882	2.02	1.882	2.275	2.098	3
883	2.039	1.863	2.235	2.0	3
884	2.118	1.804	2.235	1.941	3
885	2.059	2.039	2.118	2.0	3
886	2.02	2.059	2.333	2.098	3
887	2.039	1.902	2.314	2.255	3
888	2.176	1.765	2.176	2.255	3
889	2.275	1.863	2.255	2.098	3
890	2.157	1.961	1.98	1.843	3
891	2.118	1.922	1.804	1.667	3
892	2.137	1.941	1.843	1.686	3
893	1.98	1.941	1.98	1.882	3
894	1.863	1.941	2.0	2.137	3
895	1.765	2.216	2.039	2.294	3
896	1.784	1.98	1.922	2.314	3
897	1.961	1.608	1.961	2.118	3
898	2.059	1.824	2.255	1.98	3
899	2.118	1.843	2.157	1.922	3
900	1.922	1.863	2.137	1.98	3
901	1.98	1.686	2.118	2.039	3
902	1.961	1.725	2.118	2.039	3
903	2.0	1.804	2.118	2.039	3
904	2.02	1.647	2.118	1.98	3
905	2.0	1.588	2.157	1.902	3
906	1.98	1.784	2.157	1.902	3
907	2.118	2.059	2.078	1.902	3
908	2.0	2.02	2.118	1.863	3
909	1.824	1.784	1.882	1.843	3
910	1.882	1.941	1.608	1.824	3
911	1.843	1.922	1.725	1.804	3
912	1.882	2.176	1.941	1.843	3
913	1.882	2.0	2.059	1.961	3
914	2.02	1.392	2.078	1.98	3
915	2.118	1.353	2.0	1.941	3
916	2.176	1.529	2.0	1.765	3
917	2.078	1.804	1.961	1.745	3
918	1.824	2.02	1.902	1.765	3
919	1.922	2.078	2.059	1.863	3
920	1.824	1.922	2.137	2.0	3
921	1.961	1.451	2.0	1.941	3
922	2.216	1.275	1.843	1.765	3
923	2.137	1.529	2.039	1.627	3
924	2.078	1.706	1.902	1.647	3
925	1.902	1.922	1.745	1.686	3
926	1.843	2.235	1.627	1.745	3
927	1.588	2.627	1.725	1.941	3
928	1.392	2.667	2.098	2.118	3
929	1.725	2.0	2.118	2.196	3
930	1.902	1.667	2.039	2.118	3
931	1.863	1.941	2.0	2.118	3
932	1.804	2.098	2.039	2.059	3
933	1.804	2.137	2.098	2.059	3
934	1.784	2.196	2.118	2.059	3
935	1.824	2.157	2.118	2.059	3
936	1.922	2.118	2.02	1.961	3
937	1.941	2.0	2.059	1.843	3
938	2.0	1.902	2.0	1.843	3
939	2.039	1.843	2.0	1.98	3
940	2.02	1.98	2.098	2.059	3
941	2.02	1.961	1.98	2.02	3
942	2.039	1.882	1.863	1.843	3
943	1.961	1.843	1.804	1.706	3
944	1.882	1.765	1.784	1.686	3
945	1.902	1.922	2.078	1.784	3
946	1.961	1.804	2.255	2.039	3
947	2.059	1.588	1.843	2.157	3
948	2.059	1.529	1.98	2.098	3
949	2.157	1.725	2.235	2.02	3
950	1.863	1.784	2.255	2.039	3
951	1.824	1.843	2.176	2.098	3
952	2.137	1.824	2.216	2.078	3
953	2.275	1.824	2.431	2.059	3
954	2.235	1.706	2.353	2.059	3
955	2.157	1.765	2.176	2.0	3
956	2.098	1.784	2.176	1.922	3
957	2.039	1.784	2.02	1.863	3
958	2.059	1.882	1.863	1.824	3
959	1.941	1.922	1.863	1.765	3
960	1.941	2.02	1.902	1.765	3
961	2.0	2.176	1.961	1.902	3
962	1.961	2.02	2.059	2.0	3
963	1.922	1.706	1.961	2.02	3
964	1.863	1.706	2.118	2.0	3
965	2.098	1.745	2.235	2.098	3
966	2.059	1.627	2.078	2.137	3
967	2.0	1.765	2.098	2.078	3
968	1.961	1.941	2.196	2.02	3
969	1.863	1.843	2.314	1.98	3
970	2.118	1.706	2.294	2.0	3
971	2.137	1.667	2.216	2.02	3
972	2.157	1.843	2.235	2.078	3
973	2.196	1.941	2.275	2.039	3
974	1.941	1.863	2.0	1.922	3
975	2.02	2.039	1.902	1.882	3
976	2.078	2.275	2.0	1.882	3
977	1.902	2.157	2.059	1.961	3
978	1.647	2.176	1.941	2.118	3
979	1.686	2.176	1.863	2.098	3
980	1.863	2.039	1.863	2.059	3
981	1.882	2.059	1.961	2.0	3
982	1.882	1.843	1.961	2.0	3
983	1.863	1.882	2.216	2.059	3
984	1.961	1.961	2.314	2.118	3
985	2.059	1.647	2.039	2.098	3
986	2.157	1.275	1.902	1.98	3
987	2.118	1.294	2.098	1.863	3
988	2.137	1.549	2.039	1.784	3
989	1.902	2.098	1.902	1.804	3
990	1.706	2.431	2.196	1.961	3
991	1.706	1.922	2.098	2.0	3
992	2.196	1.275	1.863	2.0	3
993	2.235	1.49	1.824	1.961	3
994	1.902	1.745	1.686	1.843	3
995	1.745	2.098	1.843	1.824	3
996	1.667	2.294	2.039	1.902	3
997	1.784	2.137	1.902	1.922	3
998	1.882	2.059	1.824	1.922	3
999	1.765	2.078	2.294	1.961	3
1000	1.784	2.0	2.078	2.078	3
1001	1.765	2.0	1.706	2.039	3
1002	1.784	2.176	2.118	1.98	3
1003	1.667	1.941	2.608	2.039	3
1004	1.902	1.647	2.255	2.059	3
1005	2.078	1.725	1.941	2.02	3
1006	2.039	1.804	2.196	1.922	3
1007	1.98	1.882	2.039	1.765	3
1008	2.02	2.0	1.902	1.608	3
1009	1.882	2.137	1.882	1.569	3
1010	1.765	2.0	1.941	1.706	3
1011	1.961	2.039	1.882	1.824	3
1012	1.902	2.0	1.843	1.882	3
1013	1.922	1.902	1.784	1.824	3
1014	1.843	1.961	1.804	1.863	3
1015	1.863	2.078	1.824	1.922	3
1016	1.843	2.098	1.882	1.98	3
1017	1.824	2.118	1.863	1.941	3
1018	1.98	2.059	1.98	1.784	3
1019	1.98	1.902	1.961	1.667	3
1020	1.98	1.784	1.961	1.667	3
1021	2.02	1.765	1.941	1.706	3
1022	2.059	1.725	1.941	1.745	3
1023	2.118	1.804	2.059	1.922	3
1024	2.098	1.902	2.235	2.118	3
1025	2.078	1.961	2.176	2.176	3
1026	2.059	1.882	1.863	2.02	3
1027	1.882	1.824	1.667	1.765	3
1028	1.843	1.804	1.725	1.667	3
1029	1.941	2.0	1.941	1.765	3
1030	2.039	2.0	2.078	2.0	3
1031	2.0	1.804	2.059	2.216	3
1032	1.941	1.804	2.157	2.392	3
1033	2.039	1.725	2.353	2.431	3
1034	2.098	1.686	2.333	2.373	3
1035	2.216	1.725	2.275	2.196	3
1036	2.176	1.647	2.275	2.078	3
1037	2.176	1.647	2.314	1.98	3
1038	2.157	1.843	2.314	2.02	3
1039	1.843	2.039	2.49	2.216	3
1040	2.039	1.588	2.431	2.255	3
1041	2.412	1.235	2.118	1.98	3
1042	2.314	1.275	1.98	1.706	3
1043	2.157	1.471	1.843	1.529	3
1044	1.961	1.863	1.902	1.627	3
1045	1.863	2.353	2.059	1.922	3
1046	1.765	2.471	2.255	2.255	3
1047	1.667	1.961	2.451	2.431	3
1048	1.843	1.451	1.961	2.255	3
1049	2.039	1.784	1.627	1.941	3
1050	1.882	1.863	1.941	1.745	3
1051	1.765	1.843	2.255	1.882	3
1052	1.922	1.824	2.412	2.078	3
1053	1.961	1.745	2.059	2.216	3
1054	2.039	1.824	2.196	2.216	3
1055	2.059	1.961	2.353	2.196	3
1056	1.824	2.059	2.255	2.294	3
1057	1.863	1.961	2.216	2.255	3
1058	2.0	1.686	2.333	2.098	3
1059	1.961	1.549	2.196	1.824	3
1060	2.059	1.392	1.784	1.686	3
1061	1.961	1.725	1.804	1.745	3
1062	2.039	2.098	1.745	1.902	3
1063	1.843	2.412	2.0	2.039	3
1064	1.627	2.627	2.137	2.118	3
1065	1.686	2.02	1.98	2.098	3
1066	1.882	1.706	1.902	2.0	3
1067	1.961	1.941	2.0	1.961	3
1068	1.902	2.176	1.922	1.902	3
1069	1.824	2.373	2.196	2.0	3
1070	1.824	2.431	2.431	2.137	3
1071	1.922	2.039	2.176	2.098	3
1072	2.157	1.902	2.078	1.98	3
1073	2.137	1.941	2.196	1.843	3
1074	2.098	2.039	2.137	1.765	3
1075	1.922	2.176	2.118	1.765	3
1076	1.941	2.333	2.039	1.824	3
1077	2.118	2.157	2.02	1.882	3
1078	1.824	1.922	1.882	1.824	3
1079	1.98	1.98	1.824	1.725	3
1080	1.941	1.961	1.961	1.725	3
1081	1.843	1.882	2.098	1.765	3
1082	1.824	1.706	1.843	1.706	3
1083	1.902	1.667	1.529	1.686	3
1084	1.843	1.569	1.824	1.686	3
1085	1.863	1.51	2.078	1.765	3
1086	2.039	1.549	2.216	1.98	3
1087	2.196	1.569	1.98	2.078	3
1088	2.137	1.588	1.745	1.882	3
1089	1.765	2.137	1.98	1.725	3
1090	1.824	1.98	2.137	1.686	3
1091	2.275	1.431	2.039	1.647	3
1092	2.216	1.431	1.961	1.667	3
1093	2.02	1.804	1.843	1.745	3
1094	1.961	2.039	1.824	1.882	3
1095	1.804	1.922	1.922	1.922	3
1096	1.725	1.882	1.843	1.961	3
1097	2.039	2.059	1.627	2.0	3
1098	1.882	2.059	1.765	1.863	3
1099	1.765	2.078	1.882	1.745	3
1100	1.647	2.275	1.745	1.745	3
1101	1.608	2.235	1.98	1.824	3
1102	1.863	1.98	2.176	1.98	3
1103	1.922	1.706	2.157	2.078	3
1104	1.902	1.49	1.961	2.137	3
1105	2.02	1.471	2.039	2.098	3
1106	2.157	1.647	2.176	2.039	3
1107	2.118	1.706	2.098	1.922	3
1108	2.098	1.647	2.059	1.824	3
1109	2.137	1.804	2.078	1.804	3
1110	1.922	2.137	2.118	1.961	3
1111	1.922	1.98	1.98	2.059	3
1112	2.176	1.765	2.02	2.078	3
1113	2.118	1.922	2.039	2.157	3
1114	1.745	1.882	2.0	2.294	3
1115	1.941	1.902	2.059	2.333	3
1116	1.98	2.059	2.137	2.294	3
1117	1.902	2.0	2.098	2.235	3
1118	1.804	1.882	2.098	2.196	3
1119	1.863	1.922	2.255	2.235	3
1120	1.922	1.882	2.373	2.275	3
1121	1.961	1.765	2.353	2.235	3
1122	2.039	1.686	2.294	2.137	3
1123	2.02	1.569	2.196	2.02	3
1124	2.039	1.725	2.275	1.941	3
1125	2.098	1.745	2.353	1.902	3
1126	2.02	1.765	2.275	1.902	3
1127	1.98	1.804	2.098	1.98	3
1128	1.961	1.647	2.235	1.98	3
1129	2.196	1.686	2.078	1.961	3
1130	2.216	1.922	1.745	1.843	3
1131	1.804	1.922	1.922	1.824	3
1132	1.765	1.804	2.157	1.922	3
1133	2.118	2.02	2.137	2.0	3
1134	2.118	2.157	2.216	2.098	3
1135	2.118	2.039	2.118	2.176	3
1136	1.882	2.118	1.98	2.275	3
1137	1.647	2.196	2.176	2.353	3
1138	1.824	2.157	2.157	2.275	3
1139	2.235	2.0	2.216	2.0	3
1140	2.137	1.843	2.118	1.765	3
1141	1.902	1.843	2.078	1.784	3
1142	2.098	2.196	2.098	1.98	3
1143	2.059	2.216	2.098	2.176	3
1144	2.02	1.961	2.039	2.118	3
1145	2.098	2.0	1.941	1.902	3
1146	1.784	2.275	1.804	1.725	3
1147	1.49	2.196	1.804	1.647	3
1148	1.784	1.961	1.745	1.706	3
1149	1.961	1.686	1.706	1.765	3
1150	1.824	1.706	1.843	1.824	3
1151	1.863	1.902	1.922	1.902	3
1152	1.745	2.059	2.078	1.922	3
1153	1.667	2.039	2.098	2.059	3
1154	1.922	1.765	2.098	2.059	3
1155	1.824	1.784	2.059	1.941	3
1156	1.863	1.588	1.922	1.804	3
1157	1.98	1.451	1.941	1.725	3
1158	1.98	1.549	2.098	1.725	3
1159	2.059	1.333	2.039	1.745	3
1160	2.078	1.471	1.902	1.725	3
1161	2.02	1.725	1.98	1.686	3
1162	1.98	1.922	1.863	1.706	3
1163	1.843	2.02	1.765	1.745	3
1164	1.98	2.039	2.098	1.824	3
1165	1.784	2.118	2.294	1.941	3
1166	1.902	1.765	1.529	2.0	3
1167	2.118	1.608	1.569	1.941	3
1168	2.039	1.686	1.98	1.902	3
1169	2.039	2.078	2.235	1.961	3
1170	1.941	2.137	2.196	2.078	3
1171	2.059	2.098	2.216	2.157	3
1172	1.922	2.02	2.137	2.137	3
1173	1.922	2.039	2.216	1.98	3
1174	2.0	2.078	2.176	1.843	3
1175	1.98	2.0	2.02	1.784	3
1176	1.961	2.039	2.02	1.824	3
1177	1.941	1.941	1.863	1.824	3
1178	2.0	1.941	1.922	1.882	3
1179	2.039	2.02	2.02	1.882	3
1180	2.0	1.882	1.882	1.922	3
1181	1.98	1.824	1.784	1.882	3
1182	1.882	2.02	1.843	1.863	3
1183	1.725	1.961	1.843	1.902	3
1184	1.745	1.843	1.824	1.843	3
1185	1.745	1.824	1.765	1.804	3
1186	1.706	1.961	1.804	1.784	3
1187	2.059	1.941	1.922	1.941	3
1188	1.961	1.725	2.137	2.118	3
1189	1.765	1.745	2.255	2.255	3
1190	2.039	1.588	2.255	2.196	3
1191	2.235	1.627	2.275	2.059	3
1192	2.255	1.882	2.255	1.941	3
1193	2.137	1.922	2.157	1.784	3
1194	2.118	1.922	2.216	1.667	3
1195	2.157	1.922	2.294	1.824	3
1196	2.235	1.941	2.176	1.961	3
1197	2.157	1.863	2.02	2.02	3
1198	2.059	1.843	1.961	1.961	3
1199	2.059	2.02	2.059	1.961	3
1200	1.804	2.353	2.451	2.176	3
1201	1.882	2.275	2.471	2.314	3
1202	2.392	1.745	1.98	2.216	3
1203	2.353	1.549	2.02	2.059	3
1204	2.039	1.529	2.235	1.941	3
1205	2.059	1.608	2.333	2.059	3
1206	2.176	1.745	2.314	2.235	3
1207	1.941	1.765	2.51	2.412	3
1208	1.765	1.412	2.373	2.49	3
1209	2.157	1.255	2.353	2.314	3
1210	2.216	1.235	2.255	2.078	3
1211	2.196	1.392	2.216	1.843	3
1212	2.157	1.627	1.98	1.784	3
1213	1.843	2.078	1.941	1.765	3
1214	1.745	2.039	2.235	2.0	3
1215	1.784	1.863	2.333	2.216	3
1216	2.078	1.745	2.0	2.275	3
1217	1.98	1.784	1.843	2.216	3
1218	1.549	2.157	1.765	2.0	3
1219	1.451	2.373	2.0	1.902	3
1220	1.706	2.255	2.039	1.941	3
1221	1.882	2.431	2.059	2.059	3
1222	1.843	2.549	2.275	2.196	3
1223	1.745	2.353	2.235	2.235	3
1224	1.922	2.196	2.078	2.176	3
1225	1.961	2.235	1.843	2.02	3
1226	1.804	2.137	1.961	1.922	3
1227	1.804	2.098	2.157	1.843	3
1228	1.961	2.118	2.098	1.863	3
1229	2.078	2.118	1.922	1.784	3
1230	1.98	1.961	1.902	1.706	3
1231	1.922	1.588	1.765	1.667	3
1232	1.902	1.627	1.569	1.667	3
1233	1.627	1.588	1.549	1.745	3
1234	1.706	1.608	1.686	1.824	3
1235	1.863	1.667	1.824	1.824	3
1236	1.863	1.569	1.765	1.824	3
1237	1.863	1.882	2.059	1.902	3
1238	1.725	1.843	2.333	1.941	3
1239	1.882	1.373	2.176	1.843	3
1240	2.137	1.235	1.686	1.706	3
1241	2.059	1.529	1.706	1.667	3
1242	1.882	1.843	2.039	1.765	3
1243	2.0	2.235	2.078	1.863	3
1244	2.078	2.255	2.235	1.941	3
1245	2.078	2.098	1.98	1.922	3
1246	2.039	2.118	1.706	1.745	3
1247	1.863	2.216	1.882	1.588	3
1248	1.922	2.275	1.882	1.588	3
1249	1.98	2.373	1.863	1.745	3
1250	1.941	2.431	1.882	1.922	3
1251	1.902	2.216	1.824	1.98	3
1252	1.941	1.98	1.745	1.941	3
1253	1.902	1.902	1.902	1.922	3
1254	2.0	2.196	2.196	2.02	3
1255	2.02	2.059	1.922	2.137	3
1256	1.863	1.804	2.0	2.098	3
1257	1.843	1.706	2.02	1.961	3
1258	1.98	1.549	2.0	1.765	3
1259	1.961	1.706	2.137	1.706	3
1260	1.804	1.863	2.235	1.784	3
1261	2.0	1.784	2.118	1.863	3
1262	2.137	1.667	2.02	1.784	3
1263	2.059	1.706	1.882	1.706	3
1264	1.941	1.627	1.843	1.647	3
1265	1.745	1.765	1.922	1.725	3
1266	1.706	1.902	1.961	1.765	3
1267	1.745	1.922	1.843	1.804	3
1268	1.824	1.824	1.843	1.824	3
1269	1.824	1.882	1.941	1.882	3
1270	2.0	1.941	2.216	2.059	3
1271	2.078	1.922	2.314	2.196	3
1272	1.98	1.667	2.157	2.216	3
1273	1.922	1.608	2.176	2.196	3
1274	2.059	1.608	2.294	2.216	3
1275	2.118	1.686	2.451	2.314	3
1276	2.255	1.784	2.412	2.314	3
1277	2.353	1.882	2.373	2.333	3
1278	2.176	1.765	2.353	2.294	3
1279	2.137	1.725	2.333	2.196	3
1280	2.176	1.824	2.235	2.157	3
1281	2.176	1.863	2.157	2.118	3
1282	2.039	1.804	2.137	2.157	3
1283	2.098	1.863	2.137	2.137	3
1284	2.118	1.941	2.078	2.196	3
1285	2.0	2.0	2.059	2.176	3
1286	1.961	2.059	2.176	2.176	3
1287	1.902	2.02	2.157	2.157	3
1288	1.843	1.902	2.118	2.039	3
1289	1.804	1.902	2.176	2.0	3
1290	1.961	2.02	2.235	2.02	3
1291	2.039	1.863	2.333	2.196	3
1292	2.118	1.588	2.431	2.255	3
1293	2.333	1.471	2.176	2.137	3
1294	2.314	1.647	2.392	2.02	3
1295	2.176	1.784	2.471	1.882	3
1296	1.98	1.588	2.176	1.843	3
1297	1.961	1.824	1.902	1.784	3
1298	2.039	2.059	2.118	1.843	3
1299	1.725	2.255	2.196	1.902	3
1300	1.882	1.51	1.804	1.843	3
1301	2.157	1.294	1.686	1.667	3
1302	2.0	1.706	2.0	1.706	3
1303	1.745	2.216	1.941	1.922	3
1304	1.706	2.314	1.843	2.078	3
1305	1.804	2.039	1.863	2.137	3
1306	1.725	1.667	1.922	2.0	3
1307	1.804	1.745	2.098	1.863	3
1308	2.098	1.863	2.235	1.824	3
1309	2.02	1.784	1.961	1.902	3
1310	1.843	1.804	1.588	2.0	3
1311	1.804	2.216	1.922	2.078	3
1312	1.804	2.314	2.294	2.118	3
1313	2.137	1.824	2.137	2.0	3
1314	2.451	1.922	1.725	1.824	3
1315	2.0	2.137	1.784	1.765	3
1316	1.824	2.078	1.863	1.843	3
1317	1.843	1.863	1.745	1.902	3
1318	1.745	1.941	1.725	1.961	3
1319	1.745	2.176	1.804	2.0	3
1320	1.804	2.176	1.784	1.961	3
1321	1.902	2.118	1.804	1.961	3
1322	1.706	2.157	2.059	2.0	3
1323	1.725	2.118	2.098	2.02	3
1324	1.686	1.961	1.961	2.02	3
1325	1.765	1.745	1.784	1.961	3
1326	1.922	2.039	2.157	1.941	3
1327	1.98	2.176	2.275	1.98	3
1328	2.059	2.059	2.078	2.0	3
1329	1.922	1.98	2.039	1.902	3
1330	1.843	1.98	2.118	1.667	3
1331	1.961	2.02	1.961	1.608	3
1332	2.059	2.0	1.882	1.569	3
1333	1.98	2.118	1.922	1.588	3
1334	1.941	2.137	1.765	1.627	3
1335	1.882	2.02	1.686	1.647	3
1336	1.961	2.02	1.902	1.667	3
1337	1.882	2.039	1.98	1.745	3
1338	1.784	1.902	1.725	1.765	3
1339	1.843	1.765	1.784	1.843	3
1340	2.02	1.647	1.941	1.902	3
1341	1.98	1.804	2.157	1.843	3
1342	2.0	1.843	2.098	1.804	3
1343	1.902	1.549	2.039	1.863	3
1344	1.98	1.51	2.039	1.961	3
1345	2.039	1.588	1.902	1.843	3
1346	2.078	1.588	1.98	1.627	3
1347	2.098	1.647	2.078	1.608	3
1348	2.078	1.804	2.137	1.804	3
1349	2.0	1.941	2.176	2.157	3
1350	1.941	1.843	2.02	2.333	3
1351	2.039	1.863	1.863	2.235	3
1352	1.863	1.922	1.941	2.02	3
1353	1.824	1.882	2.039	1.784	3
1354	1.843	1.882	2.059	1.784	3
1355	1.941	1.863	2.118	1.98	3
1356	1.98	1.902	2.216	2.235	3
1357	2.02	1.922	2.196	2.314	3
1358	1.843	1.765	2.216	2.294	3
1359	1.941	1.667	2.176	2.196	3
1360	2.059	1.627	2.314	2.118	3
1361	1.98	1.627	2.314	2.039	3
1362	2.059	1.647	2.294	2.0	3
1363	2.157	1.647	2.294	2.0	3
1364	2.118	1.529	2.235	1.98	3
1365	1.941	1.569	2.039	2.02	3
1366	2.02	1.804	2.078	2.059	3
1367	2.137	2.196	2.137	2.137	3
1368	2.039	2.039	2.059	2.137	3
1369	2.02	1.804	1.941	2.137	3
1370	1.922	1.98	2.118	2.118	3
1371	2.0	1.922	2.157	2.137	3
1372	2.039	1.882	2.059	2.078	3
1373	1.941	1.941	1.98	2.059	3
1374	1.941	2.039	2.216	2.118	3
1375	2.039	1.941	2.353	2.176	3
1376	2.059	2.0	2.51	2.353	3
1377	2.02	1.941	2.569	2.451	3
1378	2.255	1.667	2.255	2.275	3
1379	2.373	1.627	2.02	1.98	3
1380	2.216	1.686	2.196	1.784	3
1381	2.176	1.686	2.255	1.745	3
1382	2.118	1.882	2.118	1.784	3
1383	2.118	2.333	2.216	1.863	3
1384	1.824	2.118	2.196	2.0	3
1385	1.824	1.706	2.0	2.059	3
1386	1.941	1.863	1.784	2.039	3
1387	2.02	1.902	1.784	1.98	3
1388	2.039	1.882	2.0	1.863	3
1389	1.98	1.941	2.039	1.824	3
1390	1.804	1.804	1.902	1.843	3
1391	1.843	1.98	2.078	1.98	3
1392	1.765	2.275	2.059	2.137	3
1393	1.549	2.314	2.098	2.275	3
1394	1.725	1.98	2.333	2.255	3
1395	2.078	1.843	1.98	2.078	3
1396	1.961	1.667	1.784	1.745	3
1397	1.902	1.667	2.216	1.608	3
1398	2.059	1.863	2.059	1.745	3
1399	2.078	2.0	1.725	1.961	3
1400	1.725	2.373	1.824	2.059	3
1401	1.51	2.471	1.804	2.059	3
1402	1.686	2.078	1.706	1.941	3
1403	1.745	1.98	1.686	1.784	3
1404	1.647	2.0	1.882	1.804	3
1405	1.882	2.157	1.961	1.902	3
1406	1.863	2.275	1.863	1.98	3
1407	1.745	2.137	1.765	2.0	3
1408	1.804	1.961	1.784	1.98	3
1409	1.882	1.922	1.922	1.961	3
1410	1.941	1.824	1.941	1.882	3
1411	1.922	1.902	2.078	1.922	3
1412	2.02	2.059	2.137	1.922	3
1413	1.98	1.863	2.059	1.882	3
1414	2.0	1.647	1.902	1.745	3
1415	2.02	1.647	1.863	1.647	3
1416	1.98	1.706	1.863	1.667	3
1417	2.039	1.745	1.922	1.725	3
1418	2.098	1.882	1.824	1.725	3
1419	2.0	1.843	1.725	1.588	3
1420	1.882	1.902	1.706	1.549	3
1421	1.882	1.882	1.725	1.569	3
1422	1.863	1.667	1.784	1.686	3
1423	1.725	1.588	1.863	1.902	3
1424	1.784	1.627	2.039	2.02	3
1425	1.98	1.706	2.039	2.039	3
1426	1.961	1.667	2.118	1.941	3
1427	1.98	1.784	2.196	1.882	3
1428	2.137	1.843	2.137	1.843	3
1429	2.02	1.667	2.039	1.824	3
1430	1.922	1.765	2.118	1.843	3
1431	1.961	1.706	2.098	1.784	3
1432	2.0	1.647	2.02	1.745	3
1433	2.118	1.745	1.98	1.667	3
1434	2.078	1.765	1.98	1.667	3
1435	2.0	1.863	1.98	1.843	3
1436	2.118	2.059	2.196	2.098	3
1437	2.118	2.098	2.059	2.176	3
1438	1.843	1.882	1.98	2.059	3
1439	1.824	1.941	2.078	1.902	3
1440	2.098	1.98	2.039	1.765	3
1441	2.059	1.882	2.039	1.863	3
1442	1.98	1.882	2.196	2.039	3
1443	1.961	1.843	2.353	2.294	3
1444	2.098	1.902	2.373	2.471	3
1445	2.216	1.902	2.51	2.431	3
1446	2.353	1.941	2.549	2.314	3
1447	2.333	1.961	2.471	2.216	3
1448	2.196	1.922	2.451	2.157	3
1449	2.275	2.039	2.471	2.039	3
1450	2.255	2.078	2.294	2.039	3
1451	2.118	1.98	2.196	2.059	3
1452	2.02	1.824	2.078	2.039	3
1453	2.02	1.863	1.98	2.0	3
1454	2.059	1.961	2.059	1.98	3
1455	2.078	1.882	2.078	2.0	3
1456	2.118	1.98	2.294	2.137	3
1457	2.078	1.941	2.353	2.314	3
1458	1.765	1.588	2.196	2.392	3
1459	1.922	1.294	1.745	2.196	3
1460	1.725	1.314	2.118	1.961	3
1461	1.922	1.294	2.275	1.882	3
1462	2.176	1.451	2.098	1.941	3
1463	1.961	1.686	2.137	2.098	3
1464	1.843	1.882	2.216	2.216	3
1465	2.02	1.824	2.078	2.196	3
1466	2.039	1.627	2.157	2.059	3
1467	1.706	1.784	2.039	2.039	3
1468	1.608	1.824	1.765	2.0	3
1469	1.784	1.902	1.784	1.922	3
1470	1.784	2.118	1.961	1.863	3
1471	1.824	2.314	1.784	1.843	3
1472	1.725	2.412	1.647	1.863	3
1473	1.549	2.314	1.824	1.961	3
1474	1.412	2.314	2.137	2.137	3
1475	1.549	2.216	2.373	2.255	3
1476	1.824	2.118	2.118	2.216	3
1477	1.667	1.784	1.804	2.0	3
1478	1.706	1.804	1.686	1.765	3
1479	2.137	1.922	2.098	1.647	3
1480	2.176	2.0	2.294	1.745	3
1481	1.863	2.059	2.176	2.0	3
1482	1.843	2.02	2.118	2.157	3
1483	1.961	1.804	2.078	2.078	3
1484	1.961	1.882	2.02	1.902	3
1485	2.255	2.078	1.843	1.706	3
1486	2.157	1.961	1.745	1.608	3
1487	1.843	2.118	1.902	1.667	3
1488	1.765	2.235	1.804	1.843	3
1489	1.98	2.118	1.667	1.922	3
1490	1.941	2.059	1.804	1.902	3
1491	1.843	2.137	1.824	1.922	3
1492	1.902	2.196	1.863	1.961	3
1493	1.922	2.059	1.882	1.98	3
1494	1.863	1.863	1.941	1.922	3
1495	1.941	1.863	1.902	1.824	3
1496	1.882	1.725	1.98	1.765	3
1497	1.98	1.863	2.176	1.863	3
1498	2.137	1.706	2.098	1.902	3
1499	2.137	1.549	2.039	1.843	3
1500	2.157	1.745	2.235	1.745	3
1501	2.118	1.922	2.0	1.725	3
1502	2.078	1.863	1.706	1.667	3
1503	2.059	1.765	1.667	1.627	3
1504	1.882	1.686	1.745	1.647	3
1505	1.765	1.765	1.804	1.706	3
1506	1.784	1.824	1.863	1.784	3
1507	1.863	1.863	1.902	1.765	3
1508	1.961	1.882	2.02	1.824	3
1509	2.0	1.941	2.137	1.98	3
1510	1.882	1.765	2.176	2.176	3
1511	1.961	1.627	2.039	2.176	3
1512	1.882	1.588	2.059	2.02	3
1513	1.863	1.627	2.176	1.843	3
1514	1.961	1.725	2.314	1.686	3
1515	2.039	1.706	2.275	1.745	3
1516	2.157	1.706	2.157	1.902	3
1517	2.098	1.569	2.0	1.98	3
1518	2.137	1.667	2.078	1.961	3
1519	2.0	1.902	2.176	1.882	3
1520	2.078	2.039	2.118	1.902	3
1521	2.157	1.98	2.176	1.941	3
1522	2.098	1.843	2.078	2.078	3
1523	2.02	1.941	2.02	2.137	3
1524	2.039	1.961	2.02	2.098	3
1525	2.02	1.98	1.941	1.98	3
1526	1.882	2.059	2.098	1.98	3
1527	1.765	2.137	2.216	2.059	3
1528	1.882	1.98	2.333	2.176	3
1529	2.0	1.843	2.294	2.255	3
1530	2.02	1.765	2.294	2.255	3
1531	2.078	1.745	2.275	2.216	3
1532	2.078	1.843	2.255	2.216	3
1533	2.02	1.784	2.157	2.216	3
1534	2.059	1.882	2.196	2.176	3
1535	2.059	1.941	2.216	2.059	3
1536	1.961	1.863	2.078	1.922	3
1537	1.843	1.863	2.039	1.882	3
1538	1.804	1.882	2.0	1.961	3
1539	1.824	1.765	1.863	1.98	3
1540	1.824	1.902	1.98	2.02	3
1541	1.882	2.0	2.059	2.059	3
1542	2.059	1.98	1.961	2.0	3
1543	2.196	1.725	1.941	1.824	3
1544	2.196	1.51	2.02	1.784	3
1545	2.039	1.529	2.412	2.0	3
1546	1.961	1.588	2.157	2.196	3
1547	1.922	1.667	1.98	2.275	3
1548	1.843	1.902	2.196	2.098	3
1549	1.843	1.922	2.157	1.745	3
1550	2.176	1.863	2.059	1.529	3
1551	2.235	1.706	1.961	1.471	3
1552	2.137	1.667	2.0	1.647	3
1553	2.078	1.765	1.961	1.824	3
1554	1.843	1.941	1.863	2.078	3
1555	1.725	2.176	1.843	2.137	3
1556	1.706	2.157	1.725	2.02	3
1557	1.706	2.176	1.863	1.922	3
1558	1.804	2.255	1.961	1.863	3
1559	1.725	2.353	1.922	1.922	3
1560	1.804	2.235	2.098	2.098	3
1561	1.824	2.02	2.098	2.255	3
1562	1.804	2.0	2.078	2.294	3
1563	1.882	1.98	2.118	2.216	3
1564	1.98	1.98	2.098	2.118	3
1565	1.961	2.0	2.196	2.078	3
1566	2.02	2.02	2.255	2.02	3
1567	1.961	2.039	2.255	1.961	3
1568	1.961	1.98	2.176	1.843	3
1569	1.961	1.902	1.882	1.725	3
1570	2.02	2.0	2.02	1.725	3
1571	2.059	1.882	1.941	1.863	3
1572	1.961	2.059	2.078	2.0	3
1573	1.882	2.196	2.078	2.176	3
1574	1.843	2.0	1.98	2.176	3
1575	1.765	1.824	1.843	1.98	3
1576	1.882	1.941	1.98	1.745	3
1577	1.98	1.902	2.098	1.784	3
1578	1.667	1.627	1.725	1.824	3
1579	1.784	1.765	2.039	1.902	3
1580	2.196	2.176	2.294	2.078	3
1581	2.137	1.961	2.118	2.176	3
1582	1.961	1.725	2.098	2.176	3
1583	2.02	1.667	2.02	2.059	3
1584	2.157	1.667	1.902	1.843	3
1585	2.0	1.686	1.784	1.588	3
1586	1.902	1.804	1.824	1.51	3
1587	2.039	2.137	2.0	1.647	3
1588	2.02	2.039	1.882	1.765	3
1589	2.039	1.922	1.784	1.745	3
1590	2.02	1.902	1.765	1.745	3
1591	1.98	1.961	1.882	1.804	3
1592	1.882	1.745	1.882	1.902	3
1593	2.0	1.706	1.863	1.98	3
1594	2.078	1.784	1.843	1.941	3
1595	1.98	1.765	2.059	1.961	3
1596	1.902	1.745	2.235	1.961	3
1597	1.882	1.784	2.314	2.02	3
1598	1.902	1.824	2.333	2.078	3
1599	2.157	1.784	2.353	2.078	3
1600	2.353	1.647	2.235	1.98	3
1601	2.235	1.667	2.157	1.882	3
1602	2.059	1.882	2.176	1.804	3
1603	1.98	1.863	2.039	1.725	3
1604	1.902	1.824	1.961	1.765	3
1605	1.961	2.098	2.02	1.882	3
1606	1.882	2.137	1.98	1.961	3
1607	1.804	1.961	1.843	1.941	3
1608	1.804	1.961	1.882	1.902	3
1609	1.843	1.922	1.922	1.863	3
1610	1.863	1.882	1.961	1.922	3
1611	1.824	1.902	2.0	2.0	3
1612	1.843	1.765	2.059	1.961	3
1613	1.843	1.745	2.059	2.02	3
1614	1.941	1.706	2.098	2.059	3
1615	1.922	1.608	2.196	2.118	3
1616	1.941	1.627	2.216	2.176	3
1617	1.941	1.882	2.157	2.196	3
1618	1.863	1.863	2.196	2.157	3
1619	2.0	1.745	2.157	2.098	3
1620	1.98	1.745	2.059	1.941	3
1621	1.863	1.765	2.02	1.902	3
1622	1.882	1.902	2.039	1.941	3
1623	1.961	1.941	2.039	2.02	3
1624	1.98	1.922	1.804	2.039	3
1625	1.98	1.804	1.902	2.0	3
1626	2.039	1.667	1.922	1.961	3
1627	1.804	1.902	2.039	2.0	3
1628	1.706	2.235	2.216	2.176	3
1629	1.745	2.0	2.275	2.235	3
1630	1.686	1.706	2.255	2.314	3
1631	1.941	1.647	2.176	2.235	3
1632	2.02	1.608	2.118	2.118	3
1633	2.176	1.569	2.275	2.0	3
1634	2.196	1.804	2.392	2.0	3
1635	2.118	1.863	2.353	2.059	3
1636	2.02	2.039	2.098	2.039	3
1637	2.02	2.098	2.098	1.98	3
1638	2.039	2.157	2.275	2.059	3
1639	2.0	1.922	2.176	2.098	3
1640	1.902	1.745	1.882	1.98	3
1641	1.882	1.863	1.863	1.804	3
1642	1.804	1.98	1.941	1.725	3
1643	1.922	2.137	1.863	1.824	3
1644	2.059	2.196	1.686	1.98	3
1645	1.902	2.255	2.02	2.059	3
1646	1.863	2.059	2.255	2.059	3
1647	1.922	1.745	2.118	2.0	3
1648	2.118	1.667	2.078	2.02	3
1649	2.157	1.804	2.059	2.02	3
1650	1.98	2.059	2.137	1.922	3
1651	2.02	2.294	2.176	1.824	3
1652	2.314	2.176	1.98	1.706	3
1653	2.039	1.922	1.902	1.647	3
1654	1.961	1.922	2.0	1.745	3
1655	1.941	1.98	1.902	1.784	3
1656	1.98	2.098	1.784	1.843	3
1657	1.961	2.157	1.941	1.843	3
1658	1.882	2.118	1.804	1.765	3
1659	1.824	2.039	1.804	1.725	3
1660	1.863	2.039	1.882	1.765	3
1661	1.902	1.98	1.824	1.824	3
1662	1.843	1.824	1.922	1.882	3
1663	1.784	1.961	2.0	2.0	3
1664	1.902	1.784	1.98	1.98	3
1665	1.961	1.608	2.0	2.0	3
1666	2.0	1.608	2.059	1.98	3
1667	2.02	1.706	2.098	1.941	3
1668	1.98	1.765	2.059	1.941	3
1669	1.98	1.706	2.039	1.961	3
1670	1.98	1.745	2.039	1.863	3
1671	1.98	1.765	1.843	1.745	3
1672	1.98	1.725	1.882	1.725	3
1673	2.059	2.039	2.059	1.882	3
1674	2.059	2.098	2.275	2.078	3
1675	1.922	2.098	2.039	2.176	3
1676	1.824	1.941	1.667	2.098	3
1677	1.804	1.882	1.588	1.882	3
1678	1.882	2.0	2.02	1.725	3
1679	1.941	2.02	2.137	1.824	3
1680	1.863	2.059	2.176	2.059	3
1681	1.922	1.98	2.196	2.216	3
1682	1.902	1.882	2.118	2.157	3
1683	1.863	1.843	2.157	2.02	3
1684	2.02	1.843	2.275	1.941	3
1685	1.961	1.882	2.235	1.98	3
1686	1.902	1.804	2.098	2.0	3
1687	1.706	1.706	1.961	2.0	3
1688	1.686	1.882	1.961	1.902	3
1689	1.863	1.882	1.941	1.745	3
1690	2.078	1.902	1.902	1.667	3
1691	2.216	1.784	1.863	1.706	3
1692	1.941	1.765	1.804	1.863	3
1693	1.843	1.804	1.882	2.0	3
1694	1.804	1.765	1.941	2.078	3
1695	1.627	1.686	1.784	2.059	3
1696	1.784	1.647	1.902	2.02	3
1697	2.314	1.922	2.275	2.118	3
1698	2.255	1.961	2.392	2.157	3
1699	2.196	1.745	2.314	2.118	3
1700	2.275	1.627	2.216	2.039	3
1701	2.255	1.588	2.255	1.98	3
1702	2.275	1.765	2.275	2.0	3
1703	2.275	1.686	2.275	2.039	3
1704	2.275	1.725	2.294	2.098	3
1705	2.255	1.922	2.275	2.039	3
1706	2.294	2.0	2.294	1.941	3
1707	2.078	1.882	2.235	1.882	3
1708	2.039	1.647	2.137	1.882	3
1709	2.039	1.431	1.941	1.922	3
1710	2.0	1.471	2.059	1.882	3
1711	2.098	1.686	2.118	1.843	3
1712	1.98	2.098	1.882	1.804	3
1713	1.608	2.51	2.275	1.941	3
1714	1.49	2.0	2.431	2.118	3
1715	1.745	1.333	2.157	2.235	3
1716	2.137	1.412	2.078	2.118	3
1717	2.235	1.471	2.039	1.843	3
1718	2.0	1.627	2.216	1.765	3
1719	2.02	1.902	2.314	1.863	3
1720	2.059	2.118	2.196	2.02	3
1721	1.745	2.314	2.294	2.118	3
1722	1.686	2.294	2.529	2.255	3
1723	2.078	1.922	2.0	2.157	3
1724	1.98	1.725	1.392	1.824	3
1725	1.863	1.922	1.765	1.588	3
1726	1.686	2.137	1.98	1.647	3
1727	1.706	2.02	1.961	1.98	3
1728	1.902	2.118	2.02	2.294	3
1729	1.647	2.333	2.176	2.333	3
1730	1.647	2.0	1.863	2.235	3
1731	1.667	1.686	1.784	1.98	3
1732	1.627	1.843	2.059	1.882	3
1733	1.725	1.863	2.176	1.922	3
1734	1.922	2.118	1.922	1.98	3
1735	1.549	2.333	2.118	2.059	3
1736	1.627	2.294	2.176	2.098	3
1737	1.941	1.961	1.804	2.02	3
1738	1.98	1.745	1.804	1.824	3
1739	2.098	1.961	2.02	1.686	3
1740	2.078	2.235	2.098	1.725	3
1741	1.902	2.235	1.725	1.765	3
1742	1.706	2.176	1.706	1.765	3
1743	1.882	2.098	1.745	1.784	3
1744	1.961	2.137	1.686	1.765	3
1745	1.961	2.137	1.686	1.725	3
1746	1.922	2.059	1.706	1.686	3
1747	1.745	2.0	1.863	1.765	3
1748	1.804	1.863	1.98	1.902	3
1749	2.039	1.765	1.98	2.0	3
1750	2.137	1.686	1.863	1.843	3
1751	2.059	1.529	1.882	1.667	3
1752	2.137	1.569	2.314	1.686	3
1753	2.196	1.745	2.216	1.922	3
1754	2.039	1.784	1.98	2.118	3
1755	2.059	1.765	1.804	2.098	3
1756	1.902	1.647	1.745	1.824	3
1757	1.961	1.765	1.941	1.51	3
1758	2.039	1.765	1.784	1.392	3
1759	2.039	1.784	1.863	1.608	3
1760	2.02	2.039	1.98	1.922	3
1761	1.98	1.765	1.902	2.098	3
1762	1.941	1.706	1.922	2.137	3
1763	1.961	1.941	2.039	2.078	3
1764	1.961	1.98	2.157	2.078	3
1765	2.0	1.824	2.039	2.078	3
1766	1.941	1.765	2.059	2.176	3
1767	2.059	1.804	2.176	2.235	3
1768	2.216	1.863	2.373	2.216	3
1769	2.314	1.882	2.412	2.118	3
1770	2.275	1.765	2.314	2.02	3
1771	2.196	1.922	2.353	2.078	3
1772	2.098	1.961	2.314	2.216	3
1773	2.059	1.922	2.314	2.314	3
1774	2.059	2.078	2.333	2.333	3
1775	2.118	2.02	2.157	2.294	3
1776	2.098	1.922	2.02	2.157	3
1777	2.039	2.118	2.078	2.078	3
1778	1.902	2.039	2.098	2.118	3
1779	2.0	2.02	2.196	2.255	3
1780	2.196	2.078	2.255	2.373	3
1781	2.137	2.078	2.235	2.412	3
1782	1.922	1.882	2.216	2.294	3
1783	1.725	1.804	2.196	2.196	3
1784	1.784	1.922	2.333	2.098	3
1785	1.941	1.824	2.294	2.078	3
1786	2.0	1.667	2.294	2.02	3
1787	2.039	1.569	2.255	1.98	3
1788	2.157	1.667	2.294	2.02	3
1789	2.196	1.686	2.176	1.98	3
1790	1.98	1.745	2.137	1.863	3
1791	1.922	1.804	2.078	1.765	3
1792	1.784	1.706	1.824	1.686	3
1793	1.784	1.843	1.863	1.647	3
1794	1.824	1.902	1.863	1.667	3
1795	1.902	1.647	1.863	1.725	3
1796	1.98	1.588	1.843	1.765	3
1797	1.804	2.0	1.941	1.882	3
1798	1.784	1.941	2.02	1.98	3
1799	1.922	1.725	2.039	1.941	3
1800	1.765	1.725	2.039	1.843	3
1801	1.843	1.647	2.02	1.765	3
1802	2.059	1.627	2.078	1.765	3
1803	2.059	1.647	2.314	1.843	3
1804	2.02	1.549	2.216	1.902	3
1805	2.0	1.451	1.922	1.902	3
1806	2.039	1.824	1.784	1.784	3
1807	1.824	2.275	2.0	1.667	3
1808	1.843	2.412	2.275	1.824	3
1809	1.804	2.059	2.078	1.922	3
1810	1.882	1.608	1.784	1.863	3
1811	1.843	1.784	1.627	1.765	3
1812	1.922	2.059	1.686	1.745	3
1813	1.863	2.098	1.804	1.765	3
1814	1.706	2.176	1.941	1.824	3
1815	1.725	2.353	1.98	1.922	3
1816	1.765	2.235	2.176	2.039	3
1817	1.824	2.039	2.216	2.039	3
1818	1.804	1.863	1.745	2.0	3
1819	1.804	1.765	1.804	1.863	3
1820	1.961	1.843	2.137	1.765	3
1821	1.961	1.902	2.196	1.745	3
1822	1.961	1.882	2.216	1.882	3
1823	2.059	1.843	2.039	1.961	3
1824	2.098	1.882	1.804	1.922	3
1825	1.941	1.863	1.922	1.725	3
1826	1.804	1.667	1.765	1.569	3
1827	1.902	1.843	1.706	1.529	3
1828	1.98	2.059	1.725	1.647	3
1829	1.784	1.98	1.745	1.863	3
1830	1.765	1.98	1.804	2.157	3
1831	1.725	1.922	1.765	2.333	3
1832	1.824	2.02	1.784	2.294	3
1833	1.784	1.902	2.0	2.157	3
1834	1.706	1.902	1.98	2.098	3
1835	2.078	1.98	1.882	2.02	3
1836	2.216	2.0	2.078	2.059	3
1837	2.196	1.882	2.294	2.157	3
1838	2.235	1.784	2.275	2.196	3
1839	2.176	1.784	2.235	2.176	3
1840	2.02	1.961	2.176	2.137	3
1841	2.0	2.039	2.118	2.118	3
1842	2.118	2.157	2.196	2.078	3
1843	2.176	2.118	2.098	2.039	3
1844	2.098	1.961	2.078	1.98	3
1845	2.118	1.98	2.059	1.98	3
1846	2.098	2.02	2.137	2.0	3
1847	2.039	1.98	2.176	2.02	3
1848	1.922	1.961	2.157	2.0	3
1849	1.863	1.902	2.157	1.98	3
1850	1.882	1.784	2.176	2.0	3
1851	1.941	1.843	2.314	2.098	3
1852	2.039	1.882	2.373	2.137	3
1853	2.02	1.745	2.176	2.078	3
1854	1.902	1.627	2.098	1.961	3
1855	1.961	1.784	2.216	1.882	3
1856	2.039	1.824	2.255	1.902	3
1857	2.078	1.765	2.255	1.98	3
1858	2.157	1.725	2.235	2.059	3
1859	2.098	1.706	2.059	2.02	3
1860	1.961	1.725	1.922	1.922	3
1861	1.804	1.824	1.922	1.804	3
1862	1.843	1.882	1.843	1.784	3
1863	1.843	1.843	1.863	1.843	3
1864	1.882	1.863	2.0	1.941	3
1865	2.02	1.902	2.059	2.02	3
1866	2.137	1.882	2.039	2.059	3
1867	2.039	1.745	2.039	1.922	3
1868	1.804	1.667	2.059	1.922	3
1869	1.824	1.451	2.118	1.922	3
1870	2.118	1.627	2.255	2.039	3
1871	2.098	1.647	2.196	2.059	3
1872	2.02	1.647	2.157	1.961	3
1873	2.02	1.745	2.137	1.863	3
1874	2.078	1.745	2.098	1.765	3
1875	2.216	1.804	2.157	1.804	3
1876	2.137	1.863	2.118	1.843	3
1877	1.961	1.784	2.0	1.922	3
1878	1.902	1.941	2.059	1.941	3
1879	1.922	2.118	1.902	1.941	3
1880	1.902	2.196	1.863	1.961	3
1881	1.863	2.118	1.941	1.941	3
1882	1.902	2.078	2.039	1.961	3
1883	1.941	2.059	2.098	2.02	3
1884	2.0	2.216	2.235	2.157	3
1885	1.98	2.314	2.275	2.196	3
1886	1.902	2.02	2.157	2.118	3
1887	2.02	1.863	2.098	1.98	3
1888	2.059	1.922	2.294	1.922	3
1889	2.118	2.02	2.549	1.98	3
1890	2.02	1.882	2.294	2.078	3
1891	1.882	1.745	1.725	2.02	3
1892	1.765	1.961	1.725	1.804	3
1893	2.235	1.941	2.02	1.569	3
1894	2.275	1.843	1.98	1.529	3
1895	1.882	1.843	2.0	1.725	3
1896	1.588	2.039	1.902	2.039	3
1897	1.667	1.961	1.804	2.137	3
1898	1.863	1.961	1.765	2.059	3
1899	1.784	1.941	1.765	1.922	3
1900	1.765	1.941	1.843	1.804	3
1901	1.784	1.98	1.922	1.863	3
1902	1.863	1.941	1.941	1.961	3
1903	1.843	1.961	1.98	1.98	3
1904	1.922	1.882	2.02	1.961	3
1905	1.961	1.843	2.098	1.941	3
1906	1.941	1.824	2.098	1.961	3
1907	1.941	1.882	2.039	2.039	3
1908	1.941	1.961	2.157	2.098	3
1909	1.98	1.98	2.078	1.98	3
1910	2.0	1.961	1.902	1.765	3
1911	1.863	1.863	1.686	1.549	3
1912	1.804	1.902	1.843	1.51	3
1913	1.902	2.02	1.941	1.667	3
1914	1.882	1.941	1.784	1.902	3
1915	1.863	1.863	1.882	2.098	3
1916	2.0	1.902	2.02	2.196	3
1917	1.863	2.02	2.059	2.235	3
1918	1.745	1.98	1.98	2.157	3
1919	1.843	1.882	2.02	2.078	3
1920	2.02	1.824	2.078	1.922	3
1921	1.961	1.745	2.118	1.863	3
1922	2.02	1.745	2.176	1.882	3
1923	2.137	1.706	2.137	2.0	3
1924	2.196	1.745	2.078	2.098	3
1925	2.118	1.725	2.059	2.137	3
1926	2.078	1.843	2.02	2.118	3
1927	1.98	1.902	2.02	1.98	3
1928	1.98	1.863	1.863	1.804	3
1929	1.902	1.784	1.824	1.706	3
1930	1.902	1.765	1.745	1.686	3
1931	1.843	1.804	1.804	1.804	3
1932	1.941	1.882	2.0	2.02	3
1933	1.98	1.902	2.098	2.176	3
1934	1.902	1.824	1.941	2.157	3
1935	1.902	1.765	1.941	2.059	3
1936	1.902	1.824	2.02	2.0	3
1937	2.0	1.784	2.196	1.961	3
1938	2.02	1.725	2.235	1.98	3
1939	2.059	1.686	2.255	1.98	3
1940	2.118	1.765	2.235	1.98	3
1941	2.176	1.902	2.333	1.98	3
1942	2.196	1.922	2.294	2.039	3
1943	2.137	1.882	2.235	2.078	3
1944	2.137	1.941	2.176	2.02	3
1945	2.118	1.98	2.059	1.98	3
1946	2.02	1.98	2.059	1.922	3
1947	2.02	2.059	2.059	1.902	3
1948	1.961	2.059	2.078	1.922	3
1949	1.902	2.02	2.059	2.02	3
1950	1.902	2.0	2.059	2.059	3
1951	1.941	2.02	2.118	2.098	3
1952	1.961	1.922	2.118	2.078	3
1953	1.922	1.843	2.137	2.078	3
1954	1.98	1.863	2.255	2.078	3
1955	2.02	1.863	2.294	2.118	3
1956	2.039	1.804	2.275	2.059	3
1957	2.039	1.784	2.196	2.0	3
1958	2.02	1.784	2.157	1.941	3
1959	2.02	1.804	2.137	1.922	3
1960	2.039	1.863	2.059	1.882	3
1961	2.0	1.882	2.039	1.882	3
1962	2.0	1.922	1.941	1.863	3
1963	1.882	1.941	1.922	1.863	3
1964	1.863	1.941	1.863	1.863	3
1965	1.824	1.961	1.902	1.902	3
1966	1.804	1.961	1.922	1.922	3
1967	1.804	1.941	1.941	1.941	3
1968	1.784	1.902	1.922	1.961	3
1969	1.745	1.863	2.02	1.941	3
1970	1.843	1.804	2.059	2.02	3
1971	1.902	1.804	2.137	2.0	3
1972	1.922	1.784	2.137	2.02	3
1973	1.961	1.765	2.157	1.961	3
1974	2.02	1.784	2.118	1.882	3
1975	2.0	1.784	2.059	1.882	3
1976	1.98	1.804	2.078	1.882	3
1977	1.98	1.863	2.02	1.882	3
1978	1.98	1.863	2.0	1.824	3
1979	2.0	1.922	1.882	1.784	3
1980	1.902	1.922	1.882	1.765	3
1981	1.922	1.922	1.863	1.784	3
1982	1.882	1.941	1.863	1.843	3
1983	1.804	1.922	1.902	1.902	3
1984	1.824	1.863	1.843	1.922	3
1985	1.824	1.882	1.941	1.941	3
1986	1.843	1.922	2.078	2.059	3
1987	1.922	1.902	2.157	2.078	3
1988	2.0	1.765	2.137	2.039	3
1989	2.0	1.745	2.078	1.941	3
1990	1.98	1.686	2.157	1.882	3
1991	2.0	1.765	2.118	1.902	3
1992	2.02	1.863	2.157	2.0	3
1993	2.059	1.824	2.118	1.961	3
1994	2.059	1.902	2.118	1.922	3
1995	2.039	1.941	2.039	1.882	3
1996	1.941	1.941	1.882	1.843	3
1997	1.941	1.961	1.863	1.784	3
1998	1.941	1.98	1.824	1.824	3
1999	1.863	1.98	1.922	1.922	3
