time	channel1	channel2	channel3	channel4	class
0	2.02	1.784	2.078	1.765	0
1	2.059	1.804	2.059	1.784	0
2	2.0	1.824	2.02	1.843	0
3	1.961	1.863	2.059	1.922	0
4	1.941	1.882	2.039	1.98	0
5	1.922	1.922	2.0	1.98	0
6	1.922	1.961	2.0	2.02	0
7	1.843	1.961	1.98	2.078	0
8	1.882	1.922	1.98	2.098	0
9	1.863	1.941	1.98	2.098	0
10	1.902	1.922	2.02	2.039	0
11	1.941	1.902	2.02	1.961	0
12	1.922	1.902	2.039	1.941	0
13	1.961	1.843	2.078	1.902	0
14	2.078	1.843	2.118	1.882	0
15	2.039	1.843	2.118	1.843	0
16	2.059	1.804	2.078	1.804	0
17	2.078	1.784	2.118	1.765	0
18	2.059	1.843	2.078	1.804	0
19	1.98	1.882	2.059	1.863	0
20	1.961	1.902	2.039	1.941	0
21	1.941	1.902	2.039	1.98	0
22	1.941	1.922	2.02	2.039	0
23	1.902	1.961	2.02	2.078	0
24	1.843	1.961	2.0	2.098	0
25	1.902	1.98	1.98	2.137	0
26	1.863	1.961	2.0	2.098	0
27	1.902	1.922	2.0	2.059	0
28	1.922	1.882	2.02	2.0	0
29	1.941	1.882	2.039	1.961	0
30	1.961	1.863	2.059	1.941	0
31	2.02	1.824	2.098	1.902	0
32	2.078	1.784	2.078	1.843	0
33	2.098	1.765	2.039	1.784	0
34	2.059	1.784	2.078	1.765	0
35	2.0	1.843	2.078	1.804	0
36	1.922	1.843	2.059	1.902	0
37	1.961	1.843	2.02	1.98	0
38	1.98	1.863	2.0	2.0	0
39	1.941	1.922	2.0	2.0	0
40	1.863	1.941	1.98	2.059	0
41	1.824	1.961	1.98	2.137	0
42	1.863	1.961	2.0	2.137	0
43	1.843	1.961	2.0	2.137	0
44	1.863	1.941	2.02	2.098	0
45	1.902	1.902	2.039	2.02	0
46	1.902	1.882	2.039	1.98	0
47	1.941	1.863	2.059	1.941	0
48	2.02	1.863	2.078	1.902	0
49	2.02	1.843	2.098	1.863	0
50	2.059	1.804	2.078	1.824	0
51	2.039	1.804	2.118	1.784	0
52	2.059	1.824	2.078	1.824	0
53	1.961	1.863	2.039	1.882	0
54	1.961	1.863	2.039	1.941	0
55	1.98	1.863	2.0	2.0	0
56	1.922	1.922	1.961	2.039	0
57	1.882	1.922	1.98	2.059	0
58	1.843	1.961	1.98	2.098	0
59	1.863	1.941	2.0	2.118	0
60	1.863	1.941	1.98	2.118	0
61	1.902	1.922	2.02	2.059	0
62	1.941	1.902	2.02	2.0	0
63	1.902	1.902	2.039	1.98	0
64	1.961	1.843	2.059	1.941	0
65	2.0	1.824	2.098	1.863	0
66	2.059	1.824	2.137	1.863	0
67	2.078	1.784	2.059	1.784	0
68	2.02	1.765	2.098	1.784	0
69	2.059	1.804	2.059	1.804	0
70	1.98	1.843	2.039	1.843	0
71	1.98	1.863	2.039	1.922	0
72	1.961	1.902	2.02	1.961	0
73	1.922	1.882	2.0	2.039	0
74	1.902	1.941	2.0	2.059	0
75	1.863	1.961	2.0	2.118	0
76	1.902	1.961	2.0	2.118	0
77	1.882	1.961	2.0	2.098	0
78	1.882	1.941	2.02	2.059	0
79	1.941	1.922	2.02	2.0	0
80	1.961	1.882	2.039	1.941	0
81	1.961	1.882	2.059	1.902	0
82	1.98	1.863	2.098	1.863	0
83	2.039	1.824	2.098	1.843	0
84	2.059	1.784	2.059	1.784	0
85	2.059	1.765	2.078	1.765	0
86	2.059	1.804	2.078	1.765	0
87	1.98	1.824	2.039	1.863	0
88	1.98	1.843	2.02	1.922	0
89	2.0	1.882	2.02	1.961	0
90	1.922	1.941	2.02	2.02	0
91	1.922	1.902	2.02	2.059	0
92	1.882	1.961	1.98	2.098	0
93	1.902	1.922	2.0	2.098	0
94	1.863	1.941	1.98	2.078	0
95	1.863	1.961	2.039	2.059	0
96	1.902	1.922	2.059	2.02	0
97	1.902	1.882	2.039	2.0	0
98	1.98	1.843	2.059	1.941	0
99	2.0	1.882	2.059	1.863	0
100	2.02	1.843	2.137	1.843	0
101	2.039	1.804	2.078	1.804	0
102	2.0	1.804	2.098	1.765	0
103	2.039	1.804	2.078	1.784	0
104	1.961	1.843	2.059	1.863	0
105	1.941	1.843	2.059	1.922	0
106	1.941	1.882	2.039	1.98	0
107	1.902	1.941	2.039	2.059	0
108	1.843	1.941	2.0	2.098	0
109	1.863	1.98	2.0	2.098	0
110	1.882	1.922	2.0	2.118	0
111	1.863	1.961	2.02	2.098	0
112	1.902	1.922	2.039	2.059	0
113	1.941	1.902	2.039	2.0	0
114	1.961	1.902	2.078	1.961	0
115	1.941	1.863	2.059	1.922	0
116	2.039	1.843	2.078	1.863	0
117	2.039	1.843	2.118	1.824	0
118	2.078	1.784	2.078	1.784	0
119	2.02	1.745	2.098	1.745	0
120	2.059	1.765	2.039	1.765	0
121	2.0	1.824	2.02	1.824	0
122	2.0	1.843	2.039	1.882	0
123	1.961	1.863	2.02	1.941	0
124	1.922	1.863	2.0	2.02	0
125	1.922	1.882	1.961	2.02	0
126	1.922	1.922	1.941	2.039	0
127	1.863	1.941	1.98	2.078	0
128	1.824	1.941	2.0	2.098	0
129	1.882	1.941	2.039	2.078	0
130	1.941	1.902	2.02	2.0	0
131	1.961	1.863	2.02	1.961	0
132	1.961	1.843	2.059	1.922	0
133	1.98	1.804	2.118	1.882	0
134	1.961	1.824	2.098	1.824	0
135	2.039	1.804	2.059	1.804	0
136	1.98	1.824	2.078	1.784	0
137	2.0	1.824	2.098	1.824	0
138	1.961	1.882	2.059	1.902	0
139	1.922	1.863	2.039	1.922	0
140	1.941	1.902	2.039	1.98	0
141	1.882	1.941	2.02	2.0	0
142	1.882	1.961	2.02	2.059	0
143	1.843	1.98	1.98	2.118	0
144	1.882	1.961	2.0	2.118	0
145	1.843	1.961	1.98	2.118	0
146	1.863	1.961	2.039	2.078	0
147	1.922	1.941	2.02	2.039	0
148	1.941	1.922	2.02	1.98	0
149	1.961	1.902	2.039	1.922	0
150	2.039	1.863	2.078	1.902	0
151	2.0	1.843	2.098	1.863	0
152	2.078	1.824	2.078	1.824	0
153	2.0	1.824	2.137	1.824	0
154	2.039	1.863	2.078	1.824	0
155	1.98	1.882	2.039	1.863	0
156	1.98	1.863	2.039	1.922	0
157	1.961	1.902	2.02	1.98	0
158	1.941	1.902	2.0	1.98	0
159	1.902	1.961	2.0	2.078	0
160	1.882	1.98	1.98	2.118	0
161	1.863	1.961	2.0	2.137	0
162	1.863	1.961	1.98	2.118	0
163	1.902	1.941	2.02	2.078	0
164	1.941	1.922	2.039	2.0	0
165	1.922	1.902	2.02	1.961	0
166	1.961	1.863	2.039	1.941	0
167	2.02	1.824	2.078	1.882	0
168	2.059	1.843	2.098	1.843	0
169	2.078	1.784	2.078	1.784	0
170	2.0	1.765	2.098	1.784	0
171	2.078	1.804	2.098	1.784	0
172	2.02	1.824	2.039	1.843	0
173	2.0	1.863	2.039	1.902	0
174	1.98	1.863	2.039	1.961	0
175	1.922	1.882	2.0	2.02	0
176	1.941	1.902	2.0	2.059	0
177	1.882	1.941	1.98	2.098	0
178	1.863	1.922	2.02	2.118	0
179	1.882	1.922	2.0	2.118	0
180	1.902	1.902	2.039	2.078	0
181	1.941	1.882	2.02	1.98	0
182	1.961	1.863	2.02	1.941	0
183	1.941	1.863	2.078	1.902	0
184	1.98	1.824	2.098	1.902	0
185	2.039	1.824	2.098	1.863	0
186	2.098	1.765	2.078	1.804	0
187	2.059	1.804	2.098	1.765	0
188	2.078	1.804	2.098	1.784	0
189	1.98	1.843	2.039	1.863	0
190	1.941	1.843	2.039	1.922	0
191	1.961	1.882	2.02	1.961	0
192	1.922	1.941	2.0	2.02	0
193	1.941	1.941	2.039	2.039	0
194	1.902	2.0	2.0	2.098	0
195	1.882	1.961	2.02	2.137	0
196	1.863	1.98	2.0	2.118	0
197	1.902	1.961	2.059	2.078	0
198	1.922	1.922	2.039	2.039	0
199	1.941	1.902	2.039	1.961	0
200	2.0	1.863	2.059	1.922	0
201	2.02	1.863	2.118	1.863	0
202	2.039	1.824	2.118	1.843	0
203	2.078	1.784	2.059	1.804	0
204	2.0	1.804	2.078	1.784	0
205	2.02	1.824	2.078	1.804	0
206	1.941	1.863	2.078	1.863	0
207	1.941	1.863	2.059	1.941	0
208	2.02	1.882	2.02	1.98	0
209	1.941	1.902	2.0	1.98	0
210	1.863	1.961	2.0	2.02	0
211	1.863	1.961	1.98	2.118	0
212	1.843	1.98	2.02	2.137	0
213	1.843	1.961	2.0	2.137	0
214	1.882	1.941	2.02	2.098	0
215	1.922	1.922	2.039	2.0	0
216	1.902	1.882	2.02	1.98	0
217	1.941	1.882	2.039	1.922	0
218	2.02	1.804	2.059	1.882	0
219	2.039	1.843	2.078	1.843	0
220	2.118	1.784	2.098	1.784	0
221	2.039	1.784	2.078	1.784	0
222	2.039	1.784	2.039	1.745	0
223	1.98	1.824	2.039	1.824	0
224	1.941	1.863	2.059	1.902	0
225	2.0	1.863	2.039	1.961	0
226	1.961	1.882	1.961	2.02	0
227	1.882	1.902	1.961	2.0	0
228	1.863	1.922	1.941	2.059	0
229	1.863	1.941	1.98	2.078	0
230	1.882	1.922	1.98	2.078	0
231	1.882	1.902	1.98	2.059	0
232	1.922	1.902	2.02	2.0	0
233	1.902	1.902	2.039	1.98	0
234	1.961	1.863	2.039	1.941	0
235	2.0	1.882	2.098	1.902	0
236	2.0	1.824	2.078	1.824	0
237	2.078	1.843	2.098	1.784	0
238	1.98	1.843	2.078	1.765	0
239	2.039	1.824	2.078	1.784	0
240	1.98	1.863	2.02	1.863	0
241	1.961	1.882	2.02	1.902	0
242	1.941	1.922	2.02	1.941	0
243	1.902	1.961	2.039	2.02	0
244	1.941	2.02	2.039	2.078	0
245	1.863	2.02	2.0	2.118	0
246	1.843	2.0	2.02	2.118	0
247	1.843	2.02	2.02	2.137	0
248	1.863	1.961	2.039	2.078	0
249	1.941	1.98	2.059	2.039	0
250	1.941	1.922	2.059	1.961	0
251	1.961	1.922	2.059	1.961	0
252	2.0	1.882	2.118	1.902	0
253	2.02	1.863	2.137	1.863	0
254	2.039	1.804	2.098	1.843	0
255	2.039	1.804	2.098	1.804	0
256	2.078	1.824	2.098	1.804	0
257	2.02	1.843	2.078	1.863	0
258	2.0	1.843	2.059	1.941	0
259	1.98	1.863	2.059	1.961	0
260	1.961	1.902	2.02	2.0	0
261	1.922	1.941	2.02	2.059	0
262	1.882	1.941	2.0	2.118	0
263	1.882	1.961	2.0	2.137	0
264	1.902	1.941	2.0	2.118	0
265	1.902	1.922	2.0	2.078	0
266	1.941	1.902	2.039	2.02	0
267	1.941	1.882	2.02	2.0	0
268	1.98	1.863	2.039	1.941	0
269	2.059	1.843	2.059	1.882	0
270	2.039	1.843	2.078	1.882	0
271	2.098	1.804	2.078	1.824	0
272	2.02	1.784	2.059	1.784	0
273	2.078	1.824	2.098	1.784	0
274	2.059	1.843	2.059	1.843	0
275	2.0	1.882	2.039	1.902	0
276	2.0	1.882	2.039	1.961	0
277	1.941	1.922	2.0	1.98	0
278	1.941	1.961	2.0	2.039	0
279	1.902	2.02	1.961	2.098	0
280	1.882	1.98	2.0	2.098	0
281	1.882	1.98	1.98	2.118	0
282	1.902	1.961	2.02	2.078	0
283	1.961	1.941	2.02	2.0	0
284	1.941	1.922	2.02	1.961	0
285	1.922	1.902	2.059	1.941	0
286	1.98	1.843	2.059	1.922	0
287	2.059	1.882	2.078	1.843	0
288	2.098	1.824	2.059	1.784	0
289	2.02	1.804	2.059	1.765	0
290	2.039	1.804	2.059	1.765	0
291	2.0	1.824	2.039	1.824	0
292	1.98	1.843	2.02	1.882	0
293	1.961	1.882	2.02	1.941	0
294	1.941	1.882	2.0	2.0	0
295	1.843	1.941	1.98	2.0	0
296	1.863	1.941	1.98	2.059	0
297	1.824	1.941	2.02	2.118	0
298	1.882	1.941	1.98	2.078	0
299	1.882	1.902	2.0	2.059	0
300	1.922	1.882	2.0	1.98	0
301	1.902	1.902	2.059	1.941	0
302	1.941	1.863	2.059	1.902	0
303	1.98	1.843	2.118	1.922	0
304	1.961	1.863	2.098	1.882	0
305	2.02	1.804	2.098	1.804	0
306	2.02	1.784	2.078	1.784	0
307	2.039	1.824	2.078	1.784	0
308	1.98	1.843	2.078	1.824	0
309	1.922	1.863	2.039	1.922	0
310	1.922	1.882	2.078	1.961	0
311	1.902	1.922	2.02	2.039	0
312	1.784	1.941	2.02	2.039	0
313	1.843	1.941	2.0	2.118	0
314	1.765	1.961	2.02	2.137	0
315	1.804	1.961	2.0	2.137	0
316	1.843	1.961	2.02	2.098	0
317	1.902	1.902	2.039	2.039	0
318	1.902	1.882	2.02	1.98	0
319	1.922	1.902	2.078	1.941	0
320	1.961	1.902	2.098	1.882	0
321	2.0	1.863	2.118	1.863	0
322	2.039	1.804	2.098	1.824	0
323	2.0	1.804	2.078	1.804	0
324	2.039	1.824	2.098	1.784	0
325	2.02	1.863	2.039	1.824	0
326	1.98	1.882	2.039	1.882	0
327	1.961	1.882	2.039	1.961	0
328	1.941	1.922	2.02	2.0	0
329	1.863	1.922	2.0	2.039	0
330	1.863	1.961	1.98	2.098	0
331	1.863	1.961	2.02	2.118	0
332	1.922	1.941	1.98	2.137	0
333	1.902	1.922	2.0	2.078	0
334	1.961	1.882	2.02	2.0	0
335	1.961	1.902	2.039	1.961	0
336	2.0	1.902	2.059	1.941	0
337	2.0	1.843	2.078	1.961	0
338	2.02	1.824	2.078	1.902	0
339	2.078	1.804	2.078	1.824	0
340	2.02	1.784	2.078	1.804	0
341	2.059	1.804	2.078	1.804	0
342	2.039	1.824	2.039	1.843	0
343	2.0	1.863	2.039	1.902	0
344	1.98	1.882	2.039	1.961	0
345	1.922	1.882	2.039	1.98	0
346	1.882	1.902	1.98	2.078	0
347	1.863	1.922	1.961	2.078	0
348	1.863	1.922	1.98	2.098	0
349	1.882	1.941	1.961	2.118	0
350	1.863	1.902	2.0	2.098	0
351	1.922	1.882	2.02	2.039	0
352	1.941	1.882	2.02	1.961	0
353	1.961	1.843	2.039	1.941	0
354	1.98	1.843	2.059	1.902	0
355	2.02	1.804	2.098	1.882	0
356	2.059	1.804	2.098	1.804	0
357	2.02	1.804	2.078	1.804	0
358	2.059	1.804	2.078	1.804	0
359	2.039	1.824	2.059	1.843	0
360	1.98	1.863	2.039	1.902	0
361	1.961	1.902	2.039	1.941	0
362	1.941	1.922	2.039	2.02	0
363	1.843	1.941	2.02	2.078	0
364	1.882	1.941	1.98	2.098	0
365	1.843	1.941	2.0	2.118	0
366	1.882	1.98	1.98	2.118	0
367	1.863	1.961	2.02	2.098	0
368	1.941	1.902	2.039	2.02	0
369	1.941	1.922	2.059	1.98	0
370	1.961	1.882	2.059	1.922	0
371	1.98	1.843	2.059	1.882	0
372	2.02	1.804	2.098	1.843	0
373	2.098	1.784	2.098	1.824	0
374	2.059	1.784	2.078	1.784	0
375	2.078	1.804	2.098	1.784	0
376	2.02	1.824	2.059	1.843	0
377	1.961	1.843	2.039	1.902	0
378	1.961	1.843	2.02	1.98	0
379	1.922	1.882	2.0	1.961	0
380	1.902	1.902	2.0	2.039	0
381	1.843	1.941	2.0	2.098	0
382	1.863	1.922	2.0	2.137	0
383	1.882	1.922	1.961	2.118	0
384	1.863	1.941	2.0	2.059	0
385	1.902	1.922	2.039	2.02	0
386	1.863	1.922	2.059	2.0	0
387	1.882	1.882	2.059	1.98	0
388	1.961	1.843	2.118	1.941	0
389	2.059	1.863	2.118	1.922	0
390	2.078	1.843	2.118	1.824	0
391	2.02	1.804	2.118	1.784	0
392	2.039	1.843	2.098	1.784	0
393	1.98	1.863	2.078	1.843	0
394	1.98	1.882	2.078	1.922	0
395	1.961	1.902	2.059	1.961	0
396	1.902	1.882	2.039	2.039	0
397	1.843	1.941	2.02	2.059	0
398	1.843	1.922	1.961	2.078	0
399	1.824	1.941	2.0	2.118	0
400	1.882	1.961	2.02	2.118	0
401	1.863	1.941	2.02	2.098	0
402	1.902	1.902	2.02	2.039	0
403	1.941	1.882	2.039	1.98	0
404	1.922	1.882	2.039	1.941	0
405	1.98	1.804	2.098	1.863	0
406	2.059	1.824	2.078	1.863	0
407	2.059	1.784	2.078	1.804	0
408	2.02	1.765	2.059	1.765	0
409	2.039	1.784	2.078	1.784	0
410	2.0	1.784	2.02	1.824	0
411	1.98	1.824	2.02	1.882	0
412	2.02	1.882	2.039	1.922	0
413	1.961	1.882	2.0	1.98	0
414	1.941	1.902	1.98	2.02	0
415	1.882	1.941	1.98	2.098	0
416	1.843	1.961	1.98	2.098	0
417	1.922	1.961	1.98	2.118	0
418	1.882	1.941	2.0	2.098	0
419	1.961	1.902	2.02	2.02	0
420	1.961	1.922	2.0	1.98	0
421	2.0	1.941	2.039	1.922	0
422	2.059	1.863	2.137	1.882	0
423	2.118	1.922	2.137	1.882	0
424	2.078	1.843	2.098	1.824	0
425	2.059	1.824	2.078	1.784	0
426	2.078	1.863	2.098	1.784	0
427	2.039	1.882	2.059	1.843	0
428	2.0	1.843	2.039	1.902	0
429	2.0	1.863	2.0	1.961	0
430	1.98	1.882	2.02	1.98	0
431	1.922	1.941	2.039	2.059	0
432	1.902	1.922	2.0	2.059	0
433	1.804	1.922	1.98	2.078	0
434	1.863	1.922	1.961	2.098	0
435	1.882	1.902	2.02	2.098	0
436	1.922	1.882	2.0	2.0	0
437	1.902	1.882	2.02	1.961	0
438	1.922	1.843	2.02	1.941	0
439	1.941	1.804	2.039	1.882	0
440	2.0	1.863	2.137	1.863	0
441	2.078	1.843	2.118	1.843	0
442	2.039	1.765	2.059	1.804	0
443	2.059	1.784	2.059	1.784	0
444	2.02	1.824	2.02	1.804	0
445	1.98	1.882	2.039	1.863	0
446	1.961	1.922	2.039	1.961	0
447	1.961	1.961	2.059	2.02	0
448	1.922	1.98	2.0	2.078	0
449	1.902	2.0	1.98	2.118	0
450	1.843	2.0	2.0	2.118	0
451	1.882	1.98	2.0	2.118	0
452	1.863	1.98	2.0	2.098	0
453	1.941	1.961	2.02	2.02	0
454	1.961	1.922	2.02	1.961	0
455	1.941	1.922	2.059	1.961	0
456	2.02	1.863	2.098	1.922	0
457	2.098	1.882	2.078	1.882	0
458	2.059	1.804	2.098	1.804	0
459	2.039	1.804	2.078	1.765	0
460	2.02	1.784	2.078	1.765	0
461	2.0	1.843	2.039	1.804	0
462	1.902	1.863	2.02	1.863	0
463	1.941	1.882	2.039	1.922	0
464	1.922	1.902	2.0	2.0	0
465	1.882	1.902	1.98	2.02	0
466	1.863	1.941	1.941	2.078	0
467	1.824	1.922	1.98	2.078	0
468	1.902	1.961	2.0	2.098	0
469	1.843	2.0	2.039	2.098	0
470	1.863	1.902	2.039	2.039	0
471	1.882	1.882	1.961	1.98	0
472	1.882	1.843	1.98	1.902	0
473	2.0	1.863	2.118	1.843	0
474	2.039	1.882	2.157	1.863	0
475	2.078	1.843	2.157	1.843	0
476	2.02	1.804	2.118	1.824	0
477	2.059	1.784	2.078	1.804	0
478	2.059	1.824	2.02	1.804	0
479	2.0	1.843	2.02	1.843	0
480	2.0	1.824	2.039	1.922	0
481	2.0	1.882	2.02	1.941	0
482	1.941	1.941	1.98	2.0	0
483	1.882	1.941	1.98	2.078	0
484	1.882	1.941	1.98	2.078	0
485	1.882	1.882	1.902	2.078	0
486	1.804	1.902	1.961	2.039	0
487	1.843	1.961	2.02	2.0	0
488	1.902	1.941	2.039	2.0	0
489	1.922	1.882	2.039	1.98	0
490	2.0	1.824	2.078	1.863	0
491	2.118	1.804	2.02	1.824	0
492	1.98	1.824	2.059	1.765	0
493	1.941	1.804	2.059	1.765	0
494	1.961	1.843	2.098	1.784	0
495	1.961	1.882	2.098	1.863	0
496	1.902	1.882	2.02	1.941	0
497	1.863	1.863	2.02	1.98	0
498	1.863	1.902	2.039	2.02	0
499	1.863	1.98	2.059	2.059	0
500	1.882	1.98	2.059	2.118	0
501	1.804	1.98	2.059	2.157	0
502	1.882	1.941	2.059	2.157	0
503	1.784	1.961	2.02	2.137	0
504	1.824	1.902	2.02	2.078	0
505	1.843	1.941	1.98	2.0	0
506	1.882	1.922	2.02	1.941	0
507	1.961	1.863	2.098	1.922	0
508	2.039	1.824	2.078	1.902	0
509	2.078	1.745	2.078	1.824	0
510	2.059	1.745	2.02	1.745	0
511	2.059	1.765	2.098	1.745	0
512	2.02	1.863	2.157	1.824	0
513	1.941	1.922	2.157	1.902	0
514	1.98	1.863	2.02	2.0	0
515	1.922	1.804	1.922	2.02	0
516	1.843	1.843	1.922	2.02	0
517	1.922	1.922	2.02	2.059	0
518	1.882	1.961	2.059	2.137	0
519	1.941	1.922	2.02	2.157	0
520	1.941	1.882	2.02	2.098	0
521	1.922	1.824	2.02	2.039	0
522	1.961	1.902	2.098	1.98	0
523	2.0	1.941	2.118	1.961	0
524	1.922	1.902	2.059	1.961	0
525	1.922	1.784	2.059	1.902	0
526	2.0	1.765	2.078	1.843	0
527	2.098	1.765	2.078	1.824	0
528	2.098	1.725	2.039	1.784	0
529	2.0	1.745	1.961	1.784	0
530	1.98	1.824	2.059	1.824	0
531	1.98	1.902	2.078	1.922	0
532	1.922	1.961	2.078	2.0	0
533	1.863	2.0	2.059	2.039	0
534	1.824	1.941	1.98	2.098	0
535	1.882	1.98	1.941	2.118	0
536	1.961	1.961	1.98	2.098	0
537	1.922	1.961	2.039	2.059	0
538	1.843	1.941	2.039	2.02	0
539	1.882	1.98	2.059	1.961	0
540	1.98	2.0	2.118	1.98	0
541	2.0	1.882	2.078	1.98	0
542	2.078	1.863	2.137	1.902	0
543	2.176	1.863	2.176	1.843	0
544	2.059	1.804	2.078	1.784	0
545	1.98	1.804	2.098	1.765	0
546	2.039	1.804	2.059	1.784	0
547	1.98	1.824	2.059	1.863	0
548	1.98	1.863	2.078	1.941	0
549	1.961	1.863	1.961	2.0	0
550	1.824	1.843	2.0	2.02	0
551	1.784	1.882	1.98	2.059	0
552	1.706	1.902	1.961	2.098	0
553	1.824	1.882	1.941	2.118	0
554	1.784	1.902	1.922	2.078	0
555	1.882	1.902	2.0	2.02	0
556	1.922	1.882	1.98	1.961	0
557	1.824	1.804	1.98	1.922	0
558	1.922	1.784	1.961	1.863	0
559	1.922	1.824	2.02	1.824	0
560	2.059	1.863	2.078	1.784	0
561	2.02	1.765	2.0	1.784	0
562	2.157	1.784	2.098	1.784	0
563	2.157	1.882	2.098	1.824	0
564	1.98	1.863	2.059	1.882	0
565	1.902	1.824	1.98	1.922	0
566	1.941	1.863	1.922	1.961	0
567	1.882	1.941	1.941	1.961	0
568	1.941	1.922	1.941	2.0	0
569	1.922	1.863	1.902	2.0	0
570	2.02	1.941	1.98	2.0	0
571	2.02	1.98	2.059	2.039	0
572	2.078	1.961	2.137	2.059	0
573	2.039	1.902	2.098	2.039	0
574	1.941	1.824	2.0	1.961	0
575	1.863	1.804	2.02	1.863	0
576	1.922	1.882	2.118	1.824	0
577	1.882	1.902	2.137	1.843	0
578	1.922	1.765	2.039	1.824	0
579	2.02	1.784	2.098	1.843	0
580	1.98	1.824	2.078	1.843	0
581	1.882	1.863	2.078	1.902	0
582	1.804	1.863	2.02	1.941	0
583	1.863	1.882	2.039	1.98	0
584	1.98	2.02	2.078	2.078	0
585	2.098	2.059	2.098	2.196	0
586	1.843	2.059	2.098	2.275	0
587	1.765	2.0	2.078	2.235	0
588	1.745	1.941	2.02	2.176	0
589	1.804	1.882	2.039	2.039	0
590	1.98	1.98	2.118	1.98	0
591	2.098	2.0	2.157	1.98	0
592	2.118	1.941	2.157	1.961	0
593	2.098	1.941	2.098	1.961	0
594	2.118	1.882	2.118	1.863	0
595	2.176	1.902	2.118	1.863	0
596	2.137	1.824	2.137	1.804	0
597	2.196	1.863	2.157	1.843	0
598	2.157	1.902	2.118	1.902	0
599	1.961	1.863	2.02	1.941	0
600	1.784	1.922	1.98	1.961	0
601	1.804	1.941	2.0	2.0	0
602	1.941	1.882	1.902	2.02	0
603	1.922	1.941	1.98	2.059	0
604	1.941	1.922	1.941	2.098	0
605	1.745	1.882	1.902	2.078	0
606	1.725	1.882	1.98	2.0	0
607	1.863	1.843	1.961	1.941	0
608	1.941	1.784	2.0	1.902	0
609	2.02	1.725	2.02	1.902	0
610	2.059	1.745	2.039	1.824	0
611	2.176	1.824	2.098	1.804	0
612	2.059	1.824	2.039	1.765	0
613	2.039	1.824	2.059	1.745	0
614	2.078	1.784	2.02	1.765	0
615	2.0	1.784	2.0	1.824	0
616	2.02	1.824	2.039	1.922	0
617	2.078	1.843	2.039	1.941	0
618	2.039	1.902	2.078	2.02	0
619	1.941	1.941	2.0	2.059	0
620	1.922	1.961	2.02	2.078	0
621	1.98	1.922	1.98	2.098	0
622	1.843	1.843	1.98	2.078	0
623	1.824	1.863	1.941	2.02	0
624	1.882	1.941	2.0	1.961	0
625	1.98	1.922	2.059	1.941	0
626	1.98	1.863	2.078	1.922	0
627	2.118	1.882	2.176	1.902	0
628	2.275	1.824	2.137	1.863	0
629	1.98	1.745	2.039	1.784	0
630	1.941	1.804	2.137	1.765	0
631	2.059	1.863	2.098	1.804	0
632	2.039	1.922	2.059	1.922	0
633	2.02	1.902	2.078	2.0	0
634	2.039	1.941	2.078	2.078	0
635	1.98	1.98	2.059	2.078	0
636	1.941	1.961	2.059	2.137	0
637	1.765	1.882	1.961	2.157	0
638	1.804	1.824	1.941	2.137	0
639	1.922	1.843	1.961	2.118	0
640	1.941	1.824	2.039	2.098	0
641	2.078	1.863	2.078	2.098	0
642	2.039	1.824	2.098	2.039	0
643	1.804	1.824	2.039	1.941	0
644	1.804	1.843	1.98	1.843	0
645	1.902	1.804	2.059	1.804	0
646	2.0	1.725	2.039	1.784	0
647	2.098	1.725	2.078	1.784	0
648	2.176	1.784	2.078	1.824	0
649	1.902	1.902	2.02	1.902	0
650	1.627	1.902	1.922	1.902	0
651	1.667	1.98	1.961	1.902	0
652	1.902	1.941	1.98	1.882	0
653	2.118	1.941	2.0	2.0	0
654	2.157	1.902	2.059	2.078	0
655	1.98	1.922	2.078	2.137	0
656	1.784	2.02	2.039	2.118	0
657	1.804	2.039	2.039	2.039	0
658	1.902	2.039	2.02	1.941	0
659	1.98	1.922	2.02	1.863	0
660	2.059	1.902	2.078	1.843	0
661	2.216	1.863	2.137	1.824	0
662	2.294	1.863	2.235	1.882	0
663	2.333	1.824	2.118	1.843	0
664	2.196	1.804	2.118	1.824	0
665	2.157	1.843	2.137	1.804	0
666	2.078	1.863	2.039	1.824	0
667	2.059	1.902	2.039	1.882	0
668	2.157	1.98	2.059	1.961	0
669	2.098	2.0	2.059	2.039	0
670	2.0	1.922	2.039	2.078	0
671	1.863	1.863	2.0	2.137	0
672	1.863	1.882	1.98	2.098	0
673	1.843	1.961	1.941	2.059	0
674	1.706	2.0	1.882	2.0	0
675	1.765	2.078	2.0	1.98	0
676	1.941	2.039	2.059	2.039	0
677	1.961	1.745	1.98	1.961	0
678	2.078	1.667	2.02	1.902	0
679	2.02	1.824	2.196	1.804	0
680	1.725	1.882	2.157	1.784	0
681	1.608	1.863	2.039	1.804	0
682	1.824	1.824	1.922	1.824	0
683	1.961	1.882	1.98	1.922	0
684	1.882	1.824	1.98	1.961	0
685	1.824	1.843	1.98	1.98	0
686	1.667	1.824	1.941	2.0	0
687	1.608	1.882	1.98	2.0	0
688	1.725	1.922	2.039	2.078	0
689	1.843	1.882	2.039	2.118	0
690	1.804	1.882	1.961	2.118	0
691	1.824	1.882	2.039	2.039	0
692	1.765	1.902	2.059	2.02	0
693	1.647	1.784	1.863	1.941	0
694	1.882	1.745	1.843	1.843	0
695	2.118	1.922	2.039	1.765	0
696	2.196	1.922	2.255	1.745	0
697	2.235	1.784	2.196	1.765	0
698	1.961	1.765	2.098	1.765	0
699	2.02	1.882	1.941	1.784	0
700	1.824	1.98	2.0	1.863	0
701	1.882	1.882	2.098	2.0	0
702	1.961	1.824	2.098	2.039	0
703	2.039	1.824	2.039	2.0	0
704	1.98	1.824	1.882	1.98	0
705	1.863	1.922	1.902	2.02	0
706	1.922	1.98	2.02	2.059	0
707	1.922	1.941	2.118	2.118	0
708	2.118	1.961	2.176	2.176	0
709	2.118	2.039	2.059	2.118	0
710	1.863	1.902	2.039	2.078	0
711	1.863	1.882	2.0	1.961	0
712	1.98	1.922	2.039	1.843	0
713	2.118	1.902	2.059	1.784	0
714	2.176	1.882	2.137	1.765	0
715	2.294	1.902	2.216	1.843	0
716	2.196	1.961	2.196	1.922	0
717	2.0	1.98	2.196	2.0	0
718	2.118	2.0	2.118	2.02	0
719	2.078	1.941	1.98	1.98	0
720	1.941	1.941	1.98	1.98	0
721	1.922	1.98	2.078	2.039	0
722	1.941	2.039	2.137	2.157	0
723	1.961	2.02	2.137	2.216	0
724	1.784	1.922	2.039	2.216	0
725	1.824	1.863	2.039	2.118	0
726	1.824	1.843	2.0	1.98	0
727	1.725	1.902	1.98	1.902	0
728	1.745	1.843	2.039	1.863	0
729	1.863	1.843	2.039	1.902	0
730	1.902	1.765	2.039	1.863	0
731	1.961	1.784	2.098	1.863	0
732	1.804	1.804	2.078	1.843	0
733	1.608	1.765	1.98	1.784	0
734	1.706	1.804	1.922	1.804	0
735	1.941	1.765	1.902	1.843	0
736	1.941	1.725	1.902	1.882	0
737	1.824	1.784	1.98	1.98	0
738	1.569	1.804	1.863	2.0	0
739	1.529	1.843	1.863	2.118	0
740	1.745	1.882	1.961	2.098	0
741	1.863	2.02	2.157	2.118	0
742	2.078	2.02	2.275	2.118	0
743	2.137	1.902	2.039	2.078	0
744	1.961	1.745	1.882	1.941	0
745	1.843	1.706	1.902	1.843	0
746	1.765	1.765	2.078	1.745	0
747	1.863	1.804	2.176	1.765	0
748	2.039	1.804	2.098	1.784	0
749	2.157	1.765	2.137	1.843	0
750	2.196	1.765	2.118	1.863	0
751	2.157	1.863	2.137	1.922	0
752	2.137	1.902	2.098	1.961	0
753	2.039	1.941	2.059	1.922	0
754	1.922	2.078	1.961	1.961	0
755	1.902	2.098	1.961	1.961	0
756	1.961	1.98	1.941	2.02	0
757	1.863	1.804	1.902	2.059	0
758	1.961	1.882	2.039	2.098	0
759	2.255	1.98	2.098	2.137	0
760	1.922	2.059	2.078	2.059	0
761	1.922	2.039	2.059	2.0	0
762	2.039	1.961	1.922	1.882	0
763	2.0	1.922	2.02	1.843	0
764	2.118	2.0	2.216	1.804	0
765	2.157	1.863	2.176	1.804	0
766	2.059	1.686	2.059	1.804	0
767	2.216	1.647	1.961	1.784	0
768	2.294	1.804	2.078	1.843	0
769	2.235	1.941	2.235	1.941	0
770	2.059	1.902	2.216	2.02	0
771	1.824	1.843	2.039	2.039	0
772	1.745	1.902	2.02	2.078	0
773	1.961	1.902	1.902	2.098	0
774	2.02	1.804	1.961	2.078	0
775	1.98	1.843	2.039	2.059	0
776	2.098	1.882	2.078	2.02	0
777	2.059	1.902	2.02	1.98	0
778	1.824	2.02	2.098	2.0	0
779	1.863	1.98	2.118	2.0	0
780	2.039	1.961	2.098	1.961	0
781	2.039	1.843	2.02	1.804	0
782	2.059	1.784	2.02	1.745	0
783	2.118	1.824	2.118	1.725	0
784	2.039	1.922	2.157	1.824	0
785	1.843	1.961	2.039	1.941	0
786	1.627	1.824	1.902	1.961	0
787	1.569	1.686	1.765	1.922	0
788	1.588	1.745	1.725	1.863	0
789	1.961	1.941	1.941	1.98	0
790	2.02	2.098	2.098	2.157	0
791	1.98	2.0	2.137	2.294	0
792	1.863	1.765	1.882	2.255	0
793	1.765	1.627	1.824	2.078	0
794	1.922	1.745	1.922	1.922	0
795	2.0	1.824	2.078	1.843	0
796	2.02	1.706	2.078	1.863	0
797	2.098	1.667	1.961	1.882	0
798	2.176	1.824	2.02	1.843	0
799	2.216	1.882	2.078	1.843	0
800	2.196	1.922	2.176	1.863	0
801	2.275	1.843	2.098	1.843	0
802	2.078	1.745	2.039	1.863	0
803	2.098	1.686	1.98	1.843	0
804	2.039	1.765	2.02	1.882	0
805	1.882	1.824	1.961	1.922	0
806	1.824	1.98	1.902	1.961	0
807	1.824	2.137	1.922	2.039	0
808	1.902	2.255	2.118	2.176	0
809	2.059	2.275	2.216	2.275	0
810	2.039	2.078	2.098	2.235	0
811	1.98	1.863	2.078	2.078	0
812	1.902	1.902	2.118	1.961	0
813	1.765	1.98	2.196	1.863	0
814	1.882	2.059	2.196	1.863	0
815	1.961	2.137	2.02	1.882	0
816	2.098	2.02	2.118	1.882	0
817	2.02	1.902	2.118	1.882	0
818	1.98	1.902	2.216	1.863	0
819	2.196	2.0	2.353	1.961	0
820	2.314	2.0	2.294	2.078	0
821	1.941	1.882	2.078	2.098	0
822	1.667	1.804	1.922	2.0	0
823	1.725	1.941	2.02	1.98	0
824	1.843	2.0	2.059	2.059	0
825	1.922	1.863	2.02	2.118	0
826	2.0	1.824	1.941	2.157	0
827	1.922	1.941	2.098	2.098	0
828	1.922	2.0	2.157	2.039	0
829	1.882	1.941	2.02	2.02	0
830	1.941	1.784	2.078	1.961	0
831	2.039	1.667	1.98	1.922	0
832	2.02	1.765	2.039	1.824	0
833	2.275	1.843	2.157	1.804	0
834	2.02	1.843	2.137	1.745	0
835	2.02	1.941	2.176	1.804	0
836	2.137	2.0	2.118	1.922	0
837	1.922	1.902	1.941	1.961	0
838	1.804	1.882	1.922	1.961	0
839	1.843	1.824	1.882	1.98	0
840	1.882	1.843	1.902	1.941	0
841	2.078	1.843	1.922	2.02	0
842	2.059	1.843	2.02	2.078	0
843	1.784	1.882	1.961	2.118	0
844	1.725	2.0	2.039	2.118	0
845	1.882	1.941	2.118	2.059	0
846	1.922	1.745	1.961	1.941	0
847	1.941	1.765	1.941	1.843	0
848	1.804	1.745	2.098	1.784	0
849	2.059	1.902	1.922	1.784	0
850	2.157	1.843	2.039	1.725	0
851	2.118	1.765	2.392	1.784	0
852	2.196	1.784	2.255	1.863	0
853	2.0	1.843	2.02	1.922	0
854	1.902	1.922	2.0	1.941	0
855	1.882	1.824	1.882	1.902	0
856	1.765	1.804	1.961	1.922	0
857	1.725	1.882	2.0	1.941	0
858	1.706	1.961	2.02	2.039	0
859	2.176	2.157	2.333	2.176	0
860	2.333	2.118	2.157	2.255	0
861	1.765	1.843	2.02	2.176	0
862	1.745	1.922	1.961	2.039	0
863	1.882	1.961	1.863	1.922	0
864	1.863	1.627	1.902	1.863	0
865	2.0	1.667	2.118	1.824	0
866	1.941	1.863	2.275	1.843	0
867	2.157	1.863	1.902	1.824	0
868	2.059	1.784	1.902	1.804	0
869	2.255	1.784	2.275	1.843	0
870	2.216	1.804	2.176	1.922	0
871	1.902	1.706	1.902	1.922	0
872	1.725	1.608	1.882	1.882	0
873	1.98	1.725	1.745	1.843	0
874	2.098	1.902	1.863	1.922	0
875	2.02	2.02	2.039	2.039	0
876	2.0	2.0	2.137	2.157	0
877	1.824	1.922	2.02	2.216	0
878	1.745	1.882	1.961	2.118	0
879	1.745	1.843	1.608	1.961	0
880	1.529	1.784	1.647	1.804	0
881	1.725	1.863	1.922	1.706	0
882	1.784	1.98	1.941	1.725	0
883	2.059	2.02	2.059	1.745	0
884	2.216	2.0	2.078	1.784	0
885	2.059	1.706	1.98	1.745	0
886	2.314	1.745	2.078	1.784	0
887	2.157	1.98	2.157	1.863	0
888	1.765	2.078	2.039	1.902	0
889	1.725	2.137	1.902	1.941	0
890	1.941	2.078	1.902	1.941	0
891	1.941	2.0	1.941	1.941	0
892	2.098	1.98	2.02	2.02	0
893	2.176	2.0	2.137	2.137	0
894	2.098	2.039	2.176	2.196	0
895	2.039	2.039	2.157	2.216	0
896	2.157	2.02	2.176	2.137	0
897	2.118	2.0	2.196	2.039	0
898	2.059	1.902	2.176	1.98	0
899	1.98	1.745	2.216	1.941	0
900	2.02	1.824	2.235	1.941	0
901	2.078	1.706	2.118	1.843	0
902	2.118	1.647	2.137	1.843	0
903	2.02	1.784	2.216	1.824	0
904	1.863	1.824	2.098	1.882	0
905	1.804	1.824	2.02	1.902	0
906	1.882	1.902	2.137	1.98	0
907	1.98	1.922	2.118	2.0	0
908	1.863	1.863	2.059	2.059	0
909	1.804	1.902	2.0	2.118	0
910	1.784	1.902	2.02	2.118	0
911	1.863	1.961	2.039	2.118	0
912	1.922	2.039	2.118	2.078	0
913	2.0	2.098	2.137	2.0	0
914	2.039	2.118	2.157	1.961	0
915	2.0	1.98	2.137	1.902	0
916	1.902	1.804	2.02	1.843	0
917	1.882	1.804	1.941	1.804	0
918	1.941	1.863	2.039	1.804	0
919	1.961	1.961	2.137	1.804	0
920	2.02	1.882	2.098	1.863	0
921	1.863	1.843	1.941	1.843	0
922	1.902	1.863	2.059	1.882	0
923	2.02	1.882	2.137	1.961	0
924	1.784	1.824	1.902	2.039	0
925	1.843	1.824	1.863	2.059	0
926	1.882	1.922	2.02	2.118	0
927	1.608	1.882	1.961	2.118	0
928	1.529	1.824	1.941	2.118	0
929	1.784	1.824	1.902	2.078	0
930	1.882	1.843	1.98	2.02	0
931	1.98	1.804	1.98	1.98	0
932	2.039	1.745	2.176	2.0	0
933	2.039	1.706	2.255	1.941	0
934	2.157	1.745	2.098	1.902	0
935	2.176	1.765	2.059	1.843	0
936	1.941	1.667	2.235	1.804	0
937	2.078	1.765	2.157	1.804	0
938	2.0	1.882	1.961	1.843	0
939	1.745	1.902	2.059	1.941	0
940	1.824	1.902	1.98	2.0	0
941	1.804	1.706	1.863	1.98	0
942	1.784	1.706	1.902	1.961	0
943	2.118	1.961	2.098	2.039	0
944	2.216	2.157	2.157	2.137	0
945	1.765	2.059	2.039	2.196	0
946	1.608	1.961	1.941	2.157	0
947	1.824	1.941	2.0	2.039	0
948	1.882	1.961	2.118	1.961	0
949	1.922	1.922	1.922	1.882	0
950	2.02	1.784	1.706	1.784	0
951	1.922	1.804	1.961	1.725	0
952	2.255	1.922	2.235	1.725	0
953	2.275	1.882	2.176	1.784	0
954	2.314	1.863	2.118	1.843	0
955	2.078	1.902	2.098	1.922	0
956	1.706	1.941	1.98	1.941	0
957	1.765	1.961	1.902	1.922	0
958	2.02	1.941	1.824	1.882	0
959	2.137	1.824	1.882	1.902	0
960	2.275	1.863	2.0	2.039	0
961	2.0	1.941	2.078	2.118	0
962	1.941	2.078	2.098	2.176	0
963	1.863	2.078	2.039	2.118	0
964	1.902	1.961	2.118	2.039	0
965	1.961	2.02	2.314	2.0	0
966	2.118	2.02	2.216	2.0	0
967	2.137	1.902	1.941	1.922	0
968	1.98	1.784	2.059	1.863	0
969	2.0	1.725	2.176	1.804	0
970	2.059	1.725	2.137	1.725	0
971	2.118	1.824	2.235	1.765	0
972	2.039	1.882	2.137	1.804	0
973	2.078	1.98	2.275	1.922	0
974	2.02	2.02	2.255	2.039	0
975	1.882	1.882	2.0	2.078	0
976	1.922	1.824	1.961	2.098	0
977	1.745	1.882	1.902	2.098	0
978	1.686	1.843	1.922	2.078	0
979	1.706	1.882	1.922	2.059	0
980	1.667	1.902	1.863	2.0	0
981	1.667	1.824	1.882	1.961	0
982	1.725	1.784	1.824	1.922	0
983	1.804	1.824	1.941	1.902	0
984	1.961	1.784	1.98	1.863	0
985	1.902	1.725	2.0	1.902	0
986	1.98	1.706	2.098	1.843	0
987	1.863	1.725	2.0	1.843	0
988	1.863	1.902	1.961	1.804	0
989	1.922	1.922	2.0	1.804	0
990	2.0	1.843	1.98	1.902	0
991	2.0	1.882	2.02	1.922	0
992	2.0	1.843	2.118	2.0	0
993	1.863	1.843	1.902	2.02	0
994	1.843	1.902	1.686	2.039	0
995	1.902	2.078	2.0	2.098	0
996	1.882	2.098	2.078	2.157	0
997	1.804	2.098	2.039	2.157	0
998	1.882	1.98	2.0	2.059	0
999	1.804	1.941	1.922	1.961	0
1000	2.0	1.863	1.961	1.902	0
1001	2.176	1.804	2.137	1.863	0
1002	2.294	1.843	2.255	1.941	0
1003	2.353	1.804	2.275	1.941	0
1004	1.902	1.843	2.196	1.941	0
1005	1.765	1.824	1.863	1.863	0
1006	1.843	1.667	1.843	1.765	0
1007	2.039	1.667	1.941	1.725	0
1008	2.059	1.824	1.863	1.784	0
1009	1.922	1.902	2.098	1.902	0
1010	2.255	2.098	2.373	2.118	0
1011	2.412	2.059	2.275	2.333	0
1012	2.059	1.804	2.02	2.314	0
1013	1.863	1.882	1.902	2.176	0
1014	1.824	1.961	2.0	2.0	0
1015	1.961	1.863	2.039	1.882	0
1016	2.059	1.863	2.02	1.843	0
1017	2.059	1.882	2.059	1.863	0
1018	2.137	1.98	2.137	1.902	0
1019	2.098	2.02	2.196	1.98	0
1020	2.078	1.941	2.157	1.922	0
1021	2.098	1.882	2.137	1.824	0
1022	2.078	1.784	2.059	1.784	0
1023	2.039	1.784	2.118	1.824	0
1024	2.059	1.922	2.314	1.922	0
1025	1.902	1.98	2.078	2.02	0
1026	1.725	1.882	1.627	1.941	0
1027	1.627	1.784	1.843	1.882	0
1028	1.922	1.882	2.02	2.02	0
1029	2.02	1.922	2.059	2.157	0
1030	1.765	1.765	1.961	2.196	0
1031	1.529	1.804	1.941	2.118	0
1032	1.667	1.902	2.039	1.961	0
1033	1.765	1.863	1.961	1.824	0
1034	1.902	1.804	1.98	1.824	0
1035	2.118	1.784	2.059	1.824	0
1036	2.216	1.745	2.098	1.824	0
1037	2.078	1.765	2.118	1.824	0
1038	1.902	1.686	2.02	1.804	0
1039	2.02	1.765	2.0	1.784	0
1040	2.078	1.824	2.039	1.765	0
1041	2.098	1.765	2.059	1.784	0
1042	2.118	1.843	2.059	1.843	0
1043	2.137	1.98	2.098	1.922	0
1044	2.157	2.118	2.118	2.059	0
1045	2.176	2.118	2.157	2.196	0
1046	2.118	2.0	2.216	2.275	0
1047	2.098	1.824	1.98	2.216	0
1048	1.882	1.745	1.941	2.118	0
1049	2.039	1.745	2.02	1.961	0
1050	2.118	1.765	2.039	1.941	0
1051	1.961	1.784	2.0	1.922	0
1052	1.863	1.863	2.059	1.882	0
1053	1.765	1.863	2.137	1.902	0
1054	2.059	1.922	2.078	1.922	0
1055	1.98	1.843	2.098	1.863	0
1056	2.039	1.863	2.098	1.804	0
1057	2.078	2.059	2.098	1.843	0
1058	1.902	2.0	2.118	1.941	0
1059	1.824	1.863	1.98	1.98	0
1060	1.804	1.941	2.02	2.0	0
1061	1.686	2.118	2.059	2.059	0
1062	1.706	2.275	2.039	2.098	0
1063	1.686	2.294	2.039	2.157	0
1064	1.863	2.275	2.02	2.216	0
1065	1.843	2.216	2.039	2.157	0
1066	1.961	2.157	2.196	2.118	0
1067	1.922	2.02	2.118	2.059	0
1068	1.843	1.98	2.059	2.0	0
1069	1.824	1.902	2.078	1.882	0
1070	1.922	1.882	2.118	1.863	0
1071	2.098	1.882	2.196	1.863	0
1072	1.961	1.765	2.098	1.843	0
1073	1.882	1.686	2.02	1.843	0
1074	1.843	1.745	2.02	1.863	0
1075	1.824	1.686	1.882	1.863	0
1076	1.706	1.667	1.824	1.863	0
1077	1.549	1.863	1.824	1.863	0
1078	1.667	1.98	1.961	1.961	0
1079	1.902	1.882	1.98	2.098	0
1080	1.98	1.745	1.961	2.176	0
1081	2.039	1.647	1.961	2.137	0
1082	1.922	1.843	1.941	2.098	0
1083	1.627	1.922	1.882	1.961	0
1084	1.529	1.922	1.922	1.824	0
1085	1.647	1.922	1.961	1.765	0
1086	1.882	1.804	1.98	1.784	0
1087	2.039	1.804	2.098	1.784	0
1088	2.157	1.765	1.961	1.804	0
1089	2.059	1.765	1.961	1.824	0
1090	2.157	1.843	2.235	1.843	0
1091	2.157	1.863	2.157	1.863	0
1092	1.745	1.686	1.922	1.843	0
1093	1.725	1.686	1.922	1.824	0
1094	1.98	1.804	1.882	1.843	0
1095	2.157	1.961	2.039	1.98	0
1096	2.294	2.118	2.216	2.157	0
1097	2.039	2.0	2.059	2.216	0
1098	1.765	1.804	1.824	2.137	0
1099	1.882	1.784	1.882	2.039	0
1100	2.137	1.961	2.059	2.0	0
1101	2.157	2.059	2.176	2.0	0
1102	2.235	1.98	2.235	2.059	0
1103	2.176	1.843	2.078	2.039	0
1104	2.039	1.784	2.02	1.902	0
1105	2.216	1.765	2.02	1.784	0
1106	2.314	1.843	2.078	1.725	0
1107	2.451	1.941	2.157	1.725	0
1108	2.431	2.039	2.294	1.863	0
1109	2.176	2.078	2.294	2.02	0
1110	2.0	1.902	2.098	2.078	0
1111	2.157	1.863	1.98	2.059	0
1112	2.118	1.863	2.137	2.039	0
1113	2.078	1.922	2.137	2.078	0
1114	1.961	2.0	2.118	2.137	0
1115	2.059	2.02	2.078	2.157	0
1116	2.059	2.0	2.078	2.137	0
1117	2.02	1.941	2.078	2.098	0
1118	2.039	1.882	2.137	2.02	0
1119	2.098	1.902	2.196	2.0	0
1120	2.059	1.843	2.216	2.0	0
1121	2.078	1.824	2.216	1.941	0
1122	1.98	1.725	2.118	1.882	0
1123	1.824	1.686	2.039	1.784	0
1124	1.588	1.667	1.863	1.686	0
1125	1.569	1.686	1.804	1.706	0
1126	1.824	1.686	1.922	1.784	0
1127	2.039	1.843	2.059	1.902	0
1128	2.157	1.882	2.098	2.059	0
1129	1.824	1.882	2.039	2.098	0
1130	1.451	1.765	1.784	2.039	0
1131	1.529	1.922	1.863	1.98	0
1132	1.804	1.98	1.922	1.961	0
1133	1.804	1.961	1.98	2.02	0
1134	1.843	1.902	1.902	2.02	0
1135	1.941	1.882	1.941	2.0	0
1136	1.941	1.902	2.098	2.0	0
1137	2.059	1.902	2.176	1.961	0
1138	2.059	1.863	2.216	1.922	0
1139	2.078	1.784	2.078	1.843	0
1140	2.039	1.706	1.843	1.765	0
1141	2.059	1.647	2.0	1.686	0
1142	2.098	1.745	2.098	1.725	0
1143	2.0	1.882	2.137	1.863	0
1144	1.98	1.941	2.137	2.0	0
1145	1.843	1.863	1.961	2.118	0
1146	1.765	1.843	1.922	2.098	0
1147	1.824	1.784	1.882	2.039	0
1148	1.804	1.745	1.843	2.0	0
1149	1.902	1.784	1.882	1.961	0
1150	1.863	1.961	2.039	1.98	0
1151	1.882	2.176	2.176	2.039	0
1152	1.804	2.235	2.196	2.118	0
1153	1.882	1.961	1.882	2.039	0
1154	1.941	1.784	1.804	1.882	0
1155	2.098	1.824	2.196	1.804	0
1156	2.294	1.863	2.392	1.765	0
1157	1.941	1.804	2.294	1.804	0
1158	1.941	1.882	2.176	1.843	0
1159	1.98	1.804	1.765	1.863	0
1160	1.882	1.706	1.824	1.824	0
1161	1.882	1.843	2.039	1.843	0
1162	1.824	1.941	2.098	1.941	0
1163	1.765	1.941	2.02	2.039	0
1164	1.824	1.843	1.941	2.078	0
1165	1.824	1.784	1.902	2.118	0
1166	1.745	1.765	1.824	2.078	0
1167	1.627	1.843	1.882	2.02	0
1168	1.765	1.922	1.902	1.941	0
1169	1.608	1.922	1.804	1.882	0
1170	1.451	2.0	1.824	1.902	0
1171	1.529	2.098	1.863	1.922	0
1172	1.608	1.882	1.784	1.863	0
1173	1.863	1.647	1.882	1.765	0
1174	2.451	1.706	2.118	1.784	0
1175	2.471	1.784	2.118	1.804	0
1176	1.765	1.804	1.98	1.784	0
1177	1.49	2.039	2.078	1.824	0
1178	1.843	2.196	2.039	1.922	0
1179	2.196	2.157	2.098	2.098	0
1180	2.373	2.039	2.098	2.157	0
1181	2.137	1.824	2.039	2.137	0
1182	2.196	1.843	2.098	2.157	0
1183	2.353	2.0	2.235	2.157	0
1184	2.137	2.118	2.333	2.196	0
1185	2.118	2.059	2.353	2.137	0
1186	2.353	2.098	2.196	2.118	0
1187	2.392	2.098	2.275	2.059	0
1188	2.294	1.961	2.294	1.98	0
1189	2.078	1.941	2.275	1.941	0
1190	2.157	1.98	2.333	1.863	0
1191	2.235	1.98	2.294	1.882	0
1192	2.078	1.863	2.176	1.824	0
1193	1.961	1.784	2.078	1.843	0
1194	1.882	1.765	2.137	1.882	0
1195	2.098	1.843	2.176	1.98	0
1196	2.255	1.863	2.118	2.078	0
1197	2.0	1.804	2.059	2.137	0
1198	1.608	1.824	1.922	2.059	0
1199	1.451	1.843	1.902	2.0	0
1200	1.725	1.882	1.863	1.98	0
1201	1.784	1.882	1.98	1.98	0
1202	1.882	1.863	2.078	2.0	0
1203	1.922	1.961	2.078	2.039	0
1204	1.922	1.882	2.059	2.0	0
1205	1.824	1.765	1.902	1.922	0
1206	1.804	1.804	2.039	1.843	0
1207	2.0	1.804	2.118	1.765	0
1208	2.137	1.882	2.118	1.784	0
1209	2.235	1.824	2.137	1.804	0
1210	2.059	1.922	2.098	1.843	0
1211	1.824	1.941	2.02	1.922	0
1212	1.863	1.941	2.0	1.922	0
1213	1.922	1.941	2.02	1.98	0
1214	1.882	1.882	2.02	2.039	0
1215	1.922	1.961	2.098	2.118	0
1216	1.922	1.882	1.98	2.176	0
1217	1.922	1.745	1.784	2.137	0
1218	1.863	1.804	1.941	2.118	0
1219	1.961	1.725	1.961	2.039	0
1220	1.941	1.706	1.98	1.961	0
1221	2.02	1.765	2.02	1.961	0
1222	2.0	1.765	2.059	1.98	0
1223	2.059	1.765	2.098	1.941	0
1224	2.137	1.725	2.157	1.863	0
1225	2.098	1.627	2.118	1.843	0
1226	2.059	1.765	2.235	1.804	0
1227	2.0	1.863	2.176	1.863	0
1228	1.882	1.765	1.608	1.863	0
1229	1.804	1.784	1.941	1.843	0
1230	1.922	1.863	2.118	1.902	0
1231	1.961	2.098	2.118	2.02	0
1232	1.922	2.137	2.0	2.118	0
1233	1.824	2.118	2.059	2.176	0
1234	1.961	2.118	2.039	2.157	0
1235	1.804	2.039	2.02	2.118	0
1236	1.647	1.961	1.98	2.059	0
1237	1.725	1.941	2.0	1.98	0
1238	1.863	2.039	2.039	1.941	0
1239	1.843	1.941	2.039	1.882	0
1240	1.824	1.765	1.961	1.843	0
1241	1.804	1.725	1.922	1.765	0
1242	1.863	1.824	2.0	1.745	0
1243	1.882	1.863	2.059	1.745	0
1244	1.922	1.804	2.02	1.784	0
1245	1.824	1.725	1.98	1.843	0
1246	1.863	1.745	1.882	1.902	0
1247	1.902	1.863	1.902	1.902	0
1248	1.725	1.902	1.961	1.922	0
1249	1.647	1.98	1.98	2.039	0
1250	1.667	1.902	1.922	2.137	0
1251	1.843	1.804	1.784	2.118	0
1252	1.843	1.804	1.863	2.02	0
1253	1.902	1.863	1.961	1.922	0
1254	2.118	2.0	2.078	1.922	0
1255	2.157	2.039	2.176	1.98	0
1256	2.02	1.98	2.176	2.0	0
1257	2.02	1.863	2.118	1.961	0
1258	1.98	1.804	2.059	1.843	0
1259	1.941	1.843	2.02	1.725	0
1260	2.078	1.882	2.118	1.725	0
1261	2.216	1.98	2.176	1.765	0
1262	2.196	1.961	2.157	1.902	0
1263	2.176	2.0	2.078	2.0	0
1264	1.824	1.961	2.059	2.02	0
1265	1.784	1.98	2.078	2.078	0
1266	2.059	2.059	2.098	2.078	0
1267	2.157	2.059	2.118	2.098	0
1268	2.078	2.02	2.118	2.098	0
1269	1.882	1.922	2.059	2.098	0
1270	2.02	1.941	2.078	2.078	0
1271	2.0	1.98	2.039	2.02	0
1272	1.902	2.0	2.0	2.0	0
1273	1.941	1.922	2.118	1.961	0
1274	2.059	1.784	2.137	1.902	0
1275	2.176	1.725	2.157	1.804	0
1276	2.333	1.745	2.157	1.804	0
1277	2.176	1.765	2.118	1.804	0
1278	2.02	1.804	2.118	1.863	0
1279	1.98	1.863	2.078	1.961	0
1280	1.941	1.863	2.059	2.02	0
1281	1.843	1.765	1.922	1.961	0
1282	1.882	1.745	1.961	1.902	0
1283	1.98	1.902	2.0	2.039	0
1284	2.039	2.0	2.059	2.157	0
1285	2.078	1.902	2.059	2.216	0
1286	1.745	1.784	1.902	2.157	0
1287	1.725	1.784	1.941	2.02	0
1288	1.922	1.843	2.02	1.941	0
1289	1.863	1.882	2.078	1.902	0
1290	2.039	1.824	2.078	1.824	0
1291	2.118	1.804	2.118	1.843	0
1292	2.118	1.765	2.216	1.902	0
1293	2.098	1.706	2.137	1.882	0
1294	1.902	1.686	2.039	1.843	0
1295	2.098	1.745	1.961	1.804	0
1296	2.078	1.765	2.078	1.804	0
1297	2.078	1.843	2.02	1.863	0
1298	2.098	1.882	1.961	1.863	0
1299	2.059	1.98	2.098	1.961	0
1300	1.961	2.0	2.196	2.078	0
1301	1.98	2.137	2.216	2.216	0
1302	2.0	2.039	2.078	2.255	0
1303	1.922	1.863	1.961	2.157	0
1304	1.961	1.843	1.941	2.039	0
1305	1.98	1.961	2.02	1.922	0
1306	2.02	2.118	2.157	1.922	0
1307	2.02	2.02	2.137	1.922	0
1308	2.059	2.02	2.216	1.882	0
1309	2.157	1.98	2.196	1.902	0
1310	2.078	1.843	2.157	1.882	0
1311	1.961	1.843	2.039	1.824	0
1312	1.961	1.843	2.059	1.765	0
1313	1.882	1.784	2.098	1.784	0
1314	1.882	1.765	1.98	1.863	0
1315	1.961	1.824	1.902	1.902	0
1316	1.824	1.941	1.98	1.961	0
1317	1.843	1.902	1.941	2.059	0
1318	1.784	1.882	1.98	2.098	0
1319	1.824	1.843	2.078	2.118	0
1320	1.804	1.863	2.039	2.137	0
1321	1.843	1.824	1.824	2.039	0
1322	1.784	1.784	1.863	1.922	0
1323	1.725	1.824	1.941	1.863	0
1324	1.882	1.843	2.078	1.863	0
1325	1.961	1.882	2.039	1.882	0
1326	1.863	1.765	1.902	1.843	0
1327	1.922	1.804	2.0	1.784	0
1328	1.902	1.863	2.039	1.784	0
1329	1.961	1.882	2.02	1.824	0
1330	1.941	1.882	2.0	1.863	0
1331	1.902	1.843	1.98	1.941	0
1332	1.961	1.922	2.02	1.961	0
1333	1.922	1.902	1.961	2.02	0
1334	1.804	1.961	1.922	2.098	0
1335	1.725	1.98	1.902	2.118	0
1336	1.804	1.922	1.882	2.098	0
1337	1.843	1.941	1.882	2.02	0
1338	1.922	1.98	1.98	1.98	0
1339	2.02	2.02	2.039	1.98	0
1340	2.02	1.961	2.02	2.0	0
1341	2.0	1.863	2.0	1.98	0
1342	1.902	1.863	2.039	1.882	0
1343	1.706	1.863	2.0	1.824	0
1344	1.745	1.824	1.882	1.706	0
1345	2.039	1.745	1.961	1.667	0
1346	2.314	1.784	2.02	1.725	0
1347	2.255	1.804	2.098	1.922	0
1348	2.216	1.902	2.216	2.098	0
1349	1.745	1.922	2.157	2.137	0
1350	1.647	1.922	2.157	2.118	0
1351	1.863	1.902	1.98	2.078	0
1352	1.784	1.745	1.706	2.02	0
1353	1.667	1.745	1.784	1.961	0
1354	1.824	1.941	2.059	2.039	0
1355	2.0	2.02	2.176	2.098	0
1356	2.059	1.941	2.176	2.137	0
1357	2.0	1.863	2.157	2.098	0
1358	2.196	1.882	2.275	2.039	0
1359	2.157	1.922	2.235	1.941	0
1360	2.098	2.0	2.275	1.902	0
1361	2.059	1.902	2.176	1.804	0
1362	1.902	1.784	2.078	1.725	0
1363	1.961	1.824	2.059	1.725	0
1364	2.02	1.922	2.118	1.824	0
1365	2.02	2.02	2.157	1.941	0
1366	2.02	2.078	2.078	2.0	0
1367	1.922	2.02	2.059	2.059	0
1368	1.922	2.0	2.078	2.098	0
1369	1.824	2.02	1.98	2.137	0
1370	1.745	2.02	2.039	2.098	0
1371	1.824	2.02	1.98	2.078	0
1372	1.804	1.902	1.98	2.02	0
1373	1.765	1.902	2.02	1.961	0
1374	1.863	1.941	2.098	1.961	0
1375	1.824	1.843	2.0	1.922	0
1376	1.882	1.804	2.059	1.941	0
1377	2.0	1.804	2.118	1.882	0
1378	1.902	1.745	2.02	1.843	0
1379	1.784	1.745	2.039	1.765	0
1380	1.863	1.745	2.0	1.765	0
1381	1.824	1.784	2.02	1.804	0
1382	1.843	1.863	2.039	1.882	0
1383	1.922	1.843	2.039	1.98	0
1384	1.902	1.804	2.02	2.039	0
1385	1.922	1.882	2.039	2.118	0
1386	2.02	1.961	2.039	2.157	0
1387	2.059	1.98	2.137	2.196	0
1388	1.98	1.922	2.059	2.196	0
1389	1.882	1.843	2.02	2.118	0
1390	1.922	1.863	2.02	1.98	0
1391	1.902	1.824	2.0	1.882	0
1392	1.922	1.784	2.02	1.843	0
1393	2.098	1.784	2.078	1.863	0
1394	2.098	1.863	2.098	1.882	0
1395	2.098	1.843	2.098	1.863	0
1396	2.039	1.725	2.078	1.804	0
1397	2.039	1.745	2.157	1.784	0
1398	2.137	1.843	2.176	1.843	0
1399	2.098	1.745	1.824	1.882	0
1400	1.98	1.784	1.882	1.902	0
1401	1.882	1.941	2.0	1.922	0
1402	1.824	2.059	2.039	1.961	0
1403	1.824	2.039	1.98	2.098	0
1404	1.961	1.902	2.0	2.137	0
1405	2.157	1.98	2.216	2.176	0
1406	2.039	1.961	2.176	2.196	0
1407	2.0	2.039	1.902	2.078	0
1408	1.98	1.98	1.882	1.961	0
1409	2.0	1.824	2.039	1.843	0
1410	2.098	1.843	2.118	1.843	0
1411	2.137	1.941	2.216	1.863	0
1412	2.176	1.961	2.235	1.922	0
1413	2.098	1.863	2.157	1.922	0
1414	2.098	1.725	2.0	1.882	0
1415	1.922	1.824	1.941	1.843	0
1416	1.863	1.882	1.98	1.863	0
1417	1.882	1.843	1.922	1.922	0
1418	1.941	1.824	1.922	1.961	0
1419	2.02	1.843	1.941	2.02	0
1420	1.863	1.941	1.941	2.118	0
1421	1.765	1.961	1.98	2.176	0
1422	1.667	2.0	1.863	2.137	0
1423	1.667	1.922	1.882	2.02	0
1424	1.804	1.824	1.882	1.902	0
1425	1.961	1.804	1.961	1.882	0
1426	2.137	1.824	2.059	1.902	0
1427	2.039	1.882	2.098	1.882	0
1428	1.922	1.863	2.176	1.863	0
1429	2.0	1.765	2.118	1.824	0
1430	1.98	1.745	2.078	1.784	0
1431	1.98	1.863	1.961	1.765	0
1432	1.824	1.902	1.922	1.784	0
1433	1.863	1.882	1.941	1.843	0
1434	1.98	1.863	2.039	1.902	0
1435	2.059	1.843	2.078	2.0	0
1436	2.157	1.863	2.098	2.098	0
1437	2.02	1.863	2.0	2.137	0
1438	1.765	1.902	1.961	2.098	0
1439	1.784	1.98	1.98	2.059	0
1440	1.902	2.0	2.039	2.02	0
1441	2.078	1.98	2.059	1.961	0
1442	1.941	1.882	2.0	1.941	0
1443	1.98	1.843	2.059	1.941	0
1444	2.098	1.765	2.137	1.902	0
1445	2.098	1.843	2.118	1.882	0
1446	2.176	1.882	2.196	1.824	0
1447	2.176	1.824	2.157	1.765	0
1448	2.059	1.804	2.078	1.765	0
1449	1.922	1.863	2.078	1.804	0
1450	1.941	1.902	2.059	1.882	0
1451	2.039	1.922	2.059	1.98	0
1452	1.961	1.882	2.0	2.0	0
1453	1.922	1.941	2.039	2.0	0
1454	1.824	1.941	1.941	2.098	0
1455	1.765	1.922	1.922	2.059	0
1456	1.784	1.961	1.902	2.02	0
1457	1.804	1.922	1.922	1.961	0
1458	1.824	1.804	1.941	1.863	0
1459	1.804	1.765	2.0	1.882	0
1460	1.961	1.863	2.098	1.98	0
1461	1.902	1.843	2.039	1.98	0
1462	1.667	1.765	2.059	1.902	0
1463	1.706	1.706	1.882	1.745	0
1464	1.569	1.549	1.725	1.608	0
1465	2.059	1.686	1.961	1.608	0
1466	2.235	1.824	2.0	1.765	0
1467	2.039	1.804	2.176	1.961	0
1468	2.196	2.059	2.314	2.157	0
1469	2.02	2.078	2.216	2.216	0
1470	1.922	1.902	2.039	2.176	0
1471	1.863	1.922	1.941	2.137	0
1472	1.961	1.961	2.039	2.118	0
1473	2.118	2.039	2.118	2.137	0
1474	2.255	2.078	2.196	2.137	0
1475	2.275	2.118	2.255	2.137	0
1476	2.235	2.118	2.294	2.137	0
1477	2.176	2.078	2.275	2.098	0
1478	2.235	2.02	2.235	2.0	0
1479	2.314	1.98	2.275	1.922	0
1480	2.333	1.961	2.294	1.863	0
1481	2.275	1.902	2.314	1.863	0
1482	2.137	1.824	2.176	1.882	0
1483	1.941	1.784	2.137	1.902	0
1484	1.882	1.804	2.118	1.98	0
1485	1.941	1.882	2.098	2.02	0
1486	1.902	1.784	2.02	2.039	0
1487	1.824	1.725	1.941	2.02	0
1488	1.804	1.784	1.804	2.039	0
1489	1.824	1.824	1.922	2.039	0
1490	1.824	1.863	2.078	2.078	0
1491	1.784	1.824	2.02	2.059	0
1492	1.843	1.824	1.922	2.0	0
1493	1.922	1.824	1.961	1.922	0
1494	1.784	1.765	1.98	1.863	0
1495	1.765	1.804	2.098	1.824	0
1496	1.941	1.922	2.157	1.843	0
1497	1.882	1.706	1.784	1.745	0
1498	1.725	1.608	1.784	1.686	0
1499	2.098	1.843	2.039	1.667	0
1500	2.137	1.98	2.176	1.784	0
1501	1.882	1.941	2.098	1.922	0
1502	1.882	2.0	1.941	1.98	0
1503	2.0	2.039	1.882	1.98	0
1504	1.98	2.078	2.059	2.039	0
1505	1.843	1.941	1.941	2.098	0
1506	1.784	1.843	1.882	2.059	0
1507	1.843	1.922	1.941	2.059	0
1508	1.843	1.941	1.961	2.02	0
1509	1.863	1.961	1.98	2.02	0
1510	1.902	2.02	2.0	2.02	0
1511	1.941	2.0	2.02	2.02	0
1512	2.0	1.941	1.922	1.922	0
1513	2.176	1.804	2.02	1.824	0
1514	2.412	1.765	2.137	1.784	0
1515	2.235	1.765	2.118	1.765	0
1516	1.902	1.765	2.039	1.765	0
1517	1.804	1.863	2.02	1.804	0
1518	1.961	1.922	2.02	1.902	0
1519	2.02	1.902	2.0	1.98	0
1520	1.98	1.863	1.961	2.059	0
1521	1.941	1.902	1.941	2.078	0
1522	1.941	1.843	1.902	2.039	0
1523	1.902	1.824	2.039	2.039	0
1524	1.902	1.922	2.118	2.059	0
1525	1.961	1.941	2.078	2.078	0
1526	1.902	1.961	2.02	2.059	0
1527	1.882	1.902	2.0	1.98	0
1528	1.961	1.882	2.039	1.922	0
1529	1.961	1.784	2.039	1.843	0
1530	1.961	1.824	2.098	1.824	0
1531	2.137	1.902	2.196	1.824	0
1532	1.961	1.843	2.137	1.824	0
1533	1.863	1.804	1.961	1.824	0
1534	1.843	1.804	1.961	1.804	0
1535	1.863	1.843	2.0	1.843	0
1536	1.961	1.863	2.0	1.902	0
1537	2.02	1.961	2.039	1.98	0
1538	1.941	1.902	2.059	2.078	0
1539	1.882	1.922	1.98	2.118	0
1540	1.784	1.961	2.02	2.157	0
1541	1.863	1.941	2.039	2.137	0
1542	1.863	1.863	1.941	2.098	0
1543	1.941	1.824	1.863	1.98	0
1544	2.0	1.882	2.02	1.922	0
1545	2.0	1.902	2.059	1.902	0
1546	1.98	1.843	2.059	1.941	0
1547	1.941	1.843	2.0	1.902	0
1548	2.0	1.804	2.039	1.824	0
1549	1.922	1.804	2.059	1.784	0
1550	2.078	1.843	2.078	1.784	0
1551	2.098	1.863	2.039	1.843	0
1552	1.863	1.804	1.98	1.863	0
1553	1.804	1.824	1.98	1.961	0
1554	1.941	1.902	1.961	2.02	0
1555	2.0	1.922	2.0	2.02	0
1556	1.863	1.843	1.902	2.078	0
1557	1.784	1.824	1.941	2.078	0
1558	1.843	1.941	2.0	2.118	0
1559	1.804	2.0	2.118	2.157	0
1560	1.922	1.941	2.118	2.176	0
1561	1.941	1.804	2.02	2.078	0
1562	1.922	1.667	2.0	1.922	0
1563	2.039	1.765	2.039	1.745	0
1564	2.275	1.98	2.216	1.784	0
1565	2.412	2.039	2.333	1.882	0
1566	2.235	1.941	2.275	1.941	0
1567	2.039	1.784	2.176	1.98	0
1568	1.941	1.824	2.059	1.922	0
1569	2.059	1.922	2.118	1.922	0
1570	2.078	1.961	2.118	1.961	0
1571	1.98	1.941	2.02	1.961	0
1572	1.902	2.02	2.059	2.02	0
1573	1.922	2.02	2.02	2.118	0
1574	1.824	1.922	1.961	2.137	0
1575	1.902	1.961	2.059	2.098	0
1576	2.02	1.98	2.078	2.039	0
1577	1.98	1.922	2.098	1.98	0
1578	1.882	1.922	2.098	1.961	0
1579	1.725	1.843	1.98	1.922	0
1580	1.941	1.922	2.039	1.882	0
1581	2.176	1.882	2.157	1.902	0
1582	2.02	1.745	2.039	1.824	0
1583	1.922	1.725	2.059	1.765	0
1584	1.98	1.843	2.157	1.745	0
1585	1.941	1.882	2.078	1.824	0
1586	1.902	1.843	2.039	1.882	0
1587	1.961	1.941	2.059	1.98	0
1588	1.98	1.961	2.02	2.039	0
1589	1.941	1.961	2.039	2.078	0
1590	1.98	1.961	2.039	2.137	0
1591	1.922	2.0	2.118	2.176	0
1592	1.804	1.98	2.078	2.216	0
1593	1.784	1.941	2.02	2.176	0
1594	1.863	1.863	1.98	2.039	0
1595	1.882	1.804	2.039	1.961	0
1596	1.98	1.804	2.098	1.922	0
1597	1.902	1.804	2.0	1.941	0
1598	1.922	1.843	2.0	1.882	0
1599	1.902	1.647	2.02	1.765	0
1600	1.882	1.706	2.059	1.725	0
1601	2.02	1.843	2.059	1.784	0
1602	2.02	1.863	2.078	1.863	0
1603	2.0	1.902	2.078	1.941	0
1604	1.882	1.824	2.02	1.98	0
1605	1.745	1.804	2.0	1.961	0
1606	1.922	1.863	1.961	1.941	0
1607	2.02	1.863	1.784	2.0	0
1608	1.784	1.882	1.941	2.039	0
1609	1.804	1.941	1.961	2.059	0
1610	1.863	1.98	2.02	2.059	0
1611	1.98	2.02	2.176	2.059	0
1612	1.922	1.961	2.059	2.039	0
1613	1.784	1.882	1.961	1.98	0
1614	2.0	1.824	1.961	1.824	0
1615	2.039	1.745	1.98	1.725	0
1616	2.039	1.784	2.078	1.686	0
1617	2.02	1.98	2.137	1.765	0
1618	2.0	2.059	2.118	1.863	0
1619	1.784	2.0	2.039	1.941	0
1620	1.784	1.863	1.961	1.961	0
1621	1.863	1.804	1.902	1.922	0
1622	1.902	1.863	1.902	1.882	0
1623	1.784	2.0	2.0	1.941	0
1624	1.667	2.0	1.902	2.02	0
1625	1.667	1.902	1.902	2.078	0
1626	1.922	2.02	1.98	2.137	0
1627	1.961	2.098	2.098	2.157	0
1628	1.902	1.961	2.157	2.137	0
1629	1.961	1.902	2.098	2.02	0
1630	1.98	1.824	1.922	1.961	0
1631	1.902	1.706	1.98	1.843	0
1632	2.02	1.765	2.196	1.804	0
1633	2.098	1.843	2.196	1.824	0
1634	1.961	1.882	2.02	1.824	0
1635	2.02	1.824	2.0	1.784	0
1636	2.176	1.882	2.059	1.843	0
1637	2.196	1.902	2.118	1.863	0
1638	2.176	1.804	2.118	1.941	0
1639	2.157	1.843	2.078	2.0	0
1640	1.824	1.922	2.039	2.0	0
1641	1.686	1.941	1.922	2.039	0
1642	1.686	1.961	1.863	2.039	0
1643	1.824	1.882	1.804	2.039	0
1644	1.922	1.863	1.922	2.039	0
1645	2.118	1.922	2.098	2.0	0
1646	2.098	1.961	2.157	2.0	0
1647	2.039	1.902	2.196	2.02	0
1648	2.039	1.843	2.118	1.961	0
1649	1.961	1.745	2.078	1.902	0
1650	1.98	1.745	2.078	1.765	0
1651	1.922	1.765	2.078	1.725	0
1652	1.902	1.765	2.078	1.765	0
1653	1.843	1.804	2.02	1.863	0
1654	1.941	1.863	2.039	1.98	0
1655	2.157	1.843	2.078	2.059	0
1656	2.176	1.784	2.098	2.059	0
1657	2.196	1.804	2.118	2.118	0
1658	2.059	1.961	2.118	2.137	0
1659	1.843	2.039	2.059	2.118	0
1660	1.824	2.0	2.02	2.118	0
1661	1.902	1.902	2.02	2.098	0
1662	1.98	1.882	2.02	2.059	0
1663	2.0	1.882	2.02	2.0	0
1664	2.059	1.902	2.039	1.941	0
1665	2.059	1.882	2.078	1.941	0
1666	2.157	1.902	2.137	1.843	0
1667	2.176	1.922	2.137	1.765	0
1668	2.157	1.902	2.176	1.784	0
1669	2.294	1.863	2.137	1.765	0
1670	2.157	1.843	2.176	1.824	0
1671	2.02	1.902	2.255	1.98	0
1672	1.863	1.941	2.078	2.02	0
1673	1.745	1.804	1.843	1.98	0
1674	1.784	1.765	1.902	1.98	0
1675	2.039	1.804	2.039	2.02	0
1676	2.098	1.804	2.0	2.098	0
1677	1.941	1.863	1.902	2.118	0
1678	1.784	1.824	1.961	2.118	0
1679	1.824	1.765	2.0	2.02	0
1680	1.961	1.804	2.098	2.0	0
1681	2.137	1.961	2.216	2.02	0
1682	2.098	1.824	2.078	1.941	0
1683	1.941	1.765	2.059	1.902	0
1684	2.0	1.725	2.137	1.824	0
1685	1.98	1.667	2.039	1.745	0
1686	2.078	1.725	1.98	1.706	0
1687	2.039	1.843	1.863	1.745	0
1688	1.902	1.863	2.059	1.843	0
1689	1.902	1.922	2.314	1.922	0
1690	2.0	2.02	2.176	2.039	0
1691	2.02	2.059	1.784	2.098	0
1692	1.784	2.078	2.0	2.098	0
1693	1.725	1.902	1.961	2.078	0
1694	1.863	1.843	1.824	2.02	0
1695	1.922	1.882	1.941	1.961	0
1696	1.824	1.961	2.098	1.941	0
1697	1.863	2.078	2.02	1.961	0
1698	1.882	2.0	2.02	2.0	0
1699	2.059	1.863	2.02	1.98	0
1700	2.059	1.843	2.0	1.941	0
1701	2.157	1.824	2.059	1.824	0
1702	2.039	1.804	2.039	1.745	0
1703	2.0	1.902	2.118	1.725	0
1704	2.078	1.961	2.118	1.804	0
1705	2.059	1.98	1.922	1.922	0
1706	1.98	1.98	2.02	1.961	0
1707	2.0	1.922	2.059	2.02	0
1708	2.02	1.98	1.961	2.059	0
1709	1.941	1.922	1.98	2.078	0
1710	1.863	1.902	1.98	2.078	0
1711	1.863	1.98	2.02	2.059	0
1712	1.98	1.98	2.02	2.039	0
1713	2.02	1.961	2.0	2.0	0
1714	1.941	1.941	1.941	1.941	0
1715	1.961	1.941	2.02	1.941	0
1716	2.078	1.863	2.039	1.922	0
1717	1.98	1.784	2.02	1.863	0
1718	2.078	1.824	2.078	1.745	0
1719	2.0	1.824	2.078	1.725	0
1720	1.922	1.843	2.059	1.745	0
1721	2.0	1.863	2.078	1.804	0
1722	1.902	1.882	2.0	1.882	0
1723	1.882	1.902	2.0	1.941	0
1724	1.941	1.922	2.0	1.98	0
1725	1.843	1.882	1.941	2.059	0
1726	1.745	1.98	1.922	2.059	0
1727	1.686	1.98	1.961	2.118	0
1728	1.765	1.902	1.941	2.118	0
1729	1.804	1.882	2.02	2.098	0
1730	1.843	1.863	2.157	2.098	0
1731	1.725	1.863	2.078	2.059	0
1732	1.569	1.863	1.98	2.0	0
1733	1.765	1.824	1.961	1.902	0
1734	1.922	1.765	2.0	1.882	0
1735	2.059	1.725	2.098	1.804	0
1736	1.941	1.804	2.176	1.765	0
1737	1.922	1.902	2.176	1.784	0
1738	2.078	1.882	2.039	1.843	0
1739	1.961	1.843	2.098	1.941	0
1740	1.941	1.882	2.118	2.039	0
1741	1.922	1.882	2.059	2.059	0
1742	1.824	1.941	2.039	2.039	0
1743	1.824	1.98	1.98	2.039	0
1744	1.941	1.98	2.039	2.039	0
1745	2.137	2.059	2.078	2.098	0
1746	2.078	2.118	2.137	2.118	0
1747	2.059	2.059	2.137	2.098	0
1748	1.941	1.922	2.059	2.039	0
1749	1.98	1.843	2.039	1.961	0
1750	2.118	1.824	2.078	1.922	0
1751	2.255	1.941	2.216	1.882	0
1752	2.216	1.902	2.196	1.824	0
1753	2.059	1.824	2.157	1.784	0
1754	2.039	1.863	2.118	1.784	0
1755	2.059	1.863	2.039	1.824	0
1756	2.059	1.804	2.039	1.882	0
1757	2.098	1.784	2.059	1.941	0
1758	2.157	1.784	2.078	1.961	0
1759	2.02	1.922	2.039	2.039	0
1760	1.941	2.039	2.039	2.118	0
1761	1.863	1.961	2.078	2.157	0
1762	1.98	1.941	2.078	2.176	0
1763	1.961	1.941	2.039	2.176	0
1764	2.0	1.902	2.078	2.098	0
1765	2.0	1.784	1.98	2.039	0
1766	1.902	1.765	2.118	1.961	0
1767	2.039	1.824	2.196	1.902	0
1768	2.02	1.882	2.0	1.922	0
1769	2.02	1.882	2.118	1.843	0
1770	2.039	1.784	2.137	1.843	0
1771	2.039	1.765	2.137	1.824	0
1772	1.922	1.745	2.137	1.863	0
1773	1.961	1.824	2.02	1.902	0
1774	1.922	1.824	1.882	1.941	0
1775	1.863	1.843	2.0	1.98	0
1776	1.843	1.824	2.059	2.039	0
1777	1.804	1.863	1.882	2.078	0
1778	1.804	1.843	1.98	2.098	0
1779	1.902	1.882	2.02	2.098	0
1780	1.784	1.922	1.902	2.059	0
1781	1.843	1.882	1.824	2.0	0
1782	1.843	1.863	1.941	1.98	0
1783	1.922	1.882	2.02	1.941	0
1784	1.961	1.804	2.02	1.882	0
1785	1.941	1.784	2.02	1.843	0
1786	1.922	1.667	2.0	1.765	0
1787	2.039	1.784	1.961	1.745	0
1788	2.078	1.941	2.216	1.765	0
1789	1.98	1.863	2.039	1.824	0
1790	1.863	1.765	1.784	1.882	0
1791	1.882	1.843	1.961	1.922	0
1792	1.961	1.902	1.98	1.922	0
1793	1.902	1.882	1.98	1.961	0
1794	1.902	1.98	1.961	2.02	0
1795	1.843	2.0	1.922	2.078	0
1796	1.882	1.961	1.902	2.118	0
1797	1.843	1.902	1.961	2.059	0
1798	1.902	1.922	2.039	2.02	0
1799	1.941	1.922	1.98	1.98	0
1800	1.941	1.863	1.922	1.922	0
1801	1.98	1.843	2.02	1.863	0
1802	2.078	1.863	2.078	1.843	0
1803	2.118	1.941	2.157	1.804	0
1804	2.059	1.843	2.059	1.784	0
1805	1.98	1.765	2.0	1.765	0
1806	2.02	1.843	2.098	1.804	0
1807	2.039	1.902	2.059	1.863	0
1808	2.02	1.902	2.059	1.922	0
1809	2.0	1.922	2.039	1.961	0
1810	1.941	1.98	2.039	2.02	0
1811	1.902	1.961	2.059	2.098	0
1812	1.902	1.961	2.02	2.118	0
1813	1.902	1.941	2.02	2.118	0
1814	1.882	1.941	2.039	2.098	0
1815	1.922	1.941	2.059	2.02	0
1816	1.98	1.882	2.059	1.98	0
1817	1.941	1.902	2.039	1.941	0
1818	1.961	1.843	2.118	1.882	0
1819	1.98	1.843	2.098	1.902	0
1820	2.059	1.843	2.157	1.843	0
1821	2.039	1.804	2.098	1.804	0
1822	1.98	1.784	2.098	1.804	0
1823	1.98	1.784	2.078	1.824	0
1824	1.922	1.824	2.078	1.902	0
1825	1.941	1.843	2.098	2.0	0
1826	1.922	1.863	2.039	2.0	0
1827	1.902	1.863	2.02	2.039	0
1828	1.882	1.902	1.98	2.059	0
1829	1.843	1.941	2.02	2.078	0
1830	1.941	2.0	2.039	2.098	0
1831	1.902	1.98	2.059	2.137	0
1832	1.941	1.922	2.078	2.098	0
1833	1.922	1.863	2.039	2.039	0
1834	1.922	1.863	2.039	1.961	0
1835	2.0	1.863	2.078	1.902	0
1836	2.078	1.843	2.137	1.824	0
1837	2.098	1.882	2.137	1.824	0
1838	2.078	1.843	2.078	1.784	0
1839	2.098	1.843	2.118	1.765	0
1840	2.078	1.882	2.118	1.804	0
1841	2.039	1.882	2.098	1.863	0
1842	2.0	1.882	2.059	1.941	0
1843	1.98	1.902	2.039	1.961	0
1844	1.98	1.922	2.059	2.0	0
1845	1.922	1.961	2.02	2.078	0
1846	1.863	1.961	2.0	2.098	0
1847	1.882	1.941	1.98	2.118	0
1848	1.882	1.941	2.02	2.098	0
1849	1.922	1.922	2.039	2.039	0
1850	1.941	1.902	2.039	2.0	0
1851	1.941	1.882	2.059	1.98	0
1852	1.961	1.863	2.098	1.902	0
1853	2.039	1.824	2.098	1.882	0
1854	2.039	1.843	2.118	1.843	0
1855	2.039	1.784	2.078	1.804	0
1856	1.98	1.784	2.039	1.784	0
1857	2.0	1.804	2.039	1.804	0
1858	1.98	1.863	2.078	1.863	0
1859	1.961	1.863	2.059	1.941	0
1860	1.902	1.863	2.02	2.0	0
1861	1.902	1.922	2.02	2.078	0
1862	1.863	1.922	1.922	2.059	0
1863	1.863	1.961	2.0	2.098	0
1864	1.882	1.922	1.98	2.118	0
1865	1.843	1.922	1.961	2.118	0
1866	1.902	1.902	2.0	2.039	0
1867	1.941	1.902	2.0	2.02	0
1868	1.961	1.882	2.039	1.961	0
1869	1.961	1.843	2.059	1.902	0
1870	2.059	1.804	2.039	1.902	0
1871	2.02	1.824	2.059	1.824	0
1872	2.02	1.765	2.039	1.784	0
1873	2.02	1.745	2.039	1.765	0
1874	2.039	1.784	2.02	1.804	0
1875	2.0	1.843	2.02	1.843	0
1876	1.98	1.882	2.02	1.902	0
1877	1.961	1.882	2.0	1.961	0
1878	1.941	1.882	2.02	1.98	0
1879	1.922	1.882	1.961	2.059	0
1880	1.863	1.902	1.902	2.078	0
1881	1.902	1.902	1.98	2.098	0
1882	1.843	1.961	2.0	2.098	0
1883	1.863	1.941	2.039	2.059	0
1884	1.922	1.902	2.02	2.02	0
1885	1.941	1.882	2.039	1.98	0
1886	2.0	1.863	2.078	1.941	0
1887	1.98	1.863	2.078	1.882	0
1888	2.02	1.843	2.098	1.843	0
1889	2.02	1.824	2.078	1.804	0
1890	2.02	1.824	2.098	1.784	0
1891	2.02	1.882	2.078	1.824	0
1892	1.941	1.863	2.078	1.882	0
1893	1.922	1.882	2.059	1.961	0
1894	1.941	1.922	2.059	2.0	0
1895	1.922	1.922	2.02	2.02	0
1896	1.922	1.961	2.0	2.039	0
1897	1.882	1.941	1.961	2.118	0
1898	1.902	1.941	1.98	2.118	0
1899	1.902	1.961	2.0	2.078	0
1900	1.941	1.941	2.039	2.039	0
1901	1.961	1.902	2.039	2.0	0
1902	1.961	1.882	2.039	1.941	0
1903	2.02	1.843	2.039	1.882	0
1904	2.098	1.863	2.059	1.843	0
1905	2.039	1.843	2.098	1.824	0
1906	2.039	1.824	2.098	1.824	0
1907	2.02	1.824	2.137	1.824	0
1908	2.078	1.824	2.078	1.863	0
1909	2.02	1.863	2.039	1.882	0
1910	2.0	1.863	2.059	1.922	0
1911	1.98	1.922	2.039	1.961	0
1912	1.922	1.922	2.039	2.039	0
1913	1.902	1.941	2.0	2.059	0
1914	1.843	1.98	2.0	2.157	0
1915	1.882	1.941	2.0	2.157	0
1916	1.882	1.941	2.0	2.157	0
1917	1.922	1.922	2.039	2.078	0
1918	1.961	1.902	2.039	2.02	0
1919	1.941	1.863	2.059	1.961	0
1920	1.98	1.824	2.078	1.941	0
1921	2.0	1.804	2.078	1.863	0
1922	2.039	1.784	2.098	1.824	0
1923	2.078	1.765	2.098	1.804	0
1924	2.039	1.765	2.118	1.784	0
1925	2.02	1.784	2.059	1.824	0
1926	1.98	1.804	2.039	1.843	0
1927	1.961	1.824	2.039	1.961	0
1928	1.961	1.902	2.02	1.98	0
1929	1.922	1.902	2.0	1.98	0
1930	1.902	1.922	2.0	2.059	0
1931	1.843	1.922	1.941	2.098	0
1932	1.882	1.922	1.961	2.078	0
1933	1.843	1.961	2.0	2.098	0
1934	1.863	1.961	2.039	2.078	0
1935	1.922	1.961	2.059	2.039	0
1936	1.941	1.941	2.078	2.02	0
1937	1.98	1.902	2.039	1.941	0
1938	2.039	1.843	2.059	1.902	0
1939	2.039	1.843	2.098	1.843	0
1940	2.059	1.843	2.078	1.784	0
1941	2.039	1.824	2.098	1.765	0
1942	2.039	1.863	2.059	1.804	0
1943	2.0	1.863	2.039	1.902	0
1944	2.0	1.882	2.039	1.941	0
1945	2.0	1.902	2.039	2.0	0
1946	1.922	1.922	1.961	2.039	0
1947	1.941	1.941	2.0	2.039	0
1948	1.922	1.941	1.941	2.098	0
1949	1.941	1.922	1.98	2.098	0
1950	1.922	1.941	2.0	2.118	0
1951	1.941	1.941	2.02	2.039	0
1952	1.98	1.882	2.02	2.0	0
1953	1.922	1.863	2.02	1.98	0
1954	2.039	1.843	2.02	1.922	0
1955	2.098	1.784	2.059	1.863	0
1956	2.157	1.824	2.098	1.824	0
1957	2.137	1.804	2.078	1.784	0
1958	2.078	1.804	2.098	1.784	0
1959	2.137	1.804	2.039	1.804	0
1960	2.196	1.843	2.0	1.824	0
1961	2.176	1.863	2.039	1.902	0
1962	2.176	1.882	2.0	1.961	0
1963	2.098	1.922	1.961	2.039	0
1964	2.157	1.961	2.0	2.02	0
1965	2.118	1.98	1.961	2.078	0
1966	2.176	1.98	2.02	2.118	0
1967	2.216	1.961	1.961	2.098	0
1968	2.196	1.882	1.941	2.039	0
1969	2.275	1.882	2.0	1.961	0
1970	2.294	1.902	2.02	1.941	0
1971	2.314	1.863	2.039	1.902	0
1972	2.373	1.843	2.039	1.843	0
1973	2.314	1.882	2.098	1.863	0
1974	2.294	1.824	2.078	1.784	0
1975	2.255	1.765	2.078	1.784	0
1976	2.294	1.824	2.059	1.784	0
1977	2.216	1.843	2.02	1.824	0
1978	2.157	1.863	2.0	1.882	0
1979	2.078	1.882	2.0	1.961	0
1980	2.02	1.922	2.0	2.02	0
1981	1.941	1.941	2.02	2.059	0
1982	1.941	1.961	2.0	2.118	0
1983	1.902	1.961	2.0	2.137	0
1984	1.882	1.961	2.02	2.118	0
1985	1.902	1.941	2.02	2.078	0
1986	1.902	1.922	2.059	2.0	0
1987	1.882	1.902	2.02	1.941	0
1988	1.902	1.882	2.098	1.902	0
1989	1.961	1.863	2.059	1.882	0
1990	1.941	1.824	2.078	1.843	0
1991	1.922	1.765	2.059	1.784	0
1992	1.882	1.804	2.118	1.765	0
1993	1.902	1.804	2.098	1.784	0
1994	1.863	1.824	2.02	1.863	0
1995	1.863	1.843	2.039	1.922	0
1996	1.824	1.863	2.02	1.941	0
1997	1.745	1.863	2.02	1.961	0
1998	1.686	1.882	2.02	2.078	0
1999	1.686	1.902	1.961	2.118	0
