time	channel1	channel2	channel3	channel4	class
0	1.882	1.98	2.235	2.137	5
1	1.902	1.863	2.314	2.118	5
2	1.941	1.863	2.373	2.118	5
3	1.98	1.843	2.373	2.039	5
4	2.0	1.824	2.314	2.0	5
5	2.0	1.824	2.255	1.961	5
6	2.0	1.824	2.196	1.902	5
7	2.02	1.824	2.059	1.882	5
8	2.0	1.843	1.98	1.843	5
9	2.039	1.882	1.804	1.824	5
10	1.961	1.902	1.745	1.784	5
11	1.98	1.961	1.706	1.843	5
12	1.941	2.02	1.745	1.902	5
13	1.902	1.98	1.824	1.961	5
14	1.902	1.98	1.863	2.02	5
15	1.882	2.0	1.941	2.059	5
16	1.863	1.98	2.078	2.039	5
17	1.882	1.961	2.235	2.098	5
18	1.902	1.863	2.314	2.118	5
19	1.922	1.863	2.353	2.098	5
20	1.98	1.824	2.392	2.078	5
21	2.02	1.804	2.294	1.98	5
22	2.0	1.784	2.275	1.961	5
23	2.02	1.765	2.196	1.922	5
24	2.039	1.765	2.059	1.843	5
25	2.059	1.843	1.98	1.843	5
26	2.059	1.824	1.804	1.804	5
27	1.98	1.863	1.745	1.784	5
28	1.98	1.902	1.686	1.804	5
29	1.941	1.941	1.725	1.863	5
30	1.922	1.941	1.784	1.941	5
31	1.902	1.961	1.843	1.98	5
32	1.882	1.941	1.941	2.039	5
33	1.843	1.922	2.059	2.059	5
34	1.882	1.941	2.196	2.098	5
35	1.902	1.863	2.275	2.098	5
36	1.941	1.863	2.373	2.098	5
37	1.941	1.804	2.373	2.039	5
38	2.0	1.804	2.294	1.961	5
39	2.02	1.804	2.235	1.941	5
40	1.98	1.804	2.176	1.902	5
41	2.078	1.804	2.118	1.882	5
42	2.039	1.843	1.961	1.824	5
43	2.078	1.843	1.765	1.784	5
44	2.0	1.882	1.745	1.784	5
45	2.0	1.902	1.686	1.784	5
46	1.941	1.961	1.725	1.863	5
47	1.922	1.941	1.765	1.902	5
48	1.902	1.961	1.824	1.961	5
49	1.863	1.98	1.961	1.98	5
50	1.843	1.961	2.078	2.118	5
51	1.824	1.922	2.216	2.137	5
52	1.922	1.843	2.275	2.078	5
53	1.941	1.843	2.333	2.078	5
54	1.941	1.804	2.353	2.0	5
55	1.98	1.784	2.314	1.961	5
56	1.98	1.784	2.255	1.941	5
57	1.98	1.804	2.196	1.941	5
58	2.0	1.824	2.078	1.902	5
59	2.0	1.863	1.98	1.863	5
60	2.039	1.882	1.784	1.804	5
61	1.941	1.863	1.745	1.784	5
62	1.98	1.941	1.706	1.824	5
63	1.941	1.98	1.745	1.863	5
64	1.882	1.961	1.804	1.941	5
65	1.882	1.98	1.863	2.0	5
66	1.863	2.0	1.941	2.059	5
67	1.804	2.0	2.098	2.059	5
68	1.882	1.941	2.216	2.137	5
69	1.902	1.863	2.314	2.137	5
70	1.922	1.882	2.373	2.078	5
71	1.922	1.843	2.373	2.039	5
72	1.98	1.843	2.314	1.98	5
73	2.0	1.804	2.294	1.961	5
74	2.0	1.804	2.216	1.941	5
75	2.039	1.804	2.118	1.882	5
76	2.039	1.863	2.02	1.863	5
77	2.02	1.882	1.804	1.843	5
78	1.961	1.902	1.765	1.804	5
79	1.961	1.922	1.706	1.824	5
80	1.922	1.961	1.765	1.882	5
81	1.882	1.98	1.843	1.941	5
82	1.882	1.98	1.882	2.02	5
83	1.882	1.98	1.941	2.098	5
84	1.902	1.941	2.078	2.059	5
85	1.902	1.941	2.235	2.118	5
86	1.882	1.863	2.314	2.118	5
87	1.941	1.843	2.373	2.078	5
88	1.941	1.784	2.353	2.039	5
89	2.0	1.765	2.294	1.961	5
90	2.02	1.784	2.255	1.941	5
91	2.0	1.784	2.216	1.902	5
92	2.059	1.784	2.059	1.882	5
93	2.098	1.804	1.961	1.824	5
94	2.078	1.843	1.784	1.804	5
95	2.0	1.882	1.725	1.765	5
96	2.0	1.902	1.686	1.784	5
97	1.941	1.98	1.725	1.863	5
98	1.922	1.961	1.804	1.941	5
99	1.922	1.961	1.843	2.0	5
100	1.882	1.98	1.961	2.0	5
101	1.902	1.961	2.078	2.098	5
102	1.882	1.941	2.216	2.118	5
103	1.902	1.824	2.275	2.098	5
104	1.922	1.863	2.353	2.078	5
105	1.941	1.804	2.373	2.02	5
106	2.0	1.784	2.294	1.98	5
107	2.0	1.804	2.235	1.922	5
108	2.039	1.784	2.196	1.902	5
109	2.039	1.804	2.039	1.863	5
110	2.039	1.824	1.961	1.824	5
111	2.039	1.824	1.784	1.804	5
112	1.98	1.863	1.725	1.765	5
113	2.02	1.922	1.686	1.784	5
114	1.941	1.98	1.725	1.863	5
115	1.922	1.961	1.784	1.961	5
116	1.922	1.98	1.863	1.98	5
117	1.902	1.961	1.941	2.039	5
118	1.922	1.941	2.078	2.078	5
119	1.863	1.922	2.235	2.098	5
120	1.922	1.863	2.294	2.118	5
121	1.922	1.863	2.373	2.078	5
122	1.961	1.804	2.353	2.02	5
123	1.961	1.784	2.314	1.98	5
124	1.961	1.784	2.275	1.941	5
125	2.0	1.765	2.196	1.922	5
126	2.0	1.765	2.098	1.882	5
127	2.059	1.843	1.941	1.843	5
128	2.059	1.863	1.824	1.784	5
129	1.941	1.863	1.745	1.804	5
130	1.941	1.922	1.667	1.804	5
131	1.922	1.98	1.725	1.882	5
132	1.882	2.0	1.804	1.961	5
133	1.882	1.98	1.863	2.0	5
134	1.863	1.98	1.922	2.078	5
135	1.863	1.98	2.098	2.059	5
136	1.902	1.98	2.235	2.118	5
137	1.882	1.902	2.314	2.118	5
138	1.922	1.882	2.373	2.118	5
139	1.922	1.843	2.353	2.059	5
140	2.0	1.804	2.294	1.98	5
141	1.98	1.843	2.255	1.941	5
142	1.98	1.824	2.216	1.922	5
143	2.039	1.784	2.059	1.902	5
144	2.078	1.863	1.98	1.863	5
145	2.059	1.863	1.784	1.804	5
146	1.961	1.902	1.765	1.784	5
147	1.98	1.941	1.706	1.824	5
148	1.922	2.0	1.725	1.882	5
149	1.922	2.0	1.804	1.961	5
150	1.902	1.98	1.843	2.0	5
151	1.882	1.98	1.961	2.059	5
152	1.804	1.941	2.078	2.078	5
153	1.882	1.961	2.216	2.118	5
154	1.922	1.882	2.314	2.098	5
155	1.941	1.882	2.373	2.098	5
156	1.941	1.804	2.373	2.059	5
157	2.02	1.824	2.314	2.0	5
158	2.02	1.784	2.255	1.941	5
159	2.02	1.784	2.216	1.902	5
160	2.059	1.784	2.137	1.843	5
161	2.039	1.824	1.98	1.824	5
162	2.039	1.804	1.784	1.804	5
163	1.961	1.843	1.725	1.784	5
164	1.98	1.902	1.686	1.804	5
165	1.941	1.961	1.745	1.882	5
166	1.902	1.941	1.804	1.961	5
167	1.902	1.941	1.824	1.98	5
168	1.882	1.961	1.922	2.0	5
169	1.863	1.961	2.078	2.078	5
170	1.863	1.922	2.235	2.118	5
171	1.902	1.863	2.294	2.118	5
172	1.941	1.863	2.392	2.137	5
173	1.961	1.804	2.392	2.059	5
174	2.0	1.784	2.314	1.98	5
175	2.02	1.784	2.255	1.961	5
176	2.0	1.784	2.196	1.902	5
177	2.059	1.784	2.078	1.863	5
178	2.039	1.863	1.98	1.843	5
179	2.059	1.824	1.804	1.804	5
180	1.98	1.882	1.745	1.804	5
181	1.98	1.902	1.686	1.804	5
182	1.941	1.961	1.725	1.863	5
183	1.902	1.98	1.804	1.941	5
184	1.902	1.961	1.863	2.0	5
185	1.922	1.961	1.922	2.039	5
186	1.804	1.922	2.078	2.098	5
187	1.863	1.941	2.216	2.098	5
188	1.882	1.843	2.314	2.098	5
189	1.902	1.843	2.353	2.118	5
190	1.922	1.784	2.353	2.059	5
191	2.02	1.745	2.294	1.98	5
192	2.02	1.784	2.255	1.922	5
193	2.02	1.745	2.196	1.922	5
194	2.039	1.765	2.039	1.882	5
195	2.078	1.863	1.961	1.824	5
196	2.039	1.843	1.804	1.804	5
197	1.941	1.882	1.745	1.804	5
198	1.961	1.882	1.686	1.824	5
199	1.922	1.961	1.725	1.863	5
200	1.902	1.98	1.804	1.98	5
201	1.902	1.98	1.863	2.0	5
202	1.902	2.02	1.941	2.059	5
203	1.902	1.98	2.078	2.078	5
204	1.863	1.98	2.216	2.098	5
205	1.882	1.902	2.314	2.118	5
206	1.882	1.882	2.353	2.078	5
207	1.922	1.843	2.392	2.039	5
208	1.98	1.843	2.314	2.0	5
209	2.0	1.843	2.275	1.922	5
210	2.02	1.804	2.196	1.902	5
211	2.02	1.824	2.098	1.882	5
212	2.078	1.863	1.961	1.824	5
213	2.059	1.843	1.804	1.804	5
214	1.961	1.922	1.745	1.784	5
215	2.0	1.961	1.706	1.824	5
216	1.961	1.98	1.745	1.902	5
217	1.922	2.0	1.784	1.961	5
218	1.882	1.961	1.843	1.98	5
219	1.882	1.98	1.922	2.0	5
220	1.843	1.98	2.059	2.039	5
221	1.863	1.941	2.235	2.118	5
222	1.882	1.863	2.314	2.137	5
223	1.882	1.863	2.373	2.118	5
224	1.961	1.843	2.373	2.078	5
225	2.0	1.804	2.314	2.02	5
226	1.961	1.784	2.255	1.961	5
227	1.98	1.784	2.235	1.902	5
228	2.059	1.765	2.078	1.863	5
229	2.02	1.863	1.98	1.843	5
230	2.039	1.863	1.824	1.824	5
231	1.961	1.882	1.745	1.824	5
232	1.98	1.902	1.686	1.804	5
233	1.941	1.961	1.725	1.863	5
234	1.902	1.98	1.804	1.961	5
235	1.922	1.961	1.863	2.0	5
236	1.902	2.0	1.98	2.059	5
237	1.922	1.941	2.078	2.039	5
238	1.902	1.961	2.216	2.118	5
239	1.902	1.863	2.314	2.098	5
240	1.941	1.843	2.353	2.098	5
241	1.961	1.804	2.392	2.059	5
242	2.0	1.784	2.294	1.961	5
243	2.0	1.804	2.255	1.941	5
244	2.02	1.765	2.196	1.902	5
245	2.059	1.784	2.118	1.902	5
246	2.02	1.784	1.961	1.824	5
247	2.059	1.824	1.765	1.784	5
248	1.98	1.863	1.745	1.784	5
249	1.98	1.882	1.667	1.804	5
250	1.922	1.941	1.706	1.863	5
251	1.941	1.961	1.804	1.922	5
252	1.922	1.98	1.843	1.98	5
253	1.882	1.961	1.922	2.059	5
254	1.804	1.941	2.059	2.098	5
255	1.882	1.941	2.196	2.098	5
256	1.902	1.882	2.314	2.118	5
257	1.902	1.882	2.373	2.118	5
258	1.961	1.824	2.373	2.059	5
259	2.0	1.804	2.333	2.0	5
260	2.0	1.804	2.255	1.941	5
261	2.0	1.824	2.196	1.902	5
262	2.0	1.824	2.078	1.882	5
263	2.039	1.882	1.98	1.843	5
264	2.059	1.863	1.824	1.804	5
265	1.98	1.902	1.745	1.784	5
266	1.961	1.941	1.706	1.824	5
267	1.902	1.98	1.745	1.882	5
268	1.882	1.98	1.784	1.941	5
269	1.882	1.98	1.863	1.98	5
270	1.882	1.98	1.922	2.02	5
271	1.882	1.961	2.078	2.078	5
272	1.882	1.922	2.216	2.118	5
273	1.882	1.902	2.333	2.118	5
274	1.922	1.863	2.353	2.078	5
275	1.941	1.824	2.392	2.039	5
276	2.0	1.784	2.314	2.0	5
277	2.0	1.784	2.255	1.941	5
278	2.0	1.784	2.216	1.902	5
279	2.039	1.824	2.039	1.863	5
280	2.0	1.804	1.961	1.843	5
281	2.02	1.824	1.804	1.804	5
282	2.0	1.882	1.745	1.784	5
283	2.0	1.922	1.706	1.804	5
284	1.941	1.961	1.745	1.882	5
285	1.902	1.98	1.784	1.961	5
286	1.902	1.961	1.824	2.0	5
287	1.902	1.961	1.941	2.059	5
288	1.922	2.0	2.078	2.078	5
289	1.863	1.98	2.235	2.118	5
290	1.902	1.863	2.314	2.137	5
291	1.922	1.863	2.353	2.098	5
292	1.941	1.824	2.373	2.039	5
293	2.02	1.804	2.294	2.0	5
294	2.0	1.824	2.255	1.941	5
295	2.02	1.784	2.216	1.922	5
296	2.039	1.765	2.078	1.882	5
297	2.059	1.824	1.941	1.843	5
298	2.059	1.843	1.804	1.784	5
299	2.0	1.863	1.745	1.784	5
300	1.98	1.902	1.686	1.824	5
301	1.941	1.961	1.725	1.863	5
302	1.922	1.961	1.784	1.941	5
303	1.922	1.961	1.824	1.98	5
304	1.882	1.961	1.922	2.02	5
305	1.882	1.961	2.078	2.078	5
306	1.902	1.941	2.196	2.098	5
307	1.902	1.863	2.294	2.098	5
308	1.941	1.863	2.353	2.078	5
309	1.961	1.804	2.373	2.039	5
310	2.02	1.784	2.275	1.98	5
311	2.039	1.784	2.255	1.902	5
312	2.039	1.765	2.196	1.902	5
313	2.078	1.745	2.078	1.863	5
314	2.059	1.824	1.941	1.824	5
315	2.059	1.824	1.784	1.784	5
316	1.98	1.882	1.745	1.784	5
317	1.941	1.941	1.706	1.804	5
318	1.902	1.941	1.725	1.882	5
319	1.922	1.941	1.784	1.961	5
320	1.922	1.961	1.824	1.961	5
321	1.882	1.961	1.941	1.98	5
322	1.882	1.961	2.078	2.059	5
323	1.843	1.941	2.216	2.137	5
324	1.843	1.882	2.314	2.118	5
325	1.902	1.882	2.373	2.118	5
326	1.902	1.843	2.373	2.078	5
327	2.0	1.804	2.333	2.0	5
328	2.0	1.824	2.294	1.961	5
329	2.02	1.784	2.235	1.902	5
330	2.078	1.745	2.078	1.882	5
331	2.02	1.843	2.0	1.843	5
332	2.039	1.882	1.804	1.804	5
333	1.941	1.882	1.784	1.804	5
334	2.02	1.902	1.706	1.843	5
335	1.961	1.98	1.725	1.863	5
336	1.902	1.961	1.784	1.941	5
337	1.902	1.961	1.843	1.98	5
338	1.882	1.98	1.902	2.02	5
339	1.843	1.961	2.059	2.039	5
340	1.863	1.961	2.216	2.098	5
341	1.843	1.882	2.314	2.098	5
342	1.902	1.882	2.353	2.118	5
343	1.941	1.824	2.373	2.039	5
344	2.02	1.804	2.294	1.961	5
345	1.98	1.804	2.255	1.941	5
346	2.02	1.784	2.196	1.902	5
347	2.059	1.804	2.098	1.863	5
348	2.059	1.882	1.98	1.843	5
349	2.039	1.863	1.804	1.824	5
350	2.0	1.882	1.765	1.824	5
351	2.0	1.941	1.686	1.824	5
352	1.922	1.961	1.725	1.863	5
353	1.882	2.0	1.784	1.941	5
354	1.902	2.0	1.843	2.0	5
355	1.863	2.0	1.941	2.059	5
356	1.843	1.98	2.059	2.059	5
357	1.824	1.961	2.216	2.137	5
358	1.882	1.882	2.294	2.118	5
359	1.922	1.882	2.373	2.098	5
360	1.941	1.824	2.392	2.059	5
361	2.0	1.804	2.314	1.98	5
362	2.02	1.804	2.255	1.941	5
363	1.98	1.804	2.196	1.902	5
364	2.039	1.765	2.098	1.882	5
365	2.059	1.863	1.961	1.843	5
366	2.078	1.843	1.804	1.804	5
367	2.0	1.882	1.725	1.784	5
368	1.961	1.941	1.725	1.804	5
369	1.922	2.0	1.745	1.902	5
370	1.902	1.961	1.784	1.961	5
371	1.941	1.961	1.824	1.98	5
372	1.902	1.98	1.902	2.039	5
373	1.804	1.961	2.078	2.078	5
374	1.902	1.941	2.196	2.118	5
375	1.882	1.863	2.294	2.098	5
376	1.922	1.882	2.392	2.118	5
377	1.941	1.843	2.392	2.059	5
378	1.98	1.784	2.333	2.0	5
379	1.98	1.824	2.275	1.961	5
380	1.961	1.824	2.216	1.922	5
381	2.0	1.824	2.098	1.882	5
382	2.02	1.804	1.98	1.843	5
383	2.039	1.824	1.804	1.824	5
384	1.98	1.902	1.765	1.804	5
385	2.0	1.922	1.706	1.824	5
386	1.941	1.98	1.725	1.863	5
387	1.882	1.961	1.824	1.941	5
388	1.902	1.961	1.843	2.0	5
389	1.902	1.961	1.961	2.02	5
390	1.843	1.941	2.059	2.039	5
391	1.882	1.922	2.216	2.098	5
392	1.922	1.824	2.275	2.098	5
393	1.941	1.824	2.353	2.078	5
394	1.961	1.804	2.392	2.02	5
395	2.0	1.804	2.333	1.98	5
396	2.0	1.765	2.275	1.98	5
397	2.039	1.745	2.216	1.922	5
398	2.059	1.745	2.059	1.843	5
399	2.078	1.824	1.98	1.824	5
400	2.02	1.863	1.824	1.784	5
401	1.922	1.902	1.784	1.804	5
402	1.961	1.922	1.706	1.843	5
403	1.922	1.961	1.765	1.902	5
404	1.902	1.98	1.804	1.961	5
405	1.882	2.0	1.863	2.0	5
406	1.882	2.02	1.961	2.059	5
407	1.863	2.0	2.098	2.078	5
408	1.882	1.98	2.235	2.118	5
409	1.863	1.922	2.314	2.137	5
410	1.902	1.882	2.392	2.118	5
411	1.922	1.843	2.373	2.078	5
412	1.98	1.804	2.314	1.98	5
413	2.0	1.824	2.275	1.941	5
414	2.02	1.804	2.196	1.902	5
415	2.059	1.804	2.078	1.882	5
416	2.059	1.843	1.98	1.843	5
417	2.059	1.843	1.804	1.824	5
418	1.98	1.882	1.725	1.784	5
419	1.98	1.902	1.706	1.824	5
420	1.961	1.961	1.725	1.882	5
421	1.941	1.941	1.765	1.922	5
422	1.961	1.941	1.843	1.961	5
423	1.902	1.98	1.941	2.0	5
424	1.882	1.98	2.098	2.078	5
425	1.824	1.961	2.216	2.157	5
426	1.882	1.882	2.314	2.118	5
427	1.941	1.863	2.333	2.098	5
428	1.961	1.824	2.353	2.039	5
429	2.0	1.804	2.333	1.98	5
430	2.0	1.804	2.275	1.941	5
431	2.02	1.804	2.216	1.922	5
432	2.02	1.824	2.098	1.902	5
433	2.039	1.824	1.98	1.863	5
434	2.039	1.843	1.784	1.804	5
435	1.961	1.863	1.745	1.784	5
436	1.961	1.902	1.686	1.784	5
437	1.922	1.961	1.725	1.863	5
438	1.941	1.922	1.784	1.922	5
439	1.902	1.922	1.804	1.98	5
440	1.882	1.941	1.902	1.961	5
441	1.902	1.941	2.0	2.02	5
442	1.882	1.961	2.216	2.098	5
443	1.902	1.882	2.275	2.098	5
444	1.902	1.863	2.373	2.118	5
445	1.941	1.804	2.353	2.039	5
446	2.0	1.804	2.294	1.98	5
447	2.02	1.784	2.235	1.922	5
448	2.02	1.784	2.157	1.882	5
449	2.059	1.804	2.039	1.804	5
450	2.078	1.843	1.922	1.804	5
451	2.098	1.843	1.745	1.745	5
452	2.0	1.843	1.706	1.745	5
453	2.02	1.863	1.627	1.765	5
454	2.0	1.902	1.667	1.804	5
455	1.961	1.902	1.745	1.882	5
456	1.902	1.961	1.824	1.961	5
457	1.863	2.0	1.941	2.078	5
458	1.824	1.98	2.098	2.098	5
459	1.863	1.941	2.235	2.157	5
460	1.941	1.843	2.314	2.118	5
461	1.941	1.863	2.333	2.078	5
462	1.922	1.804	2.353	2.039	5
463	1.922	1.804	2.333	1.961	5
464	1.882	1.824	2.294	1.961	5
465	1.941	1.843	2.235	1.961	5
466	1.961	1.784	2.118	1.941	5
467	1.961	1.863	2.0	1.863	5
468	2.0	1.824	1.824	1.824	5
469	1.961	1.902	1.784	1.824	5
470	1.961	1.922	1.745	1.843	5
471	1.824	2.0	1.745	1.922	5
472	1.804	2.02	1.843	1.961	5
473	1.902	2.0	1.902	2.039	5
474	1.863	1.961	1.922	2.078	5
475	1.784	1.922	2.078	2.039	5
476	1.882	1.961	2.255	2.098	5
477	1.902	1.941	2.333	2.118	5
478	1.922	1.961	2.392	2.137	5
479	1.922	1.863	2.431	2.078	5
480	1.98	1.804	2.314	2.0	5
481	1.98	1.863	2.294	1.941	5
482	2.02	1.882	2.294	1.922	5
483	2.078	1.922	2.137	1.922	5
484	2.039	1.882	2.02	1.882	5
485	2.02	1.922	1.824	1.863	5
486	1.941	2.0	1.824	1.843	5
487	1.961	1.941	1.725	1.863	5
488	1.882	1.961	1.706	1.902	5
489	1.902	2.039	1.765	1.961	5
490	1.941	2.059	1.882	1.98	5
491	1.941	2.02	1.941	2.0	5
492	1.922	2.0	2.078	2.078	5
493	1.922	1.961	2.255	2.157	5
494	1.902	1.863	2.294	2.176	5
495	1.882	1.843	2.353	2.118	5
496	1.941	1.784	2.333	2.039	5
497	2.0	1.784	2.294	1.961	5
498	2.039	1.804	2.275	1.941	5
499	2.137	1.824	2.216	1.941	5
500	2.098	1.784	2.098	1.902	5
501	2.02	1.765	1.941	1.843	5
502	2.02	1.765	1.745	1.784	5
503	2.0	1.902	1.843	1.784	5
504	2.098	1.902	1.824	1.824	5
505	2.078	1.941	1.627	1.882	5
506	1.843	1.863	1.627	1.902	5
507	1.902	1.98	1.824	1.922	5
508	1.961	2.02	1.961	1.98	5
509	1.882	1.961	2.098	2.039	5
510	1.941	1.922	2.157	2.098	5
511	1.902	1.824	2.255	2.098	5
512	1.941	1.843	2.353	2.098	5
513	1.98	1.824	2.471	2.059	5
514	2.098	1.804	2.392	1.98	5
515	2.059	1.706	2.157	1.922	5
516	2.039	1.667	2.078	1.804	5
517	2.137	1.765	2.078	1.765	5
518	2.176	1.843	1.961	1.725	5
519	2.098	1.784	1.725	1.725	5
520	2.157	1.843	1.804	1.765	5
521	2.098	1.804	1.667	1.745	5
522	1.843	1.725	1.647	1.765	5
523	1.922	1.843	1.765	1.824	5
524	2.0	1.941	1.745	1.922	5
525	2.0	1.941	1.98	1.961	5
526	1.961	2.02	2.02	2.059	5
527	1.824	1.941	2.176	2.078	5
528	1.922	1.843	2.275	2.059	5
529	1.863	1.824	2.294	2.039	5
530	1.745	1.725	2.431	2.0	5
531	1.922	1.804	2.333	2.0	5
532	2.078	1.863	2.118	2.0	5
533	1.941	1.843	2.137	1.961	5
534	1.961	1.882	2.118	1.902	5
535	2.137	1.941	2.118	1.843	5
536	2.078	1.824	1.843	1.824	5
537	1.824	1.804	1.49	1.745	5
538	1.843	1.863	1.608	1.725	5
539	1.882	1.902	1.706	1.804	5
540	1.98	1.961	1.667	1.882	5
541	1.843	1.882	1.745	1.922	5
542	1.667	1.961	1.863	2.0	5
543	1.588	2.039	2.118	2.098	5
544	1.765	2.059	2.314	2.216	5
545	2.02	1.902	2.137	2.235	5
546	2.078	1.804	2.137	2.078	5
547	1.882	1.745	2.235	1.922	5
548	1.863	1.882	2.333	1.863	5
549	1.843	2.0	2.392	1.961	5
550	1.98	2.02	2.216	2.02	5
551	2.039	1.882	2.078	2.02	5
552	1.882	1.941	1.961	1.941	5
553	1.882	1.961	1.725	1.824	5
554	1.843	1.961	1.843	1.784	5
555	1.863	1.98	1.784	1.784	5
556	1.922	2.078	1.824	1.922	5
557	1.882	2.196	1.882	2.0	5
558	1.784	2.078	1.922	2.078	5
559	1.745	2.078	1.98	2.157	5
560	1.843	2.039	2.137	2.176	5
561	2.098	1.961	2.196	2.176	5
562	2.059	1.824	2.49	2.118	5
563	1.961	1.843	2.549	2.098	5
564	1.725	1.863	2.51	2.059	5
565	1.902	1.863	2.353	2.059	5
566	2.118	1.843	2.314	2.078	5
567	2.255	1.902	2.373	2.098	5
568	2.294	1.863	2.353	2.078	5
569	2.216	1.745	2.157	2.0	5
570	2.118	1.686	1.725	1.863	5
571	2.137	1.863	1.686	1.784	5
572	2.196	2.02	1.863	1.843	5
573	2.137	2.039	1.882	1.961	5
574	2.098	2.039	1.922	2.098	5
575	1.961	1.863	1.843	2.098	5
576	1.98	1.961	1.941	2.118	5
577	1.922	1.961	2.118	2.137	5
578	1.882	1.843	2.255	2.118	5
579	1.882	1.784	2.255	2.098	5
580	1.882	1.882	2.196	2.078	5
581	1.941	1.824	2.294	2.039	5
582	2.02	1.745	2.235	1.961	5
583	2.098	1.725	2.216	1.922	5
584	1.961	1.706	2.196	1.902	5
585	2.0	1.667	2.118	1.804	5
586	1.882	1.686	1.863	1.745	5
587	1.922	1.765	1.667	1.725	5
588	2.078	1.765	1.588	1.686	5
589	1.98	1.725	1.51	1.667	5
590	1.863	1.784	1.745	1.725	5
591	1.902	1.843	1.922	1.863	5
592	2.118	1.824	1.745	1.941	5
593	1.882	1.725	1.569	1.941	5
594	1.784	1.784	1.882	1.843	5
595	1.725	1.784	2.078	1.882	5
596	1.765	1.863	2.275	1.961	5
597	1.824	1.784	2.333	2.098	5
598	2.0	1.627	2.275	2.059	5
599	2.039	1.627	2.235	1.98	5
600	1.98	1.745	2.235	1.922	5
601	2.02	1.804	2.118	1.863	5
602	1.922	1.784	2.059	1.824	5
603	1.902	1.961	1.961	1.784	5
604	1.882	1.941	1.843	1.804	5
605	1.725	1.941	1.627	1.863	5
606	1.667	1.98	1.608	1.882	5
607	1.843	2.098	1.686	1.922	5
608	1.804	2.098	1.824	1.902	5
609	1.804	2.118	1.902	1.922	5
610	1.745	2.098	1.922	1.941	5
611	1.686	2.118	2.196	2.078	5
612	1.706	2.157	2.373	2.235	5
613	1.824	2.0	2.373	2.294	5
614	1.863	1.941	2.412	2.235	5
615	1.843	1.941	2.431	2.059	5
616	1.843	1.941	2.373	1.941	5
617	1.902	1.882	2.294	1.882	5
618	2.0	1.863	2.275	1.882	5
619	2.039	1.824	2.176	1.902	5
620	2.137	1.941	2.118	1.922	5
621	2.216	1.941	1.863	1.902	5
622	2.078	1.882	1.784	1.902	5
623	2.137	1.922	1.784	1.882	5
624	1.98	1.941	1.824	1.902	5
625	1.961	1.922	1.902	1.922	5
626	2.098	1.98	1.961	2.0	5
627	1.98	2.0	2.02	2.078	5
628	2.176	2.0	2.216	2.196	5
629	2.078	1.922	2.392	2.275	5
630	1.922	1.784	2.353	2.196	5
631	1.882	1.745	2.275	2.059	5
632	2.098	1.706	2.294	1.922	5
633	2.098	1.667	2.333	1.863	5
634	2.039	1.725	2.275	1.902	5
635	2.039	1.765	2.137	1.961	5
636	2.078	1.745	2.0	1.941	5
637	2.294	1.765	1.922	1.902	5
638	2.216	1.765	1.824	1.843	5
639	1.941	1.765	1.627	1.824	5
640	1.843	1.863	1.471	1.804	5
641	1.745	2.02	1.686	1.902	5
642	1.784	2.098	1.765	2.059	5
643	1.843	1.98	1.706	2.098	5
644	1.922	1.882	1.765	2.098	5
645	1.902	1.882	1.863	1.98	5
646	1.98	2.118	2.118	2.059	5
647	1.902	1.941	2.196	2.118	5
648	1.824	1.902	2.275	2.176	5
649	1.882	1.922	2.392	2.176	5
650	1.98	1.882	2.353	2.118	5
651	1.863	1.824	2.216	2.078	5
652	1.804	1.765	2.078	1.941	5
653	1.902	1.824	2.039	1.824	5
654	2.0	1.902	2.0	1.804	5
655	2.039	1.922	1.824	1.863	5
656	1.98	1.922	1.745	1.961	5
657	2.078	1.922	1.706	1.941	5
658	2.039	2.0	1.843	1.922	5
659	1.725	1.961	2.02	1.941	5
660	1.843	2.02	1.882	2.039	5
661	1.902	1.961	1.745	2.157	5
662	1.902	1.922	2.137	2.176	5
663	1.843	1.922	2.412	2.216	5
664	1.902	1.902	2.431	2.196	5
665	2.0	1.882	2.431	2.196	5
666	2.039	1.765	2.373	2.078	5
667	2.098	1.745	2.314	1.961	5
668	2.078	1.784	2.333	1.941	5
669	2.0	1.745	2.235	1.941	5
670	1.961	1.765	2.137	1.902	5
671	2.078	1.843	2.137	1.863	5
672	2.098	1.784	1.706	1.824	5
673	1.882	1.784	1.529	1.765	5
674	1.843	1.824	1.549	1.686	5
675	1.882	1.922	1.627	1.667	5
676	1.804	2.0	1.745	1.765	5
677	1.863	2.0	1.863	1.902	5
678	1.882	2.02	1.98	2.078	5
679	1.745	1.98	2.059	2.137	5
680	1.725	1.922	2.157	2.118	5
681	1.804	1.824	2.275	2.039	5
682	1.843	1.902	2.451	2.02	5
683	1.941	1.863	2.549	2.039	5
684	2.059	1.765	2.294	2.0	5
685	2.039	1.706	2.176	1.882	5
686	2.039	1.667	2.118	1.745	5
687	2.078	1.667	2.118	1.627	5
688	2.196	1.843	2.196	1.667	5
689	2.02	1.863	2.078	1.824	5
690	2.118	1.922	1.98	2.0	5
691	2.216	1.961	1.765	2.039	5
692	1.98	1.902	1.647	1.961	5
693	1.725	1.843	1.882	1.882	5
694	1.882	1.961	1.863	1.765	5
695	1.941	2.098	2.02	1.804	5
696	1.647	2.098	2.02	1.961	5
697	1.941	1.961	2.118	2.157	5
698	2.373	1.902	2.392	2.196	5
699	2.294	1.961	2.627	2.216	5
700	1.843	1.863	2.392	2.118	5
701	1.549	1.765	2.235	1.98	5
702	1.627	1.824	2.235	1.882	5
703	1.922	1.804	2.157	1.824	5
704	2.196	1.765	1.961	1.765	5
705	2.255	1.686	1.784	1.725	5
706	2.216	1.725	1.686	1.667	5
707	2.059	1.882	1.824	1.667	5
708	2.098	1.98	1.824	1.784	5
709	2.039	1.961	1.706	1.863	5
710	1.863	1.784	1.608	1.922	5
711	1.941	1.863	1.706	1.922	5
712	2.0	1.961	1.902	1.922	5
713	1.863	1.98	2.02	1.902	5
714	1.922	2.02	2.255	1.961	5
715	1.922	1.902	2.392	2.059	5
716	1.902	1.843	2.392	2.118	5
717	1.922	1.804	2.373	2.098	5
718	2.02	1.784	2.275	2.059	5
719	1.961	1.784	2.294	1.961	5
720	1.961	1.824	2.216	1.843	5
721	1.961	1.902	2.059	1.706	5
722	1.784	1.882	2.0	1.725	5
723	1.725	1.824	1.863	1.804	5
724	1.745	1.843	1.765	1.902	5
725	1.745	2.0	1.725	2.02	5
726	1.745	2.078	1.804	2.059	5
727	1.882	2.02	1.745	2.02	5
728	1.647	1.941	1.569	1.902	5
729	1.588	2.059	1.863	1.882	5
730	1.745	2.118	2.157	1.941	5
731	1.961	2.157	2.196	2.137	5
732	1.706	1.98	2.235	2.255	5
733	1.667	1.922	2.294	2.216	5
734	1.863	1.922	2.294	2.118	5
735	1.804	1.902	2.216	2.0	5
736	1.745	1.902	2.157	2.0	5
737	1.882	1.843	1.98	1.98	5
738	2.118	1.745	1.824	1.843	5
739	2.431	1.745	1.765	1.784	5
740	2.471	1.843	1.804	1.784	5
741	2.176	1.961	1.824	1.804	5
742	1.941	1.941	1.686	1.784	5
743	1.765	2.039	1.667	1.843	5
744	1.843	2.0	1.647	1.882	5
745	1.961	1.902	1.549	1.882	5
746	1.784	1.961	1.647	1.961	5
747	1.941	2.039	1.941	2.0	5
748	2.235	2.039	2.216	2.02	5
749	2.431	1.961	2.451	2.039	5
750	2.588	1.941	2.588	2.137	5
751	2.431	1.804	2.588	2.137	5
752	2.059	1.824	2.608	2.039	5
753	2.02	1.902	2.588	1.98	5
754	2.137	1.902	2.373	1.882	5
755	2.275	1.843	2.0	1.745	5
756	2.353	1.804	2.098	1.745	5
757	2.451	1.882	2.235	1.804	5
758	2.471	1.922	2.098	1.922	5
759	2.275	1.843	1.863	1.961	5
760	2.137	1.902	1.98	2.02	5
761	1.961	1.98	2.02	2.02	5
762	1.647	1.922	1.882	2.0	5
763	1.804	1.882	2.0	1.98	5
764	2.118	1.804	2.137	1.902	5
765	2.078	1.824	2.412	1.98	5
766	2.157	1.745	2.471	2.098	5
767	1.961	1.725	2.471	2.196	5
768	1.725	1.725	2.549	2.176	5
769	2.118	1.804	2.451	2.059	5
770	1.843	1.588	2.039	1.902	5
771	1.941	1.471	1.843	1.745	5
772	2.039	1.51	2.0	1.627	5
773	2.137	1.647	2.039	1.647	5
774	2.137	1.667	1.922	1.745	5
775	1.824	1.784	1.804	1.863	5
776	1.824	1.843	1.569	1.941	5
777	1.902	1.941	1.686	2.0	5
778	1.882	2.0	1.686	2.059	5
779	1.824	1.922	1.725	2.02	5
780	1.804	1.882	1.804	2.0	5
781	1.765	1.961	2.02	1.961	5
782	1.627	1.941	2.176	2.059	5
783	1.745	1.98	2.373	2.196	5
784	1.784	2.059	2.451	2.255	5
785	1.765	1.843	2.216	2.157	5
786	2.02	1.784	2.098	2.0	5
787	2.059	1.882	2.216	1.902	5
788	1.843	1.882	2.333	1.882	5
789	1.961	1.784	2.02	1.843	5
790	2.118	1.765	1.647	1.745	5
791	2.196	1.706	1.608	1.647	5
792	2.196	1.784	1.706	1.627	5
793	2.02	1.961	1.765	1.706	5
794	1.863	2.098	1.725	1.824	5
795	1.824	1.941	1.804	1.902	5
796	1.843	1.863	1.882	1.98	5
797	1.902	1.843	1.843	2.0	5
798	1.922	1.902	1.922	1.922	5
799	1.922	1.922	1.961	1.902	5
800	1.49	1.902	2.078	1.843	5
801	1.471	1.98	2.412	1.863	5
802	1.706	1.922	2.392	1.922	5
803	1.706	1.725	2.216	1.98	5
804	1.863	1.765	2.314	2.02	5
805	2.176	1.882	2.392	2.118	5
806	1.922	1.902	2.235	2.098	5
807	1.686	1.98	1.98	1.961	5
808	1.667	1.902	1.667	1.765	5
809	1.725	1.922	1.667	1.627	5
810	1.863	1.961	1.647	1.706	5
811	1.882	2.039	1.667	1.922	5
812	1.902	2.02	1.765	2.137	5
813	2.137	2.02	1.882	2.294	5
814	2.275	2.039	2.0	2.333	5
815	2.137	2.0	2.137	2.314	5
816	1.647	1.961	2.255	2.196	5
817	1.569	1.941	2.333	2.118	5
818	1.941	1.922	2.235	2.098	5
819	1.922	1.843	2.176	2.059	5
820	2.059	1.824	2.255	2.118	5
821	2.333	1.843	2.314	2.118	5
822	2.569	1.725	2.255	2.059	5
823	2.373	1.686	2.176	1.863	5
824	2.176	1.745	2.02	1.804	5
825	1.863	1.804	1.745	1.804	5
826	1.804	1.824	1.686	1.804	5
827	1.98	1.804	1.529	1.745	5
828	2.059	1.843	1.549	1.706	5
829	2.078	1.863	1.706	1.725	5
830	2.118	1.902	1.922	1.863	5
831	2.078	1.863	1.922	2.0	5
832	2.137	1.843	2.059	2.059	5
833	2.039	1.824	2.216	2.118	5
834	1.725	1.765	2.333	2.0	5
835	1.804	1.765	2.373	1.961	5
836	1.902	1.745	2.294	1.941	5
837	2.0	1.725	2.314	1.824	5
838	2.039	1.765	2.333	1.765	5
839	2.039	1.824	2.294	1.706	5
840	1.961	1.765	2.157	1.843	5
841	1.784	1.824	1.961	1.922	5
842	1.98	1.843	1.686	1.765	5
843	1.824	1.843	1.627	1.608	5
844	1.98	1.922	1.725	1.627	5
845	2.157	2.078	1.804	1.863	5
846	2.255	2.0	2.039	2.02	5
847	2.255	2.039	2.098	2.039	5
848	1.706	2.118	2.078	2.02	5
849	1.627	2.078	2.137	1.98	5
850	1.706	1.902	2.196	2.059	5
851	1.804	1.765	2.294	2.118	5
852	2.0	1.804	2.51	2.137	5
853	2.02	1.824	2.49	2.098	5
854	2.059	1.902	2.412	2.039	5
855	2.039	1.863	2.431	1.961	5
856	2.118	1.863	2.608	1.98	5
857	2.235	1.863	2.647	2.02	5
858	2.235	1.686	1.902	2.0	5
859	1.902	1.608	1.51	1.824	5
860	1.804	1.686	1.745	1.667	5
861	1.941	1.745	1.745	1.686	5
862	2.02	1.824	1.686	1.784	5
863	1.98	1.784	1.745	1.941	5
864	1.902	1.765	1.667	2.0	5
865	1.941	1.863	1.843	2.0	5
866	1.843	2.02	2.137	2.02	5
867	1.784	2.039	2.294	2.157	5
868	1.765	1.843	2.216	2.255	5
869	1.863	1.706	2.255	2.216	5
870	1.882	1.824	2.176	2.078	5
871	1.804	1.804	2.157	1.902	5
872	1.902	1.902	2.216	1.843	5
873	1.902	1.98	2.176	1.922	5
874	1.922	2.02	2.098	2.0	5
875	1.882	2.078	2.0	2.02	5
876	1.863	2.098	1.902	1.961	5
877	1.784	2.137	1.824	1.98	5
878	1.686	2.157	1.784	1.941	5
879	1.667	2.196	1.824	2.02	5
880	1.667	2.157	1.745	2.039	5
881	1.863	2.098	1.706	2.0	5
882	1.843	2.078	1.824	2.0	5
883	1.745	2.039	2.078	2.039	5
884	1.667	2.0	2.235	2.157	5
885	1.902	1.902	2.333	2.176	5
886	1.98	1.804	2.157	2.098	5
887	2.078	1.745	2.176	2.02	5
888	2.275	1.745	2.294	1.922	5
889	2.039	1.725	2.314	1.902	5
890	1.98	1.745	2.255	1.863	5
891	2.078	1.784	1.961	1.784	5
892	2.196	1.784	1.765	1.706	5
893	2.196	1.784	1.765	1.667	5
894	1.941	1.941	1.725	1.725	5
895	2.0	1.882	1.569	1.863	5
896	2.059	1.941	1.569	1.961	5
897	1.922	1.961	1.667	1.922	5
898	1.98	2.0	1.725	1.863	5
899	1.902	2.078	1.804	1.843	5
900	1.804	2.216	2.118	1.922	5
901	1.667	2.118	2.216	2.078	5
902	1.627	1.843	2.176	2.196	5
903	1.765	1.882	2.314	2.353	5
904	1.902	1.824	2.412	2.314	5
905	1.961	1.784	2.314	2.118	5
906	2.039	1.725	2.196	1.843	5
907	1.961	1.824	2.314	1.784	5
908	2.039	1.843	2.216	1.863	5
909	1.98	1.725	1.98	1.882	5
910	2.059	1.667	1.745	1.843	5
911	1.941	1.725	1.725	1.784	5
912	1.941	1.922	1.784	1.882	5
913	2.118	2.0	1.882	2.039	5
914	2.216	2.0	1.961	2.216	5
915	2.176	1.882	1.824	2.137	5
916	2.0	1.882	2.0	1.961	5
917	2.02	2.02	2.314	1.961	5
918	2.0	2.039	2.49	1.941	5
919	1.961	1.902	2.353	2.0	5
920	1.863	1.804	2.275	2.059	5
921	1.804	1.824	2.373	2.078	5
922	1.941	1.882	2.353	2.039	5
923	2.176	1.902	2.314	2.039	5
924	2.176	1.784	2.216	2.02	5
925	2.059	1.686	2.196	1.902	5
926	2.02	1.824	2.118	1.784	5
927	2.039	1.745	1.824	1.608	5
928	2.039	1.784	1.784	1.529	5
929	2.235	2.0	1.961	1.706	5
930	2.098	2.0	1.882	1.961	5
931	1.941	1.902	1.667	2.078	5
932	1.784	1.725	1.706	2.02	5
933	1.745	1.765	1.745	1.882	5
934	1.922	1.902	2.059	1.882	5
935	2.039	2.039	2.51	2.216	5
936	2.196	2.02	2.765	2.471	5
937	2.176	1.882	2.588	2.431	5
938	2.059	1.686	2.314	2.157	5
939	1.941	1.686	2.294	1.882	5
940	1.882	1.804	2.353	1.804	5
941	1.961	1.882	2.353	1.882	5
942	2.039	1.824	2.176	2.02	5
943	2.118	1.843	2.078	2.118	5
944	1.961	1.824	1.863	2.059	5
945	1.863	1.98	1.765	1.98	5
946	2.0	2.157	1.647	1.941	5
947	1.882	2.157	1.863	1.961	5
948	1.863	1.922	1.804	2.0	5
949	1.882	1.98	1.843	2.059	5
950	1.843	2.098	1.98	2.118	5
951	1.627	2.059	2.078	2.118	5
952	1.706	2.02	2.196	2.118	5
953	1.784	1.961	2.176	2.078	5
954	1.882	2.0	2.451	2.078	5
955	1.98	1.882	2.569	2.078	5
956	2.0	1.706	2.137	2.0	5
957	1.804	1.667	1.961	1.824	5
958	1.824	1.745	2.118	1.706	5
959	1.882	1.608	1.843	1.725	5
960	1.961	1.588	1.647	1.667	5
961	1.941	1.569	1.569	1.627	5
962	2.039	1.725	1.686	1.647	5
963	2.078	1.706	1.569	1.686	5
964	1.902	1.667	1.49	1.784	5
965	1.706	1.804	1.549	1.824	5
966	1.706	2.078	1.745	1.863	5
967	1.667	1.941	1.765	1.941	5
968	1.725	1.804	1.765	2.0	5
969	1.784	1.765	1.882	1.941	5
970	1.745	1.804	2.02	1.882	5
971	1.824	1.941	2.235	1.922	5
972	1.863	1.922	2.275	1.882	5
973	1.784	1.863	2.235	1.824	5
974	1.824	2.039	2.314	1.941	5
975	1.863	1.98	2.196	2.02	5
976	1.902	1.843	2.078	1.961	5
977	1.902	1.961	1.961	1.902	5
978	2.02	1.882	1.765	1.745	5
979	1.863	1.941	1.765	1.706	5
980	1.902	2.02	1.725	1.667	5
981	2.02	2.059	1.745	1.765	5
982	2.039	2.059	1.765	1.902	5
983	2.02	2.039	1.961	2.078	5
984	2.098	2.039	2.078	2.176	5
985	2.02	1.961	2.059	2.176	5
986	1.784	1.941	2.157	2.078	5
987	1.804	1.902	2.294	2.039	5
988	1.922	1.902	2.412	2.118	5
989	2.157	1.824	2.431	2.137	5
990	2.333	1.765	2.294	2.098	5
991	1.941	1.863	2.373	2.098	5
992	2.078	1.843	2.373	2.157	5
993	2.569	1.765	2.157	2.157	5
994	2.529	1.804	2.059	1.98	5
995	2.059	1.961	2.0	1.804	5
996	1.882	2.0	1.902	1.667	5
997	1.961	1.961	1.706	1.686	5
998	2.059	1.961	1.667	1.882	5
999	2.039	2.059	1.765	2.098	5
1000	2.039	2.098	1.941	2.176	5
1001	2.196	2.157	2.176	2.196	5
1002	2.235	2.098	2.275	2.216	5
1003	2.275	2.059	2.392	2.176	5
1004	2.137	1.941	2.471	2.118	5
1005	1.902	1.882	2.431	2.02	5
1006	1.902	1.882	2.49	1.922	5
1007	2.118	1.882	2.431	1.902	5
1008	2.039	1.804	2.275	1.882	5
1009	1.961	1.725	2.235	1.863	5
1010	1.941	1.706	2.216	2.0	5
1011	2.0	1.725	1.98	2.157	5
1012	1.98	1.686	1.706	2.039	5
1013	1.882	1.784	1.667	1.745	5
1014	1.863	1.824	1.627	1.549	5
1015	1.961	1.98	1.784	1.608	5
1016	2.039	2.078	1.941	1.843	5
1017	1.961	1.961	1.824	2.078	5
1018	1.706	1.863	1.863	2.196	5
1019	1.667	1.902	1.961	2.294	5
1020	1.882	1.98	2.098	2.216	5
1021	1.961	1.961	2.294	2.059	5
1022	2.0	2.02	2.451	1.922	5
1023	1.941	1.922	2.451	1.882	5
1024	1.941	1.843	2.275	1.941	5
1025	2.078	1.882	2.275	2.039	5
1026	2.059	1.941	2.373	2.078	5
1027	2.039	2.0	2.255	2.0	5
1028	2.098	1.902	1.824	1.843	5
1029	1.961	1.784	1.725	1.686	5
1030	1.922	1.941	1.725	1.647	5
1031	1.941	1.902	1.647	1.686	5
1032	1.922	1.882	1.686	1.824	5
1033	1.804	1.941	1.902	2.0	5
1034	1.784	1.941	1.922	2.078	5
1035	1.941	2.0	1.941	2.059	5
1036	1.902	1.961	1.98	2.039	5
1037	1.784	1.941	2.216	2.059	5
1038	1.706	1.784	2.314	2.039	5
1039	1.804	1.804	2.196	2.039	5
1040	1.902	1.765	2.216	1.98	5
1041	1.902	1.725	2.294	1.98	5
1042	1.961	1.745	2.275	1.98	5
1043	1.98	1.745	2.255	1.98	5
1044	1.941	1.686	2.176	1.922	5
1045	1.961	1.745	1.961	1.843	5
1046	2.118	1.784	1.667	1.784	5
1047	2.0	1.843	1.667	1.824	5
1048	1.98	1.804	1.647	1.843	5
1049	1.882	2.0	1.804	1.882	5
1050	1.882	1.961	1.784	1.98	5
1051	1.922	1.882	1.725	2.0	5
1052	1.863	1.882	1.804	2.039	5
1053	1.784	1.902	2.02	2.059	5
1054	1.843	1.922	2.196	2.078	5
1055	1.941	1.804	2.216	2.098	5
1056	1.961	1.784	2.294	2.078	5
1057	1.941	1.765	2.333	2.039	5
1058	2.059	1.804	2.314	1.98	5
1059	2.118	1.863	2.294	1.882	5
1060	1.922	1.745	2.137	1.784	5
1061	1.902	1.745	2.059	1.686	5
1062	1.902	1.824	1.843	1.686	5
1063	1.961	1.765	1.725	1.686	5
1064	1.922	1.784	1.686	1.725	5
1065	1.941	1.922	1.745	1.804	5
1066	2.02	2.02	1.725	1.941	5
1067	1.922	1.902	1.843	2.0	5
1068	1.824	1.902	1.824	1.941	5
1069	1.686	1.961	1.902	1.863	5
1070	1.627	1.922	1.98	1.843	5
1071	1.667	1.784	2.0	1.882	5
1072	1.804	1.686	2.235	1.961	5
1073	1.98	1.765	2.373	2.078	5
1074	1.902	1.765	2.314	2.078	5
1075	2.02	1.863	2.353	2.118	5
1076	2.137	1.922	2.314	2.196	5
1077	2.059	1.765	2.157	2.098	5
1078	2.118	1.706	1.922	1.843	5
1079	2.294	1.745	1.863	1.588	5
1080	2.176	1.902	1.824	1.608	5
1081	1.98	2.0	1.804	1.765	5
1082	2.039	2.039	1.608	1.961	5
1083	2.02	2.098	1.588	2.078	5
1084	2.078	2.098	1.706	2.078	5
1085	2.098	2.059	1.804	2.078	5
1086	2.157	2.137	1.98	2.078	5
1087	1.922	2.098	2.098	2.039	5
1088	2.118	2.0	2.216	1.98	5
1089	2.137	1.863	2.314	2.039	5
1090	1.824	1.804	2.392	2.078	5
1091	2.02	1.941	2.667	2.176	5
1092	2.196	1.824	2.392	2.078	5
1093	2.059	1.667	2.314	1.922	5
1094	2.0	1.765	2.314	2.0	5
1095	1.902	1.824	2.196	2.118	5
1096	2.039	1.804	2.039	2.02	5
1097	2.078	1.765	1.882	1.824	5
1098	2.039	1.824	1.824	1.686	5
1099	2.039	1.902	1.824	1.686	5
1100	2.0	2.0	1.941	1.922	5
1101	1.961	2.0	2.0	2.216	5
1102	1.882	2.039	2.0	2.412	5
1103	1.804	2.0	1.961	2.412	5
1104	1.765	2.0	2.078	2.255	5
1105	1.824	1.98	2.176	1.98	5
1106	1.882	1.961	2.431	1.922	5
1107	1.843	1.961	2.569	2.078	5
1108	1.863	1.863	2.51	2.275	5
1109	1.941	1.784	2.275	2.275	5
1110	1.824	1.686	2.137	2.137	5
1111	1.902	1.745	2.216	1.922	5
1112	2.059	1.824	2.176	1.804	5
1113	2.176	1.824	2.0	1.784	5
1114	2.314	1.902	2.0	1.745	5
1115	1.882	1.902	1.961	1.804	5
1116	1.569	1.824	1.941	1.902	5
1117	1.784	1.922	1.667	1.98	5
1118	2.098	1.961	1.471	2.0	5
1119	1.98	1.922	1.784	1.922	5
1120	1.961	2.02	2.196	2.0	5
1121	1.863	1.961	2.314	2.098	5
1122	1.902	1.941	2.196	2.196	5
1123	1.961	1.941	2.353	2.176	5
1124	1.98	1.843	2.471	2.137	5
1125	2.02	1.765	2.412	2.098	5
1126	2.039	1.765	2.373	1.98	5
1127	2.039	1.824	2.373	1.902	5
1128	2.098	1.824	2.157	1.843	5
1129	1.922	1.725	2.059	1.784	5
1130	1.863	1.706	1.882	1.765	5
1131	1.98	1.667	1.549	1.706	5
1132	1.961	1.745	1.667	1.686	5
1133	1.941	1.882	1.745	1.725	5
1134	1.902	1.882	1.765	1.843	5
1135	1.922	1.784	1.765	1.922	5
1136	1.941	1.745	1.667	1.922	5
1137	1.941	1.706	1.706	1.843	5
1138	1.941	1.725	1.98	1.882	5
1139	1.922	1.647	2.059	1.922	5
1140	1.922	1.569	2.235	2.0	5
1141	1.961	1.588	2.255	2.059	5
1142	1.98	1.549	2.196	2.0	5
1143	2.0	1.51	2.157	1.902	5
1144	2.118	1.627	2.176	1.824	5
1145	2.137	1.765	2.216	1.863	5
1146	1.98	1.804	2.157	1.882	5
1147	2.078	1.667	1.863	1.843	5
1148	2.216	1.667	1.608	1.706	5
1149	1.98	1.804	1.529	1.647	5
1150	1.882	1.941	1.549	1.667	5
1151	1.804	2.176	1.686	1.804	5
1152	1.784	2.098	1.706	1.941	5
1153	1.843	2.235	1.902	2.137	5
1154	1.725	2.275	1.941	2.196	5
1155	1.725	2.216	2.078	2.118	5
1156	1.804	2.216	2.235	2.098	5
1157	1.804	2.157	2.353	2.078	5
1158	1.882	2.137	2.412	2.118	5
1159	1.804	2.098	2.412	2.137	5
1160	1.882	2.0	2.353	2.098	5
1161	1.902	1.98	2.275	2.02	5
1162	1.824	1.98	2.216	1.902	5
1163	1.863	1.902	2.098	1.824	5
1164	1.882	1.882	1.902	1.843	5
1165	1.941	1.882	1.804	1.922	5
1166	1.922	2.0	1.843	1.961	5
1167	2.039	1.961	1.725	1.941	5
1168	1.961	1.882	1.725	1.902	5
1169	1.922	1.961	1.902	1.882	5
1170	1.902	2.02	1.922	1.863	5
1171	1.824	1.961	1.804	1.863	5
1172	1.863	1.843	1.882	1.843	5
1173	1.784	1.804	2.02	1.922	5
1174	1.902	1.745	2.235	1.922	5
1175	1.98	1.745	2.294	1.902	5
1176	1.98	1.765	2.392	1.922	5
1177	2.0	1.706	2.333	2.02	5
1178	2.078	1.706	2.314	2.02	5
1179	2.294	1.745	2.373	1.922	5
1180	2.275	1.784	2.235	1.765	5
1181	1.902	1.804	1.941	1.667	5
1182	1.961	1.843	1.745	1.627	5
1183	2.039	1.863	1.765	1.647	5
1184	2.098	1.902	1.706	1.745	5
1185	1.941	2.059	1.725	1.941	5
1186	1.706	2.02	1.843	2.157	5
1187	1.843	2.118	1.961	2.255	5
1188	1.863	2.078	1.961	2.235	5
1189	1.941	2.137	2.176	2.255	5
1190	2.078	2.078	2.431	2.294	5
1191	1.941	1.922	2.431	2.314	5
1192	1.824	1.922	2.353	2.216	5
1193	1.941	2.039	2.667	2.196	5
1194	2.137	2.098	2.784	2.235	5
1195	2.059	1.882	2.333	2.216	5
1196	2.0	1.804	1.98	2.137	5
1197	2.039	1.882	2.196	2.039	5
1198	2.137	1.882	2.137	1.98	5
1199	2.216	1.882	2.02	1.843	5
1200	2.157	2.02	1.961	1.824	5
1201	2.078	2.0	1.765	1.824	5
1202	1.922	2.059	1.667	1.882	5
1203	1.804	2.039	1.725	1.98	5
1204	1.941	1.961	1.843	2.078	5
1205	2.0	2.039	1.941	2.157	5
1206	2.118	1.98	2.137	2.078	5
1207	2.157	1.922	2.216	2.118	5
1208	1.863	1.863	2.373	2.098	5
1209	1.745	1.902	2.451	2.118	5
1210	1.863	1.843	2.333	2.078	5
1211	1.882	1.804	2.275	1.941	5
1212	1.863	1.784	2.078	1.784	5
1213	1.98	1.843	2.118	1.706	5
1214	2.118	1.784	2.157	1.745	5
1215	2.098	1.706	1.882	1.824	5
1216	2.078	1.725	1.843	1.922	5
1217	1.902	1.882	1.824	1.882	5
1218	1.843	1.882	1.667	1.804	5
1219	1.804	1.824	1.549	1.745	5
1220	1.843	1.843	1.784	1.784	5
1221	1.863	1.863	1.804	1.882	5
1222	1.765	1.863	1.804	1.98	5
1223	1.804	1.961	1.98	2.059	5
1224	1.863	1.882	2.176	2.157	5
1225	1.922	1.784	2.275	2.157	5
1226	2.0	1.824	2.294	2.078	5
1227	2.039	1.863	2.49	2.059	5
1228	1.843	1.686	2.431	2.078	5
1229	1.745	1.725	2.196	2.039	5
1230	1.98	1.804	2.176	1.961	5
1231	2.098	1.784	1.98	1.863	5
1232	2.196	1.765	1.804	1.745	5
1233	2.196	1.824	1.824	1.706	5
1234	1.961	1.882	1.804	1.706	5
1235	1.941	1.922	1.706	1.784	5
1236	1.922	1.961	1.667	1.882	5
1237	1.922	1.922	1.667	1.922	5
1238	1.804	1.941	1.686	1.863	5
1239	1.765	1.961	1.745	1.843	5
1240	1.745	1.882	1.843	1.843	5
1241	1.824	1.902	2.02	1.961	5
1242	2.157	1.843	2.255	2.137	5
1243	2.314	2.0	2.451	2.216	5
1244	2.0	1.804	2.294	2.118	5
1245	1.863	1.784	2.275	1.961	5
1246	2.039	1.843	2.373	1.902	5
1247	2.059	1.882	2.255	1.902	5
1248	2.039	1.882	2.098	1.922	5
1249	2.118	1.863	1.902	1.902	5
1250	2.118	1.804	1.804	1.882	5
1251	2.098	1.882	1.863	1.863	5
1252	2.157	1.98	1.863	1.882	5
1253	2.157	2.0	1.804	1.941	5
1254	2.078	1.961	1.824	1.922	5
1255	2.039	1.922	1.882	1.843	5
1256	1.961	1.843	1.863	1.784	5
1257	1.941	1.863	2.02	1.843	5
1258	2.0	1.824	2.235	2.02	5
1259	2.137	1.667	2.294	2.039	5
1260	2.176	1.588	2.255	2.039	5
1261	2.0	1.686	2.294	2.059	5
1262	2.0	1.784	2.275	1.961	5
1263	1.843	1.902	2.235	1.804	5
1264	1.863	1.784	2.196	1.686	5
1265	2.0	1.686	2.059	1.647	5
1266	2.059	1.784	1.98	1.745	5
1267	2.118	1.824	1.843	1.824	5
1268	1.902	1.902	1.725	1.882	5
1269	1.784	2.02	1.647	1.922	5
1270	1.588	2.137	1.745	1.941	5
1271	1.588	2.118	1.961	1.98	5
1272	1.608	2.098	1.902	2.059	5
1273	1.451	2.0	1.667	2.078	5
1274	1.451	1.961	1.941	2.137	5
1275	1.706	2.098	2.373	2.216	5
1276	1.725	1.98	2.392	2.235	5
1277	1.843	2.078	2.569	2.314	5
1278	1.765	2.02	2.49	2.353	5
1279	1.686	1.902	2.294	2.235	5
1280	1.784	1.784	2.039	2.039	5
1281	1.843	1.745	2.039	1.922	5
1282	1.98	1.804	2.039	1.882	5
1283	2.098	1.882	2.059	1.941	5
1284	2.078	1.941	1.922	1.98	5
1285	2.078	2.059	1.804	1.882	5
1286	2.118	2.0	1.745	1.863	5
1287	2.078	2.039	1.765	1.922	5
1288	2.059	2.098	1.863	2.059	5
1289	2.098	2.078	1.902	2.157	5
1290	2.059	1.98	2.02	2.098	5
1291	1.98	1.98	2.137	2.039	5
1292	2.0	1.941	2.196	2.0	5
1293	1.922	1.824	2.373	2.039	5
1294	1.824	1.824	2.451	2.02	5
1295	1.824	1.745	2.314	1.98	5
1296	2.118	1.765	2.314	1.98	5
1297	2.255	1.686	2.294	1.922	5
1298	2.314	1.588	2.176	1.843	5
1299	2.235	1.588	2.196	1.706	5
1300	1.804	1.706	1.961	1.549	5
1301	1.667	1.667	1.667	1.49	5
1302	1.784	1.784	1.647	1.667	5
1303	1.961	1.725	1.549	1.804	5
1304	1.98	1.725	1.627	1.902	5
1305	2.059	1.902	1.824	1.902	5
1306	2.039	2.02	1.941	2.039	5
1307	1.941	2.0	1.941	2.137	5
1308	1.843	1.863	1.98	2.137	5
1309	1.843	1.824	2.137	2.039	5
1310	1.961	1.843	2.353	1.961	5
1311	2.02	1.843	2.392	2.059	5
1312	2.059	1.882	2.569	2.176	5
1313	2.196	1.961	2.49	2.294	5
1314	2.196	2.039	2.412	2.275	5
1315	2.118	1.843	2.314	2.176	5
1316	2.039	1.784	2.176	2.0	5
1317	1.961	1.804	1.98	1.863	5
1318	1.98	1.824	1.804	1.765	5
1319	2.039	1.941	1.824	1.745	5
1320	2.157	1.941	1.784	1.824	5
1321	2.078	1.98	1.745	1.961	5
1322	1.98	1.961	1.843	2.078	5
1323	2.02	1.961	1.882	2.157	5
1324	2.0	1.922	1.863	2.118	5
1325	1.922	1.941	2.039	2.0	5
1326	1.882	2.02	2.235	1.941	5
1327	1.863	1.902	2.255	1.922	5
1328	1.863	1.843	2.314	2.0	5
1329	1.922	1.863	2.353	2.039	5
1330	1.98	1.804	2.216	2.039	5
1331	1.941	1.765	2.157	2.0	5
1332	2.098	1.765	2.176	1.902	5
1333	2.216	1.843	2.157	1.824	5
1334	2.275	1.863	2.02	1.843	5
1335	2.118	1.804	1.824	1.863	5
1336	1.725	1.941	1.843	1.843	5
1337	1.843	1.98	1.667	1.804	5
1338	1.902	2.0	1.647	1.765	5
1339	1.961	2.02	1.706	1.745	5
1340	2.02	2.039	1.824	1.765	5
1341	1.98	2.039	1.961	1.863	5
1342	1.882	2.039	2.157	2.02	5
1343	1.863	1.98	2.235	2.098	5
1344	1.804	2.02	2.471	2.235	5
1345	1.863	2.02	2.588	2.275	5
1346	1.922	1.882	2.314	2.176	5
1347	2.098	1.824	2.196	1.922	5
1348	2.059	1.804	2.294	1.784	5
1349	2.02	1.882	2.333	1.765	5
1350	2.0	1.941	2.235	1.863	5
1351	1.843	1.863	2.039	1.882	5
1352	1.882	1.765	1.784	1.863	5
1353	1.843	1.765	1.706	1.824	5
1354	1.902	1.784	1.667	1.745	5
1355	1.843	1.824	1.725	1.765	5
1356	1.784	1.98	1.784	1.863	5
1357	1.804	1.863	1.725	1.941	5
1358	1.804	1.745	1.706	2.02	5
1359	1.784	1.784	2.059	2.02	5
1360	1.725	1.725	2.216	2.039	5
1361	1.824	1.667	2.275	2.02	5
1362	1.882	1.725	2.137	2.02	5
1363	1.941	1.686	2.137	1.961	5
1364	2.078	1.725	2.216	1.922	5
1365	1.922	1.686	2.098	1.863	5
1366	1.824	1.627	2.039	1.863	5
1367	1.863	1.686	1.98	1.902	5
1368	2.078	1.725	1.824	1.843	5
1369	2.078	1.706	1.529	1.745	5
1370	1.961	1.863	1.706	1.765	5
1371	2.078	2.098	1.784	1.922	5
1372	2.059	2.098	1.51	2.0	5
1373	1.98	2.0	1.549	1.98	5
1374	2.02	2.059	1.765	1.98	5
1375	1.804	2.078	1.882	1.961	5
1376	1.667	2.039	1.941	1.941	5
1377	1.843	2.02	2.098	2.02	5
1378	1.961	1.941	2.353	2.098	5
1379	2.059	1.961	2.392	2.157	5
1380	2.0	1.824	2.373	2.118	5
1381	1.98	1.824	2.392	2.059	5
1382	2.0	1.843	2.431	2.0	5
1383	1.961	1.843	2.275	1.941	5
1384	1.941	1.843	2.118	1.863	5
1385	2.098	1.922	2.098	1.863	5
1386	2.118	1.843	1.843	1.784	5
1387	1.961	1.824	1.784	1.784	5
1388	1.941	1.902	1.745	1.843	5
1389	1.922	2.0	1.824	2.039	5
1390	1.882	2.0	1.863	2.196	5
1391	1.882	2.059	1.941	2.196	5
1392	1.784	2.059	1.961	2.098	5
1393	1.784	2.078	2.216	2.039	5
1394	1.804	2.039	2.255	2.118	5
1395	1.98	2.0	2.314	2.176	5
1396	2.176	1.902	2.471	2.216	5
1397	1.941	1.804	2.471	2.157	5
1398	1.765	1.804	2.373	1.98	5
1399	1.765	1.882	2.314	1.863	5
1400	2.039	1.843	2.275	1.843	5
1401	2.137	1.706	2.078	1.941	5
1402	2.098	1.725	1.98	1.961	5
1403	2.118	1.765	1.843	1.843	5
1404	1.961	1.902	1.765	1.706	5
1405	1.98	1.882	1.725	1.588	5
1406	2.039	1.922	1.765	1.686	5
1407	1.941	1.922	1.804	1.922	5
1408	1.882	1.882	1.843	2.157	5
1409	1.902	1.784	1.902	2.196	5
1410	1.882	1.784	1.941	2.059	5
1411	1.922	1.863	2.157	1.98	5
1412	2.059	1.843	2.373	1.98	5
1413	2.078	1.784	2.431	2.098	5
1414	2.137	1.882	2.529	2.216	5
1415	2.196	1.745	2.373	2.196	5
1416	2.078	1.745	2.294	2.078	5
1417	2.078	1.824	2.333	1.98	5
1418	2.078	1.824	2.137	1.941	5
1419	2.039	1.765	1.98	1.804	5
1420	2.118	1.804	1.784	1.706	5
1421	2.137	1.922	1.686	1.686	5
1422	2.137	1.882	1.588	1.667	5
1423	2.039	1.941	1.667	1.686	5
1424	1.961	2.098	1.824	1.804	5
1425	1.961	2.196	1.941	1.863	5
1426	1.941	2.118	1.98	1.941	5
1427	1.824	2.02	1.941	2.059	5
1428	1.647	1.941	2.078	2.137	5
1429	1.824	1.824	2.196	2.098	5
1430	2.039	1.824	2.235	1.941	5
1431	1.922	1.922	2.392	1.863	5
1432	1.863	1.961	2.451	1.882	5
1433	1.961	1.961	2.333	1.98	5
1434	1.941	1.922	2.216	2.039	5
1435	2.039	1.804	2.118	2.0	5
1436	2.118	1.843	2.137	1.922	5
1437	1.98	1.941	1.961	1.843	5
1438	1.784	2.0	1.745	1.882	5
1439	1.882	2.02	1.627	1.863	5
1440	1.824	2.118	1.882	1.863	5
1441	1.863	2.118	2.039	1.98	5
1442	1.902	2.039	1.745	2.059	5
1443	1.804	1.98	1.824	2.078	5
1444	1.706	2.039	2.196	2.098	5
1445	1.686	2.059	2.118	2.118	5
1446	1.745	2.039	2.235	2.078	5
1447	1.961	1.98	2.353	2.098	5
1448	2.02	1.882	2.412	2.039	5
1449	2.157	1.824	2.373	1.941	5
1450	1.961	1.765	2.196	1.863	5
1451	1.765	1.667	2.0	1.804	5
1452	1.922	1.588	1.843	1.804	5
1453	1.98	1.765	1.843	1.882	5
1454	2.039	1.765	1.725	1.902	5
1455	1.98	1.725	1.51	1.863	5
1456	2.02	1.804	1.647	1.804	5
1457	2.118	2.039	1.824	1.863	5
1458	2.02	1.804	1.667	1.863	5
1459	1.902	1.686	1.569	1.882	5
1460	1.824	1.745	1.725	1.961	5
1461	1.667	1.784	1.843	2.059	5
1462	1.686	1.745	2.02	2.118	5
1463	1.863	1.784	2.255	2.176	5
1464	2.118	1.804	2.373	2.216	5
1465	2.176	1.667	2.314	2.176	5
1466	1.961	1.647	2.235	2.059	5
1467	1.863	1.765	2.275	2.0	5
1468	1.922	1.824	2.235	2.02	5
1469	2.039	1.745	2.176	1.902	5
1470	2.039	1.784	2.078	1.882	5
1471	2.078	1.843	1.824	1.804	5
1472	1.98	1.882	1.784	1.765	5
1473	1.98	1.902	1.706	1.765	5
1474	1.961	1.922	1.745	1.804	5
1475	2.02	2.02	1.941	1.941	5
1476	2.059	2.078	2.02	2.078	5
1477	1.98	2.098	2.176	2.235	5
1478	1.961	2.176	2.294	2.255	5
1479	1.882	2.098	2.255	2.157	5
1480	1.863	2.02	2.353	1.98	5
1481	1.902	1.882	2.451	1.863	5
1482	2.0	1.804	2.49	1.882	5
1483	2.098	1.765	2.471	1.941	5
1484	2.137	1.824	2.392	2.039	5
1485	2.059	1.863	2.353	2.078	5
1486	2.059	1.824	2.255	2.02	5
1487	2.078	1.843	2.098	1.902	5
1488	2.118	1.784	1.824	1.745	5
1489	2.02	1.824	1.745	1.667	5
1490	1.961	1.882	1.706	1.725	5
1491	1.922	1.922	1.667	1.843	5
1492	1.765	1.902	1.745	1.922	5
1493	1.745	2.0	1.882	1.98	5
1494	1.804	2.02	1.922	2.078	5
1495	1.882	2.039	2.0	2.098	5
1496	1.961	2.039	2.157	2.137	5
1497	1.941	1.922	2.314	2.118	5
1498	1.941	1.961	2.431	2.118	5
1499	1.784	1.882	2.353	2.039	5
1500	1.961	1.863	2.216	1.941	5
1501	2.078	1.882	2.196	1.902	5
1502	2.078	1.804	2.157	1.882	5
1503	2.137	1.804	2.137	1.804	5
1504	2.235	2.059	2.118	1.843	5
1505	2.196	1.922	1.843	1.804	5
1506	2.078	1.725	1.667	1.745	5
1507	2.157	1.706	1.608	1.667	5
1508	2.039	2.02	1.745	1.745	5
1509	1.882	2.098	1.902	1.922	5
1510	1.824	2.039	1.882	2.098	5
1511	1.882	1.902	1.843	2.137	5
1512	1.98	1.804	1.961	2.118	5
1513	2.02	1.863	2.118	1.941	5
1514	1.961	1.863	2.412	1.804	5
1515	1.843	1.882	2.549	1.863	5
1516	1.824	1.902	2.314	1.98	5
1517	1.882	1.882	2.196	2.118	5
1518	1.765	1.784	2.157	2.137	5
1519	1.824	1.765	2.137	1.961	5
1520	1.882	1.863	2.137	1.686	5
1521	1.902	1.882	2.098	1.647	5
1522	1.902	1.784	1.882	1.706	5
1523	1.922	1.863	1.765	1.824	5
1524	1.824	1.922	1.549	1.784	5
1525	1.647	2.0	1.588	1.745	5
1526	1.745	2.078	1.765	1.902	5
1527	1.98	2.137	1.843	2.137	5
1528	1.98	2.0	1.863	2.196	5
1529	1.647	1.98	2.02	2.078	5
1530	1.667	2.02	2.176	2.0	5
1531	1.784	1.961	2.235	1.98	5
1532	1.941	1.902	2.392	2.02	5
1533	1.765	1.765	2.373	2.059	5
1534	1.765	1.765	2.235	2.059	5
1535	1.941	1.863	2.196	2.137	5
1536	2.0	1.922	2.235	2.294	5
1537	2.157	1.784	2.098	2.255	5
1538	2.157	1.686	1.98	1.922	5
1539	2.118	1.706	1.804	1.588	5
1540	2.0	1.824	1.804	1.49	5
1541	1.902	1.882	1.784	1.686	5
1542	1.961	1.98	1.804	1.961	5
1543	1.961	1.863	1.627	2.157	5
1544	1.843	1.882	1.686	2.196	5
1545	1.922	1.922	1.804	2.137	5
1546	2.137	1.941	2.039	2.078	5
1547	2.196	2.02	2.294	2.137	5
1548	2.137	1.843	2.373	2.118	5
1549	2.039	1.804	2.471	2.118	5
1550	2.0	1.804	2.451	2.157	5
1551	1.961	1.608	2.157	2.196	5
1552	2.02	1.647	2.157	2.098	5
1553	2.118	1.784	2.255	1.98	5
1554	2.216	1.843	2.235	1.863	5
1555	2.235	1.824	2.059	1.725	5
1556	2.098	1.745	1.824	1.667	5
1557	1.902	1.824	1.647	1.686	5
1558	1.941	1.882	1.627	1.843	5
1559	1.902	1.882	1.667	1.922	5
1560	1.941	1.843	1.725	1.902	5
1561	2.039	1.863	1.882	1.922	5
1562	2.059	1.961	2.098	1.941	5
1563	1.922	2.0	2.098	2.02	5
1564	1.706	1.922	2.098	2.059	5
1565	1.784	1.824	2.157	2.039	5
1566	1.882	1.824	2.137	1.922	5
1567	2.059	1.843	2.451	1.863	5
1568	2.098	1.843	2.451	1.882	5
1569	1.922	1.686	2.275	1.882	5
1570	2.0	1.725	2.196	1.902	5
1571	2.039	1.765	2.039	1.882	5
1572	2.098	1.765	1.922	1.961	5
1573	2.137	1.804	1.882	1.922	5
1574	2.02	1.863	1.843	1.882	5
1575	1.863	1.902	1.706	1.824	5
1576	1.843	1.882	1.725	1.863	5
1577	1.98	1.882	1.882	2.02	5
1578	1.961	1.863	1.863	2.078	5
1579	1.902	1.863	1.843	2.098	5
1580	1.902	2.02	2.02	2.039	5
1581	1.843	2.039	2.255	2.118	5
1582	1.882	1.941	2.412	2.196	5
1583	1.902	1.882	2.451	2.255	5
1584	1.863	1.863	2.412	2.216	5
1585	1.902	1.863	2.333	2.098	5
1586	1.941	1.843	2.235	1.941	5
1587	1.843	1.843	2.255	1.902	5
1588	1.882	1.804	2.157	1.863	5
1589	1.98	1.863	1.98	1.863	5
1590	1.961	1.98	1.804	1.784	5
1591	1.902	2.078	1.824	1.765	5
1592	2.02	2.0	1.647	1.745	5
1593	2.078	1.941	1.627	1.784	5
1594	2.294	1.961	1.706	1.882	5
1595	2.039	1.922	1.843	1.941	5
1596	1.588	2.039	2.039	2.039	5
1597	1.765	2.118	2.176	2.098	5
1598	2.039	2.098	2.157	2.176	5
1599	2.078	2.0	2.255	2.118	5
1600	2.157	1.882	2.294	2.02	5
1601	2.176	1.902	2.471	1.941	5
1602	2.216	1.922	2.353	1.902	5
1603	2.157	1.922	2.333	1.941	5
1604	2.098	1.941	2.373	2.059	5
1605	2.078	1.98	2.314	2.137	5
1606	2.157	1.98	2.039	2.098	5
1607	2.176	1.922	1.784	1.843	5
1608	2.078	1.922	1.902	1.627	5
1609	2.0	1.922	1.843	1.608	5
1610	1.941	2.078	1.804	1.804	5
1611	2.02	2.157	1.882	2.078	5
1612	1.863	2.098	1.843	2.137	5
1613	1.784	1.941	1.784	2.059	5
1614	1.745	1.922	1.941	1.882	5
1615	1.804	1.843	2.137	1.804	5
1616	1.804	1.745	2.235	1.863	5
1617	1.882	1.725	2.235	1.902	5
1618	2.0	1.882	2.275	2.0	5
1619	2.216	2.078	2.412	2.118	5
1620	2.059	1.824	2.078	2.02	5
1621	1.961	1.647	1.941	1.804	5
1622	2.098	1.627	1.941	1.529	5
1623	2.039	1.804	1.882	1.431	5
1624	1.941	1.824	1.608	1.471	5
1625	1.765	1.765	1.431	1.627	5
1626	1.765	1.765	1.412	1.804	5
1627	1.941	1.961	1.588	1.961	5
1628	1.902	1.98	1.745	2.098	5
1629	1.961	1.941	1.804	2.078	5
1630	1.98	1.961	1.902	2.039	5
1631	1.863	1.922	1.941	1.941	5
1632	1.863	1.922	2.118	1.98	5
1633	2.0	2.0	2.412	2.098	5
1634	1.922	1.882	2.353	2.176	5
1635	1.804	1.882	2.392	2.216	5
1636	1.863	1.863	2.392	2.255	5
1637	1.843	1.863	2.294	2.216	5
1638	2.0	1.863	2.235	2.059	5
1639	2.118	1.902	2.235	1.843	5
1640	2.118	1.843	2.118	1.784	5
1641	2.118	1.902	2.078	1.804	5
1642	1.882	2.02	1.863	1.863	5
1643	1.902	1.98	1.725	1.922	5
1644	2.0	2.059	1.863	2.078	5
1645	2.059	2.0	1.882	2.235	5
1646	1.941	1.843	1.824	2.196	5
1647	1.745	1.922	2.039	2.118	5
1648	1.765	1.98	2.176	2.0	5
1649	1.706	2.0	2.255	1.922	5
1650	1.686	1.824	2.216	1.98	5
1651	1.843	1.765	2.275	2.137	5
1652	1.882	1.686	2.529	2.314	5
1653	2.02	1.686	2.412	2.314	5
1654	2.078	1.686	2.294	2.137	5
1655	1.922	1.667	2.333	1.922	5
1656	1.941	1.686	2.176	1.745	5
1657	2.235	1.804	2.02	1.706	5
1658	2.176	1.765	1.824	1.686	5
1659	1.882	1.706	1.784	1.745	5
1660	1.804	1.745	1.725	1.784	5
1661	1.765	1.824	1.686	1.941	5
1662	1.843	1.922	1.765	2.078	5
1663	1.941	1.882	1.725	2.0	5
1664	2.0	1.824	1.902	1.902	5
1665	2.118	1.843	2.118	1.922	5
1666	2.118	1.804	2.255	2.039	5
1667	1.863	1.804	2.314	2.137	5
1668	1.706	1.784	2.412	2.157	5
1669	1.961	1.843	2.412	2.157	5
1670	2.157	1.804	2.333	2.078	5
1671	2.059	1.745	2.255	1.98	5
1672	2.0	1.725	2.216	1.902	5
1673	1.961	1.784	2.059	1.824	5
1674	1.961	1.863	1.98	1.804	5
1675	2.059	2.059	1.922	1.824	5
1676	2.039	2.137	1.843	1.863	5
1677	2.0	1.941	1.686	1.843	5
1678	1.784	1.941	1.608	1.843	5
1679	1.686	2.118	1.765	1.863	5
1680	1.706	2.216	1.824	1.922	5
1681	1.706	2.157	1.843	1.98	5
1682	1.824	2.137	2.039	2.02	5
1683	1.843	2.118	2.078	2.0	5
1684	1.863	1.922	2.196	1.961	5
1685	1.902	1.98	2.392	2.02	5
1686	1.902	2.078	2.49	2.118	5
1687	1.98	1.902	2.196	2.059	5
1688	2.02	1.667	2.157	1.941	5
1689	2.02	1.647	2.176	1.843	5
1690	2.02	1.843	2.216	1.804	5
1691	2.02	2.02	2.098	1.784	5
1692	2.098	1.922	1.765	1.784	5
1693	1.941	1.882	1.667	1.804	5
1694	1.98	1.804	1.686	1.784	5
1695	2.0	1.961	1.765	1.804	5
1696	2.0	2.0	1.843	1.902	5
1697	1.922	1.961	1.902	1.922	5
1698	1.784	2.039	2.0	1.922	5
1699	1.902	2.118	2.098	2.039	5
1700	2.039	2.039	2.137	2.039	5
1701	1.804	1.941	2.176	2.039	5
1702	1.804	1.98	2.373	2.078	5
1703	1.843	1.784	2.255	2.039	5
1704	1.843	1.686	2.275	1.922	5
1705	2.0	1.863	2.451	2.0	5
1706	2.0	1.843	2.216	2.0	5
1707	1.863	1.706	2.078	1.961	5
1708	1.922	1.725	1.882	1.902	5
1709	2.059	1.686	1.51	1.647	5
1710	2.059	1.745	1.529	1.569	5
1711	1.98	1.784	1.765	1.627	5
1712	1.882	1.824	1.843	1.902	5
1713	1.784	1.882	1.745	2.176	5
1714	1.863	1.961	1.824	2.176	5
1715	1.961	2.0	1.941	2.078	5
1716	1.882	1.902	1.961	2.0	5
1717	1.784	1.784	2.0	1.941	5
1718	1.667	1.725	2.157	2.0	5
1719	1.922	1.843	2.353	2.098	5
1720	2.176	1.922	2.471	2.176	5
1721	2.196	1.824	2.353	2.118	5
1722	2.078	1.804	2.235	2.0	5
1723	1.961	1.824	2.255	1.882	5
1724	2.02	1.843	2.235	1.863	5
1725	2.039	1.824	2.059	1.922	5
1726	2.157	1.784	1.804	2.02	5
1727	2.02	1.784	1.765	2.02	5
1728	1.882	1.784	1.647	1.882	5
1729	1.843	1.765	1.608	1.804	5
1730	1.941	1.804	1.784	1.843	5
1731	2.0	1.843	2.0	1.941	5
1732	1.882	1.824	1.961	2.039	5
1733	1.863	1.804	1.961	2.157	5
1734	1.824	1.804	2.216	2.235	5
1735	1.882	1.706	2.333	2.216	5
1736	1.843	1.725	2.216	2.137	5
1737	1.686	1.765	2.412	1.98	5
1738	2.02	1.647	2.392	1.922	5
1739	2.412	1.627	2.333	1.961	5
1740	2.275	1.686	2.373	2.02	5
1741	1.902	1.706	2.294	2.02	5
1742	1.804	1.706	1.824	1.882	5
1743	1.902	1.667	1.451	1.725	5
1744	1.902	1.804	1.608	1.667	5
1745	2.098	1.922	1.725	1.745	5
1746	2.176	2.098	1.824	1.863	5
1747	2.176	2.02	1.902	2.078	5
1748	2.196	2.039	1.882	2.157	5
1749	1.941	2.098	1.98	2.157	5
1750	1.824	2.039	2.059	2.098	5
1751	1.745	2.02	2.078	2.039	5
1752	1.863	2.0	2.196	2.02	5
1753	2.039	2.078	2.333	2.078	5
1754	2.098	2.039	2.451	2.118	5
1755	2.176	2.0	2.431	2.137	5
1756	2.157	2.02	2.431	2.098	5
1757	2.039	2.059	2.373	2.059	5
1758	1.98	2.0	2.196	1.961	5
1759	2.039	1.941	2.098	1.902	5
1760	2.118	1.882	1.863	1.784	5
1761	2.196	1.961	1.784	1.804	5
1762	2.157	1.941	1.745	1.784	5
1763	1.941	2.118	1.824	1.824	5
1764	1.824	2.0	1.824	1.882	5
1765	1.824	1.902	1.784	1.824	5
1766	1.902	2.078	1.941	1.902	5
1767	1.706	2.078	2.02	1.922	5
1768	1.686	1.941	2.059	2.039	5
1769	1.784	1.922	2.157	2.02	5
1770	1.922	1.922	2.255	1.961	5
1771	1.941	1.902	2.314	1.882	5
1772	2.059	1.843	2.235	1.784	5
1773	1.824	1.765	2.118	1.745	5
1774	1.451	1.863	2.059	1.706	5
1775	1.451	1.804	1.902	1.706	5
1776	1.863	1.745	1.804	1.706	5
1777	2.333	1.725	1.706	1.686	5
1778	2.314	1.863	1.784	1.824	5
1779	1.843	1.902	1.804	1.863	5
1780	1.667	1.961	1.745	1.922	5
1781	1.941	1.98	1.706	1.863	5
1782	1.98	1.863	1.765	1.824	5
1783	1.784	1.824	1.902	1.882	5
1784	1.725	1.961	2.078	2.059	5
1785	1.902	1.961	2.235	2.275	5
1786	2.078	1.863	2.471	2.333	5
1787	2.039	1.882	2.549	2.196	5
1788	2.118	1.863	2.529	2.0	5
1789	2.118	1.725	2.216	1.824	5
1790	1.961	1.686	2.255	1.824	5
1791	2.039	1.882	2.412	1.961	5
1792	2.078	1.843	2.196	2.059	5
1793	2.039	1.765	2.137	1.961	5
1794	2.02	1.745	1.922	1.824	5
1795	1.824	1.765	1.647	1.765	5
1796	1.784	1.882	1.471	1.706	5
1797	1.647	1.941	1.49	1.647	5
1798	1.843	1.98	1.784	1.784	5
1799	2.333	1.961	1.902	1.98	5
1800	2.294	1.902	1.98	2.137	5
1801	1.784	1.941	2.039	2.196	5
1802	1.667	1.902	2.137	2.157	5
1803	1.686	1.941	2.216	2.02	5
1804	1.843	1.922	2.176	1.902	5
1805	1.98	1.922	2.353	2.0	5
1806	2.176	2.0	2.471	2.275	5
1807	2.196	1.922	2.392	2.235	5
1808	2.275	1.765	2.275	2.039	5
1809	2.373	1.725	2.235	1.824	5
1810	2.176	1.725	2.255	1.784	5
1811	2.118	1.804	1.98	1.804	5
1812	1.922	1.941	1.784	1.922	5
1813	1.647	1.882	1.784	2.0	5
1814	1.549	1.784	1.961	2.0	5
1815	1.843	1.863	2.098	2.0	5
1816	2.137	1.98	1.843	2.02	5
1817	2.078	1.824	1.824	2.059	5
1818	2.118	1.843	2.275	2.137	5
1819	1.941	1.941	2.49	2.216	5
1820	1.49	1.863	2.412	2.216	5
1821	1.49	1.706	2.294	2.157	5
1822	1.765	1.627	2.353	2.078	5
1823	2.314	1.647	2.431	1.98	5
1824	2.333	1.725	2.255	1.922	5
1825	1.882	1.706	2.255	1.902	5
1826	1.882	1.549	2.02	1.902	5
1827	2.176	1.647	1.961	1.902	5
1828	2.216	1.725	1.941	1.941	5
1829	2.098	1.667	1.824	1.882	5
1830	1.902	1.745	1.471	1.765	5
1831	1.725	1.784	1.471	1.686	5
1832	1.784	1.804	1.608	1.706	5
1833	1.902	1.843	1.784	1.843	5
1834	2.02	1.961	1.941	1.961	5
1835	1.961	2.0	2.059	2.098	5
1836	1.667	1.882	2.118	2.196	5
1837	1.706	1.745	2.176	2.137	5
1838	1.902	1.98	2.235	2.039	5
1839	2.0	2.137	2.333	1.98	5
1840	2.0	2.039	2.275	1.922	5
1841	1.941	1.98	2.353	1.922	5
1842	2.0	2.059	2.275	1.961	5
1843	2.02	2.059	2.039	1.98	5
1844	2.0	2.078	1.941	1.863	5
1845	2.0	2.157	1.824	1.784	5
1846	1.98	2.157	1.804	1.765	5
1847	2.039	2.137	1.706	1.804	5
1848	2.02	2.157	1.686	1.824	5
1849	1.961	2.137	1.804	1.902	5
1850	1.922	2.137	1.902	1.98	5
1851	1.98	2.098	1.98	1.98	5
1852	1.863	2.059	2.02	2.0	5
1853	1.725	2.02	2.098	1.98	5
1854	1.804	2.0	2.255	2.0	5
1855	1.804	1.882	2.255	2.039	5
1856	1.765	1.804	2.255	2.02	5
1857	1.667	1.824	2.157	1.882	5
1858	1.686	1.922	2.137	1.804	5
1859	1.961	1.843	2.098	1.804	5
1860	2.196	1.745	1.98	1.824	5
1861	2.392	1.686	1.902	1.804	5
1862	2.333	1.824	1.922	1.745	5
1863	1.843	2.0	1.765	1.745	5
1864	1.608	1.902	1.627	1.706	5
1865	1.627	1.941	1.608	1.784	5
1866	1.902	1.98	1.706	1.902	5
1867	2.059	2.02	1.765	1.98	5
1868	2.118	2.02	1.863	2.02	5
1869	2.098	1.941	2.078	2.0	5
1870	1.98	1.843	2.176	2.039	5
1871	2.078	1.824	2.373	2.02	5
1872	2.235	1.765	2.471	2.059	5
1873	2.0	1.725	2.471	2.039	5
1874	1.863	1.745	2.412	1.902	5
1875	1.98	1.706	2.314	1.902	5
1876	2.02	1.667	2.216	1.961	5
1877	2.118	1.686	2.235	1.961	5
1878	2.098	1.784	2.039	1.941	5
1879	2.059	1.804	1.863	1.804	5
1880	2.0	1.765	1.784	1.725	5
1881	2.078	1.824	1.765	1.765	5
1882	2.039	1.902	1.765	1.902	5
1883	2.0	1.843	1.745	1.961	5
1884	1.882	1.961	1.941	2.02	5
1885	1.765	2.039	2.02	2.137	5
1886	1.824	2.0	2.157	2.235	5
1887	1.961	1.941	2.216	2.157	5
1888	2.098	1.863	2.314	2.157	5
1889	2.314	1.902	2.471	2.157	5
1890	2.059	1.784	2.49	2.118	5
1891	1.725	1.686	2.275	2.039	5
1892	1.882	1.745	2.235	1.961	5
1893	2.078	1.765	2.294	1.902	5
1894	2.176	1.725	2.275	1.804	5
1895	2.137	1.745	2.294	1.824	5
1896	1.863	1.725	1.961	1.98	5
1897	1.922	1.843	1.667	2.039	5
1898	2.078	1.902	1.569	1.902	5
1899	1.941	1.804	1.686	1.725	5
1900	2.0	1.922	1.902	1.745	5
1901	1.941	1.941	1.804	1.863	5
1902	1.745	1.863	1.902	2.039	5
1903	1.784	2.039	2.098	2.216	5
1904	1.706	1.961	2.157	2.275	5
1905	1.784	1.843	2.235	2.235	5
1906	1.882	1.725	2.412	2.118	5
1907	2.059	1.843	2.471	2.078	5
1908	2.275	1.902	2.098	2.059	5
1909	1.882	1.961	2.118	2.0	5
1910	1.706	1.922	2.235	1.922	5
1911	1.922	1.745	2.118	1.941	5
1912	2.118	1.824	2.157	1.941	5
1913	2.176	1.98	2.098	1.941	5
1914	2.098	2.059	1.765	1.922	5
1915	1.882	1.922	1.471	1.843	5
1916	1.824	1.922	1.608	1.843	5
1917	1.843	2.078	1.784	1.902	5
1918	1.706	2.078	1.824	2.0	5
1919	1.549	2.078	1.882	2.078	5
1920	1.725	2.098	2.0	2.098	5
1921	1.922	1.961	2.059	2.059	5
1922	2.235	1.882	2.216	2.039	5
1923	2.255	1.922	2.353	2.039	5
1924	1.784	1.882	2.373	2.039	5
1925	1.627	1.745	2.235	2.02	5
1926	1.843	1.667	2.098	1.98	5
1927	2.0	1.627	2.02	1.882	5
1928	2.059	1.765	2.039	1.765	5
1929	2.118	2.02	1.843	1.706	5
1930	2.176	1.922	1.686	1.706	5
1931	2.157	1.863	1.745	1.745	5
1932	2.235	2.0	1.824	1.843	5
1933	2.059	2.098	1.784	1.941	5
1934	1.922	2.0	1.765	2.02	5
1935	2.0	2.098	1.843	2.039	5
1936	2.0	2.098	1.882	2.0	5
1937	1.941	2.059	2.02	2.0	5
1938	1.882	2.176	2.255	2.078	5
1939	1.863	2.157	2.353	2.078	5
1940	1.843	2.078	2.314	2.078	5
1941	1.824	2.0	2.294	2.039	5
1942	1.922	1.961	2.275	1.98	5
1943	2.059	1.922	2.275	1.961	5
1944	2.157	1.843	2.176	2.0	5
1945	2.176	1.824	2.176	2.0	5
1946	2.039	1.863	2.059	1.902	5
1947	1.941	1.902	1.863	1.804	5
1948	1.863	1.863	1.725	1.706	5
1949	1.922	1.941	1.686	1.725	5
1950	1.98	1.961	1.686	1.784	5
1951	2.0	1.941	1.725	1.902	5
1952	1.922	1.863	1.784	1.98	5
1953	1.824	1.863	1.843	2.039	5
1954	1.804	1.922	2.02	2.02	5
1955	1.961	1.804	2.137	2.078	5
1956	2.0	1.725	2.275	2.0	5
1957	1.961	1.667	2.333	1.902	5
1958	1.902	1.784	2.549	1.922	5
1959	2.059	1.765	2.392	2.0	5
1960	1.941	1.627	2.157	2.059	5
1961	1.863	1.627	2.157	2.0	5
1962	1.961	1.667	2.059	1.804	5
1963	1.941	1.686	2.0	1.627	5
1964	1.941	1.765	1.824	1.569	5
1965	1.863	1.686	1.667	1.686	5
1966	1.863	1.608	1.647	1.843	5
1967	1.902	1.784	1.725	1.941	5
1968	1.843	1.843	1.863	2.0	5
1969	1.824	1.863	1.882	2.039	5
1970	1.804	1.882	1.882	2.02	5
1971	1.745	1.843	2.0	2.059	5
1972	1.843	1.745	2.137	2.176	5
1973	2.039	1.706	2.314	2.196	5
1974	2.118	1.667	2.333	2.137	5
1975	1.745	1.627	2.373	1.98	5
1976	1.725	1.725	2.431	1.941	5
1977	2.0	1.745	2.333	1.961	5
1978	2.157	1.627	2.275	2.02	5
1979	2.157	1.725	2.353	2.059	5
1980	2.078	1.745	2.176	2.0	5
1981	2.137	1.804	1.725	1.882	5
1982	2.137	1.804	1.49	1.745	5
1983	1.941	1.804	1.667	1.667	5
1984	1.922	1.98	1.804	1.686	5
1985	1.941	2.039	1.98	1.882	5
1986	2.02	2.02	1.98	2.059	5
1987	2.02	2.02	1.941	2.176	5
1988	1.902	2.0	2.098	2.196	5
1989	1.922	1.98	2.235	2.216	5
1990	1.902	1.941	2.275	2.157	5
1991	2.0	1.98	2.333	2.059	5
1992	2.078	2.0	2.412	2.039	5
1993	2.137	2.059	2.529	2.078	5
1994	2.059	2.078	2.451	2.118	5
1995	1.98	1.98	2.235	2.098	5
1996	2.039	1.961	2.176	2.0	5
1997	2.176	2.039	1.882	1.902	5
1998	2.118	2.039	1.863	1.824	5
1999	2.098	2.137	1.941	1.863	5
