time	channel1	channel2	channel3	channel4	class
0	2.039	1.961	2.157	1.902	2
1	2.0	1.961	2.039	1.863	2
2	1.922	1.961	1.98	1.784	2
3	1.902	1.98	1.961	1.804	2
4	1.863	2.0	1.961	1.863	2
5	1.863	1.98	1.961	1.961	2
6	1.902	1.98	1.961	2.02	2
7	1.902	1.941	1.961	2.078	2
8	1.843	1.941	2.0	2.118	2
9	1.882	1.863	2.059	2.137	2
10	1.961	1.824	2.137	2.157	2
11	2.0	1.824	2.118	2.137	2
12	2.059	1.804	2.176	2.078	2
13	2.078	1.843	2.157	2.0	2
14	2.059	1.824	2.118	1.941	2
15	2.078	1.804	2.118	1.902	2
16	2.039	1.824	2.176	1.882	2
17	2.078	1.902	2.098	1.843	2
18	2.02	1.941	2.02	1.804	2
19	1.98	1.961	1.961	1.784	2
20	1.941	2.0	1.922	1.784	2
21	1.902	2.02	1.902	1.843	2
22	1.882	2.02	1.922	1.941	2
23	1.902	1.98	1.941	1.98	2
24	1.902	1.98	1.961	2.039	2
25	1.843	1.961	2.0	2.078	2
26	1.922	1.902	2.039	2.137	2
27	1.941	1.863	2.098	2.137	2
28	2.02	1.843	2.098	2.098	2
29	2.039	1.804	2.157	2.039	2
30	2.059	1.824	2.176	1.98	2
31	2.059	1.824	2.137	1.941	2
32	2.059	1.804	2.118	1.902	2
33	2.059	1.882	2.118	1.863	2
34	2.098	1.961	2.098	1.843	2
35	2.02	1.922	2.039	1.804	2
36	1.98	1.922	1.961	1.784	2
37	1.922	1.961	1.941	1.765	2
38	1.922	2.0	1.902	1.843	2
39	1.863	2.0	1.922	1.922	2
40	1.863	1.961	1.941	2.0	2
41	1.863	1.882	1.941	2.059	2
42	1.824	1.961	2.0	2.039	2
43	1.941	1.922	2.0	2.098	2
44	1.922	1.843	2.098	2.137	2
45	1.98	1.824	2.098	2.118	2
46	2.0	1.784	2.157	2.059	2
47	2.039	1.784	2.157	2.02	2
48	2.039	1.804	2.137	1.961	2
49	2.059	1.824	2.137	1.941	2
50	2.02	1.863	2.098	1.863	2
51	2.039	1.902	2.078	1.843	2
52	2.02	1.902	2.02	1.824	2
53	1.902	1.922	1.941	1.765	2
54	1.882	1.922	1.941	1.784	2
55	1.863	1.961	1.902	1.843	2
56	1.863	1.941	1.922	1.941	2
57	1.863	1.961	1.941	2.02	2
58	1.843	1.922	1.98	2.039	2
59	1.882	1.882	1.98	2.098	2
60	1.843	1.882	2.039	2.118	2
61	1.922	1.824	2.098	2.098	2
62	1.961	1.843	2.098	2.098	2
63	1.98	1.804	2.157	2.059	2
64	2.039	1.804	2.157	2.02	2
65	2.059	1.843	2.176	1.98	2
66	2.078	1.863	2.137	1.941	2
67	2.039	1.843	2.137	1.902	2
68	2.02	1.863	2.059	1.863	2
69	2.0	1.902	2.02	1.804	2
70	1.961	1.922	1.961	1.765	2
71	1.922	1.98	1.961	1.804	2
72	1.902	1.98	1.941	1.863	2
73	1.882	1.941	1.902	1.961	2
74	1.902	1.922	1.922	1.98	2
75	1.882	1.882	1.941	2.02	2
76	1.882	1.863	1.98	2.059	2
77	1.863	1.863	2.039	2.118	2
78	1.941	1.804	2.098	2.137	2
79	2.0	1.804	2.137	2.157	2
80	2.0	1.784	2.157	2.098	2
81	2.039	1.765	2.157	2.0	2
82	2.02	1.745	2.098	1.961	2
83	2.02	1.784	2.118	1.922	2
84	2.059	1.804	2.157	1.863	2
85	2.02	1.863	2.098	1.843	2
86	2.02	1.882	2.039	1.804	2
87	1.922	1.902	1.961	1.804	2
88	1.922	1.922	1.922	1.784	2
89	1.882	1.941	1.882	1.843	2
90	1.843	1.922	1.882	1.941	2
91	1.843	1.902	1.922	2.0	2
92	1.863	1.882	1.922	2.02	2
93	1.882	1.843	1.961	2.098	2
94	1.882	1.882	2.02	2.137	2
95	1.902	1.804	2.098	2.118	2
96	1.941	1.784	2.078	2.118	2
97	2.0	1.784	2.137	2.059	2
98	2.059	1.765	2.137	2.02	2
99	2.039	1.765	2.118	1.98	2
100	2.059	1.784	2.118	1.961	2
101	2.02	1.784	2.078	1.961	2
102	2.0	1.863	2.098	1.941	2
103	2.02	1.941	2.039	1.843	2
104	1.941	1.941	1.98	1.824	2
105	1.922	1.961	1.961	1.843	2
106	1.882	2.0	1.902	1.863	2
107	1.882	1.98	1.922	1.922	2
108	1.863	1.98	1.941	1.98	2
109	1.863	1.922	1.961	2.039	2
110	1.824	1.922	2.02	2.118	2
111	1.882	1.922	2.039	2.137	2
112	1.902	1.922	2.098	2.176	2
113	1.902	1.922	2.137	2.176	2
114	2.02	1.922	2.196	2.118	2
115	2.02	1.824	2.157	2.02	2
116	2.0	1.784	2.118	1.941	2
117	1.98	1.882	2.098	1.882	2
118	2.02	1.922	2.176	1.824	2
119	2.039	1.98	2.118	1.882	2
120	2.0	1.98	2.059	1.843	2
121	1.941	1.961	1.98	1.843	2
122	1.922	2.039	2.0	1.863	2
123	1.922	2.039	1.961	1.902	2
124	1.902	2.039	1.941	1.98	2
125	1.882	1.98	1.961	2.0	2
126	1.902	1.961	1.961	2.039	2
127	1.882	1.961	2.0	2.098	2
128	1.961	1.941	2.039	2.157	2
129	2.0	1.902	2.137	2.157	2
130	2.059	1.882	2.137	2.118	2
131	2.059	1.902	2.176	2.078	2
132	2.098	1.863	2.196	2.0	2
133	2.078	1.824	2.118	1.941	2
134	2.078	1.843	2.118	1.882	2
135	2.098	1.863	2.137	1.882	2
136	2.176	1.961	2.078	1.804	2
137	2.039	1.961	2.039	1.745	2
138	1.922	1.941	1.941	1.745	2
139	1.941	1.941	1.961	1.745	2
140	1.902	1.941	1.882	1.784	2
141	1.863	1.922	1.922	1.863	2
142	1.843	1.922	1.922	1.941	2
143	1.824	1.941	1.941	1.98	2
144	1.843	1.902	1.98	2.02	2
145	1.941	1.863	2.059	2.078	2
146	1.98	1.863	2.098	2.098	2
147	2.039	1.843	2.098	2.098	2
148	2.0	1.765	2.137	2.02	2
149	2.02	1.725	2.157	1.98	2
150	2.039	1.745	2.157	1.922	2
151	2.118	1.824	2.176	1.922	2
152	2.118	1.882	2.176	1.902	2
153	2.078	1.902	2.098	1.804	2
154	2.078	1.941	2.059	1.765	2
155	2.02	1.902	2.0	1.745	2
156	1.98	1.941	1.961	1.765	2
157	1.941	2.0	1.922	1.824	2
158	1.941	1.98	1.941	1.902	2
159	1.902	1.961	1.961	2.0	2
160	1.882	1.922	1.961	2.02	2
161	1.863	1.882	1.961	2.039	2
162	1.902	1.882	2.0	2.059	2
163	1.922	1.824	2.098	2.098	2
164	1.961	1.824	2.098	2.137	2
165	1.98	1.765	2.137	2.098	2
166	2.02	1.765	2.137	2.02	2
167	2.039	1.804	2.118	1.961	2
168	2.039	1.804	2.137	1.941	2
169	2.0	1.804	2.098	1.941	2
170	1.98	1.882	2.098	1.882	2
171	1.98	1.902	2.059	1.824	2
172	1.941	1.902	1.941	1.804	2
173	1.902	1.922	1.941	1.804	2
174	1.863	1.941	1.902	1.882	2
175	1.824	1.941	1.922	1.941	2
176	1.843	1.922	1.922	2.0	2
177	1.843	1.902	1.941	2.02	2
178	1.824	1.882	2.02	2.059	2
179	1.824	1.824	2.0	2.118	2
180	1.863	1.804	2.059	2.098	2
181	1.961	1.784	2.078	2.098	2
182	1.941	1.765	2.118	2.098	2
183	2.0	1.765	2.157	2.02	2
184	1.961	1.784	2.118	1.961	2
185	2.02	1.765	2.118	1.922	2
186	2.02	1.784	2.059	1.882	2
187	2.02	1.843	2.059	1.784	2
188	1.961	1.863	2.02	1.784	2
189	1.902	1.863	1.941	1.745	2
190	1.882	1.902	1.941	1.765	2
191	1.902	1.961	1.902	1.843	2
192	1.882	1.922	1.902	1.922	2
193	1.843	1.882	1.922	1.98	2
194	1.843	1.882	1.941	1.98	2
195	1.902	1.863	2.02	2.059	2
196	1.882	1.824	2.0	2.078	2
197	1.922	1.706	2.078	2.098	2
198	1.941	1.804	2.098	2.078	2
199	1.98	1.804	2.137	2.039	2
200	2.02	1.804	2.157	1.98	2
201	2.02	1.824	2.176	1.922	2
202	2.059	1.863	2.157	1.902	2
203	2.059	1.863	2.157	1.882	2
204	2.078	1.922	2.118	1.824	2
205	2.02	1.98	2.059	1.765	2
206	1.961	1.922	1.961	1.725	2
207	1.941	2.0	1.961	1.725	2
208	1.902	2.039	1.902	1.765	2
209	1.863	2.039	1.902	1.863	2
210	1.843	2.02	1.941	1.863	2
211	1.863	1.961	1.961	1.882	2
212	1.863	1.98	1.961	1.961	2
213	1.941	1.98	2.098	2.098	2
214	1.941	1.922	2.098	2.078	2
215	1.961	1.804	2.118	2.02	2
216	1.961	1.765	2.098	1.941	2
217	2.0	1.804	2.157	1.882	2
218	2.078	1.824	2.157	1.882	2
219	2.059	1.784	2.118	1.882	2
220	2.02	1.765	2.137	1.863	2
221	2.078	1.843	2.098	1.804	2
222	2.039	1.922	2.078	1.725	2
223	2.0	1.98	2.02	1.686	2
224	1.922	1.98	1.961	1.667	2
225	1.902	1.98	1.922	1.706	2
226	1.922	1.961	1.941	1.824	2
227	1.922	1.961	1.961	1.941	2
228	1.882	1.941	1.961	1.98	2
229	1.882	1.941	2.02	2.0	2
230	1.941	1.961	2.039	2.059	2
231	1.98	1.941	2.118	2.078	2
232	2.02	1.882	2.137	2.078	2
233	2.0	1.863	2.137	1.98	2
234	2.02	1.824	2.157	1.843	2
235	2.059	1.902	2.176	1.824	2
236	2.098	1.922	2.157	1.824	2
237	2.118	1.961	2.176	1.922	2
238	2.098	1.961	2.157	1.922	2
239	2.039	1.98	2.098	1.902	2
240	2.0	2.0	2.02	1.784	2
241	2.0	2.02	2.039	1.745	2
242	1.922	2.039	1.98	1.804	2
243	1.902	2.0	1.98	1.941	2
244	1.922	2.0	2.0	2.02	2
245	1.902	1.941	1.98	2.039	2
246	1.902	1.941	2.02	2.078	2
247	1.882	1.922	2.059	2.118	2
248	1.941	1.804	2.078	2.157	2
249	1.961	1.784	2.118	2.157	2
250	2.0	1.843	2.137	2.118	2
251	2.02	1.804	2.176	2.02	2
252	2.039	1.765	2.137	1.961	2
253	2.02	1.804	2.118	1.961	2
254	2.039	1.804	2.118	1.941	2
255	2.0	1.863	2.059	1.882	2
256	1.98	1.882	2.039	1.863	2
257	1.922	1.882	1.961	1.804	2
258	1.902	1.882	1.941	1.824	2
259	1.882	1.961	1.922	1.882	2
260	1.863	1.961	1.922	1.961	2
261	1.824	1.941	1.922	2.039	2
262	1.843	1.882	1.941	2.098	2
263	1.824	1.863	1.902	2.098	2
264	1.882	1.824	1.98	2.137	2
265	1.882	1.824	2.059	2.157	2
266	1.922	1.784	2.098	2.157	2
267	1.941	1.765	2.098	2.137	2
268	1.961	1.745	2.137	2.059	2
269	2.0	1.765	2.118	2.02	2
270	1.98	1.804	2.078	2.0	2
271	2.0	1.784	2.098	1.98	2
272	2.02	1.843	2.039	1.902	2
273	1.98	1.882	2.02	1.863	2
274	1.941	1.922	1.961	1.824	2
275	1.882	1.922	1.98	1.863	2
276	1.863	1.961	1.902	1.902	2
277	1.863	1.941	1.902	1.922	2
278	1.863	1.941	1.922	2.0	2
279	1.843	1.902	1.922	2.039	2
280	1.843	1.882	1.98	2.098	2
281	1.902	1.882	2.0	2.157	2
282	1.922	1.863	2.078	2.196	2
283	1.922	1.804	2.078	2.137	2
284	1.961	1.804	2.137	2.098	2
285	2.02	1.804	2.137	2.059	2
286	2.039	1.804	2.137	1.98	2
287	2.059	1.765	2.098	1.961	2
288	2.02	1.784	2.118	1.922	2
289	2.02	1.863	2.078	1.863	2
290	2.0	1.922	2.059	1.843	2
291	1.922	1.863	1.961	1.804	2
292	1.882	1.863	1.941	1.824	2
293	1.863	1.902	1.863	1.843	2
294	1.843	1.882	1.882	1.922	2
295	1.863	1.922	1.922	2.0	2
296	1.902	1.882	1.922	2.0	2
297	1.863	1.824	1.922	2.02	2
298	1.804	1.824	1.98	2.039	2
299	1.863	1.863	2.039	2.098	2
300	1.98	1.824	2.098	2.137	2
301	2.078	1.863	2.137	2.157	2
302	2.059	1.922	2.176	2.098	2
303	2.059	1.863	2.137	2.039	2
304	2.039	1.882	2.118	1.961	2
305	2.078	1.922	2.176	1.863	2
306	2.059	2.02	2.137	1.745	2
307	2.098	2.098	2.098	1.745	2
308	2.059	2.039	2.0	1.843	2
309	2.039	2.02	1.98	1.902	2
310	2.02	2.02	1.941	1.961	2
311	1.961	2.02	1.961	2.0	2
312	1.922	2.0	1.98	1.98	2
313	1.882	1.98	1.961	1.941	2
314	1.941	1.961	1.98	1.941	2
315	1.98	1.882	2.0	2.02	2
316	1.961	1.824	2.039	2.039	2
317	2.02	1.784	2.157	2.118	2
318	2.059	1.843	2.196	2.235	2
319	2.078	1.804	2.176	2.176	2
320	2.059	1.784	2.118	2.02	2
321	2.039	1.765	2.078	1.843	2
322	2.0	1.824	2.078	1.765	2
323	1.98	1.902	2.078	1.745	2
324	2.039	1.961	2.02	1.824	2
325	1.941	1.941	1.941	1.941	2
326	1.902	1.941	1.902	1.941	2
327	1.902	2.0	1.902	1.922	2
328	1.941	2.02	1.961	1.902	2
329	1.941	1.98	2.059	2.02	2
330	1.902	2.0	2.039	2.118	2
331	1.882	1.98	2.039	2.098	2
332	1.902	1.922	1.961	2.078	2
333	1.902	1.824	1.98	2.098	2
334	1.922	1.784	2.059	2.059	2
335	1.98	1.824	2.157	2.098	2
336	2.059	1.843	2.216	2.098	2
337	2.098	1.863	2.216	2.039	2
338	2.098	1.804	2.176	1.961	2
339	2.098	1.863	2.275	1.902	2
340	2.157	1.961	2.255	1.863	2
341	2.02	1.941	2.118	1.863	2
342	1.961	1.902	2.02	1.863	2
343	1.922	1.902	2.0	1.863	2
344	1.961	1.98	1.98	1.902	2
345	1.902	1.98	2.0	1.961	2
346	1.882	1.961	2.0	2.02	2
347	1.882	1.98	2.0	2.0	2
348	1.882	1.961	2.02	2.02	2
349	1.882	1.863	2.059	2.078	2
350	1.902	1.843	2.078	2.196	2
351	1.941	1.824	2.118	2.216	2
352	1.98	1.765	2.137	2.196	2
353	2.0	1.824	2.176	2.078	2
354	2.039	1.882	2.176	1.961	2
355	2.039	1.843	2.137	1.902	2
356	2.02	1.843	2.118	1.843	2
357	2.02	1.882	2.098	1.843	2
358	1.961	1.922	2.078	1.843	2
359	1.941	1.922	1.961	1.843	2
360	1.902	1.922	1.941	1.804	2
361	1.902	1.961	1.902	1.843	2
362	1.843	1.98	1.902	1.922	2
363	1.824	1.922	1.941	1.98	2
364	1.843	1.902	1.922	2.039	2
365	1.843	1.863	1.922	2.02	2
366	1.882	1.843	2.0	2.098	2
367	1.882	1.824	2.0	2.118	2
368	1.922	1.765	2.078	2.098	2
369	1.941	1.765	2.078	2.078	2
370	1.98	1.745	2.118	2.0	2
371	2.0	1.765	2.098	1.961	2
372	2.0	1.784	2.098	1.941	2
373	2.0	1.784	2.078	1.902	2
374	2.059	1.863	2.078	1.863	2
375	2.0	1.902	2.039	1.843	2
376	1.961	1.902	1.961	1.765	2
377	1.922	1.902	1.961	1.745	2
378	1.882	1.941	1.902	1.804	2
379	1.882	1.941	1.922	1.922	2
380	1.863	1.922	1.922	1.98	2
381	1.882	1.902	1.941	2.02	2
382	1.882	1.902	1.961	2.078	2
383	1.863	1.843	2.0	2.02	2
384	1.902	1.824	2.02	2.078	2
385	1.941	1.784	2.078	2.059	2
386	1.961	1.765	2.118	2.059	2
387	2.02	1.784	2.137	2.02	2
388	2.02	1.765	2.098	1.941	2
389	2.039	1.804	2.098	1.922	2
390	2.02	1.804	2.098	1.882	2
391	2.039	1.863	2.078	1.824	2
392	2.0	1.882	2.02	1.804	2
393	1.98	1.922	1.961	1.745	2
394	1.922	1.941	1.961	1.745	2
395	1.922	1.961	1.941	1.804	2
396	1.863	1.961	1.902	1.922	2
397	1.882	1.941	1.902	1.98	2
398	1.882	1.941	1.941	2.02	2
399	1.882	1.941	1.98	2.059	2
400	1.922	1.902	2.02	2.059	2
401	1.922	1.882	2.078	2.098	2
402	1.98	1.824	2.118	2.059	2
403	1.98	1.804	2.098	2.039	2
404	2.02	1.745	2.157	2.02	2
405	2.059	1.784	2.118	1.98	2
406	2.039	1.882	2.118	1.882	2
407	2.059	1.843	2.137	1.824	2
408	2.02	1.882	2.098	1.804	2
409	2.039	1.902	2.059	1.804	2
410	2.0	1.941	2.0	1.843	2
411	1.98	1.941	1.98	1.804	2
412	1.941	1.98	1.941	1.824	2
413	1.882	2.0	1.941	1.863	2
414	1.882	1.98	1.941	1.941	2
415	1.863	1.941	1.941	1.98	2
416	1.882	1.902	1.98	1.98	2
417	1.922	1.902	2.02	2.059	2
418	1.941	1.882	2.078	2.098	2
419	1.98	1.843	2.118	2.118	2
420	1.98	1.824	2.137	2.098	2
421	2.039	1.784	2.176	2.078	2
422	2.039	1.804	2.137	2.039	2
423	2.039	1.804	2.157	1.961	2
424	2.059	1.863	2.157	1.902	2
425	2.059	1.902	2.098	1.843	2
426	2.02	1.961	2.078	1.765	2
427	1.98	1.941	2.0	1.765	2
428	1.941	1.941	1.98	1.804	2
429	1.902	1.961	1.941	1.843	2
430	1.902	1.98	1.941	1.941	2
431	1.882	1.98	1.922	1.941	2
432	1.863	1.941	1.961	1.961	2
433	1.902	1.922	1.98	2.0	2
434	1.922	1.902	1.98	2.02	2
435	1.922	1.863	2.02	2.039	2
436	1.941	1.784	2.098	2.118	2
437	1.98	1.784	2.157	2.137	2
438	2.0	1.765	2.157	2.039	2
439	2.039	1.804	2.157	1.922	2
440	2.039	1.824	2.137	1.882	2
441	2.039	1.843	2.137	1.863	2
442	2.039	1.863	2.118	1.863	2
443	2.0	1.902	2.059	1.824	2
444	2.0	1.902	2.0	1.863	2
445	1.941	1.98	2.02	1.843	2
446	1.961	2.0	2.0	1.902	2
447	1.902	1.98	1.961	1.98	2
448	1.902	1.961	1.961	2.02	2
449	1.902	1.941	1.961	2.02	2
450	1.882	1.941	1.941	2.02	2
451	1.922	1.882	2.039	2.0	2
452	1.941	1.882	2.078	2.078	2
453	1.961	1.804	2.118	2.137	2
454	2.0	1.804	2.157	2.176	2
455	2.039	1.824	2.235	2.176	2
456	2.059	1.784	2.176	2.059	2
457	2.059	1.824	2.118	1.941	2
458	2.059	1.882	2.137	1.902	2
459	2.02	1.902	2.137	1.843	2
460	2.0	1.902	2.118	1.824	2
461	2.02	1.922	2.0	1.843	2
462	1.941	1.922	1.98	1.824	2
463	1.941	1.961	1.941	1.863	2
464	1.863	1.98	1.902	1.902	2
465	1.824	1.941	1.902	1.98	2
466	1.843	1.922	1.922	2.039	2
467	1.863	1.863	1.922	2.059	2
468	1.902	1.824	1.922	2.059	2
469	1.902	1.863	2.098	2.02	2
470	2.0	1.882	2.216	2.02	2
471	1.98	1.804	2.098	1.98	2
472	1.961	1.725	2.059	1.961	2
473	2.0	1.725	2.02	1.902	2
474	1.98	1.725	2.039	1.824	2
475	2.0	1.765	2.02	1.804	2
476	2.039	1.863	2.078	1.804	2
477	2.02	1.902	2.0	1.824	2
478	1.98	1.922	2.0	1.824	2
479	1.922	1.922	1.922	1.804	2
480	1.843	1.882	1.804	1.745	2
481	1.843	1.961	1.882	1.745	2
482	1.902	2.02	2.02	1.863	2
483	1.961	1.98	2.098	1.961	2
484	1.902	1.922	1.98	2.157	2
485	1.843	1.882	1.961	2.255	2
486	1.902	1.882	2.02	2.294	2
487	1.961	1.882	2.118	2.157	2
488	2.02	1.843	2.137	1.98	2
489	2.02	1.804	2.157	1.843	2
490	2.078	1.804	2.137	1.784	2
491	2.059	1.843	2.176	1.863	2
492	2.078	1.922	2.275	1.98	2
493	2.078	1.941	2.196	2.059	2
494	2.02	1.882	2.059	1.961	2
495	2.0	1.902	1.98	1.863	2
496	1.922	1.98	1.98	1.686	2
497	1.922	1.961	1.902	1.529	2
498	1.902	2.0	1.941	1.588	2
499	1.941	1.961	2.02	1.824	2
500	1.902	1.863	1.941	2.039	2
501	1.902	1.98	2.078	2.314	2
502	1.863	1.902	2.039	2.392	2
503	1.882	1.863	2.0	2.196	2
504	1.941	1.824	2.078	1.922	2
505	1.98	1.804	2.078	1.804	2
506	2.0	1.725	2.137	1.824	2
507	2.059	1.784	2.157	1.882	2
508	2.078	1.843	2.235	2.02	2
509	2.098	1.863	2.196	2.176	2
510	2.039	1.922	2.157	2.176	2
511	2.02	1.922	2.078	2.039	2
512	1.961	1.922	1.941	1.843	2
513	1.902	1.922	1.922	1.745	2
514	1.902	1.902	1.784	1.725	2
515	1.863	1.882	1.863	1.706	2
516	2.0	2.098	2.196	1.843	2
517	2.039	2.098	2.235	2.098	2
518	1.882	1.902	1.941	2.255	2
519	1.843	1.843	1.882	2.333	2
520	1.843	1.824	2.0	2.255	2
521	1.941	1.843	2.078	2.098	2
522	2.0	1.824	2.157	2.078	2
523	2.039	1.804	2.196	2.078	2
524	2.039	1.824	2.176	1.98	2
525	2.02	1.824	2.216	1.961	2
526	2.078	1.882	2.176	1.98	2
527	2.02	1.863	2.078	1.941	2
528	1.98	1.902	2.039	1.882	2
529	1.961	1.902	1.961	1.765	2
530	1.902	1.922	1.922	1.627	2
531	1.941	2.0	2.02	1.627	2
532	2.0	2.098	2.157	1.961	2
533	1.961	2.02	2.0	2.294	2
534	1.824	1.902	1.863	2.314	2
535	1.824	1.922	1.863	2.098	2
536	1.902	1.843	1.941	1.784	2
537	1.882	1.784	1.922	1.706	2
538	1.902	1.765	2.118	1.804	2
539	2.02	1.961	2.196	1.961	2
540	2.0	1.863	2.196	2.137	2
541	2.02	1.804	2.118	2.275	2
542	1.961	1.706	1.902	2.196	2
543	2.02	1.804	2.157	2.039	2
544	2.196	2.02	2.353	2.0	2
545	2.059	1.902	2.02	1.961	2
546	1.882	1.804	1.784	1.824	2
547	1.863	1.863	1.824	1.686	2
548	1.902	1.922	1.902	1.549	2
549	1.922	2.039	1.98	1.569	2
550	1.961	2.078	2.078	1.922	2
551	1.922	1.941	1.941	2.392	2
552	1.804	1.824	1.863	2.569	2
553	1.902	1.902	1.902	2.451	2
554	1.922	1.863	1.941	2.0	2
555	1.922	1.745	1.98	1.647	2
556	1.922	1.784	2.157	1.706	2
557	2.059	1.882	2.353	1.804	2
558	2.137	1.882	2.235	1.745	2
559	2.098	1.863	2.157	1.784	2
560	2.078	1.765	2.059	1.843	2
561	2.0	1.784	2.02	1.843	2
562	1.961	1.922	2.059	1.824	2
563	2.0	2.0	2.039	1.725	2
564	1.961	1.941	1.961	1.647	2
565	1.961	1.98	1.961	1.706	2
566	1.941	1.961	1.941	1.804	2
567	1.922	2.039	2.078	1.922	2
568	1.941	2.059	2.157	2.039	2
569	1.882	1.941	2.0	2.216	2
570	1.882	1.843	1.98	2.333	2
571	1.902	1.804	1.98	2.235	2
572	1.902	1.765	2.078	2.039	2
573	1.98	1.902	2.196	2.0	2
574	2.0	1.863	2.176	2.098	2
575	1.961	1.745	2.059	2.235	2
576	1.98	1.765	2.157	2.412	2
577	2.059	1.902	2.196	2.333	2
578	2.039	1.863	2.078	2.0	2
579	1.961	1.922	1.941	1.647	2
580	1.882	1.843	1.824	1.431	2
581	1.804	1.804	1.804	1.725	2
582	1.824	1.804	1.745	2.078	2
583	1.882	1.922	1.941	2.098	2
584	2.078	2.255	2.255	2.059	2
585	1.922	2.098	1.961	2.137	2
586	1.784	1.863	1.784	2.353	2
587	1.804	1.765	1.725	2.353	2
588	1.765	1.824	1.843	2.0	2
589	1.941	1.882	2.118	1.608	2
590	2.059	1.882	2.098	1.569	2
591	2.078	1.863	2.098	1.765	2
592	2.098	1.804	2.039	1.961	2
593	2.0	1.882	2.137	2.314	2
594	2.039	1.863	2.137	2.549	2
595	2.118	2.039	2.353	2.235	2
596	2.098	2.157	2.255	1.745	2
597	2.157	2.118	2.157	1.431	2
598	2.039	1.98	2.0	1.392	2
599	1.922	1.941	1.961	1.647	2
600	1.941	2.059	2.0	1.98	2
601	1.961	2.118	2.118	2.196	2
602	1.961	2.118	2.176	2.275	2
603	1.961	2.078	2.216	2.275	2
604	1.902	2.078	2.196	2.137	2
605	1.98	1.961	2.137	2.059	2
606	1.98	1.765	2.118	2.098	2
607	1.961	1.824	2.196	2.196	2
608	2.02	1.882	2.333	2.216	2
609	2.059	1.902	2.294	2.02	2
610	1.98	1.824	2.118	1.902	2
611	2.02	1.745	2.02	1.882	2
612	1.941	1.647	1.882	1.824	2
613	1.98	1.863	2.098	1.843	2
614	2.02	1.941	2.02	1.745	2
615	1.902	1.922	2.039	1.725	2
616	1.98	2.078	2.176	1.843	2
617	1.941	2.0	1.902	1.98	2
618	1.765	1.824	1.725	1.98	2
619	1.765	1.804	1.765	1.882	2
620	1.824	1.824	1.824	1.784	2
621	1.824	1.882	1.961	1.804	2
622	1.961	1.824	2.059	1.961	2
623	1.98	2.0	2.373	2.157	2
624	2.078	2.078	2.353	2.294	2
625	2.02	1.804	2.039	2.235	2
626	1.941	1.667	1.98	2.118	2
627	1.98	1.667	1.961	1.98	2
628	2.02	1.686	2.0	1.627	2
629	1.941	1.784	2.02	1.51	2
630	1.941	1.902	2.176	1.961	2
631	2.039	2.0	2.196	2.353	2
632	1.902	1.843	1.863	2.176	2
633	1.902	1.882	1.902	1.804	2
634	1.941	2.02	1.941	1.608	2
635	1.765	1.765	1.706	1.667	2
636	1.706	1.667	1.686	1.824	2
637	1.882	1.902	2.039	1.902	2
638	2.0	1.961	2.078	2.196	2
639	1.863	1.882	2.098	2.412	2
640	1.922	1.784	2.176	2.353	2
641	1.961	1.765	2.059	2.039	2
642	1.941	1.706	1.98	1.882	2
643	1.882	1.706	1.98	1.98	2
644	1.941	1.804	2.0	1.824	2
645	2.0	1.745	2.039	1.549	2
646	2.196	1.902	2.412	1.49	2
647	2.216	2.078	2.196	1.51	2
648	1.804	1.765	1.824	1.922	2
649	1.882	1.902	2.039	2.255	2
650	1.922	1.922	1.882	2.137	2
651	1.843	1.863	1.784	1.863	2
652	1.843	1.882	1.902	1.745	2
653	1.882	2.0	1.98	1.686	2
654	1.863	1.902	1.98	1.882	2
655	1.961	1.941	2.098	2.039	2
656	2.0	1.922	2.196	2.216	2
657	1.98	1.843	2.176	2.078	2
658	2.0	1.765	2.059	1.863	2
659	2.0	1.765	2.137	1.824	2
660	2.078	1.804	2.118	1.941	2
661	2.059	1.686	2.078	2.216	2
662	2.039	1.804	2.255	2.216	2
663	2.078	1.98	2.255	2.098	2
664	2.078	1.863	2.216	2.059	2
665	2.157	2.02	2.196	1.725	2
666	2.039	1.961	1.961	1.471	2
667	1.922	1.902	1.882	1.569	2
668	1.863	1.902	1.804	2.059	2
669	1.804	1.863	1.843	2.588	2
670	1.824	1.961	1.941	2.549	2
671	1.824	1.843	1.843	2.176	2
672	1.882	1.765	1.902	1.804	2
673	1.941	1.765	2.02	1.333	2
674	1.961	1.863	2.216	1.529	2
675	2.02	1.863	2.157	2.353	2
676	1.922	1.706	2.078	2.804	2
677	1.961	1.706	2.137	2.569	2
678	1.98	1.667	2.0	1.824	2
679	1.98	1.824	2.137	1.275	2
680	2.078	1.961	2.255	1.392	2
681	2.098	1.902	2.059	1.608	2
682	1.98	1.824	1.922	1.824	2
683	1.922	1.863	1.902	1.941	2
684	1.941	1.882	1.941	1.902	2
685	1.941	2.059	2.039	1.824	2
686	1.941	2.078	2.137	1.745	2
687	1.961	2.098	2.118	1.706	2
688	1.882	1.922	1.98	1.882	2
689	1.882	1.882	1.941	2.118	2
690	1.882	1.765	1.863	2.118	2
691	1.882	1.824	2.196	2.176	2
692	2.078	1.98	2.353	2.431	2
693	2.02	1.667	2.118	2.647	2
694	1.922	1.804	2.196	2.451	2
695	1.941	1.745	2.0	1.765	2
696	1.961	1.706	2.02	1.353	2
697	2.059	1.902	2.176	1.373	2
698	2.039	1.804	2.0	1.667	2
699	1.922	1.922	2.078	2.176	2
700	1.98	2.0	2.059	2.471	2
701	1.902	1.922	1.941	2.431	2
702	1.882	1.961	1.941	2.098	2
703	1.922	2.039	2.02	1.824	2
704	1.941	2.039	2.039	1.765	2
705	1.902	1.902	1.922	1.784	2
706	1.882	1.961	1.98	1.922	2
707	1.922	1.863	1.961	2.176	2
708	1.922	1.745	2.078	2.333	2
709	2.0	1.804	2.078	2.176	2
710	2.02	1.863	2.235	2.098	2
711	2.196	1.961	2.275	1.961	2
712	2.02	1.765	1.961	1.804	2
713	1.941	1.706	1.863	1.843	2
714	1.902	1.725	1.882	1.804	2
715	1.98	1.824	1.922	1.804	2
716	2.059	1.882	2.02	1.804	2
717	2.059	1.98	1.98	1.706	2
718	1.961	2.039	1.941	1.314	2
719	1.824	1.882	1.706	1.314	2
720	1.784	1.784	1.745	1.686	2
721	1.902	1.941	1.902	1.98	2
722	1.902	1.882	1.882	2.118	2
723	1.902	1.784	1.902	2.0	2
724	1.863	1.804	1.882	1.843	2
725	1.863	1.765	2.059	1.784	2
726	2.02	1.902	2.157	1.843	2
727	2.02	1.765	2.157	1.941	2
728	2.039	1.824	2.294	2.098	2
729	2.078	1.922	2.275	2.078	2
730	2.02	1.843	2.118	1.902	2
731	1.98	1.765	2.039	1.745	2
732	2.02	1.882	2.078	1.843	2
733	1.98	1.98	2.059	2.059	2
734	1.882	1.941	1.941	2.078	2
735	1.941	2.02	2.137	2.118	2
736	2.078	2.314	2.373	2.275	2
737	1.922	2.098	2.098	2.412	2
738	1.824	1.98	1.922	2.216	2
739	1.686	1.843	1.804	2.0	2
740	1.784	1.843	1.882	2.039	2
741	1.824	1.725	1.804	2.118	2
742	1.941	1.725	2.235	2.294	2
743	2.118	2.098	2.373	2.235	2
744	1.843	1.784	2.118	2.137	2
745	1.863	1.725	2.098	2.216	2
746	1.961	1.745	2.098	2.157	2
747	2.157	1.98	2.333	2.098	2
748	2.157	1.941	2.216	1.843	2
749	2.0	1.902	2.078	1.765	2
750	1.961	1.922	2.039	1.706	2
751	1.863	1.843	1.922	1.647	2
752	1.922	1.941	1.98	1.706	2
753	1.961	2.059	2.02	2.0	2
754	2.0	2.098	2.078	2.314	2
755	2.039	2.157	2.157	2.51	2
756	2.02	1.98	2.078	2.373	2
757	2.0	1.941	2.137	1.784	2
758	1.98	1.922	2.137	1.255	2
759	2.0	1.922	2.235	1.51	2
760	2.059	1.902	2.216	2.255	2
761	2.078	1.902	2.235	2.765	2
762	2.098	1.882	2.255	2.706	2
763	2.039	1.804	2.078	2.176	2
764	1.941	1.784	2.078	1.588	2
765	2.039	1.882	2.098	1.333	2
766	2.039	1.804	1.98	1.667	2
767	1.98	1.863	1.98	1.824	2
768	1.882	2.0	2.02	1.627	2
769	1.98	2.176	2.176	1.608	2
770	1.98	2.039	1.922	1.765	2
771	1.863	1.902	1.843	2.02	2
772	1.843	1.843	1.843	2.157	2
773	1.824	1.804	1.882	2.118	2
774	1.863	2.0	2.118	2.098	2
775	1.863	1.941	2.0	2.078	2
776	1.843	1.745	1.961	2.0	2
777	1.902	1.725	1.961	1.902	2
778	2.0	1.804	2.157	1.922	2
779	2.098	1.843	2.176	2.098	2
780	1.98	1.784	2.157	2.255	2
781	2.02	1.765	2.0	2.059	2
782	2.0	1.882	2.157	1.686	2
783	2.196	2.02	2.216	1.765	2
784	2.0	1.765	1.824	1.882	2
785	1.922	1.824	1.902	1.941	2
786	2.059	2.059	2.118	1.961	2
787	1.902	2.0	1.882	2.02	2
788	1.765	1.863	1.804	2.078	2
789	1.843	1.922	1.804	2.118	2
790	1.863	2.0	2.0	2.02	2
791	2.039	2.118	2.137	1.961	2
792	2.02	1.922	2.02	2.02	2
793	1.882	1.804	2.02	2.02	2
794	1.98	1.882	2.118	1.98	2
795	2.02	1.882	2.235	2.078	2
796	2.039	2.0	2.255	2.118	2
797	2.039	1.961	2.216	2.0	2
798	2.039	1.902	2.098	1.882	2
799	2.0	1.725	1.902	1.725	2
800	2.0	2.0	2.059	1.686	2
801	2.078	2.118	2.078	1.647	2
802	1.98	2.02	2.039	1.725	2
803	2.0	2.118	2.137	1.922	2
804	1.941	1.961	1.922	2.176	2
805	1.863	2.039	1.941	1.98	2
806	1.863	2.059	1.941	1.745	2
807	1.804	1.902	1.843	1.922	2
808	1.843	1.902	1.882	2.157	2
809	1.922	1.922	2.0	2.314	2
810	1.922	1.922	2.098	2.314	2
811	1.961	1.902	2.078	2.216	2
812	1.941	1.765	2.02	2.137	2
813	1.961	1.765	2.078	1.922	2
814	2.098	1.882	2.275	1.882	2
815	2.118	1.902	2.216	1.941	2
816	2.02	1.941	2.059	2.039	2
817	1.961	1.863	1.922	2.039	2
818	1.98	1.902	1.922	1.843	2
819	1.882	1.784	1.765	1.627	2
820	1.863	1.765	1.804	1.471	2
821	1.863	1.961	1.843	1.51	2
822	1.804	2.039	1.98	1.647	2
823	1.882	1.863	1.843	1.843	2
824	1.882	1.824	2.0	2.0	2
825	2.0	1.98	2.157	2.039	2
826	1.843	1.804	1.941	2.118	2
827	1.804	1.745	2.02	2.098	2
828	1.922	1.804	2.059	2.039	2
829	1.98	1.863	2.255	1.98	2
830	2.039	1.882	2.255	2.02	2
831	2.0	1.804	2.137	2.02	2
832	2.039	1.765	2.196	1.863	2
833	2.137	2.039	2.451	1.863	2
834	2.059	1.922	2.176	1.98	2
835	1.902	1.765	1.961	2.059	2
836	1.961	1.98	2.176	2.157	2
837	2.078	2.118	2.255	2.255	2
838	1.922	1.98	1.98	2.157	2
839	1.882	1.941	1.941	2.0	2
840	1.843	1.863	1.922	1.843	2
841	1.843	1.863	1.98	1.804	2
842	1.824	1.902	1.961	1.902	2
843	1.863	1.706	1.922	2.02	2
844	2.0	1.863	2.216	2.039	2
845	2.098	1.784	2.235	2.039	2
846	2.0	1.745	2.235	2.275	2
847	1.98	1.824	2.196	2.412	2
848	2.039	1.745	2.059	2.255	2
849	2.02	1.725	2.02	1.882	2
850	2.02	1.784	2.078	1.529	2
851	2.039	1.941	2.137	1.431	2
852	2.039	2.02	2.137	1.569	2
853	2.0	1.961	2.0	1.765	2
854	1.961	1.961	2.0	1.941	2
855	2.0	2.02	1.98	2.118	2
856	1.941	2.0	1.98	2.137	2
857	1.882	1.961	1.961	1.941	2
858	1.882	1.922	1.804	1.804	2
859	1.824	1.706	1.706	1.863	2
860	1.843	1.706	1.804	2.0	2
861	1.961	1.98	2.275	2.157	2
862	2.176	2.118	2.412	2.235	2
863	2.059	1.843	2.059	2.059	2
864	1.922	1.627	1.863	1.784	2
865	1.961	1.667	1.941	1.725	2
866	2.0	1.667	2.0	1.922	2
867	2.02	1.882	2.216	2.059	2
868	2.02	2.118	2.235	2.0	2
869	2.02	1.902	1.961	2.098	2
870	1.863	1.784	1.784	2.176	2
871	1.843	1.882	1.882	1.686	2
872	1.882	2.059	1.98	1.216	2
873	1.902	2.02	1.882	1.275	2
874	1.863	1.882	1.902	1.824	2
875	1.824	1.824	1.922	2.451	2
876	1.824	1.804	1.98	2.706	2
877	2.0	1.941	2.196	2.431	2
878	2.02	1.922	2.235	2.078	2
879	1.941	1.882	2.176	1.843	2
880	1.902	1.765	2.118	1.765	2
881	1.98	1.667	2.059	1.784	2
882	2.039	1.745	2.059	1.765	2
883	2.098	1.824	2.059	1.843	2
884	2.118	1.843	2.039	1.941	2
885	2.039	1.902	2.118	1.961	2
886	2.059	1.922	2.118	1.843	2
887	2.039	2.059	2.216	1.863	2
888	2.118	2.216	2.255	1.941	2
889	2.039	2.059	1.902	1.941	2
890	1.843	1.804	1.686	1.922	2
891	1.804	1.765	1.745	1.804	2
892	1.902	1.941	2.0	1.706	2
893	2.02	2.098	2.137	1.882	2
894	1.941	1.902	2.039	2.078	2
895	1.843	1.765	2.039	2.196	2
896	1.961	1.804	2.176	2.216	2
897	2.0	1.804	2.137	1.98	2
898	1.98	1.745	2.078	1.725	2
899	1.961	1.706	1.98	1.745	2
900	1.941	1.667	1.922	1.824	2
901	1.961	1.765	2.039	1.922	2
902	1.941	1.941	2.196	2.0	2
903	2.078	2.098	2.353	1.784	2
904	2.078	2.02	2.098	1.706	2
905	1.824	1.784	1.765	1.686	2
906	1.667	1.863	1.804	2.059	2
907	1.745	1.961	1.863	2.275	2
908	1.843	1.961	2.02	2.196	2
909	1.98	2.157	2.235	2.118	2
910	1.941	1.941	1.98	2.137	2
911	1.824	1.784	1.882	2.137	2
912	1.843	1.882	2.098	2.0	2
913	2.02	1.98	2.255	2.137	2
914	1.98	1.824	2.157	2.176	2
915	2.0	1.784	2.235	2.078	2
916	2.078	1.902	2.255	1.941	2
917	2.039	1.882	2.196	1.98	2
918	2.039	1.843	2.098	2.039	2
919	2.0	1.882	2.118	1.98	2
920	2.02	2.0	2.098	1.804	2
921	1.961	1.941	1.941	1.725	2
922	1.941	1.922	1.98	1.725	2
923	1.922	2.0	2.02	1.725	2
924	1.941	2.02	2.039	1.863	2
925	1.941	2.078	2.02	2.039	2
926	1.922	1.961	1.98	2.157	2
927	1.902	1.863	1.98	2.157	2
928	1.902	1.824	2.02	2.118	2
929	1.941	1.765	2.039	2.118	2
930	1.98	1.804	2.176	2.176	2
931	2.02	1.863	2.235	2.216	2
932	2.039	1.745	2.137	2.255	2
933	2.059	1.745	2.098	1.98	2
934	2.0	1.667	1.98	1.765	2
935	2.0	1.725	2.059	1.824	2
936	2.059	1.804	1.98	2.059	2
937	1.941	1.843	2.02	2.078	2
938	2.0	1.941	2.0	1.902	2
939	1.882	2.02	2.039	1.667	2
940	1.941	1.922	1.922	1.549	2
941	1.824	1.667	1.667	1.667	2
942	1.902	1.941	1.941	1.922	2
943	1.922	1.961	1.882	2.137	2
944	1.745	1.725	1.843	2.157	2
945	1.765	1.784	1.961	2.118	2
946	1.863	1.804	2.118	1.98	2
947	2.137	1.98	2.412	1.863	2
948	2.078	1.824	2.157	1.765	2
949	1.961	1.725	2.137	1.745	2
950	2.0	1.725	2.059	1.824	2
951	1.98	1.686	2.039	1.784	2
952	2.059	1.824	2.196	1.843	2
953	2.137	1.922	2.235	2.039	2
954	2.098	1.961	2.216	2.118	2
955	2.0	1.922	2.02	1.941	2
956	1.902	1.843	1.941	1.725	2
957	1.941	1.98	2.0	1.686	2
958	1.922	2.0	1.961	1.824	2
959	1.882	1.882	1.863	1.824	2
960	1.843	1.902	1.882	1.725	2
961	1.882	1.98	2.02	2.0	2
962	1.902	1.784	1.922	2.431	2
963	1.922	1.686	2.039	2.471	2
964	1.961	1.902	2.255	2.294	2
965	1.961	1.941	2.196	1.98	2
966	1.922	1.667	2.02	1.765	2
967	1.961	1.765	2.059	1.804	2
968	1.98	1.784	2.078	2.039	2
969	2.0	1.863	2.059	2.216	2
970	1.98	1.863	2.02	2.059	2
971	2.059	1.922	2.098	1.745	2
972	1.98	2.0	2.098	1.451	2
973	1.941	1.98	2.0	1.51	2
974	1.843	1.941	1.902	1.902	2
975	1.863	1.941	1.902	2.275	2
976	1.784	1.922	1.922	2.471	2
977	1.863	2.02	1.961	2.529	2
978	1.863	1.843	1.804	2.333	2
979	1.961	1.804	1.941	1.922	2
980	2.039	1.745	2.118	1.647	2
981	2.039	1.882	2.255	1.471	2
982	2.0	1.863	2.176	1.765	2
983	1.98	1.882	2.157	2.255	2
984	2.02	1.765	2.039	2.529	2
985	2.0	1.784	2.039	2.275	2
986	2.0	1.863	2.0	1.863	2
987	1.961	1.804	1.804	1.569	2
988	1.941	1.784	1.725	1.333	2
989	1.98	1.941	1.961	1.235	2
990	2.157	2.255	2.412	1.569	2
991	2.157	2.157	2.137	1.961	2
992	1.843	1.902	1.745	2.176	2
993	1.745	1.843	1.784	2.157	2
994	1.804	1.922	1.902	1.882	2
995	1.922	1.98	2.059	1.784	2
996	1.922	1.941	2.078	1.882	2
997	1.902	1.824	2.078	2.137	2
998	1.961	1.804	2.216	2.216	2
999	1.98	1.824	2.216	2.118	2
1000	2.0	1.725	2.196	2.078	2
1001	2.0	1.745	2.176	1.98	2
1002	2.039	1.863	2.294	1.902	2
1003	2.0	1.941	2.275	1.922	2
1004	2.0	1.98	2.255	2.098	2
1005	2.0	1.922	2.157	2.137	2
1006	1.961	1.882	2.02	2.0	2
1007	1.961	2.02	2.0	1.784	2
1008	1.824	1.941	1.882	1.725	2
1009	1.843	1.863	1.902	1.804	2
1010	1.843	1.922	1.961	1.98	2
1011	1.882	1.98	1.98	2.078	2
1012	1.882	1.902	1.941	2.137	2
1013	1.882	1.882	2.039	2.118	2
1014	1.941	1.863	2.137	2.039	2
1015	2.02	1.784	2.137	2.078	2
1016	2.039	1.804	2.196	2.196	2
1017	2.118	1.745	2.157	2.216	2
1018	2.039	1.765	2.039	1.98	2
1019	2.078	1.843	2.078	1.706	2
1020	2.059	1.843	2.098	1.569	2
1021	2.059	1.843	2.039	1.569	2
1022	2.059	1.961	2.118	1.765	2
1023	2.039	2.039	2.059	2.118	2
1024	1.941	1.941	1.824	2.235	2
1025	1.863	1.843	1.627	2.157	2
1026	1.843	1.804	1.725	2.059	2
1027	1.902	2.0	2.098	1.922	2
1028	2.02	2.137	2.118	1.647	2
1029	1.863	1.902	1.863	1.569	2
1030	1.843	1.804	1.824	1.941	2
1031	1.902	1.824	1.902	2.333	2
1032	1.902	1.745	2.02	2.392	2
1033	1.922	1.765	2.196	2.275	2
1034	2.137	2.02	2.392	2.059	2
1035	2.137	2.059	2.176	1.784	2
1036	1.961	1.706	1.902	1.686	2
1037	1.902	1.667	1.922	1.667	2
1038	1.863	1.588	1.725	1.667	2
1039	1.784	1.843	2.157	1.784	2
1040	2.118	2.314	2.451	1.863	2
1041	1.882	1.922	1.922	1.745	2
1042	1.902	2.0	2.118	1.686	2
1043	2.02	2.098	2.059	1.745	2
1044	1.765	1.902	1.882	1.922	2
1045	1.765	1.922	1.941	2.078	2
1046	1.843	1.902	2.02	2.157	2
1047	1.882	1.863	2.118	2.216	2
1048	1.922	1.882	2.176	2.216	2
1049	2.02	1.902	2.235	2.157	2
1050	2.02	1.882	2.255	2.098	2
1051	2.059	1.843	2.235	2.02	2
1052	2.078	1.804	2.196	2.118	2
1053	2.157	2.0	2.314	2.196	2
1054	2.157	1.941	2.235	2.157	2
1055	2.118	1.961	2.196	2.098	2
1056	2.078	2.02	2.235	1.961	2
1057	2.098	2.059	2.039	1.706	2
1058	2.039	1.922	1.941	1.686	2
1059	1.961	1.922	1.863	1.745	2
1060	1.941	1.98	1.961	1.745	2
1061	1.922	1.98	1.922	2.0	2
1062	1.882	1.824	1.745	2.157	2
1063	1.843	1.765	1.902	2.275	2
1064	1.863	1.961	2.039	2.039	2
1065	1.961	1.902	2.137	1.863	2
1066	2.059	1.843	2.137	1.706	2
1067	1.941	1.647	1.922	1.784	2
1068	1.882	1.588	1.922	2.059	2
1069	1.941	1.706	2.0	2.294	2
1070	1.941	1.706	1.961	2.235	2
1071	1.902	1.706	1.961	1.922	2
1072	1.941	1.843	2.0	1.529	2
1073	2.02	1.941	2.196	1.451	2
1074	2.176	2.039	2.176	1.647	2
1075	1.961	1.941	1.882	1.843	2
1076	1.745	1.804	1.725	1.745	2
1077	1.745	1.922	1.725	1.725	2
1078	1.686	1.725	1.627	1.961	2
1079	1.725	1.667	1.765	2.196	2
1080	1.784	1.745	1.902	2.216	2
1081	1.941	2.137	2.373	2.196	2
1082	2.098	2.02	2.176	2.098	2
1083	2.0	1.824	2.157	1.902	2
1084	1.922	1.804	2.118	1.882	2
1085	1.882	1.706	2.098	1.882	2
1086	1.98	1.784	2.118	1.824	2
1087	2.02	1.765	2.098	1.784	2
1088	2.118	1.882	2.294	1.882	2
1089	2.196	2.078	2.255	2.098	2
1090	2.118	2.098	2.216	2.216	2
1091	2.098	2.118	2.176	2.216	2
1092	2.0	2.039	2.059	1.961	2
1093	1.961	2.02	2.02	1.706	2
1094	1.941	2.078	2.039	1.569	2
1095	1.902	1.98	1.902	1.686	2
1096	1.843	1.902	1.902	2.02	2
1097	1.922	1.882	2.0	2.255	2
1098	1.961	1.882	2.078	2.196	2
1099	2.039	1.961	2.235	2.039	2
1100	2.0	1.804	1.922	2.0	2
1101	1.824	1.686	2.02	2.118	2
1102	2.039	1.765	2.196	2.196	2
1103	2.039	1.765	2.098	2.039	2
1104	1.922	1.745	2.0	1.569	2
1105	1.902	1.725	2.02	1.333	2
1106	2.039	1.863	2.137	1.667	2
1107	2.02	1.902	2.059	2.098	2
1108	2.0	1.922	1.882	2.235	2
1109	1.922	1.98	1.98	2.118	2
1110	1.902	2.0	1.961	1.98	2
1111	1.902	1.961	1.941	1.98	2
1112	1.902	2.0	1.902	1.804	2
1113	1.941	1.941	1.902	1.588	2
1114	1.863	1.882	1.98	1.706	2
1115	1.98	2.02	2.137	2.137	2
1116	1.98	1.98	2.157	2.529	2
1117	1.941	1.824	2.196	2.627	2
1118	1.98	1.882	2.157	2.353	2
1119	2.0	1.804	2.157	1.98	2
1120	1.98	1.745	2.118	1.745	2
1121	1.98	1.725	2.078	1.706	2
1122	2.039	1.863	2.118	1.941	2
1123	2.078	2.02	2.235	2.196	2
1124	2.118	2.059	2.176	1.961	2
1125	2.059	2.039	2.137	1.745	2
1126	2.078	2.059	2.118	1.706	2
1127	1.922	1.922	1.902	1.745	2
1128	1.843	1.902	1.843	1.863	2
1129	1.902	2.059	2.0	1.961	2
1130	1.922	2.078	2.039	2.118	2
1131	1.961	1.922	2.02	2.137	2
1132	1.922	1.863	2.059	2.039	2
1133	1.902	2.0	2.137	2.059	2
1134	1.941	1.922	2.157	2.118	2
1135	1.922	1.765	2.059	2.118	2
1136	1.922	1.686	2.078	1.961	2
1137	2.059	1.843	2.255	1.843	2
1138	2.098	1.882	2.137	1.961	2
1139	1.902	1.667	1.882	2.118	2
1140	1.902	1.745	2.098	2.157	2
1141	2.0	1.941	2.176	2.059	2
1142	1.863	1.882	1.922	1.667	2
1143	1.765	1.961	1.941	1.294	2
1144	1.784	1.863	1.745	1.333	2
1145	1.824	1.843	1.765	1.706	2
1146	1.882	1.863	1.882	2.137	2
1147	1.902	2.02	2.059	2.431	2
1148	1.843	1.961	1.941	2.392	2
1149	1.804	1.804	1.843	2.039	2
1150	1.882	1.725	1.882	1.784	2
1151	2.0	1.725	2.039	1.745	2
1152	2.059	1.902	2.235	1.98	2
1153	2.0	1.765	2.098	2.098	2
1154	1.941	1.647	2.078	2.0	2
1155	2.118	1.784	2.235	1.961	2
1156	2.137	1.98	2.314	1.961	2
1157	2.098	1.961	2.176	1.941	2
1158	2.02	1.922	2.02	2.039	2
1159	2.059	1.863	1.941	2.059	2
1160	2.0	1.941	1.98	1.941	2
1161	1.922	1.98	1.941	1.863	2
1162	1.922	1.98	1.902	1.784	2
1163	1.882	1.961	1.902	1.922	2
1164	1.843	1.863	1.863	2.118	2
1165	1.882	1.922	1.922	1.961	2
1166	1.824	1.784	1.882	1.765	2
1167	1.922	1.765	2.0	1.922	2
1168	2.098	1.784	2.216	2.059	2
1169	2.118	1.961	2.333	2.098	2
1170	1.902	1.765	2.02	2.078	2
1171	1.882	1.627	1.882	2.02	2
1172	2.02	1.804	2.059	1.922	2
1173	2.059	1.863	2.098	1.706	2
1174	2.02	1.784	2.039	1.608	2
1175	1.961	1.863	2.02	1.706	2
1176	2.0	2.0	2.039	1.98	2
1177	1.902	1.961	1.902	2.157	2
1178	1.922	1.98	1.98	1.804	2
1179	2.02	2.196	2.216	1.412	2
1180	1.98	2.059	2.0	1.627	2
1181	1.765	1.843	1.843	2.039	2
1182	1.784	1.843	1.882	2.333	2
1183	1.922	1.902	2.098	2.471	2
1184	1.961	2.02	2.255	2.314	2
1185	2.118	2.059	2.373	2.078	2
1186	1.961	1.784	2.039	1.843	2
1187	1.843	1.667	2.02	1.627	2
1188	1.961	1.725	2.0	1.569	2
1189	2.0	1.725	2.137	1.706	2
1190	2.176	2.078	2.471	2.078	2
1191	2.059	2.0	2.196	2.157	2
1192	2.0	1.961	2.059	2.157	2
1193	2.078	1.98	1.98	2.098	2
1194	1.98	1.863	1.941	1.902	2
1195	1.882	1.941	1.961	1.745	2
1196	1.922	2.059	1.98	1.667	2
1197	1.922	2.059	1.98	1.647	2
1198	1.922	1.941	1.922	1.922	2
1199	1.922	1.843	1.902	2.333	2
1200	1.902	1.882	1.961	2.608	2
1201	2.02	2.039	2.294	2.765	2
1202	2.078	2.039	2.353	2.588	2
1203	2.02	1.686	2.039	2.078	2
1204	1.902	1.51	2.039	1.588	2
1205	2.02	1.667	2.137	1.471	2
1206	2.118	1.804	2.216	1.824	2
1207	2.078	1.922	2.235	2.216	2
1208	2.059	1.922	2.137	2.333	2
1209	1.98	1.824	2.0	2.176	2
1210	1.902	1.804	1.922	1.843	2
1211	1.902	1.882	2.0	1.608	2
1212	1.902	1.902	1.902	1.471	2
1213	1.922	1.98	2.02	1.588	2
1214	1.941	2.0	2.0	1.804	2
1215	1.784	1.863	1.843	1.961	2
1216	1.804	1.843	1.804	2.098	2
1217	1.902	1.784	1.824	2.098	2
1218	1.922	1.961	2.098	2.059	2
1219	2.098	1.961	2.392	2.039	2
1220	2.059	1.863	2.196	2.196	2
1221	1.922	1.824	2.157	2.157	2
1222	2.0	1.882	2.176	2.0	2
1223	2.059	1.902	2.078	1.745	2
1224	2.02	1.824	2.098	1.49	2
1225	2.02	1.804	2.078	1.608	2
1226	2.039	2.039	2.157	1.843	2
1227	2.0	1.98	2.078	2.078	2
1228	1.941	2.039	2.078	2.196	2
1229	1.941	2.039	1.961	2.078	2
1230	1.882	1.961	1.922	1.941	2
1231	1.882	1.98	2.02	1.824	2
1232	1.902	2.137	2.078	1.882	2
1233	1.863	1.941	1.98	2.0	2
1234	1.843	1.941	2.078	2.176	2
1235	1.824	1.824	1.98	2.255	2
1236	1.784	1.686	1.941	2.098	2
1237	1.824	1.686	1.824	1.784	2
1238	1.863	1.608	1.941	1.706	2
1239	2.118	1.98	2.392	2.039	2
1240	2.118	2.02	2.333	2.294	2
1241	2.02	1.902	2.196	2.216	2
1242	2.02	1.745	1.882	1.902	2
1243	1.863	1.745	1.843	1.686	2
1244	1.863	1.863	1.882	1.667	2
1245	1.882	1.922	1.98	1.765	2
1246	1.882	2.0	1.941	1.863	2
1247	1.863	2.02	1.882	1.843	2
1248	1.863	1.922	1.882	1.843	2
1249	1.824	1.882	1.902	1.902	2
1250	1.824	1.843	1.941	2.039	2
1251	1.804	1.922	2.039	2.196	2
1252	1.902	1.882	2.0	2.373	2
1253	1.941	1.745	2.0	2.412	2
1254	1.902	1.667	2.0	2.471	2
1255	1.843	1.686	2.137	2.216	2
1256	1.902	1.706	2.02	1.706	2
1257	2.059	1.784	2.176	1.392	2
1258	2.176	2.039	2.353	1.588	2
1259	2.039	1.824	2.02	1.961	2
1260	1.882	1.706	1.784	2.275	2
1261	1.941	1.745	1.804	2.294	2
1262	1.902	1.804	1.824	2.039	2
1263	1.824	1.902	1.961	1.706	2
1264	1.941	2.137	1.941	1.608	2
1265	1.98	2.137	2.098	1.667	2
1266	2.078	2.078	2.078	1.784	2
1267	1.961	1.922	1.922	1.922	2
1268	1.961	1.824	1.882	1.98	2
1269	1.922	1.824	1.882	2.0	2
1270	1.882	1.647	1.961	2.0	2
1271	1.941	1.784	2.059	1.98	2
1272	2.059	1.843	2.216	2.059	2
1273	2.176	1.863	2.255	2.02	2
1274	2.137	1.843	2.157	1.745	2
1275	2.157	1.863	2.216	1.667	2
1276	2.275	2.0	2.275	1.784	2
1277	2.098	1.882	2.039	1.941	2
1278	2.078	1.902	1.961	1.902	2
1279	1.961	1.961	1.961	1.667	2
1280	2.02	2.0	1.902	1.451	2
1281	1.961	2.02	1.882	1.431	2
1282	1.922	1.961	1.882	1.725	2
1283	1.98	2.02	2.118	2.176	2
1284	2.118	2.235	2.373	2.412	2
1285	2.098	2.039	2.196	2.431	2
1286	1.882	1.843	2.137	2.235	2
1287	2.078	1.863	2.255	2.0	2
1288	1.961	1.765	2.098	1.824	2
1289	1.941	1.745	2.157	1.765	2
1290	2.02	1.922	2.294	1.922	2
1291	2.059	1.941	2.314	2.118	2
1292	2.02	1.863	2.216	2.157	2
1293	2.02	1.941	2.196	2.0	2
1294	2.0	1.902	2.078	1.98	2
1295	1.961	2.039	2.157	2.02	2
1296	1.961	2.059	2.039	2.078	2
1297	1.882	1.961	1.902	2.078	2
1298	1.863	1.863	1.882	2.039	2
1299	1.882	1.98	2.0	1.843	2
1300	1.824	2.02	2.02	1.765	2
1301	1.804	2.0	2.0	2.02	2
1302	1.824	1.941	1.941	2.333	2
1303	1.843	1.804	1.902	2.373	2
1304	1.863	1.765	2.039	2.176	2
1305	1.902	1.765	2.059	2.0	2
1306	1.902	1.667	1.98	1.902	2
1307	1.961	1.667	2.098	1.922	2
1308	2.157	1.922	2.314	2.118	2
1309	2.02	1.882	2.098	2.098	2
1310	1.882	1.784	2.0	1.922	2
1311	1.941	1.843	2.0	1.667	2
1312	2.0	1.824	1.863	1.608	2
1313	1.804	1.824	1.824	1.706	2
1314	1.824	1.902	1.843	1.745	2
1315	1.784	1.922	1.784	1.804	2
1316	1.902	2.039	2.098	1.961	2
1317	2.0	2.118	2.137	2.176	2
1318	1.843	1.863	1.863	2.196	2
1319	1.902	1.725	1.784	2.118	2
1320	1.902	1.804	1.98	2.039	2
1321	1.863	1.784	2.176	2.02	2
1322	1.843	1.804	2.176	2.0	2
1323	2.0	1.843	2.176	2.02	2
1324	2.02	1.745	2.118	2.059	2
1325	2.02	1.784	2.098	2.078	2
1326	2.0	1.725	2.059	2.157	2
1327	2.0	1.745	2.0	2.235	2
1328	2.039	1.863	2.078	2.118	2
1329	2.02	1.98	2.157	1.667	2
1330	1.98	2.098	2.196	1.353	2
1331	1.98	1.98	1.961	1.569	2
1332	1.922	1.941	1.706	1.961	2
1333	1.843	1.863	1.765	2.216	2
1334	1.804	1.784	1.804	2.176	2
1335	1.902	1.941	2.039	1.961	2
1336	2.039	2.059	2.157	1.902	2
1337	1.961	1.961	2.118	1.902	2
1338	1.98	1.804	2.078	1.922	2
1339	2.02	1.804	2.078	1.863	2
1340	1.98	1.824	2.039	1.804	2
1341	1.98	1.804	2.059	1.843	2
1342	2.098	1.745	2.078	1.922	2
1343	2.157	1.941	2.373	1.902	2
1344	2.157	2.02	2.255	1.667	2
1345	1.98	1.922	1.961	1.49	2
1346	2.0	1.961	1.922	1.412	2
1347	1.941	1.843	1.804	1.569	2
1348	1.902	1.922	1.843	1.804	2
1349	1.902	2.02	1.902	2.02	2
1350	1.922	2.039	2.02	2.235	2
1351	1.98	2.118	2.216	2.235	2
1352	2.039	2.039	2.098	2.0	2
1353	1.941	1.902	1.98	1.843	2
1354	1.824	1.824	1.941	1.902	2
1355	1.843	1.745	2.039	2.078	2
1356	1.941	1.725	2.098	2.353	2
1357	2.0	1.804	2.216	2.373	2
1358	2.039	1.824	2.235	2.196	2
1359	2.0	1.784	2.196	2.176	2
1360	2.0	1.863	2.216	2.176	2
1361	2.0	1.824	2.137	2.039	2
1362	1.961	1.765	1.941	1.98	2
1363	1.961	1.882	2.039	1.882	2
1364	2.02	2.059	2.157	1.961	2
1365	1.98	1.941	2.039	2.039	2
1366	1.961	1.98	1.941	2.118	2
1367	1.824	1.961	1.902	2.098	2
1368	1.843	1.863	1.824	2.059	2
1369	1.804	1.843	1.882	2.078	2
1370	1.843	1.941	2.039	1.941	2
1371	1.941	1.961	2.098	1.725	2
1372	1.98	1.824	2.039	1.843	2
1373	1.941	1.706	1.961	2.098	2
1374	1.961	1.824	2.196	2.118	2
1375	2.078	1.882	2.235	2.02	2
1376	2.098	1.863	2.216	2.0	2
1377	2.02	1.824	2.098	1.882	2
1378	1.941	1.804	2.078	1.686	2
1379	2.0	1.961	2.098	1.647	2
1380	1.98	1.941	1.961	1.706	2
1381	1.922	1.961	1.902	1.804	2
1382	1.902	1.902	1.784	1.784	2
1383	1.941	1.902	1.804	1.647	2
1384	1.902	2.059	1.98	1.608	2
1385	1.863	1.961	1.902	1.745	2
1386	1.824	1.784	1.941	2.098	2
1387	2.02	2.176	2.275	2.471	2
1388	2.0	1.902	2.0	2.49	2
1389	1.882	1.725	1.922	2.294	2
1390	1.941	1.706	1.941	1.843	2
1391	2.059	1.784	2.137	1.667	2
1392	2.137	1.98	2.294	1.765	2
1393	2.137	1.882	2.255	2.0	2
1394	2.078	1.824	2.216	2.118	2
1395	2.078	1.824	2.137	1.98	2
1396	2.078	1.922	2.098	1.902	2
1397	2.118	2.039	2.137	1.843	2
1398	2.039	2.039	2.059	1.863	2
1399	1.98	2.157	2.118	1.804	2
1400	1.961	2.078	2.02	1.863	2
1401	1.902	1.941	1.98	1.961	2
1402	1.922	1.98	2.078	2.0	2
1403	1.922	2.039	2.098	2.0	2
1404	1.863	1.902	2.078	2.059	2
1405	1.922	1.824	2.059	2.137	2
1406	1.922	1.863	2.137	2.137	2
1407	1.961	1.882	2.176	2.078	2
1408	1.961	1.784	2.196	1.98	2
1409	2.078	1.882	2.255	1.941	2
1410	2.0	1.725	2.078	1.922	2
1411	1.922	1.706	2.039	1.922	2
1412	1.922	1.882	2.157	1.941	2
1413	1.922	1.882	2.098	1.98	2
1414	2.0	1.882	2.0	1.922	2
1415	1.902	1.882	1.882	1.745	2
1416	1.863	1.961	1.902	1.706	2
1417	1.824	1.941	1.824	1.863	2
1418	1.824	1.882	1.843	2.02	2
1419	1.882	1.961	1.922	2.176	2
1420	1.824	1.902	1.863	2.216	2
1421	1.725	1.804	1.784	2.098	2
1422	1.784	1.725	1.863	1.843	2
1423	1.922	1.804	2.176	1.961	2
1424	2.078	1.863	2.216	2.196	2
1425	1.961	1.765	2.059	2.294	2
1426	1.902	1.627	1.941	2.118	2
1427	2.039	1.765	2.196	1.941	2
1428	2.157	1.882	2.196	1.863	2
1429	2.02	1.863	2.059	1.863	2
1430	2.039	1.863	2.039	1.863	2
1431	2.0	1.863	1.961	1.882	2
1432	1.961	1.941	1.98	1.922	2
1433	1.961	2.02	2.0	1.843	2
1434	1.941	2.059	1.98	1.843	2
1435	1.882	2.0	1.922	1.843	2
1436	1.882	1.922	1.882	1.843	2
1437	1.882	1.922	2.0	1.98	2
1438	1.961	2.0	2.098	2.118	2
1439	1.882	1.902	2.098	2.275	2
1440	1.961	1.843	2.137	2.333	2
1441	2.02	1.843	2.078	2.176	2
1442	1.922	1.725	2.02	1.902	2
1443	1.941	1.667	2.059	1.686	2
1444	1.98	1.765	2.157	1.706	2
1445	2.078	1.882	2.216	1.902	2
1446	2.118	1.902	2.157	2.039	2
1447	2.059	1.882	2.02	2.02	2
1448	1.922	1.863	1.98	1.902	2
1449	1.882	1.922	1.902	1.765	2
1450	1.863	1.922	1.843	1.608	2
1451	1.765	1.922	1.804	1.647	2
1452	1.765	1.922	1.784	1.745	2
1453	1.824	1.863	1.824	1.784	2
1454	1.98	1.98	1.961	2.059	2
1455	1.941	1.804	1.824	2.314	2
1456	1.765	1.804	1.941	2.353	2
1457	1.863	1.882	2.137	2.196	2
1458	1.922	1.784	2.098	2.059	2
1459	1.98	1.706	2.059	1.882	2
1460	2.039	1.725	2.0	1.725	2
1461	1.961	1.647	1.882	1.706	2
1462	2.0	1.784	2.098	1.765	2
1463	2.059	1.922	2.176	1.902	2
1464	2.059	1.863	2.137	1.961	2
1465	2.137	1.961	2.098	1.961	2
1466	2.02	1.941	2.0	2.02	2
1467	2.02	1.941	1.98	1.941	2
1468	1.941	1.98	1.902	1.706	2
1469	1.941	2.02	1.902	1.706	2
1470	1.902	1.784	1.765	1.824	2
1471	1.843	1.843	1.98	1.98	2
1472	1.98	2.098	2.333	2.059	2
1473	2.0	2.078	2.255	2.078	2
1474	1.882	1.804	2.078	2.039	2
1475	2.098	1.922	2.294	2.078	2
1476	2.157	1.941	2.333	2.098	2
1477	2.059	1.882	2.196	2.098	2
1478	2.0	1.765	2.059	1.961	2
1479	2.039	1.824	2.137	1.765	2
1480	2.039	1.902	2.176	1.667	2
1481	1.98	1.863	2.02	1.765	2
1482	1.922	1.902	2.0	1.824	2
1483	1.98	1.98	2.0	1.784	2
1484	1.961	2.0	2.0	1.667	2
1485	2.039	2.235	2.314	1.843	2
1486	2.118	2.098	2.098	2.118	2
1487	1.784	1.784	1.745	2.216	2
1488	1.745	1.784	1.765	2.157	2
1489	1.824	1.922	1.961	2.118	2
1490	1.902	1.882	2.059	2.137	2
1491	1.882	1.824	2.078	2.02	2
1492	1.961	1.824	2.137	1.843	2
1493	2.059	1.961	2.275	2.0	2
1494	1.98	1.745	2.02	2.333	2
1495	1.902	1.529	1.882	2.451	2
1496	1.961	1.608	2.098	2.098	2
1497	2.216	2.118	2.529	1.765	2
1498	2.118	2.157	2.216	1.549	2
1499	1.902	1.824	1.902	1.471	2
1500	1.843	1.843	1.843	1.922	2
1501	1.804	1.863	1.784	2.02	2
1502	1.765	1.863	1.804	1.882	2
1503	1.98	1.98	2.098	1.863	2
1504	2.039	2.118	2.216	2.059	2
1505	1.98	2.059	2.118	2.02	2
1506	1.804	1.882	1.941	1.843	2
1507	1.843	1.843	2.02	1.843	2
1508	1.902	1.824	2.118	1.98	2
1509	1.922	1.784	2.098	2.137	2
1510	1.961	1.804	2.216	2.098	2
1511	2.098	1.882	2.294	2.0	2
1512	2.098	1.922	2.255	1.961	2
1513	2.059	1.804	2.118	1.961	2
1514	2.0	1.804	2.118	1.941	2
1515	2.02	1.902	2.157	1.922	2
1516	2.078	2.059	2.176	1.941	2
1517	2.039	2.02	2.02	1.882	2
1518	1.961	1.902	1.882	1.804	2
1519	1.902	2.0	1.902	1.667	2
1520	1.902	2.059	2.039	1.725	2
1521	1.941	2.078	2.0	2.0	2
1522	1.922	1.961	1.961	2.353	2
1523	1.902	1.922	1.902	2.392	2
1524	1.863	1.863	1.843	2.157	2
1525	1.824	1.824	1.922	2.059	2
1526	1.902	1.784	2.02	2.137	2
1527	1.902	1.706	1.98	2.157	2
1528	2.02	1.804	2.314	2.02	2
1529	2.275	2.0	2.471	1.98	2
1530	2.157	1.98	2.196	2.078	2
1531	1.902	1.824	1.98	1.98	2
1532	1.824	1.765	1.765	1.863	2
1533	1.902	1.725	1.765	1.549	2
1534	1.843	1.863	1.843	1.765	2
1535	1.882	1.98	1.863	2.0	2
1536	1.863	2.02	2.0	1.843	2
1537	2.078	2.176	2.196	1.725	2
1538	1.961	1.98	2.0	1.824	2
1539	1.882	1.941	1.961	2.098	2
1540	1.824	1.961	2.039	2.196	2
1541	1.824	1.863	2.078	2.098	2
1542	1.941	1.902	2.176	2.039	2
1543	2.039	1.941	2.255	2.02	2
1544	1.98	1.765	2.118	2.039	2
1545	1.961	1.667	2.157	2.059	2
1546	2.059	1.843	2.235	2.098	2
1547	2.078	1.902	2.333	2.157	2
1548	2.118	1.961	2.196	2.078	2
1549	2.059	1.902	2.118	1.941	2
1550	2.059	2.039	2.176	1.765	2
1551	1.941	1.843	1.824	1.863	2
1552	1.804	1.745	1.804	1.922	2
1553	1.824	1.922	1.804	1.824	2
1554	1.824	2.0	2.02	1.863	2
1555	2.059	2.078	2.078	2.02	2
1556	1.922	1.922	1.843	2.02	2
1557	1.804	1.863	1.843	2.059	2
1558	1.902	1.804	1.902	2.039	2
1559	1.902	1.725	1.98	2.118	2
1560	1.922	1.706	2.02	2.039	2
1561	1.961	1.804	2.02	1.863	2
1562	1.922	1.784	2.078	1.765	2
1563	1.961	1.765	2.039	1.843	2
1564	2.0	1.765	2.098	1.765	2
1565	2.118	1.863	2.196	1.784	2
1566	2.118	1.902	2.098	1.922	2
1567	1.922	1.902	2.0	1.804	2
1568	1.863	1.843	1.902	1.745	2
1569	1.863	1.804	1.765	1.667	2
1570	1.804	1.745	1.686	1.725	2
1571	1.863	2.0	1.961	1.902	2
1572	1.961	2.137	2.098	2.137	2
1573	1.922	1.922	1.98	2.255	2
1574	1.882	1.882	2.0	2.118	2
1575	1.902	1.922	2.118	1.745	2
1576	1.863	1.765	2.02	1.686	2
1577	1.843	1.588	1.98	1.863	2
1578	1.961	1.784	2.216	2.255	2
1579	2.098	1.902	2.255	2.608	2
1580	1.941	1.745	2.02	2.49	2
1581	1.863	1.725	2.0	1.922	2
1582	1.922	1.765	2.098	1.431	2
1583	1.922	1.922	2.196	1.608	2
1584	1.98	2.118	2.216	1.686	2
1585	2.02	2.039	2.098	1.804	2
1586	2.02	2.078	2.059	1.882	2
1587	1.922	1.863	1.706	1.922	2
1588	1.765	1.863	1.843	2.059	2
1589	1.843	2.118	2.02	2.118	2
1590	1.922	2.059	2.098	2.157	2
1591	1.922	2.078	2.137	2.059	2
1592	1.941	2.0	2.157	2.078	2
1593	1.941	1.941	2.216	2.098	2
1594	2.078	1.902	2.196	2.098	2
1595	2.059	1.843	2.118	2.137	2
1596	2.059	1.765	2.137	2.216	2
1597	2.059	1.784	2.137	1.98	2
1598	2.078	1.882	2.392	1.765	2
1599	2.255	2.078	2.51	1.863	2
1600	2.157	1.98	2.235	2.039	2
1601	2.039	1.922	2.039	2.137	2
1602	1.922	1.902	1.902	2.118	2
1603	1.882	1.961	1.941	2.0	2
1604	1.98	2.059	1.941	1.843	2
1605	1.843	1.941	1.882	1.745	2
1606	1.882	1.902	1.882	1.804	2
1607	1.882	1.98	2.0	1.961	2
1608	1.902	2.02	2.059	2.255	2
1609	1.824	1.882	1.98	2.235	2
1610	1.922	1.824	2.059	1.961	2
1611	2.0	1.824	2.176	1.784	2
1612	2.059	1.863	2.196	1.863	2
1613	2.0	1.725	2.137	2.098	2
1614	1.98	1.843	2.176	2.216	2
1615	1.961	1.824	2.059	2.078	2
1616	1.961	1.647	1.902	1.667	2
1617	1.922	1.765	1.961	1.412	2
1618	1.961	1.922	2.098	1.529	2
1619	2.02	1.98	2.039	1.765	2
1620	1.961	1.98	2.02	1.902	2
1621	1.941	2.0	1.902	1.922	2
1622	1.882	1.922	1.863	1.961	2
1623	1.902	1.922	1.902	1.98	2
1624	1.902	1.922	1.941	2.078	2
1625	1.882	1.843	1.863	2.098	2
1626	1.882	1.804	1.98	2.039	2
1627	1.961	1.863	2.078	1.902	2
1628	1.941	1.725	2.078	1.941	2
1629	2.02	1.843	2.235	2.157	2
1630	2.098	1.843	2.216	2.216	2
1631	2.059	1.765	2.098	2.078	2
1632	2.039	1.784	2.078	1.941	2
1633	2.039	1.804	2.059	1.784	2
1634	1.941	1.863	1.98	1.627	2
1635	1.961	1.843	1.98	1.667	2
1636	1.941	1.843	1.882	1.627	2
1637	1.902	1.922	1.961	1.784	2
1638	2.0	2.137	1.98	2.157	2
1639	1.784	1.98	1.765	2.157	2
1640	1.745	1.843	1.765	1.922	2
1641	1.863	1.863	1.961	1.961	2
1642	1.941	1.961	2.0	2.078	2
1643	1.804	1.765	1.824	1.961	2
1644	1.882	1.804	2.078	1.863	2
1645	2.02	1.863	2.157	2.039	2
1646	1.98	1.765	2.02	2.255	2
1647	2.02	1.706	2.078	2.176	2
1648	2.0	1.824	2.176	1.961	2
1649	2.059	1.902	2.255	1.98	2
1650	2.098	1.882	2.216	2.118	2
1651	2.137	1.961	2.196	2.098	2
1652	2.137	2.098	2.157	1.882	2
1653	2.0	1.98	2.02	1.608	2
1654	1.98	1.902	1.961	1.608	2
1655	1.98	1.941	1.961	1.843	2
1656	2.039	2.039	2.02	1.98	2
1657	1.941	2.098	2.039	1.961	2
1658	1.922	2.0	2.098	2.059	2
1659	1.922	1.961	2.039	2.157	2
1660	1.922	1.941	2.137	2.235	2
1661	1.961	1.882	2.157	2.275	2
1662	2.098	1.843	2.157	2.235	2
1663	2.02	1.745	2.078	2.176	2
1664	1.98	1.784	2.196	2.137	2
1665	2.059	1.765	2.137	1.961	2
1666	2.02	1.843	2.118	1.765	2
1667	2.059	1.922	2.216	1.824	2
1668	2.098	1.941	2.176	1.902	2
1669	1.941	1.961	2.059	1.784	2
1670	1.882	1.804	1.804	1.725	2
1671	1.863	1.882	1.863	1.667	2
1672	1.824	1.961	1.824	1.725	2
1673	1.725	1.882	1.765	2.059	2
1674	1.804	1.863	1.784	2.118	2
1675	1.882	1.98	2.098	1.98	2
1676	2.078	2.118	2.294	1.902	2
1677	1.98	1.882	2.02	1.961	2
1678	1.824	1.745	1.922	2.039	2
1679	1.824	1.706	2.0	1.941	2
1680	1.941	1.784	2.137	1.922	2
1681	2.059	1.824	2.235	1.961	2
1682	2.078	1.824	2.196	2.0	2
1683	2.02	1.863	2.196	2.078	2
1684	2.078	1.98	2.255	2.039	2
1685	2.098	2.02	2.176	1.941	2
1686	2.02	1.882	1.961	1.824	2
1687	1.882	1.843	1.843	1.686	2
1688	1.863	1.804	1.882	1.667	2
1689	1.902	1.843	1.922	1.725	2
1690	2.039	2.176	2.196	1.863	2
1691	2.098	2.196	2.157	2.157	2
1692	1.941	1.902	1.863	2.314	2
1693	1.804	1.706	1.765	2.235	2
1694	1.804	1.706	1.922	1.98	2
1695	1.902	1.863	2.078	1.922	2
1696	1.941	1.784	2.098	1.882	2
1697	2.0	1.784	2.098	1.824	2
1698	1.961	1.784	2.078	1.784	2
1699	2.0	1.765	2.039	1.882	2
1700	1.98	1.686	1.961	2.137	2
1701	2.118	1.843	2.157	2.255	2
1702	2.157	1.882	2.255	2.176	2
1703	2.118	2.059	2.275	1.745	2
1704	2.0	2.0	2.0	1.392	2
1705	1.882	1.824	1.765	1.392	2
1706	1.941	1.902	1.863	1.647	2
1707	1.922	2.02	1.922	2.039	2
1708	1.824	1.922	1.863	2.275	2
1709	1.902	1.863	1.882	2.294	2
1710	1.98	1.941	2.0	2.118	2
1711	1.98	2.039	2.118	1.745	2
1712	2.0	1.941	2.157	1.863	2
1713	2.059	1.745	2.137	2.039	2
1714	2.098	1.882	2.275	2.118	2
1715	2.118	1.882	2.235	2.157	2
1716	2.078	1.843	2.157	2.176	2
1717	2.059	1.804	2.039	2.118	2
1718	2.039	1.882	2.176	2.059	2
1719	2.176	2.157	2.255	1.98	2
1720	2.0	1.941	1.961	1.902	2
1721	1.902	1.843	1.843	1.51	2
1722	1.882	1.961	1.922	1.157	2
1723	1.922	2.039	2.059	1.529	2
1724	1.98	2.157	2.176	2.137	2
1725	1.843	2.02	1.961	2.51	2
1726	1.784	1.961	1.882	2.51	2
1727	1.804	1.882	1.922	2.255	2
1728	1.824	1.804	1.961	1.961	2
1729	1.922	1.784	2.02	1.706	2
1730	1.961	1.804	2.235	1.725	2
1731	1.98	1.863	2.235	1.922	2
1732	1.863	1.843	2.314	2.078	2
1733	2.0	1.902	2.294	2.235	2
1734	2.059	1.804	2.137	2.314	2
1735	2.02	1.804	2.118	2.216	2
1736	1.961	1.765	2.118	1.941	2
1737	1.941	1.882	2.078	1.686	2
1738	1.902	1.882	1.961	1.431	2
1739	1.98	2.078	2.118	1.451	2
1740	1.941	1.961	1.902	1.804	2
1741	1.765	1.863	1.824	1.98	2
1742	1.843	1.941	1.98	2.098	2
1743	2.02	2.059	2.078	2.216	2
1744	1.882	1.961	1.961	2.235	2
1745	1.843	1.843	2.0	2.078	2
1746	1.902	1.765	2.02	2.0	2
1747	1.902	1.745	2.098	1.941	2
1748	1.922	1.765	2.098	1.961	2
1749	1.922	1.686	2.098	2.039	2
1750	1.98	1.765	2.157	2.078	2
1751	2.02	1.863	2.118	2.059	2
1752	2.059	1.882	2.216	2.02	2
1753	2.176	1.824	2.157	1.961	2
1754	2.0	1.804	1.98	1.922	2
1755	1.804	1.824	1.863	1.804	2
1756	1.765	1.922	1.882	1.706	2
1757	1.902	2.078	2.0	1.804	2
1758	1.98	2.0	1.941	2.0	2
1759	1.824	1.804	1.745	2.059	2
1760	1.804	1.922	1.824	2.078	2
1761	1.824	2.039	1.941	2.196	2
1762	1.882	1.824	1.922	2.255	2
1763	1.902	1.647	1.882	2.235	2
1764	1.98	1.745	2.137	1.961	2
1765	2.098	1.902	2.275	1.686	2
1766	2.02	1.922	2.294	1.804	2
1767	2.078	1.843	2.157	2.02	2
1768	2.059	1.765	2.078	2.235	2
1769	2.078	1.745	2.059	2.216	2
1770	2.059	1.824	2.039	1.961	2
1771	2.0	1.922	2.098	1.647	2
1772	2.059	1.922	1.961	1.451	2
1773	2.0	1.922	1.902	1.294	2
1774	2.0	1.98	1.902	1.549	2
1775	1.902	1.941	1.941	2.098	2
1776	1.961	2.0	2.098	2.51	2
1777	1.98	1.902	1.961	2.373	2
1778	1.882	1.941	1.922	2.02	2
1779	1.882	1.843	1.922	1.784	2
1780	1.863	1.863	2.0	1.804	2
1781	1.98	1.765	2.078	1.824	2
1782	2.098	1.824	2.216	1.922	2
1783	2.098	1.745	2.157	2.078	2
1784	2.0	1.765	2.098	2.196	2
1785	1.98	1.765	2.157	2.196	2
1786	2.059	1.98	2.255	2.098	2
1787	2.078	1.902	2.157	1.863	2
1788	2.039	1.941	2.059	1.686	2
1789	1.98	1.961	1.961	1.608	2
1790	1.902	1.922	1.961	1.627	2
1791	1.922	2.098	1.98	1.784	2
1792	1.922	2.137	1.902	1.922	2
1793	1.863	2.0	1.784	1.863	2
1794	1.804	1.824	1.686	1.882	2
1795	1.725	1.588	1.451	2.078	2
1796	1.706	1.804	2.098	2.294	2
1797	2.039	2.078	2.235	2.392	2
1798	2.098	2.0	2.392	2.02	2
1799	2.196	1.824	2.196	1.784	2
1800	1.941	1.627	1.961	1.863	2
1801	1.922	1.784	2.059	2.078	2
1802	1.98	1.824	2.039	2.216	2
1803	1.941	1.804	2.059	2.235	2
1804	1.98	1.902	2.196	2.039	2
1805	2.098	2.059	2.216	1.686	2
1806	2.02	1.902	1.98	1.51	2
1807	2.0	1.98	2.02	1.51	2
1808	2.039	2.118	2.039	1.667	2
1809	2.078	2.098	2.078	2.176	2
1810	2.0	2.078	2.098	2.314	2
1811	1.804	1.882	1.882	2.059	2
1812	1.882	1.922	2.137	2.02	2
1813	1.98	2.02	2.294	2.059	2
1814	2.02	1.882	2.078	1.98	2
1815	1.961	1.725	2.078	1.941	2
1816	1.98	1.824	2.176	1.922	2
1817	2.059	1.843	2.255	1.961	2
1818	2.059	1.804	2.196	2.039	2
1819	2.059	1.804	2.176	2.059	2
1820	2.078	1.843	2.196	2.059	2
1821	2.039	1.882	2.176	2.02	2
1822	2.02	1.922	2.176	1.941	2
1823	2.02	1.961	2.039	1.824	2
1824	1.863	1.882	1.98	1.667	2
1825	1.902	1.98	1.98	1.706	2
1826	1.863	2.0	1.98	1.902	2
1827	1.882	2.02	2.039	2.078	2
1828	1.902	1.98	2.0	2.176	2
1829	1.843	1.902	2.0	2.137	2
1830	1.843	1.824	1.98	2.078	2
1831	1.843	1.784	2.059	2.059	2
1832	1.902	1.765	2.118	2.039	2
1833	1.922	1.784	2.118	2.02	2
1834	1.98	1.804	2.176	2.02	2
1835	2.0	1.824	2.137	2.0	2
1836	1.98	1.725	2.078	1.961	2
1837	1.961	1.745	2.078	1.922	2
1838	2.0	1.922	2.137	1.922	2
1839	2.0	1.941	2.059	1.961	2
1840	1.961	1.922	1.902	1.922	2
1841	1.882	1.863	1.843	1.824	2
1842	1.863	1.882	1.824	1.765	2
1843	1.863	2.039	1.941	1.745	2
1844	1.882	2.059	1.922	1.843	2
1845	1.784	1.843	1.784	2.098	2
1846	1.824	1.843	1.824	2.373	2
1847	1.824	1.804	1.843	2.353	2
1848	1.902	1.843	2.078	2.118	2
1849	2.059	1.902	2.235	1.902	2
1850	1.98	1.843	2.118	1.824	2
1851	1.922	1.706	2.02	1.882	2
1852	1.98	1.706	2.02	2.02	2
1853	2.0	1.745	2.039	2.098	2
1854	2.039	1.804	2.098	2.078	2
1855	2.02	1.863	2.157	1.922	2
1856	2.078	1.961	2.059	1.647	2
1857	2.0	1.941	1.961	1.588	2
1858	1.941	1.902	1.961	1.647	2
1859	1.961	2.0	1.941	1.745	2
1860	1.882	1.98	1.824	1.882	2
1861	1.882	1.98	1.902	1.941	2
1862	1.941	1.961	1.98	2.0	2
1863	1.941	1.961	2.02	2.02	2
1864	1.922	1.882	2.0	2.0	2
1865	1.882	1.804	1.98	2.0	2
1866	1.941	1.725	2.059	2.02	2
1867	1.98	1.784	2.137	2.098	2
1868	2.02	1.804	2.235	2.137	2
1869	2.059	1.824	2.216	2.078	2
1870	2.059	1.784	2.137	2.0	2
1871	2.059	1.804	2.118	2.0	2
1872	2.039	1.824	2.157	1.961	2
1873	2.02	1.902	2.098	2.0	2
1874	2.02	1.98	2.02	1.784	2
1875	1.922	1.961	1.98	1.706	2
1876	1.922	1.98	1.922	1.784	2
1877	1.902	1.98	1.902	1.922	2
1878	1.863	1.98	1.882	2.059	2
1879	1.843	1.98	1.961	2.118	2
1880	1.902	1.922	1.941	2.098	2
1881	1.902	1.961	2.078	2.039	2
1882	1.961	1.882	2.078	2.059	2
1883	1.922	1.784	2.078	2.059	2
1884	1.961	1.804	2.098	2.02	2
1885	2.02	1.784	2.176	2.0	2
1886	2.039	1.804	2.176	1.941	2
1887	2.039	1.824	2.137	1.902	2
1888	2.039	1.824	2.137	1.882	2
1889	2.02	1.882	2.118	1.824	2
1890	2.02	1.902	2.059	1.804	2
1891	2.02	1.941	2.02	1.784	2
1892	1.922	1.941	1.961	1.784	2
1893	1.922	1.961	1.922	1.784	2
1894	1.922	2.0	1.882	1.863	2
1895	1.863	1.98	1.922	1.941	2
1896	1.863	1.941	1.961	1.98	2
1897	1.882	1.902	1.941	2.039	2
1898	1.882	1.902	2.0	2.039	2
1899	1.961	1.843	2.0	2.098	2
1900	1.922	1.804	2.098	2.078	2
1901	1.961	1.784	2.118	2.078	2
1902	2.0	1.765	2.157	2.039	2
1903	2.039	1.784	2.157	1.98	2
1904	2.039	1.824	2.137	1.941	2
1905	2.02	1.824	2.157	1.922	2
1906	2.039	1.863	2.118	1.902	2
1907	2.0	1.902	2.039	1.843	2
1908	2.02	1.922	1.98	1.804	2
1909	1.941	1.961	1.941	1.784	2
1910	1.902	1.922	1.922	1.804	2
1911	1.882	2.0	1.902	1.882	2
1912	1.863	2.0	1.922	1.941	2
1913	1.882	1.961	1.941	2.0	2
1914	1.863	1.922	1.961	2.039	2
1915	1.902	1.843	2.0	2.078	2
1916	1.922	1.843	2.02	2.118	2
1917	1.961	1.804	2.118	2.137	2
1918	1.98	1.804	2.137	2.098	2
1919	2.02	1.784	2.196	2.059	2
1920	2.039	1.824	2.196	2.02	2
1921	2.039	1.824	2.176	1.941	2
1922	2.039	1.843	2.137	1.941	2
1923	2.02	1.863	2.098	1.863	2
1924	2.078	1.941	2.098	1.882	2
1925	2.02	1.961	2.02	1.804	2
1926	1.941	1.961	1.961	1.804	2
1927	1.922	2.0	1.902	1.804	2
1928	1.902	1.98	1.882	1.863	2
1929	1.863	1.961	1.902	1.941	2
1930	1.863	1.961	1.922	1.98	2
1931	1.882	1.922	1.961	2.02	2
1932	1.882	1.922	2.0	2.059	2
1933	1.941	1.863	2.039	2.098	2
1934	1.922	1.804	2.118	2.118	2
1935	1.98	1.804	2.118	2.098	2
1936	2.02	1.784	2.157	2.039	2
1937	2.02	1.804	2.176	1.98	2
1938	2.02	1.804	2.157	1.941	2
1939	2.039	1.824	2.137	1.922	2
1940	2.039	1.882	2.118	1.882	2
1941	2.039	1.902	2.098	1.824	2
1942	2.0	1.961	2.039	1.824	2
1943	1.922	1.98	1.98	1.824	2
1944	1.922	2.0	1.961	1.804	2
1945	1.902	2.02	1.902	1.882	2
1946	1.863	2.0	1.922	1.941	2
1947	1.863	1.941	1.961	1.98	2
1948	1.863	1.922	1.941	2.039	2
1949	1.882	1.902	2.0	2.059	2
1950	1.882	1.863	2.039	2.098	2
1951	1.941	1.804	2.118	2.118	2
1952	1.98	1.784	2.118	2.118	2
1953	2.0	1.765	2.157	2.039	2
1954	2.039	1.784	2.157	1.961	2
1955	2.039	1.804	2.137	1.902	2
1956	2.039	1.784	2.137	1.882	2
1957	2.039	1.784	2.098	1.863	2
1958	2.078	1.902	2.078	1.863	2
1959	1.98	1.922	2.0	1.804	2
1960	1.882	1.961	1.941	1.784	2
1961	1.902	2.0	1.961	1.824	2
1962	1.902	1.941	1.902	1.882	2
1963	1.902	1.98	1.902	1.922	2
1964	1.882	2.0	1.941	1.961	2
1965	1.863	1.922	1.98	2.0	2
1966	1.882	1.902	2.02	2.078	2
1967	1.902	1.882	2.039	2.078	2
1968	1.941	1.804	2.118	2.098	2
1969	1.961	1.824	2.137	2.098	2
1970	1.98	1.784	2.196	2.059	2
1971	2.0	1.765	2.176	2.0	2
1972	2.02	1.804	2.176	1.941	2
1973	2.059	1.843	2.137	1.922	2
1974	2.078	1.843	2.137	1.843	2
1975	2.039	1.863	2.039	1.784	2
1976	2.02	1.882	1.98	1.765	2
1977	1.941	1.922	1.941	1.745	2
1978	1.922	2.0	1.902	1.784	2
1979	1.922	1.98	1.902	1.863	2
1980	1.941	1.961	1.882	1.941	2
1981	1.941	1.922	1.882	1.941	2
1982	1.941	1.882	1.882	1.941	2
1983	1.902	1.843	1.941	1.98	2
1984	1.902	1.843	2.039	2.039	2
1985	1.902	1.804	2.098	2.098	2
1986	1.941	1.824	2.137	2.118	2
1987	2.0	1.804	2.196	2.098	2
1988	2.02	1.804	2.216	2.059	2
1989	2.0	1.804	2.157	2.0	2
1990	2.039	1.824	2.176	1.941	2
1991	2.039	1.882	2.157	1.961	2
1992	2.0	1.961	2.137	1.882	2
1993	1.961	1.961	2.078	1.863	2
1994	1.902	1.961	2.0	1.843	2
1995	1.882	2.0	1.98	1.863	2
1996	1.863	2.02	1.961	1.941	2
1997	1.843	2.02	1.98	2.02	2
1998	1.882	1.98	2.0	2.098	2
1999	1.863	1.922	2.0	2.078	2
