time	channel1	channel2	channel3	channel4	class
0	2.078	2.059	1.961	2.059	6
1	2.059	2.078	1.882	2.02	6
2	1.98	2.078	1.863	2.02	6
3	1.961	2.059	1.863	2.039	6
4	1.902	2.0	1.863	2.039	6
5	1.863	2.0	1.882	2.039	6
6	1.882	1.941	1.863	2.078	6
7	1.902	1.941	1.902	2.078	6
8	1.902	1.961	1.922	2.098	6
9	1.961	1.863	1.882	2.059	6
10	1.941	1.941	1.902	2.098	6
11	1.961	1.922	1.941	2.059	6
12	2.0	1.961	1.961	2.078	6
13	2.02	1.941	1.922	2.098	6
14	2.02	1.941	1.961	2.098	6
15	2.039	1.98	1.941	2.059	6
16	2.078	2.0	1.961	2.118	6
17	2.039	2.118	1.98	2.078	6
18	2.059	2.059	1.863	2.039	6
19	2.059	2.078	1.863	2.039	6
20	1.98	2.059	1.843	2.02	6
21	1.941	2.0	1.843	2.039	6
22	1.922	1.941	1.824	2.098	6
23	1.922	1.961	1.843	2.059	6
24	1.941	1.98	1.863	2.098	6
25	1.922	1.882	1.882	2.098	6
26	1.98	1.843	1.902	2.059	6
27	1.961	1.902	1.902	2.059	6
28	1.98	1.922	1.922	2.059	6
29	2.0	1.961	1.941	2.059	6
30	2.02	1.922	1.98	2.098	6
31	2.039	1.941	1.941	2.118	6
32	2.059	1.941	1.961	2.039	6
33	2.059	1.941	1.98	2.098	6
34	2.059	2.059	1.98	2.059	6
35	2.059	2.039	1.882	2.039	6
36	2.039	2.078	1.882	2.039	6
37	2.0	2.02	1.882	2.059	6
38	1.961	1.98	1.863	2.039	6
39	1.941	1.961	1.843	2.059	6
40	1.922	1.961	1.843	2.098	6
41	1.902	1.961	1.824	2.059	6
42	1.961	1.941	1.843	2.078	6
43	1.941	1.882	1.902	2.098	6
44	1.922	1.902	1.922	2.078	6
45	1.98	1.882	1.941	2.078	6
46	2.02	1.941	1.98	2.059	6
47	2.039	1.922	1.941	2.078	6
48	2.059	1.902	1.98	2.118	6
49	2.039	1.961	1.961	2.137	6
50	2.137	1.941	1.98	2.118	6
51	2.039	1.98	1.961	2.059	6
52	2.098	2.078	1.922	2.039	6
53	2.059	2.039	1.882	2.02	6
54	1.98	2.02	1.863	2.039	6
55	1.941	1.98	1.863	2.02	6
56	1.941	1.961	1.882	2.078	6
57	1.922	1.961	1.882	2.059	6
58	1.902	1.961	1.824	2.137	6
59	1.882	1.961	1.882	2.078	6
60	1.941	1.843	1.902	2.078	6
61	1.961	1.882	1.922	2.059	6
62	1.961	1.902	1.941	2.059	6
63	1.98	1.922	1.98	2.078	6
64	2.02	1.922	1.98	2.118	6
65	1.98	1.922	1.98	2.078	6
66	2.039	1.941	1.961	2.137	6
67	2.118	1.98	2.02	2.078	6
68	2.078	2.078	2.0	2.078	6
69	2.059	2.059	1.882	2.02	6
70	2.039	2.059	1.902	2.039	6
71	1.98	2.059	1.882	2.02	6
72	1.941	2.0	1.882	2.02	6
73	1.902	1.98	1.863	2.059	6
74	1.902	1.922	1.863	2.059	6
75	1.902	1.902	1.941	2.059	6
76	1.941	1.882	1.863	2.039	6
77	1.961	1.843	1.902	2.098	6
78	1.922	1.922	1.902	2.059	6
79	1.98	1.882	1.922	2.059	6
80	1.98	1.961	1.961	2.059	6
81	2.0	1.941	1.98	2.098	6
82	2.039	1.961	1.98	2.137	6
83	2.039	1.922	1.98	2.078	6
84	2.157	1.922	2.0	2.078	6
85	2.137	2.059	1.98	2.059	6
86	2.078	2.118	1.863	2.059	6
87	2.02	2.039	1.843	2.02	6
88	1.98	2.039	1.843	2.02	6
89	1.941	2.0	1.863	2.039	6
90	1.922	1.941	1.843	2.078	6
91	1.902	1.922	1.843	2.098	6
92	1.922	1.961	1.784	2.078	6
93	1.961	1.922	1.863	2.078	6
94	1.922	1.824	1.882	2.078	6
95	1.961	1.902	1.941	2.078	6
96	1.98	1.882	1.922	2.098	6
97	1.98	1.941	1.941	2.059	6
98	2.02	1.941	1.922	2.098	6
99	2.039	1.961	1.941	2.118	6
100	2.039	1.941	1.941	2.098	6
101	2.137	1.961	1.961	2.098	6
102	2.098	1.98	1.941	2.078	6
103	2.078	2.098	1.882	2.039	6
104	2.02	2.039	1.863	2.02	6
105	2.0	2.059	1.843	2.039	6
106	1.941	2.02	1.824	2.039	6
107	1.941	1.98	1.824	2.059	6
108	1.922	2.0	1.843	2.078	6
109	1.902	1.922	1.922	2.0	6
110	1.922	1.902	1.843	2.137	6
111	1.941	1.902	1.882	2.078	6
112	1.941	1.961	1.882	2.039	6
113	1.961	1.902	1.902	2.059	6
114	1.98	1.961	1.941	2.059	6
115	2.0	1.961	1.941	2.078	6
116	2.02	1.961	1.961	2.078	6
117	2.02	1.961	1.98	2.078	6
118	2.039	2.0	2.02	2.098	6
119	2.059	2.118	2.0	2.078	6
120	2.059	2.098	1.863	2.0	6
121	2.039	2.039	1.863	2.02	6
122	1.961	2.039	1.863	2.02	6
123	1.922	1.98	1.843	2.039	6
124	1.922	1.961	1.843	2.039	6
125	1.922	1.922	1.863	2.059	6
126	1.922	1.882	1.941	2.0	6
127	1.98	1.843	1.902	2.098	6
128	1.98	1.843	1.902	2.098	6
129	1.941	1.882	1.922	2.059	6
130	1.941	1.882	1.941	2.078	6
131	1.941	1.922	1.961	2.059	6
132	2.0	1.922	1.941	2.078	6
133	2.02	1.922	1.941	2.118	6
134	2.039	1.922	1.941	2.137	6
135	2.118	2.0	1.98	2.059	6
136	2.039	2.039	2.0	2.078	6
137	2.078	2.078	1.902	2.02	6
138	2.0	2.039	1.863	2.039	6
139	2.0	2.059	1.882	2.02	6
140	1.941	2.02	1.863	2.039	6
141	1.882	1.961	1.843	2.039	6
142	1.882	1.961	1.863	2.059	6
143	1.902	1.941	1.843	2.157	6
144	1.863	1.902	1.902	2.059	6
145	1.882	1.863	1.902	2.059	6
146	1.922	1.902	1.941	2.078	6
147	1.961	1.902	1.961	2.059	6
148	1.98	1.941	1.961	2.059	6
149	2.0	1.941	1.98	2.059	6
150	2.02	1.922	1.98	2.118	6
151	2.02	1.922	1.961	2.098	6
152	2.118	1.882	2.02	2.098	6
153	2.078	2.02	1.941	2.078	6
154	2.078	2.078	1.882	2.039	6
155	2.059	2.039	1.922	2.0	6
156	1.98	2.039	1.863	2.02	6
157	1.961	2.0	1.843	2.02	6
158	1.922	1.961	1.863	2.059	6
159	1.902	1.922	1.863	2.059	6
160	1.922	1.902	1.863	2.137	6
161	1.961	1.941	1.922	2.078	6
162	1.941	1.843	1.902	2.059	6
163	1.961	1.902	1.902	2.078	6
164	1.961	1.902	1.961	2.059	6
165	1.961	1.922	1.941	2.059	6
166	2.0	1.941	1.98	2.078	6
167	2.02	1.922	1.98	2.098	6
168	2.039	1.922	1.961	2.078	6
169	2.078	1.941	1.98	2.118	6
170	2.02	2.0	2.02	2.137	6
171	2.059	2.059	1.882	2.039	6
172	2.039	2.02	1.882	2.02	6
173	1.961	2.039	1.863	2.039	6
174	1.922	1.98	1.843	2.059	6
175	1.902	1.941	1.824	2.02	6
176	1.922	1.941	1.863	2.078	6
177	1.902	1.922	1.882	2.137	6
178	1.863	1.922	1.843	2.078	6
179	1.902	1.843	1.882	2.098	6
180	1.922	1.902	1.902	2.059	6
181	1.941	1.882	1.922	2.098	6
182	1.961	1.922	1.961	2.078	6
183	1.961	1.941	1.961	2.118	6
184	2.02	1.902	1.961	2.098	6
185	2.059	1.941	1.941	2.118	6
186	2.059	2.0	1.98	2.098	6
187	2.0	2.02	1.961	2.098	6
188	2.059	2.098	1.882	2.039	6
189	2.02	2.039	1.863	2.02	6
190	1.98	2.059	1.882	2.02	6
191	1.941	1.98	1.843	2.039	6
192	1.902	1.961	1.863	2.039	6
193	1.902	1.941	1.863	2.078	6
194	1.922	1.882	1.804	2.118	6
195	1.922	1.941	1.843	2.039	6
196	1.922	1.863	1.863	2.078	6
197	1.961	1.902	1.922	2.078	6
198	1.941	1.863	1.922	2.078	6
199	2.0	1.902	1.941	2.059	6
200	2.0	1.941	1.961	2.078	6
201	2.0	1.902	1.98	2.078	6
202	2.039	1.922	1.941	2.078	6
203	2.118	2.0	2.0	2.098	6
204	2.039	2.02	1.941	2.118	6
205	2.059	2.078	1.863	2.039	6
206	2.039	2.039	1.863	2.039	6
207	2.0	2.039	1.863	2.059	6
208	1.961	2.02	1.843	2.039	6
209	1.922	2.02	1.824	2.078	6
210	1.902	1.961	1.863	2.098	6
211	1.922	1.922	1.882	2.02	6
212	1.922	1.882	1.882	2.098	6
213	1.961	1.882	1.882	2.098	6
214	1.941	1.902	1.902	2.098	6
215	2.0	1.922	1.941	2.059	6
216	2.0	1.961	1.961	2.078	6
217	2.0	1.941	1.98	2.059	6
218	2.02	1.941	1.98	2.137	6
219	2.059	1.941	1.98	2.118	6
220	2.078	2.0	1.98	2.137	6
221	2.039	2.02	2.0	2.098	6
222	2.078	2.059	1.902	2.059	6
223	2.098	2.039	1.882	2.059	6
224	2.02	2.039	1.882	2.039	6
225	1.961	2.02	1.863	2.059	6
226	1.922	1.98	1.902	2.059	6
227	1.922	1.922	1.902	2.098	6
228	1.941	1.922	1.902	2.137	6
229	2.0	1.941	1.882	2.118	6
230	2.0	1.902	1.902	2.098	6
231	1.98	1.902	1.941	2.059	6
232	1.961	1.902	1.961	2.078	6
233	1.98	1.941	1.961	2.078	6
234	2.0	1.961	1.961	2.078	6
235	2.059	1.941	1.961	2.098	6
236	2.039	1.922	1.98	2.118	6
237	2.039	2.039	1.941	2.118	6
238	2.039	2.02	2.0	2.059	6
239	2.078	2.098	1.922	2.02	6
240	2.039	2.039	1.902	2.02	6
241	2.0	2.078	1.863	2.02	6
242	2.0	2.02	1.863	2.0	6
243	1.941	2.0	1.863	2.059	6
244	1.902	1.922	1.863	2.059	6
245	1.922	1.941	1.863	2.02	6
246	1.922	1.882	1.843	2.02	6
247	1.941	1.863	1.882	2.059	6
248	1.961	1.902	1.941	2.078	6
249	1.98	1.922	1.941	2.039	6
250	1.98	1.922	1.961	2.039	6
251	2.0	1.961	1.98	2.078	6
252	2.059	1.961	1.98	2.098	6
253	2.02	1.961	1.961	2.078	6
254	2.0	2.098	1.961	2.118	6
255	2.059	2.039	2.02	2.118	6
256	2.098	2.098	1.922	2.039	6
257	2.02	2.02	1.863	2.039	6
258	1.98	2.078	1.843	2.0	6
259	1.98	2.039	1.843	2.02	6
260	1.882	1.98	1.824	2.059	6
261	1.863	1.961	1.843	2.078	6
262	1.902	1.922	1.843	2.039	6
263	1.98	1.882	1.902	2.02	6
264	1.941	1.863	1.882	2.118	6
265	1.941	1.922	1.902	2.098	6
266	1.961	1.882	1.922	2.098	6
267	1.961	1.922	1.941	2.078	6
268	2.0	1.961	2.0	2.078	6
269	2.039	1.941	1.922	2.078	6
270	2.02	1.902	1.961	2.098	6
271	2.039	1.941	1.98	2.118	6
272	2.039	2.02	1.961	2.118	6
273	2.078	2.078	1.902	2.02	6
274	2.02	2.039	1.882	2.039	6
275	2.0	2.039	1.863	2.039	6
276	1.98	2.039	1.843	2.039	6
277	1.922	1.98	1.863	2.039	6
278	1.961	1.922	1.843	2.078	6
279	1.922	1.941	1.843	2.137	6
280	1.941	1.902	1.824	2.118	6
281	1.961	1.882	1.882	2.098	6
282	1.98	1.882	1.902	2.059	6
283	1.98	1.882	1.941	2.098	6
284	2.0	1.941	1.961	2.078	6
285	2.039	1.941	1.98	2.098	6
286	2.039	1.941	1.98	2.118	6
287	2.078	1.922	2.0	2.118	6
288	2.039	1.98	1.922	2.118	6
289	2.078	2.098	1.961	2.098	6
290	2.078	2.118	1.922	2.02	6
291	2.039	2.059	1.882	2.039	6
292	2.0	2.059	1.882	2.039	6
293	1.98	2.02	1.863	2.059	6
294	1.922	1.961	1.843	2.078	6
295	1.922	1.941	1.863	2.078	6
296	1.922	1.922	1.863	2.157	6
297	1.941	1.824	1.843	2.098	6
298	1.941	1.882	1.882	2.118	6
299	1.98	1.902	1.922	2.098	6
300	1.961	1.902	1.922	2.059	6
301	1.98	1.902	1.941	2.059	6
302	2.0	1.961	1.961	2.059	6
303	2.02	1.922	1.98	2.118	6
304	2.02	1.922	1.961	2.118	6
305	2.098	1.941	1.98	2.118	6
306	2.118	1.961	1.941	2.098	6
307	2.078	2.078	1.922	2.039	6
308	2.059	2.0	1.882	2.059	6
309	1.98	2.02	1.863	2.039	6
310	1.961	2.0	1.843	2.039	6
311	1.902	1.98	1.824	2.059	6
312	1.922	1.941	1.863	2.078	6
313	1.902	1.902	1.882	2.118	6
314	1.941	1.863	1.882	2.059	6
315	1.961	1.824	1.863	2.098	6
316	1.961	1.882	1.922	2.078	6
317	1.941	1.863	1.941	2.078	6
318	1.961	1.902	1.941	2.059	6
319	2.02	1.941	1.98	2.098	6
320	2.02	1.941	1.961	2.118	6
321	2.039	1.941	1.98	2.118	6
322	2.02	2.039	1.961	2.137	6
323	2.059	2.078	2.0	2.118	6
324	2.059	2.098	1.922	2.039	6
325	2.039	2.059	1.882	2.039	6
326	2.02	2.078	1.882	2.02	6
327	1.941	2.039	1.863	2.039	6
328	1.922	2.0	1.882	2.078	6
329	1.902	1.961	1.863	2.098	6
330	1.902	1.941	1.843	2.137	6
331	1.902	1.922	1.922	2.078	6
332	1.922	1.922	1.902	2.078	6
333	1.941	1.882	1.902	2.059	6
334	1.941	1.902	1.922	2.059	6
335	2.0	1.941	1.961	2.078	6
336	2.02	1.941	1.961	2.098	6
337	2.0	1.922	2.0	2.118	6
338	2.039	1.941	1.941	2.098	6
339	2.078	1.941	2.059	2.098	6
340	2.078	2.059	1.98	2.118	6
341	2.059	2.118	1.941	2.039	6
342	2.039	2.039	1.882	2.059	6
343	1.98	2.059	1.882	2.039	6
344	1.961	2.02	1.863	2.039	6
345	1.941	2.0	1.863	2.039	6
346	1.941	1.961	1.882	2.059	6
347	1.922	1.941	1.863	2.059	6
348	2.0	1.902	1.902	2.118	6
349	1.902	1.843	1.902	2.098	6
350	1.961	1.882	1.922	2.078	6
351	1.98	1.922	1.961	2.078	6
352	1.961	1.941	1.98	2.078	6
353	2.0	1.941	1.98	2.098	6
354	2.02	1.922	1.98	2.118	6
355	2.039	1.941	2.0	2.118	6
356	2.078	1.922	2.078	2.059	6
357	2.098	1.98	1.922	2.078	6
358	2.059	2.098	1.941	2.0	6
359	2.039	2.039	1.863	2.0	6
360	1.98	2.039	1.882	2.039	6
361	1.98	2.039	1.863	2.039	6
362	1.922	2.039	1.882	2.059	6
363	1.922	1.98	1.863	2.098	6
364	1.922	1.961	1.882	2.078	6
365	2.0	1.863	1.882	2.118	6
366	1.98	1.922	1.902	2.098	6
367	1.961	1.882	1.902	2.078	6
368	1.961	1.902	1.922	2.078	6
369	1.98	1.922	1.961	2.059	6
370	2.0	1.941	1.961	2.098	6
371	2.0	1.902	2.0	2.118	6
372	2.059	1.961	1.98	2.118	6
373	2.0	2.078	1.941	2.118	6
374	2.039	2.059	2.039	2.118	6
375	2.059	2.078	1.941	2.02	6
376	2.039	2.039	1.922	2.059	6
377	2.0	2.059	1.882	2.02	6
378	1.961	2.02	1.863	2.039	6
379	1.922	2.0	1.882	2.098	6
380	1.902	1.941	1.843	2.078	6
381	1.882	1.922	1.863	2.157	6
382	1.882	1.98	1.902	2.118	6
383	1.922	1.922	1.902	2.078	6
384	1.941	1.843	1.922	2.098	6
385	1.961	1.902	1.902	2.078	6
386	1.941	1.902	1.961	2.059	6
387	1.98	1.961	1.941	2.078	6
388	2.02	1.961	2.02	2.118	6
389	2.039	1.941	1.961	2.059	6
390	1.98	2.078	1.882	2.157	6
391	2.059	2.039	1.961	2.078	6
392	2.078	2.118	1.941	2.02	6
393	2.039	2.059	1.863	2.02	6
394	1.98	2.078	1.882	2.059	6
395	1.941	2.039	1.863	2.039	6
396	1.902	1.961	1.843	2.078	6
397	1.902	1.941	1.863	2.039	6
398	1.922	1.941	1.863	2.039	6
399	1.902	1.824	1.882	2.078	6
400	1.922	1.863	1.863	2.078	6
401	1.941	1.882	1.941	2.098	6
402	1.941	1.902	1.922	2.078	6
403	1.98	1.922	1.941	2.039	6
404	1.98	1.961	1.961	2.039	6
405	2.0	1.922	1.98	2.098	6
406	2.039	1.922	1.961	2.098	6
407	2.059	2.02	1.961	2.059	6
408	2.059	2.02	1.922	2.118	6
409	2.059	2.118	1.941	2.02	6
410	2.059	2.039	1.863	2.039	6
411	2.02	2.078	1.882	2.039	6
412	1.98	2.02	1.882	2.02	6
413	1.941	2.02	1.863	2.059	6
414	1.902	1.961	1.863	2.059	6
415	1.922	1.961	1.863	2.137	6
416	1.843	1.922	1.882	2.118	6
417	1.98	1.941	1.902	2.078	6
418	1.961	1.882	1.902	2.059	6
419	1.98	1.902	1.941	2.078	6
420	2.02	1.941	1.98	2.078	6
421	2.02	1.961	2.0	2.098	6
422	2.039	1.922	1.961	2.118	6
423	2.059	1.98	2.0	2.118	6
424	2.078	2.039	2.02	2.059	6
425	2.078	2.118	2.0	2.118	6
426	2.118	2.078	1.922	2.059	6
427	2.059	2.039	1.902	2.059	6
428	2.039	2.039	1.882	2.039	6
429	1.98	2.039	1.882	2.039	6
430	1.961	2.0	1.863	2.059	6
431	1.902	1.961	1.863	2.078	6
432	1.922	1.941	1.882	2.078	6
433	2.0	1.902	1.843	2.098	6
434	1.941	1.902	1.863	2.059	6
435	1.941	1.902	1.902	2.059	6
436	1.961	1.882	1.902	2.059	6
437	2.0	1.941	1.961	2.059	6
438	2.0	1.941	1.922	2.098	6
439	2.02	1.941	1.961	2.078	6
440	2.039	1.922	1.961	2.118	6
441	2.039	1.922	2.02	2.078	6
442	2.059	1.961	1.902	2.078	6
443	2.059	2.078	1.882	2.039	6
444	2.059	2.039	1.843	2.02	6
445	1.98	2.059	1.863	2.039	6
446	1.98	2.0	1.863	2.039	6
447	1.922	1.961	1.824	2.078	6
448	1.941	1.941	1.824	2.059	6
449	1.922	1.941	1.843	2.098	6
450	1.922	1.902	1.882	2.137	6
451	1.902	1.843	1.882	2.078	6
452	1.941	1.843	1.902	2.059	6
453	1.941	1.902	1.922	2.078	6
454	1.98	1.902	1.961	2.059	6
455	2.0	1.941	1.98	2.098	6
456	2.02	1.922	1.941	2.118	6
457	2.039	1.902	1.98	2.098	6
458	2.059	1.961	2.02	2.098	6
459	2.059	2.078	1.961	2.118	6
460	2.059	2.078	1.961	2.078	6
461	2.059	2.0	1.902	2.039	6
462	2.02	2.02	1.902	2.039	6
463	1.98	2.02	1.902	2.039	6
464	1.941	2.02	1.882	2.059	6
465	1.922	1.98	1.902	2.078	6
466	1.882	1.902	1.863	2.039	6
467	1.98	1.804	1.922	2.098	6
468	1.941	1.922	1.902	2.118	6
469	1.961	1.824	1.961	2.098	6
470	1.961	1.843	1.961	2.098	6
471	2.0	1.882	1.961	2.059	6
472	2.02	1.922	1.98	2.078	6
473	2.02	1.922	2.0	2.118	6
474	2.039	1.882	1.98	2.098	6
475	2.059	1.922	2.059	2.137	6
476	2.059	2.039	2.02	2.098	6
477	2.078	2.078	1.941	2.059	6
478	2.059	2.02	1.882	2.039	6
479	2.02	2.039	1.882	2.039	6
480	1.961	2.02	1.843	2.039	6
481	1.922	2.0	1.882	2.059	6
482	1.941	1.941	1.882	2.078	6
483	1.902	1.941	1.882	2.059	6
484	1.902	1.922	1.882	2.137	6
485	1.922	1.882	1.863	2.098	6
486	1.941	1.843	1.902	2.098	6
487	1.961	1.922	1.941	2.098	6
488	1.961	1.922	1.922	2.078	6
489	2.0	1.98	1.961	2.078	6
490	2.02	1.941	1.961	2.118	6
491	2.039	1.961	1.961	2.118	6
492	2.039	2.039	1.922	2.216	6
493	2.078	2.078	1.941	2.098	6
494	2.078	2.098	1.941	2.02	6
495	2.059	2.078	1.882	2.02	6
496	2.0	2.059	1.863	2.02	6
497	1.961	2.059	1.843	2.02	6
498	1.922	2.0	1.863	2.059	6
499	1.922	1.941	1.863	2.059	6
500	1.902	1.941	1.863	2.137	6
501	1.902	2.039	1.804	2.059	6
502	1.922	1.922	1.902	2.137	6
503	1.961	1.902	1.922	2.098	6
504	2.0	1.863	1.902	2.078	6
505	1.98	1.922	1.961	2.059	6
506	2.0	1.941	1.98	2.078	6
507	2.02	1.902	1.961	2.118	6
508	2.039	1.922	1.941	2.118	6
509	2.078	1.941	1.98	2.078	6
510	2.02	2.0	1.98	2.118	6
511	2.059	2.078	1.922	2.02	6
512	2.039	2.02	1.863	2.039	6
513	2.02	2.078	1.863	2.02	6
514	1.961	2.039	1.863	2.02	6
515	1.922	1.98	1.863	2.059	6
516	1.902	1.941	1.843	2.078	6
517	1.902	1.941	1.843	2.098	6
518	1.863	1.902	1.863	2.059	6
519	1.902	1.961	1.902	2.078	6
520	1.961	1.882	1.902	2.059	6
521	1.922	1.902	1.902	2.078	6
522	1.961	1.902	1.941	2.059	6
523	2.0	1.961	1.961	2.078	6
524	2.02	1.922	1.941	2.118	6
525	2.02	1.941	1.961	2.078	6
526	2.02	2.039	1.882	2.098	6
527	2.059	2.02	1.922	2.078	6
528	2.039	2.137	1.941	2.039	6
529	2.02	2.039	1.902	2.039	6
530	2.0	2.059	1.843	2.039	6
531	1.961	2.02	1.843	2.02	6
532	1.941	2.0	1.843	2.02	6
533	1.902	1.961	1.824	2.078	6
534	1.882	1.941	1.863	2.059	6
535	1.863	2.02	1.882	2.098	6
536	1.922	1.843	1.882	2.059	6
537	1.922	1.843	1.922	2.098	6
538	1.98	1.961	1.941	2.059	6
539	1.961	1.882	1.941	2.059	6
540	1.98	1.941	1.961	2.078	6
541	2.02	1.902	1.98	2.118	6
542	2.0	1.941	1.961	2.118	6
543	2.02	1.961	1.941	2.196	6
544	1.98	1.98	1.961	2.118	6
545	2.078	2.059	1.941	2.039	6
546	2.078	2.039	1.882	2.02	6
547	2.0	2.059	1.863	2.0	6
548	1.961	2.02	1.882	2.0	6
549	1.922	1.961	1.843	2.02	6
550	1.922	1.922	1.863	2.039	6
551	1.902	1.961	1.863	2.059	6
552	1.863	2.039	1.882	2.059	6
553	1.902	1.922	1.882	2.118	6
554	1.941	1.902	1.941	2.059	6
555	1.961	1.922	1.941	2.098	6
556	1.98	1.941	1.961	2.039	6
557	2.02	1.98	1.98	2.039	6
558	2.0	1.902	1.98	2.098	6
559	2.039	1.922	2.0	2.118	6
560	2.059	1.98	1.941	2.098	6
561	2.078	1.98	1.941	2.137	6
562	2.098	2.118	1.98	2.059	6
563	2.059	2.039	1.902	2.02	6
564	2.02	2.059	1.882	2.059	6
565	1.98	2.059	1.863	2.059	6
566	1.98	2.0	1.843	2.059	6
567	1.961	1.961	1.863	2.078	6
568	1.941	1.961	1.863	2.098	6
569	1.882	1.961	1.863	2.098	6
570	1.961	1.941	1.902	2.078	6
571	1.941	1.863	1.882	2.039	6
572	1.961	1.922	1.941	2.098	6
573	2.0	1.922	1.941	2.098	6
574	2.0	1.961	1.961	2.098	6
575	2.059	1.941	1.98	2.098	6
576	2.039	1.961	1.961	2.098	6
577	2.039	1.941	1.98	2.098	6
578	2.078	2.02	2.0	2.078	6
579	2.039	2.059	1.922	2.039	6
580	2.059	2.059	1.882	2.02	6
581	2.02	2.059	1.863	2.039	6
582	1.961	2.02	1.863	2.059	6
583	1.961	1.98	1.843	2.059	6
584	1.922	1.922	1.882	2.059	6
585	1.961	1.961	1.863	2.059	6
586	1.961	1.922	1.863	2.078	6
587	1.961	1.902	1.902	2.059	6
588	1.941	1.843	1.902	2.078	6
589	1.961	1.863	1.922	2.078	6
590	1.98	1.902	1.941	2.078	6
591	2.02	1.941	1.98	2.078	6
592	2.039	1.941	1.98	2.098	6
593	2.039	1.941	2.0	2.078	6
594	2.039	2.02	1.922	2.098	6
595	2.059	1.98	1.922	2.118	6
596	2.059	2.078	1.961	2.059	6
597	2.059	2.02	1.863	2.02	6
598	2.0	2.039	1.863	2.02	6
599	1.961	2.02	1.863	2.059	6
600	1.941	2.0	1.824	2.059	6
601	1.941	1.961	1.824	2.078	6
602	1.882	1.961	1.843	2.059	6
603	1.882	2.02	1.863	2.078	6
604	1.922	1.824	1.824	2.078	6
605	1.961	1.824	1.902	2.118	6
606	1.98	1.922	1.902	2.078	6
607	1.98	1.922	1.922	2.059	6
608	2.0	1.98	1.941	2.098	6
609	2.02	1.941	1.961	2.098	6
610	2.059	1.922	1.922	2.098	6
611	2.039	1.961	1.922	2.176	6
612	2.059	2.039	1.98	2.098	6
613	2.078	2.02	1.941	2.059	6
614	2.059	2.02	1.843	2.02	6
615	2.0	2.02	1.824	2.02	6
616	1.98	2.02	1.824	2.059	6
617	1.922	1.961	1.843	2.078	6
618	1.941	1.922	1.882	2.078	6
619	1.922	1.902	1.843	2.098	6
620	1.98	1.902	1.863	2.059	6
621	1.902	1.961	1.882	2.078	6
622	1.941	1.804	1.902	2.078	6
623	1.922	1.863	1.882	2.078	6
624	1.98	1.882	1.922	2.078	6
625	2.0	1.941	1.961	2.078	6
626	2.0	1.902	1.961	2.059	6
627	2.039	1.902	1.941	2.118	6
628	2.059	1.961	1.961	2.059	6
629	2.098	1.98	1.961	2.098	6
630	2.059	2.098	1.941	2.039	6
631	2.039	2.02	1.882	2.039	6
632	1.98	2.039	1.843	2.039	6
633	1.961	2.0	1.843	2.02	6
634	1.922	1.98	1.843	2.059	6
635	1.922	1.922	1.882	2.078	6
636	1.882	1.941	1.843	2.078	6
637	1.961	1.824	1.843	2.078	6
638	1.941	1.863	1.863	2.078	6
639	1.922	1.824	1.902	2.078	6
640	1.941	1.882	1.941	2.059	6
641	1.961	1.863	1.941	2.078	6
642	2.0	1.902	1.98	2.078	6
643	2.02	1.941	2.0	2.137	6
644	2.098	1.882	1.98	2.118	6
645	2.039	1.941	1.98	2.157	6
646	2.039	1.98	1.98	2.059	6
647	2.118	2.059	1.961	2.078	6
648	2.078	2.039	1.902	2.039	6
649	2.02	2.059	1.882	2.039	6
650	1.98	2.059	1.863	2.059	6
651	1.961	2.0	1.863	2.02	6
652	1.922	1.941	1.843	2.059	6
653	1.902	1.961	1.863	2.059	6
654	1.941	1.843	1.804	2.137	6
655	1.902	1.941	1.882	2.098	6
656	1.922	1.843	1.902	2.078	6
657	1.941	1.902	1.941	2.059	6
658	1.941	1.902	1.961	2.059	6
659	2.0	1.98	1.961	2.078	6
660	2.0	1.941	1.98	2.078	6
661	2.039	1.922	1.961	2.078	6
662	2.02	1.98	1.941	2.039	6
663	2.137	2.0	1.98	2.118	6
664	2.098	2.059	1.961	2.059	6
665	2.059	2.02	1.902	2.02	6
666	2.0	2.059	1.882	2.02	6
667	1.941	2.039	1.882	2.039	6
668	1.902	1.98	1.882	2.059	6
669	1.882	1.941	1.882	2.059	6
670	1.902	1.961	1.882	2.098	6
671	1.922	1.882	1.863	2.02	6
672	1.902	1.922	1.922	2.078	6
673	1.882	1.863	1.882	2.098	6
674	1.941	1.941	1.941	2.059	6
675	1.961	1.922	1.98	2.059	6
676	1.961	1.961	1.98	2.039	6
677	2.0	1.941	1.98	2.078	6
678	2.0	1.961	1.941	2.118	6
679	2.039	1.98	2.02	2.059	6
680	2.118	2.02	1.98	2.078	6
681	2.0	2.02	1.961	2.059	6
682	2.059	2.098	1.902	2.039	6
683	2.0	2.059	1.882	2.02	6
684	1.961	2.059	1.882	2.02	6
685	1.922	2.02	1.882	2.039	6
686	1.922	1.98	1.882	2.078	6
687	1.863	1.961	1.863	2.078	6
688	1.922	1.961	1.824	2.118	6
689	1.922	1.98	1.922	2.098	6
690	1.922	1.882	1.902	2.078	6
691	1.922	1.922	1.922	2.039	6
692	1.941	1.902	1.941	2.078	6
693	1.98	1.941	1.961	2.059	6
694	2.0	1.922	2.0	2.098	6
695	2.039	1.941	1.98	2.098	6
696	2.039	1.98	1.941	2.157	6
697	2.02	2.078	1.922	2.098	6
698	2.118	2.137	2.0	2.059	6
699	2.02	2.039	1.882	2.039	6
700	2.02	2.039	1.882	2.02	6
701	1.98	2.039	1.863	2.039	6
702	1.941	1.98	1.863	2.039	6
703	1.922	1.922	1.843	2.059	6
704	1.882	1.941	1.843	2.059	6
705	1.882	1.961	1.784	2.098	6
706	1.922	1.882	1.863	2.118	6
707	1.98	1.824	1.902	2.078	6
708	1.961	1.882	1.922	2.059	6
709	1.941	1.902	1.941	2.059	6
710	1.98	1.902	1.941	2.078	6
711	2.0	1.902	1.941	2.078	6
712	2.02	1.922	1.922	2.098	6
713	2.02	1.941	1.961	2.02	6
714	1.98	1.98	2.0	2.098	6
715	2.059	2.039	1.98	2.078	6
716	2.059	1.98	1.843	2.0	6
717	2.039	2.039	1.882	2.02	6
718	1.98	2.02	1.863	2.0	6
719	1.941	1.98	1.843	2.02	6
720	1.902	1.98	1.843	2.039	6
721	1.941	1.902	1.863	2.059	6
722	1.941	1.824	1.863	2.039	6
723	1.961	1.882	1.902	2.118	6
724	1.941	1.784	1.882	2.078	6
725	1.98	1.902	1.922	2.059	6
726	1.98	1.882	1.941	2.059	6
727	2.0	1.941	1.961	2.059	6
728	2.0	1.922	1.98	2.078	6
729	2.059	1.922	1.961	2.098	6
730	2.078	1.961	2.0	2.157	6
731	2.039	2.039	1.98	2.137	6
732	2.078	2.02	1.941	2.059	6
733	2.078	2.039	1.882	2.039	6
734	2.039	2.02	1.863	2.0	6
735	2.0	2.02	1.863	2.02	6
736	1.941	1.98	1.863	2.039	6
737	1.902	1.922	1.863	2.059	6
738	1.922	1.941	1.843	2.078	6
739	1.902	1.98	1.863	2.078	6
740	1.922	1.98	1.882	2.078	6
741	1.941	1.843	1.902	2.078	6
742	1.961	1.882	1.902	2.078	6
743	2.0	1.882	1.961	2.078	6
744	2.02	1.961	1.941	2.059	6
745	2.0	1.961	1.98	2.059	6
746	2.02	1.941	1.98	2.078	6
747	2.059	1.961	1.98	2.118	6
748	2.0	1.98	1.961	2.098	6
749	2.039	2.039	1.961	2.059	6
750	2.059	2.059	1.902	2.059	6
751	2.039	2.039	1.902	2.02	6
752	2.0	2.039	1.863	2.059	6
753	1.961	2.0	1.843	2.078	6
754	1.922	1.961	1.863	2.059	6
755	1.922	1.922	1.843	2.098	6
756	1.922	1.863	1.941	2.02	6
757	1.961	1.922	1.902	2.059	6
758	1.961	1.843	1.902	2.118	6
759	1.98	1.922	1.922	2.059	6
760	1.98	1.902	1.961	2.078	6
761	2.0	1.941	1.941	2.078	6
762	2.0	1.941	1.961	2.078	6
763	2.039	1.961	1.961	2.098	6
764	2.039	2.0	1.98	2.059	6
765	2.02	2.0	2.0	2.098	6
766	2.098	2.098	1.98	2.118	6
767	2.098	2.059	1.863	2.039	6
768	2.039	2.098	1.863	2.039	6
769	1.98	2.078	1.863	2.039	6
770	1.961	2.0	1.843	2.059	6
771	1.922	1.961	1.843	2.039	6
772	1.922	1.922	1.843	2.098	6
773	1.922	1.902	1.922	2.078	6
774	1.98	1.922	1.863	2.118	6
775	1.961	1.863	1.882	2.098	6
776	1.961	1.941	1.922	2.059	6
777	1.98	1.902	1.941	2.078	6
778	1.98	1.941	1.941	2.059	6
779	2.0	1.922	1.941	2.078	6
780	2.0	1.922	1.961	2.118	6
781	2.059	1.922	1.941	2.078	6
782	1.98	2.098	1.961	2.059	6
783	2.02	2.0	1.98	2.059	6
784	2.059	2.059	1.882	2.039	6
785	2.02	2.02	1.863	2.0	6
786	1.98	2.039	1.863	2.02	6
787	1.922	2.0	1.843	2.059	6
788	1.922	1.922	1.843	2.098	6
789	1.902	1.941	1.863	2.078	6
790	1.941	1.863	1.922	2.039	6
791	1.941	1.902	1.922	2.059	6
792	1.961	1.843	1.882	2.078	6
793	1.941	1.882	1.922	2.078	6
794	1.941	1.902	1.922	2.078	6
795	2.0	1.941	1.961	2.059	6
796	1.98	1.941	2.02	2.098	6
797	2.02	1.922	1.98	2.098	6
798	2.039	1.941	1.961	2.078	6
799	2.059	2.02	2.02	2.118	6
800	2.059	1.98	1.98	2.078	6
801	2.078	2.059	1.902	2.02	6
802	2.02	2.02	1.882	2.059	6
803	1.98	2.02	1.882	2.039	6
804	1.961	2.039	1.882	2.059	6
805	1.922	2.0	1.843	2.059	6
806	1.941	1.941	1.863	2.059	6
807	1.902	1.922	1.902	2.059	6
808	1.961	1.922	1.863	2.059	6
809	1.922	1.824	1.902	2.098	6
810	1.941	1.922	1.941	2.078	6
811	1.961	1.882	1.941	2.098	6
812	2.0	1.961	1.961	2.078	6
813	2.0	1.941	1.961	2.078	6
814	2.039	1.941	1.961	2.118	6
815	2.02	1.98	1.98	2.078	6
816	2.059	2.0	1.941	2.157	6
817	2.039	2.059	1.98	2.098	6
818	2.059	2.078	1.863	2.02	6
819	2.0	2.078	1.863	2.02	6
820	1.98	2.059	1.882	2.02	6
821	1.961	2.02	1.824	2.059	6
822	1.882	1.98	1.824	2.059	6
823	1.902	1.941	1.863	2.098	6
824	1.941	1.922	1.863	2.118	6
825	1.902	1.961	1.902	2.118	6
826	1.922	1.882	1.863	2.078	6
827	1.941	1.941	1.902	2.078	6
828	1.922	1.922	1.922	2.059	6
829	1.941	1.922	1.961	2.059	6
830	1.961	1.922	1.961	2.118	6
831	2.0	1.902	1.941	2.118	6
832	2.039	1.941	1.98	2.098	6
833	2.0	2.137	1.961	2.059	6
834	2.098	2.118	1.98	2.078	6
835	2.02	2.039	1.882	2.02	6
836	2.02	2.039	1.902	2.039	6
837	1.98	2.039	1.863	2.02	6
838	1.941	2.0	1.863	2.059	6
839	1.922	1.961	1.863	2.059	6
840	1.882	1.941	1.843	2.078	6
841	1.922	1.882	1.922	2.039	6
842	1.98	1.863	1.863	2.098	6
843	1.941	1.863	1.902	2.078	6
844	1.941	1.902	1.922	2.078	6
845	1.961	1.882	1.961	2.078	6
846	2.0	1.941	1.941	2.059	6
847	1.98	1.941	1.961	2.059	6
848	2.02	1.902	1.961	2.118	6
849	2.039	1.941	1.961	2.137	6
850	2.098	1.882	1.98	2.098	6
851	2.098	2.0	1.961	2.098	6
852	2.059	2.118	1.902	2.039	6
853	2.02	2.039	1.863	2.02	6
854	2.0	2.059	1.882	2.02	6
855	1.961	2.0	1.824	2.039	6
856	1.902	1.961	1.843	2.059	6
857	1.902	1.961	1.863	2.078	6
858	1.902	1.941	1.863	2.157	6
859	1.882	1.902	1.882	2.059	6
860	1.961	1.882	1.863	2.059	6
861	1.941	1.922	1.922	2.059	6
862	1.941	1.922	1.941	2.059	6
863	1.98	1.961	1.98	2.039	6
864	2.02	1.961	1.961	2.039	6
865	2.02	1.961	1.941	2.098	6
866	2.02	1.941	1.98	2.118	6
867	2.078	2.02	1.922	2.118	6
868	2.098	2.078	1.961	2.078	6
869	2.098	2.137	1.882	2.039	6
870	2.039	2.098	1.882	2.039	6
871	1.98	2.078	1.863	2.039	6
872	1.941	2.02	1.863	2.039	6
873	1.922	1.98	1.843	2.059	6
874	1.922	1.961	1.863	2.078	6
875	1.902	1.922	1.922	2.0	6
876	1.961	1.922	1.882	2.098	6
877	1.98	1.882	1.902	2.098	6
878	1.98	1.902	1.941	2.098	6
879	1.961	1.902	1.941	2.078	6
880	1.98	1.922	1.98	2.078	6
881	1.98	1.941	1.98	2.118	6
882	2.02	1.882	1.98	2.098	6
883	2.078	1.961	1.98	2.098	6
884	2.098	1.941	2.0	2.078	6
885	2.118	1.98	2.0	2.098	6
886	2.078	2.118	1.922	2.039	6
887	2.039	2.059	1.902	2.02	6
888	2.0	2.059	1.882	2.02	6
889	1.961	2.039	1.902	2.039	6
890	1.941	1.98	1.863	2.059	6
891	1.922	1.941	1.843	2.059	6
892	1.941	1.941	1.922	2.137	6
893	1.941	1.961	1.882	2.078	6
894	1.922	1.863	1.902	2.078	6
895	1.961	1.922	1.941	2.078	6
896	1.98	1.882	1.98	2.059	6
897	2.0	1.922	1.98	2.078	6
898	2.02	1.961	1.961	2.059	6
899	2.039	1.941	1.961	2.098	6
900	2.039	1.961	1.961	2.137	6
901	2.02	2.078	1.922	2.137	6
902	2.078	2.078	1.98	2.098	6
903	2.078	2.098	1.922	2.02	6
904	2.059	2.02	1.882	2.039	6
905	2.02	2.059	1.882	2.02	6
906	1.961	2.0	1.863	2.059	6
907	1.941	1.98	1.882	2.039	6
908	1.941	1.941	1.902	2.098	6
909	1.941	1.922	1.863	2.157	6
910	1.941	1.961	1.922	2.059	6
911	1.922	1.863	1.902	2.078	6
912	1.98	1.902	1.941	2.059	6
913	1.961	1.882	1.941	2.078	6
914	2.0	1.922	1.941	2.059	6
915	2.039	1.941	1.941	2.118	6
916	2.02	1.902	1.98	2.098	6
917	2.059	1.902	1.98	2.098	6
918	2.098	1.98	2.0	2.137	6
919	2.098	1.98	1.961	2.078	6
920	2.098	2.059	1.863	2.02	6
921	2.059	2.02	1.882	2.039	6
922	1.98	2.02	1.863	2.039	6
923	1.98	1.98	1.824	2.039	6
924	1.941	1.941	1.843	2.039	6
925	1.922	1.922	1.863	2.078	6
926	1.902	1.922	1.843	2.059	6
927	1.941	1.863	1.804	2.118	6
928	2.0	1.824	1.843	2.098	6
929	1.961	1.863	1.863	2.059	6
930	1.961	1.843	1.922	2.059	6
931	1.98	1.902	1.941	2.059	6
932	2.0	1.902	1.922	2.098	6
933	2.039	1.882	2.0	2.098	6
934	2.059	1.922	1.941	2.118	6
935	2.118	1.863	2.02	2.118	6
936	2.078	2.0	1.98	2.137	6
937	2.078	2.059	1.882	2.039	6
938	2.059	2.02	1.863	2.039	6
939	2.0	2.059	1.824	2.02	6
940	1.961	1.98	1.843	2.039	6
941	1.902	1.941	1.824	2.098	6
942	1.941	1.922	1.824	2.059	6
943	1.941	1.922	1.882	2.0	6
944	1.922	1.98	1.882	2.02	6
945	1.941	1.824	1.882	2.098	6
946	1.941	1.902	1.902	2.078	6
947	1.98	1.882	1.941	2.059	6
948	1.98	1.922	1.961	2.059	6
949	2.0	1.941	1.98	2.078	6
950	2.02	1.961	1.961	2.118	6
951	2.059	1.941	1.941	2.078	6
952	2.078	2.078	1.941	2.137	6
953	2.098	1.98	2.0	2.098	6
954	2.039	2.078	1.902	2.039	6
955	2.02	2.02	1.843	2.02	6
956	1.98	2.078	1.863	2.02	6
957	1.961	2.02	1.843	2.02	6
958	1.922	1.98	1.843	2.039	6
959	1.902	1.961	1.804	2.059	6
960	1.902	1.941	1.882	2.157	6
961	1.863	1.961	1.863	2.078	6
962	1.941	1.902	1.882	2.078	6
963	1.961	1.922	1.922	2.059	6
964	1.961	1.941	1.941	2.078	6
965	1.941	1.941	1.961	2.078	6
966	2.0	1.98	1.961	2.118	6
967	2.0	1.941	2.0	2.059	6
968	2.039	1.961	1.98	2.118	6
969	2.059	1.922	1.98	2.078	6
970	2.059	2.02	2.0	2.078	6
971	2.059	2.098	1.902	2.039	6
972	2.078	2.039	1.922	2.02	6
973	1.98	2.039	1.882	2.039	6
974	1.941	2.02	1.863	2.039	6
975	1.902	2.0	1.882	2.059	6
976	1.902	2.0	1.882	2.078	6
977	1.902	1.922	1.902	2.118	6
978	1.902	1.922	1.824	2.118	6
979	1.941	1.922	1.882	2.078	6
980	1.961	1.902	1.902	2.059	6
981	1.922	1.902	1.922	2.078	6
982	1.961	1.941	1.961	2.078	6
983	1.961	1.961	1.922	2.098	6
984	2.0	1.922	1.961	2.098	6
985	2.02	1.98	1.961	2.098	6
986	2.059	2.0	2.0	2.078	6
987	2.078	1.98	1.98	2.118	6
988	2.039	2.078	1.863	2.02	6
989	2.039	2.039	1.863	2.039	6
990	1.98	2.059	1.882	2.059	6
991	1.902	2.02	1.824	2.059	6
992	1.882	1.961	1.804	2.059	6
993	1.843	1.922	1.843	2.059	6
994	1.882	1.922	1.863	2.0	6
995	1.922	1.922	1.902	2.059	6
996	1.902	1.863	1.843	2.078	6
997	1.902	1.882	1.882	2.078	6
998	1.961	1.863	1.922	2.059	6
999	1.961	1.922	1.961	2.059	6
1000	1.961	1.922	1.98	2.078	6
1001	1.98	1.882	1.98	2.118	6
1002	2.0	1.941	2.0	2.118	6
1003	2.059	1.98	2.039	2.078	6
1004	2.039	2.0	1.941	2.118	6
1005	2.059	2.059	1.922	2.039	6
1006	2.039	2.0	1.902	2.02	6
1007	2.0	2.039	1.882	2.02	6
1008	1.941	2.02	1.882	2.02	6
1009	1.902	2.0	1.902	2.02	6
1010	1.902	1.941	1.882	2.098	6
1011	1.902	1.922	1.863	2.039	6
1012	1.941	2.0	1.922	2.039	6
1013	1.961	1.922	1.922	2.098	6
1014	1.941	1.863	1.922	2.078	6
1015	1.941	1.882	1.922	2.078	6
1016	1.98	1.922	1.961	2.059	6
1017	1.98	1.941	1.961	2.059	6
1018	1.98	1.902	1.98	2.118	6
1019	2.039	1.961	1.98	2.118	6
1020	2.0	2.059	1.98	2.137	6
1021	2.039	1.98	1.98	2.118	6
1022	2.059	2.098	1.922	2.059	6
1023	2.039	2.039	1.902	2.02	6
1024	2.02	2.039	1.863	2.039	6
1025	1.961	2.0	1.863	2.02	6
1026	1.922	2.0	1.882	2.039	6
1027	1.882	1.941	1.863	2.039	6
1028	1.902	1.922	1.863	2.039	6
1029	1.882	1.961	1.902	2.098	6
1030	1.941	1.902	1.902	2.059	6
1031	1.961	1.882	1.922	2.059	6
1032	1.941	1.902	1.961	2.059	6
1033	1.961	1.941	1.961	2.078	6
1034	2.0	1.961	2.0	2.078	6
1035	2.039	1.902	1.98	2.098	6
1036	2.039	1.922	1.961	2.098	6
1037	2.078	1.922	2.02	2.059	6
1038	2.059	2.0	1.98	2.098	6
1039	2.059	2.118	1.922	2.039	6
1040	2.059	2.02	1.863	2.0	6
1041	1.98	2.059	1.882	2.02	6
1042	1.941	2.02	1.863	2.039	6
1043	1.922	1.961	1.863	2.098	6
1044	1.922	1.902	1.863	2.059	6
1045	1.941	1.941	1.902	2.02	6
1046	1.98	1.902	1.863	2.098	6
1047	1.941	1.922	1.902	2.078	6
1048	1.961	1.882	1.941	2.078	6
1049	1.98	1.882	1.941	2.098	6
1050	2.0	1.922	1.961	2.059	6
1051	2.0	1.941	1.961	2.078	6
1052	2.039	1.902	1.961	2.078	6
1053	2.039	1.902	1.961	2.078	6
1054	2.078	2.02	1.922	2.078	6
1055	2.059	1.98	2.0	2.098	6
1056	2.078	2.118	1.922	2.039	6
1057	2.039	2.039	1.863	2.039	6
1058	2.0	2.039	1.863	2.02	6
1059	1.961	2.02	1.843	2.059	6
1060	1.922	2.0	1.863	2.078	6
1061	1.902	1.98	1.843	2.078	6
1062	1.902	1.941	1.863	2.02	6
1063	1.98	1.961	1.882	2.039	6
1064	1.941	1.863	1.863	2.098	6
1065	1.98	1.922	1.922	2.078	6
1066	1.941	1.922	1.922	2.059	6
1067	1.98	1.922	1.941	2.059	6
1068	2.0	1.98	1.941	2.078	6
1069	2.02	1.922	1.98	2.078	6
1070	2.039	1.902	1.961	2.098	6
1071	2.059	2.02	1.98	2.118	6
1072	2.059	2.02	1.961	2.137	6
1073	2.078	2.118	1.863	2.039	6
1074	2.059	2.078	1.863	2.039	6
1075	2.0	2.098	1.843	2.039	6
1076	1.961	2.039	1.824	2.02	6
1077	1.941	2.059	1.863	2.02	6
1078	1.922	1.98	1.863	2.098	6
1079	1.922	1.961	1.843	2.118	6
1080	1.98	1.922	1.922	2.098	6
1081	2.0	1.922	1.882	2.118	6
1082	1.941	1.882	1.882	2.059	6
1083	1.941	1.922	1.941	2.078	6
1084	1.961	1.941	1.922	2.078	6
1085	1.98	1.98	1.961	2.078	6
1086	2.0	1.941	1.961	2.098	6
1087	2.02	1.941	1.98	2.118	6
1088	2.0	2.02	1.941	2.157	6
1089	2.059	2.059	1.98	2.137	6
1090	2.02	2.078	1.922	2.039	6
1091	2.039	2.039	1.863	2.039	6
1092	1.98	2.078	1.843	2.039	6
1093	1.941	2.0	1.843	2.059	6
1094	1.902	2.0	1.843	2.059	6
1095	1.902	1.98	1.843	2.098	6
1096	1.882	1.941	1.882	2.059	6
1097	1.98	1.902	1.902	2.059	6
1098	1.922	1.902	1.902	2.098	6
1099	1.922	1.843	1.902	2.078	6
1100	1.941	1.882	1.961	2.059	6
1101	1.941	1.902	1.98	2.078	6
1102	1.98	1.941	2.0	2.078	6
1103	2.02	1.922	1.961	2.137	6
1104	2.039	1.922	1.98	2.098	6
1105	2.059	1.961	1.961	2.118	6
1106	2.039	1.98	2.02	2.118	6
1107	2.039	2.059	1.941	2.039	6
1108	2.059	2.02	1.882	2.02	6
1109	2.0	2.098	1.882	2.039	6
1110	1.941	2.039	1.863	2.039	6
1111	1.922	1.961	1.843	2.059	6
1112	1.922	1.922	1.863	2.078	6
1113	1.922	1.961	1.863	2.078	6
1114	2.02	1.843	1.902	2.098	6
1115	2.0	1.902	1.882	2.098	6
1116	1.98	1.882	1.922	2.078	6
1117	1.961	1.882	1.922	2.059	6
1118	2.0	1.922	1.941	2.059	6
1119	2.0	1.961	1.941	2.078	6
1120	2.039	1.922	1.961	2.078	6
1121	2.059	1.941	1.961	2.118	6
1122	2.078	1.961	2.02	2.157	6
1123	2.078	2.039	1.961	2.118	6
1124	2.059	2.059	1.941	2.059	6
1125	2.059	2.078	1.882	2.059	6
1126	2.02	2.059	1.882	2.02	6
1127	1.98	2.02	1.882	2.02	6
1128	1.941	1.98	1.843	2.02	6
1129	1.902	1.961	1.863	2.078	6
1130	1.922	1.922	1.882	2.098	6
1131	1.863	1.98	1.843	2.059	6
1132	1.961	1.902	1.902	2.118	6
1133	1.961	1.804	1.922	2.039	6
1134	1.961	1.863	1.941	2.078	6
1135	1.98	1.882	1.941	2.078	6
1136	1.98	1.922	1.961	2.078	6
1137	2.039	1.882	1.941	2.098	6
1138	2.039	1.941	1.961	2.098	6
1139	2.059	1.902	1.922	2.176	6
1140	2.078	2.039	2.02	2.157	6
1141	2.078	2.039	1.922	2.02	6
1142	2.078	2.039	1.882	2.02	6
1143	2.02	2.059	1.882	2.039	6
1144	1.961	2.0	1.843	2.039	6
1145	1.922	2.0	1.863	2.039	6
1146	1.922	1.922	1.863	2.118	6
1147	1.941	1.941	1.843	2.118	6
1148	1.922	1.922	1.863	2.118	6
1149	2.0	1.863	1.902	2.118	6
1150	1.941	1.863	1.902	2.078	6
1151	1.98	1.882	1.902	2.039	6
1152	1.98	1.922	1.941	2.059	6
1153	2.0	1.961	1.941	2.098	6
1154	2.0	1.922	1.941	2.098	6
1155	2.059	1.941	1.941	2.098	6
1156	2.039	1.98	2.0	2.039	6
1157	2.059	2.039	1.98	2.098	6
1158	2.078	2.098	1.941	2.039	6
1159	2.039	2.02	1.843	2.02	6
1160	2.02	2.059	1.863	2.02	6
1161	1.941	2.059	1.843	2.039	6
1162	1.941	2.02	1.863	2.059	6
1163	1.941	1.941	1.882	2.078	6
1164	1.922	1.941	1.863	2.098	6
1165	1.882	2.0	1.804	2.078	6
1166	1.961	1.922	1.902	2.059	6
1167	1.922	1.843	1.922	2.078	6
1168	1.961	1.902	1.922	2.059	6
1169	2.0	1.922	1.961	2.059	6
1170	1.98	1.98	1.961	2.078	6
1171	2.02	1.922	1.98	2.098	6
1172	2.039	1.961	1.961	2.098	6
1173	2.059	1.941	2.02	2.0	6
1174	2.039	2.02	1.98	2.098	6
1175	2.039	2.078	1.922	2.039	6
1176	2.059	2.059	1.902	2.039	6
1177	2.02	2.078	1.863	2.039	6
1178	1.98	2.039	1.902	2.039	6
1179	1.961	2.02	1.882	2.039	6
1180	1.941	2.0	1.882	2.059	6
1181	1.902	1.98	1.843	2.059	6
1182	2.0	1.961	1.863	2.059	6
1183	1.941	1.961	1.882	2.059	6
1184	1.922	1.843	1.922	2.059	6
1185	1.961	1.902	1.941	2.078	6
1186	1.98	1.922	1.941	2.078	6
1187	1.98	1.961	1.98	2.078	6
1188	2.02	1.961	2.0	2.098	6
1189	2.02	1.961	1.98	2.098	6
1190	2.039	1.961	2.02	2.098	6
1191	2.02	2.059	2.02	2.078	6
1192	2.078	2.098	1.961	2.059	6
1193	2.039	2.078	1.863	2.02	6
1194	2.02	2.078	1.902	2.059	6
1195	1.961	2.078	1.863	2.078	6
1196	1.941	2.0	1.863	2.039	6
1197	1.941	1.941	1.863	2.098	6
1198	1.902	1.98	1.863	2.098	6
1199	1.863	1.882	1.882	2.098	6
1200	1.902	1.922	1.843	2.059	6
1201	1.941	1.882	1.902	2.078	6
1202	1.961	1.902	1.922	2.059	6
1203	1.961	1.882	1.98	2.078	6
1204	1.98	1.961	1.961	2.098	6
1205	2.02	1.961	1.98	2.078	6
1206	2.039	1.961	1.961	2.098	6
1207	2.02	1.941	1.902	2.196	6
1208	1.98	2.059	1.922	2.157	6
1209	2.059	2.078	1.922	2.039	6
1210	2.039	2.02	1.882	2.059	6
1211	2.039	2.059	1.902	2.059	6
1212	2.0	2.02	1.882	2.039	6
1213	1.961	1.98	1.882	2.098	6
1214	1.922	1.902	1.863	2.059	6
1215	1.922	1.941	1.863	2.059	6
1216	1.98	1.902	1.922	2.059	6
1217	1.941	1.922	1.922	2.098	6
1218	1.941	1.843	1.922	2.118	6
1219	1.941	1.882	1.922	2.059	6
1220	2.0	1.922	1.961	2.078	6
1221	2.0	1.961	1.98	2.078	6
1222	2.039	1.922	1.961	2.118	6
1223	2.0	1.941	1.961	2.118	6
1224	2.078	1.961	2.02	2.118	6
1225	2.02	2.0	1.98	2.059	6
1226	2.078	2.059	1.941	2.039	6
1227	2.059	2.078	1.902	2.078	6
1228	2.02	2.059	1.882	2.0	6
1229	1.98	2.039	1.882	2.02	6
1230	1.941	2.02	1.843	2.059	6
1231	1.922	1.922	1.882	2.078	6
1232	1.941	1.922	1.863	2.078	6
1233	1.961	1.882	1.902	2.078	6
1234	2.0	1.922	1.882	2.078	6
1235	1.941	1.882	1.882	2.078	6
1236	1.941	1.882	1.922	2.059	6
1237	1.98	1.902	1.941	2.059	6
1238	2.02	1.941	1.941	2.078	6
1239	2.039	1.922	1.961	2.098	6
1240	2.02	1.922	1.941	2.098	6
1241	2.059	1.941	1.961	2.098	6
1242	2.02	2.0	1.961	2.039	6
1243	2.118	2.078	1.941	2.039	6
1244	2.059	2.039	1.863	2.02	6
1245	2.059	2.078	1.863	2.02	6
1246	1.941	2.02	1.843	2.02	6
1247	1.941	1.98	1.824	2.02	6
1248	1.922	1.961	1.824	2.059	6
1249	1.882	1.961	1.863	2.059	6
1250	1.882	2.039	1.804	2.118	6
1251	1.922	1.922	1.824	2.078	6
1252	1.961	1.863	1.902	2.039	6
1253	1.922	1.882	1.922	2.078	6
1254	1.98	1.902	1.941	2.059	6
1255	1.98	1.961	1.941	2.078	6
1256	2.0	1.922	1.922	2.098	6
1257	2.02	1.941	1.922	2.098	6
1258	2.039	1.961	1.98	2.098	6
1259	2.039	1.98	1.961	2.098	6
1260	2.078	2.118	1.922	2.059	6
1261	2.059	2.039	1.863	2.039	6
1262	2.02	2.059	1.824	2.0	6
1263	1.941	2.059	1.843	2.039	6
1264	1.922	2.0	1.863	2.059	6
1265	1.902	1.922	1.843	2.059	6
1266	1.941	1.961	1.824	2.039	6
1267	1.941	1.922	1.882	2.078	6
1268	1.961	1.922	1.882	2.078	6
1269	1.922	1.863	1.882	2.059	6
1270	1.941	1.922	1.902	2.059	6
1271	1.98	1.922	1.941	2.059	6
1272	1.961	1.98	1.941	2.059	6
1273	2.0	1.941	1.941	2.059	6
1274	2.039	1.902	1.961	2.098	6
1275	2.059	1.98	1.98	2.137	6
1276	1.98	2.02	1.961	2.098	6
1277	2.059	2.118	1.961	2.059	6
1278	2.059	2.02	1.902	2.059	6
1279	2.059	2.059	1.902	2.039	6
1280	2.0	2.059	1.863	2.039	6
1281	1.98	2.02	1.863	2.059	6
1282	1.941	1.961	1.863	2.059	6
1283	1.941	1.941	1.843	2.078	6
1284	1.902	2.0	1.843	2.098	6
1285	1.961	1.922	1.824	2.078	6
1286	1.941	1.824	1.922	2.098	6
1287	1.961	1.882	1.922	2.059	6
1288	2.02	1.902	1.941	2.059	6
1289	2.02	1.961	1.98	2.059	6
1290	2.02	1.961	2.0	2.098	6
1291	2.02	1.902	1.98	2.098	6
1292	2.039	1.961	1.941	2.196	6
1293	2.0	1.98	1.98	2.039	6
1294	2.059	2.059	1.961	2.059	6
1295	2.078	2.059	1.882	2.0	6
1296	2.0	2.039	1.882	2.039	6
1297	1.961	2.039	1.863	2.039	6
1298	1.941	1.98	1.843	2.02	6
1299	1.922	1.941	1.882	2.059	6
1300	1.922	1.961	1.882	2.059	6
1301	1.902	2.0	1.882	2.098	6
1302	1.922	1.824	1.863	2.059	6
1303	1.941	1.824	1.922	2.098	6
1304	1.941	1.902	1.922	2.078	6
1305	2.0	1.941	1.961	2.078	6
1306	1.98	1.961	1.961	2.078	6
1307	2.02	1.941	2.0	2.078	6
1308	2.039	1.902	1.961	2.118	6
1309	2.059	1.98	1.941	2.176	6
1310	2.176	2.02	2.0	2.137	6
1311	2.059	2.059	1.961	2.078	6
1312	2.078	2.039	1.902	2.059	6
1313	2.039	2.098	1.902	2.039	6
1314	1.941	2.039	1.863	2.039	6
1315	1.922	1.98	1.843	2.078	6
1316	1.922	1.941	1.882	2.078	6
1317	1.902	1.922	1.863	2.098	6
1318	1.882	1.98	1.784	2.118	6
1319	1.902	1.961	1.882	2.118	6
1320	1.961	1.843	1.902	2.078	6
1321	1.941	1.882	1.941	2.078	6
1322	1.98	1.882	1.961	2.078	6
1323	1.98	1.922	1.961	2.078	6
1324	2.02	1.922	1.98	2.118	6
1325	2.02	1.902	1.98	2.098	6
1326	2.059	1.961	1.961	2.039	6
1327	2.098	1.98	2.0	2.118	6
1328	2.157	2.078	2.0	2.059	6
1329	2.059	2.039	1.882	2.039	6
1330	2.039	2.02	1.882	2.039	6
1331	1.98	2.02	1.863	2.039	6
1332	1.941	2.0	1.863	2.039	6
1333	1.902	1.961	1.843	2.098	6
1334	1.902	1.922	1.843	2.098	6
1335	1.941	1.922	1.843	2.078	6
1336	1.941	1.843	1.843	2.078	6
1337	1.922	1.843	1.902	2.118	6
1338	1.961	1.902	1.902	2.098	6
1339	1.98	1.902	1.941	2.059	6
1340	2.0	1.941	1.941	2.059	6
1341	2.0	1.941	1.961	2.098	6
1342	2.039	1.922	1.98	2.118	6
1343	2.039	1.98	1.961	2.039	6
1344	2.098	2.02	1.922	2.118	6
1345	2.098	2.118	1.961	2.039	6
1346	2.059	2.078	1.882	2.02	6
1347	2.02	2.078	1.863	2.02	6
1348	1.98	2.059	1.863	2.039	6
1349	1.941	2.0	1.843	2.039	6
1350	1.902	1.961	1.824	2.059	6
1351	1.902	1.941	1.863	2.059	6
1352	1.941	1.922	1.843	2.137	6
1353	1.941	1.961	1.902	2.098	6
1354	1.941	1.882	1.902	2.078	6
1355	1.941	1.902	1.902	2.059	6
1356	1.941	1.882	1.961	2.059	6
1357	1.98	1.961	2.0	2.059	6
1358	2.0	1.922	1.961	2.078	6
1359	2.039	1.941	1.961	2.098	6
1360	2.0	1.98	1.98	2.02	6
1361	2.059	1.941	1.98	2.118	6
1362	2.0	2.039	1.961	2.039	6
1363	2.059	2.078	1.902	2.059	6
1364	2.02	2.059	1.882	2.0	6
1365	1.941	2.039	1.863	2.039	6
1366	1.902	2.0	1.863	2.059	6
1367	1.902	1.961	1.843	2.039	6
1368	1.902	1.961	1.843	2.059	6
1369	1.882	1.98	1.922	2.039	6
1370	1.922	1.922	1.902	2.078	6
1371	1.941	1.824	1.863	2.059	6
1372	1.941	1.922	1.922	2.039	6
1373	1.961	1.922	1.941	2.059	6
1374	1.961	1.941	1.961	2.059	6
1375	1.98	1.902	1.941	2.098	6
1376	1.98	1.941	1.961	2.098	6
1377	2.039	1.961	1.98	2.157	6
1378	1.941	2.0	2.0	2.118	6
1379	2.059	2.059	1.941	2.02	6
1380	2.059	2.039	1.902	2.039	6
1381	2.039	2.078	1.863	2.039	6
1382	1.98	2.039	1.863	2.02	6
1383	1.922	2.02	1.863	2.02	6
1384	1.902	1.961	1.843	2.078	6
1385	1.882	1.961	1.824	2.059	6
1386	1.922	2.0	1.863	2.118	6
1387	1.882	1.961	1.902	2.098	6
1388	1.941	1.863	1.882	2.098	6
1389	1.922	1.922	1.882	2.059	6
1390	1.961	1.922	1.922	2.039	6
1391	2.0	1.98	1.941	2.059	6
1392	1.98	1.941	1.941	2.059	6
1393	2.0	1.941	1.961	2.118	6
1394	2.02	1.941	1.941	2.157	6
1395	2.039	1.98	1.961	2.118	6
1396	2.059	2.02	1.922	2.059	6
1397	2.02	2.059	1.863	2.02	6
1398	2.0	2.039	1.882	2.039	6
1399	1.961	2.039	1.882	2.02	6
1400	1.922	1.961	1.863	2.039	6
1401	1.882	1.961	1.882	2.059	6
1402	1.902	1.922	1.882	2.078	6
1403	1.882	1.961	1.843	2.137	6
1404	1.961	1.882	1.882	2.098	6
1405	1.922	1.784	1.922	2.118	6
1406	1.98	1.922	1.941	2.078	6
1407	1.961	1.882	1.961	2.078	6
1408	1.961	1.922	1.98	2.059	6
1409	2.02	1.922	1.98	2.098	6
1410	2.02	1.902	1.98	2.118	6
1411	2.02	1.961	1.961	2.137	6
1412	2.039	2.0	1.98	2.137	6
1413	2.0	2.02	1.961	2.078	6
1414	2.059	2.078	1.863	2.039	6
1415	2.02	2.098	1.863	2.0	6
1416	1.961	2.039	1.863	2.02	6
1417	1.941	2.0	1.863	2.059	6
1418	1.902	1.961	1.863	2.059	6
1419	1.922	1.922	1.882	2.078	6
1420	1.941	1.922	1.843	2.098	6
1421	1.922	1.98	1.863	2.098	6
1422	1.941	1.843	1.902	2.098	6
1423	1.961	1.922	1.922	2.078	6
1424	1.961	1.902	1.922	2.078	6
1425	1.98	1.961	1.98	2.059	6
1426	2.02	1.941	1.941	2.098	6
1427	2.039	1.922	1.98	2.078	6
1428	2.059	1.941	1.98	2.039	6
1429	2.059	1.941	1.98	2.059	6
1430	2.098	2.039	1.961	2.098	6
1431	2.078	2.078	1.882	2.02	6
1432	2.02	2.059	1.882	2.02	6
1433	2.0	2.078	1.902	2.039	6
1434	1.941	1.98	1.882	2.039	6
1435	1.902	1.98	1.863	2.059	6
1436	1.941	2.0	1.863	2.098	6
1437	1.961	1.882	1.784	2.098	6
1438	1.941	1.902	1.843	2.078	6
1439	1.902	1.843	1.902	2.098	6
1440	1.961	1.902	1.922	2.098	6
1441	1.961	1.902	1.941	2.059	6
1442	2.0	1.941	1.98	2.039	6
1443	2.02	1.941	2.0	2.078	6
1444	2.039	1.902	1.98	2.137	6
1445	2.039	1.941	1.98	2.118	6
1446	1.98	2.0	1.98	2.118	6
1447	2.059	2.098	2.0	2.059	6
1448	2.059	2.118	1.902	2.059	6
1449	2.039	2.078	1.863	2.059	6
1450	1.98	2.059	1.863	2.02	6
1451	1.961	2.0	1.843	2.059	6
1452	1.922	1.961	1.824	2.059	6
1453	1.922	1.98	1.863	2.078	6
1454	1.941	1.941	1.863	2.137	6
1455	1.961	1.824	1.902	2.098	6
1456	1.961	1.863	1.882	2.098	6
1457	1.961	1.922	1.902	2.039	6
1458	1.98	1.902	1.902	2.078	6
1459	2.0	1.922	1.941	2.078	6
1460	2.02	1.922	1.941	2.098	6
1461	2.039	1.902	1.961	2.118	6
1462	2.059	1.961	1.98	2.137	6
1463	2.0	1.98	1.922	2.098	6
1464	2.157	2.078	1.961	2.078	6
1465	2.078	2.059	1.922	2.039	6
1466	2.039	2.039	1.902	2.02	6
1467	1.98	2.02	1.863	2.059	6
1468	1.961	1.98	1.843	2.039	6
1469	1.922	1.961	1.843	2.059	6
1470	1.941	1.98	1.863	2.078	6
1471	1.941	1.863	1.941	2.039	6
1472	1.922	1.922	1.882	2.118	6
1473	1.961	1.824	1.882	2.078	6
1474	1.961	1.961	1.902	2.078	6
1475	1.961	1.902	1.961	2.078	6
1476	1.98	1.941	1.941	2.059	6
1477	2.02	1.961	1.98	2.078	6
1478	2.039	1.941	1.961	2.137	6
1479	2.059	1.98	1.941	2.118	6
1480	2.0	2.059	1.941	2.118	6
1481	2.059	2.059	1.922	2.059	6
1482	2.059	2.098	1.863	2.02	6
1483	2.02	2.02	1.882	2.02	6
1484	1.961	2.039	1.863	2.039	6
1485	1.922	1.961	1.882	2.039	6
1486	1.922	1.941	1.843	2.078	6
1487	1.902	1.961	1.863	2.059	6
1488	1.902	1.922	1.843	2.059	6
1489	1.902	1.843	1.882	2.039	6
1490	1.902	1.863	1.863	2.098	6
1491	1.941	1.882	1.882	2.059	6
1492	1.961	1.863	1.922	2.059	6
1493	1.98	1.941	1.961	2.059	6
1494	2.0	1.922	1.98	2.098	6
1495	2.039	1.882	1.961	2.118	6
1496	2.039	1.941	2.0	2.098	6
1497	2.02	1.961	1.961	2.118	6
1498	2.059	2.078	1.961	2.059	6
1499	2.039	2.039	1.882	2.039	6
0