time	channel1	channel2	channel3	channel4	class
0	2.373	2.745	2.686	1.569	6
1	2.392	2.627	2.627	1.549	6
2	2.725	2.627	2.588	1.549	6
3	2.569	2.569	2.667	1.588	6
4	2.549	2.235	2.627	1.549	6
5	2.451	2.882	2.608	1.549	6
6	2.431	2.824	2.608	1.529	6
7	2.451	2.529	2.627	1.529	6
8	2.667	2.373	2.627	1.529	6
9	2.804	2.569	2.588	1.51	6
10	2.804	2.784	2.569	1.549	6
11	2.686	2.686	2.706	1.588	6
12	2.745	2.373	2.647	1.588	6
13	2.686	2.608	2.608	1.529	6
14	2.549	2.627	2.627	1.529	6
15	2.588	2.569	2.627	1.549	6
16	2.569	2.569	2.647	1.549	6
17	2.49	2.569	2.608	1.529	6
18	2.471	2.49	2.569	1.51	6
19	2.804	2.686	2.549	1.569	6
20	2.549	2.667	2.667	1.569	6
21	2.569	2.157	2.667	1.569	6
22	2.51	2.725	2.627	1.529	6
23	2.471	2.745	2.627	1.529	6
24	2.529	2.51	2.647	1.529	6
25	2.706	2.392	2.686	1.529	6
26	2.706	2.529	2.588	1.549	6
27	2.569	2.529	2.51	1.49	6
28	2.569	2.412	2.608	1.569	6
29	2.451	2.667	2.745	1.608	6
30	2.529	2.667	2.804	1.627	6
31	2.608	2.49	2.667	1.569	6
32	2.765	2.529	2.627	1.529	6
33	2.804	2.686	2.627	1.588	6
34	2.667	2.843	2.647	1.569	6
35	2.608	2.647	2.549	1.549	6
36	2.667	2.588	2.529	1.51	6
37	2.922	2.686	2.569	1.529	6
38	2.961	2.451	2.569	1.569	6
39	2.863	2.863	2.549	1.549	6
40	2.765	2.765	2.51	1.529	6
41	2.824	2.745	2.529	1.51	6
42	2.608	2.667	2.529	1.51	6
43	2.412	2.569	2.569	1.51	6
44	2.392	2.608	2.569	1.51	6
45	2.451	2.686	2.529	1.51	6
46	2.647	2.647	2.686	1.608	6
47	2.686	2.745	2.745	1.608	6
48	2.706	2.765	2.784	1.608	6
49	2.667	2.667	2.667	1.588	6
50	2.569	2.706	2.608	1.529	6
51	2.627	2.706	2.608	1.529	6
52	2.608	2.49	2.529	1.549	6
53	2.49	2.569	2.51	1.529	6
54	2.647	2.608	2.588	1.529	6
55	2.647	2.216	2.647	1.529	6
56	2.529	2.706	2.608	1.529	6
57	2.412	2.647	2.569	1.529	6
58	2.451	2.627	2.529	1.529	6
59	2.647	2.412	2.686	1.588	6
60	2.627	2.51	2.706	1.627	6
61	2.529	2.706	2.667	1.569	6
62	2.608	2.588	2.627	1.549	6
63	2.686	2.529	2.588	1.569	6
64	2.706	2.471	2.706	1.569	6
65	2.725	2.392	2.667	1.549	6
66	2.745	2.451	2.647	1.529	6
67	2.745	2.529	2.627	1.549	6
68	2.745	2.725	2.569	1.529	6
69	2.49	2.627	2.588	1.51	6
70	2.275	2.569	2.588	1.51	6
71	2.549	2.431	2.667	1.529	6
72	2.569	2.176	2.627	1.549	6
73	2.49	2.765	2.569	1.51	6
74	2.373	2.686	2.569	1.51	6
75	2.373	2.647	2.588	1.51	6
76	2.569	2.471	2.627	1.529	6
77	2.686	2.725	2.725	1.588	6
78	2.725	2.725	2.725	1.608	6
79	2.745	2.647	2.725	1.569	6
80	2.863	2.529	2.725	1.569	6
81	2.804	2.51	2.627	1.549	6
82	2.706	2.471	2.569	1.529	6
83	2.647	2.451	2.569	1.529	6
84	2.647	2.627	2.608	1.529	6
85	2.451	2.765	2.608	1.549	6
86	2.451	2.588	2.549	1.529	6
87	2.333	2.569	2.549	1.51	6
88	2.392	2.451	2.588	1.51	6
89	2.275	2.196	2.569	1.529	6
90	2.255	2.745	2.529	1.529	6
91	2.333	2.706	2.529	1.51	6
92	2.549	2.686	2.686	1.588	6
93	2.824	2.49	2.725	1.588	6
94	2.686	2.725	2.765	1.588	6
95	2.588	2.627	2.608	1.569	6
96	2.686	2.549	2.569	1.51	6
97	2.608	2.588	2.627	1.588	6
98	2.451	2.647	2.647	1.569	6
99	2.431	2.529	2.647	1.549	6
100	2.529	2.49	2.588	1.549	6
101	2.608	2.569	2.588	1.529	6
102	2.529	2.667	2.588	1.529	6
103	2.569	2.49	2.569	1.529	6
104	2.804	2.549	2.549	1.529	6
105	3.078	2.647	2.569	1.529	6
106	2.686	2.157	2.569	1.51	6
107	2.588	2.706	2.569	1.51	6
108	2.608	2.784	2.588	1.529	6
109	2.549	2.588	2.569	1.529	6
110	2.667	2.549	2.686	1.569	6
111	2.784	2.706	2.706	1.608	6
112	2.647	2.686	2.706	1.569	6
113	2.627	2.451	2.647	1.569	6
114	2.392	2.471	2.608	1.549	6
115	2.431	2.569	2.627	1.529	6
116	2.471	2.588	2.627	1.529	6
117	2.569	2.627	2.627	1.529	6
118	2.686	2.627	2.608	1.529	6
119	2.569	2.647	2.569	1.51	6
120	2.49	2.392	2.569	1.51	6
121	2.49	2.549	2.549	1.51	6
122	2.804	2.745	2.569	1.529	6
123	2.745	2.373	2.549	1.549	6
124	2.667	2.804	2.569	1.51	6
125	2.686	2.686	2.627	1.569	6
126	2.882	2.608	2.706	1.569	6
127	2.784	2.588	2.765	1.588	6
128	2.706	2.725	2.647	1.549	6
129	2.51	2.824	2.588	1.529	6
130	2.608	2.686	2.588	1.569	6
131	2.49	2.569	2.686	1.588	6
132	2.49	2.51	2.647	1.569	6
133	2.627	2.569	2.588	1.529	6
134	2.569	2.647	2.588	1.529	6
135	2.667	2.686	2.608	1.549	6
136	2.706	2.686	2.627	1.549	6
137	2.608	2.569	2.529	1.529	6
138	2.686	2.647	2.529	1.51	6
139	2.627	2.627	2.588	1.529	6
140	2.784	2.235	2.588	1.529	6
141	2.745	2.843	2.549	1.529	6
142	2.686	2.784	2.529	1.51	6
143	2.824	2.627	2.647	1.588	6
144	2.784	2.627	2.706	1.588	6
145	2.588	2.706	2.745	1.588	6
146	2.392	2.588	2.588	1.569	6
147	2.588	2.549	2.588	1.529	6
148	2.627	2.51	2.647	1.549	6
149	2.588	2.549	2.667	1.549	6
150	2.647	2.431	2.627	1.569	6
151	2.588	2.471	2.569	1.529	6
152	2.471	2.549	2.588	1.51	6
153	2.549	2.51	2.647	1.569	6
154	2.431	2.451	2.725	1.588	6
155	2.765	2.49	2.647	1.569	6
156	2.49	2.549	2.667	1.529	6
157	2.745	2.118	2.686	1.529	6
158	2.627	2.667	2.647	1.549	6
159	2.588	2.608	2.627	1.549	6
160	2.49	2.647	2.647	1.588	6
161	2.392	2.451	2.627	1.529	6
162	2.392	2.51	2.608	1.529	6
163	2.412	2.667	2.549	1.549	6
164	2.588	2.588	2.686	1.569	6
165	2.647	2.529	2.725	1.569	6
166	2.627	2.686	2.706	1.569	6
167	2.588	2.667	2.608	1.549	6
168	2.51	2.549	2.588	1.549	6
169	2.667	2.51	2.549	1.569	6
170	2.725	2.745	2.529	1.51	6
171	2.569	2.824	2.51	1.529	6
172	2.745	2.706	2.529	1.549	6
173	2.608	2.725	2.588	1.569	6
174	2.569	2.255	2.588	1.549	6
175	2.51	2.843	2.588	1.549	6
176	2.412	2.863	2.608	1.569	6
177	2.373	2.745	2.588	1.588	6
178	2.51	2.588	2.627	1.569	6
179	2.706	2.686	2.725	1.608	6
180	2.529	2.706	2.627	1.549	6
181	2.647	2.549	2.627	1.549	6
182	2.686	2.471	2.667	1.569	6
183	2.569	2.529	2.627	1.549	6
184	2.529	2.569	2.725	1.608	6
185	2.49	2.588	2.667	1.569	6
186	2.608	2.627	2.667	1.569	6
187	2.412	2.647	2.647	1.569	6
188	2.51	2.431	2.588	1.529	6
189	2.647	2.588	2.549	1.529	6
190	2.804	2.765	2.588	1.529	6
191	2.686	2.157	2.647	1.569	6
192	2.706	2.686	2.647	1.588	6
193	2.745	2.804	2.765	1.608	6
194	2.686	2.824	2.745	1.627	6
195	2.686	2.647	2.745	1.588	6
196	2.627	2.608	2.686	1.569	6
197	2.588	2.569	2.549	1.549	6
198	2.608	2.647	2.647	1.569	6
199	2.627	2.627	2.686	1.569	6
200	2.686	2.569	2.725	1.569	6
201	2.627	2.569	2.686	1.549	6
202	2.529	2.549	2.667	1.529	6
203	2.608	2.588	2.706	1.529	6
204	2.49	2.667	2.706	1.569	6
205	2.51	2.686	2.588	1.549	6
206	2.569	2.765	2.49	1.549	6
207	2.725	2.745	2.588	1.529	6
208	2.549	2.196	2.647	1.569	6
209	2.588	2.745	2.627	1.569	6
210	2.608	2.686	2.667	1.569	6
211	2.647	2.706	2.804	1.608	6
212	2.686	2.627	2.686	1.549	6
213	2.549	2.725	2.608	1.549	6
214	2.49	2.569	2.569	1.529	6
215	2.549	2.588	2.529	1.549	6
216	2.667	2.588	2.706	1.608	6
217	2.706	2.51	2.647	1.569	6
218	2.725	2.51	2.608	1.569	6
219	2.725	2.51	2.627	1.549	6
220	2.706	2.588	2.588	1.549	6
221	2.549	2.784	2.588	1.51	6
222	2.51	2.588	2.569	1.529	6
223	2.667	2.627	2.569	1.569	6
224	2.569	2.824	2.588	1.549	6
225	3.157	2.314	2.745	1.627	6
226	3.02	2.686	2.647	1.569	6
227	2.843	2.941	2.627	1.549	6
228	2.804	2.686	2.667	1.549	6
229	2.627	2.549	2.647	1.549	6
230	2.431	2.686	2.608	1.529	6
231	2.353	2.745	2.608	1.588	6
232	2.412	2.686	2.667	1.549	6
233	2.353	2.471	2.667	1.588	6
234	2.569	2.471	2.608	1.569	6
235	2.667	2.569	2.725	1.569	6
236	2.608	2.431	2.706	1.549	6
237	2.765	2.471	2.686	1.569	6
238	2.627	2.902	2.725	1.627	6
239	2.529	2.843	2.588	1.549	6
240	2.588	2.51	2.549	1.529	6
241	2.353	2.627	2.608	1.549	6
242	2.667	2.176	2.667	1.549	6
243	2.529	2.627	2.569	1.549	6
244	2.529	2.745	2.569	1.51	6
245	2.569	2.608	2.647	1.549	6
246	2.608	2.549	2.647	1.549	6
247	2.471	2.824	2.725	1.588	6
248	2.451	2.569	2.608	1.549	6
249	2.549	2.549	2.588	1.529	6
250	2.725	2.588	2.608	1.549	6
251	2.706	2.569	2.647	1.549	6
252	2.745	2.51	2.627	1.569	6
253	2.745	2.569	2.588	1.529	6
254	2.765	2.667	2.627	1.549	6
255	2.804	2.725	2.627	1.549	6
256	2.667	2.529	2.627	1.549	6
257	2.686	2.549	2.588	1.549	6
258	2.451	2.706	2.647	1.529	6
259	2.706	2.333	2.706	1.569	6
260	2.569	2.882	2.627	1.569	6
261	2.471	2.882	2.725	1.608	6
262	2.392	2.725	2.804	1.627	6
263	2.392	2.608	2.725	1.569	6
264	2.549	2.608	2.686	1.549	6
265	2.667	2.529	2.686	1.549	6
266	2.686	2.627	2.686	1.588	6
267	2.725	2.431	2.706	1.549	6
268	2.647	2.451	2.745	1.569	6
269	2.627	2.608	2.667	1.569	6
270	2.706	2.608	2.627	1.569	6
271	2.745	2.529	2.647	1.569	6
272	2.784	2.745	2.667	1.549	6
273	2.549	2.824	2.667	1.588	6
274	2.569	2.706	2.588	1.588	6
275	2.725	2.725	2.647	1.549	6
276	2.667	2.255	2.706	1.549	6
277	2.549	2.745	2.667	1.569	6
278	2.529	2.961	2.647	1.569	6
279	2.431	2.745	2.608	1.588	6
280	2.549	2.647	2.588	1.588	6
281	2.627	2.765	2.549	1.51	6
282	2.471	2.784	2.51	1.529	6
283	2.588	2.588	2.549	1.529	6
284	2.627	2.51	2.608	1.529	6
285	2.608	2.588	2.588	1.549	6
286	2.529	2.549	2.588	1.529	6
287	2.569	2.49	2.569	1.529	6
288	2.627	2.529	2.569	1.529	6
289	2.451	2.627	2.549	1.549	6
290	2.412	2.588	2.51	1.51	6
291	2.314	2.765	2.49	1.49	6
292	2.725	2.686	2.588	1.51	6
293	2.608	2.098	2.627	1.529	6
294	2.569	2.51	2.549	1.529	6
295	2.647	2.725	2.667	1.608	6
296	2.569	2.765	2.686	1.608	6
297	2.608	2.725	2.725	1.588	6
298	2.588	2.549	2.667	1.549	6
299	2.51	2.431	2.588	1.51	6
300	2.51	2.471	2.569	1.51	6
301	2.451	2.471	2.627	1.529	6
302	2.412	2.392	2.667	1.549	6
303	2.373	2.314	2.588	1.529	6
304	2.569	2.471	2.549	1.471	6
305	2.627	2.588	2.569	1.51	6
306	2.49	2.608	2.549	1.51	6
307	2.451	2.412	2.549	1.51	6
308	2.49	2.451	2.51	1.51	6
309	2.49	2.706	2.569	1.49	6
310	2.627	2.333	2.608	1.529	6
311	2.569	2.569	2.608	1.529	6
312	2.569	2.725	2.569	1.529	6
313	2.706	2.667	2.549	1.51	6
314	2.627	2.529	2.569	1.51	6
315	2.667	2.647	2.588	1.529	6
316	2.392	2.745	2.667	1.569	6
317	2.451	2.647	2.549	1.529	6
318	2.569	2.627	2.706	1.608	6
319	2.725	2.667	2.725	1.627	6
320	2.824	2.667	2.745	1.608	6
321	2.804	2.745	2.784	1.647	6
322	2.902	2.686	2.784	1.647	6
323	2.804	2.667	2.706	1.588	6
324	2.725	2.725	2.627	1.569	6
325	2.667	2.706	2.569	1.549	6
326	2.608	2.824	2.549	1.569	6
327	2.882	2.451	2.608	1.549	6
328	2.667	2.725	2.588	1.549	6
329	2.608	2.706	2.588	1.529	6
330	2.529	2.588	2.588	1.549	6
331	2.451	2.49	2.569	1.529	6
332	2.392	2.608	2.588	1.51	6
333	2.314	2.569	2.569	1.51	6
334	2.431	2.51	2.569	1.529	6
335	2.647	2.412	2.569	1.529	6
336	2.667	2.471	2.745	1.588	6
337	2.549	2.412	2.667	1.51	6
338	2.608	2.314	2.647	1.529	6
339	2.765	2.471	2.647	1.549	6
340	2.725	2.843	2.667	1.569	6
341	2.608	2.725	2.647	1.529	6
342	2.549	2.431	2.608	1.529	6
343	2.451	2.549	2.608	1.529	6
344	2.804	2.275	2.627	1.549	6
345	2.627	2.706	2.529	1.549	6
346	2.529	2.765	2.529	1.529	6
347	2.49	2.549	2.667	1.569	6
348	2.431	2.549	2.784	1.569	6
349	2.569	2.647	2.647	1.569	6
350	2.647	2.863	2.51	1.529	6
351	2.627	2.745	2.49	1.51	6
352	2.961	2.51	2.549	1.549	6
353	2.725	2.549	2.569	1.549	6
354	2.627	2.608	2.529	1.529	6
355	2.588	2.569	2.529	1.51	6
356	2.549	2.608	2.51	1.529	6
357	2.569	2.667	2.529	1.529	6
358	2.549	2.608	2.51	1.529	6
359	2.569	2.549	2.49	1.51	6
360	2.647	2.706	2.529	1.51	6
361	2.314	2.412	2.588	1.529	6
362	2.255	2.627	2.588	1.549	6
363	2.255	2.824	2.549	1.549	6
364	2.176	2.608	2.529	1.49	6
365	2.235	2.49	2.529	1.51	6
366	2.373	2.51	2.569	1.49	6
367	2.51	2.392	2.549	1.49	6
368	2.451	2.451	2.49	1.49	6
369	2.49	2.431	2.569	1.49	6
370	2.471	2.314	2.588	1.51	6
371	2.431	2.392	2.588	1.51	6
372	2.49	2.471	2.588	1.529	6
373	2.529	2.529	2.569	1.49	6
374	2.412	2.529	2.588	1.51	6
375	2.549	2.549	2.608	1.51	6
376	2.588	2.451	2.588	1.51	6
377	3.059	2.588	2.549	1.51	6
378	2.627	2.333	2.608	1.51	6
379	2.471	2.549	2.588	1.51	6
380	2.471	2.647	2.588	1.51	6
381	2.529	2.49	2.529	1.51	6
382	2.725	2.588	2.647	1.569	6
383	2.882	2.824	2.706	1.608	6
384	2.824	2.784	2.745	1.608	6
385	2.569	2.627	2.765	1.608	6
386	2.549	2.549	2.804	1.647	6
387	2.49	2.588	2.843	1.647	6
388	2.569	2.725	2.725	1.627	6
389	2.49	2.765	2.686	1.588	6
390	2.608	2.686	2.647	1.569	6
391	2.51	2.725	2.608	1.549	6
392	2.431	2.667	2.627	1.529	6
393	2.451	2.588	2.667	1.529	6
394	2.863	2.529	2.706	1.529	6
395	2.725	2.314	2.706	1.549	6
396	2.882	2.588	2.608	1.529	6
397	2.863	2.804	2.588	1.529	6
398	2.784	2.725	2.529	1.51	6
399	2.686	2.608	2.49	1.529	6
400	2.549	2.588	2.529	1.529	6
401	2.373	2.549	2.608	1.49	6
402	2.588	2.569	2.667	1.569	6
403	2.647	2.647	2.725	1.588	6
404	2.549	2.667	2.765	1.627	6
405	2.569	2.667	2.627	1.569	6
406	2.647	2.529	2.569	1.529	6
407	2.804	2.608	2.549	1.588	6
408	2.627	2.922	2.569	1.569	6
409	2.588	2.667	2.51	1.569	6
410	2.647	2.588	2.627	1.588	6
411	2.784	2.882	2.588	1.549	6
412	2.961	2.588	2.608	1.569	6
413	2.941	2.569	2.569	1.569	6
414	2.863	2.765	2.529	1.549	6
415	2.706	2.667	2.569	1.51	6
416	2.647	2.529	2.627	1.529	6
417	2.627	2.608	2.627	1.529	6
418	2.431	2.471	2.588	1.529	6
419	2.51	2.471	2.529	1.51	6
420	2.588	2.451	2.569	1.51	6
421	2.588	2.451	2.627	1.529	6
422	2.608	2.431	2.647	1.549	6
423	2.725	2.412	2.627	1.529	6
424	2.784	2.627	2.725	1.588	6
425	2.843	2.667	2.686	1.608	6
426	2.647	2.725	2.706	1.588	6
427	2.627	2.608	2.627	1.569	6
428	2.804	2.843	2.588	1.529	6
429	3.02	2.471	2.686	1.529	6
430	2.725	2.51	2.627	1.549	6
431	2.51	2.804	2.608	1.529	6
432	2.392	2.706	2.569	1.529	6
433	2.529	2.569	2.529	1.51	6
434	2.49	2.51	2.627	1.588	6
435	2.431	2.725	2.647	1.549	6
436	2.49	2.765	2.608	1.549	6
437	2.863	2.647	2.667	1.588	6
438	2.784	2.529	2.686	1.549	6
439	2.608	2.51	2.647	1.549	6
440	2.608	2.49	2.647	1.549	6
441	2.588	2.471	2.627	1.549	6
442	2.627	2.608	2.608	1.529	6
443	2.588	2.627	2.569	1.51	6
444	2.627	2.569	2.569	1.569	6
445	2.588	2.706	2.706	1.569	6
446	2.627	2.412	2.647	1.569	6
447	2.51	2.49	2.569	1.549	6
448	2.373	2.686	2.608	1.529	6
449	2.392	2.588	2.647	1.529	6
450	2.549	2.608	2.647	1.549	6
451	2.725	2.569	2.608	1.529	6
452	2.725	2.471	2.588	1.51	6
453	2.686	2.431	2.647	1.549	6
454	2.863	2.588	2.725	1.588	6
455	2.667	2.765	2.784	1.627	6
456	2.627	2.667	2.647	1.569	6
457	2.608	2.51	2.627	1.549	6
458	2.588	2.49	2.627	1.549	6
459	2.647	2.549	2.608	1.549	6
460	2.686	2.706	2.569	1.549	6
461	2.608	2.588	2.608	1.51	6
462	2.706	2.686	2.608	1.51	6
463	2.706	2.569	2.627	1.549	6
464	2.647	2.627	2.569	1.529	6
465	2.451	2.725	2.49	1.51	6
466	2.451	2.588	2.49	1.49	6
467	2.529	2.51	2.49	1.49	6
468	2.667	2.51	2.569	1.529	6
469	2.686	2.706	2.667	1.588	6
470	2.529	2.686	2.569	1.529	6
471	2.765	2.588	2.588	1.549	6
472	2.647	2.608	2.627	1.569	6
473	2.706	2.569	2.647	1.569	6
474	2.725	2.608	2.706	1.608	6
475	2.608	2.529	2.647	1.549	6
476	2.608	2.647	2.647	1.549	6
477	2.588	2.608	2.627	1.529	6
478	2.627	2.529	2.549	1.529	6
479	3.216	2.765	2.51	1.529	6
480	2.922	2.49	2.588	1.529	6
481	2.784	2.51	2.608	1.529	6
482	2.725	2.784	2.608	1.529	6
483	2.667	2.667	2.588	1.549	6
484	2.745	2.431	2.588	1.51	6
485	2.529	2.569	2.608	1.51	6
486	2.49	2.627	2.627	1.51	6
487	2.392	2.49	2.588	1.51	6
488	2.569	2.608	2.529	1.529	6
489	2.549	2.745	2.667	1.588	6
490	2.608	2.725	2.667	1.608	6
491	2.647	2.529	2.765	1.608	6
492	2.706	2.549	2.686	1.569	6
493	2.667	2.765	2.647	1.529	6
494	2.471	2.745	2.627	1.529	6
495	2.588	2.569	2.627	1.549	6
496	2.824	2.667	2.706	1.569	6
497	2.882	2.412	2.627	1.549	6
498	2.725	2.51	2.588	1.529	6
499	2.725	2.902	2.588	1.608	6
500	2.804	2.725	2.667	1.549	6
501	2.784	2.51	2.647	1.549	6
502	2.451	2.529	2.608	1.529	6
503	2.275	2.569	2.588	1.51	6
504	2.294	2.49	2.588	1.529	6
505	2.549	2.471	2.608	1.529	6
506	2.549	2.529	2.608	1.549	6
507	2.608	2.569	2.588	1.529	6
508	2.667	2.51	2.569	1.529	6
509	2.608	2.608	2.549	1.529	6
510	2.608	2.647	2.569	1.529	6
511	2.627	2.588	2.569	1.529	6
512	2.686	2.549	2.686	1.588	6
513	2.569	2.706	2.706	1.588	6
514	2.765	2.529	2.765	1.588	6
515	2.608	2.529	2.627	1.569	6
516	2.549	2.941	2.51	1.529	6
517	2.51	2.804	2.51	1.529	6
518	2.588	2.667	2.569	1.529	6
519	2.569	2.529	2.706	1.529	6
520	2.51	2.373	2.667	1.549	6
521	2.51	2.431	2.588	1.49	6
522	2.902	2.529	2.608	1.588	6
523	2.627	2.667	2.686	1.588	6
524	2.569	2.549	2.588	1.569	6
525	2.686	2.471	2.529	1.549	6
526	2.667	2.549	2.549	1.529	6
527	2.627	2.686	2.588	1.549	6
528	2.765	2.588	2.588	1.549	6
529	2.725	2.569	2.608	1.588	6
530	2.667	2.647	2.549	1.529	6
531	2.961	2.451	2.588	1.549	6
532	2.922	2.471	2.608	1.569	6
533	2.745	2.843	2.647	1.569	6
534	2.569	2.667	2.569	1.549	6
535	2.569	2.647	2.588	1.529	6
536	2.549	2.686	2.627	1.529	6
537	2.627	2.49	2.608	1.529	6
538	2.588	2.49	2.569	1.529	6
539	2.667	2.392	2.549	1.51	6
540	2.608	2.49	2.647	1.529	6
541	2.529	2.667	2.608	1.529	6
542	2.471	2.588	2.608	1.529	6
543	2.588	2.608	2.608	1.529	6
544	2.667	2.667	2.588	1.51	6
545	2.824	2.627	2.627	1.569	6
546	2.765	2.804	2.667	1.588	6
547	2.824	2.588	2.725	1.608	6
548	2.824	2.451	2.686	1.569	6
549	2.667	2.765	2.647	1.529	6
550	2.451	2.686	2.608	1.549	6
551	2.294	2.49	2.627	1.529	6
552	2.529	2.51	2.647	1.529	6
553	2.667	2.608	2.608	1.51	6
554	2.588	2.588	2.529	1.51	6
555	2.588	2.431	2.569	1.549	6
556	2.667	2.431	2.765	1.588	6
557	2.686	2.608	2.686	1.569	6
558	2.471	2.49	2.647	1.529	6
559	2.373	2.471	2.647	1.529	6
560	2.569	2.725	2.627	1.549	6
561	2.765	2.745	2.706	1.588	6
562	2.686	2.588	2.647	1.549	6
563	2.647	2.647	2.588	1.529	6
564	2.98	2.431	2.569	1.569	6
565	2.784	2.275	2.667	1.569	6
566	2.647	2.863	2.608	1.588	6
567	2.608	2.98	2.569	1.529	6
568	2.588	2.725	2.569	1.529	6
569	2.725	2.51	2.647	1.549	6
570	2.784	2.412	2.686	1.529	6
571	2.804	2.647	2.608	1.529	6
572	2.745	2.804	2.667	1.588	6
573	2.647	2.627	2.608	1.569	6
574	2.51	2.588	2.647	1.549	6
575	2.569	2.549	2.647	1.549	6
576	2.588	2.569	2.608	1.529	6
577	2.569	2.745	2.608	1.529	6
578	2.471	2.686	2.588	1.529	6
579	2.412	2.471	2.588	1.529	6
580	2.549	2.706	2.529	1.549	6
581	2.824	2.667	2.627	1.588	6
582	3.02	2.471	2.608	1.549	6
583	3.039	2.843	2.608	1.549	6
584	2.922	2.667	2.588	1.569	6
585	2.922	2.549	2.549	1.529	6
586	2.922	2.706	2.647	1.608	6
587	2.627	2.686	2.627	1.569	6
588	2.471	2.608	2.608	1.549	6
589	2.392	2.51	2.549	1.549	6
590	2.49	2.471	2.549	1.529	6
591	2.353	2.549	2.608	1.529	6
592	2.549	2.51	2.608	1.549	6
593	2.647	2.627	2.588	1.549	6
594	2.745	2.667	2.549	1.549	6
595	2.627	2.608	2.627	1.529	6
596	2.725	2.49	2.667	1.569	6
597	2.784	2.824	2.627	1.569	6
598	2.725	2.627	2.667	1.588	6
599	3.078	2.333	2.608	1.569	6
600	2.922	2.784	2.608	1.549	6
601	2.941	2.686	2.608	1.588	6
602	2.922	2.608	2.706	1.569	6
603	2.804	2.627	2.647	1.569	6
604	2.725	2.608	2.745	1.608	6
605	2.451	2.471	2.647	1.549	6
606	2.49	2.608	2.627	1.549	6
607	2.608	2.569	2.647	1.569	6
608	2.686	2.667	2.608	1.549	6
609	2.686	2.431	2.608	1.529	6
610	2.647	2.392	2.647	1.529	6
611	2.686	2.569	2.647	1.569	6
612	2.667	2.725	2.647	1.549	6
613	2.667	2.647	2.745	1.588	6
614	2.529	2.725	2.647	1.549	6
615	2.373	2.529	2.608	1.549	6
616	3.039	2.314	2.667	1.549	6
617	2.765	2.824	2.627	1.549	6
618	2.667	2.588	2.627	1.51	6
619	2.412	2.51	2.686	1.529	6
620	2.49	2.569	2.686	1.549	6
621	2.451	2.804	2.627	1.549	6
622	2.471	2.667	2.686	1.588	6
623	2.373	2.49	2.608	1.549	6
624	2.471	2.51	2.667	1.549	6
625	2.549	2.471	2.686	1.549	6
626	2.627	2.608	2.686	1.569	6
627	2.667	2.725	2.784	1.608	6
628	2.627	2.765	2.667	1.549	6
629	2.608	2.667	2.627	1.569	6
630	2.549	2.706	2.608	1.569	6
631	2.608	2.706	2.588	1.569	6
632	2.647	2.49	2.569	1.529	6
633	2.843	2.451	2.627	1.588	6
634	2.529	2.922	2.686	1.608	6
635	2.373	2.804	2.627	1.569	6
636	2.275	2.569	2.608	1.549	6
637	2.294	2.373	2.647	1.529	6
638	2.51	2.549	2.667	1.529	6
639	2.588	2.706	2.647	1.549	6
640	2.588	2.667	2.529	1.529	6
641	2.686	2.529	2.569	1.529	6
642	2.529	2.49	2.647	1.549	6
643	2.647	2.451	2.667	1.569	6
644	2.588	2.588	2.647	1.569	6
645	2.529	2.667	2.627	1.549	6
646	2.608	2.647	2.686	1.549	6
647	2.569	2.529	2.706	1.569	6
648	2.627	2.608	2.608	1.588	6
649	2.667	2.549	2.588	1.549	6
650	2.686	2.333	2.627	1.549	6
651	2.529	2.882	2.627	1.569	6
652	2.49	2.804	2.627	1.569	6
653	2.471	2.529	2.647	1.569	6
654	2.627	2.51	2.647	1.569	6
655	2.647	2.647	2.667	1.529	6
656	2.569	2.647	2.627	1.549	6
657	2.588	2.608	2.569	1.569	6
658	2.627	2.608	2.588	1.569	6
659	2.608	2.627	2.647	1.569	6
660	2.647	2.549	2.725	1.569	6
661	2.667	2.608	2.706	1.569	6
662	2.686	2.784	2.627	1.588	6
663	2.745	2.824	2.588	1.588	6
664	2.725	2.745	2.706	1.608	6
665	2.804	2.922	2.706	1.627	6
666	2.941	2.824	2.745	1.627	6
667	2.725	2.176	2.706	1.608	6
668	2.824	2.882	2.686	1.588	6
669	2.686	2.745	2.667	1.569	6
670	2.569	2.627	2.667	1.569	6
671	2.569	2.706	2.706	1.608	6
672	2.686	2.686	2.706	1.569	6
673	2.608	2.608	2.608	1.529	6
674	2.471	2.608	2.569	1.51	6
675	2.51	2.451	2.569	1.529	6
676	2.431	2.412	2.608	1.549	6
677	2.471	2.431	2.608	1.549	6
678	2.588	2.471	2.627	1.51	6
679	2.549	2.647	2.588	1.51	6
680	2.627	2.569	2.549	1.529	6
681	2.765	2.412	2.569	1.529	6
682	2.725	2.647	2.549	1.529	6
683	2.824	2.569	2.529	1.51	6
684	2.863	2.216	2.588	1.51	6
685	2.824	2.725	2.569	1.549	6
686	2.804	2.725	2.529	1.529	6
687	2.706	2.471	2.51	1.51	6
688	2.882	2.549	2.627	1.588	6
689	2.784	2.765	2.706	1.569	6
690	2.569	2.784	2.765	1.608	6
691	2.569	2.608	2.765	1.608	6
692	2.686	2.686	2.784	1.647	6
693	2.667	2.804	2.784	1.647	6
694	2.686	2.667	2.804	1.608	6
695	2.725	2.588	2.686	1.588	6
696	2.745	2.588	2.608	1.549	6
697	2.706	2.667	2.706	1.588	6
698	2.529	2.627	2.667	1.569	6
699	2.549	2.667	2.627	1.549	6
700	2.569	2.627	2.588	1.549	6
701	2.745	2.314	2.627	1.529	6
702	2.647	2.745	2.647	1.549	6
703	2.588	2.647	2.608	1.529	6
704	2.588	2.51	2.608	1.549	6
705	2.647	2.529	2.569	1.529	6
706	2.529	2.647	2.588	1.51	6
707	2.471	2.627	2.608	1.51	6
708	2.471	2.471	2.569	1.51	6
709	2.569	2.549	2.627	1.529	6
710	2.824	2.569	2.804	1.608	6
711	2.765	2.529	2.824	1.647	6
712	2.725	2.49	2.765	1.569	6
713	2.647	2.686	2.686	1.569	6
714	2.706	2.824	2.608	1.569	6
715	2.745	2.667	2.588	1.529	6
716	2.569	2.647	2.608	1.529	6
717	2.373	2.569	2.588	1.529	6
718	2.647	2.255	2.627	1.529	6
719	2.608	2.882	2.588	1.549	6
720	2.529	2.902	2.667	1.608	6
721	2.569	2.745	2.686	1.608	6
722	2.529	2.569	2.745	1.608	6
723	2.765	2.667	2.667	1.588	6
724	2.706	2.647	2.588	1.529	6
725	2.667	2.569	2.588	1.569	6
726	2.765	2.647	2.627	1.569	6
727	2.824	2.608	2.647	1.569	6
728	2.667	2.51	2.608	1.549	6
729	2.549	2.471	2.608	1.529	6
730	2.569	2.588	2.608	1.529	6
731	2.588	2.686	2.588	1.529	6
732	2.569	2.667	2.569	1.529	6
733	2.725	2.725	2.686	1.608	6
734	2.49	2.588	2.647	1.549	6
735	2.549	2.196	2.686	1.549	6
736	2.255	2.804	2.647	1.569	6
737	2.216	2.706	2.549	1.569	6
738	2.255	2.608	2.588	1.51	6
739	2.235	2.529	2.588	1.529	6
740	2.529	2.569	2.588	1.529	6
741	2.706	2.647	2.627	1.549	6
742	2.745	2.471	2.706	1.588	6
743	2.941	2.647	2.745	1.647	6
744	2.725	2.686	2.725	1.588	6
745	2.588	2.549	2.686	1.569	6
746	2.49	2.471	2.608	1.569	6
747	2.608	2.588	2.588	1.529	6
748	2.686	2.647	2.627	1.529	6
749	2.431	2.49	2.627	1.529	6
750	2.412	2.549	2.588	1.529	6
751	2.451	2.529	2.549	1.529	6
752	2.843	2.137	2.627	1.51	6
753	2.49	2.882	2.627	1.529	6
754	2.451	2.725	2.529	1.51	6
755	2.431	2.529	2.529	1.51	6
756	2.471	2.49	2.529	1.51	6
757	2.647	2.627	2.647	1.588	6
758	2.608	2.529	2.647	1.549	6
759	2.569	2.608	2.627	1.549	6
760	2.588	2.765	2.569	1.549	6
761	2.51	2.627	2.686	1.569	6
762	2.549	2.588	2.706	1.608	6
763	2.49	2.471	2.706	1.588	6
764	2.49	2.588	2.667	1.569	6
765	2.569	2.608	2.608	1.549	6
766	2.392	2.608	2.608	1.529	6
767	2.314	2.745	2.569	1.529	6
768	2.608	2.647	2.529	1.51	6
769	2.667	2.255	2.588	1.549	6
770	2.882	2.843	2.588	1.529	6
771	2.922	2.824	2.647	1.608	6
772	2.765	2.588	2.667	1.569	6
773	2.745	2.529	2.667	1.549	6
774	2.706	2.667	2.667	1.549	6
775	2.725	2.549	2.686	1.51	6
776	2.549	2.529	2.647	1.51	6
777	2.667	2.49	2.627	1.529	6
778	2.725	2.529	2.627	1.549	6
779	2.686	2.627	2.549	1.529	6
780	2.784	2.686	2.627	1.608	6
781	2.824	2.784	2.706	1.608	6
782	2.588	2.706	2.784	1.588	6
783	2.627	2.608	2.706	1.588	6
784	2.627	2.725	2.725	1.569	6
785	2.667	2.647	2.608	1.549	6
786	2.627	2.078	2.627	1.549	6
787	2.745	2.745	2.647	1.569	6
788	2.745	2.843	2.569	1.549	6
789	2.706	2.686	2.569	1.51	6
790	2.608	2.529	2.569	1.529	6
791	2.588	2.569	2.647	1.529	6
792	2.569	2.588	2.627	1.529	6
793	2.529	2.569	2.549	1.51	6
794	2.627	2.529	2.51	1.51	6
795	2.667	2.471	2.588	1.529	6
796	2.647	2.627	2.647	1.549	6
797	2.765	2.784	2.706	1.608	6
798	2.647	2.725	2.765	1.627	6
799	2.569	2.804	2.725	1.569	6
800	2.569	2.608	2.686	1.569	6
801	2.549	2.667	2.588	1.569	6
802	2.725	2.627	2.49	1.529	6
803	2.647	2.235	2.569	1.529	6
804	2.647	2.745	2.588	1.549	6
805	2.471	2.706	2.569	1.549	6
806	2.49	2.608	2.549	1.549	6
807	2.49	2.451	2.549	1.51	6
808	2.49	2.608	2.588	1.51	6
809	2.686	2.529	2.608	1.51	6
810	2.686	2.549	2.569	1.529	6
811	2.745	2.588	2.51	1.529	6
812	2.922	2.529	2.686	1.608	6
813	2.686	2.471	2.706	1.569	6
814	2.549	2.431	2.627	1.529	6
815	2.451	2.529	2.588	1.51	6
816	2.549	2.608	2.529	1.51	6
817	2.667	2.608	2.627	1.588	6
818	2.569	2.667	2.647	1.569	6
819	2.745	2.647	2.627	1.529	6
820	2.392	2.235	2.627	1.549	6
821	2.627	2.745	2.725	1.588	6
822	2.412	2.824	2.647	1.549	6
823	2.333	2.588	2.627	1.549	6
824	2.294	2.431	2.647	1.549	6
825	2.431	2.549	2.608	1.529	6
826	2.608	2.529	2.608	1.51	6
827	2.608	2.529	2.569	1.51	6
828	2.824	2.627	2.549	1.549	6
829	2.902	2.51	2.706	1.608	6
830	2.706	2.529	2.667	1.569	6
831	2.627	2.471	2.647	1.529	6
832	2.627	2.392	2.627	1.549	6
833	2.706	2.569	2.627	1.549	6
834	2.647	2.588	2.588	1.549	6
835	2.647	2.745	2.549	1.51	6
836	2.549	2.843	2.51	1.51	6
837	2.824	2.275	2.588	1.549	6
838	2.843	2.784	2.725	1.608	6
839	2.863	2.824	2.745	1.627	6
840	2.686	2.745	2.647	1.569	6
841	2.51	2.451	2.627	1.549	6
842	2.647	2.529	2.667	1.549	6
843	2.686	2.725	2.647	1.549	6
844	2.588	2.627	2.608	1.51	6
845	2.529	2.529	2.608	1.529	6
846	2.627	2.471	2.667	1.529	6
847	2.627	2.471	2.667	1.549	6
848	2.627	2.569	2.569	1.549	6
849	2.529	2.569	2.569	1.49	6
850	2.49	2.608	2.608	1.51	6
851	2.588	2.471	2.608	1.51	6
852	2.647	2.706	2.588	1.529	6
853	2.765	2.686	2.627	1.569	6
854	2.804	2.157	2.608	1.549	6
855	2.647	2.784	2.647	1.549	6
856	2.706	2.863	2.647	1.549	6
857	2.608	2.647	2.667	1.588	6
858	2.765	2.627	2.765	1.608	6
859	2.667	2.765	2.667	1.569	6
860	2.706	2.784	2.588	1.549	6
861	2.471	2.627	2.51	1.549	6
862	2.51	2.471	2.51	1.529	6
863	2.569	2.412	2.627	1.529	6
864	2.529	2.549	2.667	1.549	6
865	2.569	2.608	2.608	1.529	6
866	2.627	2.686	2.569	1.529	6
867	2.725	2.784	2.667	1.588	6
868	2.471	2.588	2.588	1.549	6
869	2.451	2.608	2.549	1.549	6
870	2.569	2.745	2.549	1.529	6
871	2.647	2.216	2.569	1.549	6
872	3.078	2.667	2.627	1.529	6
873	2.922	2.863	2.588	1.529	6
874	2.784	2.667	2.549	1.529	6
875	2.745	2.549	2.549	1.529	6
876	2.843	2.667	2.706	1.588	6
877	2.922	2.725	2.725	1.627	6
878	2.588	2.608	2.667	1.569	6
879	2.549	2.529	2.627	1.549	6
880	2.49	2.627	2.627	1.569	6
881	2.529	2.627	2.725	1.569	6
882	2.608	2.569	2.667	1.549	6
883	2.549	2.627	2.627	1.549	6
884	2.627	2.667	2.627	1.549	6
885	2.706	2.608	2.608	1.549	6
886	2.588	2.627	2.608	1.529	6
887	2.529	2.686	2.569	1.51	6
888	2.431	2.137	2.627	1.529	6
889	2.824	2.667	2.647	1.549	6
890	2.745	2.804	2.569	1.529	6
891	2.627	2.627	2.588	1.51	6
892	2.627	2.471	2.608	1.51	6
893	2.588	2.588	2.647	1.529	6
894	2.569	2.569	2.784	1.588	6
895	2.608	2.588	2.784	1.608	6
896	2.569	2.725	2.667	1.569	6
897	2.627	2.588	2.667	1.569	6
898	2.549	2.392	2.627	1.569	6
899	2.588	2.392	2.588	1.549	6
900	2.608	2.529	2.608	1.529	6
901	2.549	2.667	2.627	1.529	6
902	2.588	2.529	2.608	1.529	6
903	2.471	2.51	2.549	1.549	6
904	2.51	2.647	2.529	1.51	6
905	2.353	2.275	2.569	1.51	6
906	2.529	2.647	2.627	1.529	6
907	2.431	2.706	2.608	1.549	6
908	2.412	2.647	2.529	1.529	6
909	2.529	2.647	2.647	1.588	6
910	2.686	2.686	2.686	1.608	6
911	2.725	2.51	2.725	1.588	6
912	2.569	2.569	2.647	1.549	6
913	2.667	2.529	2.569	1.529	6
914	2.745	2.51	2.686	1.588	6
915	2.667	2.392	2.706	1.569	6
916	2.549	2.431	2.686	1.549	6
917	2.549	2.608	2.608	1.549	6
918	2.49	2.725	2.569	1.529	6
919	2.373	2.647	2.569	1.529	6
920	2.353	2.451	2.608	1.529	6
921	2.412	2.588	2.627	1.529	6
922	2.431	2.275	2.569	1.529	6
923	2.569	2.686	2.608	1.51	6
924	2.451	2.824	2.549	1.529	6
925	2.412	2.647	2.51	1.51	6
926	2.412	2.569	2.529	1.529	6
927	2.647	2.627	2.725	1.588	6
928	2.627	2.706	2.765	1.627	6
929	2.471	2.667	2.706	1.569	6
930	2.51	2.608	2.627	1.549	6
931	2.49	2.608	2.608	1.549	6
932	2.549	2.667	2.608	1.529	6
933	2.51	2.569	2.588	1.529	6
934	2.549	2.588	2.608	1.549	6
935	2.588	2.588	2.569	1.529	6
936	2.667	2.529	2.569	1.529	6
937	2.863	2.804	2.706	1.608	6
938	2.745	2.843	2.667	1.549	6
939	2.941	2.294	2.667	1.549	6
940	2.804	2.706	2.608	1.569	6
941	2.706	2.745	2.549	1.529	6
942	2.667	2.627	2.569	1.529	6
943	2.706	2.706	2.588	1.549	6
944	2.647	2.745	2.686	1.569	6
945	2.49	2.588	2.627	1.549	6
946	2.392	2.51	2.608	1.51	6
947	2.471	2.549	2.627	1.588	6
948	2.471	2.627	2.686	1.588	6
949	2.471	2.627	2.686	1.588	6
950	2.529	2.588	2.608	1.549	6
951	2.569	2.588	2.588	1.529	6
952	2.627	2.588	2.588	1.529	6
953	2.471	2.49	2.627	1.549	6
954	2.471	2.569	2.588	1.549	6
955	2.49	2.765	2.529	1.49	6
956	2.804	2.294	2.588	1.51	6
957	2.941	2.667	2.627	1.529	6
958	2.765	2.725	2.588	1.529	6
959	2.765	2.529	2.529	1.529	6
960	2.745	2.529	2.549	1.51	6
961	2.863	2.706	2.647	1.549	6
962	2.843	2.647	2.784	1.588	6
963	2.627	2.529	2.824	1.608	6
964	2.647	2.529	2.667	1.549	6
965	2.667	2.765	2.647	1.549	6
966	2.706	2.608	2.608	1.549	6
967	2.667	2.471	2.608	1.549	6
968	2.686	2.627	2.569	1.549	6
969	2.765	2.647	2.608	1.51	6
970	2.765	2.569	2.667	1.529	6
971	2.725	2.765	2.686	1.549	6
972	2.627	2.745	2.686	1.588	6
973	2.745	2.392	2.627	1.549	6
974	2.804	2.824	2.647	1.549	6
975	2.647	2.922	2.569	1.549	6
976	2.627	2.804	2.549	1.549	6
977	2.529	2.588	2.627	1.608	6
978	2.549	2.647	2.608	1.529	6
979	2.667	2.588	2.627	1.529	6
980	2.667	2.529	2.608	1.549	6
981	2.608	2.569	2.627	1.569	6
982	2.647	2.686	2.588	1.569	6
983	2.588	2.608	2.608	1.529	6
984	2.608	2.51	2.608	1.529	6
985	2.608	2.588	2.588	1.529	6
986	2.647	2.667	2.569	1.549	6
987	2.549	2.686	2.549	1.529	6
988	2.608	2.824	2.608	1.588	6
989	2.51	2.686	2.608	1.549	6
990	2.471	2.118	2.667	1.549	6
991	2.824	2.608	2.647	1.569	6
992	2.745	2.804	2.569	1.529	6
993	2.549	2.608	2.588	1.529	6
994	2.569	2.412	2.608	1.549	6
995	2.588	2.627	2.627	1.529	6
996	2.49	2.549	2.569	1.529	6
997	2.529	2.51	2.569	1.51	6
998	2.49	2.333	2.588	1.51	6
999	2.686	2.333	2.608	1.529	6
