time	channel1	channel2	channel3	channel4	class
0	2.039	2.0	2.078	1.647	0
1	2.02	2.216	2.02	1.667	0
2	2.059	2.49	2.118	1.667	0
3	2.118	2.176	2.098	1.608	0
4	2.039	1.686	2.02	1.451	0
5	1.902	1.353	2.137	1.373	0
6	2.0	1.745	2.373	1.392	0
7	2.451	1.922	2.137	1.529	0
8	2.392	1.922	1.902	1.529	0
9	1.961	1.902	2.0	1.392	0
10	2.0	1.941	2.314	1.451	0
11	2.098	1.824	2.314	1.431	0
12	1.824	1.627	2.314	1.314	0
13	1.765	1.667	2.275	1.294	0
14	1.902	1.745	2.137	1.392	0
15	1.902	1.824	2.059	1.431	0
16	2.118	2.941	1.922	1.451	0
17	1.98	3.059	2.078	1.353	0
18	1.98	1.784	2.255	1.373	0
19	2.039	1.725	2.294	1.471	0
20	2.137	1.745	2.235	1.51	0
21	2.255	2.333	2.02	1.529	0
22	2.255	2.608	1.922	1.49	0
23	2.02	2.627	2.059	1.471	0
24	2.784	2.314	2.196	1.647	0
25	2.549	2.608	2.176	1.686	0
26	2.353	2.118	2.078	1.647	0
27	2.137	1.627	1.98	1.627	0
28	1.941	1.902	2.098	1.529	0
29	2.098	2.098	2.137	1.49	0
30	2.196	2.078	2.078	1.49	0
31	2.0	2.039	2.098	1.431	0
32	1.941	1.941	2.314	1.451	0
33	2.02	1.824	2.353	1.49	0
34	2.294	1.784	2.216	1.569	0
35	2.216	2.275	2.078	1.608	0
36	2.137	2.451	2.059	1.529	0
37	2.216	2.098	2.039	1.451	0
38	2.216	2.118	2.039	1.471	0
39	2.098	1.627	2.235	1.451	0
40	2.137	1.98	2.275	1.451	0
41	2.686	2.255	2.216	1.549	0
42	2.569	2.137	2.039	1.608	0
43	2.51	2.078	2.078	1.647	0
44	2.216	2.196	2.098	1.627	0
45	2.176	1.961	2.098	1.569	0
46	2.255	1.961	2.118	1.549	0
47	2.392	2.039	1.98	1.667	0
48	2.373	2.431	2.02	1.765	0
49	2.392	2.49	2.196	1.784	0
50	2.412	2.078	2.196	1.745	0
51	2.392	2.275	2.118	1.627	0
52	2.235	2.059	2.118	1.588	0
53	2.314	2.333	2.039	1.667	0
54	2.392	2.941	2.098	1.765	0
55	2.255	2.157	2.118	1.784	0
56	2.157	1.922	2.118	1.686	0
57	1.902	1.902	2.176	1.647	0
58	2.039	1.922	2.157	1.686	0
59	2.059	2.157	2.078	1.686	0
60	1.98	2.471	2.118	1.667	0
61	2.02	2.118	2.275	1.667	0
62	2.137	2.02	2.196	1.627	0
63	2.176	2.216	2.039	1.569	0
64	2.098	1.843	2.118	1.51	0
65	2.059	1.843	2.333	1.431	0
66	1.902	1.824	2.431	1.471	0
67	1.784	1.647	2.392	1.431	0
68	1.941	1.725	2.078	1.49	0
69	2.078	1.784	1.922	1.569	0
70	2.196	1.961	2.02	1.549	0
71	2.137	2.039	2.294	1.49	0
72	2.098	2.176	2.275	1.451	0
73	2.098	2.216	2.157	1.49	0
74	2.196	2.412	2.157	1.51	0
75	2.51	2.196	2.157	1.569	0
76	2.255	1.941	2.176	1.588	0
77	2.078	2.235	2.039	1.627	0
78	1.98	2.49	2.0	1.667	0
79	1.961	2.255	2.118	1.706	0
80	2.137	1.961	2.098	1.647	0
81	2.098	1.922	2.118	1.588	0
82	2.059	2.196	2.157	1.549	0
83	1.98	2.196	2.235	1.529	0
84	1.961	2.0	2.255	1.588	0
85	2.157	2.02	2.255	1.745	0
86	2.373	2.471	2.098	1.784	0
87	2.216	2.961	1.941	1.745	0
88	2.02	2.863	1.882	1.627	0
89	1.961	2.039	2.078	1.569	0
90	2.0	1.529	2.333	1.529	0
91	2.098	1.98	2.294	1.569	0
92	2.451	2.235	2.196	1.627	0
93	2.255	2.137	2.157	1.647	0
94	2.039	2.118	2.098	1.608	0
95	1.745	2.059	2.078	1.529	0
96	2.059	2.098	2.0	1.529	0
97	2.373	2.118	1.922	1.706	0
98	2.333	2.902	1.961	1.667	0
99	2.078	2.078	2.157	1.51	0
100	1.902	1.588	2.255	1.373	0
101	1.843	1.49	2.255	1.294	0
102	2.137	1.765	2.137	1.431	0
103	2.02	1.882	2.098	1.608	0
104	2.216	2.451	2.039	1.706	0
105	2.294	2.961	2.098	1.667	0
106	2.137	2.137	2.059	1.569	0
107	2.118	1.412	2.098	1.49	0
108	2.059	1.902	2.157	1.451	0
109	2.294	2.039	2.137	1.51	0
110	2.333	2.549	2.0	1.667	0
111	2.098	2.549	2.098	1.765	0
112	1.922	2.02	2.157	1.765	0
113	2.098	1.961	2.176	1.765	0
114	2.275	2.196	2.176	1.824	0
115	2.235	1.961	2.118	1.863	0
116	2.196	2.039	2.078	1.804	0
117	2.176	2.373	2.059	1.765	0
118	2.235	2.275	2.059	1.765	0
119	2.137	2.137	2.078	1.765	0
120	2.176	2.039	2.157	1.745	0
121	2.216	2.275	2.196	1.765	0
122	2.176	2.314	2.137	1.765	0
123	2.039	1.706	2.176	1.765	0
124	2.078	1.51	2.157	1.706	0
125	2.059	1.961	2.176	1.725	0
126	2.314	2.49	2.118	1.745	0
127	2.098	2.059	2.098	1.686	0
128	1.902	1.627	2.118	1.627	0
129	1.765	1.765	2.216	1.608	0
130	1.961	1.843	2.157	1.667	0
131	2.137	1.961	2.157	1.686	0
132	2.235	1.98	2.059	1.667	0
133	2.176	1.961	2.098	1.647	0
134	2.235	1.941	2.216	1.667	0
135	2.333	1.686	2.275	1.667	0
136	2.176	1.725	2.216	1.588	0
137	2.039	1.843	2.235	1.529	0
138	1.941	1.863	2.176	1.529	0
139	2.118	2.039	2.039	1.549	0
140	2.02	2.078	2.098	1.51	0
141	2.059	2.314	2.255	1.451	0
142	1.941	1.98	2.392	1.569	0
143	1.961	1.824	2.255	1.608	0
144	1.98	2.196	2.02	1.608	0
145	2.078	2.784	1.961	1.608	0
146	1.902	2.353	2.137	1.529	0
147	1.961	1.784	2.294	1.431	0
148	2.294	2.0	2.255	1.471	0
149	2.412	2.059	2.157	1.608	0
150	2.294	2.392	2.137	1.686	0
151	2.294	2.824	2.216	1.725	0
152	2.392	2.725	2.098	1.745	0
153	2.275	2.314	2.0	1.667	0
154	2.176	2.196	2.098	1.647	0
155	2.412	2.255	2.176	1.667	0
156	2.392	2.02	2.118	1.667	0
157	2.235	1.98	2.098	1.706	0
158	2.216	2.176	1.922	1.843	0
159	2.255	2.725	2.039	1.804	0
160	2.118	2.882	2.157	1.706	0
161	1.98	2.392	2.137	1.706	0
162	1.941	2.216	2.078	1.686	0
163	2.039	1.98	2.059	1.627	0
164	1.961	1.98	2.059	1.608	0
165	1.882	1.902	2.216	1.647	0
166	2.118	2.02	2.176	1.706	0
167	2.059	2.314	2.039	1.686	0
168	2.02	2.529	2.0	1.667	0
169	2.078	1.961	2.098	1.686	0
170	2.059	2.078	2.196	1.647	0
171	2.118	2.588	2.157	1.627	0
172	2.059	2.412	2.118	1.647	0
173	1.902	1.647	2.176	1.667	0
174	1.706	1.627	2.098	1.706	0
175	1.824	1.843	1.98	1.686	0
176	2.039	2.471	2.02	1.627	0
177	1.804	2.137	2.157	1.608	0
178	1.804	1.824	2.157	1.549	0
179	1.863	1.843	2.118	1.588	0
180	1.902	1.863	2.078	1.549	0
181	1.784	1.784	2.059	1.51	0
182	1.765	1.824	2.118	1.588	0
183	1.902	1.824	2.137	1.608	0
184	2.039	1.922	2.157	1.569	0
185	2.078	2.333	2.137	1.529	0
186	2.02	2.294	2.176	1.49	0
187	2.0	1.706	2.275	1.49	0
188	2.0	1.725	2.314	1.588	0
189	2.137	2.098	2.255	1.627	0
190	2.176	2.294	2.196	1.608	0
191	2.255	2.039	2.137	1.549	0
192	2.235	2.118	2.118	1.569	0
193	2.451	2.588	2.098	1.686	0
194	2.333	2.216	2.137	1.824	0
195	2.412	2.294	2.176	1.765	0
196	2.157	2.745	2.255	1.686	0
197	2.039	2.098	2.255	1.686	0
198	2.078	2.275	2.176	1.765	0
199	2.255	2.02	2.098	1.804	0
200	2.216	2.0	2.039	1.784	0
201	2.137	2.667	2.039	1.784	0
202	2.235	2.588	2.059	1.745	0
203	2.098	2.157	2.098	1.745	0
204	2.216	1.941	2.157	1.784	0
205	2.196	2.157	2.118	1.824	0
206	2.196	2.176	2.059	1.804	0
207	2.255	2.235	2.039	1.765	0
208	2.098	2.02	2.098	1.745	0
209	2.098	2.098	2.059	1.745	0
210	2.275	2.392	2.078	1.745	0
211	2.235	1.98	2.157	1.725	0
212	2.196	1.765	2.137	1.706	0
213	2.275	1.784	2.137	1.667	0
214	2.294	2.02	2.098	1.647	0
215	2.137	1.941	2.118	1.667	0
216	2.0	2.0	2.235	1.706	0
217	1.902	1.765	2.235	1.706	0
218	1.941	1.863	2.176	1.667	0
219	1.961	2.059	2.118	1.627	0
220	1.98	2.059	2.059	1.647	0
221	1.98	2.059	2.216	1.608	0
222	2.02	1.804	2.255	1.627	0
223	2.02	1.863	2.157	1.647	0
224	1.961	2.02	2.196	1.667	0
225	1.941	1.98	2.157	1.647	0
226	2.02	1.843	2.078	1.627	0
227	2.176	2.216	2.098	1.608	0
228	2.157	2.157	2.098	1.627	0
229	2.235	2.059	2.137	1.667	0
230	2.137	1.941	2.255	1.647	0
231	2.196	1.961	2.216	1.608	0
232	2.118	2.059	2.02	1.627	0
233	2.118	2.059	2.078	1.627	0
234	2.196	2.275	2.157	1.706	0
235	2.098	2.294	2.176	1.686	0
236	2.098	2.451	2.176	1.627	0
237	2.059	2.216	2.098	1.667	0
238	1.922	2.196	2.118	1.686	0
239	2.078	2.294	2.118	1.667	0
240	2.098	2.373	2.118	1.647	0
241	2.118	2.118	2.118	1.647	0
242	1.98	2.255	2.137	1.667	0
243	1.922	1.922	2.137	1.627	0
244	2.255	2.0	2.157	1.627	0
245	2.431	2.216	2.078	1.686	0
246	2.235	2.0	2.098	1.627	0
247	2.216	2.039	2.157	1.569	0
248	2.216	2.02	2.137	1.549	0
249	2.216	1.98	2.157	1.51	0
250	2.314	1.922	2.078	1.549	0
251	2.118	1.882	2.137	1.569	0
252	1.961	2.02	2.176	1.608	0
253	1.941	2.353	2.216	1.647	0
254	2.059	2.235	2.118	1.588	0
255	2.098	2.02	2.157	1.549	0
256	2.078	1.902	2.235	1.549	0
257	2.098	1.941	2.255	1.667	0
258	2.373	2.294	2.255	1.725	0
259	2.333	2.902	2.137	1.706	0
260	2.353	2.451	2.059	1.706	0
261	2.294	2.216	2.098	1.725	0
262	2.451	2.118	2.118	1.745	0
263	2.471	2.627	2.02	1.745	0
264	2.373	2.608	2.039	1.765	0
265	2.216	1.922	2.137	1.745	0
266	2.255	2.333	2.157	1.725	0
267	2.137	2.392	2.137	1.725	0
268	1.961	1.98	2.059	1.765	0
269	1.941	2.118	2.02	1.765	0
270	1.941	2.275	2.078	1.784	0
271	2.118	2.0	2.118	1.765	0
272	2.216	2.216	2.078	1.784	0
273	2.02	2.49	2.02	1.784	0
274	2.039	2.451	2.039	1.765	0
275	2.118	2.0	2.118	1.725	0
276	2.078	1.941	2.176	1.745	0
277	1.961	2.059	2.078	1.745	0
278	2.235	1.706	2.078	1.745	0
279	2.059	1.745	2.196	1.686	0
280	2.216	2.039	2.216	1.686	0
281	2.235	2.235	2.137	1.745	0
282	2.02	2.039	2.118	1.725	0
283	1.941	2.02	2.098	1.706	0
284	2.098	1.882	2.098	1.686	0
285	2.039	1.922	2.078	1.667	0
286	1.98	1.902	2.157	1.627	0
287	2.039	1.667	2.235	1.608	0
288	2.098	1.784	2.196	1.647	0
289	2.098	1.863	2.137	1.667	0
290	2.118	1.902	2.157	1.647	0
291	2.196	2.176	2.137	1.686	0
292	2.098	1.922	2.118	1.667	0
293	2.059	1.686	2.078	1.667	0
294	2.176	2.098	2.078	1.647	0
295	2.49	2.02	2.157	1.627	0
296	2.392	1.863	2.118	1.627	0
297	2.353	1.824	2.137	1.647	0
298	2.216	1.922	2.196	1.647	0
299	2.157	1.941	2.196	1.667	0
300	2.118	2.137	2.176	1.627	0
301	2.02	2.235	2.098	1.627	0
302	1.98	2.176	2.039	1.647	0
303	2.0	2.294	2.137	1.647	0
304	2.078	1.961	2.235	1.647	0
305	2.039	1.882	2.275	1.647	0
306	2.118	1.902	2.235	1.647	0
307	2.235	2.118	2.196	1.608	0
308	2.333	2.275	2.235	1.608	0
309	2.216	2.216	2.196	1.667	0
310	2.216	1.804	2.216	1.686	0
311	2.137	2.235	2.255	1.686	0
312	2.529	2.02	2.196	1.667	0
313	2.608	2.039	2.118	1.667	0
314	2.412	2.137	2.059	1.667	0
315	2.353	2.157	2.098	1.627	0
316	2.216	2.216	2.157	1.667	0
317	2.353	2.51	2.157	1.706	0
318	2.157	2.216	2.157	1.667	0
319	2.098	2.118	2.118	1.647	0
320	2.0	2.529	2.098	1.686	0
321	2.216	2.725	2.078	1.765	0
322	2.196	2.373	1.961	1.784	0
323	2.235	2.137	2.059	1.725	0
324	2.235	2.255	2.118	1.686	0
325	2.314	2.314	2.078	1.706	0
326	2.333	2.51	2.059	1.765	0
327	2.353	2.49	2.02	1.804	0
328	2.176	2.255	2.039	1.745	0
329	2.196	1.961	2.118	1.706	0
330	2.216	2.02	2.137	1.745	0
331	2.235	2.216	2.137	1.745	0
332	2.157	2.196	2.157	1.706	0
333	2.078	2.078	2.098	1.706	0
334	2.137	1.882	2.137	1.667	0
335	2.176	1.843	2.216	1.706	0
336	2.137	2.0	2.176	1.686	0
337	1.941	2.235	2.098	1.667	0
338	1.941	1.941	2.098	1.647	0
339	1.941	1.765	2.176	1.627	0
340	2.078	1.804	2.235	1.647	0
341	2.275	2.412	2.235	1.667	0
342	2.235	2.275	2.176	1.686	0
343	2.039	1.882	2.157	1.667	0
344	2.039	1.686	2.039	1.647	0
345	2.02	2.235	2.0	1.667	0
346	2.216	2.314	2.059	1.667	0
347	2.118	2.0	2.176	1.667	0
348	1.98	1.882	2.176	1.667	0
349	1.902	2.196	2.098	1.686	0
350	1.882	2.255	2.039	1.667	0
351	2.078	2.667	2.137	1.667	0
352	2.235	2.431	2.157	1.667	0
353	2.235	2.039	2.118	1.667	0
354	2.157	2.294	2.078	1.647	0
355	2.235	2.039	2.118	1.647	0
356	2.176	1.843	2.137	1.647	0
357	2.118	2.059	2.118	1.667	0
358	2.078	2.137	2.176	1.647	0
359	2.098	2.118	2.196	1.667	0
360	2.039	2.059	2.176	1.647	0
361	2.0	1.941	2.078	1.627	0
362	1.922	2.157	2.02	1.608	0
363	2.039	1.922	2.137	1.608	0
364	2.294	1.941	2.255	1.647	0
365	2.098	2.098	2.176	1.686	0
366	2.02	1.941	2.118	1.647	0
367	2.078	1.98	2.176	1.608	0
368	2.275	2.02	2.157	1.627	0
369	2.294	1.765	2.176	1.627	0
370	2.216	1.863	2.137	1.667	0
371	2.157	2.294	2.078	1.686	0
372	2.216	2.078	2.137	1.706	0
373	2.275	1.961	2.176	1.686	0
374	2.275	2.02	2.176	1.647	0
375	2.235	2.118	2.157	1.627	0
376	2.314	2.02	2.157	1.667	0
377	2.471	2.196	2.118	1.765	0
378	2.392	2.216	2.02	1.824	0
379	2.059	2.059	2.039	1.745	0
380	2.196	1.882	2.157	1.667	0
381	2.373	2.059	2.216	1.667	0
382	2.216	2.471	2.118	1.686	0
383	2.059	2.392	2.137	1.686	0
384	2.039	2.137	2.157	1.706	0
385	2.118	2.314	2.137	1.745	0
386	2.137	2.196	2.059	1.784	0
387	2.137	2.02	2.039	1.725	0
388	2.137	2.412	2.137	1.647	0
389	2.098	2.412	2.235	1.647	0
390	2.118	2.039	2.216	1.647	0
391	2.137	2.353	2.196	1.706	0
392	2.098	2.392	2.176	1.765	0
393	2.118	2.137	2.176	1.765	0
394	2.039	2.039	2.157	1.745	0
395	2.078	1.98	2.098	1.706	0
396	1.98	2.451	2.118	1.667	0
397	2.059	2.275	2.137	1.706	0
398	2.0	1.961	2.157	1.725	0
399	1.902	2.118	2.157	1.706	0
400	1.843	2.098	2.118	1.706	0
401	1.941	2.196	2.137	1.706	0
402	2.059	2.157	2.176	1.706	0
403	2.078	1.765	2.196	1.706	0
404	2.137	1.961	2.176	1.686	0
405	2.118	2.471	2.118	1.667	0
406	2.098	2.059	2.078	1.627	0
407	2.039	1.667	2.078	1.588	0
408	2.098	1.784	2.137	1.569	0
409	2.196	2.098	2.176	1.647	0
410	2.216	2.608	2.118	1.725	0
411	2.118	2.275	2.059	1.667	0
412	2.0	1.549	2.059	1.588	0
413	1.902	1.745	2.098	1.569	0
414	2.059	1.922	2.196	1.588	0
415	2.059	1.941	2.137	1.627	0
416	2.176	1.98	2.098	1.627	0
417	2.157	2.059	2.098	1.647	0
418	2.137	2.059	2.059	1.627	0
419	2.137	2.039	2.137	1.627	0
420	2.157	1.843	2.196	1.647	0
421	2.137	1.961	2.137	1.667	0
422	2.059	2.333	2.098	1.667	0
423	2.196	2.176	2.137	1.686	0
424	2.176	2.02	2.078	1.706	0
425	2.255	2.196	2.157	1.686	0
426	2.235	2.431	2.176	1.706	0
427	2.333	2.471	2.196	1.725	0
428	2.255	2.039	2.137	1.745	0
429	2.294	1.941	2.137	1.745	0
430	2.118	2.412	2.039	1.706	0
431	2.176	2.235	2.059	1.667	0
432	2.157	2.235	2.098	1.725	0
433	2.137	2.294	2.098	1.765	0
434	2.137	2.157	2.137	1.745	0
435	2.137	2.078	2.137	1.725	0
436	2.137	2.098	2.176	1.706	0
437	2.0	2.098	2.157	1.686	0
438	2.0	2.02	2.078	1.686	0
439	2.0	2.392	2.098	1.706	0
440	2.02	2.02	2.157	1.686	0
441	2.0	1.922	2.157	1.686	0
442	1.98	2.118	2.157	1.667	0
443	2.098	2.098	2.157	1.686	0
444	2.176	2.098	2.216	1.667	0
445	2.118	2.235	2.137	1.686	0
446	2.078	1.98	2.078	1.706	0
447	2.078	2.392	2.176	1.706	0
448	2.137	2.118	2.255	1.725	0
449	1.843	2.039	2.196	1.745	0
450	1.804	1.882	2.176	1.686	0
451	1.882	1.98	2.176	1.627	0
452	1.902	2.02	2.098	1.647	0
453	2.098	2.059	2.118	1.686	0
454	2.255	1.902	2.176	1.686	0
455	2.275	2.039	2.137	1.667	0
456	2.157	2.294	2.059	1.647	0
457	2.059	2.02	2.176	1.608	0
458	2.059	1.922	2.255	1.549	0
459	2.0	2.02	2.176	1.588	0
460	2.0	2.176	2.098	1.647	0
461	2.0	2.294	2.02	1.667	0
462	2.098	1.961	2.078	1.608	0
463	2.118	1.804	2.118	1.608	0
464	1.98	2.294	2.039	1.627	0
465	2.196	2.137	2.078	1.569	0
466	2.02	2.118	2.098	1.588	0
467	2.059	2.118	2.059	1.627	0
468	2.059	2.078	2.059	1.647	0
469	1.98	1.902	2.098	1.627	0
470	2.176	1.98	2.118	1.647	0
471	2.275	1.98	2.118	1.647	0
472	2.196	2.078	2.059	1.627	0
473	2.176	2.412	2.059	1.627	0
474	2.176	2.196	2.118	1.608	0
475	2.216	2.333	2.157	1.647	0
476	2.157	2.412	2.098	1.686	0
477	2.314	2.373	2.137	1.745	0
478	2.275	2.157	2.137	1.725	0
479	2.255	2.0	2.196	1.667	0
480	2.314	2.314	2.157	1.686	0
481	2.176	2.549	2.039	1.706	0
482	2.216	2.216	2.098	1.725	0
483	2.059	2.098	2.157	1.706	0
484	2.0	2.157	2.176	1.745	0
485	1.941	2.078	2.157	1.765	0
486	2.039	2.216	2.157	1.765	0
487	2.098	2.255	2.157	1.765	0
488	2.059	1.941	2.157	1.745	0
489	2.039	1.902	2.137	1.706	0
490	2.02	2.216	2.137	1.686	0
491	2.118	2.0	2.196	1.686	0
492	2.118	2.157	2.176	1.745	0
493	2.059	2.333	2.137	1.784	0
494	2.078	2.235	2.157	1.745	0
495	2.137	2.137	2.157	1.706	0
496	2.0	1.961	2.176	1.706	0
497	2.078	1.863	2.157	1.725	0
498	2.02	2.235	2.137	1.725	0
499	2.059	2.078	2.176	1.725	0
500	1.902	2.0	2.176	1.745	0
501	2.02	1.98	2.118	1.745	0
502	2.02	2.059	2.098	1.745	0
503	2.059	2.137	2.196	1.725	0
504	1.961	2.098	2.196	1.706	0
505	1.922	1.902	2.176	1.706	0
506	1.824	1.824	2.098	1.706	0
507	1.902	2.275	2.098	1.686	0
508	2.02	2.196	2.157	1.686	0
509	1.961	2.078	2.196	1.686	0
510	2.0	2.0	2.176	1.706	0
511	2.078	1.961	2.176	1.706	0
512	2.137	2.0	2.157	1.686	0
513	2.216	1.98	2.137	1.667	0
514	2.137	1.863	2.137	1.686	0
515	2.039	2.157	2.098	1.686	0
516	2.333	2.078	2.118	1.667	0
517	2.255	1.961	2.098	1.686	0
518	2.196	2.02	2.137	1.686	0
519	2.176	2.02	2.176	1.686	0
520	2.255	1.922	2.157	1.667	0
521	2.275	1.961	2.176	1.647	0
522	2.216	1.902	2.176	1.667	0
523	2.118	1.98	2.137	1.667	0
524	2.078	2.314	2.137	1.667	0
525	2.0	2.137	2.157	1.667	0
526	2.0	1.941	2.137	1.627	0
527	1.961	2.078	2.137	1.627	0
528	2.02	2.216	2.137	1.667	0
529	2.078	2.275	2.176	1.667	0
530	2.078	2.275	2.157	1.667	0
531	2.039	2.157	2.098	1.667	0
532	1.961	2.431	2.039	1.647	0
533	2.412	2.314	2.157	1.627	0
534	2.373	2.157	2.196	1.647	0
535	2.275	2.137	2.118	1.667	0
536	2.275	2.137	2.078	1.647	0
537	2.118	2.02	2.078	1.647	0
538	2.078	2.098	2.137	1.627	0
539	2.157	2.118	2.118	1.647	0
540	2.02	2.137	2.078	1.647	0
541	1.882	2.412	2.118	1.647	0
542	1.922	2.098	2.137	1.667	0
543	2.0	1.902	2.137	1.667	0
544	2.118	2.098	2.196	1.667	0
545	2.137	2.216	2.196	1.686	0
546	2.118	2.098	2.196	1.667	0
547	2.098	1.961	2.196	1.627	0
548	2.235	1.863	2.098	1.647	0
549	2.196	2.353	2.0	1.706	0
550	2.608	2.451	2.059	1.765	0
551	2.412	2.078	2.137	1.765	0
552	2.294	1.922	2.137	1.706	0
553	2.294	2.059	2.137	1.667	0
554	2.333	2.059	2.137	1.667	0
555	2.255	2.216	2.137	1.667	0
556	2.157	2.078	2.098	1.686	0
557	2.098	1.961	2.118	1.706	0
558	2.098	2.353	2.098	1.706	0
559	2.098	2.196	2.098	1.725	0
560	2.059	2.137	2.078	1.706	0
561	2.157	2.275	2.039	1.706	0
562	2.118	2.275	2.098	1.725	0
563	2.137	2.314	2.098	1.725	0
564	2.039	2.118	2.118	1.706	0
565	2.039	1.941	2.118	1.706	0
566	1.922	2.255	2.078	1.706	0
567	2.353	2.137	2.118	1.686	0
568	2.294	2.176	2.118	1.706	0
569	2.098	2.039	2.078	1.706	0
570	2.059	1.98	2.118	1.725	0
571	2.02	2.039	2.118	1.706	0
572	2.059	2.137	2.098	1.706	0
573	2.098	2.039	2.118	1.667	0
574	2.039	1.941	2.118	1.686	0
575	2.098	2.294	2.157	1.686	0
576	2.157	2.098	2.176	1.686	0
577	2.078	1.961	2.157	1.686	0
578	2.137	2.059	2.137	1.686	0
579	2.118	2.255	2.176	1.706	0
580	2.176	2.216	2.157	1.686	0
581	2.157	2.039	2.137	1.706	0
582	2.059	1.784	2.157	1.686	0
583	2.078	2.118	2.176	1.686	0
584	2.118	2.118	2.196	1.667	0
585	2.314	2.0	2.157	1.706	0
586	2.314	2.02	2.118	1.706	0
587	2.294	2.078	2.118	1.686	0
588	2.157	2.059	2.137	1.667	0
589	2.098	1.98	2.157	1.647	0
590	2.059	1.882	2.176	1.647	0
591	2.02	1.961	2.137	1.647	0
592	1.98	2.314	2.137	1.647	0
593	1.902	2.137	2.157	1.647	0
594	1.98	2.039	2.176	1.647	0
595	2.078	2.098	2.157	1.647	0
596	2.039	2.157	2.137	1.647	0
597	2.059	2.275	2.137	1.647	0
598	2.0	2.235	2.137	1.686	0
599	2.02	2.02	2.157	1.667	0
600	2.02	2.275	2.118	1.667	0
601	2.255	2.216	2.157	1.667	0
602	2.314	2.137	2.157	1.667	0
603	2.275	2.118	2.118	1.686	0
604	2.216	2.059	2.118	1.667	0
605	2.137	2.0	2.157	1.667	0
606	2.118	2.157	2.196	1.667	0
607	2.196	2.137	2.118	1.686	0
608	2.078	2.02	2.078	1.686	0
609	2.059	2.431	2.157	1.686	0
610	2.0	2.235	2.216	1.686	0
611	2.0	2.059	2.196	1.686	0
612	2.157	2.137	2.137	1.706	0
613	2.196	2.255	2.137	1.706	0
614	2.118	2.176	2.118	1.706	0
615	2.235	2.039	2.118	1.706	0
616	2.216	1.941	2.098	1.725	0
617	2.098	2.157	2.118	1.706	0
618	2.078	2.059	2.157	1.667	0
619	2.373	2.0	2.176	1.686	0
620	2.314	2.0	2.176	1.706	0
621	2.176	2.039	2.157	1.706	0
622	2.0	2.039	2.118	1.667	0
623	2.118	2.039	2.118	1.667	0
624	2.294	2.0	2.059	1.647	0
625	2.196	1.961	2.02	1.647	0
626	2.176	2.392	2.078	1.667	0
627	2.118	2.196	2.157	1.667	0
628	2.059	2.059	2.157	1.667	0
629	2.137	2.078	2.118	1.667	0
630	2.137	2.137	2.098	1.667	0
631	2.157	2.216	2.078	1.667	0
632	2.118	2.098	2.098	1.686	0
633	2.118	1.902	2.098	1.706	0
634	2.098	2.255	2.078	1.706	0
635	2.098	2.216	2.098	1.686	0
636	2.431	2.02	2.137	1.686	0
637	2.392	2.039	2.118	1.706	0
638	2.294	2.078	2.118	1.706	0
639	2.176	2.137	2.137	1.706	0
640	2.118	2.118	2.098	1.706	0
641	2.392	2.039	2.176	1.706	0
642	2.196	2.0	2.137	1.706	0
643	2.137	2.451	2.118	1.706	0
644	2.098	2.255	2.157	1.706	0
645	2.039	2.059	2.157	1.706	0
646	2.078	2.02	2.157	1.725	0
647	2.039	2.137	2.157	1.725	0
648	2.157	2.255	2.157	1.725	0
649	2.314	2.118	2.157	1.725	0
650	2.216	2.0	2.098	1.745	0
651	2.157	2.412	2.059	1.725	0
652	1.98	2.255	2.098	1.725	0
653	2.235	1.922	2.157	1.706	0
654	2.196	1.961	2.176	1.725	0
655	2.157	2.039	2.137	1.706	0
656	2.02	2.059	2.118	1.686	0
657	2.078	2.118	2.118	1.686	0
658	2.255	1.961	2.137	1.686	0
659	2.196	1.941	2.118	1.686	0
660	2.176	2.353	2.137	1.667	0
661	2.216	2.078	2.196	1.667	0
662	2.196	1.922	2.196	1.667	0
663	2.176	2.02	2.176	1.667	0
664	2.157	2.098	2.137	1.667	0
665	2.176	2.196	2.118	1.667	0
666	2.098	2.098	2.157	1.686	0
667	2.059	1.922	2.157	1.686	0
668	2.0	2.196	2.118	1.667	0
669	1.882	2.176	2.137	1.667	0
670	2.078	2.039	2.176	1.686	0
671	2.078	2.059	2.157	1.706	0
672	2.059	2.078	2.157	1.686	0
673	2.078	1.98	2.157	1.667	0
674	2.196	2.098	2.118	1.667	0
675	2.235	2.02	2.098	1.667	0
676	2.078	2.0	2.078	1.667	0
677	2.059	2.431	2.137	1.667	0
678	2.216	2.255	2.176	1.686	0
679	2.157	2.039	2.157	1.686	0
680	2.196	2.098	2.157	1.686	0
681	2.235	2.196	2.176	1.686	0
682	2.294	2.314	2.157	1.706	0
683	2.216	2.196	2.137	1.706	0
684	2.157	1.922	2.137	1.706	0
685	2.059	2.196	2.118	1.686	0
686	2.196	2.118	2.176	1.686	0
687	2.412	2.059	2.157	1.686	0
688	2.255	2.098	2.078	1.706	0
689	2.118	2.059	2.098	1.706	0
690	2.098	2.0	2.157	1.686	0
691	2.216	2.078	2.176	1.686	0
692	2.176	2.02	2.137	1.667	0
693	2.039	1.98	2.078	1.667	0
694	2.059	2.333	2.157	1.667	0
695	2.137	2.137	2.216	1.667	0
696	2.176	2.059	2.157	1.667	0
697	2.157	2.137	2.118	1.686	0
698	2.118	2.157	2.098	1.686	0
699	2.255	2.314	2.098	1.667	0
700	2.235	2.294	2.059	1.686	0
701	2.137	1.941	2.059	1.686	0
702	2.098	2.216	2.118	1.686	0
703	1.941	2.118	2.157	1.667	0
704	2.078	2.02	2.157	1.667	0
705	2.098	2.078	2.078	1.686	0
706	1.98	2.098	2.078	1.686	0
707	1.922	2.078	2.059	1.667	0
708	2.098	2.137	2.098	1.667	0
709	2.294	2.118	2.118	1.667	0
710	2.235	2.0	2.078	1.686	0
711	2.275	2.412	2.078	1.667	0
712	2.294	2.216	2.118	1.686	0
713	2.157	2.039	2.176	1.686	0
714	2.059	2.098	2.216	1.706	0
715	2.039	2.137	2.235	1.706	0
716	2.059	2.118	2.255	1.725	0
717	1.922	2.078	2.255	1.725	0
718	2.098	1.98	2.157	1.725	0
719	1.941	2.392	2.0	1.725	0
720	1.941	2.196	2.02	1.706	0
721	1.843	2.098	2.137	1.725	0
722	1.863	2.039	2.196	1.725	0
723	1.784	2.078	2.196	1.725	0
724	1.686	2.039	2.176	1.706	0
725	1.882	2.059	2.157	1.706	0
726	1.961	1.98	2.118	1.706	0
727	2.02	1.961	2.039	1.686	0
728	2.078	2.373	2.02	1.686	0
729	2.176	2.137	2.078	1.686	0
730	2.235	2.02	2.078	1.686	0
731	2.157	2.078	2.059	1.686	0
732	2.098	2.157	2.059	1.686	0
733	2.098	2.176	2.098	1.686	0
734	1.98	2.118	2.118	1.686	0
735	2.0	1.922	2.098	1.686	0
736	2.02	2.275	2.059	1.667	0
737	2.098	2.176	2.118	1.667	0
738	1.922	1.98	2.157	1.686	0
739	1.902	1.98	2.137	1.686	0
740	1.863	2.02	2.118	1.686	0
741	1.98	2.0	2.118	1.647	0
742	2.157	2.02	2.176	1.647	0
743	2.137	1.98	2.196	1.647	0
744	2.059	1.961	2.176	1.647	0
745	2.039	2.353	2.137	1.667	0
746	2.098	2.137	2.176	1.647	0
747	2.059	2.02	2.196	1.647	0
748	2.078	2.196	2.176	1.667	0
749	2.078	2.275	2.118	1.667	0
750	2.039	2.157	2.137	1.667	0
751	2.0	2.059	2.176	1.667	0
752	2.118	1.922	2.176	1.667	0
753	2.078	2.196	2.137	1.686	0
754	2.078	2.137	2.157	1.667	0
755	2.039	2.039	2.196	1.686	0
756	2.0	2.098	2.137	1.686	0
757	1.98	2.098	2.118	1.686	0
758	1.843	2.02	2.118	1.686	0
759	1.941	2.078	2.137	1.667	0
760	2.059	2.078	2.098	1.647	0
761	2.059	2.0	2.078	1.667	0
762	2.02	2.431	2.098	1.667	0
763	2.157	2.255	2.137	1.686	0
764	2.216	2.039	2.157	1.667	0
765	2.176	2.118	2.176	1.686	0
766	2.157	2.176	2.157	1.686	0
767	2.157	2.235	2.137	1.686	0
768	2.059	2.157	2.137	1.706	0
769	2.157	1.922	2.118	1.686	0
770	2.078	2.176	2.098	1.686	0
771	2.216	2.157	2.137	1.667	0
772	2.039	2.039	2.157	1.686	0
773	1.941	2.039	2.157	1.686	0
774	1.863	2.039	2.196	1.686	0
775	1.961	2.039	2.196	1.667	0
776	2.059	2.098	2.118	1.667	0
777	2.137	2.02	2.098	1.667	0
778	2.078	2.0	2.137	1.667	0
779	2.078	2.451	2.137	1.667	0
780	2.02	2.216	2.196	1.667	0
781	2.02	2.0	2.196	1.667	0
782	2.0	2.078	2.157	1.667	0
783	2.098	2.176	2.118	1.667	0
784	2.059	2.235	2.098	1.686	0
785	1.922	2.098	2.157	1.686	0
786	2.039	1.922	2.176	1.686	0
787	2.098	2.157	2.118	1.667	0
788	2.392	2.137	2.137	1.647	0
789	2.314	2.02	2.157	1.667	0
790	2.353	2.118	2.078	1.667	0
791	2.137	2.157	2.0	1.686	0
792	2.059	2.059	2.039	1.667	0
793	2.137	2.118	2.137	1.647	0
794	2.137	2.0	2.157	1.667	0
795	2.157	1.961	2.137	1.667	0
796	2.157	2.431	2.137	1.667	0
797	2.235	2.216	2.157	1.667	0
798	2.275	2.059	2.137	1.667	0
799	2.176	2.157	2.059	1.667	0
800	2.098	2.255	2.02	1.667	0
801	2.098	2.255	2.039	1.686	0
802	1.922	2.176	2.118	1.686	0
803	1.98	1.922	2.118	1.686	0
804	2.059	2.176	2.118	1.667	0
805	2.392	2.157	2.137	1.667	0
806	2.373	2.059	2.098	1.667	0
807	2.294	2.059	2.118	1.667	0
808	2.235	2.039	2.118	1.667	0
809	2.078	2.02	2.137	1.667	0
810	2.118	2.039	2.118	1.647	0
811	2.098	2.0	2.137	1.627	0
812	1.941	1.961	2.216	1.627	0
813	1.961	2.314	2.333	1.647	0
814	2.039	2.157	2.314	1.647	0
815	2.039	1.98	2.235	1.647	0
816	1.98	2.059	2.196	1.627	0
817	2.02	2.176	2.157	1.627	0
818	2.118	2.333	2.039	1.667	0
819	2.078	2.176	2.0	1.667	0
820	2.157	1.941	2.157	1.667	0
821	2.137	2.157	2.294	1.647	0
822	2.392	2.176	2.294	1.647	0
823	2.275	2.0	2.176	1.647	0
824	2.294	2.039	2.078	1.647	0
825	2.176	2.078	2.0	1.667	0
826	2.294	2.039	2.137	1.667	0
827	2.157	2.039	2.314	1.647	0
828	2.059	2.0	2.294	1.627	0
829	1.882	2.0	2.235	1.627	0
830	1.941	2.275	2.176	1.647	0
831	1.98	2.157	2.078	1.627	0
832	2.098	2.176	1.961	1.647	0
833	2.059	2.353	1.941	1.667	0
834	1.941	2.235	2.118	1.667	0
835	2.137	2.275	2.275	1.667	0
836	2.157	2.216	2.216	1.667	0
837	2.059	1.941	2.137	1.667	0
838	2.118	2.176	2.118	1.647	0
839	2.412	2.196	2.059	1.647	0
840	2.529	2.078	2.0	1.667	0
841	2.333	2.059	2.0	1.686	0
842	2.196	2.059	2.02	1.667	0
843	2.137	2.059	2.059	1.647	0
844	2.216	2.176	2.039	1.647	0
845	2.078	2.059	2.0	1.667	0
846	2.157	1.941	2.078	1.647	0
847	2.078	2.392	2.118	1.647	0
848	2.039	2.157	2.137	1.647	0
849	2.059	1.941	2.137	1.647	0
850	2.137	2.078	2.118	1.647	0
851	2.118	2.137	2.118	1.667	0
852	2.255	2.196	2.118	1.667	0
853	2.314	2.275	2.157	1.667	0
854	2.176	2.02	2.157	1.686	0
855	2.235	2.176	2.157	1.686	0
856	2.216	2.176	2.176	1.667	0
857	2.353	1.98	2.137	1.667	0
858	2.431	2.039	2.059	1.667	0
859	2.314	2.118	2.059	1.667	0
860	2.137	2.02	2.137	1.667	0
861	2.137	2.059	2.196	1.647	0
862	1.882	1.98	2.176	1.647	0
863	1.843	1.961	2.157	1.647	0
864	1.843	2.333	2.157	1.647	0
865	1.98	2.118	2.157	1.647	0
866	2.059	1.961	2.118	1.647	0
867	2.039	2.059	2.078	1.627	0
868	2.157	2.157	2.098	1.647	0
869	2.176	2.157	2.157	1.647	0
870	2.02	2.059	2.196	1.627	0
871	2.039	1.922	2.196	1.627	0
872	2.02	2.137	2.235	1.627	0
873	2.294	2.196	2.216	1.627	0
874	2.49	2.137	2.216	1.647	0
875	2.294	2.059	2.176	1.667	0
876	2.235	2.059	2.157	1.647	0
877	2.118	2.02	2.118	1.627	0
878	2.294	2.157	2.078	1.627	0
879	2.196	2.118	2.118	1.627	0
880	2.039	1.961	2.196	1.627	0
881	2.039	2.451	2.255	1.647	0
882	1.98	2.176	2.216	1.627	0
883	2.039	1.98	2.176	1.647	0
884	2.098	2.039	2.137	1.647	0
885	2.118	2.118	2.118	1.647	0
886	2.098	2.176	2.098	1.667	0
887	2.02	2.137	2.039	1.647	0
888	2.098	2.0	2.02	1.647	0
889	2.176	2.314	2.118	1.647	0
890	2.392	2.235	2.235	1.647	0
891	2.412	2.039	2.157	1.647	0
892	2.333	2.02	2.137	1.647	0
893	2.157	2.039	2.157	1.647	0
894	2.157	2.059	2.098	1.627	0
895	2.216	2.196	2.02	1.627	0
896	2.0	2.098	2.0	1.627	0
897	1.961	1.922	2.078	1.627	0
898	2.039	2.392	2.176	1.608	0
899	1.98	2.216	2.176	1.608	0
900	1.98	2.02	2.176	1.608	0
901	2.059	2.078	2.157	1.608	0
902	2.059	2.118	2.137	1.608	0
903	2.176	2.118	2.137	1.608	0
904	2.333	2.098	2.118	1.608	0
905	2.216	1.98	2.059	1.608	0
906	2.078	2.098	2.098	1.588	0
907	2.196	2.098	2.196	1.569	0
908	2.471	2.0	2.235	1.588	0
909	2.314	2.078	2.157	1.608	0
910	2.078	2.137	2.059	1.627	0
911	2.118	2.059	2.118	1.608	0
912	2.157	2.235	2.118	1.608	0
913	1.922	2.078	2.137	1.608	0
914	1.745	1.961	2.137	1.627	0
915	1.961	2.49	2.196	1.608	0
916	1.902	2.255	2.235	1.627	0
917	2.02	1.98	2.196	1.627	0
918	2.294	2.118	2.118	1.667	0
919	2.294	2.176	2.098	1.667	0
920	2.275	2.196	2.118	1.686	0
921	2.333	2.157	2.098	1.667	0
922	2.176	1.98	2.039	1.667	0
923	2.216	2.333	2.078	1.667	0
924	2.0	2.294	2.216	1.667	0
925	2.235	2.039	2.176	1.667	0
926	2.176	2.0	2.196	1.647	0
927	2.059	2.02	2.157	1.647	0
928	2.02	2.02	2.137	1.647	0
929	2.196	2.137	2.039	1.627	0
930	2.373	2.078	2.02	1.627	0
931	2.118	1.941	2.137	1.627	0
932	2.0	2.353	2.157	1.608	0
933	2.059	2.216	2.137	1.608	0
934	2.039	2.059	2.078	1.608	0
935	1.961	2.098	2.118	1.608	0
936	2.02	2.078	2.176	1.608	0
937	2.255	2.157	2.098	1.627	0
938	2.353	2.255	2.02	1.647	0
939	2.176	2.059	2.0	1.627	0
940	2.0	2.098	2.118	1.627	0
941	2.275	2.078	2.196	1.608	0
942	2.529	1.961	2.216	1.608	0
943	2.314	1.961	2.314	1.627	0
944	2.255	2.02	2.235	1.627	0
945	2.078	2.02	2.176	1.608	0
946	2.0	2.059	2.118	1.608	0
947	2.431	2.176	1.98	1.608	0
948	1.941	2.176	1.98	1.627	0
949	1.882	2.392	2.235	1.608	0
950	1.98	2.255	2.431	1.608	0
951	2.039	1.98	2.353	1.608	0
952	2.078	2.078	2.176	1.627	0
953	2.059	2.196	2.039	1.627	0
954	2.118	2.255	2.078	1.627	0
955	2.137	2.118	2.137	1.627	0
956	2.137	1.922	2.137	1.627	0
957	2.137	2.137	2.078	1.647	0
958	2.039	2.235	2.0	1.627	0
959	2.333	2.078	2.0	1.627	0
960	2.333	2.02	2.078	1.627	0
961	2.235	2.078	2.137	1.608	0
962	2.078	2.02	2.157	1.608	0
963	2.235	2.098	2.118	1.588	0
964	2.333	2.02	2.059	1.608	0
965	2.216	1.922	1.98	1.608	0
966	2.216	2.333	2.098	1.608	0
967	2.333	2.176	2.118	1.588	0
968	2.451	2.137	2.039	1.608	0
969	2.196	2.216	2.118	1.608	0
970	2.039	2.098	2.196	1.608	0
971	2.137	2.059	2.176	1.627	0
972	2.216	2.02	2.196	1.608	0
973	2.275	1.961	2.137	1.627	0
974	2.176	2.196	2.137	1.627	0
975	1.922	2.176	2.118	1.627	0
976	2.333	2.059	2.078	1.608	0
977	2.294	2.059	2.157	1.627	0
978	2.039	2.0	2.333	1.608	0
979	1.961	1.98	2.353	1.588	0
980	2.059	2.039	2.255	1.588	0
981	2.176	2.039	2.157	1.588	0
982	2.078	2.0	2.0	1.608	0
983	1.882	2.49	2.078	1.588	0
984	2.078	2.216	2.294	1.588	0
985	2.176	2.0	2.333	1.588	0
986	2.098	2.078	2.176	1.588	0
987	2.216	2.216	2.039	1.608	0
988	2.235	2.333	2.039	1.608	0
989	2.02	2.157	2.118	1.627	0
990	2.098	1.902	2.157	1.608	0
991	2.078	2.118	2.137	1.608	0
992	2.059	2.275	2.039	1.608	0
993	2.255	2.118	2.0	1.608	0
994	2.118	2.059	2.059	1.627	0
995	2.098	2.098	2.118	1.608	0
996	2.02	2.02	2.118	1.608	0
997	2.0	2.039	2.098	1.588	0
998	2.02	2.02	2.02	1.588	0
999	1.922	1.941	2.02	1.588	0
