time	channel1	channel2	channel3	channel4	class
0	2.196	2.098	2.098	2.118	0
1	2.059	2.137	2.098	2.137	0
2	2.02	2.059	2.137	2.137	0
3	2.02	1.98	2.137	2.118	0
4	2.0	2.176	2.137	2.118	0
5	2.02	2.157	2.137	2.118	0
6	2.039	2.039	2.137	2.118	0
7	2.039	2.118	2.157	2.118	0
8	2.098	2.118	2.118	2.098	0
9	2.118	2.118	2.137	2.118	0
10	2.176	2.196	2.118	2.137	0
11	2.137	2.098	2.137	2.137	0
12	1.529	2.157	2.137	2.137	0
13	1.667	2.098	2.157	2.137	0
14	1.765	2.157	2.137	2.118	0
15	1.843	2.275	2.118	2.118	0
16	2.0	2.294	2.118	2.118	0
17	2.294	2.176	2.118	2.137	0
18	2.098	2.02	2.137	2.137	0
19	2.059	2.235	2.098	2.118	0
20	2.098	2.118	2.176	2.118	0
21	2.118	2.0	2.216	2.118	0
22	2.157	2.02	2.176	2.118	0
23	2.137	2.176	2.157	2.118	0
24	2.157	2.216	2.157	2.118	0
25	2.118	2.137	2.137	2.137	0
26	2.137	2.0	2.137	2.137	0
27	2.059	2.039	2.157	2.118	0
28	2.157	2.02	2.196	2.118	0
29	2.49	2.118	2.176	2.137	0
30	2.647	1.902	2.118	2.137	0
31	2.706	1.98	2.078	2.118	0
32	2.373	2.275	2.078	2.118	0
33	2.353	2.294	2.098	2.118	0
34	2.275	1.882	2.137	2.118	0
35	2.059	2.039	2.098	2.118	0
36	2.0	2.176	2.118	2.118	0
37	2.118	1.961	2.157	2.118	0
38	2.0	1.922	2.157	2.098	0
39	2.02	1.98	2.118	2.098	0
40	2.02	2.235	2.118	2.098	0
41	2.118	2.216	2.118	2.098	0
42	2.118	1.843	2.137	2.098	0
43	2.078	1.706	2.098	2.098	0
44	2.078	2.059	2.059	2.078	0
45	2.51	2.039	2.098	2.078	0
46	2.804	2.373	2.098	2.137	0
47	2.725	2.529	2.098	2.137	0
48	2.882	2.176	2.098	2.137	0
49	2.431	1.784	2.098	2.118	0
50	2.51	2.333	2.078	2.078	0
51	2.392	2.157	2.098	2.078	0
52	2.392	2.118	2.137	2.118	0
53	2.353	2.0	2.157	2.118	0
54	2.235	1.824	2.176	2.098	0
55	2.157	2.294	2.118	2.098	0
56	1.98	2.431	2.059	2.098	0
57	2.039	2.196	2.098	2.118	0
58	2.196	2.137	2.157	2.098	0
59	2.255	2.157	2.235	2.137	0
60	2.294	2.098	2.235	2.157	0
61	2.216	1.902	2.196	2.157	0
62	2.471	1.98	2.137	2.137	0
63	2.275	2.216	2.098	2.137	0
64	2.333	2.176	2.078	2.137	0
65	2.157	2.235	2.157	2.137	0
66	2.255	2.098	2.176	2.118	0
67	2.294	1.98	2.216	2.118	0
68	2.333	1.902	2.255	2.118	0
69	2.275	1.882	2.216	2.118	0
70	2.157	1.961	2.137	2.137	0
71	2.118	2.176	2.098	2.157	0
72	2.078	2.157	2.118	2.157	0
73	2.059	1.902	2.098	2.137	0
74	2.059	2.392	2.059	2.098	0
75	2.098	2.137	2.059	2.078	0
76	2.118	1.882	2.137	2.078	0
77	2.098	1.843	2.137	2.118	0
78	2.137	2.294	2.098	2.137	0
79	2.118	2.196	2.098	2.137	0
80	1.98	2.176	2.098	2.157	0
81	2.059	2.353	2.078	2.157	0
82	1.882	2.196	2.098	2.137	0
83	2.059	2.157	2.078	2.137	0
84	2.098	2.333	2.118	2.137	0
85	2.118	2.235	2.118	2.137	0
86	2.059	2.235	2.157	2.137	0
87	2.02	2.431	2.176	2.118	0
88	1.98	2.0	2.235	2.118	0
89	2.118	2.118	2.176	2.118	0
90	2.078	2.392	2.078	2.118	0
91	2.039	2.314	2.059	2.118	0
92	2.118	2.412	2.078	2.118	0
93	2.137	2.294	2.157	2.157	0
94	2.059	1.765	2.216	2.157	0
95	2.137	2.02	2.137	2.137	0
96	2.078	2.451	2.118	2.118	0
97	1.941	2.431	2.118	2.137	0
98	1.843	2.039	2.137	2.157	0
99	1.941	2.02	2.157	2.137	0
100	2.176	2.157	2.137	2.137	0
101	2.216	2.176	2.137	2.137	0
102	2.098	2.137	2.098	2.118	0
103	1.941	2.098	2.059	2.118	0
104	1.961	2.118	2.059	2.118	0
105	2.098	2.118	2.098	2.118	0
106	2.059	2.02	2.118	2.137	0
107	2.059	1.784	2.157	2.137	0
108	2.078	1.745	2.176	2.118	0
109	2.039	2.0	2.196	2.078	0
110	2.098	2.0	2.137	2.078	0
111	2.059	2.216	2.059	2.118	0
112	1.961	2.118	2.078	2.118	0
113	1.941	1.627	2.176	2.078	0
114	2.451	1.824	2.176	2.078	0
115	2.529	2.02	2.137	2.118	0
116	2.608	1.941	2.137	2.118	0
117	2.49	2.098	2.137	2.118	0
118	2.549	2.529	2.098	2.137	0
119	2.451	2.157	2.118	2.118	0
120	2.157	2.078	2.137	2.118	0
121	2.118	1.882	2.176	2.098	0
122	2.216	1.627	2.157	2.078	0
123	2.176	2.0	2.157	2.118	0
124	2.118	2.392	2.118	2.118	0
125	2.157	2.412	2.157	2.137	0
126	2.157	2.02	2.235	2.137	0
127	2.157	1.784	2.235	2.098	0
128	2.098	1.725	2.216	2.078	0
129	2.118	1.902	2.157	2.059	0
130	2.118	2.431	2.157	2.098	0
131	2.157	2.216	2.118	2.157	0
132	2.216	2.216	2.098	2.157	0
133	2.49	2.392	2.098	2.157	0
134	2.235	2.157	2.176	2.137	0
135	2.137	1.824	2.255	2.118	0
136	2.02	1.824	2.176	2.098	0
137	1.941	2.196	2.098	2.098	0
138	2.059	2.039	2.118	2.118	0
139	1.863	2.02	2.118	2.137	0
140	1.941	2.216	2.118	2.118	0
141	1.941	2.294	2.157	2.118	0
142	1.98	2.471	2.235	2.118	0
143	2.0	2.059	2.235	2.137	0
144	2.059	2.078	2.176	2.137	0
145	2.176	2.118	2.118	2.118	0
146	2.275	2.333	2.039	2.137	0
147	2.137	2.373	2.078	2.118	0
148	1.706	2.098	2.078	2.137	0
149	1.922	2.02	2.118	2.157	0
150	2.059	2.098	2.157	2.157	0
151	2.333	2.176	2.059	2.157	0
152	2.314	2.216	2.078	2.157	0
153	2.49	2.157	2.137	2.118	0
154	2.373	1.824	2.157	2.059	0
155	2.275	1.863	2.118	2.039	0
156	2.078	2.059	2.098	2.039	0
157	2.216	2.255	2.039	2.078	0
158	2.235	2.373	2.0	2.157	0
159	2.176	2.137	2.039	2.196	0
160	2.275	2.118	2.078	2.157	0
161	2.255	2.02	2.098	2.118	0
162	2.255	2.02	2.039	2.098	0
163	2.176	2.137	2.039	2.098	0
164	2.118	2.412	2.098	2.098	0
165	1.51	2.176	2.157	2.118	0
166	1.745	2.059	2.157	2.137	0
167	1.922	2.059	2.098	2.176	0
168	1.784	2.078	2.059	2.176	0
169	1.804	2.294	2.118	2.176	0
170	1.941	2.294	2.118	2.176	0
171	1.922	2.471	2.098	2.157	0
172	1.902	2.059	2.157	2.157	0
173	1.843	1.49	2.275	2.137	0
174	2.078	1.333	2.275	2.078	0
175	2.137	1.725	2.176	2.02	0
176	2.098	2.059	2.098	1.961	0
177	1.941	1.647	2.098	1.98	0
178	2.02	1.706	2.137	2.0	0
179	1.98	1.98	2.176	2.039	0
180	2.078	2.49	2.137	2.078	0
181	2.137	2.647	2.137	2.118	0
182	1.627	1.647	2.294	2.118	0
183	1.863	0.882	2.314	2.039	0
184	2.118	1.216	2.196	1.961	0
185	2.02	2.373	2.059	1.961	0
186	2.216	2.941	2.02	2.059	0
187	2.255	2.451	2.137	2.137	0
188	2.157	2.314	2.157	2.157	0
189	2.02	2.216	2.137	2.157	0
190	2.078	2.059	2.176	2.137	0
191	2.176	1.922	2.275	2.098	0
192	2.137	2.196	2.275	2.118	0
193	2.157	2.51	2.235	2.176	0
194	2.118	2.608	2.216	2.216	0
195	2.098	2.529	2.098	2.216	0
196	2.157	2.078	2.098	2.216	0
197	2.098	2.157	2.255	2.196	0
198	2.137	2.49	2.255	2.176	0
199	2.392	2.667	2.098	2.176	0
200	2.176	2.471	2.196	2.196	0
201	2.0	2.275	2.275	2.196	0
202	2.314	2.373	2.02	2.196	0
203	2.333	2.353	1.902	2.176	0
204	2.137	1.843	2.176	2.137	0
205	2.255	1.922	2.176	2.137	0
206	2.216	1.902	2.078	2.137	0
207	2.078	2.275	2.078	2.137	0
208	2.039	2.333	2.02	2.137	0
209	2.039	2.275	2.059	2.118	0
210	2.118	2.235	2.059	2.098	0
211	2.216	2.078	2.098	2.098	0
212	2.157	2.02	2.098	2.137	0
213	2.059	1.686	2.098	2.137	0
214	2.078	1.706	1.922	2.078	0
215	2.078	2.078	1.882	2.059	0
216	2.941	2.412	1.961	2.098	0
217	2.98	2.412	2.02	2.118	0
218	2.961	2.176	2.098	2.098	0
219	2.725	2.059	2.118	2.098	0
220	2.608	2.176	2.118	2.118	0
221	2.471	2.431	2.059	2.176	0
222	2.314	2.392	2.039	2.216	0
223	2.275	2.157	2.078	2.196	0
224	2.275	2.314	2.098	2.157	0
225	2.078	2.255	2.176	2.176	0
226	2.059	2.02	2.216	2.176	0
227	2.0	1.843	2.176	2.176	0
228	2.118	2.118	2.078	2.137	0
229	2.176	2.412	2.02	2.118	0
230	2.098	1.863	2.216	2.118	0
231	2.137	1.902	2.255	2.098	0
232	2.02	1.804	2.235	2.059	0
233	2.02	1.922	2.275	2.078	0
234	2.353	2.353	2.196	2.157	0
235	2.216	2.294	2.118	2.196	0
236	1.804	1.902	2.059	2.137	0
237	1.98	2.02	2.118	2.039	0
238	1.961	1.941	2.255	2.02	0
239	2.157	1.765	2.255	2.078	0
240	2.098	1.706	2.314	2.098	0
241	1.843	1.784	2.255	2.039	0
242	2.059	2.0	2.196	2.039	0
243	2.098	2.039	2.157	2.078	0
244	2.098	2.039	2.039	2.098	0
245	2.235	2.706	1.922	2.137	0
246	2.157	2.235	2.0	2.137	0
247	1.961	1.373	2.157	2.059	0
248	2.0	1.49	2.333	2.02	0
249	1.98	1.314	2.373	2.039	0
250	1.784	1.961	2.176	2.059	0
251	1.863	2.706	2.059	2.157	0
252	1.784	3.216	1.98	2.294	0
253	1.765	2.49	2.059	2.235	0
254	1.765	1.706	2.176	2.098	0
255	1.824	1.235	2.275	2.059	0
256	2.0	1.863	2.196	2.059	0
257	1.961	2.02	2.039	2.098	0
258	2.078	2.569	1.941	2.137	0
259	2.216	3.235	1.882	2.196	0
260	2.098	2.627	2.039	2.216	0
261	2.02	2.078	2.196	2.157	0
262	1.882	1.863	2.294	2.157	0
263	2.0	1.49	2.255	2.137	0
264	2.039	1.745	2.157	2.098	0
265	2.039	2.569	2.078	2.118	0
266	2.078	2.784	2.039	2.137	0
267	1.941	2.216	2.039	2.098	0
268	1.765	2.078	2.137	2.078	0
269	1.824	2.216	2.196	2.098	0
270	1.529	1.725	2.392	2.078	0
271	1.725	1.471	2.333	2.078	0
272	1.804	1.706	2.137	2.137	0
273	1.882	1.902	1.941	2.157	0
274	1.98	2.804	1.843	2.118	0
275	2.196	2.922	2.098	2.098	0
276	2.059	1.961	2.431	2.078	0
277	2.059	1.431	2.471	2.059	0
278	2.196	1.706	2.294	2.078	0
279	2.137	2.235	2.039	2.098	0
280	2.118	2.333	1.98	2.098	0
281	1.98	1.922	2.137	2.157	0
282	1.98	2.078	2.137	2.157	0
283	2.196	2.471	2.078	2.118	0
284	2.471	2.647	2.039	2.098	0
285	2.529	2.49	2.098	2.118	0
286	2.235	2.059	2.098	2.098	0
287	2.0	2.216	2.02	2.157	0
288	1.941	2.373	1.961	2.157	0
289	2.078	2.039	2.078	2.118	0
290	2.098	1.824	2.118	2.078	0
291	1.902	1.922	2.157	2.098	0
292	2.333	2.0	2.098	2.137	0
293	2.157	2.51	2.039	2.118	0
294	2.294	3.0	2.098	2.176	0
295	2.294	2.804	2.157	2.235	0
296	2.412	2.157	2.176	2.216	0
297	2.333	2.039	2.216	2.196	0
298	2.235	2.02	2.137	2.196	0
299	2.216	2.275	2.0	2.196	0
300	2.314	2.529	2.118	2.176	0
301	2.863	2.431	2.059	2.118	0
302	2.255	2.235	2.157	2.157	0
303	1.961	1.902	2.373	2.176	0
304	2.078	1.863	2.196	2.176	0
305	2.294	2.765	2.039	2.196	0
306	2.235	2.804	2.157	2.196	0
307	1.98	2.216	2.294	2.196	0
308	2.02	2.078	2.294	2.157	0
309	1.784	1.784	2.157	2.118	0
310	1.725	1.294	2.059	2.078	0
311	1.863	1.608	1.961	2.078	0
312	1.98	2.118	2.0	2.078	0
313	2.039	2.569	2.137	2.098	0
314	1.98	2.373	2.176	2.157	0
315	1.98	1.725	2.196	2.157	0
316	2.098	1.647	2.137	2.137	0
317	2.039	1.941	2.078	2.118	0
318	2.49	1.725	2.137	2.078	0
319	2.608	1.843	2.137	2.059	0
320	2.353	1.765	2.216	2.098	0
321	2.157	1.824	2.157	2.157	0
322	2.176	2.196	1.98	2.176	0
323	2.02	2.549	1.941	2.176	0
324	2.098	2.373	1.961	2.137	0
325	2.0	1.549	2.078	2.137	0
326	1.902	1.549	2.157	2.137	0
327	1.961	1.725	2.314	2.137	0
328	1.98	2.216	2.314	2.039	0
329	1.98	2.0	2.333	1.98	0
330	2.098	1.216	2.51	2.039	0
331	2.098	1.255	2.431	2.098	0
332	2.196	2.471	2.196	2.157	0
333	2.216	3.235	1.843	2.275	0
334	2.157	2.549	1.922	2.176	0
335	2.255	1.667	2.275	2.098	0
336	1.686	0.843	2.392	2.059	0
337	1.843	2.745	2.078	2.059	0
338	1.863	2.745	1.961	2.098	0
339	2.02	1.569	2.235	2.137	0
340	2.02	1.784	2.373	2.137	0
341	1.941	2.196	2.216	2.157	0
342	1.98	2.196	1.961	2.157	0
343	2.059	2.608	1.941	2.176	0
344	2.118	2.333	1.98	2.216	0
345	2.039	2.275	2.078	2.235	0
346	2.02	2.039	2.098	2.196	0
347	2.078	2.275	2.039	2.137	0
348	2.098	2.275	2.0	2.118	0
349	1.922	2.078	2.078	2.137	0
350	2.02	2.627	2.059	2.137	0
351	2.098	2.647	2.02	2.157	0
352	2.039	2.216	2.02	2.157	0
353	2.157	2.255	1.98	2.157	0
354	2.0	2.451	1.961	2.157	0
355	2.176	2.373	2.235	2.176	0
356	2.216	2.412	2.373	2.137	0
357	1.941	1.922	2.431	2.039	0
358	2.0	1.725	2.333	2.059	0
359	1.941	1.804	2.118	2.137	0
360	2.176	2.314	1.961	2.176	0
361	2.333	2.843	1.882	2.157	0
362	2.255	2.216	2.059	2.098	0
363	2.137	1.824	2.216	2.078	0
364	2.176	2.176	2.235	2.059	0
365	2.255	2.216	2.235	2.039	0
366	2.059	1.941	2.039	2.059	0
367	1.843	1.765	1.961	2.118	0
368	2.0	1.882	2.098	2.098	0
369	2.353	2.078	2.176	2.078	0
370	2.412	2.255	2.039	2.098	0
371	2.451	2.49	1.961	2.137	0
372	2.333	1.961	2.02	2.078	0
373	2.275	1.333	2.098	1.922	0
374	2.314	1.373	2.059	1.882	0
375	2.275	2.353	2.078	1.941	0
376	2.275	3.137	2.118	2.196	0
377	1.961	3.137	2.118	2.353	0
378	1.961	1.49	2.216	2.196	0
379	1.902	1.333	2.216	2.059	0
380	2.196	1.98	2.059	2.02	0
381	2.137	2.216	2.137	2.059	0
382	2.118	2.157	2.275	2.098	0
383	2.216	2.02	2.235	2.137	0
384	2.059	2.275	2.118	2.196	0
385	2.216	2.235	2.118	2.216	0
386	2.471	2.765	2.098	2.255	0
387	2.745	2.373	2.196	2.294	0
388	2.608	2.137	2.235	2.235	0
389	2.647	1.902	2.412	2.176	0
390	2.196	1.627	2.412	2.196	0
391	2.216	1.941	2.176	2.196	0
392	2.039	2.196	2.078	2.216	0
393	1.824	1.922	2.255	2.235	0
394	1.765	1.569	2.275	2.176	0
395	1.824	1.059	2.157	2.098	0
396	1.725	1.0	2.216	2.059	0
397	1.941	1.412	2.275	2.02	0
398	2.137	3.137	2.098	2.059	0
399	2.078	3.02	2.137	2.118	0
400	2.059	2.314	2.294	2.157	0
401	2.039	1.412	2.275	2.157	0
402	2.275	1.608	2.176	2.098	0
403	2.608	1.824	2.098	2.098	0
404	2.451	1.941	2.137	2.098	0
405	2.196	2.314	2.196	2.098	0
406	2.216	2.176	2.235	2.098	0
407	2.255	2.059	2.216	2.137	0
408	2.294	2.51	2.078	2.157	0
409	2.216	2.745	1.824	2.137	0
410	2.059	2.137	1.941	2.137	0
411	2.118	2.353	1.98	2.137	0
412	2.078	2.745	2.137	2.157	0
413	2.098	3.059	2.451	2.137	0
414	1.882	2.235	2.431	2.157	0
415	1.922	1.608	2.118	2.137	0
416	2.098	1.804	1.961	2.098	0
417	2.118	1.647	1.941	2.098	0
418	2.157	2.176	1.824	2.098	0
419	2.157	2.843	1.882	2.098	0
420	1.961	2.804	2.078	2.118	0
421	1.353	2.725	2.196	2.157	0
422	1.451	2.255	2.078	2.118	0
423	1.255	2.039	1.98	2.098	0
424	1.392	1.843	1.902	2.078	0
425	1.627	2.451	1.882	2.078	0
426	1.863	2.647	1.902	2.078	0
427	1.824	2.314	1.98	2.078	0
428	2.0	1.882	2.157	2.098	0
429	1.961	2.039	2.196	2.157	0
430	2.196	2.627	2.118	2.137	0
431	2.02	1.922	2.137	2.059	0
432	1.961	1.451	2.118	1.98	0
433	1.922	1.49	2.059	2.02	0
434	2.039	1.843	2.039	2.059	0
435	2.196	3.02	2.196	2.216	0
436	2.137	2.588	2.608	2.275	0
437	1.882	1.627	2.529	2.157	0
438	1.902	1.569	2.392	2.137	0
439	2.078	1.667	2.216	2.137	0
440	2.333	1.863	2.02	2.157	0
441	2.275	2.137	1.922	2.176	0
442	1.922	2.196	2.235	2.176	0
443	1.961	1.804	2.51	2.157	0
444	1.863	1.686	2.373	2.157	0
445	2.059	1.843	2.118	2.157	0
446	2.078	2.412	1.961	2.176	0
447	2.235	2.725	1.961	2.196	0
448	2.157	2.569	2.078	2.176	0
449	2.157	2.333	2.098	2.157	0
450	2.137	1.922	2.118	2.137	0
451	2.196	1.294	2.118	2.118	0
452	2.118	1.627	2.02	2.098	0
453	2.235	2.451	1.98	2.098	0
454	2.059	2.49	2.0	2.137	0
455	2.961	2.255	2.02	2.157	0
456	2.745	2.314	2.0	2.137	0
457	2.549	1.902	2.098	2.118	0
458	2.51	2.078	2.059	2.118	0
459	2.373	2.588	2.0	2.098	0
460	2.078	1.686	2.098	2.098	0
461	1.961	1.255	2.118	2.078	0
462	1.824	1.686	2.098	2.059	0
463	1.667	2.333	2.255	2.039	0
464	1.804	2.647	2.431	2.118	0
465	2.059	2.216	2.412	2.157	0
466	2.137	1.804	2.294	2.098	0
467	2.118	1.471	2.157	2.059	0
468	2.196	2.118	1.961	2.098	0
469	2.373	3.216	1.863	2.118	0
470	2.039	2.569	2.039	2.137	0
471	2.176	1.373	2.392	2.078	0
472	2.804	1.431	2.471	2.02	0
473	2.686	1.961	2.333	2.039	0
474	2.471	2.314	2.118	2.078	0
475	2.451	2.608	2.059	2.216	0
476	2.353	2.902	1.922	2.255	0
477	2.059	2.255	1.922	2.176	0
478	2.098	1.941	2.039	2.098	0
479	2.039	2.255	2.176	2.098	0
480	1.902	1.804	2.176	2.078	0
481	1.902	1.902	2.176	2.078	0
482	1.902	1.667	2.275	2.118	0
483	2.059	1.922	2.314	2.157	0
484	2.157	2.294	2.176	2.157	0
485	2.039	2.392	1.902	2.176	0
486	2.039	2.471	1.863	2.176	0
487	2.059	2.569	2.098	2.157	0
488	2.196	2.0	2.176	2.137	0
489	2.157	1.627	2.255	2.157	0
490	1.804	1.765	2.333	2.196	0
491	1.608	2.196	2.333	2.157	0
492	1.647	2.039	2.294	2.098	0
493	1.647	1.863	2.176	2.118	0
494	1.902	2.275	1.922	2.157	0
495	2.02	2.451	1.961	2.157	0
496	1.804	2.431	2.196	2.137	0
497	1.843	1.667	2.314	2.118	0
498	1.98	2.078	2.255	2.118	0
499	1.922	2.294	2.039	2.137	0
500	1.961	2.196	2.098	2.118	0
501	2.0	2.255	2.137	2.118	0
502	2.216	2.059	2.0	2.098	0
503	2.216	2.412	1.882	2.118	0
504	2.0	2.137	2.157	2.176	0
505	1.98	1.745	2.275	2.137	0
506	1.392	2.627	2.196	2.098	0
507	1.51	2.608	2.059	2.118	0
508	1.588	2.49	1.961	2.176	0
509	1.824	2.137	2.078	2.176	0
510	1.725	1.725	2.157	2.137	0
511	1.882	1.667	2.078	2.098	0
512	1.784	1.745	1.961	2.098	0
513	1.961	1.941	2.098	2.098	0
514	2.078	2.51	2.118	2.137	0
515	2.137	2.627	2.078	2.098	0
516	2.059	1.922	2.137	2.039	0
517	2.078	1.843	2.137	2.039	0
518	2.137	1.941	2.098	2.137	0
519	2.078	2.059	2.098	2.176	0
520	1.902	1.824	2.275	2.118	0
521	1.961	1.667	2.235	2.078	0
522	1.922	1.608	2.235	2.039	0
523	1.922	2.392	2.255	2.078	0
524	2.196	3.098	2.196	2.137	0
525	2.294	2.549	2.059	2.176	0
526	2.196	1.627	2.0	2.157	0
527	2.098	1.549	2.176	2.118	0
528	2.314	2.0	2.157	2.098	0
529	2.137	2.412	1.961	2.078	0
530	2.098	2.373	2.118	2.078	0
531	2.02	1.863	2.176	2.118	0
532	2.059	2.02	2.118	2.137	0
533	2.275	2.804	2.157	2.137	0
534	2.294	2.373	2.255	2.157	0
535	2.275	1.608	2.235	2.118	0
536	2.196	1.804	2.176	2.098	0
537	2.059	2.118	2.059	2.118	0
538	2.059	2.392	2.02	2.137	0
539	1.882	2.0	2.039	2.118	0
540	2.373	1.863	2.059	2.118	0
541	2.275	2.392	2.098	2.157	0
542	2.431	2.392	2.176	2.157	0
543	2.412	2.314	2.176	2.176	0
544	2.333	2.255	2.059	2.176	0
545	2.176	2.196	2.078	2.157	0
546	2.039	2.118	2.059	2.137	0
547	1.961	2.157	2.157	2.137	0
548	2.02	1.843	2.255	2.137	0
549	2.098	1.725	2.314	2.137	0
550	2.196	2.02	2.314	2.137	0
551	2.078	2.02	2.294	2.157	0
552	2.235	1.922	2.196	2.137	0
553	2.275	2.275	2.039	2.137	0
554	2.176	2.176	1.98	2.157	0
555	2.118	2.176	2.059	2.137	0
556	2.529	2.078	2.353	2.118	0
557	2.196	1.745	2.412	2.098	0
558	2.294	1.961	2.216	2.098	0
559	1.941	2.157	2.078	2.137	0
560	1.725	2.157	2.098	2.157	0
561	1.824	2.137	2.118	2.157	0
562	2.039	2.157	1.98	2.137	0
563	1.98	2.353	2.0	2.118	0
564	1.843	2.275	2.137	2.098	0
565	1.824	2.039	2.176	2.098	0
566	1.902	2.098	2.137	2.098	0
567	1.863	2.039	2.059	2.118	0
568	1.98	2.314	2.039	2.118	0
569	1.961	2.157	2.059	2.118	0
570	1.98	2.216	2.098	2.118	0
571	2.098	2.0	2.118	2.118	0
572	2.137	2.059	2.216	2.137	0
573	2.471	1.882	2.333	2.137	0
574	1.941	2.0	2.255	2.157	0
575	1.765	2.02	2.078	2.196	0
576	1.627	1.902	1.922	2.176	0
577	1.686	2.059	2.235	2.157	0
578	1.882	2.255	2.392	2.098	0
579	1.922	1.843	2.333	2.039	0
580	1.882	1.49	2.255	2.078	0
581	2.059	1.882	2.176	2.157	0
582	2.118	2.451	1.961	2.216	0
583	2.176	2.549	1.941	2.196	0
584	2.118	1.882	2.216	2.137	0
585	2.137	2.196	2.196	2.078	0
586	2.157	2.412	2.059	2.059	0
587	1.98	2.176	2.078	2.118	0
588	2.078	1.824	2.078	2.157	0
589	2.255	2.137	2.059	2.137	0
590	2.196	2.157	2.0	2.059	0
591	1.902	1.863	1.961	2.059	0
592	2.059	2.569	1.961	2.098	0
593	1.961	3.118	2.118	2.216	0
594	1.824	2.706	2.196	2.176	0
595	1.608	1.765	2.275	2.137	0
596	1.961	1.49	2.157	2.098	0
597	1.922	1.902	2.078	2.059	0
598	2.039	2.294	2.0	2.059	0
599	2.255	2.176	1.941	2.118	0
600	2.235	2.294	2.078	2.157	0
601	2.235	2.333	2.196	2.157	0
602	2.118	2.216	2.314	2.118	0
603	2.039	2.039	2.333	2.118	0
604	2.02	1.569	2.275	2.137	0
605	2.039	1.804	2.176	2.118	0
606	2.176	2.196	2.078	2.137	0
607	2.157	2.314	2.0	2.137	0
608	1.882	2.471	2.0	2.118	0
609	1.843	2.176	2.039	2.098	0
610	1.667	2.0	2.098	2.118	0
611	1.941	1.98	2.157	2.118	0
612	2.02	2.275	2.118	2.176	0
613	1.941	2.0	2.157	2.176	0
614	1.922	1.804	2.078	2.137	0
615	2.059	2.078	2.098	2.098	0
616	2.137	2.196	2.176	2.098	0
617	2.196	2.196	2.196	2.098	0
618	2.255	2.039	2.118	2.118	0
619	2.255	1.882	2.098	2.118	0
620	2.157	1.843	2.059	2.118	0
621	2.02	2.176	2.039	2.118	0
622	2.098	2.294	2.078	2.157	0
623	2.157	2.314	2.157	2.176	0
624	2.255	1.824	2.333	2.157	0
625	2.118	1.745	2.353	2.118	0
626	2.059	2.275	2.196	2.137	0
627	1.863	2.431	2.059	2.137	0
628	1.863	2.294	2.0	2.118	0
629	2.02	2.098	2.0	2.118	0
630	2.098	1.922	2.039	2.137	0
631	2.0	2.078	2.216	2.137	0
632	1.941	2.098	2.314	2.157	0
633	2.039	2.0	2.216	2.137	0
634	2.039	2.255	2.078	2.137	0
635	2.0	2.176	2.039	2.118	0
636	2.137	2.176	2.059	2.118	0
637	2.157	2.039	2.118	2.098	0
638	2.118	2.0	2.157	2.098	0
639	2.176	2.118	2.098	2.118	0
640	2.176	2.804	2.078	2.157	0
641	2.294	1.98	2.137	2.137	0
642	2.941	1.882	2.118	2.098	0
643	2.686	2.078	2.098	2.098	0
644	2.549	2.216	2.078	2.137	0
645	2.118	2.569	2.039	2.137	0
646	2.078	2.314	2.078	2.098	0
647	2.118	1.922	2.118	2.059	0
648	2.02	1.863	2.137	2.118	0
649	2.0	2.176	2.216	2.157	0
650	2.02	2.059	2.294	2.137	0
651	2.098	1.569	2.373	2.078	0
652	1.98	1.529	2.392	2.059	0
653	2.02	1.725	2.314	2.059	0
654	2.176	2.333	2.137	2.098	0
655	2.196	3.118	1.98	2.196	0
656	2.0	2.118	2.137	2.216	0
657	2.078	1.667	2.098	2.137	0
658	2.294	1.627	2.118	2.118	0
659	2.137	2.039	2.196	2.137	0
660	2.235	2.235	2.275	2.176	0
661	2.235	2.098	2.294	2.196	0
662	2.314	2.059	2.216	2.176	0
663	2.275	2.137	2.137	2.157	0
664	2.118	2.137	2.098	2.176	0
665	2.098	2.059	2.098	2.157	0
666	2.157	1.941	2.078	2.137	0
667	2.176	2.118	2.0	2.118	0
668	2.294	2.529	1.941	2.157	0
669	2.216	3.0	2.02	2.176	0
670	2.118	2.294	2.157	2.176	0
671	2.176	1.627	2.196	2.098	0
672	2.176	1.824	2.176	2.098	0
673	2.059	1.863	2.196	2.098	0
674	1.98	2.0	2.216	2.098	0
675	2.039	1.941	2.216	2.118	0
676	2.255	2.314	2.157	2.118	0
677	2.176	2.431	2.176	2.137	0
678	1.882	2.51	2.118	2.196	0
679	2.02	2.118	2.02	2.137	0
680	2.0	1.843	2.098	2.118	0
681	1.941	1.608	2.216	2.118	0
682	2.059	2.431	2.0	2.137	0
683	2.118	2.647	1.941	2.176	0
684	2.098	2.0	2.118	2.176	0
685	2.059	2.02	2.216	2.157	0
686	2.059	2.059	2.176	2.137	0
687	2.059	1.902	2.176	2.118	0
688	2.118	2.118	2.098	2.098	0
689	2.098	2.176	2.039	2.137	0
690	2.255	2.196	1.941	2.157	0
691	2.255	2.275	1.902	2.157	0
692	2.137	2.118	1.98	2.157	0
693	2.137	2.02	2.078	2.157	0
694	2.098	2.078	2.157	2.137	0
695	1.902	2.431	2.098	2.137	0
696	2.02	2.137	2.098	2.137	0
697	2.235	2.137	2.118	2.098	0
698	2.137	2.157	2.137	2.059	0
699	1.843	2.039	2.216	2.059	0
700	1.765	1.863	2.294	2.078	0
701	1.902	1.941	2.235	2.098	0
702	2.0	2.235	2.157	2.137	0
703	1.961	2.353	2.059	2.137	0
704	1.98	2.255	2.118	2.098	0
705	2.078	2.255	2.059	2.078	0
706	2.078	2.039	2.196	2.098	0
707	2.059	1.765	2.314	2.118	0
708	2.039	2.137	2.235	2.137	0
709	2.039	2.373	2.137	2.137	0
710	2.216	2.196	2.098	2.157	0
711	2.294	2.137	2.098	2.157	0
712	2.451	1.941	2.137	2.157	0
713	2.392	1.569	2.137	2.098	0
714	2.529	1.902	2.118	2.098	0
715	2.51	2.608	2.078	2.137	0
716	2.216	2.216	2.078	2.176	0
717	2.196	1.941	2.118	2.157	0
718	2.039	1.941	2.157	2.137	0
719	1.902	2.078	2.176	2.098	0
720	2.039	1.941	2.176	2.098	0
721	2.039	2.02	2.137	2.098	0
722	2.02	2.137	2.157	2.098	0
723	2.02	1.922	2.196	2.137	0
724	2.098	1.804	2.255	2.137	0
725	2.216	2.0	2.255	2.118	0
726	2.078	1.843	2.333	2.137	0
727	3.059	1.961	2.314	2.118	0
728	2.902	2.137	2.176	2.118	0
729	2.51	2.333	2.078	2.118	0
730	2.569	2.118	2.157	2.137	0
731	2.647	2.373	2.098	2.137	0
732	2.588	2.235	2.176	2.157	0
733	2.373	2.118	2.235	2.157	0
734	2.196	1.922	2.275	2.137	0
735	2.118	1.863	2.255	2.137	0
736	2.373	2.059	2.157	2.137	0
737	2.255	2.49	2.039	2.137	0
738	2.098	2.471	2.0	2.137	0
739	2.176	2.314	2.0	2.157	0
740	2.216	2.333	2.0	2.157	0
741	2.255	2.0	2.098	2.157	0
742	2.333	2.196	2.118	2.157	0
743	2.216	2.49	2.059	2.157	0
744	1.588	2.51	2.02	2.137	0
745	1.804	2.314	1.941	2.157	0
746	2.02	2.216	1.902	2.176	0
747	2.216	2.294	2.0	2.157	0
748	2.294	2.451	2.098	2.157	0
749	2.039	2.157	2.078	2.137	0
750	2.0	2.039	2.039	2.118	0
751	2.0	2.157	2.078	2.118	0
752	1.824	2.078	2.098	2.118	0
753	2.0	1.961	2.078	2.098	0
754	2.098	1.98	2.02	2.078	0
755	2.078	2.235	2.078	2.078	0
756	2.039	2.039	2.216	2.098	0
757	2.059	2.0	2.157	2.098	0
758	2.078	1.98	2.137	2.137	0
759	2.039	1.745	2.294	2.137	0
760	2.02	1.667	2.294	2.098	0
761	1.392	2.118	2.196	2.098	0
762	1.588	2.078	2.176	2.137	0
763	1.784	2.078	2.137	2.157	0
764	1.824	2.0	2.078	2.137	0
765	2.078	2.216	2.059	2.118	0
766	1.941	2.118	2.137	2.137	0
767	1.961	2.02	2.235	2.157	0
768	1.922	2.02	2.235	2.137	0
769	1.941	2.0	2.196	2.137	0
770	1.882	2.0	2.176	2.137	0
771	1.922	2.039	2.157	2.118	0
772	1.961	2.216	2.157	2.118	0
773	2.02	2.157	2.137	2.118	0
774	2.02	2.196	2.078	2.137	0
775	2.039	2.0	2.039	2.137	0
776	1.98	2.098	2.078	2.098	0
777	2.02	2.059	2.176	2.098	0
778	1.627	1.98	2.176	2.078	0
779	1.882	2.02	2.176	2.118	0
780	2.02	2.471	2.137	2.137	0
781	2.137	2.471	2.137	2.078	0
782	2.157	2.255	2.235	2.078	0
783	2.216	1.275	2.333	2.098	0
784	2.157	1.373	2.255	2.078	0
785	2.098	1.882	2.216	2.098	0
786	2.078	2.098	2.176	2.098	0
787	2.059	2.451	2.059	2.078	0
788	2.078	2.392	2.059	2.078	0
789	2.078	1.902	2.196	2.078	0
790	2.098	1.745	2.314	2.059	0
791	2.137	1.608	2.235	2.098	0
792	2.235	2.039	2.118	2.118	0
793	2.137	2.529	2.059	2.137	0
794	2.216	2.49	2.176	2.157	0
795	2.843	1.745	2.255	2.176	0
796	2.941	1.961	2.196	2.176	0
797	2.843	2.608	2.157	2.176	0
798	2.51	2.235	2.098	2.157	0
799	2.608	1.882	2.078	2.157	0
800	2.471	2.333	1.902	2.176	0
801	2.294	2.392	1.98	2.216	0
802	2.314	2.098	2.098	2.196	0
803	2.314	2.235	2.137	2.176	0
804	2.196	2.608	2.216	2.176	0
805	2.118	2.275	2.216	2.196	0
806	2.216	2.059	2.157	2.176	0
807	2.176	2.118	2.098	2.176	0
808	2.216	2.059	2.0	2.176	0
809	2.176	2.235	1.882	2.157	0
810	2.098	2.235	2.0	2.157	0
811	2.039	2.353	2.118	2.137	0
812	2.549	2.412	2.098	2.118	0
813	2.314	2.392	2.137	2.137	0
814	2.196	2.255	2.137	2.157	0
815	2.275	1.98	2.137	2.137	0
816	2.314	2.02	2.098	2.118	0
817	2.353	2.098	2.0	2.118	0
818	2.235	2.275	2.078	2.118	0
819	2.196	2.412	2.098	2.098	0
820	1.863	2.078	2.176	2.098	0
821	1.961	2.078	2.157	2.078	0
822	2.02	2.196	2.118	2.078	0
823	1.98	2.118	2.176	2.098	0
824	2.078	2.039	2.176	2.098	0
825	2.118	2.0	2.157	2.098	0
826	2.059	1.922	2.137	2.098	0
827	2.118	2.137	2.098	2.098	0
828	2.078	2.373	2.098	2.137	0
829	1.882	2.196	2.078	2.137	0
830	2.196	2.059	2.098	2.137	0
831	2.02	1.961	2.157	2.118	0
832	2.039	1.98	2.176	2.118	0
833	2.196	2.118	2.157	2.118	0
834	2.118	2.118	2.118	2.118	0
835	2.216	2.196	2.078	2.137	0
836	2.059	1.882	2.098	2.118	0
837	1.961	2.02	2.157	2.118	0
838	1.922	2.039	2.176	2.118	0
839	1.902	1.922	2.216	2.118	0
840	1.98	2.039	2.176	2.098	0
841	2.039	1.98	2.216	2.098	0
842	2.098	1.922	2.235	2.137	0
843	2.196	1.863	2.176	2.137	0
844	2.176	1.98	2.157	2.118	0
845	2.039	2.137	2.157	2.098	0
846	1.765	2.039	2.196	2.078	0
847	1.902	2.0	2.216	2.098	0
848	2.137	2.118	2.176	2.157	0
849	2.216	2.353	2.176	2.176	0
850	2.255	2.333	2.176	2.157	0
851	2.255	2.078	2.157	2.137	0
852	2.235	1.824	2.216	2.118	0
853	2.039	1.863	2.294	2.098	0
854	2.098	2.0	2.314	2.098	0
855	2.118	1.961	2.314	2.098	0
856	2.039	1.784	2.333	2.059	0
857	2.137	1.98	2.118	2.02	0
858	2.157	2.392	1.824	2.098	0
859	1.941	2.275	1.843	2.157	0
860	2.078	2.078	2.078	2.176	0
861	2.294	2.784	2.157	2.137	0
862	2.196	2.431	2.157	2.118	0
863	2.059	1.863	2.137	2.118	0
864	1.922	1.784	2.157	2.118	0
865	2.294	1.863	2.078	2.098	0
866	2.314	2.157	1.961	2.118	0
867	2.451	2.49	1.961	2.137	0
868	2.333	2.49	1.961	2.176	0
869	2.294	2.451	1.922	2.157	0
870	2.176	2.353	1.941	2.157	0
871	2.353	2.51	1.98	2.157	0
872	2.059	2.333	2.098	2.176	0
873	2.078	1.961	2.196	2.196	0
874	2.137	1.804	2.176	2.176	0
875	2.176	2.098	2.098	2.137	0
876	2.235	2.176	2.02	2.137	0
877	2.176	2.333	2.0	2.137	0
878	2.098	1.863	2.157	2.176	0
879	2.02	1.824	2.314	2.157	0
880	2.49	2.412	2.333	2.176	0
881	3.0	2.294	2.275	2.196	0
882	2.922	1.941	2.176	2.157	0
883	2.843	1.824	2.059	2.118	0
884	2.745	2.059	2.059	2.118	0
885	2.608	2.333	2.039	2.137	0
886	2.451	2.235	2.137	2.157	0
887	2.235	1.843	2.235	2.137	0
888	2.118	1.882	2.275	2.118	0
889	2.118	1.941	2.255	2.118	0
890	2.098	2.157	2.176	2.098	0
891	2.216	2.294	2.118	2.098	0
892	2.176	2.176	2.118	2.098	0
893	2.118	2.157	2.098	2.098	0
894	2.078	2.02	2.078	2.118	0
895	2.137	2.118	2.078	2.118	0
896	2.098	2.275	2.137	2.098	0
897	2.588	2.216	2.137	2.078	0
898	2.51	2.118	2.157	2.098	0
899	2.255	2.098	2.098	2.118	0
900	1.843	2.137	2.118	2.098	0
901	1.863	2.176	2.157	2.098	0
902	1.941	2.078	2.176	2.118	0
903	2.098	2.0	2.157	2.098	0
904	2.0	2.02	2.137	2.098	0
905	1.863	2.118	2.157	2.098	0
906	1.961	1.98	2.176	2.098	0
907	2.0	2.039	2.196	2.098	0
908	2.02	2.02	2.176	2.098	0
909	2.137	2.235	2.118	2.098	0
910	2.078	2.255	2.078	2.118	0
911	2.078	2.0	2.176	2.137	0
912	2.137	1.922	2.235	2.118	0
913	2.0	1.961	2.235	2.098	0
914	2.471	2.078	2.176	2.078	0
915	2.235	2.059	2.216	2.118	0
916	2.078	1.98	2.176	2.137	0
917	1.627	2.118	2.157	2.157	0
918	1.804	2.039	2.176	2.098	0
919	1.725	1.882	2.176	2.078	0
920	1.843	1.647	2.157	2.078	0
921	1.902	2.373	2.098	2.137	0
922	1.902	2.608	2.137	2.176	0
923	2.039	2.078	2.137	2.176	0
924	2.039	1.725	2.157	2.118	0
925	2.098	1.824	2.196	2.098	0
926	2.118	2.255	2.157	2.118	0
927	2.235	2.353	2.078	2.137	0
928	2.118	2.039	2.137	2.157	0
929	2.137	2.216	2.137	2.176	0
930	2.157	2.569	2.078	2.176	0
931	1.98	2.373	2.039	2.157	0
932	2.078	2.137	2.078	2.157	0
933	2.098	2.255	2.059	2.137	0
934	2.059	2.353	1.98	2.137	0
935	2.137	2.392	1.98	2.157	0
936	2.137	2.275	2.118	2.157	0
937	2.098	2.059	2.098	2.137	0
938	2.0	2.02	2.118	2.118	0
939	2.235	2.294	2.137	2.098	0
940	2.137	2.216	2.137	2.118	0
941	2.039	1.922	2.118	2.118	0
942	2.02	2.0	2.078	2.098	0
943	2.059	2.118	2.098	2.098	0
944	2.137	2.353	2.059	2.098	0
945	2.176	2.255	1.98	2.118	0
946	2.039	2.078	2.078	2.137	0
947	2.098	1.98	2.196	2.118	0
948	2.235	1.745	2.196	2.078	0
949	2.275	1.941	2.157	2.118	0
950	2.353	2.235	2.098	2.157	0
951	2.157	2.275	2.098	2.176	0
952	2.118	2.176	2.176	2.157	0
953	2.314	1.961	2.157	2.118	0
954	2.333	2.176	2.078	2.118	0
955	2.039	1.745	2.098	2.157	0
956	2.157	1.863	2.118	2.137	0
957	2.039	2.235	2.157	2.118	0
958	2.0	2.431	2.196	2.118	0
959	2.059	1.98	2.235	2.118	0
960	2.098	1.667	2.255	2.118	0
961	2.137	1.804	2.196	2.118	0
962	2.059	1.922	2.137	2.118	0
963	1.98	1.941	2.118	2.137	0
964	1.98	2.157	2.059	2.137	0
965	2.549	2.608	2.118	2.137	0
966	2.275	2.392	2.176	2.157	0
967	2.373	2.137	2.196	2.137	0
968	2.333	1.922	2.216	2.118	0
969	2.137	1.961	2.216	2.118	0
970	2.255	1.941	2.196	2.098	0
971	2.118	2.137	2.157	2.118	0
972	2.059	2.235	2.118	2.118	0
973	2.02	2.373	2.098	2.098	0
974	2.039	2.118	2.137	2.098	0
975	1.961	2.176	2.176	2.137	0
976	2.078	2.353	2.098	2.137	0
977	2.078	2.176	2.118	2.137	0
978	2.137	2.02	2.157	2.137	0
979	2.02	2.176	2.137	2.118	0
980	1.98	2.294	2.118	2.118	0
981	2.157	2.216	2.098	2.118	0
982	2.529	2.216	2.078	2.137	0
983	2.941	2.294	2.098	2.157	0
984	2.667	2.294	2.098	2.176	0
985	2.451	2.078	2.176	2.157	0
986	2.118	2.02	2.196	2.157	0
987	2.039	2.196	2.157	2.137	0
988	1.922	2.039	2.118	2.137	0
989	1.922	1.863	2.078	2.137	0
990	1.843	2.02	2.039	2.118	0
991	2.0	2.275	1.98	2.118	0
992	2.02	2.275	2.02	2.118	0
993	1.961	2.078	2.157	2.118	0
994	1.863	1.98	2.235	2.098	0
995	1.941	1.961	2.235	2.098	0
996	2.059	2.118	2.176	2.118	0
997	2.137	2.039	2.078	2.118	0
998	2.176	2.235	2.059	2.098	0
999	2.157	2.176	2.059	2.098	0
