time	channel1	channel2	channel3	channel4	class
0	1.941	1.843	2.176	2.059	0
1	2.216	2.02	2.157	2.059	0
2	2.647	2.137	2.118	2.157	0
3	2.549	2.529	2.157	2.157	0
4	2.294	1.961	2.255	2.118	0
5	2.137	1.824	2.235	2.059	0
6	1.922	1.529	2.216	2.02	0
7	2.0	2.137	2.118	2.059	0
8	1.98	2.627	2.059	2.118	0
9	2.0	1.961	2.098	2.078	0
10	2.078	2.02	2.078	2.059	0
11	2.059	2.0	2.176	2.118	0
12	2.078	2.118	2.314	2.118	0
13	2.118	2.216	2.275	2.118	0
14	2.137	1.98	2.255	2.118	0
15	2.255	1.961	2.176	2.157	0
16	2.373	2.196	2.039	2.216	0
17	2.294	2.373	1.961	2.176	0
18	2.118	2.314	2.059	2.118	0
19	2.353	1.725	2.157	2.137	0
20	2.412	1.863	2.157	2.216	0
21	2.373	2.706	2.039	2.196	0
22	2.196	2.529	2.098	2.157	0
23	2.098	1.941	2.176	2.098	0
24	2.118	1.745	2.216	2.039	0
25	2.196	1.608	2.176	2.098	0
26	2.196	2.255	2.059	2.157	0
27	2.118	2.49	2.078	2.176	0
28	2.059	2.0	2.118	2.137	0
29	2.078	2.412	2.118	2.118	0
30	2.098	2.078	2.176	2.118	0
31	2.059	2.059	2.196	2.137	0
32	2.098	1.961	2.255	2.118	0
33	2.176	1.843	2.216	2.118	0
34	2.157	2.078	2.118	2.098	0
35	2.039	2.216	2.137	2.078	0
36	2.412	1.941	2.137	2.098	0
37	2.392	2.196	2.078	2.118	0
38	2.255	2.51	2.196	2.157	0
39	2.176	2.157	2.353	2.137	0
40	2.314	2.039	2.333	2.137	0
41	2.196	2.078	2.157	2.118	0
42	2.157	1.784	2.059	2.098	0
43	1.961	1.941	2.137	2.059	0
44	1.922	2.118	2.118	2.039	0
45	2.078	2.412	2.059	2.078	0
46	2.137	2.255	2.118	2.157	0
47	2.137	2.157	2.176	2.157	0
48	2.235	2.137	2.216	2.157	0
49	2.275	2.137	2.216	2.137	0
50	2.294	2.137	2.059	2.137	0
51	2.392	2.196	2.0	2.118	0
52	2.216	2.275	2.059	2.078	0
53	2.647	1.941	2.059	2.118	0
54	2.549	2.49	2.0	2.176	0
55	2.216	2.275	2.02	2.176	0
56	2.255	2.176	2.059	2.137	0
57	2.255	2.275	2.0	2.118	0
58	2.431	2.137	2.02	2.118	0
59	2.196	1.922	2.098	2.098	0
60	2.137	2.0	2.118	2.098	0
61	2.157	2.137	2.118	2.118	0
62	2.275	2.216	2.078	2.098	0
63	2.137	2.039	2.078	2.098	0
64	2.196	1.784	2.118	2.137	0
65	2.098	1.824	2.137	2.118	0
66	2.196	2.078	2.157	2.098	0
67	2.098	2.078	2.118	2.098	0
68	2.196	2.176	2.098	2.118	0
69	2.039	2.118	2.176	2.098	0
70	2.039	1.745	2.176	2.078	0
71	1.863	1.922	2.176	2.098	0
72	1.961	2.0	2.118	2.137	0
73	1.98	2.471	2.118	2.157	0
74	2.039	2.0	2.255	2.137	0
75	2.157	1.902	2.294	2.059	0
76	2.255	1.588	2.235	2.039	0
77	2.235	2.0	2.078	2.098	0
78	2.216	2.765	2.059	2.137	0
79	2.137	2.216	2.078	2.118	0
80	2.137	1.686	2.157	2.118	0
81	2.059	1.765	2.196	2.098	0
82	2.176	2.294	2.118	2.118	0
83	2.235	2.569	2.098	2.118	0
84	2.196	2.451	2.039	2.118	0
85	2.176	2.02	2.02	2.098	0
86	2.098	1.922	2.118	2.098	0
87	2.157	1.941	2.157	2.118	0
88	1.902	2.059	2.137	2.137	0
89	1.98	2.412	2.098	2.137	0
90	1.922	2.373	2.137	2.137	0
91	2.0	2.059	2.176	2.118	0
92	2.157	2.216	2.157	2.098	0
93	2.157	2.137	2.137	2.118	0
94	2.039	1.98	2.098	2.137	0
95	2.059	2.196	2.157	2.157	0
96	1.941	2.137	2.235	2.157	0
97	1.941	2.0	2.216	2.157	0
98	1.941	2.059	2.118	2.157	0
99	2.137	2.431	2.098	2.157	0
100	2.176	2.373	2.137	2.157	0
101	2.176	1.804	2.196	2.137	0
102	2.078	1.784	2.157	2.137	0
103	2.176	2.333	2.137	2.137	0
104	2.098	2.098	2.176	2.137	0
105	1.98	2.157	2.137	2.157	0
106	2.137	2.235	2.098	2.137	0
107	2.059	2.039	2.157	2.118	0
108	2.196	1.824	2.235	2.118	0
109	2.235	2.196	2.216	2.137	0
110	2.196	2.294	2.176	2.137	0
111	2.118	2.059	2.157	2.137	0
112	2.176	1.882	2.176	2.137	0
113	2.235	1.98	2.137	2.098	0
114	2.176	2.02	2.216	2.098	0
115	2.039	1.882	2.275	2.137	0
116	2.059	2.02	2.157	2.137	0
117	2.059	2.039	2.078	2.118	0
118	2.02	2.078	2.059	2.098	0
119	2.098	2.196	2.098	2.137	0
120	1.961	2.235	2.157	2.157	0
121	2.353	1.745	2.196	2.137	0
122	2.196	2.0	2.157	2.137	0
123	2.118	1.902	2.137	2.078	0
124	2.157	1.941	2.118	2.039	0
125	2.216	2.196	2.118	2.039	0
126	2.137	2.471	2.059	2.059	0
127	2.157	2.157	2.0	2.078	0
128	2.02	2.039	2.02	2.059	0
129	1.882	1.941	2.078	2.078	0
130	2.0	2.373	2.098	2.118	0
131	1.98	2.471	2.157	2.118	0
132	1.98	2.098	2.196	2.098	0
133	2.02	1.961	2.137	2.098	0
134	2.137	2.314	2.098	2.098	0
135	2.02	2.235	2.059	2.098	0
136	2.0	2.196	2.0	2.118	0
137	2.02	2.353	2.078	2.118	0
138	2.235	1.843	2.157	2.118	0
139	2.255	2.118	2.098	2.137	0
140	2.294	2.431	2.078	2.118	0
141	2.216	2.314	2.157	2.098	0
142	2.118	1.961	2.294	2.098	0
143	2.118	1.706	2.294	2.137	0
144	2.235	2.02	2.098	2.157	0
145	2.098	2.569	2.0	2.157	0
146	1.961	2.235	2.137	2.118	0
147	2.059	1.98	2.176	2.118	0
148	2.059	2.137	2.118	2.137	0
149	2.118	1.863	2.216	2.137	0
150	2.02	2.039	2.235	2.157	0
151	2.098	2.137	2.235	2.157	0
152	2.137	2.02	2.196	2.176	0
153	2.098	2.118	2.098	2.176	0
154	2.098	2.235	2.098	2.176	0
155	2.216	1.863	2.157	2.118	0
156	2.275	1.784	2.176	2.059	0
157	2.255	2.118	2.118	2.078	0
158	2.255	2.412	2.02	2.137	0
159	2.118	2.039	2.078	2.176	0
160	2.078	2.647	2.118	2.137	0
161	2.294	2.333	2.098	2.118	0
162	2.137	1.51	2.118	2.078	0
163	2.157	1.961	2.157	2.078	0
164	2.137	2.157	2.157	2.098	0
165	2.137	2.137	2.157	2.118	0
166	2.137	2.235	2.137	2.137	0
167	2.078	2.039	2.157	2.157	0
168	2.157	2.235	2.098	2.176	0
169	2.157	2.176	2.039	2.176	0
170	2.235	2.392	1.98	2.176	0
171	2.235	2.686	2.039	2.137	0
172	2.059	2.039	2.137	2.137	0
173	2.333	2.157	2.157	2.157	0
174	2.333	2.216	2.098	2.137	0
175	2.235	2.216	2.098	2.118	0
176	2.059	2.216	2.098	2.118	0
177	2.196	2.235	2.078	2.118	0
178	2.176	2.078	2.059	2.098	0
179	2.078	1.98	2.059	2.098	0
180	2.02	2.078	2.118	2.118	0
181	2.039	1.863	2.137	2.098	0
182	2.039	1.745	2.118	2.078	0
183	2.078	1.824	2.137	2.059	0
184	2.118	1.882	2.157	2.039	0
185	2.137	2.451	2.118	2.098	0
186	2.02	2.059	2.118	2.118	0
187	2.0	1.824	2.137	2.118	0
188	2.0	1.98	2.275	2.078	0
189	1.863	1.569	2.294	2.078	0
190	2.039	1.922	2.196	2.078	0
191	2.0	2.098	2.157	2.118	0
192	2.059	2.137	2.157	2.118	0
193	2.118	1.941	2.157	2.118	0
194	2.157	2.02	2.078	2.078	0
195	2.333	2.157	2.157	2.078	0
196	2.216	2.137	2.235	2.078	0
197	2.216	2.039	2.235	2.137	0
198	2.353	2.216	2.176	2.157	0
199	2.314	2.216	2.216	2.118	0
200	2.216	2.039	2.157	2.098	0
201	2.078	1.961	2.176	2.078	0
202	2.137	2.078	2.176	2.176	0
203	2.392	2.49	2.059	2.196	0
204	2.373	2.412	2.039	2.137	0
205	2.176	2.216	2.137	2.098	0
206	1.902	1.706	2.196	2.118	0
207	1.882	2.176	2.137	2.118	0
208	1.922	2.353	2.078	2.137	0
209	1.941	2.314	2.118	2.137	0
210	2.02	2.235	2.098	2.157	0
211	2.196	2.314	2.118	2.157	0
212	2.275	2.157	2.137	2.157	0
213	2.235	2.078	2.098	2.137	0
214	2.275	2.059	2.098	2.118	0
215	2.216	2.176	2.078	2.137	0
216	2.118	2.255	2.118	2.157	0
217	1.98	2.098	2.098	2.157	0
218	1.941	1.941	2.098	2.137	0
219	2.118	2.098	2.078	2.157	0
220	2.098	2.196	2.059	2.137	0
221	2.157	2.098	2.078	2.137	0
222	2.059	2.039	2.196	2.098	0
223	2.02	1.706	2.196	2.118	0
224	2.098	2.333	2.118	2.118	0
225	1.941	2.294	2.059	2.118	0
226	1.902	1.804	2.157	2.098	0
227	1.98	1.824	2.235	2.078	0
228	2.118	2.0	2.275	2.078	0
229	2.176	1.941	2.255	2.078	0
230	2.0	1.922	2.353	2.078	0
231	1.98	1.941	2.294	2.098	0
232	1.98	2.059	2.235	2.098	0
233	2.02	2.118	2.176	2.137	0
234	1.961	2.098	2.176	2.137	0
235	2.02	1.98	2.176	2.137	0
236	2.314	2.529	1.961	2.137	0
237	2.137	2.176	2.039	2.118	0
238	2.157	2.157	2.157	2.137	0
239	2.039	2.275	2.235	2.118	0
240	2.373	1.804	2.196	2.137	0
241	2.294	2.431	2.039	2.137	0
242	2.255	2.569	1.98	2.137	0
243	2.137	2.314	1.98	2.118	0
244	2.216	2.176	2.02	2.118	0
245	2.176	2.431	2.02	2.118	0
246	2.157	2.373	1.98	2.137	0
247	2.078	2.353	2.0	2.137	0
248	2.039	2.176	2.078	2.118	0
249	2.0	2.059	2.098	2.118	0
250	2.059	1.941	2.039	2.118	0
251	2.02	2.098	2.039	2.118	0
252	2.039	2.431	2.098	2.137	0
253	2.059	2.294	2.137	2.118	0
254	2.118	1.902	2.137	2.118	0
255	2.078	2.098	2.098	2.137	0
256	2.078	2.235	2.137	2.118	0
257	2.235	1.765	2.176	2.118	0
258	2.373	2.059	2.137	2.118	0
259	2.353	2.098	2.098	2.118	0
260	2.255	2.039	2.118	2.098	0
261	2.353	1.863	2.137	2.078	0
262	2.314	1.98	2.176	2.098	0
263	2.176	1.922	2.176	2.098	0
264	2.0	1.922	2.157	2.078	0
265	1.941	1.98	2.176	2.098	0
266	1.922	1.98	2.196	2.118	0
267	1.961	1.961	2.216	2.118	0
268	2.059	1.98	2.196	2.118	0
269	2.078	2.039	2.176	2.098	0
270	1.961	1.941	2.196	2.118	0
271	2.059	1.882	2.137	2.118	0
272	2.098	1.98	2.078	2.118	0
273	2.275	2.431	2.118	2.098	0
274	2.51	1.98	2.196	2.118	0
275	2.412	1.686	2.216	2.137	0
276	2.275	2.078	2.196	2.157	0
277	2.196	2.373	2.176	2.118	0
278	2.176	2.118	2.196	2.078	0
279	2.157	2.059	2.176	2.098	0
280	1.98	2.235	2.039	2.118	0
281	1.98	2.196	2.059	2.118	0
282	1.941	2.314	2.157	2.137	0
283	2.039	2.039	2.196	2.137	0
284	2.137	1.98	2.157	2.137	0
285	2.137	2.275	2.098	2.137	0
286	2.137	2.353	2.118	2.157	0
287	2.137	2.294	2.176	2.157	0
288	2.118	2.078	2.137	2.157	0
289	2.137	2.157	2.098	2.137	0
290	2.157	2.314	2.118	2.137	0
291	2.373	2.039	2.137	2.137	0
292	2.294	2.373	2.078	2.157	0
293	2.176	2.431	2.039	2.157	0
294	1.961	2.392	2.078	2.137	0
295	2.0	1.961	2.196	2.118	0
296	2.039	2.02	2.176	2.118	0
297	1.961	2.039	2.137	2.118	0
298	2.039	1.882	2.118	2.118	0
299	2.176	2.0	2.137	2.118	0
300	2.235	2.02	2.196	2.098	0
301	2.235	2.02	2.275	2.098	0
302	2.118	2.137	2.235	2.098	0
303	2.137	2.039	2.176	2.118	0
304	2.118	2.157	2.078	2.137	0
305	2.098	1.922	2.078	2.118	0
306	2.098	1.902	2.098	2.098	0
307	1.784	2.294	2.118	2.078	0
308	2.392	1.843	2.216	2.098	0
309	2.314	2.059	2.216	2.137	0
310	2.353	2.275	2.176	2.137	0
311	2.216	2.235	2.078	2.118	0
312	2.216	2.176	2.059	2.098	0
313	2.294	2.196	2.059	2.078	0
314	2.196	1.941	2.039	2.078	0
315	2.157	2.098	2.02	2.098	0
316	2.216	2.235	2.118	2.098	0
317	2.216	2.216	2.118	2.118	0
318	2.176	2.176	2.078	2.137	0
319	2.176	1.98	2.059	2.137	0
320	2.176	2.078	2.098	2.137	0
321	2.235	2.216	2.157	2.118	0
322	2.176	2.255	2.157	2.098	0
323	2.098	2.02	2.098	2.137	0
324	1.98	2.196	2.118	2.157	0
325	2.196	2.039	2.137	2.157	0
326	2.02	2.314	2.118	2.157	0
327	1.98	2.235	2.176	2.137	0
328	1.902	1.902	2.235	2.098	0
329	2.02	1.784	2.216	2.098	0
330	2.098	2.294	2.098	2.137	0
331	2.118	2.373	2.059	2.137	0
332	2.098	2.176	2.098	2.137	0
333	2.196	2.176	2.216	2.137	0
334	2.176	2.098	2.176	2.157	0
335	2.078	2.098	2.098	2.137	0
336	2.118	2.059	2.098	2.118	0
337	2.098	2.275	2.118	2.118	0
338	2.157	2.373	2.098	2.157	0
339	2.078	2.137	2.078	2.157	0
340	2.02	2.118	2.059	2.137	0
341	1.902	2.196	2.118	2.118	0
342	2.157	2.098	2.157	2.118	0
343	2.098	2.353	2.137	2.137	0
344	2.0	2.039	2.157	2.118	0
345	1.941	1.804	2.235	2.098	0
346	2.039	2.255	2.196	2.078	0
347	2.02	2.196	2.157	2.078	0
348	1.882	1.941	2.098	2.098	0
349	1.941	1.804	2.098	2.078	0
350	2.078	1.941	2.196	2.098	0
351	2.118	2.098	2.137	2.098	0
352	2.02	2.0	2.137	2.118	0
353	1.941	1.725	2.235	2.118	0
354	2.098	1.784	2.216	2.118	0
355	2.059	2.255	2.098	2.137	0
356	2.098	2.255	2.157	2.137	0
357	2.078	2.02	2.176	2.118	0
358	2.196	2.059	2.118	2.098	0
359	2.118	1.843	2.059	2.137	0
360	2.078	2.275	2.078	2.137	0
361	2.039	2.235	2.137	2.137	0
362	2.0	2.275	2.137	2.118	0
363	2.118	2.118	2.118	2.098	0
364	2.039	2.314	2.078	2.098	0
365	2.039	2.196	2.059	2.098	0
366	2.039	2.098	2.0	2.098	0
367	1.961	2.235	2.078	2.098	0
368	2.02	2.078	2.176	2.118	0
369	2.0	2.118	2.176	2.137	0
370	2.039	2.059	2.176	2.098	0
371	2.098	2.039	2.118	2.098	0
372	2.078	2.255	2.078	2.118	0
373	2.176	2.314	2.078	2.137	0
374	2.039	2.255	2.098	2.157	0
375	2.275	2.255	2.137	2.137	0
376	2.255	1.824	2.157	2.118	0
377	2.255	2.118	2.118	2.118	0
378	2.196	2.235	2.137	2.137	0
379	1.98	2.235	2.176	2.137	0
380	2.0	1.98	2.176	2.118	0
381	1.922	2.157	2.176	2.098	0
382	1.863	1.961	2.196	2.098	0
383	1.941	1.902	2.196	2.098	0
384	2.039	2.098	2.157	2.118	0
385	2.157	2.196	2.118	2.118	0
386	2.235	2.02	2.157	2.118	0
387	2.118	2.098	2.196	2.137	0
388	2.137	2.059	2.176	2.137	0
389	1.98	2.176	2.118	2.118	0
390	2.118	2.059	2.118	2.118	0
391	2.176	1.804	2.098	2.118	0
392	2.49	2.059	2.137	2.118	0
393	2.647	1.961	2.157	2.118	0
394	2.392	2.216	2.137	2.118	0
395	2.333	2.118	2.137	2.098	0
396	2.353	2.098	2.118	2.098	0
397	2.275	2.02	2.118	2.098	0
398	2.255	2.235	2.098	2.118	0
399	2.02	2.49	2.039	2.118	0
400	1.941	2.118	2.039	2.098	0
401	1.843	2.059	2.137	2.098	0
402	1.922	2.059	2.196	2.098	0
403	1.961	2.039	2.157	2.118	0
404	2.039	2.196	2.137	2.137	0
405	2.118	2.255	2.157	2.157	0
406	2.0	2.235	2.176	2.157	0
407	2.196	2.098	2.137	2.137	0
408	2.078	2.118	2.039	2.137	0
409	2.314	2.412	2.059	2.137	0
410	2.451	2.059	2.176	2.137	0
411	2.314	2.098	2.176	2.157	0
412	2.196	2.196	2.118	2.137	0
413	2.176	2.157	2.078	2.137	0
414	2.118	2.176	2.098	2.118	0
415	2.02	2.235	2.137	2.098	0
416	2.039	2.039	2.118	2.098	0
417	2.039	1.902	2.137	2.098	0
418	2.098	2.0	2.255	2.098	0
419	2.02	2.059	2.235	2.098	0
420	2.02	1.98	2.176	2.118	0
421	2.059	1.922	2.314	2.118	0
422	2.098	1.98	2.333	2.137	0
423	2.0	2.216	2.255	2.137	0
424	1.941	2.059	2.176	2.137	0
425	2.039	1.98	2.098	2.137	0
426	2.235	2.235	2.059	2.118	0
427	2.373	2.196	2.059	2.118	0
428	2.275	2.196	2.098	2.137	0
429	2.314	2.157	2.235	2.137	0
430	2.039	2.235	2.235	2.118	0
431	2.216	2.02	2.157	2.118	0
432	2.471	2.176	2.039	2.118	0
433	2.255	2.275	2.0	2.137	0
434	2.078	2.118	2.039	2.118	0
435	2.059	2.176	2.078	2.118	0
436	2.02	2.098	2.078	2.118	0
437	2.098	2.216	2.02	2.118	0
438	2.118	2.235	2.0	2.137	0
439	2.196	2.235	2.02	2.137	0
440	2.196	2.314	2.059	2.137	0
441	2.157	2.176	2.078	2.137	0
442	2.137	2.039	2.059	2.118	0
443	1.961	2.137	2.098	2.118	0
444	2.451	2.078	2.137	2.118	0
445	2.196	2.235	2.098	2.137	0
446	2.137	2.059	2.118	2.118	0
447	2.078	1.98	2.118	2.118	0
448	2.176	2.02	2.137	2.098	0
449	2.235	2.235	2.137	2.098	0
450	2.196	2.157	2.118	2.118	0
451	2.137	1.863	2.098	2.098	0
452	2.157	1.922	2.157	2.098	0
453	2.098	2.0	2.176	2.098	0
454	2.098	2.02	2.157	2.118	0
455	2.118	2.098	2.176	2.118	0
456	2.118	2.118	2.157	2.118	0
457	2.176	1.902	2.216	2.118	0
458	2.098	1.863	2.235	2.137	0
459	2.039	2.176	2.157	2.137	0
460	1.882	2.275	2.137	2.118	0
461	2.275	2.0	2.196	2.118	0
462	2.157	2.235	2.137	2.157	0
463	2.02	2.275	2.137	2.137	0
464	2.039	2.02	2.176	2.118	0
465	2.196	1.941	2.176	2.098	0
466	2.353	2.216	2.176	2.098	0
467	2.176	2.294	2.157	2.118	0
468	2.0	2.098	2.078	2.118	0
469	2.235	2.196	2.118	2.137	0
470	2.275	2.235	2.137	2.137	0
471	2.118	2.216	2.118	2.118	0
472	2.157	1.941	2.137	2.118	0
473	2.235	2.039	2.137	2.137	0
474	2.137	2.294	2.137	2.137	0
475	2.157	2.294	2.118	2.137	0
476	2.157	2.235	2.059	2.137	0
477	2.098	2.235	2.118	2.118	0
478	2.039	1.902	2.157	2.118	0
479	1.882	2.118	2.118	2.137	0
480	1.843	2.314	2.118	2.118	0
481	1.922	2.255	2.137	2.118	0
482	2.0	2.098	2.157	2.118	0
483	2.059	2.02	2.176	2.098	0
484	2.0	1.98	2.176	2.118	0
485	1.941	1.98	2.235	2.118	0
486	1.961	2.137	2.216	2.118	0
487	2.02	2.039	2.196	2.118	0
488	2.039	1.98	2.176	2.118	0
489	2.078	1.922	2.137	2.118	0
490	2.137	2.078	2.078	2.137	0
491	2.078	2.314	2.039	2.137	0
492	2.039	2.078	2.118	2.137	0
493	2.02	1.902	2.196	2.118	0
494	2.0	2.059	2.176	2.118	0
495	1.941	1.961	2.176	2.118	0
496	1.922	2.078	2.137	2.118	0
497	2.039	2.255	2.078	2.118	0
498	1.98	2.196	2.039	2.098	0
499	1.98	2.059	2.059	2.098	0
500	2.078	2.118	2.059	2.078	0
501	2.02	2.078	2.078	2.098	0
502	1.98	2.0	2.059	2.078	0
503	2.059	2.196	2.098	2.098	0
504	2.078	2.118	2.176	2.098	0
505	2.039	2.02	2.157	2.098	0
506	2.059	2.118	2.137	2.118	0
507	2.098	2.157	2.157	2.137	0
508	2.118	2.216	2.137	2.137	0
509	2.078	2.176	2.118	2.137	0
510	2.118	2.078	2.078	2.137	0
511	2.431	2.294	2.098	2.118	0
512	2.255	2.098	2.157	2.118	0
513	2.275	2.196	2.118	2.157	0
514	2.255	2.294	2.137	2.137	0
515	2.098	2.196	2.157	2.137	0
516	2.078	2.039	2.157	2.118	0
517	2.059	2.098	2.137	2.118	0
518	2.02	2.137	2.098	2.118	0
519	1.98	2.157	2.059	2.118	0
520	2.0	2.157	2.137	2.118	0
521	2.0	2.059	2.157	2.118	0
522	2.039	2.02	2.137	2.118	0
523	2.039	2.0	2.157	2.118	0
524	2.137	2.059	2.176	2.118	0
525	2.157	2.157	2.176	2.118	0
526	2.059	2.118	2.137	2.118	0
527	2.078	2.059	2.078	2.118	0
528	2.353	2.216	2.118	2.098	0
529	2.451	1.961	2.176	2.098	0
530	2.353	2.157	2.157	2.118	0
531	2.216	2.137	2.137	2.118	0
532	2.059	2.039	2.157	2.098	0
533	2.137	1.961	2.176	2.078	0
534	2.176	2.078	2.157	2.078	0
535	2.078	2.098	2.118	2.098	0
536	1.961	2.098	2.059	2.098	0
537	1.941	2.059	2.157	2.098	0
538	2.0	2.059	2.216	2.098	0
539	2.039	2.118	2.176	2.098	0
540	2.059	2.118	2.118	2.118	0
541	2.118	2.078	2.137	2.118	0
542	2.118	2.098	2.137	2.137	0
543	2.098	2.196	2.098	2.137	0
544	2.078	2.176	2.078	2.137	0
545	2.294	2.176	2.118	2.118	0
546	2.412	2.02	2.176	2.118	0
547	2.255	2.196	2.137	2.137	0
548	2.294	2.294	2.098	2.137	0
549	2.157	2.294	2.137	2.137	0
550	2.157	2.235	2.157	2.137	0
551	2.118	2.353	2.118	2.137	0
552	2.098	2.235	2.137	2.118	0
553	2.176	2.059	2.157	2.118	0
554	2.078	2.098	2.196	2.118	0
555	2.098	2.059	2.196	2.137	0
556	2.118	1.961	2.157	2.137	0
557	2.176	2.0	2.137	2.118	0
558	2.157	2.098	2.098	2.137	0
559	2.078	2.255	2.098	2.137	0
560	2.196	2.137	2.176	2.137	0
561	2.118	1.98	2.196	2.118	0
562	2.157	2.078	2.176	2.098	0
563	2.647	1.941	2.176	2.098	0
564	2.51	2.0	2.118	2.118	0
565	2.294	2.314	2.059	2.118	0
566	2.176	2.294	2.078	2.118	0
567	2.176	2.02	2.098	2.098	0
568	2.314	1.98	2.118	2.098	0
569	2.176	2.0	2.078	2.098	0
570	2.118	2.059	2.039	2.098	0
571	2.118	2.255	2.137	2.098	0
572	2.039	2.059	2.196	2.098	0
573	2.039	2.078	2.176	2.137	0
574	2.078	2.176	2.196	2.137	0
575	2.078	2.196	2.157	2.137	0
576	2.196	2.176	2.118	2.137	0
577	2.216	2.157	2.098	2.137	0
578	2.235	2.02	2.059	2.118	0
579	2.118	2.059	2.078	2.098	0
580	2.412	2.137	2.098	2.098	0
581	2.412	2.157	2.118	2.118	0
582	2.137	2.412	2.118	2.137	0
583	2.0	2.157	2.157	2.118	0
584	2.176	1.784	2.196	2.078	0
585	2.294	1.843	2.157	2.059	0
586	2.275	1.922	2.078	2.059	0
587	2.098	2.059	2.039	2.078	0
588	2.176	2.098	2.157	2.078	0
589	2.235	2.039	2.294	2.098	0
590	2.196	2.02	2.216	2.098	0
591	2.196	2.059	2.137	2.098	0
592	2.176	2.02	2.137	2.098	0
593	2.275	2.157	2.157	2.118	0
594	2.392	2.157	2.118	2.118	0
595	2.216	2.235	2.0	2.118	0
596	2.078	2.216	2.098	2.098	0
597	2.275	2.02	2.216	2.098	0
598	2.098	2.196	2.176	2.137	0
599	1.98	2.353	2.235	2.157	0
600	2.059	2.196	2.294	2.157	0
601	2.157	2.0	2.275	2.137	0
602	2.216	2.137	2.157	2.137	0
603	2.333	2.314	2.039	2.137	0
604	2.196	2.314	1.961	2.157	0
605	2.255	2.49	2.0	2.157	0
606	2.216	2.333	2.02	2.137	0
607	2.078	2.216	2.078	2.118	0
608	2.078	1.843	2.275	2.137	0
609	2.157	1.922	2.255	2.137	0
610	2.137	2.216	2.157	2.157	0
611	2.118	2.255	2.078	2.157	0
612	2.118	1.98	2.02	2.137	0
613	2.02	2.196	2.0	2.118	0
614	2.157	2.196	2.078	2.118	0
615	2.118	2.255	2.078	2.137	0
616	2.0	2.353	2.059	2.118	0
617	1.902	2.098	2.059	2.118	0
618	1.863	1.922	2.078	2.078	0
619	1.804	1.863	2.098	2.078	0
620	2.0	2.02	2.059	2.078	0
621	1.941	2.216	2.039	2.078	0
622	2.137	2.157	2.157	2.078	0
623	2.176	2.078	2.216	2.098	0
624	2.098	2.078	2.157	2.118	0
625	2.059	2.039	2.118	2.118	0
626	2.059	2.078	2.098	2.098	0
627	2.059	2.176	2.098	2.118	0
628	2.118	2.098	2.137	2.118	0
629	2.098	2.0	2.137	2.137	0
630	2.451	2.098	2.137	2.118	0
631	2.0	2.157	2.157	2.118	0
632	1.98	2.059	2.216	2.137	0
633	1.922	2.137	2.196	2.137	0
634	2.157	2.157	2.157	2.118	0
635	2.275	2.196	2.078	2.118	0
636	2.196	2.294	2.098	2.118	0
637	2.098	2.039	2.176	2.118	0
638	2.02	1.863	2.176	2.098	0
639	2.098	2.02	2.176	2.098	0
640	1.843	2.176	2.137	2.118	0
641	1.824	2.02	2.118	2.098	0
642	1.922	1.922	2.137	2.098	0
643	2.02	1.961	2.137	2.098	0
644	2.078	2.02	2.196	2.098	0
645	2.137	2.137	2.196	2.118	0
646	2.0	2.098	2.176	2.118	0
647	2.176	2.02	2.176	2.098	0
648	2.392	1.765	2.255	2.078	0
649	2.314	1.882	2.255	2.118	0
650	2.255	2.235	2.137	2.137	0
651	2.255	2.275	2.039	2.118	0
652	2.392	2.078	2.078	2.118	0
653	2.216	2.157	2.176	2.098	0
654	2.137	2.078	2.255	2.098	0
655	2.039	2.078	2.196	2.118	0
656	1.961	2.216	2.157	2.118	0
657	1.902	2.157	2.196	2.118	0
658	1.961	1.961	2.157	2.118	0
659	2.098	2.0	2.098	2.137	0
660	2.137	2.216	2.078	2.137	0
661	2.157	2.412	2.078	2.137	0
662	2.039	2.549	2.02	2.137	0
663	1.98	2.412	2.059	2.118	0
664	2.412	2.078	2.118	2.118	0
665	2.588	1.882	2.098	2.098	0
666	2.51	2.078	2.039	2.118	0
667	2.333	2.333	2.078	2.118	0
668	2.059	2.353	2.098	2.098	0
669	2.137	2.196	2.098	2.078	0
670	2.118	2.078	2.118	2.059	0
671	2.098	2.098	2.098	2.059	0
672	2.02	2.0	2.059	2.078	0
673	2.0	2.0	2.137	2.059	0
674	2.078	1.961	2.196	2.059	0
675	2.118	1.804	2.216	2.059	0
676	2.196	1.863	2.176	2.078	0
677	2.157	2.098	2.098	2.078	0
678	2.059	2.196	2.098	2.078	0
679	2.02	2.098	2.235	2.098	0
680	2.02	1.725	2.294	2.078	0
681	2.431	1.784	2.333	2.078	0
682	2.569	1.941	2.314	2.118	0
683	2.412	2.118	2.157	2.137	0
684	2.373	2.235	2.118	2.137	0
685	2.098	2.235	2.098	2.118	0
686	2.275	2.137	2.157	2.118	0
687	2.412	2.392	2.157	2.118	0
688	2.216	2.49	2.118	2.137	0
689	2.176	2.059	2.157	2.137	0
690	2.196	2.118	2.196	2.137	0
691	2.176	2.255	2.176	2.157	0
692	2.235	2.353	2.078	2.157	0
693	2.333	2.373	1.961	2.157	0
694	2.235	2.569	1.941	2.137	0
695	2.275	2.353	2.039	2.137	0
696	2.255	2.235	2.059	2.137	0
697	2.137	2.098	2.02	2.137	0
698	2.039	2.137	2.02	2.118	0
699	2.451	2.059	2.078	2.098	0
700	2.196	2.118	2.059	2.118	0
701	2.039	2.314	2.02	2.137	0
702	1.961	2.373	2.039	2.118	0
703	2.0	1.902	2.059	2.098	0
704	2.255	1.902	2.078	2.078	0
705	2.196	1.824	2.137	2.078	0
706	2.137	1.902	2.176	2.098	0
707	1.961	2.294	2.118	2.098	0
708	1.941	2.176	2.137	2.098	0
709	2.157	1.882	2.157	2.098	0
710	2.196	1.961	2.137	2.118	0
711	2.059	2.118	2.137	2.118	0
712	2.039	2.039	2.235	2.118	0
713	2.059	1.961	2.255	2.118	0
714	2.078	2.02	2.235	2.118	0
715	2.0	2.078	2.196	2.118	0
716	2.255	2.078	2.235	2.118	0
717	2.098	2.176	2.137	2.137	0
718	1.922	2.294	2.039	2.118	0
719	2.0	2.059	2.157	2.098	0
720	2.255	1.902	2.275	2.098	0
721	2.275	2.137	2.176	2.098	0
722	2.176	2.235	2.098	2.098	0
723	2.176	1.941	2.196	2.098	0
724	2.294	2.078	2.216	2.098	0
725	2.098	2.137	2.176	2.098	0
726	2.118	2.059	2.118	2.098	0
727	2.196	1.863	2.118	2.078	0
728	2.196	2.118	2.098	2.098	0
729	2.176	2.216	2.137	2.118	0
730	2.137	2.098	2.137	2.118	0
731	2.235	1.961	2.098	2.098	0
732	1.961	2.039	2.216	2.078	0
733	2.314	1.922	2.294	2.078	0
734	2.176	2.157	2.118	2.098	0
735	2.059	2.275	2.137	2.098	0
736	2.176	1.941	2.216	2.118	0
737	2.098	2.333	1.98	2.098	0
738	1.941	2.451	1.961	2.098	0
739	2.118	2.196	2.196	2.078	0
740	2.176	2.02	2.353	2.098	0
741	2.196	1.961	2.235	2.078	0
742	2.196	2.039	2.098	2.098	0
743	2.216	2.157	2.039	2.118	0
744	2.098	2.294	1.98	2.118	0
745	2.098	2.314	1.98	2.137	0
746	2.059	2.314	1.98	2.118	0
747	2.118	2.157	2.02	2.118	0
748	2.176	2.0	2.039	2.118	0
749	2.098	2.176	2.039	2.118	0
750	2.059	2.118	2.078	2.098	0
751	1.922	2.039	2.098	2.118	0
752	1.824	2.137	2.137	2.118	0
753	1.745	1.941	2.176	2.098	0
754	1.843	1.882	2.176	2.078	0
755	2.0	1.98	2.157	2.078	0
756	2.078	2.078	2.098	2.098	0
757	2.137	2.157	2.02	2.098	0
758	1.941	2.176	2.078	2.098	0
759	1.686	2.02	2.196	2.098	0
760	1.98	1.843	2.275	2.098	0
761	2.098	1.941	2.235	2.118	0
762	2.275	2.098	2.196	2.118	0
763	2.176	2.255	2.137	2.118	0
764	2.255	2.294	2.059	2.118	0
765	2.196	2.059	2.098	2.118	0
766	2.216	2.059	2.196	2.118	0
767	2.373	2.078	2.216	2.118	0
768	2.49	2.02	2.118	2.137	0
769	2.373	2.373	2.039	2.098	0
770	2.294	2.196	2.196	2.098	0
771	2.294	2.0	2.275	2.098	0
772	2.235	2.059	2.176	2.078	0
773	2.275	2.137	2.118	2.078	0
774	2.157	2.314	2.0	2.098	0
775	1.922	2.49	1.98	2.098	0
776	1.98	2.137	2.118	2.078	0
777	1.961	1.961	2.294	2.078	0
778	1.98	1.784	2.314	2.078	0
779	2.02	1.863	2.255	2.098	0
780	1.98	2.078	2.157	2.118	0
781	2.059	2.294	2.078	2.137	0
782	2.176	2.196	2.059	2.137	0
783	2.157	2.333	2.078	2.098	0
784	2.412	2.373	2.137	2.098	0
785	2.333	1.804	2.196	2.118	0
786	2.235	2.039	2.137	2.118	0
787	2.275	2.275	2.0	2.098	0
788	2.078	2.314	1.98	2.098	0
789	2.059	2.294	2.157	2.098	0
790	2.078	2.078	2.255	2.078	0
791	2.039	1.922	2.235	2.098	0
792	1.961	1.941	2.176	2.098	0
793	1.922	2.275	2.098	2.118	0
794	1.882	2.314	2.039	2.098	0
795	2.078	2.118	2.059	2.118	0
796	2.176	2.157	2.098	2.098	0
797	2.176	2.314	2.118	2.118	0
798	2.0	2.157	2.118	2.118	0
799	1.961	1.843	2.118	2.118	0
800	1.961	2.059	2.059	2.098	0
801	2.196	2.118	2.118	2.098	0
802	2.314	2.02	2.176	2.137	0
803	2.373	2.235	2.137	2.137	0
804	2.333	2.235	2.157	2.118	0
805	2.275	2.02	2.157	2.118	0
806	2.157	2.059	2.078	2.098	0
807	2.078	2.098	2.098	2.098	0
808	2.196	1.961	2.137	2.098	0
809	2.176	2.137	2.137	2.098	0
810	2.059	2.098	2.176	2.098	0
811	2.157	2.02	2.157	2.118	0
812	2.275	2.039	2.118	2.118	0
813	2.235	2.118	2.118	2.118	0
814	2.216	2.078	2.137	2.098	0
815	2.255	2.098	2.118	2.098	0
816	2.216	2.02	2.098	2.118	0
817	2.039	2.176	2.078	2.098	0
818	2.51	2.118	2.137	2.098	0
819	2.275	2.196	2.078	2.098	0
820	2.216	2.137	2.157	2.118	0
821	2.0	1.784	2.373	2.098	0
822	2.02	1.824	2.49	2.098	0
823	1.961	1.882	2.392	2.098	0
824	2.157	1.902	2.157	2.098	0
825	2.216	2.216	1.941	2.098	0
826	2.255	2.49	1.961	2.118	0
827	2.157	2.412	2.02	2.118	0
828	2.098	2.059	2.275	2.118	0
829	2.216	1.765	2.451	2.118	0
830	2.157	1.922	2.314	2.137	0
831	2.216	2.216	2.176	2.137	0
832	2.176	2.314	2.118	2.157	0
833	2.216	2.176	1.961	2.137	0
834	2.059	2.275	1.902	2.118	0
835	2.725	2.118	2.059	2.098	0
836	2.529	2.118	2.078	2.118	0
837	2.333	2.353	2.039	2.118	0
838	2.196	2.235	2.098	2.118	0
839	2.196	2.176	2.118	2.098	0
840	2.176	2.078	2.078	2.078	0
841	2.118	2.118	2.02	2.078	0
842	1.941	2.255	1.961	2.098	0
843	1.941	2.216	2.039	2.078	0
844	2.02	2.176	2.176	2.098	0
845	2.196	1.961	2.216	2.098	0
846	2.216	1.922	2.137	2.098	0
847	2.137	2.196	2.098	2.118	0
848	2.157	2.078	2.118	2.098	0
849	2.118	2.137	2.157	2.118	0
850	2.118	2.02	2.118	2.137	0
851	2.118	2.0	2.098	2.137	0
852	2.314	2.059	2.137	2.118	0
853	1.882	2.118	2.137	2.137	0
854	1.922	2.255	2.137	2.137	0
855	2.02	2.157	2.176	2.118	0
856	1.941	2.216	2.098	2.098	0
857	2.02	2.0	2.157	2.098	0
858	2.275	1.843	2.235	2.098	0
859	2.196	1.961	2.157	2.098	0
860	2.176	2.098	2.157	2.098	0
861	2.275	2.157	2.216	2.118	0
862	2.275	2.078	2.176	2.118	0
863	2.196	2.078	2.098	2.118	0
864	2.176	2.118	2.118	2.098	0
865	2.196	2.118	2.157	2.098	0
866	2.373	2.059	2.176	2.098	0
867	2.333	1.961	2.157	2.118	0
868	2.196	2.078	2.137	2.118	0
869	1.98	2.176	2.118	2.098	0
870	1.902	2.0	2.098	2.118	0
871	2.02	2.078	2.098	2.118	0
872	2.059	2.255	2.118	2.118	0
873	2.118	2.118	2.216	2.118	0
874	2.196	1.941	2.333	2.098	0
875	2.196	2.078	2.255	2.098	0
876	1.98	2.118	2.078	2.098	0
877	2.0	2.235	2.02	2.098	0
878	1.98	2.216	2.039	2.098	0
879	2.078	2.118	2.098	2.118	0
880	2.0	2.078	2.275	2.118	0
881	2.235	2.098	2.294	2.137	0
882	2.294	2.196	2.157	2.137	0
883	1.922	2.353	2.0	2.157	0
884	1.941	2.0	2.059	2.137	0
885	2.314	1.961	2.157	2.118	0
886	1.922	2.02	2.255	2.118	0
887	1.941	2.137	2.157	2.157	0
888	2.118	2.314	2.059	2.137	0
889	1.941	2.392	1.98	2.137	0
890	1.941	2.176	2.039	2.118	0
891	2.176	1.941	2.078	2.098	0
892	2.294	2.137	2.078	2.098	0
893	2.216	2.039	2.157	2.118	0
894	2.098	2.098	2.196	2.118	0
895	2.059	2.294	2.176	2.118	0
896	1.941	2.157	2.118	2.137	0
897	1.922	2.098	2.098	2.118	0
898	1.961	2.059	2.118	2.118	0
899	2.275	2.039	2.137	2.118	0
900	2.098	2.157	2.137	2.137	0
901	1.941	2.255	2.039	2.137	0
902	2.157	2.196	2.059	2.137	0
903	2.529	2.078	2.137	2.118	0
904	2.314	2.039	2.157	2.137	0
905	2.118	2.314	2.098	2.137	0
906	2.157	2.078	2.118	2.118	0
907	2.275	1.941	2.176	2.098	0
908	2.098	2.059	2.118	2.118	0
909	2.275	2.196	2.098	2.118	0
910	2.078	2.275	2.098	2.098	0
911	1.941	2.137	2.098	2.098	0
912	2.059	1.98	2.137	2.098	0
913	2.098	2.0	2.157	2.118	0
914	2.098	2.0	2.176	2.118	0
915	2.176	1.961	2.157	2.118	0
916	2.059	2.157	2.157	2.118	0
917	1.922	2.235	2.137	2.137	0
918	2.0	2.039	2.078	2.118	0
919	2.078	2.0	2.039	2.118	0
920	2.392	2.098	2.137	2.098	0
921	2.51	1.882	2.176	2.118	0
922	2.373	2.137	2.157	2.137	0
923	2.137	2.255	2.137	2.137	0
924	2.0	2.118	2.157	2.118	0
925	2.216	2.0	2.157	2.098	0
926	2.039	2.118	2.216	2.098	0
927	2.078	1.902	2.333	2.118	0
928	2.0	2.0	2.255	2.118	0
929	1.843	2.216	2.098	2.137	0
930	2.039	1.961	2.196	2.118	0
931	2.098	2.02	2.157	2.137	0
932	2.098	2.157	2.078	2.137	0
933	2.235	2.373	2.059	2.157	0
934	1.98	2.451	2.137	2.157	0
935	2.0	2.078	2.275	2.137	0
936	2.059	1.765	2.275	2.118	0
937	2.569	2.039	2.176	2.118	0
938	2.314	2.078	2.059	2.137	0
939	2.216	2.176	2.0	2.137	0
940	2.176	2.039	2.059	2.118	0
941	2.137	2.137	2.118	2.098	0
942	2.059	2.098	2.078	2.098	0
943	2.059	2.275	2.059	2.098	0
944	2.118	2.314	2.02	2.078	0
945	2.118	2.02	2.02	2.078	0
946	2.157	2.0	2.137	2.059	0
947	2.176	1.902	2.216	2.059	0
948	2.216	1.922	2.157	2.078	0
949	2.118	2.235	2.078	2.098	0
950	2.157	2.137	2.059	2.118	0
951	2.078	2.157	2.039	2.118	0
952	2.098	2.098	2.078	2.098	0
953	2.0	2.216	2.098	2.098	0
954	2.196	2.176	2.157	2.098	0
955	2.314	1.882	2.176	2.118	0
956	2.196	2.176	2.118	2.118	0
957	2.078	2.216	2.098	2.118	0
958	2.0	2.373	2.078	2.137	0
959	2.255	2.255	2.118	2.118	0
960	2.118	2.255	2.137	2.118	0
961	2.02	1.98	2.137	2.118	0
962	2.039	1.961	2.235	2.137	0
963	2.039	2.118	2.255	2.137	0
964	2.098	2.098	2.216	2.137	0
965	2.118	2.0	2.196	2.137	0
966	2.255	2.157	2.118	2.137	0
967	2.216	2.314	2.039	2.157	0
968	2.078	2.373	2.078	2.137	0
969	2.039	2.098	2.137	2.137	0
970	1.98	1.98	2.118	2.137	0
971	2.157	2.118	2.196	2.118	0
972	2.137	1.922	2.176	2.137	0
973	2.078	2.294	2.098	2.137	0
974	1.863	2.333	2.098	2.118	0
975	1.863	2.0	2.098	2.118	0
976	2.137	1.922	2.118	2.098	0
977	2.373	2.275	2.078	2.118	0
978	2.255	2.157	2.078	2.098	0
979	2.255	2.098	2.098	2.118	0
980	2.098	2.196	2.157	2.118	0
981	2.059	2.059	2.176	2.118	0
982	2.157	1.941	2.196	2.118	0
983	2.196	2.0	2.176	2.137	0
984	2.353	2.137	2.137	2.137	0
985	2.294	2.314	2.078	2.137	0
986	2.176	2.235	2.059	2.137	0
987	2.137	1.922	2.137	2.118	0
988	2.118	1.882	2.216	2.098	0
989	2.275	1.784	2.176	2.137	0
990	2.275	2.255	2.098	2.137	0
991	2.039	2.353	2.098	2.137	0
992	2.098	2.137	2.118	2.118	0
993	2.137	1.98	2.157	2.118	0
994	2.039	2.078	2.157	2.098	0
995	2.059	2.078	2.118	2.098	0
996	2.137	2.078	2.176	2.098	0
997	1.922	1.98	2.275	2.098	0
998	2.098	1.941	2.294	2.118	0
999	2.098	2.176	2.078	2.118	0
