time	channel1	channel2	channel3	channel4	class
0	1.235	1.882	1.314	1.431	7
1	1.275	1.961	1.451	1.667	7
2	1.294	1.824	1.333	1.843	7
3	1.51	1.863	1.157	1.745	7
4	1.549	2.118	1.118	1.608	7
5	1.471	2.216	1.392	1.706	7
6	1.569	2.471	1.725	1.98	7
7	1.667	2.353	1.706	2.255	7
8	1.471	2.0	1.569	2.118	7
9	1.49	1.863	1.569	1.745	7
10	1.569	2.098	1.647	1.569	7
11	1.627	2.294	1.804	1.686	7
12	1.647	2.255	1.922	2.078	7
13	1.706	2.412	2.098	2.451	7
14	1.824	2.608	2.0	2.588	7
15	1.804	2.451	1.706	2.471	7
16	1.804	2.157	1.804	2.255	7
17	1.922	2.098	2.078	2.098	7
18	2.118	2.078	2.118	2.0	7
19	2.176	2.118	2.078	1.961	7
20	2.098	2.098	2.137	2.02	7
21	2.137	2.098	2.137	2.176	7
22	2.275	2.02	1.98	2.196	7
23	2.49	1.98	1.961	2.059	7
24	2.647	2.0	2.098	1.863	7
25	2.745	1.706	2.157	1.706	7
26	2.51	1.49	2.235	1.784	7
27	2.451	1.49	2.294	2.118	7
28	2.647	1.431	2.216	2.373	7
29	2.804	1.549	2.314	2.275	7
30	2.745	1.706	2.373	1.98	7
31	2.843	1.98	2.588	1.765	7
32	3.059	2.02	2.686	1.765	7
33	2.902	2.078	2.667	1.961	7
34	2.686	1.961	2.608	2.137	7
35	2.784	2.059	2.765	2.314	7
36	2.784	2.353	2.902	2.471	7
37	2.647	2.275	2.882	2.529	7
38	2.667	2.294	2.961	2.49	7
39	2.784	2.196	3.0	2.353	7
40	2.686	1.922	2.824	2.216	7
41	2.706	1.961	2.863	2.176	7
42	2.667	1.961	2.98	2.137	7
43	2.451	1.902	2.941	2.137	7
44	2.294	1.784	2.804	2.216	7
45	2.294	1.745	2.706	2.294	7
46	2.294	1.667	2.725	2.294	7
47	2.255	1.745	2.725	2.294	7
48	2.275	1.902	2.784	2.216	7
49	2.275	1.922	2.647	2.039	7
50	2.118	1.922	2.49	1.863	7
51	2.0	1.961	2.392	1.824	7
52	1.961	1.961	2.314	1.765	7
53	1.922	1.882	2.392	1.647	7
54	1.843	1.98	2.412	1.647	7
55	1.882	2.0	2.118	1.824	7
56	1.706	1.784	1.922	2.098	7
57	1.627	1.627	1.941	2.216	7
58	1.706	1.725	2.098	2.216	7
59	1.647	1.725	2.098	2.078	7
60	1.549	1.647	1.98	1.843	7
61	1.51	1.529	1.804	1.569	7
62	1.431	1.529	1.725	1.412	7
63	1.471	1.51	1.745	1.529	7
64	1.451	1.451	1.706	1.784	7
65	1.451	1.608	1.765	2.059	7
66	1.431	1.667	1.549	2.059	7
67	1.314	1.373	1.255	1.765	7
68	1.255	1.255	1.412	1.471	7
69	1.255	1.725	1.804	1.569	7
70	1.294	1.922	1.373	1.882	7
71	1.392	1.725	0.922	1.961	7
72	1.333	1.941	1.451	1.843	7
73	1.235	1.961	1.667	1.706	7
74	1.451	1.784	1.392	1.627	7
75	1.51	1.667	1.176	1.549	7
76	1.529	1.51	1.078	1.51	7
77	1.314	1.137	0.941	1.549	7
78	1.235	1.373	1.098	1.706	7
79	1.471	1.725	1.098	1.804	7
80	1.51	1.863	1.196	1.843	7
81	1.471	2.118	1.412	1.922	7
82	1.255	2.333	1.49	1.98	7
83	1.333	1.941	1.294	1.902	7
84	1.529	1.608	1.196	1.804	7
85	1.529	1.902	1.333	1.745	7
86	1.49	2.216	1.471	1.863	7
87	1.451	2.451	1.725	2.039	7
88	1.529	2.529	1.824	2.157	7
89	1.608	2.431	1.804	2.157	7
90	1.647	2.196	1.706	2.118	7
91	1.647	2.098	1.824	2.059	7
92	1.725	2.392	2.216	2.098	7
93	1.686	2.333	2.235	2.157	7
94	1.667	1.961	2.137	2.118	7
95	1.863	1.922	2.235	2.039	7
96	2.078	2.196	2.196	2.02	7
97	2.059	2.176	2.294	2.078	7
98	2.02	2.098	2.373	2.118	7
99	2.137	2.059	2.412	2.137	7
100	2.353	2.216	2.529	2.118	7
101	2.392	2.235	2.51	2.157	7
102	2.529	2.255	2.392	2.137	7
103	2.569	1.98	2.255	2.0	7
104	2.667	2.039	2.314	1.882	7
105	2.686	2.02	2.294	1.804	7
106	2.765	2.059	2.392	1.843	7
107	2.784	2.0	2.412	1.941	7
108	2.882	2.059	2.431	2.0	7
109	3.078	1.98	2.451	2.039	7
110	3.039	1.706	2.353	2.0	7
111	2.902	1.431	2.314	1.961	7
112	2.98	1.471	2.471	1.961	7
113	3.02	1.588	2.471	1.941	7
114	2.902	1.608	2.49	1.922	7
115	2.882	1.647	2.49	1.961	7
116	2.824	1.686	2.451	2.02	7
117	2.725	1.804	2.529	2.02	7
118	2.667	1.863	2.627	2.0	7
119	2.686	2.0	2.667	2.039	7
120	2.588	1.941	2.667	2.059	7
121	2.51	1.961	2.588	2.118	7
122	2.51	2.0	2.608	2.157	7
123	2.392	1.961	2.569	2.157	7
124	2.275	1.863	2.627	2.078	7
125	2.255	1.843	2.608	2.02	7
126	2.294	1.882	2.529	2.02	7
127	2.098	1.686	2.412	2.0	7
128	1.922	1.471	2.314	1.882	7
129	1.882	1.549	2.392	1.824	7
130	1.98	1.765	2.471	1.863	7
131	1.941	1.647	2.314	1.863	7
132	1.804	1.529	2.137	1.784	7
133	1.725	1.667	2.059	1.725	7
134	1.627	1.804	2.118	1.843	7
135	1.549	1.902	2.098	2.039	7
136	1.549	1.863	2.157	2.196	7
137	1.549	1.804	2.118	2.157	7
138	1.549	1.882	1.941	1.961	7
139	1.529	1.922	1.863	1.784	7
140	1.51	1.98	1.843	1.686	7
141	1.431	1.843	1.569	1.686	7
142	1.353	1.51	1.235	1.725	7
143	1.451	1.471	1.392	1.824	7
144	1.431	1.549	1.882	1.941	7
145	1.431	1.451	1.824	1.902	7
146	1.412	1.235	1.49	1.882	7
147	1.216	1.373	1.333	1.961	7
148	1.353	1.235	1.118	1.922	7
149	1.373	1.412	1.255	1.804	7
150	1.196	1.882	1.51	1.843	7
151	1.275	1.961	1.549	1.961	7
152	1.216	1.824	1.51	2.078	7
153	1.275	1.922	1.176	1.98	7
154	1.275	1.922	1.078	1.745	7
155	1.353	2.098	1.431	1.667	7
156	1.353	2.255	1.608	1.765	7
157	1.451	2.314	1.49	1.882	7
158	1.392	2.314	1.51	2.0	7
159	1.314	2.255	1.412	2.02	7
160	1.314	2.353	1.51	2.0	7
161	1.51	2.392	1.686	1.922	7
162	1.451	2.176	1.686	1.824	7
163	1.49	2.039	1.784	1.784	7
164	1.686	2.118	1.804	1.922	7
165	1.686	2.039	1.882	2.157	7
166	1.725	2.255	2.078	2.314	7
167	1.863	2.333	1.98	2.196	7
168	1.765	2.275	1.941	1.941	7
169	1.706	2.098	1.941	1.745	7
170	1.863	2.216	2.196	1.667	7
171	2.0	2.294	2.314	1.804	7
172	2.137	2.255	2.0	2.039	7
173	2.118	2.118	1.784	2.118	7
174	2.196	2.216	2.059	2.02	7
175	2.235	2.137	2.373	1.961	7
176	2.314	2.02	2.333	2.078	7
177	2.412	1.922	2.373	2.176	7
178	2.451	1.961	2.431	2.176	7
179	2.431	1.863	2.294	2.078	7
180	2.51	1.667	2.118	1.98	7
181	2.549	1.686	2.157	1.902	7
182	2.706	1.765	2.392	1.843	7
183	2.784	1.784	2.392	1.882	7
184	2.725	1.706	2.353	1.98	7
185	2.706	1.745	2.471	2.118	7
186	2.725	1.882	2.549	2.176	7
187	2.804	2.039	2.608	2.176	7
188	2.745	2.118	2.725	2.039	7
189	2.804	2.255	2.804	1.941	7
190	2.784	2.216	2.647	2.0	7
191	2.686	1.961	2.51	1.98	7
192	2.667	1.922	2.627	2.0	7
193	2.706	1.882	2.745	2.098	7
194	2.745	2.078	2.902	2.255	7
195	2.725	1.98	2.863	2.275	7
196	2.51	1.667	2.765	2.176	7
197	2.451	1.529	2.647	2.078	7
198	2.392	1.529	2.706	1.98	7
199	2.373	1.667	2.745	2.0	7
200	2.353	1.686	2.569	2.078	7
201	2.294	1.706	2.529	2.118	7
202	2.176	1.725	2.51	2.059	7
203	2.118	1.706	2.451	1.882	7
204	2.098	1.843	2.412	1.765	7
205	2.0	1.824	2.255	1.745	7
206	1.922	1.725	2.157	1.863	7
207	1.843	1.686	2.196	2.02	7
208	1.882	1.843	2.137	2.118	7
209	1.843	1.765	2.098	2.118	7
210	1.784	1.784	2.176	2.078	7
211	1.765	1.784	2.137	1.863	7
212	1.745	1.647	2.078	1.608	7
213	1.529	1.392	1.804	1.529	7
214	1.569	1.451	1.569	1.686	7
215	1.588	1.51	1.471	1.902	7
216	1.569	1.471	1.765	1.98	7
217	1.471	1.549	2.078	2.0	7
218	1.412	1.647	1.902	1.882	7
219	1.451	1.667	1.569	1.608	7
220	1.471	1.765	1.373	1.451	7
221	1.392	1.765	1.314	1.529	7
222	1.333	1.745	1.431	1.784	7
223	1.333	1.784	1.549	2.118	7
224	1.373	1.765	1.667	2.314	7
225	1.353	1.941	1.529	2.176	7
226	1.333	1.941	1.373	1.824	7
227	1.353	1.765	1.216	1.451	7
228	1.471	1.804	1.471	1.373	7
229	1.294	1.902	1.627	1.627	7
230	1.216	1.49	1.314	1.882	7
231	1.392	1.549	1.451	2.118	7
232	1.353	1.706	1.314	2.235	7
233	1.451	1.608	1.471	2.039	7
234	1.471	1.667	1.451	1.725	7
235	1.333	1.843	1.333	1.627	7
236	1.294	2.098	1.373	1.784	7
237	1.353	2.353	1.725	2.137	7
238	1.412	2.373	1.686	2.353	7
239	1.392	2.157	1.529	2.235	7
240	1.569	2.353	1.706	1.941	7
241	1.569	2.569	1.745	1.843	7
242	1.49	2.373	1.412	1.902	7
243	1.51	2.255	1.51	2.137	7
244	1.608	2.216	1.882	2.255	7
245	1.765	2.196	2.0	2.196	7
246	1.824	2.333	1.98	2.078	7
247	1.804	2.137	1.725	2.0	7
248	2.0	2.0	1.824	2.039	7
249	2.078	2.137	2.039	2.137	7
250	2.039	2.098	2.118	2.176	7
251	1.98	1.863	2.078	2.098	7
252	2.216	1.98	2.0	2.0	7
253	2.314	2.216	1.922	1.961	7
254	2.314	2.176	2.255	2.02	7
255	2.373	2.196	2.51	2.078	7
256	2.569	2.216	2.49	2.078	7
257	2.725	2.059	2.294	1.941	7
258	2.765	1.902	2.216	1.863	7
259	2.824	2.0	2.255	1.863	7
260	2.824	2.078	2.314	1.922	7
261	2.804	2.176	2.275	2.059	7
262	2.706	2.078	2.451	2.078	7
263	2.843	1.902	2.706	2.02	7
264	2.843	1.804	2.627	1.98	7
265	2.902	1.745	2.451	1.941	7
266	2.902	1.588	2.471	1.98	7
267	2.902	1.667	2.569	2.02	7
268	2.882	1.745	2.627	2.098	7
269	2.784	1.843	2.627	2.137	7
270	2.667	1.961	2.627	2.118	7
271	2.765	2.078	2.725	2.098	7
272	2.667	2.02	2.647	2.059	7
273	2.549	1.961	2.627	2.0	7
274	2.529	2.059	2.686	1.98	7
275	2.49	1.922	2.706	2.0	7
276	2.451	2.098	2.824	2.02	7
277	2.451	2.059	2.706	1.922	7
278	2.294	1.706	2.451	1.804	7
279	2.255	1.765	2.549	1.882	7
280	2.255	1.824	2.588	2.039	7
281	2.098	1.569	2.569	2.078	7
282	2.098	1.608	2.686	2.078	7
283	2.078	1.686	2.569	1.98	7
284	1.941	1.51	2.412	1.882	7
285	1.843	1.569	2.314	1.843	7
286	1.882	1.627	2.216	1.784	7
287	1.804	1.647	2.157	1.745	7
288	1.686	1.725	2.196	1.824	7
289	1.667	1.902	2.216	1.922	7
290	1.627	1.882	2.078	1.941	7
291	1.569	1.784	2.059	1.882	7
292	1.49	1.824	2.137	1.882	7
293	1.529	1.98	2.078	1.961	7
294	1.569	1.922	1.922	1.961	7
295	1.51	1.686	1.745	1.784	7
296	1.412	1.686	1.922	1.725	7
297	1.451	1.667	1.961	1.725	7
298	1.373	1.294	1.667	1.765	7
299	1.333	1.275	1.471	1.745	7
300	1.412	1.314	1.255	1.706	7
301	1.392	1.314	1.275	1.667	7
302	1.373	1.392	1.608	1.647	7
303	1.373	1.49	1.686	1.686	7
304	1.353	1.51	1.647	1.745	7
305	1.235	1.608	1.431	1.882	7
306	1.176	1.706	1.255	1.941	7
307	1.235	1.804	1.353	1.941	7
308	1.49	1.902	1.275	1.765	7
309	1.49	1.765	1.314	1.725	7
310	1.471	1.824	1.314	1.843	7
311	1.49	1.804	1.275	1.941	7
312	1.373	1.941	1.216	2.02	7
313	1.412	2.039	1.255	2.02	7
314	1.471	1.941	1.471	2.02	7
315	1.412	1.745	1.431	1.961	7
316	1.627	1.765	1.392	1.882	7
317	1.569	1.941	1.51	1.902	7
318	1.647	2.039	1.569	1.98	7
319	1.686	2.02	1.627	2.118	7
320	1.627	2.078	1.608	2.196	7
321	1.627	1.922	1.549	2.176	7
322	1.686	2.216	1.706	2.059	7
323	1.843	2.529	1.824	1.922	7
324	1.863	2.431	1.824	1.843	7
325	1.843	2.176	1.667	1.843	7
326	1.824	2.255	1.882	1.961	7
327	2.0	2.627	2.118	2.118	7
328	2.176	2.51	2.157	2.216	7
329	2.196	2.275	2.118	2.157	7
330	2.196	2.137	1.98	1.961	7
331	2.196	1.941	1.902	1.784	7
332	2.216	1.804	2.0	1.627	7
333	2.49	1.902	2.078	1.627	7
334	2.588	1.98	1.98	1.745	7
335	2.471	1.863	2.039	2.059	7
336	2.353	1.902	2.373	2.353	7
337	2.51	2.02	2.529	2.392	7
338	2.667	1.941	2.412	2.039	7
339	2.667	1.824	2.294	1.569	7
340	2.784	2.0	2.098	1.451	7
341	2.863	2.098	2.235	1.647	7
342	2.745	2.059	2.373	2.0	7
343	2.569	1.961	2.275	2.275	7
344	2.686	2.039	2.412	2.353	7
345	2.647	2.078	2.667	2.255	7
346	2.588	2.039	2.824	2.157	7
347	2.647	2.216	2.902	2.157	7
348	2.725	2.314	2.98	2.157	7
349	2.588	1.922	2.725	2.176	7
350	2.451	1.549	2.549	2.157	7
351	2.353	1.51	2.686	2.157	7
352	2.392	1.725	2.824	2.118	7
353	2.431	1.804	2.804	2.118	7
354	2.353	1.941	2.824	2.137	7
355	2.255	2.02	2.824	2.137	7
356	2.137	2.02	2.725	2.216	7
357	2.078	2.098	2.784	2.294	7
358	2.078	1.941	2.745	2.275	7
359	2.039	1.922	2.569	2.137	7
360	2.02	1.843	2.549	1.922	7
361	1.863	1.863	2.49	1.765	7
362	1.804	1.824	2.451	1.706	7
363	1.941	1.843	2.412	1.843	7
364	1.902	1.863	2.451	2.098	7
365	1.843	1.882	2.451	2.275	7
366	1.667	1.686	2.333	2.294	7
367	1.667	1.588	2.216	2.098	7
368	1.588	1.529	2.078	1.843	7
369	1.49	1.49	2.039	1.608	7
370	1.49	1.569	2.059	1.569	7
371	1.667	1.784	2.098	1.745	7
372	1.608	1.667	1.961	1.922	7
373	1.529	1.51	1.922	1.98	7
374	1.49	1.686	1.922	2.0	7
375	1.51	1.882	1.902	2.0	7
376	1.49	1.98	1.824	1.902	7
377	1.471	1.941	1.706	1.706	7
378	1.373	2.039	1.569	1.549	7
379	1.412	1.765	1.451	1.51	7
380	1.49	1.706	1.49	1.686	7
381	1.569	1.706	1.784	1.961	7
382	1.549	1.765	1.843	2.118	7
383	1.431	1.373	1.451	2.0	7
384	1.49	1.373	1.333	1.804	7
385	1.569	1.608	1.275	1.569	7
386	1.569	1.647	1.157	1.431	7
387	1.51	1.667	1.235	1.529	7
388	1.588	1.843	1.51	1.745	7
389	1.608	1.843	1.569	1.961	7
390	1.608	1.745	1.196	1.882	7
391	1.608	1.863	0.784	1.529	7
392	1.588	1.882	0.882	1.157	7
393	1.451	1.922	1.255	1.196	7
394	1.569	1.941	1.431	1.51	7
395	1.725	1.922	1.353	1.902	7
396	1.784	1.882	1.353	2.216	7
397	1.863	1.882	1.451	2.275	7
398	1.922	2.0	1.549	2.118	7
399	1.902	1.902	1.529	1.882	7
400	1.627	1.824	1.686	1.804	7
401	1.667	1.784	1.784	1.824	7
402	1.941	1.863	1.863	1.961	7
403	1.922	2.137	2.137	2.196	7
404	1.961	2.118	2.078	2.412	7
405	2.118	2.078	2.039	2.51	7
406	2.02	2.196	2.451	2.529	7
407	2.078	2.314	2.627	2.51	7
408	2.157	2.392	2.392	2.49	7
409	2.157	2.51	2.353	2.549	7
410	2.118	2.608	2.49	2.608	7
411	2.255	2.569	2.588	2.569	7
412	2.392	2.608	2.549	2.412	7
413	2.412	2.412	2.529	2.196	7
414	2.471	2.314	2.431	2.039	7
415	2.49	2.098	2.431	2.059	7
416	2.51	2.0	2.373	2.157	7
417	2.451	1.863	2.412	2.196	7
418	2.451	1.784	2.353	2.098	7
419	2.529	1.725	2.157	2.02	7
420	2.686	1.725	2.098	1.902	7
421	2.608	1.608	2.039	1.765	7
422	2.549	1.667	2.039	1.686	7
423	2.549	1.667	2.059	1.686	7
424	2.549	1.569	1.98	1.745	7
425	2.471	1.627	2.137	1.863	7
426	2.451	1.765	2.49	1.98	7
427	2.51	1.902	2.392	2.0	7
428	2.471	1.843	2.157	1.882	7
429	2.392	1.824	2.137	1.745	7
430	2.294	1.941	2.353	1.667	7
431	2.196	1.882	2.451	1.745	7
432	2.275	1.863	2.529	1.922	7
433	2.255	1.941	2.608	2.0	7
434	2.078	1.686	2.529	2.02	7
435	2.059	1.686	2.569	2.0	7
436	2.059	1.686	2.608	1.98	7
437	2.02	1.824	2.686	2.039	7
438	1.922	1.725	2.569	2.098	7
439	1.804	1.804	2.608	2.098	7
440	1.863	2.078	2.765	2.039	7
441	1.902	2.078	2.706	1.961	7
442	1.902	2.078	2.471	1.922	7
443	1.765	2.02	2.51	1.922	7
444	1.725	2.078	2.529	1.941	7
445	1.686	2.0	2.373	1.941	7
446	1.706	1.863	2.216	1.902	7
447	1.686	1.745	2.157	1.863	7
448	1.667	1.667	2.118	1.804	7
449	1.745	1.843	2.137	1.667	7
450	1.745	1.843	2.0	1.588	7
451	1.333	1.431	1.784	1.608	7
452	1.353	1.255	1.863	1.745	7
453	1.667	1.392	1.902	2.02	7
454	1.627	1.255	1.961	2.235	7
455	1.471	1.392	1.98	2.157	7
456	1.51	1.706	1.882	1.706	7
457	1.627	1.863	1.706	1.255	7
458	1.686	1.902	1.569	1.118	7
459	1.51	1.804	1.333	1.471	7
460	1.353	1.549	1.51	1.98	7
461	1.471	1.667	1.725	2.275	7
462	1.588	1.824	1.627	2.118	7
463	1.647	1.902	1.255	1.745	7
464	1.549	1.941	1.118	1.608	7
465	1.412	1.922	1.118	1.686	7
466	1.49	1.843	1.333	1.804	7
467	1.647	1.706	1.431	1.902	7
468	1.804	1.725	1.314	1.863	7
469	1.863	1.667	1.0	1.706	7
470	1.784	1.549	0.98	1.667	7
471	1.667	1.529	1.235	1.765	7
472	1.627	1.647	1.098	1.941	7
473	1.647	1.765	1.118	1.941	7
474	1.647	1.843	1.314	1.863	7
475	1.765	1.902	1.392	1.804	7
476	1.824	2.157	1.51	2.0	7
477	1.706	2.137	1.627	2.255	7
478	1.706	2.275	1.725	2.451	7
479	1.804	2.412	1.98	2.431	7
480	1.902	2.392	2.059	2.255	7
481	1.98	2.235	2.059	2.059	7
482	2.137	2.373	2.333	1.98	7
483	2.118	2.373	2.392	2.137	7
484	1.902	2.235	2.451	2.49	7
485	1.824	2.176	2.588	2.686	7
486	1.961	2.196	2.627	2.667	7
487	2.118	2.314	2.608	2.451	7
488	2.294	2.255	2.627	2.176	7
489	2.275	2.078	2.588	1.941	7
490	2.314	2.196	2.569	1.843	7
491	2.412	2.275	2.627	1.863	7
492	2.333	2.157	2.529	2.098	7
493	2.333	2.196	2.51	2.353	7
494	2.314	2.02	2.353	2.373	7
495	2.431	2.176	2.235	2.157	7
496	2.51	2.294	2.471	1.902	7
497	2.529	2.294	2.412	1.843	7
498	2.706	2.078	2.059	1.843	7
499	2.725	1.706	1.902	1.824	7
500	2.667	1.686	2.275	1.843	7
501	2.706	1.471	2.333	1.784	7
502	2.647	1.353	2.176	1.686	7
503	2.471	1.51	2.216	1.765	7
504	2.471	1.667	2.196	1.941	7
505	2.569	1.569	2.235	2.039	7
506	2.588	1.608	2.294	2.078	7
507	2.51	1.725	2.275	2.02	7
508	2.549	1.706	2.353	1.902	7
509	2.627	1.725	2.373	1.784	7
510	2.451	1.922	2.451	1.765	7
511	2.294	2.0	2.686	1.882	7
512	2.235	2.137	2.824	2.059	7
513	2.333	2.137	2.51	2.157	7
514	2.176	2.059	2.49	2.059	7
515	2.078	1.98	2.569	1.941	7
516	2.02	2.059	2.667	1.902	7
517	2.078	2.02	2.627	1.941	7
518	2.098	1.98	2.588	2.0	7
519	1.902	1.804	2.49	1.98	7
520	1.863	1.686	2.431	1.882	7
521	1.941	1.608	2.392	1.843	7
522	1.804	1.49	2.314	1.843	7
523	1.686	1.49	2.275	1.941	7
524	1.686	1.686	2.255	2.0	7
525	1.706	1.804	2.275	2.0	7
526	1.647	1.804	2.275	1.922	7
527	1.588	1.824	2.078	1.784	7
528	1.49	1.569	1.804	1.588	7
529	1.49	1.549	1.863	1.529	7
530	1.451	1.667	1.922	1.627	7
531	1.549	1.882	1.902	1.765	7
532	1.529	2.059	1.922	1.902	7
533	1.471	1.941	1.98	1.961	7
534	1.451	1.745	1.941	1.922	7
535	1.451	1.804	1.922	1.784	7
536	1.373	1.549	1.706	1.549	7
537	1.431	1.392	1.549	1.51	7
538	1.392	1.431	1.471	1.745	7
539	1.373	1.569	1.588	2.0	7
540	1.392	1.686	1.667	2.078	7
541	1.431	1.725	1.529	1.98	7
542	1.431	1.765	1.549	1.824	7
543	1.49	1.804	1.627	1.765	7
544	1.49	1.824	1.608	1.804	7
545	1.471	1.706	1.353	1.863	7
546	1.471	1.882	1.196	1.863	7
547	1.569	1.961	1.353	1.745	7
548	1.608	1.98	1.373	1.569	7
549	1.588	1.824	1.333	1.412	7
550	1.549	1.667	1.294	1.412	7
551	1.51	1.667	1.294	1.745	7
552	1.647	1.706	1.235	2.216	7
553	1.627	1.529	1.059	2.373	7
554	1.725	1.569	1.353	2.255	7
555	1.804	1.686	1.647	1.941	7
556	1.765	1.627	1.431	1.667	7
557	1.804	1.686	1.255	1.686	7
558	1.667	2.039	1.353	1.902	7
559	1.706	2.176	1.725	2.118	7
560	1.98	2.235	1.843	2.314	7
561	1.98	2.039	1.745	2.412	7
562	1.882	1.941	1.745	2.412	7
563	2.039	1.961	1.725	2.373	7
564	2.02	2.02	1.765	2.353	7
565	2.118	2.549	2.039	2.353	7
566	2.078	2.765	2.196	2.431	7
567	2.059	2.588	2.275	2.51	7
568	2.196	2.451	2.353	2.471	7
569	2.353	2.294	2.333	2.314	7
570	2.333	1.961	2.275	2.137	7
571	2.51	1.824	2.373	2.098	7
572	2.373	1.882	2.49	2.176	7
573	2.412	2.098	2.314	2.235	7
574	2.471	2.118	2.353	2.196	7
575	2.392	2.118	2.431	2.118	7
576	2.431	2.353	2.627	2.098	7
577	2.569	2.216	2.588	2.098	7
578	2.608	1.961	2.471	2.078	7
579	2.647	2.078	2.569	2.0	7
580	2.686	2.176	2.529	2.0	7
581	2.608	2.255	2.51	2.059	7
582	2.627	2.235	2.451	2.059	7
583	2.706	2.216	2.569	2.039	7
584	2.529	2.059	2.667	2.078	7
585	2.608	1.784	2.51	2.157	7
586	2.745	1.784	2.529	2.196	7
587	2.588	1.804	2.647	2.039	7
588	2.588	1.824	2.706	1.824	7
589	2.627	1.784	2.529	1.725	7
590	2.608	1.686	2.51	1.784	7
591	2.49	1.765	2.627	1.941	7
592	2.373	1.784	2.51	2.059	7
593	2.353	1.824	2.529	2.0	7
594	2.314	1.882	2.588	1.863	7
595	2.235	1.922	2.471	1.784	7
596	2.176	1.98	2.549	1.804	7
597	2.137	2.0	2.51	1.843	7
598	2.157	2.0	2.49	1.863	7
599	2.078	1.941	2.431	1.804	7
600	2.0	1.784	2.353	1.824	7
601	1.863	1.627	2.314	1.882	7
602	1.804	1.667	2.373	1.882	7
603	1.922	1.667	2.176	1.824	7
604	1.706	1.431	2.098	1.667	7
605	1.667	1.373	2.176	1.569	7
606	1.706	1.353	2.059	1.667	7
607	1.647	1.353	2.098	1.922	7
608	1.647	1.608	2.294	2.157	7
609	1.686	1.725	2.196	2.118	7
610	1.588	1.686	2.0	1.843	7
611	1.49	1.686	1.98	1.549	7
612	1.588	1.784	1.922	1.451	7
613	1.529	1.725	1.824	1.608	7
614	1.431	1.882	1.843	1.745	7
615	1.471	1.863	1.824	1.824	7
616	1.392	1.941	1.686	1.922	7
617	1.373	1.902	1.431	2.098	7
618	1.451	1.882	1.608	2.157	7
619	1.569	1.882	2.0	1.941	7
620	1.51	1.765	2.039	1.725	7
621	1.333	1.667	1.725	1.706	7
622	1.392	1.49	1.412	1.667	7
623	1.333	1.235	1.412	1.588	7
624	1.353	1.431	1.431	1.647	7
625	1.392	1.51	1.275	1.765	7
626	1.471	1.471	1.0	1.902	7
627	1.431	1.529	1.196	1.922	7
628	1.49	1.569	1.353	1.922	7
629	1.451	1.725	1.373	1.902	7
630	1.353	1.882	1.529	1.98	7
631	1.392	2.0	1.529	2.078	7
632	1.49	1.824	1.235	2.078	7
633	1.608	1.647	0.961	1.863	7
634	1.608	1.745	1.059	1.549	7
635	1.667	1.922	1.157	1.471	7
636	1.588	1.98	1.294	1.745	7
637	1.647	2.098	1.451	2.176	7
638	1.627	1.961	1.549	2.451	7
639	1.882	1.902	1.706	2.451	7
640	1.843	2.0	1.765	2.294	7
641	1.784	2.118	1.804	2.118	7
642	1.765	2.216	1.804	2.039	7
643	1.765	2.294	1.824	2.039	7
644	1.922	2.49	1.882	2.039	7
645	2.059	2.451	1.804	2.02	7
646	2.039	2.431	1.784	2.02	7
647	2.0	2.471	2.078	2.137	7
648	2.059	2.608	2.353	2.333	7
649	2.176	2.569	2.392	2.412	7
650	2.216	2.549	2.255	2.255	7
651	2.294	2.412	2.275	1.941	7
652	2.333	2.216	2.333	1.706	7
653	2.275	2.216	2.392	1.706	7
654	2.294	2.275	2.373	1.98	7
655	2.275	1.922	2.314	2.216	7
656	2.471	1.98	2.49	2.373	7
657	2.863	1.961	2.353	2.196	7
658	2.824	1.706	2.314	1.784	7
659	2.569	1.569	2.353	1.49	7
660	2.549	1.647	2.373	1.51	7
661	2.549	1.745	2.275	1.765	7
662	2.569	1.725	2.275	2.039	7
663	2.588	1.882	2.451	2.196	7
664	2.608	2.196	2.706	2.255	7
665	2.706	2.157	2.569	2.137	7
666	2.706	1.902	2.275	1.882	7
667	2.745	1.922	2.176	1.706	7
668	2.706	1.922	2.471	1.667	7
669	2.549	1.843	2.765	1.863	7
670	2.529	1.824	2.706	2.118	7
671	2.627	1.98	2.667	2.255	7
672	2.49	1.765	2.51	2.216	7
673	2.412	1.667	2.451	2.118	7
674	2.392	1.647	2.471	1.98	7
675	2.353	1.667	2.49	1.902	7
676	2.235	1.588	2.49	1.882	7
677	2.294	1.824	2.608	2.0	7
678	2.216	1.863	2.627	2.118	7
679	2.078	1.804	2.608	2.137	7
680	2.098	1.922	2.549	2.02	7
681	2.02	1.961	2.49	1.863	7
682	1.941	1.961	2.471	1.804	7
683	1.922	2.059	2.529	1.824	7
684	1.922	2.059	2.431	1.863	7
685	1.863	1.843	2.255	1.98	7
686	1.765	1.569	2.196	2.137	7
687	1.686	1.569	2.294	2.176	7
688	1.784	1.804	2.392	2.039	7
689	1.725	1.745	2.196	1.843	7
690	1.647	1.588	2.157	1.765	7
691	1.549	1.49	2.078	1.765	7
692	1.51	1.431	2.039	1.843	7
693	1.51	1.549	2.078	1.98	7
694	1.51	1.569	1.961	2.02	7
695	1.451	1.588	1.784	2.118	7
696	1.392	1.706	1.765	2.235	7
697	1.392	1.902	1.882	2.255	7
698	1.51	2.078	1.824	2.098	7
699	1.549	2.059	1.686	1.922	7
700	1.412	1.98	1.569	1.765	7
701	1.314	1.902	1.529	1.725	7
702	1.314	1.745	1.471	1.686	7
703	1.275	1.667	1.373	1.725	7
704	1.373	1.824	1.49	2.02	7
705	1.51	1.824	1.412	2.275	7
706	1.373	1.451	1.255	2.176	7
707	1.353	1.51	1.314	1.922	7
708	1.471	1.549	1.078	1.647	7
709	1.471	1.49	0.863	1.412	7
710	1.373	1.49	1.098	1.333	7
711	1.373	1.412	1.333	1.471	7
712	1.529	1.255	1.275	1.627	7
713	1.529	1.392	1.392	1.784	7
714	1.647	1.843	1.49	1.922	7
715	1.667	2.098	1.49	1.941	7
716	1.529	1.98	1.373	1.941	7
717	1.412	1.686	1.196	1.804	7
718	1.647	1.745	1.235	1.627	7
719	1.667	1.902	1.686	1.549	7
720	1.863	2.039	2.216	1.667	7
721	1.863	2.137	2.373	1.98	7
722	1.922	2.039	2.157	2.118	7
723	1.863	1.745	1.804	2.02	7
724	1.961	1.922	2.039	1.98	7
725	2.02	2.059	2.314	2.059	7
726	2.059	2.118	2.49	2.157	7
727	2.196	2.196	2.588	2.196	7
728	2.196	2.275	2.51	2.157	7
729	2.157	2.314	2.627	2.157	7
730	2.275	2.373	2.706	2.157	7
731	2.294	2.373	2.667	2.176	7
732	2.314	2.294	2.667	2.255	7
733	2.373	2.314	2.588	2.196	7
734	2.471	2.431	2.608	2.02	7
735	2.49	2.569	2.647	1.882	7
736	2.451	2.373	2.627	1.902	7
737	2.627	2.157	2.549	2.02	7
738	2.588	2.118	2.49	2.118	7
739	2.627	2.137	2.529	2.216	7
740	2.529	1.843	2.392	2.235	7
741	2.608	1.843	2.49	2.157	7
742	2.647	2.02	2.51	2.059	7
743	2.588	1.843	2.412	1.922	7
744	2.608	1.765	2.353	1.824	7
745	2.647	1.804	2.333	1.784	7
746	2.569	1.843	2.294	1.824	7
747	2.608	1.922	2.275	1.941	7
748	2.647	2.039	2.333	2.157	7
749	2.588	2.059	2.373	2.294	7
750	2.412	2.02	2.412	2.275	7
751	2.431	2.059	2.529	2.118	7
752	2.392	2.176	2.49	2.059	7
753	2.49	2.216	2.471	2.078	7
754	2.471	1.863	2.314	2.059	7
755	2.392	1.804	2.392	2.059	7
756	2.333	1.922	2.529	2.118	7
757	2.098	1.725	2.412	2.118	7
758	2.059	1.627	2.373	2.059	7
759	2.137	1.627	2.392	1.98	7
760	2.02	1.667	2.431	1.941	7
761	2.039	1.725	2.373	1.941	7
762	2.02	1.804	2.314	1.941	7
763	1.863	1.902	2.353	2.02	7
764	1.667	1.863	2.412	2.059	7
765	1.706	1.882	2.255	2.0	7
766	1.824	1.882	2.157	1.824	7
767	1.686	1.941	2.118	1.647	7
768	1.588	1.863	2.098	1.647	7
769	1.627	1.941	2.059	1.745	7
770	1.608	1.961	2.039	1.843	7
771	1.51	1.902	2.059	2.078	7
772	1.51	1.863	2.078	2.255	7
773	1.549	1.961	2.098	2.098	7
774	1.412	1.725	1.902	1.706	7
775	1.431	1.569	1.843	1.431	7
776	1.49	1.549	1.863	1.431	7
777	1.471	1.529	1.706	1.686	7
778	1.373	1.51	1.608	2.02	7
779	1.314	1.608	1.706	2.235	7
780	1.353	1.745	1.824	2.176	7
781	1.49	1.922	1.745	1.863	7
782	1.549	1.922	1.745	1.588	7
783	1.51	1.902	1.863	1.647	7
784	1.49	1.667	1.471	1.804	7
785	1.451	1.51	1.118	1.824	7
786	1.431	1.627	1.118	1.686	7
787	1.49	1.667	1.275	1.529	7
788	1.588	1.706	1.51	1.529	7
789	1.569	1.765	1.49	1.804	7
790	1.627	1.392	1.0	2.039	7
791	1.431	1.0	0.588	1.961	7
792	1.392	1.137	0.902	1.725	7
793	1.824	1.333	1.275	1.451	7
794	1.843	1.353	1.196	1.431	7
795	1.706	1.549	1.216	1.608	7
796	1.647	1.706	1.039	1.784	7
797	1.647	1.902	1.0	2.0	7
798	1.706	1.863	1.137	2.137	7
799	1.804	1.765	1.157	1.882	7
800	1.902	1.765	1.157	1.647	7
801	1.843	2.216	1.353	1.686	7
802	1.882	2.471	1.49	1.922	7
803	1.941	2.431	1.627	2.118	7
804	1.882	2.549	1.941	2.333	7
805	2.0	2.549	1.941	2.392	7
806	2.098	2.412	2.02	2.373	7
807	2.176	2.392	2.196	2.275	7
808	2.196	2.353	2.176	2.118	7
809	2.216	2.255	2.216	2.078	7
810	2.255	2.275	2.392	2.118	7
811	2.275	2.275	2.51	2.216	7
812	2.235	2.216	2.529	2.314	7
813	2.333	2.176	2.431	2.373	7
814	2.431	2.373	2.608	2.392	7
815	2.569	2.49	2.725	2.412	7
816	2.588	2.451	2.686	2.353	7
817	2.392	2.294	2.627	2.255	7
818	2.451	2.235	2.471	2.118	7
819	2.588	2.196	2.431	1.941	7
820	2.647	2.196	2.588	1.98	7
821	2.667	2.235	2.588	2.118	7
822	2.569	2.118	2.569	2.235	7
823	2.549	2.0	2.471	2.196	7
824	2.588	1.804	2.353	1.961	7
825	2.549	1.431	2.176	1.745	7
826	2.549	1.451	2.275	1.765	7
827	2.529	1.412	2.216	1.843	7
828	2.51	1.471	2.216	1.922	7
829	2.471	1.431	2.118	1.902	7
830	2.294	1.373	2.098	1.902	7
831	2.216	1.627	2.275	1.882	7
832	2.235	1.804	2.392	1.902	7
833	2.196	1.765	2.314	1.882	7
834	2.275	1.824	2.333	1.922	7
835	2.118	1.882	2.255	1.961	7
836	2.0	1.765	2.275	1.941	7
837	2.02	1.902	2.373	1.882	7
838	2.02	1.902	2.373	1.882	7
839	1.961	1.784	2.333	1.941	7
840	1.882	1.765	2.451	2.039	7
841	1.922	1.922	2.588	2.078	7
842	1.784	1.784	2.51	1.961	7
843	1.784	1.608	2.392	1.804	7
844	1.824	1.706	2.51	1.784	7
845	1.804	1.667	2.471	1.902	7
846	1.706	1.51	2.353	1.961	7
847	1.706	1.627	2.353	1.98	7
848	1.706	1.765	2.392	2.039	7
849	1.725	1.922	2.49	2.137	7
850	1.667	1.863	2.333	2.078	7
851	1.588	1.843	2.157	1.863	7
852	1.647	1.98	2.176	1.725	7
853	1.627	2.02	2.118	1.745	7
854	1.569	2.039	2.157	1.922	7
855	1.627	2.157	2.235	2.157	7
856	1.647	2.039	2.137	2.255	7
857	1.451	1.765	2.02	2.216	7
858	1.49	1.765	1.882	2.118	7
859	1.49	1.725	1.843	1.922	7
860	1.51	1.667	1.765	1.765	7
861	1.529	1.569	1.647	1.667	7
862	1.529	1.627	1.471	1.686	7
863	1.451	1.667	1.49	1.843	7
864	1.412	1.725	1.373	1.961	7
865	1.392	1.804	1.412	2.0	7
866	1.588	1.882	1.549	1.961	7
867	1.569	1.784	1.471	1.745	7
868	1.51	1.784	1.373	1.471	7
869	1.51	1.863	1.196	1.451	7
870	1.431	1.902	1.137	1.686	7
871	1.373	1.804	1.02	1.902	7
872	1.667	1.745	1.137	1.863	7
873	1.725	1.824	1.412	1.745	7
874	1.667	1.922	1.529	1.647	7
875	1.843	1.686	1.294	1.647	7
876	1.784	1.431	1.255	1.608	7
877	1.765	1.529	1.549	1.569	7
878	1.902	1.667	1.667	1.647	7
879	1.882	1.725	1.667	1.843	7
880	1.765	1.824	1.863	2.059	7
881	1.843	1.98	2.0	2.078	7
882	1.98	1.765	1.902	2.0	7
883	2.039	1.941	2.118	2.098	7
884	2.059	2.157	2.333	2.157	7
885	2.0	2.098	2.235	2.196	7
886	2.118	2.176	2.0	2.196	7
887	2.137	2.294	1.863	2.098	7
888	2.176	2.431	2.49	1.941	7
889	2.255	2.569	2.863	1.941	7
890	2.255	2.471	2.725	2.118	7
891	2.275	2.275	2.627	2.392	7
892	2.353	2.176	2.569	2.608	7
893	2.314	1.941	2.451	2.471	7
894	2.333	1.902	2.49	2.157	7
895	2.373	2.098	2.667	2.02	7
896	2.373	2.0	2.51	2.039	7
897	2.431	1.922	2.549	2.098	7
898	2.471	2.078	2.608	2.196	7
899	2.529	1.98	2.471	2.216	7
900	2.569	1.725	2.392	2.118	7
901	2.549	1.804	2.353	1.98	7
902	2.49	2.02	2.431	1.882	7
903	2.412	2.098	2.431	1.941	7
904	2.392	2.118	2.431	2.039	7
905	2.471	2.196	2.451	2.118	7
906	2.49	2.137	2.353	2.157	7
907	2.529	1.765	2.137	2.059	7
908	2.529	1.686	2.196	1.98	7
909	2.549	1.941	2.333	1.961	7
910	2.294	1.784	2.176	1.961	7
911	2.137	1.667	2.137	1.902	7
912	2.333	1.725	2.235	1.843	7
913	2.412	1.784	2.373	1.863	7
914	2.392	1.843	2.412	1.98	7
915	2.314	1.863	2.255	2.098	7
916	2.196	1.922	2.235	2.098	7
917	2.098	2.0	2.255	1.961	7
918	2.059	2.02	2.216	1.784	7
919	2.059	2.039	2.255	1.647	7
920	2.039	2.098	2.216	1.667	7
921	2.02	1.882	2.137	1.843	7
922	1.961	1.863	2.176	1.98	7
923	1.98	2.02	2.373	1.941	7
924	1.922	1.843	2.118	1.765	7
925	1.902	1.765	2.039	1.627	7
926	1.961	1.941	2.275	1.706	7
927	1.706	1.706	2.235	1.843	7
928	1.745	1.51	2.118	2.02	7
929	1.745	1.529	2.039	2.098	7
930	1.706	1.608	1.961	2.0	7
931	1.667	1.471	1.902	1.824	7
932	1.627	1.627	1.98	1.745	7
933	1.569	1.804	2.0	1.784	7
934	1.588	1.863	1.98	1.882	7
935	1.51	1.882	1.902	1.961	7
936	1.549	1.941	1.882	2.02	7
937	1.451	2.039	1.922	1.961	7
938	1.373	2.0	1.843	1.941	7
939	1.471	1.941	1.647	1.941	7
940	1.529	1.824	1.608	2.0	7
941	1.431	1.667	1.549	2.078	7
942	1.412	1.529	1.333	1.98	7
943	1.569	1.627	1.353	1.765	7
944	1.451	1.745	1.549	1.627	7
945	1.373	1.725	1.451	1.686	7
946	1.529	1.627	1.353	1.863	7
947	1.569	1.49	1.275	2.039	7
948	1.412	1.216	1.098	1.98	7
949	1.471	1.196	1.059	1.725	7
950	1.569	1.569	1.235	1.471	7
951	1.588	1.765	1.294	1.471	7
952	1.588	1.863	1.275	1.725	7
953	1.569	1.98	1.412	2.059	7
954	1.627	1.98	1.392	2.216	7
955	1.667	1.824	1.353	2.039	7
956	1.745	1.882	1.549	1.843	7
957	1.843	2.137	1.824	1.765	7
958	1.824	2.118	1.961	1.824	7
959	1.784	1.882	1.804	1.961	7
960	1.843	1.824	1.725	2.059	7
961	1.804	1.961	1.941	2.137	7
962	1.745	2.039	2.255	2.235	7
963	1.902	1.922	2.275	2.196	7
964	2.078	1.804	2.216	2.078	7
965	2.118	1.686	2.216	2.0	7
966	1.961	1.882	2.294	2.039	7
967	1.941	2.216	2.51	2.216	7
968	2.059	2.294	2.569	2.373	7
969	2.059	2.353	2.686	2.412	7
970	2.235	2.392	2.627	2.255	7
971	2.333	2.314	2.471	2.02	7
972	2.333	2.333	2.451	1.882	7
973	2.294	2.451	2.529	1.882	7
974	2.294	2.471	2.569	1.98	7
975	2.333	2.392	2.588	2.078	7
976	2.451	2.196	2.608	2.098	7
977	2.588	2.118	2.569	2.255	7
978	2.353	2.078	2.529	2.333	7
979	2.333	1.98	2.49	2.196	7
980	2.549	1.843	2.353	1.882	7
981	2.627	1.824	2.431	1.647	7
982	2.471	1.804	2.392	1.647	7
983	2.471	1.863	2.275	1.804	7
984	2.471	1.961	2.294	1.941	7
985	2.451	2.0	2.529	2.039	7
986	2.451	2.0	2.333	2.078	7
987	2.49	2.0	2.118	2.02	7
988	2.451	2.039	2.157	1.902	7
989	2.333	1.98	2.275	1.843	7
990	2.373	1.941	2.216	1.843	7
991	2.294	1.882	2.137	1.804	7
992	2.216	1.706	2.039	1.784	7
993	2.275	1.686	2.157	1.902	7
994	2.353	1.922	2.314	2.039	7
995	2.333	1.824	2.216	2.039	7
996	2.255	1.569	2.235	1.961	7
997	2.078	1.686	2.373	1.941	7
998	2.176	1.824	2.118	1.941	7
999	2.118	1.51	1.941	1.863	7
1000	2.02	1.451	2.176	1.824	7
1001	1.941	1.725	2.412	1.824	7
1002	2.059	1.824	2.196	1.725	7
1003	2.176	1.922	1.941	1.725	7
1004	1.863	1.745	2.039	1.804	7
1005	1.804	1.784	2.196	1.922	7
1006	1.902	1.882	2.137	2.02	7
1007	1.922	1.961	2.059	2.098	7
1008	1.863	2.02	2.118	2.098	7
1009	1.804	1.961	2.098	2.059	7
1010	1.725	1.725	2.02	1.922	7
1011	1.765	1.627	2.0	1.804	7
1012	1.725	1.549	1.843	1.745	7
1013	1.706	1.471	1.804	1.784	7
1014	1.765	1.588	1.863	1.824	7
1015	1.686	1.706	1.922	2.0	7
1016	1.51	1.588	1.961	2.216	7
1017	1.549	1.608	1.882	2.216	7
1018	1.725	1.725	1.647	2.039	7
1019	1.667	1.725	1.588	1.922	7
1020	1.451	1.784	1.745	1.961	7
1021	1.569	2.078	1.765	2.039	7
1022	1.608	2.137	1.627	2.059	7
1023	1.431	1.902	1.588	2.02	7
1024	1.412	1.824	1.627	1.902	7
1025	1.608	1.941	1.647	1.843	7
1026	1.627	1.882	1.569	1.824	7
1027	1.608	1.882	1.471	1.824	7
1028	1.784	1.98	1.412	1.843	7
1029	1.608	1.686	1.294	1.804	7
1030	1.51	1.49	1.353	1.765	7
1031	1.627	1.471	1.392	1.667	7
1032	1.725	1.294	1.392	1.647	7
1033	1.667	1.255	1.51	1.706	7
1034	1.706	1.333	1.294	1.765	7
1035	1.667	1.49	1.314	1.863	7
1036	1.725	1.725	1.725	1.98	7
1037	1.706	2.0	1.941	2.059	7
1038	1.765	1.941	1.725	1.863	7
1039	1.98	1.804	1.667	1.588	7
1040	1.882	1.725	1.686	1.471	7
1041	1.863	1.902	1.765	1.647	7
1042	1.863	1.961	2.02	2.0	7
1043	1.824	2.078	2.02	2.353	7
1044	1.824	2.118	2.098	2.588	7
1045	2.039	2.235	2.49	2.529	7
1046	1.961	2.0	2.49	2.157	7
1047	1.961	1.98	2.49	1.824	7
1048	2.098	2.176	2.627	1.843	7
1049	2.176	2.353	2.725	2.098	7
1050	2.137	2.333	2.686	2.412	7
1051	2.078	2.176	2.49	2.549	7
1052	2.02	2.216	2.471	2.451	7
1053	2.078	2.314	2.667	2.255	7
1054	2.235	2.392	2.745	2.118	7
1055	2.412	2.431	2.667	2.039	7
1056	2.275	2.412	2.608	2.02	7
1057	2.176	2.51	2.725	2.137	7
1058	2.216	2.569	2.725	2.255	7
1059	2.275	2.471	2.549	2.196	7
1060	2.353	2.176	2.431	1.961	7
1061	2.333	1.98	2.275	1.863	7
1062	2.373	1.941	2.157	1.902	7
1063	2.373	1.922	2.255	1.961	7
1064	2.373	1.784	2.275	1.941	7
1065	2.373	1.765	2.353	1.941	7
1066	2.431	1.863	2.373	2.0	7
1067	2.333	1.667	2.098	1.941	7
1068	2.118	1.569	1.902	1.784	7
1069	2.157	1.627	1.843	1.667	7
1070	2.157	1.824	2.039	1.686	7
1071	2.118	1.902	2.02	1.863	7
1072	2.137	1.765	2.0	1.961	7
1073	2.137	1.961	2.196	2.0	7
1074	2.275	2.176	2.294	2.059	7
1075	2.137	2.0	2.039	2.039	7
1076	2.02	1.784	1.98	1.902	7
1077	2.0	1.824	2.137	1.804	7
1078	2.078	1.922	2.176	1.784	7
1079	2.176	1.941	2.235	1.882	7
1080	2.02	1.647	2.098	1.922	7
1081	1.824	1.588	2.176	1.922	7
1082	1.765	1.804	2.373	1.98	7
1083	1.882	1.902	2.216	2.059	7
1084	1.98	1.667	2.078	2.137	7
1085	1.941	1.843	2.255	2.216	7
1086	1.863	1.882	2.275	2.137	7
1087	1.902	1.941	2.235	1.902	7
1088	1.882	1.941	2.098	1.745	7
1089	1.784	2.02	2.196	1.706	7
1090	1.765	2.02	2.137	1.843	7
1091	1.745	1.941	1.98	2.039	7
1092	1.745	1.98	1.922	2.137	7
1093	1.765	2.098	2.0	2.059	7
1094	1.745	2.0	2.0	1.902	7
1095	1.745	1.745	1.843	1.725	7
1096	1.784	1.706	1.784	1.667	7
1097	1.706	1.529	1.627	1.667	7
1098	1.627	1.373	1.608	1.725	7
1099	1.725	1.373	1.686	1.941	7
1100	1.804	1.627	1.843	2.157	7
1101	1.745	1.51	1.804	2.078	7
1102	1.667	1.529	1.451	1.784	7
1103	1.647	1.706	1.392	1.529	7
1104	1.686	1.627	1.392	1.451	7
1105	1.627	1.608	1.608	1.529	7
1106	1.627	1.745	1.804	1.745	7
1107	1.725	1.725	1.627	1.882	7
1108	1.725	1.49	1.529	1.961	7
1109	1.725	1.471	1.49	1.941	7
1110	1.784	1.706	1.51	1.824	7
1111	1.804	1.941	1.686	1.765	7
1112	1.745	2.235	2.059	1.863	7
1113	1.765	2.392	2.196	2.098	7
1114	1.608	1.745	1.686	2.118	7
1115	1.549	1.314	1.412	2.0	7
1116	1.922	1.176	1.667	1.784	7
1117	1.961	1.353	1.98	1.765	7
1118	1.882	1.549	2.02	1.882	7
1119	1.902	1.784	2.078	1.941	7
1120	2.039	1.882	2.078	1.941	7
1121	1.941	2.039	1.941	1.961	7
1122	1.745	2.314	1.882	2.059	7
1123	1.843	2.176	2.078	2.157	7
1124	2.0	2.157	2.255	2.176	7
1125	2.02	2.098	2.176	2.098	7
1126	2.0	2.137	2.137	2.0	7
1127	2.039	2.098	2.137	1.882	7
1128	2.098	2.098	2.176	1.863	7
1129	2.118	2.157	2.216	2.02	7
1130	2.118	2.294	2.353	2.196	7
1131	2.176	2.255	2.275	2.235	7
1132	2.176	2.118	2.294	2.157	7
1133	2.118	2.02	2.373	2.039	7
1134	2.137	2.0	2.392	2.0	7
1135	2.118	2.059	2.451	2.078	7
1136	2.137	2.098	2.373	2.137	7
1137	2.176	2.078	2.333	2.098	7
1138	2.235	2.157	2.49	2.02	7
1139	2.137	2.314	2.529	2.098	7
1140	2.176	2.431	2.412	2.176	7
1141	2.255	2.333	2.333	2.078	7
1142	2.353	2.137	2.255	1.863	7
1143	2.314	2.039	2.255	1.745	7
1144	2.196	2.078	2.078	1.765	7
1145	2.176	1.902	2.039	1.902	7
1146	2.255	1.804	2.098	2.02	7
1147	2.451	1.882	2.118	2.0	7
1148	2.314	1.627	1.941	1.804	7
1149	2.157	1.51	1.941	1.647	7
1150	2.275	1.608	1.961	1.627	7
1151	2.333	1.588	1.922	1.725	7
1152	2.196	1.51	1.98	2.0	7
1153	2.137	1.627	2.039	2.157	7
1154	2.157	1.824	2.118	2.078	7
1155	2.176	1.843	2.078	1.882	7
1156	2.235	1.804	1.922	1.667	7
1157	2.235	1.902	1.882	1.667	7
1158	2.078	1.961	2.098	1.824	7
1159	2.0	1.941	2.314	2.098	7
1160	2.059	1.882	2.235	2.412	7
1161	2.118	1.961	2.216	2.451	7
1162	2.078	1.922	2.275	2.275	7
1163	1.902	1.941	2.412	2.098	7
1164	1.98	2.137	2.431	2.0	7
1165	1.961	2.176	2.431	1.98	7
1166	1.804	1.882	2.49	2.118	7
1167	1.863	1.608	2.392	2.176	7
1168	2.0	1.627	2.235	2.118	7
1169	1.941	1.569	2.216	2.02	7
1170	1.745	1.627	2.314	2.0	7
1171	1.745	1.882	2.353	2.078	7
1172	1.804	2.02	2.235	2.078	7
1173	1.686	1.882	2.137	2.0	7
1174	1.647	1.941	2.078	1.902	7
1175	1.667	2.02	2.078	1.902	7
1176	1.647	1.961	2.039	1.98	7
1177	1.608	2.02	2.137	2.059	7
1178	1.667	2.098	2.059	2.02	7
1179	1.784	1.961	1.941	1.824	7
1180	1.608	1.686	1.863	1.667	7
1181	1.647	1.627	1.706	1.647	7
1182	1.667	1.412	1.451	1.647	7
1183	1.569	1.353	1.353	1.667	7
1184	1.686	1.49	1.451	1.765	7
1185	1.745	1.569	1.627	1.882	7
1186	1.647	1.588	1.647	1.961	7
1187	1.627	1.706	1.412	1.961	7
1188	1.627	1.588	1.314	1.843	7
1189	1.667	1.431	1.431	1.667	7
1190	1.745	1.49	1.333	1.471	7
1191	1.686	1.647	1.196	1.373	7
1192	1.706	1.902	1.314	1.549	7
1193	1.804	2.216	1.451	1.843	7
1194	1.824	2.255	1.412	2.157	7
1195	1.824	2.02	1.392	2.275	7
1196	1.725	1.745	1.569	1.98	7
1197	1.765	1.765	1.843	1.706	7
1198	1.961	2.059	1.745	1.765	7
1199	1.882	1.941	1.51	1.863	7
1200	1.725	1.667	1.49	1.863	7
1201	1.902	1.627	1.745	1.922	7
1202	1.961	1.882	1.961	2.0	7
1203	1.98	1.922	2.137	2.098	7
1204	2.0	2.039	2.294	2.078	7
1205	1.902	2.137	2.314	2.059	7
1206	1.922	2.216	2.314	2.098	7
1207	2.02	2.118	2.235	2.157	7
1208	2.059	2.118	2.255	2.235	7
1209	2.02	2.294	2.49	2.333	7
1210	2.216	2.392	2.569	2.294	7
1211	2.157	2.392	2.529	2.157	7
1212	2.098	2.392	2.451	1.98	7
1213	2.157	2.216	2.451	1.843	7
1214	2.176	2.078	2.608	1.902	7
1215	2.294	2.235	2.667	2.196	7
1216	2.294	2.078	2.529	2.431	7
1217	2.255	1.843	2.431	2.431	7
1218	2.373	1.961	2.51	2.294	7
1219	2.294	1.941	2.549	2.059	7
1220	2.314	1.882	2.569	1.882	7
1221	2.392	2.157	2.569	1.882	7
1222	2.412	2.078	2.51	1.98	7
1223	2.294	1.941	2.392	2.118	7
1224	2.216	1.804	2.137	2.118	7
1225	2.176	1.863	2.176	2.0	7
1226	2.196	1.98	2.275	1.922	7
1227	2.333	2.0	2.176	1.902	7
1228	2.275	2.118	2.314	1.961	7
1229	2.275	2.353	2.51	2.078	7
1230	2.314	2.176	2.275	2.098	7
1231	2.235	1.765	2.02	2.02	7
1232	2.118	1.725	2.157	1.941	7
1233	2.157	1.765	2.235	1.784	7
1234	2.157	1.686	2.039	1.667	7
1235	2.0	1.647	2.039	1.667	7
1236	2.0	1.627	2.039	1.784	7
1237	1.941	1.569	2.02	1.902	7
1238	1.941	1.529	2.039	1.941	7
1239	1.98	1.569	2.157	1.902	7
1240	1.98	1.784	2.196	1.922	7
1241	2.039	1.863	2.078	1.843	7
1242	1.961	1.882	2.137	1.725	7
1243	1.863	1.784	2.02	1.667	7
1244	1.824	1.686	1.961	1.608	7
1245	1.804	1.804	2.078	1.667	7
1246	1.863	2.039	2.098	1.843	7
1247	1.902	1.863	2.098	2.059	7
1248	1.824	1.667	2.078	2.137	7
1249	1.843	1.686	1.961	2.098	7
1250	1.784	1.725	2.02	1.882	7
1251	1.706	1.627	2.314	1.686	7
1252	1.765	1.608	2.235	1.686	7
1253	1.922	1.608	1.882	1.725	7
1254	1.804	1.451	1.667	1.843	7
1255	1.627	1.529	1.706	2.0	7
1256	1.667	1.804	1.961	2.176	7
1257	1.706	1.902	1.863	2.157	7
1258	1.706	1.745	1.706	1.882	7
1259	1.686	1.784	1.725	1.588	7
1260	1.667	1.745	1.529	1.412	7
1261	1.686	1.608	1.235	1.353	7
1262	1.647	1.51	1.176	1.549	7
1263	1.725	1.686	1.216	1.843	7
1264	1.686	1.941	1.529	2.176	7
1265	1.608	1.824	1.627	2.235	7
1266	1.784	1.529	1.608	2.039	7
1267	1.824	1.275	1.118	1.588	7
1268	1.686	1.098	0.804	1.275	7
1269	1.706	1.471	1.216	1.333	7
1270	1.784	1.765	1.627	1.804	7
1271	1.706	1.706	1.706	2.275	7
1272	1.784	1.725	1.784	2.431	7
1273	1.804	1.843	1.882	2.333	7
1274	1.843	1.941	1.843	2.137	7
1275	1.843	2.176	1.706	2.039	7
1276	1.706	2.216	1.765	2.0	7
1277	1.765	2.255	2.157	2.176	7
1278	1.941	2.333	2.431	2.373	7
1279	1.98	2.314	2.353	2.412	7
1280	2.0	2.392	2.255	2.314	7
1281	1.902	2.431	2.314	2.176	7
1282	1.941	2.314	2.294	2.118	7
1283	2.059	2.412	2.471	2.235	7
1284	2.02	2.235	2.549	2.471	7
1285	1.922	1.98	2.529	2.549	7
1286	2.078	2.078	2.608	2.49	7
1287	2.137	2.039	2.353	2.314	7
1288	2.118	1.824	2.294	2.039	7
1289	2.039	1.843	2.392	1.922	7
1290	2.098	2.078	2.392	1.902	7
1291	2.137	2.118	2.235	2.0	7
1292	2.078	2.118	2.275	2.118	7
1293	2.157	2.039	2.314	2.216	7
1294	2.098	2.078	2.294	2.255	7
1295	2.157	2.078	2.255	2.118	7
1296	2.235	2.275	2.314	1.961	7
1297	2.255	2.255	2.353	1.882	7
1298	2.196	1.941	2.333	1.941	7
1299	2.157	1.745	2.196	1.961	7
1300	2.275	1.882	2.196	1.98	7
1301	2.294	1.941	2.216	1.922	7
1302	2.255	1.784	2.216	1.882	7
1303	2.216	1.686	2.255	1.902	7
1304	2.216	1.745	2.098	1.902	7
1305	2.235	1.667	2.176	1.922	7
1306	2.157	1.824	2.373	1.922	7
1307	2.255	2.0	2.235	1.882	7
1308	2.235	2.02	2.216	1.863	7
1309	2.196	2.059	2.255	1.843	7
1310	2.216	2.137	2.176	1.824	7
1311	2.137	2.078	2.098	1.863	7
1312	2.098	2.176	2.176	2.02	7
1313	2.098	2.157	2.196	2.02	7
1314	2.098	2.176	2.118	1.784	7
1315	2.059	2.137	2.157	1.667	7
1316	2.059	1.98	2.157	1.765	7
1317	2.137	2.02	2.235	2.0	7
1318	2.098	1.922	2.118	2.098	7
1319	1.961	1.686	1.98	2.02	7
1320	1.98	1.647	2.0	1.902	7
1321	1.902	1.588	2.02	1.824	7
1322	1.922	1.608	2.059	1.784	7
1323	1.941	1.627	1.922	1.824	7
1324	1.863	1.706	1.922	1.882	7
1325	1.863	1.804	2.059	1.843	7
1326	1.863	1.863	2.0	1.765	7
1327	1.863	1.843	1.863	1.706	7
1328	1.706	1.824	1.882	1.804	7
1329	1.765	1.863	1.941	1.98	7
1330	1.784	1.843	1.961	2.078	7
1331	1.784	2.0	1.961	1.98	7
1332	1.804	1.706	1.784	1.608	7
1333	1.765	1.412	1.667	1.373	7
1334	1.745	1.51	1.667	1.412	7
1335	1.745	1.608	1.51	1.373	7
1336	1.608	1.608	1.608	1.451	7
1337	1.667	1.784	1.922	1.745	7
1338	1.686	1.588	1.863	1.902	7
1339	1.745	1.255	1.804	1.843	7
1340	1.667	1.098	1.627	1.745	7
1341	1.667	1.314	1.353	1.647	7
1342	1.706	1.431	1.118	1.647	7
1343	1.608	1.471	1.51	1.706	7
1344	1.725	1.922	2.157	1.843	7
1345	1.824	2.059	2.039	1.863	7
1346	1.765	1.922	1.745	1.843	7
1347	1.667	1.824	1.686	1.902	7
1348	1.608	1.725	1.627	2.039	7
1349	1.725	1.745	1.647	2.157	7
1350	1.863	1.667	1.784	2.118	7
1351	2.02	1.843	1.922	2.098	7
1352	1.882	1.882	1.961	2.137	7
1353	1.804	1.706	2.02	2.216	7
1354	1.824	1.706	2.157	2.235	7
1355	1.843	1.686	2.137	2.059	7
1356	1.784	1.765	2.196	1.902	7
1357	1.824	1.941	2.314	1.98	7
1358	2.059	1.824	2.118	2.118	7
1359	2.118	1.941	2.157	2.176	7
1360	1.941	2.196	2.255	2.255	7
1361	1.824	2.333	2.275	2.235	7
1362	1.98	2.275	2.373	2.196	7
1363	2.02	2.314	2.49	2.216	7
1364	2.039	2.275	2.471	2.176	7
1365	2.157	2.098	2.255	1.961	7
1366	2.078	2.118	2.216	1.843	7
1367	2.02	2.255	2.216	1.902	7
1368	2.255	2.373	2.314	2.118	7
1369	2.196	2.294	2.451	2.333	7
1370	2.118	1.824	2.373	2.275	7
1371	2.216	1.804	2.333	2.039	7
1372	2.216	2.02	2.255	1.843	7
1373	2.255	2.0	2.255	1.863	7
1374	2.137	2.02	2.196	2.059	7
1375	2.275	2.157	2.157	2.196	7
1376	2.275	2.118	2.294	2.157	7
1377	2.255	2.216	2.431	2.098	7
1378	2.275	2.392	2.49	2.118	7
1379	2.235	2.333	2.373	2.157	7
1380	2.176	2.176	2.373	2.137	7
1381	2.137	2.098	2.333	2.078	7
1382	2.216	2.255	2.333	1.98	7
1383	2.294	2.275	2.314	2.02	7
1384	2.235	2.314	2.471	2.137	7
1385	2.255	2.392	2.608	2.353	7
1386	2.176	2.216	2.431	2.49	7
1387	1.941	1.882	2.314	2.392	7
1388	2.137	1.725	2.392	2.216	7
1389	2.176	1.804	2.392	2.078	7
1390	2.137	1.882	2.412	1.98	7
1391	1.98	1.863	2.451	1.941	7
1392	1.98	2.039	2.353	1.961	7
1393	2.059	2.039	2.255	2.078	7
1394	1.941	1.882	2.216	2.098	7
1395	1.922	1.765	2.137	2.02	7
1396	2.02	1.941	2.196	1.941	7
1397	2.078	2.059	2.196	1.98	7
1398	1.804	1.941	2.118	1.922	7
1399	1.843	2.02	2.098	1.824	7
1400	1.882	1.98	2.216	1.804	7
1401	1.882	1.804	2.176	1.804	7
1402	2.0	1.745	2.02	1.882	7
1403	1.941	1.647	1.98	1.882	7
1404	1.804	1.392	1.922	1.784	7
1405	1.824	1.451	2.039	1.686	7
1406	1.882	1.686	2.098	1.667	7
1407	1.882	1.588	1.941	1.667	7
1408	1.765	1.549	2.0	1.686	7
1409	1.725	1.667	2.0	1.765	7
1410	1.804	1.804	1.922	1.824	7
1411	1.804	1.745	1.843	1.843	7
1412	1.745	1.863	1.882	1.765	7
1413	1.667	1.824	1.804	1.745	7
1414	1.627	1.745	1.686	1.745	7
1415	1.627	1.627	1.667	1.608	7
1416	1.725	1.647	1.647	1.412	7
1417	1.765	1.588	1.627	1.353	7
1418	1.824	1.529	1.51	1.49	7
1419	1.882	1.627	1.471	1.784	7
1420	1.745	1.353	1.373	1.941	7
1421	1.529	1.471	1.549	1.882	7
1422	1.667	1.431	1.255	1.765	7
1423	1.843	1.137	0.863	1.608	7
1424	1.863	1.098	1.098	1.529	7
1425	1.745	1.412	1.255	1.745	7
1426	1.627	1.549	1.078	2.0	7
1427	1.706	1.451	1.157	1.961	7
1428	1.98	1.451	1.137	1.608	7
1429	1.98	1.647	1.137	1.412	7
1430	1.863	1.725	1.078	1.49	7
1431	1.843	1.725	1.0	1.686	7
1432	1.804	1.863	1.176	2.078	7
1433	1.922	2.196	1.471	2.392	7
1434	1.922	2.196	1.686	2.431	7
1435	1.941	2.118	1.863	2.255	7
1436	2.02	2.078	1.941	1.902	7
1437	2.02	1.863	1.824	1.667	7
1438	1.941	1.804	1.824	1.765	7
1439	1.882	1.804	2.078	2.078	7
1440	1.902	1.882	2.294	2.373	7
1441	2.039	2.098	2.392	2.412	7
1442	2.059	2.294	2.51	2.314	7
1443	2.118	2.608	2.725	2.255	7
1444	2.118	2.647	2.784	2.275	7
1445	1.902	2.451	2.804	2.373	7
1446	1.863	2.333	2.706	2.412	7
1447	1.941	2.333	2.627	2.373	7
1448	2.118	2.49	2.725	2.333	7
1449	2.098	2.549	2.745	2.275	7
1450	2.118	2.569	2.863	2.275	7
1451	2.157	2.471	2.843	2.353	7
1452	2.157	2.294	2.451	2.333	7
1453	2.137	2.157	2.314	2.294	7
1454	2.02	2.137	2.392	2.314	7
1455	1.961	1.804	2.294	2.216	7
1456	2.235	1.686	2.392	2.059	7
1457	2.333	1.667	2.294	1.941	7
1458	2.314	1.686	2.255	1.902	7
1459	2.137	1.627	2.137	1.922	7
1460	2.216	1.686	2.216	2.0	7
1461	2.255	1.706	2.118	2.0	7
1462	2.294	1.824	2.059	1.902	7
1463	2.353	1.961	2.078	1.824	7
1464	2.235	2.059	2.118	1.804	7
1465	2.196	2.137	2.176	1.863	7
1466	2.216	2.216	2.235	1.882	7
1467	2.314	2.157	2.196	1.824	7
1468	2.294	1.902	2.216	1.725	7
1469	2.255	1.824	2.196	1.627	7
1470	2.314	2.0	2.255	1.608	7
1471	2.255	2.098	2.333	1.745	7
1472	2.0	1.961	2.333	1.961	7
1473	2.078	1.804	2.373	2.078	7
1474	2.157	1.824	2.255	2.059	7
1475	2.137	1.824	2.294	1.843	7
1476	2.059	1.824	2.373	1.608	7
1477	2.0	1.863	2.392	1.49	7
1478	1.882	1.863	2.314	1.608	7
1479	1.863	1.824	2.255	1.784	7
1480	1.863	1.863	2.157	1.941	7
1481	1.843	1.765	2.118	2.02	7
1482	1.784	1.863	2.314	2.078	7
1483	1.843	2.059	2.412	2.137	7
1484	1.843	2.098	2.314	2.02	7
1485	1.843	1.745	2.059	1.765	7
1486	1.784	1.686	2.098	1.627	7
1487	1.804	1.725	2.118	1.725	7
1488	1.784	1.686	2.02	1.824	7
1489	1.529	1.51	1.882	1.843	7
1490	1.569	1.451	1.961	1.922	7
1491	1.647	1.49	2.078	2.059	7
1492	1.843	1.627	2.235	2.098	7
1493	1.863	1.667	2.0	2.118	7
1494	1.667	1.569	1.765	2.02	7
1495	1.588	1.471	1.647	1.765	7
1496	1.627	1.549	1.608	1.588	7
1497	1.627	1.725	1.373	1.49	7
1498	1.608	1.784	1.392	1.588	7
1499	1.608	1.961	1.843	1.902	7
1500	1.627	1.98	1.765	2.157	7
1501	1.765	1.745	1.157	2.098	7
1502	1.784	1.51	1.118	1.804	7
1503	1.804	1.431	1.275	1.588	7
1504	1.784	1.549	1.255	1.529	7
1505	1.843	1.608	1.294	1.529	7
1506	1.667	1.431	1.255	1.725	7
1507	1.549	1.451	1.294	2.0	7
1508	1.824	1.353	0.961	2.098	7
1509	1.922	1.255	1.137	1.941	7
1510	1.784	1.392	1.471	1.784	7
1511	1.922	1.686	1.549	1.765	7
1512	1.843	1.824	1.51	1.882	7
1513	1.804	1.843	1.549	2.0	7
1514	1.922	1.922	1.745	2.118	7
1515	1.902	2.059	1.863	2.216	7
1516	1.784	2.118	1.882	2.196	7
1517	1.804	2.059	1.98	2.196	7
1518	1.902	2.392	2.196	2.294	7
1519	1.922	2.353	2.255	2.333	7
1520	1.961	2.255	2.353	2.275	7
1521	2.02	2.765	2.667	2.373	7
1522	1.961	2.686	2.588	2.51	7
1523	1.902	2.255	2.51	2.451	7
1524	2.039	2.275	2.569	2.373	7
1525	2.098	2.137	2.471	2.216	7
1526	2.039	2.235	2.667	2.137	7
1527	1.98	2.549	2.824	2.235	7
1528	2.059	2.51	2.667	2.353	7
1529	2.118	2.412	2.647	2.373	7
1530	2.157	2.373	2.647	2.314	7
1531	2.235	2.471	2.569	2.176	7
1532	2.157	2.431	2.49	2.02	7
1533	2.137	2.353	2.451	2.0	7
1534	2.137	2.196	2.294	2.078	7
1535	2.235	2.235	2.235	2.02	7
1536	2.314	2.098	2.294	1.804	7
1537	2.235	1.863	2.216	1.608	7
1538	2.275	1.902	2.118	1.627	7
1539	2.373	1.843	2.118	1.725	7
1540	2.235	1.588	2.118	1.824	7
1541	2.314	1.569	2.216	1.961	7
1542	2.451	1.627	2.235	2.02	7
1543	2.373	1.451	2.078	2.0	7
1544	2.216	1.333	1.922	1.843	7
1545	2.275	1.529	2.0	1.647	7
1546	2.294	1.765	2.137	1.529	7
1547	2.294	1.784	2.235	1.549	7
1548	2.314	1.902	2.275	1.706	7
1549	2.333	1.941	2.353	1.941	7
1550	2.373	1.941	2.333	2.196	7
1551	2.196	1.765	2.314	2.294	7
1552	2.176	1.824	2.216	2.098	7
1553	2.235	1.922	2.314	1.745	7
1554	2.235	1.961	2.353	1.608	7
1555	2.275	1.922	2.392	1.725	7
1556	2.235	1.843	2.51	1.941	7
1557	2.0	1.569	2.353	2.078	7
1558	2.118	1.471	2.294	2.039	7
1559	2.157	1.608	2.412	1.941	7
1560	2.0	1.745	2.412	1.824	7
1561	1.863	1.745	2.255	1.647	7
1562	1.882	1.784	2.176	1.471	7
1563	1.882	1.765	2.157	1.608	7
1564	1.922	1.765	2.118	1.922	7
1565	1.765	1.706	2.078	2.176	7
1566	1.725	1.824	2.078	2.275	7
1567	1.843	1.961	2.157	2.216	7
1568	1.804	2.078	2.196	1.961	7
1569	1.647	2.059	2.039	1.647	7
1570	1.588	1.882	1.922	1.549	7
1571	1.529	1.765	1.824	1.686	7
1572	1.647	1.824	1.922	1.863	7
1573	1.725	1.824	2.059	1.98	7
1574	1.608	1.627	1.804	2.039	7
1575	1.588	1.51	1.647	2.157	7
1576	1.569	1.667	1.686	2.176	7
1577	1.392	1.588	1.667	2.176	7
1578	1.569	1.608	1.627	2.098	7
1579	1.706	1.765	1.647	1.902	7
1580	1.627	1.804	1.373	1.765	7
1581	1.51	1.549	1.039	1.686	7
1582	1.471	1.451	1.098	1.647	7
1583	1.608	1.627	1.235	1.686	7
1584	1.706	1.824	1.314	1.863	7
1585	1.745	1.843	1.196	1.902	7
1586	1.804	1.941	1.118	1.765	7
1587	1.725	1.941	1.137	1.569	7
1588	1.667	1.804	1.0	1.549	7
1589	1.706	1.686	1.039	1.765	7
1590	1.784	1.667	1.294	1.98	7
1591	1.725	1.471	1.333	2.176	7
1592	1.745	1.706	1.549	2.373	7
1593	1.824	1.882	1.549	2.314	7
1594	1.843	1.765	1.431	2.0	7
1595	1.922	1.667	1.549	1.745	7
1596	1.863	2.059	1.902	1.765	7
1597	1.843	2.373	2.196	2.059	7
1598	1.941	2.353	2.196	2.333	7
1599	1.902	2.392	2.216	2.529	7
1600	1.902	2.196	2.255	2.51	7
1601	2.039	2.196	2.373	2.392	7
1602	2.078	2.314	2.431	2.235	7
1603	2.118	2.51	2.529	2.157	7
1604	2.176	2.608	2.686	2.137	7
1605	2.059	2.647	2.804	2.216	7
1606	1.98	2.588	2.843	2.353	7
1607	2.157	2.235	2.647	2.353	7
1608	2.137	1.843	2.51	2.216	7
1609	2.314	2.02	2.627	2.02	7
1610	2.451	2.059	2.529	1.882	7
1611	2.353	1.98	2.451	1.804	7
1612	2.333	2.039	2.412	1.804	7
1613	2.392	2.137	2.353	1.843	7
1614	2.353	2.157	2.51	1.882	7
1615	2.353	2.118	2.451	1.922	7
1616	2.294	2.039	2.373	1.941	7
1617	2.294	2.118	2.333	2.039	7
1618	2.373	2.078	2.176	2.039	7
1619	2.412	1.98	2.078	1.941	7
1620	2.373	1.941	2.039	1.804	7
1621	2.275	1.765	2.157	1.706	7
1622	2.294	1.667	2.294	1.706	7
1623	2.373	1.667	2.157	1.725	7
1624	2.392	1.706	2.176	1.784	7
1625	2.176	1.51	2.098	1.804	7
1626	2.235	1.353	2.039	1.804	7
1627	2.157	1.333	2.137	1.824	7
1628	2.196	1.49	2.216	1.863	7
1629	2.118	1.529	2.255	1.863	7
1630	2.118	1.706	2.373	1.824	7
1631	2.078	1.706	2.412	1.804	7
1632	2.078	1.725	2.333	1.804	7
1633	2.039	1.882	2.294	1.843	7
1634	1.882	1.902	2.392	1.902	7
1635	1.863	1.843	2.353	1.902	7
1636	1.902	1.863	2.235	1.804	7
1637	1.922	2.098	2.333	1.843	7
1638	1.922	2.078	2.451	1.961	7
1639	1.902	2.0	2.49	2.118	7
1640	1.843	1.882	2.392	2.176	7
1641	1.843	1.784	2.275	2.02	7
1642	1.725	1.627	2.157	1.843	7
1643	1.745	1.627	2.255	1.804	7
1644	1.784	1.784	2.392	1.961	7
1645	1.745	1.745	2.294	2.118	7
1646	1.667	1.588	2.059	2.137	7
1647	1.706	1.569	1.941	2.039	7
1648	1.686	1.804	2.157	1.961	7
1649	1.765	2.02	2.157	2.0	7
1650	1.745	2.078	1.98	1.922	7
1651	1.627	2.098	1.843	1.902	7
1652	1.549	2.0	1.667	1.882	7
1653	1.529	1.765	1.765	1.824	7
1654	1.667	1.824	1.804	1.882	7
1655	1.627	1.824	1.627	2.02	7
1656	1.667	1.804	1.176	2.118	7
1657	1.686	1.706	1.118	2.039	7
1658	1.706	1.608	1.412	1.765	7
1659	1.627	1.412	1.431	1.353	7
1660	1.627	1.275	1.255	1.294	7
1661	1.627	1.353	1.078	1.451	7
1662	1.725	1.333	1.118	1.686	7
1663	1.627	1.392	1.098	2.02	7
1664	1.588	1.667	1.118	2.255	7
1665	1.588	1.706	1.255	2.235	7
1666	1.647	1.804	1.471	2.0	7
1667	1.824	1.784	1.49	1.804	7
1668	1.902	1.569	1.49	1.686	7
1669	1.843	1.843	1.608	1.725	7
1670	1.725	2.137	1.686	1.961	7
1671	1.804	2.471	1.686	2.157	7
1672	1.882	2.588	1.941	2.275	7
1673	1.804	2.431	2.235	2.314	7
1674	1.941	2.176	2.294	2.333	7
1675	2.039	2.059	2.216	2.333	7
1676	2.02	1.843	2.059	2.216	7
1677	2.098	1.941	2.196	2.137	7
1678	2.078	2.314	2.49	2.137	7
1679	2.0	2.353	2.549	2.255	7
1680	2.039	2.235	2.49	2.353	7
1681	2.078	2.255	2.392	2.333	7
1682	2.118	2.137	2.314	2.137	7
1683	2.196	2.176	2.333	1.98	7
1684	2.098	2.451	2.51	1.98	7
1685	2.118	2.471	2.549	2.078	7
1686	2.196	2.275	2.353	2.176	7
1687	2.255	2.235	2.314	2.176	7
1688	2.333	2.314	2.373	2.098	7
1689	2.333	2.255	2.392	2.0	7
1690	2.216	2.137	2.314	1.922	7
1691	2.098	2.078	2.333	2.039	7
1692	2.176	2.196	2.451	2.235	7
1693	2.235	2.098	2.353	2.275	7
1694	2.353	1.824	2.235	2.039	7
1695	2.333	1.588	2.176	1.745	7
1696	2.255	1.667	2.255	1.686	7
1697	2.294	1.686	2.255	1.843	7
1698	2.333	1.706	2.157	1.98	7
1699	2.353	1.784	2.216	2.02	7
1700	2.353	1.961	2.353	2.059	7
1701	2.353	2.02	2.275	1.98	7
1702	2.333	1.882	2.078	1.902	7
1703	2.255	1.784	2.02	1.804	7
1704	2.216	1.765	2.0	1.725	7
1705	2.235	1.824	2.0	1.667	7
1706	2.235	1.882	2.039	1.608	7
1707	2.196	1.745	2.039	1.49	7
1708	2.216	1.922	2.216	1.549	7
1709	2.294	1.784	2.118	1.784	7
1710	2.118	1.392	1.902	1.902	7
1711	2.137	1.412	2.0	1.961	7
1712	2.157	1.647	2.314	2.02	7
1713	2.078	1.667	2.275	2.0	7
1714	1.961	1.608	1.98	1.824	7
1715	1.941	1.627	1.902	1.627	7
1716	1.863	1.627	2.0	1.471	7
1717	1.941	1.784	2.098	1.49	7
1718	2.02	1.922	2.157	1.627	7
1719	1.863	1.745	2.118	1.941	7
1720	1.882	1.902	2.078	2.176	7
1721	1.902	1.961	2.039	2.176	7
1722	1.804	2.059	2.118	2.098	7
1723	1.725	2.118	2.137	2.0	7
1724	1.706	1.98	2.078	1.902	7
1725	1.765	1.765	2.059	1.863	7
1726	1.765	1.725	2.02	1.863	7
1727	1.686	1.647	1.863	1.804	7
1728	1.725	1.608	1.784	1.765	7
1729	1.706	1.686	1.961	1.922	7
1730	1.627	1.824	2.176	2.216	7
1731	1.667	1.745	2.0	2.353	7
1732	1.588	1.647	1.745	2.235	7
1733	1.569	1.647	1.725	1.98	7
1734	1.588	1.549	1.647	1.765	7
1735	1.608	1.882	1.667	1.745	7
1736	1.686	2.039	1.725	1.824	7
1737	1.667	2.039	1.706	1.863	7
1738	1.588	1.98	1.784	1.882	7
1739	1.49	1.902	1.824	2.02	7
1740	1.529	1.647	1.647	2.039	7
1741	1.667	1.451	1.51	1.98	7
1742	1.745	1.608	1.745	1.961	7
1743	1.784	1.745	1.902	2.0	7
1744	1.667	1.549	1.706	1.804	7
1745	1.667	1.392	1.686	1.667	7
1746	1.569	1.569	1.804	1.725	7
1747	1.765	1.824	2.059	1.922	7
1748	1.882	1.765	2.059	2.098	7
1749	1.686	1.765	2.039	2.196	7
1750	1.51	1.863	2.176	2.137	7
1751	1.667	1.784	2.157	2.02	7
1752	1.961	1.922	2.118	1.882	7
1753	1.941	2.098	2.137	1.843	7
1754	1.882	2.235	2.176	1.882	7
1755	1.824	2.196	2.196	1.941	7
1756	1.902	2.275	2.137	1.98	7
1757	1.902	2.294	2.098	2.078	7
1758	1.961	2.235	2.137	2.196	7
1759	2.02	2.216	2.549	2.333	7
1760	2.137	2.176	2.569	2.353	7
1761	2.059	1.824	2.216	2.059	7
1762	2.118	1.745	2.098	1.686	7
1763	2.137	1.824	2.098	1.51	7
1764	2.176	2.0	2.078	1.627	7
1765	2.196	2.039	2.02	1.863	7
1766	2.098	1.961	2.059	2.118	7
1767	2.098	2.039	2.255	2.294	7
1768	2.294	2.098	2.333	2.294	7
1769	2.294	2.216	2.353	2.157	7
1770	2.176	2.137	2.294	2.059	7
1771	2.216	2.216	2.255	2.039	7
1772	2.275	2.314	2.353	2.039	7
1773	2.314	2.373	2.392	2.039	7
1774	2.275	2.255	2.392	2.039	7
1775	2.314	2.118	2.373	2.039	7
1776	2.353	2.078	2.412	2.137	7
1777	2.353	2.078	2.451	2.235	7
1778	2.196	1.882	2.333	2.196	7
1779	2.255	1.843	2.373	2.118	7
1780	2.275	1.863	2.451	2.118	7
1781	2.275	1.843	2.314	2.078	7
1782	2.216	1.725	2.275	1.98	7
1783	2.255	1.843	2.373	1.902	7
1784	2.235	1.902	2.373	1.863	7
1785	2.294	1.941	2.216	1.882	7
1786	2.235	2.0	2.118	1.863	7
1787	2.078	1.843	2.098	1.843	7
1788	2.078	1.941	2.137	1.804	7
1789	2.118	1.922	2.118	1.784	7
1790	2.118	1.863	2.137	1.784	7
1791	2.098	1.765	2.098	1.804	7
1792	2.0	1.706	2.039	1.863	7
1793	2.02	1.784	2.157	1.902	7
1794	2.078	1.941	2.314	1.98	7
1795	1.922	1.667	2.098	1.882	7
1796	1.961	1.431	2.039	1.765	7
1797	2.02	1.49	1.961	1.686	7
1798	1.922	1.471	1.902	1.686	7
1799	1.784	1.569	2.02	1.843	7
1800	1.882	1.725	2.078	1.961	7
1801	1.902	1.804	2.118	1.98	7
1802	1.824	1.882	2.059	1.98	7
1803	1.784	1.941	1.98	1.824	7
1804	1.784	1.882	2.059	1.647	7
1805	1.745	1.863	2.0	1.667	7
1806	1.686	1.941	1.961	1.882	7
1807	1.765	2.039	1.961	2.02	7
1808	1.784	1.863	1.824	2.02	7
1809	1.725	1.922	1.882	1.961	7
1810	1.647	1.843	1.902	1.961	7
1811	1.725	1.784	1.765	1.922	7
1812	1.627	1.549	1.667	1.824	7
1813	1.569	1.451	1.804	1.863	7
1814	1.686	1.49	1.725	1.961	7
1815	1.882	1.627	1.667	1.98	7
1816	1.725	1.373	1.431	1.745	7
1817	1.647	1.647	1.431	1.569	7
1818	1.686	1.961	1.51	1.667	7
1819	1.51	1.843	1.451	2.039	7
1820	1.569	1.784	1.373	2.275	7
1821	1.627	1.863	1.412	2.294	7
1822	1.745	1.922	1.431	2.137	7
1823	1.784	1.882	1.333	1.882	7
1824	1.902	2.078	1.314	1.706	7
1825	1.863	2.02	1.392	1.647	7
1826	1.765	1.941	1.392	1.784	7
1827	1.706	1.784	1.412	2.098	7
1828	1.784	1.647	1.412	2.235	7
1829	1.824	1.529	1.51	2.176	7
1830	1.902	1.843	1.765	2.118	7
1831	1.922	1.961	1.765	2.118	7
1832	1.824	1.765	1.725	2.059	7
1833	1.882	1.765	1.686	1.98	7
1834	1.922	1.804	1.784	1.902	7
1835	1.941	1.902	2.039	1.843	7
1836	2.0	1.922	2.118	2.02	7
1837	1.922	2.059	2.039	2.235	7
1838	1.98	2.235	2.0	2.294	7
1839	2.039	2.275	2.059	2.157	7
1840	2.0	2.157	2.255	2.039	7
1841	2.02	2.431	2.529	2.02	7
1842	2.098	2.412	2.451	2.059	7
1843	2.137	2.235	2.353	2.098	7
1844	2.137	2.275	2.431	2.118	7
1845	2.216	2.235	2.431	2.098	7
1846	2.098	2.0	2.275	1.98	7
1847	2.157	1.961	2.373	1.882	7
1848	2.314	2.039	2.51	1.961	7
1849	2.275	1.843	2.549	2.255	7
1850	2.157	1.745	2.314	2.412	7
1851	2.235	1.902	2.255	2.314	7
1852	2.255	2.098	2.373	2.059	7
1853	2.275	2.235	2.529	1.843	7
1854	2.294	2.373	2.529	1.804	7
1855	2.216	2.235	2.333	1.922	7
1856	2.216	2.02	2.275	2.059	7
1857	2.235	1.922	2.294	2.176	7
1858	2.235	1.961	2.235	2.118	7
1859	2.235	2.059	2.255	1.961	7
1860	2.176	1.98	2.216	1.804	7
1861	2.176	1.922	2.412	1.784	7
1862	2.255	1.98	2.353	1.843	7
1863	2.216	1.765	2.039	1.843	7
1864	2.078	1.569	2.059	1.863	7
1865	2.059	1.569	2.176	1.882	7
1866	2.098	1.588	2.176	1.882	7
1867	2.118	1.569	2.255	1.863	7
1868	2.176	1.686	2.216	1.882	7
1869	2.137	1.804	2.176	1.863	7
1870	2.02	1.902	2.216	1.824	7
1871	1.882	1.784	2.196	1.804	7
1872	1.922	1.804	2.314	1.765	7
1873	2.118	1.922	2.078	1.784	7
1874	2.0	1.745	1.961	1.824	7
1875	1.902	1.784	2.235	1.824	7
1876	1.98	1.784	2.216	1.765	7
1877	2.02	1.765	2.176	1.745	7
1878	1.98	1.843	2.294	1.784	7
1879	2.0	1.882	2.275	1.863	7
1880	1.765	1.745	2.078	1.882	7
1881	1.686	1.686	1.98	1.784	7
1882	1.745	1.471	2.0	1.706	7
1883	1.863	1.412	2.078	1.706	7
1884	1.863	1.549	2.078	1.765	7
1885	1.902	1.784	2.078	1.843	7
1886	1.784	1.804	2.039	1.922	7
1887	1.765	1.902	1.98	1.882	7
1888	1.706	1.882	1.804	1.725	7
1889	1.647	1.902	1.804	1.686	7
1890	1.667	1.961	1.725	1.686	7
1891	1.647	1.882	1.725	1.745	7
1892	1.647	2.078	1.824	1.902	7
1893	1.745	2.0	1.765	1.98	7
1894	1.706	1.804	1.725	1.961	7
1895	1.745	1.824	1.824	1.922	7
1896	1.863	1.941	1.882	1.922	7
1897	1.745	1.804	1.765	1.961	7
1898	1.725	1.588	1.667	2.0	7
1899	1.686	1.353	1.51	1.902	7
1900	1.765	1.451	1.706	1.882	7
1901	1.784	1.667	1.902	1.941	7
1902	1.863	1.882	1.882	2.02	7
1903	1.843	2.098	1.765	2.059	7
1904	1.647	2.078	1.863	2.137	7
1905	1.745	1.961	1.882	2.196	7
1906	1.784	1.941	2.02	2.235	7
1907	1.765	1.902	2.0	2.235	7
1908	1.784	1.882	1.902	2.137	7
1909	1.882	2.02	1.941	2.059	7
1910	1.863	2.137	2.0	2.078	7
1911	1.863	2.059	1.961	2.196	7
1912	1.745	1.843	2.118	2.353	7
1913	1.824	1.941	2.235	2.353	7
1914	1.725	1.745	2.098	2.216	7
1915	1.804	1.706	2.059	2.02	7
1916	1.98	1.745	2.02	1.922	7
1917	2.02	1.882	2.176	2.0	7
1918	1.784	1.961	2.294	2.137	7
1919	1.765	1.784	2.216	2.157	7
1920	1.922	1.667	2.02	2.039	7
1921	2.0	1.706	2.0	1.902	7
1922	2.039	1.98	1.902	1.863	7
1923	2.039	2.137	1.824	1.863	7
1924	2.059	2.353	2.216	1.922	7
1925	2.078	2.49	2.608	2.039	7
1926	2.118	2.471	2.647	2.196	7
1927	2.216	2.216	2.471	2.176	7
1928	2.255	1.922	2.118	1.941	7
1929	2.157	1.941	2.02	1.686	7
1930	2.216	2.118	2.039	1.647	7
1931	2.137	1.902	1.882	1.706	7
1932	2.255	1.882	2.157	1.804	7
1933	2.431	1.941	2.373	1.961	7
1934	2.314	1.745	2.275	2.176	7
1935	2.255	1.627	2.157	2.294	7
1936	2.235	1.804	2.137	2.216	7
1937	2.255	2.0	2.216	2.0	7
1938	2.333	2.196	2.333	1.784	7
1939	2.294	2.118	2.255	1.745	7
1940	2.294	2.059	2.216	1.863	7
1941	2.294	2.157	2.196	1.941	7
1942	2.235	2.0	2.118	1.902	7
1943	2.216	1.961	2.157	1.882	7
1944	2.255	2.02	2.216	1.922	7
1945	2.255	2.0	2.235	2.0	7
1946	2.235	1.961	2.235	2.137	7
1947	2.255	2.059	2.333	2.235	7
1948	2.118	1.882	2.275	2.216	7
1949	2.098	1.784	2.176	2.059	7
1950	2.196	1.745	2.216	1.843	7
1951	2.098	1.765	2.255	1.745	7
1952	2.0	1.667	2.059	1.667	7
1953	2.059	1.745	2.02	1.706	7
1954	2.0	1.882	2.137	1.863	7
1955	2.02	1.961	2.353	2.098	7
1956	2.039	2.078	2.294	2.333	7
1957	2.039	2.039	2.039	2.373	7
1958	1.902	1.941	2.0	2.216	7
1959	1.843	1.902	2.039	1.941	7
1960	1.882	1.961	1.98	1.745	7
1961	1.941	2.0	1.98	1.588	7
1962	1.902	1.863	1.882	1.608	7
1963	1.843	1.765	1.843	1.863	7
1964	1.843	1.804	1.902	2.176	7
1965	1.686	1.667	1.882	2.275	7
1966	1.686	1.608	1.882	2.176	7
1967	1.745	1.549	1.843	1.98	7
1968	1.824	1.588	1.863	1.784	7
1969	1.824	1.725	2.039	1.745	7
1970	1.882	1.784	1.902	1.784	7
1971	1.725	1.569	1.667	1.843	7
1972	1.627	1.627	1.725	1.902	7
1973	1.667	1.824	1.725	1.941	7
1974	1.647	1.882	1.745	1.902	7
1975	1.608	1.882	1.686	1.784	7
1976	1.686	1.784	1.745	1.706	7
1977	1.706	1.902	1.902	1.706	7
1978	1.765	1.765	1.765	1.686	7
1979	1.784	1.588	1.686	1.765	7
1980	1.745	1.627	1.804	1.922	7
1981	1.882	1.725	1.765	1.941	7
1982	1.706	1.686	1.745	1.804	7
1983	1.647	1.627	1.765	1.627	7
1984	1.569	1.529	1.804	1.51	7
1985	1.745	1.529	1.824	1.588	7
1986	1.922	1.471	1.804	1.765	7
1987	1.824	1.392	1.725	1.863	7
1988	1.765	1.333	1.608	1.902	7
1989	1.686	1.431	1.647	1.902	7
1990	1.745	1.667	1.784	1.824	7
1991	1.843	1.667	1.667	1.667	7
1992	1.725	1.98	1.902	1.588	7
1993	1.765	2.235	2.039	1.706	7
1994	1.745	2.098	2.0	1.922	7
1995	1.765	2.118	2.235	2.118	7
1996	1.843	2.039	2.235	2.235	7
1997	1.882	1.627	1.98	2.196	7
1998	2.0	1.588	1.706	2.02	7
1999	1.824	1.686	1.686	1.843	7
