time	channel1	channel2	channel3	channel4	class
0	1.922	1.725	1.843	1.725	7
1	1.961	1.784	1.843	1.824	7
2	1.824	1.725	1.784	1.882	7
3	1.824	1.784	1.843	1.961	7
4	2.0	1.941	1.922	1.863	7
5	2.216	1.941	1.863	1.765	7
6	2.059	1.922	1.667	1.745	7
7	1.902	1.843	1.627	1.706	7
8	1.961	2.02	1.882	1.784	7
9	1.941	1.922	1.824	1.922	7
10	2.0	1.824	1.765	2.02	7
11	2.137	2.078	2.0	1.961	7
12	2.196	2.059	2.02	1.843	7
13	1.843	1.529	1.706	1.647	7
14	1.922	1.451	1.745	1.569	7
15	2.157	1.725	1.686	1.667	7
16	2.235	1.667	1.412	1.784	7
17	2.078	1.588	1.49	1.804	7
18	2.059	1.706	1.824	1.745	7
19	2.039	1.824	1.922	1.725	7
20	2.078	1.843	1.824	1.843	7
21	2.039	1.804	1.647	1.843	7
22	2.0	1.882	1.843	1.843	7
23	2.039	1.941	1.863	1.922	7
24	1.863	1.961	1.765	1.98	7
25	1.98	2.078	1.784	1.922	7
26	2.118	1.941	1.863	1.863	7
27	2.098	1.706	1.941	1.902	7
28	2.0	2.078	2.412	2.059	7
29	2.078	2.373	2.333	2.196	7
30	1.824	1.882	1.902	2.137	7
31	1.922	1.98	2.118	2.039	7
32	1.98	2.078	2.451	2.078	7
33	1.961	2.137	2.569	2.275	7
34	1.961	2.176	2.588	2.392	7
35	2.02	2.196	2.451	2.275	7
36	1.961	2.255	2.451	2.118	7
37	1.922	2.235	2.529	2.059	7
38	1.824	2.176	2.451	2.0	7
39	1.784	2.255	2.608	2.118	7
40	1.902	2.529	2.667	2.353	7
41	1.961	2.431	2.588	2.49	7
42	1.941	2.176	2.431	2.353	7
43	1.863	2.118	2.373	2.157	7
44	1.882	2.137	2.373	1.961	7
45	2.0	2.137	2.451	1.824	7
46	2.118	2.314	2.529	1.863	7
47	1.784	1.784	2.216	1.922	7
48	1.902	1.569	2.098	1.941	7
49	2.02	1.765	2.176	2.02	7
50	2.02	1.922	2.196	2.137	7
51	1.961	1.647	2.078	2.137	7
52	1.882	1.588	1.98	2.039	7
53	1.922	1.608	2.0	1.863	7
54	2.059	1.882	2.118	1.824	7
55	2.098	1.882	2.02	1.824	7
56	2.078	1.588	1.902	1.765	7
57	1.98	1.627	1.804	1.745	7
58	1.961	1.627	1.549	1.765	7
59	1.941	1.667	1.686	1.902	7
60	1.922	1.725	2.02	2.098	7
61	1.961	1.647	2.059	2.176	7
62	1.98	1.647	2.157	2.078	7
63	2.137	1.824	2.137	1.961	7
64	1.922	1.392	1.667	1.706	7
65	1.98	1.373	1.686	1.529	7
66	1.961	1.49	1.745	1.608	7
67	1.902	1.471	1.706	1.804	7
68	1.863	1.431	1.784	1.98	7
69	1.941	1.608	2.078	2.078	7
70	1.98	1.784	2.118	2.039	7
71	2.137	1.922	2.118	1.961	7
72	1.98	1.804	1.902	1.902	7
73	1.804	1.843	1.98	1.922	7
74	1.824	1.843	1.902	1.922	7
75	1.882	1.843	1.843	1.863	7
76	1.98	2.0	1.98	1.922	7
77	2.059	2.078	2.157	2.059	7
78	2.078	2.0	2.176	2.216	7
79	1.922	2.02	2.294	2.314	7
80	2.059	2.157	2.275	2.255	7
81	1.765	1.667	1.863	1.961	7
82	1.882	1.647	1.882	1.686	7
83	2.078	1.804	1.98	1.588	7
84	2.039	1.882	2.039	1.824	7
85	1.922	1.922	2.157	2.176	7
86	2.02	2.039	2.098	2.392	7
87	1.922	1.941	2.02	2.275	7
88	1.902	1.98	2.078	2.0	7
89	1.941	1.961	2.02	1.647	7
90	1.922	2.039	2.039	1.51	7
91	1.98	2.137	2.0	1.725	7
92	2.0	1.98	1.804	2.059	7
93	1.98	1.941	1.784	2.216	7
94	1.745	1.902	1.882	2.137	7
95	1.765	1.863	1.922	1.941	7
96	2.039	2.0	2.098	1.804	7
97	2.255	2.137	2.098	1.765	7
98	2.02	1.627	1.765	1.725	7
99	1.922	1.706	1.902	1.784	7
100	1.961	1.824	1.961	1.922	7
101	1.941	1.941	2.059	2.059	7
102	1.941	1.784	2.078	2.078	7
103	2.098	1.745	1.941	1.843	7
104	2.059	1.902	1.843	1.608	7
105	1.941	2.02	1.784	1.725	7
106	1.843	2.059	1.98	2.0	7
107	1.882	1.902	2.294	2.216	7
108	1.98	2.02	2.294	2.118	7
109	2.098	2.255	2.059	1.804	7
110	2.137	2.176	1.686	1.549	7
111	2.02	1.922	1.863	1.529	7
112	1.765	1.941	2.314	1.784	7
113	1.922	2.235	2.451	2.098	7
114	2.176	2.353	2.314	2.333	7
115	1.882	1.804	1.941	2.294	7
116	1.902	1.647	1.941	2.039	7
117	2.137	1.882	2.176	1.863	7
118	2.0	1.941	2.255	1.922	7
119	1.824	1.804	2.137	2.039	7
120	1.824	1.941	2.078	2.196	7
121	2.059	2.098	1.922	2.176	7
122	2.157	2.0	1.902	2.098	7
123	1.941	1.922	2.196	1.941	7
124	1.902	1.98	2.294	1.902	7
125	1.882	2.078	2.353	2.059	7
126	1.882	2.137	2.216	2.255	7
127	1.882	2.176	2.176	2.294	7
128	1.941	2.0	2.157	2.176	7
129	1.961	1.824	2.078	1.941	7
130	2.0	1.667	2.137	1.706	7
131	2.196	2.078	2.431	1.725	7
132	1.941	1.804	2.137	1.824	7
133	1.784	1.529	2.039	2.02	7
134	1.941	1.706	2.235	2.216	7
135	2.078	1.98	2.471	2.333	7
136	2.059	1.824	2.392	2.216	7
137	1.961	1.765	2.314	2.02	7
138	1.922	1.824	2.176	1.902	7
139	1.922	1.863	2.176	1.882	7
140	2.02	1.941	2.176	1.922	7
141	1.98	1.941	2.176	2.0	7
142	1.941	2.0	2.196	2.02	7
143	2.02	2.118	2.294	2.137	7
144	2.039	2.235	2.275	2.333	7
145	2.0	2.059	2.098	2.431	7
146	1.922	1.765	1.961	2.333	7
147	1.922	1.765	2.098	2.137	7
148	2.118	2.137	2.196	2.0	7
149	1.902	1.667	1.824	1.804	7
150	1.843	1.569	1.784	1.647	7
151	2.0	1.725	1.922	1.647	7
152	2.02	1.902	2.118	1.941	7
153	1.98	1.843	2.176	2.314	7
154	2.0	1.725	1.922	2.314	7
155	1.98	1.706	1.725	2.02	7
156	1.922	1.824	1.804	1.745	7
157	1.843	1.745	1.804	1.647	7
158	1.863	1.824	1.863	1.725	7
159	2.0	2.02	1.922	1.882	7
160	2.059	1.941	1.804	2.0	7
161	2.078	2.0	1.922	2.0	7
162	1.98	1.902	1.961	1.922	7
163	1.902	1.863	1.863	1.863	7
164	1.902	1.863	1.941	1.804	7
165	2.059	2.0	2.02	1.745	7
166	1.902	1.588	1.667	1.725	7
167	1.941	1.667	1.706	1.745	7
168	2.0	1.667	1.765	1.804	7
169	2.059	1.863	2.02	1.843	7
170	2.098	1.784	1.882	1.686	7
171	2.02	1.765	1.529	1.471	7
172	1.882	1.824	1.667	1.49	7
173	1.922	2.0	2.02	1.647	7
174	1.922	2.078	2.157	1.863	7
175	1.961	2.157	2.137	2.039	7
176	1.98	2.02	1.824	2.039	7
177	1.941	2.0	1.647	1.843	7
178	1.98	2.098	1.667	1.588	7
179	1.961	2.039	1.922	1.588	7
180	1.961	1.941	1.98	1.804	7
181	1.961	1.922	2.098	2.039	7
182	2.098	2.275	2.255	2.196	7
183	1.863	2.039	2.078	2.196	7
184	1.922	2.098	2.137	2.039	7
185	2.157	1.922	1.961	1.824	7
186	2.0	1.608	1.863	1.725	7
187	1.902	1.863	2.098	1.804	7
188	2.02	2.098	2.157	1.98	7
189	1.961	2.02	2.059	2.137	7
190	1.804	2.078	2.118	2.294	7
191	1.882	2.078	2.059	2.314	7
192	1.922	2.039	2.235	2.176	7
193	2.078	2.176	2.216	1.98	7
194	2.059	2.176	2.078	1.902	7
195	1.98	2.078	2.176	1.902	7
196	1.961	2.098	2.333	2.0	7
197	1.922	1.98	2.314	2.137	7
198	1.961	1.941	2.373	2.235	7
199	2.137	2.059	2.451	2.294	7
200	1.941	1.882	2.392	2.235	7
201	1.902	1.784	2.333	2.098	7
202	2.0	1.843	2.431	2.039	7
203	2.078	1.863	2.412	2.078	7
204	2.0	1.588	2.275	2.137	7
205	1.922	1.569	2.137	2.157	7
206	1.882	1.667	2.118	2.118	7
207	1.824	1.784	2.353	2.078	7
208	1.863	1.843	2.392	2.039	7
209	1.804	1.667	2.118	2.02	7
210	2.059	1.804	2.137	2.02	7
211	2.216	1.706	2.216	2.0	7
212	2.078	1.725	2.157	1.98	7
213	1.863	1.608	1.98	2.059	7
214	1.765	1.549	1.961	2.137	7
215	1.804	1.451	2.078	2.0	7
216	2.098	1.667	2.059	1.824	7
217	1.961	1.353	1.608	1.706	7
218	1.922	1.157	1.451	1.686	7
219	1.961	1.333	1.882	1.725	7
220	2.02	1.549	2.118	1.843	7
221	2.0	1.549	2.02	1.902	7
222	1.941	1.627	1.98	1.922	7
223	1.961	1.608	1.863	1.882	7
224	1.922	1.549	1.725	1.804	7
225	1.902	1.647	1.745	1.863	7
226	1.922	1.882	1.941	1.922	7
227	1.922	1.922	2.0	2.0	7
228	1.902	2.0	2.196	2.059	7
229	1.843	2.078	2.137	2.078	7
230	1.922	2.176	2.176	2.039	7
231	1.922	2.02	2.098	1.961	7
232	1.863	1.843	2.137	1.961	7
233	2.059	2.216	2.412	2.059	7
234	1.922	1.961	2.157	2.176	7
235	1.804	1.882	2.157	2.216	7
236	1.902	1.98	2.275	2.176	7
237	2.0	2.0	2.098	2.059	7
238	2.0	1.922	2.157	1.922	7
239	1.98	2.039	2.255	1.902	7
240	1.922	2.02	2.235	2.02	7
241	1.902	2.118	2.255	2.059	7
242	1.863	2.216	2.118	1.961	7
243	1.745	2.059	2.0	1.824	7
244	1.941	2.196	2.118	1.882	7
245	2.118	2.02	1.961	1.98	7
246	2.137	1.941	1.902	1.98	7
247	2.0	2.059	2.02	1.922	7
248	1.922	2.059	1.98	1.902	7
249	1.941	1.98	2.059	1.902	7
250	2.039	2.118	2.176	2.0	7
251	1.98	1.824	1.824	1.902	7
252	2.078	1.725	1.392	1.706	7
253	2.078	1.725	1.529	1.608	7
254	2.02	1.824	1.98	1.471	7
255	1.98	1.804	2.0	1.471	7
256	2.02	1.804	1.804	1.706	7
257	2.059	1.843	1.627	1.941	7
258	2.157	1.941	1.647	2.02	7
259	2.098	2.078	1.725	2.02	7
260	2.0	2.118	1.902	2.02	7
261	1.961	2.02	1.843	1.902	7
262	2.059	1.961	1.667	1.745	7
263	2.059	2.02	1.588	1.667	7
264	1.98	2.039	1.784	1.588	7
265	1.98	2.02	1.843	1.529	7
266	2.059	2.059	1.843	1.647	7
267	2.157	2.137	2.137	1.902	7
268	1.961	1.843	2.02	1.961	7
269	1.98	1.941	1.784	1.961	7
270	2.098	2.137	1.745	2.078	7
271	2.0	2.0	2.0	2.294	7
272	1.882	1.922	2.333	2.333	7
273	2.0	2.02	2.294	2.118	7
274	2.0	1.941	1.98	1.725	7
275	1.98	2.039	2.118	1.49	7
276	1.961	2.314	2.353	1.686	7
277	1.902	2.353	2.412	2.176	7
278	1.824	2.294	2.333	2.667	7
279	1.902	2.176	2.373	2.784	7
280	1.922	2.098	2.392	2.51	7
281	1.941	2.118	2.392	2.137	7
282	1.961	2.137	2.51	1.941	7
283	1.941	2.059	2.529	2.039	7
284	2.02	2.137	2.549	2.216	7
285	1.824	1.863	2.412	2.373	7
286	1.843	1.941	2.49	2.412	7
287	2.0	1.882	2.471	2.314	7
288	2.039	1.784	2.431	2.157	7
289	1.98	1.725	2.451	2.176	7
290	1.882	1.686	2.314	2.176	7
291	1.765	1.627	2.353	2.275	7
292	1.804	1.765	2.373	2.333	7
293	1.941	1.941	2.314	2.216	7
294	1.98	1.725	2.098	2.0	7
295	2.039	1.745	2.137	1.824	7
296	1.843	1.608	2.059	1.804	7
297	1.784	1.627	2.039	1.863	7
298	1.922	1.627	1.98	1.922	7
299	1.961	1.51	1.863	1.922	7
300	1.941	1.412	1.882	1.941	7
301	2.078	1.647	2.039	2.0	7
302	1.922	1.314	1.804	1.843	7
303	1.863	1.235	1.863	1.686	7
304	2.0	1.392	1.882	1.647	7
305	2.0	1.392	1.824	1.706	7
306	1.922	1.392	1.824	1.784	7
307	1.961	1.549	1.843	1.745	7
308	1.941	1.588	1.902	1.745	7
309	1.961	1.686	2.02	1.843	7
310	2.02	1.647	1.922	1.941	7
311	1.941	1.686	1.843	1.863	7
312	1.941	1.804	1.902	1.765	7
313	1.902	1.843	1.922	1.725	7
314	1.98	1.863	1.961	1.686	7
315	2.039	1.882	1.882	1.706	7
316	1.902	1.765	1.922	1.843	7
317	1.843	1.745	2.0	2.078	7
318	2.137	1.941	1.941	2.137	7
319	1.961	1.49	1.627	1.98	7
320	1.804	1.51	1.824	1.804	7
321	1.941	1.686	2.0	1.706	7
322	2.078	1.961	2.157	1.765	7
323	2.059	1.843	2.0	1.843	7
324	1.902	1.647	1.824	1.863	7
325	1.961	1.627	1.804	1.902	7
326	1.98	1.824	1.824	2.078	7
327	1.98	2.02	1.922	2.176	7
328	1.902	2.0	2.039	2.078	7
329	1.863	2.039	1.961	1.843	7
330	2.02	2.137	2.059	1.667	7
331	2.02	2.137	2.0	1.647	7
332	1.882	1.98	1.882	1.745	7
333	2.059	1.922	1.647	1.824	7
334	2.02	1.824	1.451	1.863	7
335	2.059	2.078	1.863	1.863	7
336	2.039	1.98	2.098	1.941	7
337	2.039	2.039	2.373	2.118	7
338	2.039	2.0	2.157	2.098	7
339	2.078	1.863	1.765	1.765	7
340	1.98	1.745	1.588	1.51	7
341	1.961	1.843	1.686	1.51	7
342	1.941	1.863	1.784	1.667	7
343	1.843	1.98	2.0	1.961	7
344	1.922	2.118	2.137	2.137	7
345	2.137	2.216	1.824	2.235	7
346	2.118	2.118	1.647	2.098	7
347	1.902	2.157	2.02	1.961	7
348	1.863	2.275	2.235	1.882	7
349	1.922	2.275	2.118	1.804	7
350	1.941	2.118	1.961	1.745	7
351	1.902	1.98	2.059	1.784	7
352	2.118	2.392	2.275	2.059	7
353	1.922	2.216	2.098	2.196	7
354	1.784	2.02	2.02	2.176	7
355	1.941	2.176	2.176	2.137	7
356	2.02	2.235	2.529	2.137	7
357	2.0	2.176	2.627	2.176	7
358	1.98	2.235	2.392	2.157	7
359	2.0	2.196	2.216	2.02	7
360	1.941	2.255	2.294	1.961	7
361	1.843	2.275	2.216	2.0	7
362	1.961	2.294	2.294	2.098	7
363	1.98	2.275	2.49	2.314	7
364	1.922	2.235	2.451	2.471	7
365	2.02	2.137	2.176	2.431	7
366	2.0	2.176	2.176	2.294	7
367	1.941	2.078	2.294	2.078	7
368	1.922	1.941	2.451	1.98	7
369	2.118	2.137	2.529	2.118	7
370	2.118	1.784	2.196	2.216	7
371	2.02	1.608	2.059	2.078	7
372	1.98	1.627	2.039	1.784	7
373	1.98	1.686	2.157	1.725	7
374	1.902	1.608	2.137	1.941	7
375	1.863	1.627	2.02	2.314	7
376	1.824	1.529	1.961	2.392	7
377	2.02	1.686	2.078	2.078	7
378	2.157	1.706	1.961	1.627	7
379	2.0	1.588	1.98	1.431	7
380	1.882	1.765	2.216	1.588	7
381	1.98	1.922	2.275	1.824	7
382	1.941	1.647	1.941	2.0	7
383	1.882	1.49	1.745	2.059	7
384	1.863	1.431	1.863	2.078	7
385	1.882	1.49	1.922	2.039	7
386	2.078	1.784	2.196	2.059	7
387	2.039	1.745	2.196	2.078	7
388	1.902	1.314	1.843	1.882	7
389	1.961	1.373	1.882	1.686	7
390	1.902	1.49	1.941	1.686	7
391	1.961	1.49	1.98	1.941	7
392	2.0	1.667	2.137	2.235	7
393	1.922	1.569	2.02	2.235	7
394	1.863	1.529	1.961	2.078	7
395	1.922	1.745	2.02	1.902	7
396	1.882	1.804	2.039	1.843	7
397	1.804	1.863	2.02	1.922	7
398	1.902	2.0	2.137	2.078	7
399	1.98	1.961	2.059	2.157	7
400	2.078	1.863	1.882	2.137	7
401	1.98	1.804	1.804	2.02	7
402	1.824	1.608	1.745	1.863	7
403	2.039	1.902	2.059	1.843	7
404	1.941	1.686	1.902	1.843	7
405	1.804	1.451	1.882	1.843	7
406	2.02	1.784	2.039	1.941	7
407	2.039	1.765	1.961	1.922	7
408	2.039	1.667	1.843	1.784	7
409	2.02	1.765	1.804	1.667	7
410	1.961	1.725	1.765	1.588	7
411	1.961	1.686	1.804	1.588	7
412	1.902	1.784	1.745	1.745	7
413	1.902	1.882	1.745	1.843	7
414	1.941	1.961	1.784	1.804	7
415	2.02	2.039	1.863	1.725	7
416	1.941	2.0	1.961	1.725	7
417	1.961	1.961	1.902	1.843	7
418	1.941	1.941	1.843	2.0	7
419	1.961	1.882	1.627	1.98	7
420	2.078	2.235	1.961	1.784	7
421	2.137	2.02	2.02	1.431	7
422	1.98	1.745	1.941	1.255	7
423	1.902	1.882	1.647	1.569	7
424	2.0	2.059	1.373	2.02	7
425	1.98	1.98	1.824	2.314	7
426	2.02	2.157	2.392	2.373	7
427	1.961	2.157	2.353	2.157	7
428	1.98	2.176	2.118	1.863	7
429	1.98	2.235	2.0	1.686	7
430	2.02	2.294	1.882	1.686	7
431	1.961	2.275	1.824	1.765	7
432	1.922	2.294	1.98	1.961	7
433	2.039	2.431	2.275	2.176	7
434	2.098	2.314	2.333	2.412	7
435	1.961	2.216	2.353	2.569	7
436	1.902	2.255	2.275	2.51	7
437	2.118	2.431	2.392	2.275	7
438	1.961	2.059	2.118	1.941	7
439	1.824	1.784	2.118	1.627	7
440	2.059	2.02	2.294	1.627	7
441	2.02	2.039	2.314	1.882	7
442	1.941	1.922	2.314	2.275	7
443	1.863	1.941	2.176	2.569	7
444	1.882	1.824	2.02	2.471	7
445	1.961	1.882	2.196	2.118	7
446	1.941	2.02	2.392	1.843	7
447	1.843	2.039	2.353	1.725	7
448	1.824	1.902	2.275	1.824	7
449	1.882	1.882	2.196	2.059	7
450	1.922	1.784	2.098	2.176	7
451	1.941	1.804	2.039	2.196	7
452	1.863	1.765	2.039	2.098	7
453	1.843	1.706	2.176	1.961	7
454	2.118	2.118	2.529	1.98	7
455	2.039	1.843	2.294	1.98	7
456	1.706	1.314	2.02	1.922	7
457	1.843	1.49	2.176	1.922	7
458	2.039	1.725	2.196	2.0	7
459	1.98	1.725	2.255	2.118	7
460	1.922	1.647	2.235	2.216	7
461	1.902	1.745	2.216	2.216	7
462	1.902	1.843	2.294	2.118	7
463	1.902	1.922	2.235	1.98	7
464	1.98	1.98	2.216	1.882	7
465	1.941	1.941	2.157	1.882	7
466	1.922	1.961	2.137	2.02	7
467	1.941	1.98	2.137	2.118	7
468	1.98	1.98	2.118	2.059	7
469	1.922	1.922	2.098	1.882	7
470	1.961	1.765	2.059	1.804	7
471	2.098	2.059	2.255	1.961	7
472	2.078	1.902	2.039	2.039	7
473	1.784	1.471	1.843	1.902	7
474	1.941	1.608	1.863	1.745	7
475	2.02	1.725	1.667	1.725	7
476	2.039	1.784	1.765	1.843	7
477	1.98	1.784	2.118	2.02	7
478	2.0	1.627	2.02	2.02	7
479	2.0	1.745	1.882	1.843	7
480	1.922	1.784	1.725	1.686	7
481	1.922	1.765	1.627	1.647	7
482	1.922	1.765	1.647	1.686	7
483	2.0	1.863	1.686	1.765	7
484	1.941	1.824	1.725	1.882	7
485	1.941	1.902	1.922	2.039	7
486	2.039	2.0	2.0	2.118	7
487	2.02	1.804	1.843	2.078	7
488	2.059	1.941	1.961	2.059	7
489	1.961	1.784	1.882	1.961	7
490	1.804	1.49	1.647	1.765	7
491	2.02	1.725	1.529	1.608	7
492	2.157	1.863	1.49	1.549	7
493	2.098	1.804	1.765	1.686	7
494	2.0	1.784	1.843	1.961	7
495	1.941	1.784	1.765	2.157	7
496	1.941	1.824	1.784	2.02	7
497	2.059	1.882	1.843	1.784	7
498	2.0	2.059	1.882	1.549	7
499	1.941	2.078	1.843	1.471	7
500	1.961	2.176	1.725	1.667	7
501	2.02	2.118	1.725	1.863	7
502	2.059	2.157	1.804	1.961	7
503	2.059	2.255	1.941	2.098	7
504	2.02	2.216	2.078	2.196	7
505	2.078	2.49	2.392	2.235	7
506	2.039	2.294	2.333	2.118	7
507	1.804	2.118	2.294	1.902	7
508	1.98	2.235	2.392	1.824	7
509	2.0	2.333	2.471	1.961	7
510	1.98	2.255	2.569	2.176	7
511	1.941	2.255	2.51	2.353	7
512	1.941	2.294	2.294	2.373	7
513	1.843	2.431	2.353	2.373	7
514	1.863	2.51	2.667	2.412	7
515	2.02	2.51	2.706	2.373	7
516	1.902	2.314	2.608	2.314	7
517	1.922	2.314	2.51	2.196	7
518	1.824	2.118	2.333	2.137	7
519	1.941	1.98	2.333	2.039	7
520	2.02	1.902	2.235	2.059	7
521	1.941	1.961	2.059	2.137	7
522	2.098	2.098	2.078	2.196	7
523	2.098	1.667	2.118	2.059	7
524	1.843	1.275	2.118	1.765	7
525	2.02	1.314	2.078	1.569	7
526	2.118	1.529	2.039	1.608	7
527	2.059	1.451	1.882	1.863	7
528	1.941	1.255	1.706	2.059	7
529	2.0	1.255	1.824	2.137	7
530	2.039	1.373	1.941	2.059	7
531	2.02	1.431	2.0	1.882	7
532	2.02	1.51	2.0	1.725	7
533	1.941	1.412	1.941	1.745	7
534	1.882	1.412	1.98	1.882	7
535	1.98	1.529	2.0	2.02	7
536	2.02	1.529	1.98	2.078	7
537	2.059	1.569	2.039	2.098	7
538	2.098	1.51	2.059	2.039	7
539	2.059	1.745	2.255	2.059	7
540	2.039	1.686	2.157	2.059	7
541	1.745	1.451	2.02	2.0	7
542	1.882	1.49	2.118	1.902	7
543	2.02	1.667	2.196	1.804	7
544	2.0	1.745	2.216	1.804	7
545	1.902	1.667	2.176	1.961	7
546	1.882	1.725	2.02	2.157	7
547	1.882	1.824	2.059	2.333	7
548	1.961	2.059	2.255	2.333	7
549	2.078	2.02	2.137	2.059	7
550	1.922	1.941	2.098	1.804	7
551	1.882	2.098	2.157	1.784	7
552	1.843	2.02	2.059	1.843	7
553	1.922	2.059	1.98	1.863	7
554	1.941	1.98	1.941	2.0	7
555	1.961	2.098	2.098	2.176	7
556	2.118	2.275	2.176	2.235	7
557	2.039	1.941	1.902	2.078	7
558	1.843	1.627	1.824	1.804	7
559	1.961	1.686	1.745	1.627	7
560	2.039	1.784	1.627	1.588	7
561	2.039	1.843	1.745	1.706	7
562	1.961	1.745	1.804	1.824	7
563	1.882	1.784	1.784	1.882	7
564	2.0	1.902	1.745	1.863	7
565	2.02	1.961	1.902	1.824	7
566	2.039	2.078	1.961	1.706	7
567	1.98	2.039	1.882	1.647	7
568	1.922	2.039	1.824	1.627	7
569	1.922	2.039	1.686	1.706	7
570	1.882	1.961	1.51	1.745	7
571	1.863	1.843	1.588	1.706	7
572	2.098	1.98	1.686	1.667	7
573	2.353	2.314	2.235	1.765	7
574	2.118	2.059	2.078	1.843	7
575	1.667	1.686	1.686	1.902	7
576	1.863	1.843	1.667	1.882	7
577	2.039	2.078	1.98	1.824	7
578	2.059	2.118	2.118	1.882	7
579	1.961	2.059	1.98	1.922	7
580	1.922	2.039	1.922	1.882	7
581	1.922	2.137	2.098	1.882	7
582	2.0	2.059	1.98	1.882	7
583	2.059	2.176	1.941	1.863	7
584	1.941	2.176	1.706	1.922	7
585	1.961	2.216	1.843	2.098	7
586	1.961	2.49	2.353	2.392	7
587	2.039	2.569	2.412	2.49	7
588	2.0	2.235	2.157	2.275	7
589	1.98	2.0	2.039	1.961	7
590	2.059	2.392	2.275	1.882	7
591	2.039	2.275	2.176	1.941	7
592	1.784	1.922	2.059	2.039	7
593	1.922	2.118	2.373	2.137	7
594	2.039	2.137	2.294	2.118	7
595	2.098	2.118	2.235	2.118	7
596	2.039	2.235	2.353	2.235	7
597	2.0	2.176	2.412	2.333	7
598	1.961	2.059	2.333	2.255	7
599	1.922	2.157	2.49	2.098	7
600	1.941	2.196	2.431	1.98	7
601	1.863	2.078	2.333	2.0	7
602	1.941	2.059	2.216	2.02	7
603	1.941	2.0	2.216	2.157	7
604	1.941	2.02	2.333	2.255	7
605	1.882	1.941	2.373	2.275	7
606	1.902	1.765	2.314	2.216	7
607	2.039	2.118	2.451	2.059	7
608	2.235	1.863	2.216	1.863	7
609	1.941	1.373	2.0	1.725	7
610	1.824	1.314	2.196	1.784	7
611	1.902	1.471	2.255	1.961	7
612	1.961	1.529	2.353	2.118	7
613	1.863	1.392	2.275	2.118	7
614	1.922	1.373	2.059	1.98	7
615	2.039	1.412	2.0	1.922	7
616	1.98	1.451	2.118	1.941	7
617	1.824	1.588	2.255	2.078	7
618	1.765	1.588	2.353	2.235	7
619	1.961	1.471	2.118	2.118	7
620	2.137	1.451	1.745	1.922	7
621	2.078	1.588	1.765	1.765	7
622	1.863	1.49	2.098	1.824	7
623	1.843	1.431	2.275	1.961	7
624	1.98	1.725	2.353	2.157	7
625	2.118	1.706	2.176	2.255	7
626	1.902	1.373	1.922	2.157	7
627	1.961	1.294	1.922	1.98	7
628	1.941	1.392	1.882	1.824	7
629	2.039	1.451	1.784	1.667	7
630	2.039	1.529	2.02	1.549	7
631	2.039	1.667	2.039	1.588	7
632	1.98	1.608	1.843	1.706	7
633	1.961	1.647	1.863	1.922	7
634	1.961	1.667	1.843	2.078	7
635	1.843	1.745	1.804	2.0	7
636	1.902	1.765	1.765	1.765	7
637	1.961	1.843	1.784	1.627	7
638	2.02	1.863	1.765	1.667	7
639	2.039	1.961	1.824	1.784	7
640	1.98	1.784	1.725	1.863	7
641	1.98	2.0	2.0	1.843	7
642	2.118	1.98	1.902	1.745	7
643	1.804	1.529	1.588	1.745	7
644	1.902	1.706	1.667	1.863	7
645	1.98	1.843	1.706	2.0	7
646	1.961	1.961	1.804	2.118	7
647	1.902	1.922	1.902	2.098	7
648	2.0	1.863	1.706	1.922	7
649	2.02	1.863	1.235	1.706	7
650	1.98	1.98	1.392	1.627	7
651	2.02	2.216	2.078	1.765	7
652	1.961	2.216	2.118	1.98	7
653	1.843	2.196	2.039	2.098	7
654	1.941	2.176	1.863	2.059	7
655	2.0	2.137	1.667	1.765	7
656	2.0	2.157	1.667	1.471	7
657	1.922	2.255	1.824	1.451	7
658	2.078	2.471	2.098	1.843	7
659	2.098	2.51	2.196	2.294	7
660	1.843	2.118	2.059	2.412	7
661	1.941	2.353	2.333	2.333	7
662	2.039	2.471	2.431	2.118	7
663	2.176	2.549	2.431	1.902	7
664	2.0	2.471	2.294	1.824	7
665	1.882	2.451	2.314	1.863	7
666	1.902	2.569	2.51	2.039	7
667	1.902	2.706	2.608	2.255	7
668	2.0	2.725	2.608	2.412	7
669	2.059	2.686	2.431	2.353	7
670	2.02	2.647	2.333	2.216	7
671	1.922	2.569	2.333	2.176	7
672	1.941	2.588	2.51	2.157	7
673	1.961	2.49	2.51	2.176	7
674	1.902	2.216	2.353	2.118	7
675	2.059	2.196	2.451	2.059	7
676	2.235	2.216	2.314	2.039	7
677	1.941	1.627	1.941	1.961	7
678	1.922	1.686	2.02	1.882	7
679	1.961	1.725	2.078	1.902	7
680	1.961	1.627	2.0	2.039	7
681	2.078	1.471	1.922	2.059	7
682	2.0	1.431	1.824	2.039	7
683	1.882	1.529	1.843	2.059	7
684	2.02	1.549	1.98	2.02	7
685	2.02	1.471	1.941	1.961	7
686	1.902	1.392	1.863	1.941	7
687	1.863	1.373	1.706	2.02	7
688	1.882	1.314	1.725	2.059	7
689	1.961	1.431	1.902	2.02	7
690	2.118	1.529	2.02	1.922	7
691	2.02	1.353	1.961	1.902	7
692	1.961	1.569	2.098	1.961	7
693	2.0	1.569	1.941	2.02	7
694	1.725	1.118	1.843	2.02	7
695	1.843	1.157	2.235	2.039	7
696	1.961	1.294	2.216	2.059	7
697	1.941	1.333	1.863	2.0	7
698	1.941	1.373	1.588	1.902	7
699	1.961	1.412	2.118	1.824	7
700	1.863	1.569	2.529	1.745	7
701	1.882	1.765	2.451	1.725	7
702	1.941	1.784	2.176	1.804	7
703	1.843	1.725	2.098	1.941	7
704	1.902	1.706	2.02	2.059	7
705	1.922	1.686	2.059	2.02	7
706	1.922	1.922	2.275	1.941	7
707	1.882	1.902	2.216	1.882	7
708	1.922	1.863	2.196	1.882	7
709	2.059	2.098	2.412	1.941	7
710	2.137	2.137	2.353	1.941	7
711	1.863	1.686	2.0	1.784	7
712	1.902	1.549	2.02	1.627	7
713	1.902	1.745	2.176	1.725	7
714	1.961	1.863	1.784	1.882	7
715	1.961	1.843	1.51	1.961	7
716	1.941	1.824	1.882	1.882	7
717	1.961	1.863	2.255	1.843	7
718	2.02	2.078	2.333	1.941	7
719	2.02	2.078	1.863	1.922	7
720	1.922	1.961	1.647	1.804	7
721	1.902	1.941	1.588	1.706	7
722	1.843	1.941	1.725	1.765	7
723	1.863	1.922	1.804	1.902	7
724	2.039	2.098	1.941	2.078	7
725	2.059	2.098	1.902	2.059	7
726	2.02	2.216	2.059	1.922	7
727	2.078	2.275	2.039	1.863	7
728	1.824	1.922	1.902	1.882	7
729	1.843	2.02	2.0	1.98	7
730	2.0	2.196	2.157	2.02	7
731	2.098	2.196	2.235	2.059	7
732	2.0	2.059	2.137	2.098	7
733	1.961	2.196	1.765	2.078	7
734	2.098	2.412	1.549	1.98	7
735	2.118	2.49	1.98	1.863	7
736	1.961	2.373	2.431	1.824	7
737	1.922	2.275	2.235	1.922	7
738	2.0	2.196	1.824	1.922	7
739	1.941	2.137	1.784	1.902	7
740	2.039	2.314	1.941	1.882	7
741	2.078	2.294	2.0	1.784	7
742	2.0	2.196	1.961	1.804	7
743	1.961	2.353	2.118	2.02	7
744	2.078	2.216	2.118	2.059	7
745	1.922	1.706	1.745	1.804	7
746	2.02	1.608	1.392	1.569	7
747	2.0	1.784	1.373	1.49	7
748	2.118	1.922	1.608	1.471	7
749	2.0	2.157	1.745	1.451	7
750	1.961	2.314	2.0	1.588	7
751	2.0	2.412	1.784	1.549	7
752	2.02	2.451	1.49	1.373	7
753	1.98	2.49	1.451	1.216	7
754	2.0	2.627	1.549	1.235	7
755	1.941	2.667	1.588	1.392	7
756	1.902	2.471	1.451	1.49	7
757	1.882	2.627	1.706	1.647	7
758	2.137	2.961	1.843	1.745	7
759	1.922	2.608	1.392	1.627	7
760	1.843	2.392	1.039	1.373	7
761	1.961	2.392	1.294	1.157	7
762	2.02	2.588	1.922	1.078	7
763	1.98	2.627	1.961	1.255	7
764	1.941	2.569	1.353	1.627	7
765	1.902	2.529	1.059	1.765	7
766	2.059	2.51	1.216	1.569	7
767	1.98	2.627	1.412	1.255	7
768	1.961	2.784	1.647	1.078	7
769	1.941	2.882	1.608	1.157	7
770	1.863	2.843	1.51	1.49	7
771	1.882	2.922	1.667	1.804	7
772	1.902	3.02	1.902	2.02	7
773	1.863	2.882	2.078	2.078	7
774	1.961	3.039	2.412	2.02	7
775	2.098	3.333	2.176	1.941	7
776	1.804	2.941	1.961	1.804	7
777	1.784	2.902	2.412	1.745	7
778	1.882	3.059	2.667	1.902	7
779	1.843	3.02	2.686	2.216	7
780	1.902	3.176	2.882	2.588	7
781	1.902	3.373	2.961	2.843	7
782	1.824	3.314	2.941	2.843	7
783	1.765	3.196	2.941	2.706	7
784	1.843	3.137	3.0	2.49	7
785	1.784	3.059	3.0	2.392	7
786	1.804	2.824	2.98	2.451	7
787	1.804	2.686	2.961	2.627	7
788	1.882	2.765	2.882	2.667	7
789	1.902	2.608	2.882	2.588	7
790	1.902	2.451	2.843	2.451	7
791	1.843	2.039	2.784	2.275	7
792	2.039	2.0	2.765	2.098	7
793	1.824	1.431	2.294	1.882	7
794	1.824	1.137	1.882	1.843	7
795	1.843	1.078	1.627	1.882	7
796	1.824	0.843	1.824	1.902	7
797	2.0	0.824	2.0	2.098	7
798	2.275	0.725	1.549	2.039	7
799	2.098	0.49	1.549	1.667	7
800	1.941	0.039	1.882	1.196	7
801	1.843	0.0	1.784	0.941	7
802	1.922	0.02	1.412	1.059	7
803	2.0	0.0	1.0	1.49	7
804	1.941	0.0	1.02	1.882	7
805	1.98	0.0	1.353	2.059	7
806	2.039	0.02	1.647	2.02	7
807	2.059	0.137	1.922	1.922	7
808	2.078	0.216	2.255	1.784	7
809	2.216	0.431	2.392	1.725	7
810	1.902	0.039	1.941	1.706	7
811	1.765	0.118	1.961	1.745	7
812	1.961	0.431	2.098	1.902	7
813	2.098	0.784	2.333	2.176	7
814	1.98	1.02	2.706	2.549	7
815	2.0	1.392	2.804	2.863	7
816	1.961	1.549	2.784	2.765	7
817	1.98	1.804	2.824	2.549	7
818	1.961	1.824	2.667	2.373	7
819	1.882	1.882	2.647	2.314	7
820	1.882	2.059	2.667	2.373	7
821	2.0	2.294	2.588	2.392	7
822	2.098	2.353	2.49	2.412	7
823	2.059	2.392	2.569	2.51	7
824	2.0	2.314	2.333	2.51	7
825	1.98	2.157	2.216	2.275	7
826	2.137	2.431	2.353	2.078	7
827	1.961	2.118	1.98	1.98	7
828	2.02	2.059	1.804	1.961	7
829	2.157	2.216	1.765	1.961	7
830	2.078	2.333	1.804	1.863	7
831	2.02	2.373	1.843	1.824	7
832	2.039	2.451	1.706	1.667	7
833	2.0	2.392	1.686	1.569	7
834	2.02	2.49	1.745	1.51	7
835	2.039	2.667	1.706	1.667	7
836	1.922	2.647	1.549	1.824	7
837	1.902	2.745	1.569	1.922	7
838	1.961	2.784	1.569	1.804	7
839	1.98	2.843	1.608	1.529	7
840	2.02	2.902	1.686	1.353	7
841	1.882	2.725	1.569	1.314	7
842	1.882	2.765	1.569	1.333	7
843	2.137	3.059	1.588	1.549	7
844	1.882	2.765	1.451	1.765	7
845	1.902	2.667	1.569	1.843	7
846	2.0	2.745	1.667	1.804	7
847	2.0	2.843	1.725	1.725	7
848	1.804	2.784	1.706	1.706	7
849	1.765	2.863	1.686	1.706	7
850	2.0	2.824	1.647	1.608	7
851	2.118	2.863	1.431	1.451	7
852	1.902	2.784	1.078	1.51	7
853	1.804	2.706	1.255	1.706	7
854	1.882	2.725	1.784	1.961	7
855	1.902	2.745	1.804	2.098	7
856	1.941	2.686	1.451	1.961	7
857	1.98	2.569	1.608	1.824	7
858	1.922	2.49	2.039	1.882	7
859	1.961	2.353	2.098	1.98	7
860	2.098	2.353	2.02	1.882	7
861	1.843	1.843	1.686	1.608	7
862	1.824	1.882	1.922	1.471	7
863	1.98	2.098	2.176	1.569	7
864	1.922	1.98	2.216	2.02	7
865	1.922	1.784	2.059	2.549	7
866	1.98	1.804	2.373	2.745	7
867	1.941	1.961	2.804	2.529	7
868	1.843	1.941	2.725	2.078	7
869	1.882	2.02	2.608	1.647	7
870	1.843	2.02	2.745	1.627	7
871	1.863	1.98	2.784	1.961	7
872	1.882	1.863	2.686	2.431	7
873	1.882	1.863	2.706	2.686	7
874	1.902	1.784	2.745	2.667	7
875	1.882	1.608	2.686	2.49	7
876	1.961	1.608	2.863	2.255	7
877	2.137	1.804	2.843	2.0	7
878	1.863	1.314	2.431	1.725	7
879	1.804	1.157	2.451	1.784	7
880	1.922	0.922	2.275	2.176	7
881	2.02	0.922	2.275	2.431	7
882	2.0	0.843	2.196	2.333	7
883	1.941	0.784	2.118	2.0	7
884	1.922	0.843	2.098	1.706	7
885	2.0	0.784	2.118	1.706	7
886	1.941	0.647	2.039	1.824	7
887	1.863	0.51	1.824	1.882	7
888	1.824	0.333	1.647	1.804	7
889	1.961	0.196	1.941	1.725	7
890	1.98	0.216	1.961	1.706	7
891	2.059	0.216	1.804	1.824	7
892	2.02	0.353	1.824	2.039	7
893	1.882	0.451	2.157	2.294	7
894	2.059	0.549	2.255	2.333	7
895	1.882	0.078	1.863	2.137	7
896	1.882	0.078	1.824	1.902	7
897	1.961	0.314	2.137	1.961	7
898	2.0	0.529	2.294	2.196	7
899	2.039	0.686	2.294	2.314	7
900	2.02	0.824	2.176	2.294	7
901	1.941	0.922	2.078	2.137	7
902	1.922	1.039	2.157	2.059	7
903	1.98	1.275	2.255	2.098	7
904	1.941	1.392	2.216	2.118	7
905	2.059	1.529	2.176	2.059	7
906	2.039	1.804	2.157	2.078	7
907	1.941	1.784	2.039	2.176	7
908	1.902	1.765	2.059	2.176	7
909	2.0	1.863	2.078	2.255	7
910	2.118	1.961	2.078	2.235	7
911	2.176	2.216	2.255	2.098	7
912	1.98	1.961	1.941	1.804	7
913	1.98	1.863	1.843	1.471	7
914	2.078	2.02	1.863	1.451	7
915	1.98	2.039	1.824	1.667	7
916	1.941	2.0	1.784	1.902	7
917	2.078	2.216	1.725	1.961	7
918	2.118	2.412	1.843	1.824	7
919	2.098	2.686	2.098	1.725	7
920	2.098	2.784	1.922	1.647	7
921	1.98	2.608	1.431	1.608	7
922	1.961	2.608	1.471	1.588	7
923	2.039	2.667	1.471	1.608	7
924	2.02	2.686	1.549	1.667	7
925	1.961	2.882	1.961	1.843	7
926	2.02	2.843	1.765	1.922	7
927	2.098	2.627	1.412	1.706	7
928	2.275	2.98	1.529	1.529	7
929	2.098	2.686	1.451	1.471	7
930	1.843	2.49	1.471	1.588	7
931	1.98	2.588	1.529	1.686	7
932	2.078	2.647	1.373	1.667	7
933	2.059	2.647	1.275	1.549	7
934	2.039	2.647	1.235	1.451	7
935	1.922	2.647	1.353	1.51	7
936	1.902	2.922	1.784	1.725	7
937	1.961	3.0	1.941	1.98	7
938	1.961	3.0	1.941	2.137	7
939	1.961	2.941	1.941	2.157	7
940	1.98	2.863	1.824	2.0	7
941	1.882	2.902	1.863	1.745	7
942	1.863	3.157	2.02	1.765	7
943	1.804	3.137	2.137	1.863	7
944	1.824	2.961	2.431	2.098	7
945	2.0	3.392	2.941	2.412	7
946	1.863	2.784	2.588	2.588	7
947	1.765	2.745	2.627	2.569	7
948	1.882	2.961	2.902	2.471	7
949	1.843	2.961	2.902	2.431	7
950	1.784	2.784	2.922	2.392	7
951	1.863	2.941	3.02	2.392	7
952	1.824	2.843	3.0	2.392	7
953	1.824	2.745	3.02	2.471	7
954	1.804	2.569	2.843	2.549	7
955	1.824	2.549	2.882	2.471	7
956	1.882	2.451	2.941	2.176	7
957	1.824	2.118	2.804	1.98	7
958	1.824	1.961	2.314	2.02	7
959	1.863	1.647	1.98	2.039	7
960	1.804	1.255	2.373	2.157	7
961	1.902	1.176	2.882	2.353	7
962	2.216	1.373	2.647	2.275	7
963	1.961	0.608	1.686	1.804	7
964	1.765	0.275	1.373	1.275	7
965	1.922	0.196	1.471	1.078	7
966	2.0	0.137	1.745	1.373	7
967	2.0	0.0	1.882	1.843	7
968	2.0	0.118	1.863	2.098	7
969	1.902	0.216	1.824	1.98	7
970	1.922	0.157	1.745	1.765	7
971	1.98	0.157	1.765	1.569	7
972	1.961	0.373	1.863	1.569	7
973	1.98	0.549	1.765	1.706	7
974	1.902	0.667	1.922	1.843	7
975	1.902	0.804	1.98	1.863	7
976	2.0	0.941	2.039	1.843	7
977	1.961	1.02	2.059	1.765	7
978	1.902	1.02	2.118	1.784	7
979	2.078	1.627	2.608	2.118	7
980	1.941	1.471	2.529	2.431	7
981	1.863	1.412	2.353	2.392	7
982	1.98	1.451	2.275	2.078	7
983	1.98	1.627	2.373	1.902	7
984	1.98	1.745	2.451	1.902	7
985	2.078	1.902	2.412	2.0	7
986	2.0	1.961	2.314	2.059	7
987	1.961	2.059	2.255	2.176	7
988	2.02	2.118	2.176	2.235	7
989	2.059	2.196	2.137	2.235	7
990	2.02	2.255	2.118	2.176	7
991	2.0	2.235	2.059	2.098	7
992	2.0	2.314	2.0	1.922	7
993	2.039	2.235	1.882	1.765	7
994	2.02	2.137	1.765	1.765	7
995	2.157	2.216	1.765	1.941	7
996	2.314	2.412	1.882	2.118	7
997	2.078	2.098	1.725	2.059	7
998	1.961	2.039	1.784	1.961	7
999	2.137	2.333	1.941	1.902	7
1000	2.255	2.451	1.863	1.784	7
1001	2.137	2.275	1.784	1.706	7
1002	2.098	2.255	1.608	1.647	7
1003	2.098	2.353	1.588	1.725	7
1004	2.078	2.49	1.745	1.863	7
1005	2.039	2.608	1.765	1.98	7
1006	2.039	2.667	1.725	2.0	7
1007	2.059	2.647	1.745	1.882	7
1008	2.137	2.843	1.882	1.843	7
1009	2.098	2.902	1.725	1.863	7
1010	1.98	2.824	1.667	1.784	7
1011	1.941	2.667	1.686	1.667	7
1012	1.98	2.667	1.569	1.549	7
1013	2.137	2.98	1.804	1.667	7
1014	2.039	2.725	1.549	1.765	7
1015	1.863	2.549	1.471	1.765	7
1016	1.863	2.627	1.627	1.804	7
1017	1.961	2.667	1.627	1.941	7
1018	2.078	2.51	1.608	1.922	7
1019	2.078	2.686	1.706	1.667	7
1020	1.961	2.549	1.627	1.471	7
1021	1.902	2.706	1.569	1.549	7
1022	1.941	2.608	1.294	1.784	7
1023	1.902	2.392	1.412	1.922	7
1024	1.863	2.275	1.627	1.941	7
1025	1.843	2.392	1.667	2.0	7
1026	1.961	2.294	1.549	2.078	7
1027	2.02	2.157	1.392	2.0	7
1028	1.98	1.882	1.392	1.745	7
1029	2.039	1.824	1.863	1.431	7
1030	2.098	2.0	2.176	1.333	7
1031	1.863	1.569	2.059	1.647	7
1032	1.765	1.569	2.176	2.294	7
1033	2.059	1.745	2.196	2.569	7
1034	1.98	1.706	2.216	2.333	7
1035	1.843	1.588	2.392	2.039	7
1036	1.824	1.588	2.353	1.863	7
1037	1.902	1.706	2.451	1.843	7
1038	1.902	1.843	2.706	1.98	7
1039	1.863	2.039	3.098	2.275	7
1040	1.804	2.098	3.255	2.569	7
1041	1.745	2.098	3.255	2.725	7
1042	1.824	2.137	3.196	2.686	7
1043	1.922	2.098	3.137	2.51	7
1044	1.941	2.078	3.196	2.373	7
1045	1.804	1.941	3.196	2.412	7
1046	1.784	1.863	3.176	2.569	7
1047	2.02	2.02	3.235	2.725	7
1048	1.98	1.686	2.941	2.627	7
1049	1.804	1.392	2.804	2.314	7
1050	1.863	1.275	2.725	2.0	7
1051	1.941	1.216	2.627	1.961	7
1052	1.882	0.902	2.412	2.255	7
1053	1.824	0.863	2.373	2.529	7
1054	2.0	0.784	2.216	2.392	7
1055	2.02	0.863	2.216	2.078	7
1056	1.843	0.686	2.059	1.882	7
1057	1.902	0.49	1.843	1.745	7
1058	2.02	0.333	1.784	1.667	7
1059	2.02	0.216	1.725	1.627	7
1060	1.902	0.314	1.824	1.745	7
1061	2.0	0.392	1.922	1.941	7
1062	1.961	0.294	1.725	2.137	7
1063	1.922	0.118	1.588	2.176	7
1064	2.157	0.392	1.784	2.0	7
1065	2.078	0.294	1.745	1.706	7
1066	1.902	0.059	1.706	1.51	7
1067	2.0	0.196	1.745	1.471	7
1068	2.039	0.314	1.784	1.667	7
1069	2.059	0.49	1.824	1.98	7
1070	2.059	0.706	1.804	2.137	7
1071	1.961	0.824	1.745	2.078	7
1072	1.941	1.039	1.804	1.863	7
1073	1.98	1.118	1.824	1.686	7
1074	1.98	1.333	1.941	1.51	7
1075	2.078	1.667	2.059	1.353	7
1076	2.078	1.725	1.863	1.471	7
1077	2.0	1.667	1.627	1.824	7
1078	1.98	1.804	1.686	2.255	7
1079	1.961	1.882	1.824	2.529	7
1080	2.0	1.902	1.863	2.412	7
1081	2.176	2.392	2.118	2.059	7
1082	2.176	2.314	1.922	1.667	7
1083	1.961	2.098	1.686	1.412	7
1084	2.0	2.216	1.765	1.392	7
1085	2.02	2.353	1.784	1.588	7
1086	2.078	2.333	1.824	1.784	7
1087	2.039	2.451	1.863	2.039	7
1088	2.039	2.745	1.667	2.157	7
1089	1.961	2.882	1.627	2.098	7
1090	1.922	2.922	1.784	1.922	7
1091	2.098	3.039	1.922	1.824	7
1092	2.059	3.02	1.882	1.902	7
1093	2.02	3.02	1.784	1.804	7
1094	1.961	3.0	1.686	1.686	7
1095	2.0	3.137	1.412	1.686	7
1096	1.98	3.02	0.627	1.784	7
1097	1.941	3.059	0.882	1.863	7
1098	2.157	3.314	1.882	1.765	7
1099	2.118	3.137	1.961	1.706	7
1100	1.902	2.922	1.725	1.765	7
1101	2.059	3.078	1.549	1.765	7
1102	2.039	3.02	1.49	1.765	7
1103	1.98	2.922	1.569	1.804	7
1104	1.98	3.176	1.686	1.804	7
1105	1.98	3.196	1.647	1.843	7
1106	1.922	3.118	1.706	2.039	7
1107	1.863	3.098	1.843	2.275	7
1108	1.824	3.059	1.98	2.235	7
1109	1.98	3.235	2.196	2.039	7
1110	1.941	3.157	2.039	1.922	7
1111	1.765	2.843	1.686	2.0	7
1112	1.824	2.647	1.863	2.157	7
1113	1.882	2.647	2.137	2.196	7
1114	1.922	2.549	2.196	2.137	7
1115	2.039	2.706	2.647	2.098	7
1116	1.882	2.294	2.667	2.059	7
1117	1.686	1.804	2.314	2.039	7
1118	1.843	1.784	2.098	2.0	7
1119	1.902	1.843	2.059	2.02	7
1120	1.902	1.765	2.118	2.118	7
1121	1.843	1.784	2.294	2.275	7
1122	1.824	1.745	2.49	2.314	7
1123	1.843	1.824	2.765	2.333	7
1124	1.863	1.804	2.843	2.314	7
1125	1.941	1.784	2.725	2.255	7
1126	1.863	1.784	2.725	2.216	7
1127	1.745	1.706	2.569	2.137	7
1128	1.784	1.588	2.627	2.118	7
1129	1.941	1.706	2.627	2.078	7
1130	1.922	1.49	2.49	2.0	7
1131	1.922	1.373	2.765	2.216	7
1132	2.078	1.451	3.039	2.686	7
1133	1.941	1.137	2.843	2.882	7
1134	1.765	0.686	2.627	2.667	7
1135	1.941	0.627	2.431	2.235	7
1136	1.922	0.686	2.412	1.882	7
1137	1.784	0.627	2.627	1.804	7
1138	1.941	0.549	2.471	2.039	7
1139	2.078	0.451	2.353	2.294	7
1140	2.0	0.392	2.216	2.353	7
1141	1.902	0.176	2.157	2.078	7
1142	1.882	0.275	2.157	1.706	7
1143	1.922	0.314	2.0	1.471	7
1144	1.961	0.255	2.0	1.569	7
1145	1.941	0.451	2.275	1.98	7
1146	2.0	0.765	2.412	2.353	7
1147	2.0	0.882	2.373	2.51	7
1148	2.059	1.118	2.451	2.314	7
1149	2.196	1.353	2.451	1.961	7
1150	2.118	1.039	2.02	1.471	7
1151	1.863	0.843	1.941	1.157	7
1152	1.98	1.157	2.137	1.314	7
1153	2.098	1.49	2.353	1.706	7
1154	2.137	1.686	2.373	2.157	7
1155	2.118	1.804	2.235	2.294	7
1156	2.059	1.824	2.137	2.0	7
1157	2.118	2.039	2.118	1.627	7
1158	2.059	2.176	2.118	1.353	7
1159	2.118	2.373	2.196	1.392	7
1160	2.098	2.392	2.196	1.706	7
1161	2.078	2.314	1.941	2.0	7
1162	2.059	2.451	1.882	2.0	7
1163	2.118	2.647	2.0	1.784	7
1164	2.098	2.451	1.725	1.471	7
1165	2.098	2.392	1.667	1.333	7
1166	2.275	2.824	1.922	1.373	7
1167	2.157	2.667	1.784	1.431	7
1168	1.961	2.529	1.686	1.529	7
1169	2.039	2.667	1.706	1.647	7
1170	2.098	2.765	1.686	1.706	7
1171	2.098	2.824	1.784	1.706	7
1172	2.02	2.902	1.686	1.608	7
1173	2.0	2.902	1.529	1.353	7
1174	1.961	3.176	1.725	1.196	7
1175	1.98	3.51	1.882	1.216	7
1176	2.039	3.392	1.706	1.314	7
1177	1.961	3.255	1.49	1.373	7
1178	1.922	3.373	1.353	1.471	7
1179	1.902	3.373	1.627	1.765	7
1180	1.902	3.275	1.843	2.02	7
1181	1.902	3.078	1.471	1.824	7
1182	1.98	2.961	0.941	1.294	7
1183	2.0	3.118	1.098	0.98	7
1184	1.941	2.706	1.235	0.902	7
1185	1.765	2.235	1.49	1.118	7
1186	1.941	2.49	1.706	1.451	7
1187	2.0	2.392	1.471	1.529	7
1188	1.961	2.0	1.098	1.431	7
1189	1.902	1.941	0.863	1.451	7
1190	2.0	2.137	1.275	1.627	7
1191	2.0	2.118	1.549	1.824	7
1192	1.882	1.902	1.686	1.961	7
1193	1.843	1.843	1.902	2.0	7
1194	1.824	1.941	1.98	2.059	7
1195	1.941	2.039	2.0	2.098	7
1196	1.961	2.0	1.941	2.078	7
1197	1.882	1.941	2.059	2.118	7
1198	1.843	2.039	2.431	2.353	7
1199	1.902	1.922	2.608	2.686	7
1200	2.02	2.176	2.843	3.02	7
1201	1.98	1.941	2.725	3.098	7
1202	1.745	1.647	2.725	3.0	7
1203	1.863	1.941	2.961	3.02	7
1204	1.863	1.882	2.961	3.118	7
1205	1.765	1.745	3.059	3.157	7
1206	1.922	1.784	3.039	3.137	7
1207	1.98	1.647	2.863	3.02	7
1208	1.804	1.549	2.804	2.902	7
1209	1.863	1.608	2.784	2.902	7
1210	1.922	1.412	2.451	2.961	7
1211	1.902	1.314	1.961	2.922	7
1212	1.902	1.235	1.843	2.745	7
1213	1.882	0.98	1.961	2.412	7
1214	1.941	0.863	2.02	2.157	7
1215	1.902	0.686	2.137	2.098	7
1216	1.824	0.373	1.882	2.235	7
1217	2.0	0.569	1.471	2.353	7
1218	2.216	0.471	1.078	2.176	7
1219	2.118	0.196	1.118	1.843	7
1220	1.961	0.0	1.392	1.647	7
1221	1.961	0.0	1.471	1.686	7
1222	2.039	0.0	1.49	1.882	7
1223	2.02	0.0	1.451	2.059	7
1224	2.0	0.0	1.745	2.157	7
1225	2.02	0.373	2.078	2.235	7
1226	2.039	0.392	2.039	2.216	7
1227	1.98	0.451	1.98	2.235	7
1228	2.039	0.765	2.176	2.176	7
1229	2.078	0.941	2.412	2.02	7
1230	1.98	1.02	2.529	1.961	7
1231	1.98	1.137	2.588	2.137	7
1232	1.961	1.196	2.667	2.431	7
1233	1.941	1.196	2.745	2.588	7
1234	2.098	1.588	3.078	2.647	7
1235	2.157	1.725	3.059	2.569	7
1236	1.961	1.451	2.784	2.294	7
1237	2.0	1.686	2.863	2.02	7
1238	1.98	1.922	2.804	1.882	7
1239	2.0	2.0	2.765	1.941	7
1240	1.98	2.02	2.765	2.039	7
1241	2.059	2.137	2.627	2.078	7
1242	1.98	2.098	2.549	1.922	7
1243	1.902	2.235	2.51	1.902	7
1244	2.0	2.235	2.255	1.941	7
1245	1.961	2.314	2.255	2.0	7
1246	2.059	2.49	2.196	1.961	7
1247	1.961	2.471	2.039	1.745	7
1248	2.0	2.529	2.0	1.431	7
1249	2.0	2.431	1.902	1.294	7
1250	2.02	2.451	1.863	1.373	7
1251	2.157	2.745	1.961	1.51	7
1252	2.059	2.745	1.922	1.588	7
1253	1.784	2.353	1.725	1.627	7
1254	1.882	2.412	1.784	1.667	7
1255	2.098	2.686	1.824	1.725	7
1256	2.137	2.686	1.765	1.882	7
1257	2.118	2.882	2.0	1.941	7
1258	2.039	3.059	1.902	1.745	7
1259	1.922	2.824	1.647	1.353	7
1260	1.902	2.824	1.392	1.059	7
1261	1.961	3.098	1.216	1.02	7
1262	2.039	3.196	1.255	1.255	7
1263	2.02	3.176	1.451	1.627	7
1264	1.961	3.176	1.725	1.941	7
1265	1.922	3.235	1.745	2.118	7
1266	1.941	3.176	1.667	1.961	7
1267	2.098	2.941	1.314	1.49	7
1268	2.294	3.039	1.431	1.157	7
1269	2.137	2.941	1.333	1.196	7
1270	1.784	2.608	1.118	1.412	7
1271	1.922	2.725	1.333	1.725	7
1272	2.0	2.725	1.275	1.941	7
1273	2.039	2.569	1.431	1.863	7
1274	2.059	2.549	1.765	1.647	7
1275	1.902	2.627	1.882	1.569	7
1276	1.824	2.471	1.804	1.647	7
1277	1.882	2.549	1.765	1.804	7
1278	1.863	2.431	1.843	1.98	7
1279	1.745	2.216	1.922	2.196	7
1280	1.863	2.275	2.118	2.275	7
1281	1.98	2.51	2.333	2.196	7
1282	1.961	2.529	2.51	2.078	7
1283	1.902	2.353	2.471	2.059	7
1284	1.863	2.176	2.333	2.137	7
1285	1.882	2.294	2.784	2.412	7
1286	1.941	2.078	2.843	2.588	7
1287	1.745	1.588	2.471	2.529	7
1288	1.843	1.667	2.804	2.373	7
1289	1.922	1.784	2.902	2.196	7
1290	2.0	1.686	2.706	2.078	7
1291	1.941	1.667	2.608	2.157	7
1292	1.902	1.608	2.588	2.333	7
1293	1.843	1.451	2.549	2.471	7
1294	1.922	1.373	2.235	2.431	7
1295	1.941	1.333	1.922	2.255	7
1296	1.922	1.353	2.02	2.0	7
1297	1.961	1.216	2.235	1.902	7
1298	2.0	0.961	2.255	1.902	7
1299	1.941	0.745	2.039	1.902	7
1300	1.843	0.49	1.706	1.863	7
1301	1.902	0.235	1.588	1.804	7
1302	2.059	0.451	1.784	1.784	7
1303	2.118	0.392	1.549	1.686	7
1304	1.706	0.039	1.392	1.471	7
1305	1.882	0.196	1.725	1.275	7
1306	2.059	0.294	1.961	1.51	7
1307	2.0	0.137	1.882	2.078	7
1308	1.922	0.078	1.765	2.471	7
1309	1.804	0.118	1.706	2.49	7
1310	1.824	0.529	2.216	2.373	7
1311	1.882	0.941	2.549	2.255	7
1312	1.804	0.961	2.392	2.059	7
1313	1.902	0.922	2.157	2.0	7
1314	2.02	1.137	2.157	2.078	7
1315	1.882	1.471	2.157	2.275	7
1316	1.863	1.529	2.294	2.471	7
1317	1.824	1.471	2.647	2.608	7
1318	1.824	1.667	2.784	2.686	7
1319	2.059	2.157	2.961	2.725	7
1320	2.176	2.059	2.608	2.667	7
1321	1.843	1.647	2.216	2.373	7
1322	1.882	1.765	2.353	2.039	7
1323	2.0	2.0	2.373	1.765	7
1324	2.0	2.0	2.275	1.667	7
1325	2.078	2.078	2.275	1.804	7
1326	2.059	2.039	2.078	1.922	7
1327	1.941	2.078	2.078	1.98	7
1328	2.02	2.294	2.176	2.0	7
1329	2.118	2.627	2.373	1.98	7
1330	2.0	2.627	2.196	1.765	7
1331	1.882	2.373	1.882	1.51	7
1332	1.922	2.412	1.843	1.431	7
1333	2.196	2.549	1.863	1.51	7
1334	2.235	2.51	1.843	1.686	7
1335	2.059	2.51	1.882	1.843	7
1336	2.078	2.824	2.098	1.922	7
1337	2.118	2.706	1.922	1.882	7
1338	1.863	2.275	1.765	1.725	7
1339	1.98	2.373	1.863	1.627	7
1340	2.176	2.647	2.02	1.569	7
1341	2.235	2.706	2.0	1.549	7
1342	2.078	2.608	1.824	1.608	7
1343	1.98	2.569	1.608	1.686	7
1344	2.02	2.588	1.667	1.686	7
1345	2.176	2.725	1.804	1.686	7
1346	2.059	2.824	1.745	1.686	7
1347	1.961	2.902	1.686	1.725	7
1348	2.118	2.98	1.686	1.745	7
1349	2.098	2.98	1.725	1.667	7
1350	2.0	2.902	1.667	1.49	7
1351	2.039	2.902	1.745	1.49	7
1352	2.078	2.843	1.627	1.686	7
1353	2.078	2.824	1.588	1.804	7
1354	2.157	2.922	1.647	1.725	7
1355	1.882	2.647	1.49	1.549	7
1356	1.98	2.608	1.667	1.569	7
1357	2.157	2.549	1.667	1.725	7
1358	2.098	2.373	0.863	1.902	7
1359	2.0	2.216	0.529	1.824	7
1360	2.0	2.373	1.529	1.706	7
1361	1.961	2.431	2.118	1.627	7
1362	2.039	2.49	2.0	1.725	7
1363	1.902	2.255	1.686	1.882	7
1364	1.863	2.098	1.51	1.922	7
1365	1.98	1.98	1.392	1.863	7
1366	1.98	1.98	1.529	1.843	7
1367	1.961	2.216	1.784	1.863	7
1368	1.902	2.137	2.0	2.0	7
1369	1.882	1.961	2.059	2.196	7
1370	1.902	2.078	2.412	2.451	7
1371	2.02	2.0	2.529	2.627	7
1372	1.745	1.706	2.608	2.667	7
1373	1.843	1.882	2.843	2.471	7
1374	1.941	1.961	2.843	2.235	7
1375	1.922	1.824	2.725	2.196	7
1376	1.804	1.882	2.765	2.353	7
1377	1.824	1.922	2.765	2.569	7
1378	1.824	1.98	2.922	2.667	7
1379	1.882	2.0	2.961	2.765	7
1380	1.843	1.961	2.941	2.804	7
1381	1.804	1.784	2.784	2.686	7
1382	1.882	1.804	2.706	2.392	7
1383	1.843	1.765	2.627	2.196	7
1384	1.882	1.588	2.49	2.157	7
1385	1.922	1.314	2.333	2.235	7
1386	1.863	1.02	1.882	2.235	7
1387	1.922	1.02	1.922	2.176	7
1388	2.059	0.961	2.098	2.0	7
1389	1.804	0.392	1.647	1.588	7
1390	1.863	0.216	1.451	1.294	7
1391	1.922	0.059	1.647	1.275	7
1392	1.863	0.0	1.706	1.49	7
1393	1.902	0.0	1.49	1.588	7
1394	1.961	0.118	1.51	1.686	7
1395	1.882	0.373	1.549	1.784	7
1396	1.824	0.314	1.745	1.745	7
1397	1.882	0.235	1.863	1.647	7
1398	1.882	0.235	2.059	1.725	7
1399	1.882	0.627	2.353	1.961	7
1400	1.961	0.745	2.275	2.078	7
1401	1.941	0.824	2.255	2.02	7
1402	1.804	0.863	2.353	1.961	7
1403	1.882	1.137	2.627	2.0	7
1404	2.0	1.412	2.902	2.118	7
1405	2.039	1.471	2.824	2.118	7
1406	1.745	1.157	2.588	2.02	7
1407	1.922	1.431	2.706	2.0	7
1408	1.941	1.569	2.765	1.961	7
1409	1.98	1.745	2.863	2.078	7
1410	2.059	1.902	2.824	2.392	7
1411	1.941	1.843	2.765	2.706	7
1412	2.0	2.118	2.804	2.745	7
1413	2.0	2.157	2.569	2.275	7
1414	2.059	2.216	2.431	1.569	7
1415	1.98	2.235	2.294	1.196	7
1416	1.941	2.255	2.118	1.255	7
1417	1.922	2.157	1.961	1.647	7
1418	1.961	2.255	1.941	2.078	7
1419	2.039	2.255	1.98	2.412	7
1420	2.196	2.255	2.039	2.431	7
1421	2.235	2.49	2.157	2.098	7
1422	2.255	2.608	2.039	1.706	7
1423	1.882	2.176	1.784	1.412	7
1424	1.902	2.333	1.902	1.333	7
1425	2.157	2.431	1.745	1.353	7
1426	2.235	2.294	1.608	1.431	7
1427	2.039	2.353	1.725	1.569	7
1428	2.059	2.451	1.608	1.706	7
1429	2.039	2.373	1.471	1.765	7
1430	2.02	2.549	1.627	1.725	7
1431	2.118	2.824	1.882	1.784	7
1432	2.078	2.922	2.02	1.804	7
1433	2.059	2.804	1.882	1.627	7
1434	2.059	2.667	1.706	1.373	7
1435	2.059	2.686	1.471	1.235	7
1436	2.039	2.647	1.235	1.412	7
1437	2.02	2.765	1.627	1.745	7
1438	2.078	2.882	1.98	1.941	7
1439	2.216	2.784	1.784	1.882	7
1440	2.0	2.314	1.392	1.667	7
1441	2.0	2.49	1.471	1.569	7
1442	2.039	2.588	1.667	1.647	7
1443	2.059	2.588	1.686	1.745	7
1444	2.059	2.686	1.706	1.745	7
1445	2.02	2.706	1.686	1.784	7
1446	2.0	2.706	1.627	1.882	7
1447	1.98	2.686	1.647	1.902	7
1448	2.02	2.686	1.608	1.824	7
1449	2.039	2.706	1.51	1.745	7
1450	1.961	2.784	1.392	1.824	7
1451	1.902	2.706	1.804	1.922	7
1452	1.922	2.725	1.961	1.922	7
1453	1.922	2.51	1.706	1.882	7
1454	1.863	2.275	1.51	1.98	7
1455	1.961	2.627	1.804	2.196	7
1456	2.059	2.608	1.941	2.333	7
1457	1.882	2.196	2.039	2.353	7
1458	2.0	2.275	2.235	2.333	7
1459	1.863	1.961	2.078	2.235	7
1460	1.863	1.902	1.863	2.235	7
1461	1.863	2.0	1.627	2.314	7
1462	1.902	2.059	2.157	2.392	7
1463	1.902	2.157	2.765	2.49	7
1464	1.882	2.176	2.725	2.608	7
1465	1.882	1.961	2.275	2.627	7
1466	1.882	1.784	2.059	2.529	7
1467	1.941	1.961	2.176	2.353	7
1468	1.922	1.941	2.294	2.196	7
1469	1.902	1.843	2.392	2.118	7
1470	1.922	1.667	2.451	2.196	7
1471	1.922	1.49	2.392	2.471	7
1472	1.98	1.51	2.51	2.824	7
1473	2.059	1.471	2.431	2.824	7
1474	1.765	0.843	2.196	2.451	7
1475	1.882	0.902	2.255	1.902	7
1476	1.98	1.059	2.235	1.608	7
1477	1.961	0.863	1.98	1.824	7
1478	1.882	0.765	2.216	2.373	7
1479	1.882	0.706	2.353	2.706	7
1480	1.882	0.608	2.196	2.647	7
1481	1.824	0.608	2.137	2.373	7
1482	1.843	0.824	2.333	2.157	7
1483	1.882	0.941	2.451	2.039	7
1484	1.882	0.843	2.373	2.02	7
1485	1.882	0.784	2.314	2.059	7
1486	1.882	1.02	2.275	2.176	7
1487	1.843	0.961	2.353	2.373	7
1488	1.843	0.902	2.431	2.529	7
1489	1.902	0.863	2.373	2.49	7
1490	1.941	1.0	2.471	2.353	7
1491	1.863	0.804	2.373	2.196	7
1492	1.922	0.902	2.451	2.02	7
1493	2.0	1.137	2.549	1.902	7
1494	2.02	1.176	2.451	1.882	7
1495	1.98	1.118	2.294	1.922	7
1496	2.0	1.118	2.176	1.941	7
1497	1.922	1.216	2.216	2.098	7
1498	1.922	1.392	2.255	2.196	7
1499	2.0	1.529	2.137	2.02	7
1500	2.039	1.588	2.039	1.725	7
1501	1.98	1.608	2.0	1.569	7
1502	2.02	1.627	2.0	1.549	7
1503	2.02	1.745	2.0	1.647	7
1504	2.039	1.824	2.039	1.725	7
1505	2.02	1.784	2.0	1.863	7
1506	2.02	2.118	2.235	2.02	7
1507	2.196	2.02	2.0	1.843	7
1508	1.922	1.529	1.647	1.353	7
1509	2.0	1.686	1.706	0.961	7
1510	2.078	2.059	1.902	0.922	7
1511	2.039	1.98	1.784	1.196	7
1512	1.961	1.98	1.824	1.725	7
1513	1.98	2.176	1.941	2.176	7
1514	2.098	2.471	2.196	2.275	7
1515	2.235	2.667	2.255	2.02	7
1516	2.098	2.51	1.863	1.549	7
1517	1.98	2.314	1.412	1.137	7
1518	1.941	2.353	1.431	1.039	7
1519	1.98	2.392	1.608	1.333	7
1520	2.059	2.588	1.706	1.706	7
1521	2.059	2.647	1.725	1.863	7
1522	2.039	2.588	1.843	1.745	7
1523	2.078	2.608	1.824	1.529	7
1524	2.176	2.431	1.412	1.353	7
1525	1.98	1.98	0.51	1.294	7
1526	2.0	2.098	0.647	1.471	7
1527	2.02	2.471	2.02	1.843	7
1528	2.118	2.725	2.373	1.98	7
1529	2.02	2.549	1.784	1.765	7
1530	2.0	2.549	1.49	1.49	7
1531	1.961	2.569	1.51	1.471	7
1532	1.941	2.843	1.608	1.745	7
1533	1.882	3.02	1.686	2.059	7
1534	1.824	3.098	1.922	2.196	7
1535	1.98	3.255	2.137	2.235	7
1536	1.98	3.235	2.373	2.235	7
1537	2.0	3.451	2.51	2.255	7
1538	1.961	3.529	2.627	2.255	7
1539	1.882	3.49	2.725	2.314	7
1540	1.863	3.569	2.941	2.451	7
1541	1.922	3.431	2.882	2.49	7
1542	1.686	2.725	2.529	2.412	7
1543	1.882	2.824	2.725	2.471	7
1544	2.039	3.098	2.941	2.647	7
1545	1.882	3.0	2.922	2.667	7
1546	1.902	2.765	2.745	2.431	7
1547	2.0	2.51	2.569	2.059	7
1548	1.902	2.275	2.216	1.745	7
1549	1.824	2.059	1.745	1.725	7
1550	1.863	2.02	1.804	1.784	7
1551	1.922	1.882	2.0	1.882	7
1552	1.98	1.706	2.02	2.059	7
1553	1.882	1.216	1.824	2.137	7
1554	1.863	1.098	1.667	1.922	7
1555	2.039	1.039	1.255	1.471	7
1556	2.039	0.745	1.0	1.098	7
1557	1.961	0.843	1.275	1.118	7
1558	2.078	0.941	1.294	1.51	7
1559	1.824	0.412	1.353	1.98	7
1560	1.882	0.392	1.725	2.353	7
1561	2.02	0.412	1.843	2.314	7
1562	1.902	0.216	1.784	2.039	7
1563	1.941	0.392	1.843	1.784	7
1564	2.059	0.686	1.824	1.627	7
1565	1.902	0.667	1.902	1.745	7
1566	1.765	0.902	2.353	2.176	7
1567	1.843	1.098	2.529	2.608	7
1568	1.843	1.039	2.706	2.882	7
1569	1.941	1.216	2.863	2.941	7
1570	1.98	1.333	2.804	2.863	7
1571	1.824	1.294	2.882	2.706	7
1572	1.863	1.314	2.824	2.549	7
1573	1.902	1.314	2.686	2.471	7
1574	1.941	1.412	3.0	2.49	7
1575	2.078	1.627	3.196	2.569	7
1576	1.863	1.216	2.784	2.451	7
1577	1.863	1.196	2.706	2.275	7
1578	2.0	1.333	2.569	2.02	7
1579	2.059	1.314	2.431	1.902	7
1580	2.02	1.353	2.392	1.98	7
1581	2.02	1.373	2.216	2.137	7
1582	2.0	1.431	2.137	2.157	7
1583	1.941	1.51	2.157	2.059	7
1584	1.98	1.667	2.137	1.941	7
1585	2.039	1.51	2.0	1.647	7
1586	2.039	1.745	2.078	1.392	7
1587	2.059	1.863	1.843	1.392	7
1588	2.02	1.784	1.588	1.471	7
1589	2.098	1.843	1.392	1.627	7
1590	2.039	1.706	1.431	1.706	7
1591	2.0	1.745	1.882	1.745	7
1592	2.196	2.176	2.157	1.765	7
1593	2.02	1.922	1.843	1.627	7
1594	2.0	1.882	1.686	1.49	7
1595	2.039	1.922	1.49	1.49	7
1596	1.98	2.059	1.706	1.647	7
1597	1.922	2.137	1.784	1.863	7
1598	2.02	2.275	1.882	1.882	7
1599	2.176	2.373	1.922	1.765	7
1600	2.078	2.392	1.216	1.706	7
1601	1.98	2.412	0.784	1.588	7
1602	1.941	2.451	1.392	1.471	7
1603	1.863	2.706	2.0	1.51	7
1604	1.863	2.725	2.098	1.647	7
1605	1.902	2.686	1.824	1.686	7
1606	1.961	2.745	1.647	1.588	7
1607	1.941	2.471	1.216	1.412	7
1608	2.0	2.667	1.137	1.353	7
1609	2.098	3.078	1.392	1.471	7
1610	1.863	2.667	1.706	1.569	7
1611	1.863	2.686	2.02	1.686	7
1612	1.961	2.745	1.824	1.667	7
1613	1.902	2.686	1.588	1.549	7
1614	1.843	2.765	1.608	1.373	7
1615	1.922	2.922	1.765	1.314	7
1616	1.922	3.098	1.98	1.588	7
1617	1.882	3.216	2.216	2.059	7
1618	1.824	3.314	2.314	2.431	7
1619	1.843	3.255	2.392	2.569	7
1620	2.02	3.255	2.471	2.471	7
1621	1.922	3.294	2.373	2.333	7
1622	1.863	3.235	2.333	2.176	7
1623	1.843	3.059	2.608	2.176	7
1624	1.804	2.98	2.902	2.451	7
1625	1.824	2.863	3.0	2.882	7
1626	1.961	2.922	2.804	3.02	7
1627	1.745	2.392	2.314	2.824	7
1628	1.863	2.275	2.412	2.627	7
1629	1.961	2.216	2.745	2.549	7
1630	2.039	1.961	2.922	2.471	7
1631	1.98	1.569	2.294	2.373	7
1632	1.902	1.431	1.0	2.039	7
1633	1.882	1.333	1.157	1.627	7
1634	1.902	1.216	2.431	1.451	7
1635	1.922	1.216	2.471	1.725	7
1636	1.941	0.98	1.784	2.176	7
1637	1.961	0.725	1.294	2.353	7
1638	1.98	0.706	1.529	2.216	7
1639	2.098	0.882	1.765	1.882	7
1640	2.098	0.863	1.667	1.608	7
1641	1.961	0.627	1.549	1.608	7
1642	1.863	0.765	1.941	1.902	7
1643	2.098	1.02	2.294	2.294	7
1644	2.02	0.608	2.059	2.471	7
1645	2.02	0.529	2.078	2.431	7
1646	2.0	0.765	2.294	2.255	7
1647	2.039	0.922	2.49	2.216	7
1648	1.941	0.765	2.569	2.392	7
1649	1.961	0.804	2.647	2.647	7
1650	1.941	0.98	2.627	2.784	7
1651	1.98	1.216	2.765	2.882	7
1652	2.039	1.373	2.882	2.882	7
1653	2.02	1.137	2.824	2.686	7
1654	1.941	1.078	2.686	2.49	7
1655	1.941	1.0	2.353	2.275	7
1656	1.961	0.941	2.216	2.059	7
1657	1.98	0.902	2.373	1.941	7
1658	2.0	0.706	2.392	2.0	7
1659	1.98	0.706	2.392	2.118	7
1660	2.098	0.784	2.157	2.157	7
1661	1.882	0.373	1.647	1.922	7
1662	1.98	0.471	1.647	1.686	7
1663	2.039	0.902	1.784	1.627	7
1664	2.078	1.078	1.784	1.569	7
1665	2.078	0.98	1.725	1.471	7
1666	2.059	1.0	1.667	1.392	7
1667	1.922	1.157	1.647	1.333	7
1668	1.941	1.392	1.765	1.373	7
1669	2.039	1.902	1.98	1.667	7
1670	2.039	1.98	1.941	1.922	7
1671	2.0	2.098	1.941	2.039	7
1672	2.02	2.216	1.882	1.922	7
1673	2.059	2.314	1.902	1.686	7
1674	2.098	2.412	1.98	1.549	7
1675	2.078	2.471	2.137	1.569	7
1676	2.078	2.549	2.314	1.745	7
1677	2.196	2.804	2.353	1.941	7
1678	1.98	2.451	2.098	1.902	7
1679	1.941	2.431	2.02	1.784	7
1680	2.039	2.529	2.0	1.647	7
1681	2.098	2.667	2.216	1.706	7
1682	2.176	2.725	2.275	1.765	7
1683	2.118	2.765	2.02	1.765	7
1684	1.902	2.667	1.863	1.627	7
1685	2.0	2.784	1.863	1.588	7
1686	2.059	2.863	1.863	1.588	7
1687	2.02	3.0	1.98	1.647	7
1688	1.961	3.078	1.961	1.706	7
1689	1.961	3.078	1.961	1.706	7
1690	1.922	3.098	1.922	1.686	7
1691	1.902	3.196	1.98	1.765	7
1692	1.882	3.176	1.961	1.824	7
1693	2.0	3.294	2.039	1.784	7
1694	2.157	3.451	2.059	1.667	7
1695	1.863	2.941	1.725	1.51	7
1696	1.804	2.863	1.745	1.412	7
1697	1.882	3.0	1.784	1.471	7
1698	1.98	3.02	1.549	1.627	7
1699	1.961	2.863	1.608	1.725	7
1700	2.02	2.882	1.745	1.706	7
1701	1.902	2.745	1.627	1.627	7
1702	1.863	2.627	1.235	1.647	7
1703	1.863	2.471	0.725	1.647	7
1704	1.902	2.451	1.49	1.569	7
1705	1.961	2.451	1.98	1.49	7
1706	1.863	2.412	1.745	1.51	7
1707	1.882	2.255	1.216	1.49	7
1708	1.98	2.02	1.176	1.471	7
1709	1.961	1.824	1.431	1.569	7
1710	1.922	1.725	1.686	1.706	7
1711	2.059	2.039	2.02	2.0	7
1712	1.784	1.667	1.941	2.176	7
1713	1.725	1.706	2.176	2.255	7
1714	1.882	1.745	2.275	2.176	7
1715	1.961	1.686	2.275	2.039	7
1716	1.902	1.647	2.412	2.078	7
1717	1.863	1.824	2.549	2.235	7
1718	1.784	1.941	2.765	2.49	7
1719	1.843	2.0	2.961	2.627	7
1720	1.804	2.059	3.0	2.627	7
1721	1.784	1.922	2.902	2.549	7
1722	1.843	1.882	2.843	2.569	7
1723	1.824	1.961	2.902	2.647	7
1724	1.804	1.961	2.902	2.765	7
1725	1.804	1.863	2.784	2.902	7
1726	1.902	1.647	2.647	2.902	7
1727	1.902	1.471	2.647	2.804	7
1728	2.039	1.549	2.667	2.627	7
1729	1.902	1.078	2.235	2.392	7
1730	1.902	0.882	2.02	2.255	7
1731	2.0	0.902	1.922	2.235	7
1732	2.0	0.843	1.902	2.235	7
1733	2.098	0.627	1.902	2.275	7
1734	2.078	0.529	1.471	2.314	7
1735	1.98	0.51	0.941	2.216	7
1736	2.039	0.549	1.294	2.039	7
1737	2.078	0.51	1.804	1.824	7
1738	2.098	0.333	1.686	1.627	7
1739	2.137	0.353	1.451	1.549	7
1740	2.098	0.275	1.196	1.569	7
1741	2.0	0.235	1.098	1.529	7
1742	1.98	0.314	1.157	1.569	7
1743	1.922	0.255	1.294	1.784	7
1744	2.098	0.569	1.765	2.059	7
1745	2.392	0.922	2.157	2.314	7
1746	2.02	0.451	2.157	2.314	7
1747	1.784	0.471	2.255	2.118	7
1748	2.0	0.784	2.353	1.843	7
1749	2.059	0.843	2.235	1.608	7
1750	2.0	1.059	2.49	1.745	7
1751	2.0	1.392	2.667	2.137	7
1752	1.941	1.569	2.725	2.51	7
1753	1.882	1.686	2.824	2.706	7
1754	1.941	1.824	2.961	2.706	7
1755	1.922	1.98	3.02	2.608	7
1756	1.941	2.157	3.098	2.569	7
1757	1.98	2.255	3.0	2.569	7
1758	1.941	2.176	2.765	2.451	7
1759	1.922	2.118	2.667	2.235	7
1760	1.902	2.137	2.765	2.118	7
1761	2.0	2.196	2.804	2.118	7
1762	2.196	2.49	2.843	2.098	7
1763	1.941	2.078	2.49	1.941	7
1764	1.882	1.922	2.294	1.824	7
1765	1.961	2.02	2.157	1.843	7
1766	1.98	2.118	2.137	2.0	7
1767	2.039	2.039	2.078	2.098	7
1768	2.098	2.196	1.804	2.02	7
1769	1.98	2.176	1.784	1.686	7
1770	1.941	2.353	2.039	1.294	7
1771	2.0	2.431	2.098	1.255	7
1772	1.941	2.431	1.941	1.529	7
1773	2.02	2.569	1.882	1.863	7
1774	2.039	2.412	1.725	2.0	7
1775	1.961	2.49	1.765	2.078	7
1776	2.039	2.608	1.725	1.961	7
1777	2.118	2.569	1.706	1.765	7
1778	2.02	2.549	1.843	1.608	7
1779	2.118	2.686	2.0	1.608	7
1780	1.961	2.392	1.765	1.647	7
1781	1.882	2.333	1.725	1.667	7
1782	2.02	2.529	1.824	1.725	7
1783	2.059	2.588	1.843	1.804	7
1784	2.059	2.373	1.784	1.824	7
1785	2.039	2.392	1.647	1.784	7
1786	2.078	2.412	1.431	1.647	7
1787	2.059	2.471	1.353	1.549	7
1788	1.961	2.51	1.51	1.569	7
1789	1.98	2.431	1.725	1.608	7
1790	2.0	2.314	1.725	1.588	7
1791	1.98	2.235	1.529	1.608	7
1792	1.98	2.196	1.314	1.549	7
1793	2.059	2.176	1.333	1.471	7
1794	2.0	2.137	1.373	1.471	7
1795	1.98	2.118	1.569	1.51	7
1796	2.157	2.451	1.863	1.667	7
1797	1.941	2.098	1.667	1.706	7
1798	1.863	1.882	1.647	1.765	7
1799	1.98	2.039	1.804	1.882	7
1800	1.961	2.275	1.98	2.0	7
1801	1.941	2.353	1.98	1.922	7
1802	1.882	2.471	2.216	1.882	7
1803	1.882	2.686	2.294	1.902	7
1804	1.882	2.745	2.353	1.961	7
1805	1.941	2.725	2.275	2.137	7
1806	1.824	2.706	2.294	2.353	7
1807	1.784	2.784	2.431	2.549	7
1808	1.824	2.745	2.529	2.588	7
1809	1.863	2.961	2.647	2.431	7
1810	1.863	2.902	2.471	2.216	7
1811	1.843	2.569	2.451	2.098	7
1812	1.882	2.333	2.549	2.176	7
1813	2.118	2.51	2.451	2.314	7
1814	1.882	2.059	1.588	2.412	7
1815	1.765	1.863	1.784	2.431	7
1816	1.922	1.902	2.157	2.314	7
1817	1.98	1.765	2.314	2.118	7
1818	1.98	1.627	2.216	1.902	7
1819	1.961	1.49	1.902	1.804	7
1820	1.882	1.333	1.725	1.882	7
1821	1.863	1.49	1.824	2.059	7
1822	1.941	1.529	1.784	2.118	7
1823	1.98	1.353	1.725	2.039	7
1824	1.843	1.49	1.863	1.941	7
1825	1.941	1.353	1.863	1.922	7
1826	1.902	1.157	1.863	1.902	7
1827	1.804	1.176	1.98	1.902	7
1828	1.922	1.216	2.098	1.941	7
1829	2.0	1.157	2.275	2.02	7
1830	2.118	1.333	2.49	2.216	7
1831	1.824	0.902	2.118	2.373	7
1832	1.725	0.745	2.02	2.333	7
1833	1.961	0.902	2.216	2.118	7
1834	2.02	0.941	2.373	2.0	7
1835	1.882	0.882	2.353	2.059	7
1836	1.882	0.902	2.255	2.118	7
1837	1.941	0.961	2.255	2.137	7
1838	1.961	1.118	2.353	2.157	7
1839	1.902	1.059	2.353	2.196	7
1840	1.902	1.118	2.333	2.255	7
1841	1.882	1.157	2.333	2.255	7
1842	1.922	1.294	2.353	2.294	7
1843	1.922	1.373	2.412	2.255	7
1844	1.98	1.353	2.255	2.059	7
1845	1.961	1.275	1.98	1.882	7
1846	1.902	1.157	2.039	1.725	7
1847	2.078	1.49	2.353	1.725	7
1848	1.941	1.216	2.098	1.765	7
1849	1.843	1.294	2.039	1.882	7
1850	2.02	1.49	2.02	1.922	7
1851	2.098	1.588	2.02	1.863	7
1852	2.0	1.686	2.059	1.784	7
1853	1.961	1.706	2.078	1.667	7
1854	1.941	1.725	2.02	1.431	7
1855	1.961	1.941	2.078	1.314	7
1856	2.02	2.0	1.98	1.412	7
1857	1.98	2.059	1.902	1.667	7
1858	2.0	2.098	1.824	1.98	7
1859	1.961	2.235	2.0	2.235	7
1860	1.961	2.431	2.118	2.216	7
1861	2.0	2.549	2.157	1.941	7
1862	1.961	2.275	2.039	1.569	7
1863	2.118	2.314	2.039	1.314	7
1864	2.314	2.49	2.098	1.353	7
1865	1.98	2.118	1.745	1.569	7
1866	1.804	2.157	1.804	1.765	7
1867	1.98	2.373	2.176	1.902	7
1868	2.059	2.294	2.176	1.843	7
1869	2.02	2.078	1.902	1.627	7
1870	1.98	2.137	1.725	1.431	7
1871	1.961	2.216	1.784	1.431	7
1872	1.98	2.294	2.0	1.706	7
1873	2.078	2.569	2.176	2.039	7
1874	2.157	2.451	1.902	2.118	7
1875	1.98	2.275	1.725	1.922	7
1876	1.922	2.294	1.647	1.725	7
1877	1.961	2.451	1.608	1.569	7
1878	2.059	2.49	1.863	1.51	7
1879	2.098	2.196	1.667	1.529	7
1880	2.098	2.059	1.725	1.647	7
1881	2.216	2.353	1.961	1.863	7
1882	2.039	2.0	1.667	2.0	7
1883	1.922	1.863	1.529	2.098	7
1884	2.078	2.098	1.706	2.176	7
1885	2.176	2.255	1.804	2.137	7
1886	2.078	2.235	1.922	2.098	7
1887	2.059	2.333	1.98	2.098	7
1888	2.059	2.275	2.02	2.078	7
1889	2.078	2.373	2.118	2.118	7
1890	2.059	2.49	2.196	2.137	7
1891	1.98	2.569	2.176	2.157	7
1892	1.922	2.529	2.157	2.157	7
1893	1.902	2.686	2.275	2.157	7
1894	2.0	2.804	2.353	2.157	7
1895	2.059	2.804	2.451	2.176	7
1896	1.941	2.784	2.588	2.294	7
1897	1.922	2.667	2.529	2.333	7
1898	2.059	2.843	2.627	2.373	7
1899	1.961	2.549	2.49	2.294	7
1900	1.824	2.314	2.314	2.157	7
1901	1.882	2.314	2.373	2.059	7
1902	1.98	2.294	2.569	2.039	7
1903	2.02	2.176	2.294	2.059	7
1904	1.922	2.0	1.569	2.0	7
1905	1.882	1.824	1.412	1.863	7
1906	1.922	1.686	2.059	1.725	7
1907	1.902	1.588	2.392	1.706	7
1908	1.882	1.392	2.059	1.745	7
1909	1.902	1.275	1.588	1.765	7
1910	1.961	1.333	1.49	1.706	7
1911	1.98	1.294	1.392	1.549	7
1912	1.922	1.176	1.373	1.431	7
1913	1.843	0.98	1.49	1.529	7
1914	1.863	0.922	1.725	1.843	7
1915	2.059	1.157	2.157	2.118	7
1916	2.0	0.98	1.961	2.078	7
1917	1.804	0.882	1.98	1.863	7
1918	1.882	1.118	2.137	1.765	7
1919	1.922	1.176	2.157	1.843	7
1920	1.922	1.333	2.216	2.078	7
1921	1.882	1.412	2.255	2.216	7
1922	1.843	1.333	2.431	2.157	7
1923	1.922	1.667	2.667	2.196	7
1924	1.941	1.922	2.745	2.373	7
1925	1.843	1.902	2.706	2.549	7
1926	1.824	1.961	2.765	2.647	7
1927	1.824	1.843	2.667	2.608	7
1928	1.824	1.745	2.353	2.451	7
1929	1.941	1.824	2.137	2.196	7
1930	1.922	1.784	2.373	1.98	7
1931	1.902	1.667	2.51	1.941	7
1932	2.118	1.863	2.667	2.118	7
1933	2.039	1.451	2.235	2.176	7
1934	1.941	1.196	1.843	1.98	7
1935	1.961	1.255	1.765	1.627	7
1936	2.0	1.235	1.765	1.431	7
1937	1.98	1.235	1.784	1.549	7
1938	1.961	1.471	1.804	1.863	7
1939	1.98	1.549	1.745	2.059	7
1940	2.039	1.608	1.843	2.078	7
1941	2.059	1.824	2.02	2.059	7
1942	2.0	1.765	1.902	1.824	7
1943	1.98	1.745	1.882	1.529	7
1944	2.039	1.863	1.941	1.49	7
1945	1.961	2.02	1.961	1.725	7
1946	1.941	2.137	1.941	2.02	7
1947	2.02	2.157	1.902	2.216	7
1948	2.059	2.098	1.941	2.314	7
1949	2.176	2.392	2.314	2.275	7
1950	1.961	2.196	2.275	2.118	7
1951	1.882	2.157	2.235	2.0	7
1952	2.02	2.255	2.196	2.0	7
1953	2.059	2.216	2.216	2.059	7
1954	1.98	2.118	2.176	2.059	7
1955	2.02	2.235	2.176	2.039	7
1956	2.02	2.176	1.98	1.922	7
1957	1.922	2.078	1.922	1.902	7
1958	2.0	2.275	1.843	1.882	7
1959	1.98	2.353	1.784	1.902	7
1960	1.961	2.353	1.98	1.902	7
1961	2.0	2.294	1.98	1.843	7
1962	2.02	2.235	1.51	1.784	7
1963	2.02	2.157	1.275	1.745	7
1964	1.98	2.039	1.588	1.706	7
1965	1.961	1.941	1.667	1.588	7
1966	2.157	2.392	1.863	1.49	7
1967	2.098	2.216	1.608	1.471	7
1968	1.863	1.902	1.49	1.627	7
1969	1.961	2.118	1.725	1.941	7
1970	2.039	2.294	1.725	2.0	7
1971	2.02	2.235	1.667	1.843	7
1972	1.961	2.412	1.843	1.608	7
1973	2.0	2.353	1.961	1.451	7
1974	1.961	2.412	2.02	1.588	7
1975	1.882	2.51	2.0	1.882	7
1976	1.941	2.706	2.137	2.176	7
1977	1.922	2.627	2.196	2.235	7
1978	1.902	2.51	2.216	2.078	7
1979	1.941	2.588	2.118	1.804	7
1980	2.0	2.569	1.98	1.667	7
1981	1.863	2.333	2.157	1.863	7
1982	1.843	2.137	2.078	2.235	7
1983	2.157	2.333	1.922	2.412	7
1984	2.039	2.059	2.059	2.118	7
1985	1.902	1.784	2.216	1.784	7
1986	1.941	1.608	1.98	1.608	7
1987	1.922	1.314	1.569	1.647	7
1988	1.941	1.118	1.314	1.765	7
1989	2.039	1.176	1.294	1.784	7
1990	2.039	1.137	1.569	1.725	7
1991	1.922	1.294	1.745	1.706	7
1992	1.902	1.294	1.569	1.745	7
1993	1.98	1.255	1.667	1.804	7
1994	1.98	1.137	1.941	1.922	7
1995	1.922	1.157	2.039	2.098	7
1996	1.941	1.235	2.078	2.137	7
1997	1.941	1.314	1.902	2.0	7
1998	1.941	1.137	1.941	1.843	7
1999	1.941	1.098	2.235	1.882	7
